0.00, 0.00, 0.40, 0.00 , -7.803543E-011, -5.670360E-012, -2.257533E-011, -9.629730E-014, 2.150400E+004 1.570926E+074 2.150400E+004, Mon Aug 31 02:10:45 2015
0.05, 0.00, 0.40, 0.00 , 1.033416E-009, -1.101440E-009, -4.254109E-012, -9.722710E-014, 2.150400E+004 1.570926E+074 2.150400E+004, Mon Aug 31 02:10:51 2015
0.10, 0.00, 0.40, 0.00 , 1.240134E-009, -1.294190E-009, -4.052097E-011, -9.078980E-014, 2.150400E+004 1.570926E+074 2.150400E+004, Mon Aug 31 02:10:55 2015
0.15, 0.00, 0.40, 0.00 , 1.287647E-009, -1.335120E-009, -3.066761E-011, -9.419920E-014, 2.150400E+004 1.570926E+074 2.150400E+004, Mon Aug 31 02:10:58 2015
0.20, 0.00, 0.40, 0.00 , 1.317943E-009, -1.352870E-009, -9.033556E-012, -9.990930E-014, 2.150400E+004 1.570926E+074 2.150400E+004, Mon Aug 31 02:11:02 2015
0.25, 0.00, 0.40, 0.00 , 1.333895E-009, -1.360100E-009, -1.284873E-011, -8.934740E-014, 2.150400E+004 1.570926E+074 2.150400E+004, Mon Aug 31 02:11:06 2015
0.30, 0.00, 0.40, 0.00 , 1.364149E-009, -1.372840E-009, -6.224583E-012, -9.030100E-014, 2.150400E+004 1.570926E+074 2.150400E+004, Mon Aug 31 02:11:09 2015
0.35, 0.00, 0.40, 0.00 , 1.367144E-009, -1.383090E-009, -3.305757E-011, -1.006840E-013, 2.150400E+004 1.570926E+074 2.150400E+004, Mon Aug 31 02:11:13 2015
0.40, 0.00, 0.40, 0.00 , 1.380605E-009, -1.387330E-009, -2.521681E-011, -8.214710E-014, 2.150400E+004 1.570926E+074 2.150400E+004, Mon Aug 31 02:11:16 2015
0.45, 0.00, 0.40, 0.00 , 1.396807E-009, -1.390470E-009, -4.018553E-011, -8.442400E-014, 2.150400E+004 1.570926E+074 2.150400E+004, Mon Aug 31 02:11:20 2015
0.50, 0.00, 0.40, 0.00 , 1.408032E-009, -1.398730E-009, -1.423225E-011, -9.273290E-014, 2.150400E+004 1.570926E+074 2.150400E+004, Mon Aug 31 02:11:24 2015
0.55, 0.00, 0.40, 0.00 , 1.418539E-009, -1.409670E-009, -3.469280E-011, -6.936790E-014, 2.150400E+004 1.570926E+074 2.150400E+004, Mon Aug 31 02:11:27 2015
0.60, 0.00, 0.40, 0.00 , 1.433645E-009, -1.412310E-009, -5.569933E-011, -1.065850E-013, 2.150400E+004 1.570926E+074 2.150400E+004, Mon Aug 31 02:11:31 2015
0.65, 0.00, 0.40, 0.00 , 1.444911E-009, -1.415500E-009, -3.200935E-011, -1.009350E-013, 2.150400E+004 1.570926E+074 2.150400E+004, Mon Aug 31 02:11:35 2015
0.70, 0.00, 0.40, 0.00 , 1.456938E-009, -1.424210E-009, -1.263911E-011, -9.233950E-014, 2.150400E+004 1.570926E+074 2.150400E+004, Mon Aug 31 02:11:38 2015
0.75, 0.00, 0.40, 0.00 , 1.456725E-009, -1.424780E-009, -4.068868E-011, -7.753370E-014, 2.150400E+004 1.570926E+074 2.150400E+004, Mon Aug 31 02:11:42 2015
0.80, 0.00, 0.40, 0.00 , 1.475335E-009, -1.436120E-009, -4.731349E-011, -7.371900E-014, 2.150400E+004 1.570926E+074 2.150400E+004, Mon Aug 31 02:11:46 2015
0.85, 0.00, 0.40, 0.00 , 1.480651E-009, -1.438350E-009, -2.551032E-011, -7.320640E-014, 2.150400E+004 1.570926E+074 2.150400E+004, Mon Aug 31 02:11:49 2015
0.90, 0.00, 0.40, 0.00 , 1.492845E-009, -1.438250E-009, -4.224006E-011, -9.981390E-014, 2.150400E+004 1.570926E+074 2.150400E+004, Mon Aug 31 02:11:53 2015
0.95, 0.00, 0.40, 0.00 , 1.498712E-009, -1.439010E-009, -2.651662E-011, -8.316040E-014, 2.150400E+004 1.570926E+074 2.150400E+004, Mon Aug 31 02:11:56 2015
1.00, 0.00, 0.40, 0.00 , 1.502256E-009, -1.446040E-009, -4.274323E-011, -9.005070E-014, 2.150400E+004 1.570926E+074 2.150400E+004, Mon Aug 31 02:12:00 2015
1.05, 0.00, 0.40, 0.00 , 1.520485E-009, -1.449000E-009, -5.091940E-011, -9.733440E-014, 2.150400E+004 1.570926E+074 2.150400E+004, Mon Aug 31 02:12:04 2015
1.10, 0.00, 0.40, 0.00 , 1.524493E-009, -1.455380E-009, -5.079361E-011, -9.000300E-014, 2.150400E+004 1.570926E+074 2.150400E+004, Mon Aug 31 02:12:07 2015
1.15, 0.00, 0.40, 0.00 , 1.533440E-009, -1.459400E-009, -1.846668E-011, -8.968120E-014, 2.150400E+004 1.570926E+074 2.150400E+004, Mon Aug 31 02:12:11 2015
1.20, 0.00, 0.40, 0.00 , 1.536266E-009, -1.458590E-009, -2.815186E-011, -7.598400E-014, 2.150400E+004 1.570926E+074 2.150400E+004, Mon Aug 31 02:12:15 2015
1.25, 0.00, 0.40, 0.00 , 1.544156E-009, -1.463170E-009, -1.087825E-011, -1.119730E-013, 2.150400E+004 1.570926E+074 2.150400E+004, Mon Aug 31 02:12:18 2015
1.30, 0.00, 0.40, 0.00 , 1.561457E-009, -1.471990E-009, -2.085640E-011, -9.125470E-014, 2.150400E+004 1.570926E+074 2.150400E+004, Mon Aug 31 02:12:22 2015
1.35, 0.00, 0.40, 0.00 , 1.571121E-009, -1.486260E-009, -3.280599E-011, -8.249280E-014, 2.150400E+004 1.570926E+074 2.150400E+004, Mon Aug 31 02:12:25 2015
1.40, 0.00, 0.40, 0.00 , 1.574538E-009, -1.485570E-009, -3.783749E-011, -7.520910E-014, 2.150400E+004 1.570926E+074 2.150400E+004, Mon Aug 31 02:12:29 2015
1.45, 0.00, 0.40, 0.00 , 1.594707E-009, -1.494900E-009, -3.347686E-011, -1.072650E-013, 2.150400E+004 1.570926E+074 2.150400E+004, Mon Aug 31 02:12:33 2015
1.50, 0.00, 0.40, 0.00 , 1.603149E-009, -1.500360E-009, -1.800551E-011, -8.560420E-014, 2.150400E+004 1.570926E+074 2.150400E+004, Mon Aug 31 02:12:36 2015
1.55, 0.00, 0.40, 0.00 , 1.605848E-009, -1.503450E-009, -3.611839E-011, -1.150970E-013, 2.150400E+004 1.570926E+074 2.150400E+004, Mon Aug 31 02:12:40 2015
1.60, 0.00, 0.40, 0.00 , 1.639521E-009, -1.518730E-009, -4.286898E-011, -8.432870E-014, 2.150400E+004 1.570926E+074 2.150400E+004, Mon Aug 31 02:12:44 2015
1.65, 0.00, 0.40, 0.00 , 1.637917E-009, -1.519240E-009, -2.752292E-011, -9.453300E-014, 2.150400E+004 1.570926E+074 2.150400E+004, Mon Aug 31 02:12:47 2015
1.70, 0.00, 0.40, 0.00 , 1.647031E-009, -1.534480E-009, -1.876015E-011, -9.258990E-014, 2.150400E+004 1.570926E+074 2.150400E+004, Mon Aug 31 02:12:51 2015
1.75, 0.00, 0.40, 0.00 , 1.660619E-009, -1.536740E-009, -3.951466E-011, -1.028300E-013, 2.150400E+004 1.570926E+074 2.150400E+004, Mon Aug 31 02:12:55 2015
1.80, 0.00, 0.40, 0.00 , 1.673404E-009, -1.548550E-009, -2.601347E-011, -9.623770E-014, 2.150400E+004 1.570926E+074 2.150400E+004, Mon Aug 31 02:12:58 2015
1.85, 0.00, 0.40, 0.00 , 1.694079E-009, -1.551960E-009, -4.324635E-011, -8.330350E-014, 2.150400E+004 1.570926E+074 2.150400E+004, Mon Aug 31 02:13:02 2015
1.90, 0.00, 0.40, 0.00 , 1.694796E-009, -1.559130E-009, -2.739713E-011, -9.356740E-014, 2.150400E+004 1.570926E+074 2.150400E+004, Mon Aug 31 02:13:05 2015
1.95, 0.00, 0.40, 0.00 , 1.697413E-009, -1.558750E-009, -4.601368E-011, -9.346010E-014, 2.150400E+004 1.570926E+074 2.150400E+004, Mon Aug 31 02:13:09 2015
2.00, 0.00, 0.40, 0.00 , 1.715515E-009, -1.576560E-009, -3.427351E-011, -1.058220E-013, 2.150400E+004 1.570926E+074 2.150400E+004, Mon Aug 31 02:13:13 2015
