1.80, 0.00, 0.00, 0.00 , 1.272549E-010, 8.902550E-014, -7.058414E-011, -1.055600E-013, 2.150400E+004 1.570926E+074 2.150400E+004, Mon Aug 31 01:54:16 2015
1.80, 0.00, 0.02, 0.00 , 1.210099E-010, 5.227330E-014, -5.746032E-011, -9.895560E-014, 2.150400E+004 1.570926E+074 2.150400E+004, Mon Aug 31 01:54:23 2015
1.80, 0.00, 0.04, 0.00 , 1.187735E-010, -4.814860E-014, -3.892764E-011, -7.286070E-014, 2.150400E+004 1.570926E+074 2.150400E+004, Mon Aug 31 01:54:29 2015
1.80, 0.00, 0.06, 0.00 , 1.121909E-010, -7.406470E-014, -3.972429E-011, -8.468630E-014, 2.150400E+004 1.570926E+074 2.150400E+004, Mon Aug 31 01:54:40 2015
1.80, 0.00, 0.08, 0.00 , 1.085621E-010, -1.232980E-013, -5.242882E-011, -8.152720E-014, 2.150400E+004 1.570926E+074 2.150400E+004, Mon Aug 31 01:54:46 2015
1.80, 0.00, 0.10, 0.00 , 1.063679E-010, -1.559970E-013, -4.731347E-011, -8.593800E-014, 2.150400E+004 1.570926E+074 2.150400E+004, Mon Aug 31 01:54:51 2015
1.80, 0.00, 0.12, 0.00 , 1.058615E-010, -1.808170E-013, -4.022744E-011, -9.112360E-014, 2.150400E+004 1.570926E+074 2.150400E+004, Mon Aug 31 01:54:57 2015
1.80, 0.00, 0.14, 0.00 , 1.073806E-010, -3.545760E-013, -3.599260E-011, -8.713010E-014, 2.150400E+004 1.570926E+074 2.150400E+004, Mon Aug 31 01:55:02 2015
1.80, 0.00, 0.16, 0.00 , 1.003761E-010, -4.541040E-013, -3.175776E-011, -7.122750E-014, 2.150400E+004 1.570926E+074 2.150400E+004, Mon Aug 31 01:55:11 2015
1.80, 0.00, 0.18, 0.00 , 1.005870E-010, -8.124710E-013, -4.911641E-011, -6.995200E-014, 2.150400E+004 1.570926E+074 2.150400E+004, Mon Aug 31 01:55:18 2015
1.80, 0.00, 0.20, 0.00 , 1.003760E-010, -1.352700E-012, -5.008079E-011, -9.202960E-014, 2.150400E+004 1.570926E+074 2.150400E+004, Mon Aug 31 01:55:25 2015
1.80, 0.00, 0.22, 0.00 , 9.413106E-011, -2.637580E-012, -3.687310E-011, -7.606740E-014, 2.150400E+004 1.570926E+074 2.150400E+004, Mon Aug 31 01:55:40 2015
1.80, 0.00, 0.24, 0.00 , 9.771770E-011, -5.203000E-012, -5.150638E-011, -9.903910E-014, 2.150400E+004 1.570926E+074 2.150400E+004, Mon Aug 31 01:55:47 2015
1.80, 0.00, 0.26, 0.00 , 1.026547E-010, -1.037140E-011, -5.469300E-011, -8.879900E-014, 2.150400E+004 1.570926E+074 2.150400E+004, Mon Aug 31 01:55:54 2015
1.80, 0.00, 0.28, 0.00 , 1.094904E-010, -2.115460E-011, -2.714555E-011, -1.006360E-013, 2.150400E+004 1.570926E+074 2.150400E+004, Mon Aug 31 01:56:02 2015
1.80, 0.00, 0.30, 0.00 , 1.322762E-010, -4.308730E-011, -3.993394E-011, -1.036640E-013, 2.150400E+004 1.570926E+074 2.150400E+004, Mon Aug 31 01:56:07 2015
1.80, 0.00, 0.32, 0.00 , 1.767087E-010, -8.817570E-011, -2.886465E-011, -9.223220E-014, 2.150400E+004 1.570926E+074 2.150400E+004, Mon Aug 31 01:56:14 2015
1.80, 0.00, 0.34, 0.00 , 2.648142E-010, -1.809330E-010, -2.358158E-011, -6.027220E-014, 2.150400E+004 1.570926E+074 2.150400E+004, Mon Aug 31 01:56:24 2015
1.80, 0.00, 0.36, 0.00 , 4.563000E-010, -3.701030E-010, -1.716701E-011, -8.558040E-014, 2.150400E+004 1.570926E+074 2.150400E+004, Mon Aug 31 01:56:28 2015
1.80, 0.00, 0.38, 0.00 , 8.510016E-010, -7.613380E-010, -1.154908E-011, -8.440020E-014, 2.150400E+004 1.570926E+074 2.150400E+004, Mon Aug 31 01:56:32 2015
1.80, 0.00, 0.40, 0.00 , 1.620236E-009, -1.544930E-009, -3.502823E-011, -7.991790E-014, 2.150400E+004 1.570926E+074 2.150400E+004, Mon Aug 31 01:56:37 2015
1.80, 0.00, 0.42, 0.00 , 3.160478E-009, -3.071660E-009, -2.408473E-011, -8.381610E-014, 2.150400E+004 1.570926E+074 2.150400E+004, Mon Aug 31 01:56:41 2015
1.80, 0.00, 0.44, 0.00 , 6.106522E-009, -6.034440E-009, -3.288984E-011, -1.113770E-013, 2.150400E+004 1.570926E+074 2.150400E+004, Mon Aug 31 01:56:46 2015
1.80, 0.00, 0.46, 0.00 , 1.166319E-008, -1.150790E-008, -1.553194E-011, -7.644890E-014, 2.150400E+004 1.570926E+074 2.150400E+004, Mon Aug 31 01:56:50 2015
1.80, 0.00, 0.48, 0.00 , 2.144991E-008, -2.132970E-008, -8.027383E-012, -1.002910E-013, 2.150400E+004 1.570926E+074 2.150400E+004, Mon Aug 31 01:56:54 2015
1.80, 0.00, 0.50, 0.00 , 3.824790E-008, -3.802540E-008, -3.481859E-011, -7.981060E-014, 2.150400E+004 1.570926E+074 2.150400E+004, Mon Aug 31 01:56:57 2015
1.80, 0.00, 0.52, 0.00 , 6.530630E-008, -6.518610E-008, -4.002590E-012, -7.736680E-014, 2.150400E+004 1.570926E+074 2.150400E+004, Mon Aug 31 01:57:01 2015
1.80, 0.00, 0.54, 0.00 , 1.076310E-007, -1.075340E-007, -5.302248E-012, -6.867650E-014, 2.150400E+004 1.570926E+074 2.150400E+004, Mon Aug 31 01:57:04 2015
1.80, 0.00, 0.56, 0.00 , 1.709672E-007, -1.706730E-007, -1.686983E-010, -8.616450E-014, 2.150400E+004 1.570926E+074 2.150400E+004, Mon Aug 31 01:57:08 2015
1.80, 0.00, 0.58, 0.00 , 2.622139E-007, -2.623030E-007, -8.162863E-013, -8.542540E-014, 2.150400E+004 1.570926E+074 2.150400E+004, Mon Aug 31 01:57:12 2015
1.80, 0.00, 0.60, 0.00 , 3.886576E-007, -3.883860E-007, -3.087725E-011, -1.003860E-013, 2.150400E+004 1.570926E+074 2.150400E+004, Mon Aug 31 01:57:15 2015
1.80, 0.00, 0.62, 0.00 , 5.634065E-007, -5.619960E-007, -2.270110E-011, -9.816880E-014, 2.150400E+004 1.570926E+074 2.150400E+004, Mon Aug 31 01:57:19 2015
1.80, 0.00, 0.64, 0.00 , 7.893531E-007, -7.894530E-007, 8.826443E-012, -9.027720E-014, 2.150400E+004 1.570926E+074 2.150400E+004, Mon Aug 31 01:57:22 2015
1.80, 0.00, 0.66, 0.00 , 1.081609E-006, -1.080070E-006, -2.601347E-011, -8.838180E-014, 2.150400E+004 1.570926E+074 2.150400E+004, Mon Aug 31 01:57:26 2015
1.80, 0.00, 0.68, 0.00 , 1.443014E-006, -1.442340E-006, -2.605540E-011, -8.300540E-014, 2.150400E+004 1.570926E+074 2.150400E+004, Mon Aug 31 01:57:29 2015
1.80, 0.00, 0.70, 0.00 , 1.886517E-006, -1.886590E-006, -1.532232E-011, -8.565190E-014, 2.150400E+004 1.570926E+074 2.150400E+004, Mon Aug 31 01:57:33 2015
1.80, 0.00, 0.72, 0.00 , 2.412622E-006, -2.412890E-006, -4.379896E-012, -8.587840E-014, 2.150400E+004 1.570926E+074 2.150400E+004, Mon Aug 31 01:57:37 2015
1.80, 0.00, 0.74, 0.00 , 3.031435E-006, -3.030540E-006, -1.398072E-011, -7.638930E-014, 2.150400E+004 1.570926E+074 2.150400E+004, Mon Aug 31 01:57:40 2015
1.80, 0.00, 0.76, 0.00 , 3.748608E-006, -3.748540E-006, -6.643866E-012, -8.215900E-014, 2.150400E+004 1.570926E+074 2.150400E+004, Mon Aug 31 01:57:44 2015
1.80, 0.00, 0.78, 0.00 , 4.568160E-006, -4.571030E-006, -5.569930E-011, -9.075400E-014, 2.150400E+004 1.570926E+074 2.150400E+004, Mon Aug 31 01:57:47 2015
1.80, 0.00, 0.80, 0.00 , 5.492971E-006, -5.494140E-006, -1.196832E-011, -1.109600E-013, 2.150400E+004 1.570926E+074 2.150400E+004, Mon Aug 31 01:57:51 2015
1.80, 0.00, 0.82, 0.00 , 6.532511E-006, -6.531310E-006, -1.662199E-011, -9.152890E-014, 2.150400E+004 1.570926E+074 2.150400E+004, Mon Aug 31 01:57:54 2015
1.80, 0.00, 0.84, 0.00 , 7.674655E-006, -7.673680E-006, -1.154907E-011, -7.288460E-014, 2.150400E+004 1.570926E+074 2.150400E+004, Mon Aug 31 01:57:58 2015
1.80, 0.00, 0.86, 0.00 , 8.919657E-006, -8.918280E-006, -2.996386E-012, -6.692410E-014, 2.150400E+004 1.570926E+074 2.150400E+004, Mon Aug 31 01:58:01 2015
1.80, 0.00, 0.88, 0.00 , 1.027952E-005, -1.028520E-005, -2.325577E-012, -8.226630E-014, 2.150400E+004 1.570926E+074 2.150400E+004, Mon Aug 31 01:58:05 2015
1.80, 0.00, 0.90, 0.00 , 1.174885E-005, -1.175340E-005, -5.452529E-011, -9.639260E-014, 2.150400E+004 1.570926E+074 2.150400E+004, Mon Aug 31 01:58:09 2015
1.80, 0.00, 0.92, 0.00 , 1.333360E-005, -1.334240E-005, -2.517488E-011, -1.022700E-013, 2.150400E+004 1.570926E+074 2.150400E+004, Mon Aug 31 01:58:12 2015
1.80, 0.00, 0.94, 0.00 , 1.502980E-005, -1.503010E-005, -3.583335E-012, -7.318260E-014, 2.150400E+004 1.570926E+074 2.150400E+004, Mon Aug 31 01:58:16 2015
1.80, 0.00, 0.96, 0.00 , 1.683245E-005, -1.683420E-005, 1.033575E-011, -7.950070E-014, 2.150400E+004 1.570926E+074 2.150400E+004, Mon Aug 31 01:58:19 2015
1.80, 0.00, 0.98, 0.00 , 1.875822E-005, -1.876150E-005, -2.571996E-011, -7.405280E-014, 2.150400E+004 1.570926E+074 2.150400E+004, Mon Aug 31 01:58:23 2015
1.80, 0.00, 1.00, 0.00 , 2.078080E-005, -2.078370E-005, -6.476156E-012, -8.109810E-014, 2.150400E+004 1.570926E+074 2.150400E+004, Mon Aug 31 01:58:26 2015
1.80, 0.00, 1.02, 0.00 , 2.291472E-005, -2.292100E-005, -1.926326E-011, -1.012440E-013, 2.150400E+004 1.570926E+074 2.150400E+004, Mon Aug 31 01:58:30 2015
1.80, 0.00, 1.04, 0.00 , 2.515884E-005, -2.516050E-005, -1.263912E-011, -8.646250E-014, 2.150400E+004 1.570926E+074 2.150400E+004, Mon Aug 31 01:58:33 2015
1.80, 0.00, 1.06, 0.00 , 2.750279E-005, -2.750550E-005, -6.937327E-012, -6.767510E-014, 2.150400E+004 1.570926E+074 2.150400E+004, Mon Aug 31 01:58:37 2015
1.80, 0.00, 1.08, 0.00 , 2.997022E-005, -2.996900E-005, 2.706381E-011, -1.110320E-013, 2.150400E+004 1.570926E+074 2.150400E+004, Mon Aug 31 01:58:41 2015
1.80, 0.00, 1.10, 0.00 , 3.251848E-005, -3.251900E-005, -1.439997E-011, -7.921460E-014, 2.150400E+004 1.570926E+074 2.150400E+004, Mon Aug 31 01:58:44 2015
1.80, 0.00, 1.12, 0.00 , 3.518158E-005, -3.517870E-005, -2.232378E-011, -9.824040E-014, 2.150400E+004 1.570926E+074 2.150400E+004, Mon Aug 31 01:58:48 2015
1.80, 0.00, 1.14, 0.00 , 3.793281E-005, -3.793740E-005, -2.907429E-011, -1.060130E-013, 2.150400E+004 1.570926E+074 2.150400E+004, Mon Aug 31 01:58:51 2015
1.80, 0.00, 1.16, 0.00 , 4.078758E-005, -4.078830E-005, 1.238043E-012, -8.071660E-014, 2.150400E+004 1.570926E+074 2.150400E+004, Mon Aug 31 01:58:55 2015
1.80, 0.00, 1.18, 0.00 , 4.374083E-005, -4.373240E-005, -1.184255E-011, -8.836980E-014, 2.150400E+004 1.570926E+074 2.150400E+004, Mon Aug 31 01:58:58 2015
1.80, 0.00, 1.20, 0.00 , 4.677618E-005, -4.677280E-005, -1.922133E-011, -7.863040E-014, 2.150400E+004 1.570926E+074 2.150400E+004, Mon Aug 31 01:59:02 2015
1.80, 0.00, 1.22, 0.00 , 4.990473E-005, -4.990570E-005, -1.087827E-011, -8.091930E-014, 2.150400E+004 1.570926E+074 2.150400E+004, Mon Aug 31 01:59:05 2015
1.80, 0.00, 1.24, 0.00 , 5.315475E-005, -5.314770E-005, -1.452574E-011, -1.026270E-013, 2.150400E+004 1.570926E+074 2.150400E+004, Mon Aug 31 01:59:09 2015
1.80, 0.00, 1.26, 0.00 , 5.646436E-005, -5.645930E-005, 7.862190E-012, -7.787940E-014, 2.150400E+004 1.570926E+074 2.150400E+004, Mon Aug 31 01:59:12 2015
1.80, 0.00, 1.28, 0.00 , 5.988888E-005, -5.988750E-005, 5.346678E-012, -7.829670E-014, 2.150400E+004 1.570926E+074 2.150400E+004, Mon Aug 31 01:59:16 2015
1.80, 0.00, 1.30, 0.00 , 6.340117E-005, -6.338620E-005, 1.394129E-011, -7.445810E-014, 2.150400E+004 1.570926E+074 2.150400E+004, Mon Aug 31 01:59:20 2015
1.80, 0.00, 1.32, 0.00 , 6.697945E-005, -6.697330E-005, -2.451352E-012, -9.716750E-014, 2.150400E+004 1.570926E+074 2.150400E+004, Mon Aug 31 01:59:23 2015
1.80, 0.00, 1.34, 0.00 , 7.065594E-005, -7.064460E-005, -3.551100E-013, -8.451940E-014, 2.150400E+004 1.570926E+074 2.150400E+004, Mon Aug 31 01:59:27 2015
1.80, 0.00, 1.36, 0.00 , 7.440885E-005, -7.439210E-005, 1.028405E-012, -9.033680E-014, 2.150400E+004 1.570926E+074 2.150400E+004, Mon Aug 31 01:59:30 2015
1.80, 0.00, 1.38, 0.00 , 7.823558E-005, -7.822630E-005, 6.091672E-013, -8.121730E-014, 2.150400E+004 1.570926E+074 2.150400E+004, Mon Aug 31 01:59:34 2015
1.80, 0.00, 1.40, 0.00 , 8.213792E-005, -8.214640E-005, -1.117175E-011, -8.486510E-014, 2.150400E+004 1.570926E+074 2.150400E+004, Mon Aug 31 01:59:37 2015
1.80, 0.00, 1.42, 0.00 , 8.613180E-005, -8.612740E-005, -1.654777E-012, -9.661910E-014, 2.150400E+004 1.570926E+074 2.150400E+004, Mon Aug 31 01:59:41 2015
1.80, 0.00, 1.44, 0.00 , 9.018058E-005, -9.017180E-005, -1.737664E-011, -9.953980E-014, 2.150400E+004 1.570926E+074 2.150400E+004, Mon Aug 31 01:59:44 2015
1.80, 0.00, 1.46, 0.00 , 9.432258E-005, -9.430280E-005, -1.674776E-011, -9.311440E-014, 2.150400E+004 1.570926E+074 2.150400E+004, Mon Aug 31 01:59:48 2015
1.80, 0.00, 1.48, 0.00 , 9.852312E-005, -9.851900E-005, -6.685775E-012, -7.411240E-014, 2.150400E+004 1.570926E+074 2.150400E+004, Mon Aug 31 01:59:51 2015
1.80, 0.00, 1.50, 0.00 , 1.027968E-004, -1.027890E-004, -3.871800E-011, -1.137610E-013, 2.150400E+004 1.570926E+074 2.150400E+004, Mon Aug 31 01:59:55 2015
1.80, 0.00, 1.52, 0.00 , 1.071182E-004, -1.071100E-004, -2.173683E-011, -8.494850E-014, 2.150400E+004 1.570926E+074 2.150400E+004, Mon Aug 31 01:59:59 2015
1.80, 0.00, 1.54, 0.00 , 1.115224E-004, -1.115270E-004, -6.853478E-012, -8.736850E-014, 2.150400E+004 1.570926E+074 2.150400E+004, Mon Aug 31 02:00:02 2015
1.80, 0.00, 1.56, 0.00 , 1.160028E-004, -1.160020E-004, -6.162605E-014, -8.358960E-014, 2.150400E+004 1.570926E+074 2.150400E+004, Mon Aug 31 02:00:06 2015
1.80, 0.00, 1.58, 0.00 , 1.205604E-004, -1.205560E-004, -2.815185E-011, -8.960960E-014, 2.150400E+004 1.570926E+074 2.150400E+004, Mon Aug 31 02:00:09 2015
1.80, 0.00, 1.60, 0.00 , 1.251644E-004, -1.251570E-004, 6.394815E-012, -7.320640E-014, 2.150400E+004 1.570926E+074 2.150400E+004, Mon Aug 31 02:00:13 2015
1.80, 0.00, 1.62, 0.00 , 1.298099E-004, -1.298150E-004, -7.691963E-012, -9.762050E-014, 2.150400E+004 1.570926E+074 2.150400E+004, Mon Aug 31 02:00:16 2015
1.80, 0.00, 1.64, 0.00 , 1.345078E-004, -1.345140E-004, -9.578597E-012, -1.049280E-013, 2.150400E+004 1.570926E+074 2.150400E+004, Mon Aug 31 02:00:20 2015
1.80, 0.00, 1.66, 0.00 , 1.393149E-004, -1.392920E-004, 8.407205E-012, -8.977650E-014, 2.150400E+004 1.570926E+074 2.150400E+004, Mon Aug 31 02:00:23 2015
1.80, 0.00, 1.68, 0.00 , 1.441287E-004, -1.441220E-004, -2.341386E-011, -9.095670E-014, 2.150400E+004 1.570926E+074 2.150400E+004, Mon Aug 31 02:00:27 2015
1.80, 0.00, 1.70, 0.00 , 1.490043E-004, -1.489820E-004, 7.694480E-012, -8.238550E-014, 2.150400E+004 1.570926E+074 2.150400E+004, Mon Aug 31 02:00:31 2015
1.80, 0.00, 1.72, 0.00 , 1.539188E-004, -1.539130E-004, 7.568710E-012, -7.295610E-014, 2.150400E+004 1.570926E+074 2.150400E+004, Mon Aug 31 02:00:34 2015
1.80, 0.00, 1.74, 0.00 , 1.589042E-004, -1.588920E-004, 1.321892E-012, -9.186270E-014, 2.150400E+004 1.570926E+074 2.150400E+004, Mon Aug 31 02:00:38 2015
1.80, 0.00, 1.76, 0.00 , 1.639256E-004, -1.639140E-004, 1.824988E-012, -5.880590E-014, 2.150400E+004 1.570926E+074 2.150400E+004, Mon Aug 31 02:00:41 2015
1.80, 0.00, 1.78, 0.00 , 1.689948E-004, -1.689960E-004, 1.041957E-011, -6.911750E-014, 2.150400E+004 1.570926E+074 2.150400E+004, Mon Aug 31 02:00:45 2015
1.80, 0.00, 1.80, 0.00 , 1.741321E-004, -1.741070E-004, -1.079443E-011, -1.062870E-013, 2.150400E+004 1.570926E+074 2.150400E+004, Mon Aug 31 02:00:48 2015
1.80, 0.00, 1.82, 0.00 , 1.792931E-004, -1.792900E-004, 2.387751E-011, -7.669930E-014, 2.150400E+004 1.570926E+074 2.150400E+004, Mon Aug 31 02:00:52 2015
1.80, 0.00, 1.84, 0.00 , 1.845165E-004, -1.844790E-004, 5.346683E-012, -8.273120E-014, 2.150400E+004 1.570926E+074 2.150400E+004, Mon Aug 31 02:00:55 2015
1.80, 0.00, 1.86, 0.00 , 1.897563E-004, -1.897370E-004, 2.495800E-012, -8.240940E-014, 2.150400E+004 1.570926E+074 2.150400E+004, Mon Aug 31 02:00:59 2015
1.80, 0.00, 1.88, 0.00 , 1.950513E-004, -1.950320E-004, -9.452822E-012, -9.820460E-014, 2.150400E+004 1.570926E+074 2.150400E+004, Mon Aug 31 02:01:02 2015
1.80, 0.00, 1.90, 0.00 , 2.003700E-004, -2.003570E-004, 3.124662E-012, -9.202960E-014, 2.150400E+004 1.570926E+074 2.150400E+004, Mon Aug 31 02:01:06 2015
1.80, 0.00, 1.92, 0.00 , 2.057682E-004, -2.057370E-004, 4.843593E-012, -7.649660E-014, 2.150400E+004 1.570926E+074 2.150400E+004, Mon Aug 31 02:01:10 2015
1.80, 0.00, 1.94, 0.00 , 2.111632E-004, -2.111370E-004, -6.601927E-012, -7.327800E-014, 2.150400E+004 1.570926E+074 2.150400E+004, Mon Aug 31 02:01:13 2015
1.80, 0.00, 1.96, 0.00 , 2.165657E-004, -2.165610E-004, -2.928394E-011, -6.704330E-014, 2.150400E+004 1.570926E+074 2.150400E+004, Mon Aug 31 02:01:17 2015
1.80, 0.00, 1.98, 0.00 , 2.220395E-004, -2.220280E-004, 1.519903E-011, -7.947680E-014, 2.150400E+004 1.570926E+074 2.150400E+004, Mon Aug 31 02:01:20 2015
1.80, 0.00, 2.00, 0.00 , 2.275606E-004, -2.275400E-004, 3.276559E-011, -8.230210E-014, 2.150400E+004 1.570926E+074 2.150400E+004, Mon Aug 31 02:01:24 2015
