0.00, 0.00, 1.60, 0.00 , 2.326366E-008, -2.316260E-008, 3.585868E-012, -9.244680E-014, 2.150400E+004 1.570926E+074 2.150400E+004, Mon Aug 31 02:18:19 2015
0.05, 0.00, 1.60, 0.00 , 1.159250E-005, -1.160140E-005, 1.205470E-011, -8.958580E-014, 2.150400E+004 1.570926E+074 2.150400E+004, Mon Aug 31 02:18:22 2015
0.10, 0.00, 1.60, 0.00 , 2.264275E-005, -2.264810E-005, -1.330990E-011, -8.637910E-014, 2.150400E+004 1.570926E+074 2.150400E+004, Mon Aug 31 02:18:26 2015
0.15, 0.00, 1.60, 0.00 , 3.312197E-005, -3.312340E-005, 1.033581E-011, -8.336310E-014, 2.150400E+004 1.570926E+074 2.150400E+004, Mon Aug 31 02:18:30 2015
0.20, 0.00, 1.60, 0.00 , 4.302534E-005, -4.302070E-005, -1.829898E-011, -8.746390E-014, 2.150400E+004 1.570926E+074 2.150400E+004, Mon Aug 31 02:18:33 2015
0.25, 0.00, 1.60, 0.00 , 5.233633E-005, -5.232930E-005, 1.519912E-011, -7.630590E-014, 2.150400E+004 1.570926E+074 2.150400E+004, Mon Aug 31 02:18:37 2015
0.30, 0.00, 1.60, 0.00 , 6.107616E-005, -6.107200E-005, 1.083889E-011, -9.248260E-014, 2.150400E+004 1.570926E+074 2.150400E+004, Mon Aug 31 02:18:40 2015
0.35, 0.00, 1.60, 0.00 , 6.920394E-005, -6.920560E-005, -7.691953E-012, -7.747410E-014, 2.150400E+004 1.570926E+074 2.150400E+004, Mon Aug 31 02:18:44 2015
0.40, 0.00, 1.60, 0.00 , 7.673919E-005, -7.673170E-005, -2.400087E-011, -8.064510E-014, 2.150400E+004 1.570926E+074 2.150400E+004, Mon Aug 31 02:18:47 2015
0.45, 0.00, 1.60, 0.00 , 8.361826E-005, -8.360720E-005, -2.555225E-011, -5.550380E-014, 2.150400E+004 1.570926E+074 2.150400E+004, Mon Aug 31 02:18:51 2015
0.50, 0.00, 1.60, 0.00 , 8.986646E-005, -8.985210E-005, -1.754433E-011, -8.256440E-014, 2.150400E+004 1.570926E+074 2.150400E+004, Mon Aug 31 02:18:54 2015
0.55, 0.00, 1.60, 0.00 , 9.547173E-005, -9.546350E-005, -9.001307E-013, -1.030560E-013, 2.150400E+004 1.570926E+074 2.150400E+004, Mon Aug 31 02:18:58 2015
0.60, 0.00, 1.60, 0.00 , 1.004641E-004, -1.004640E-004, -1.289066E-011, -7.088180E-014, 2.150400E+004 1.570926E+074 2.150400E+004, Mon Aug 31 02:19:01 2015
0.65, 0.00, 1.60, 0.00 , 1.048783E-004, -1.048590E-004, -4.673359E-012, -6.978510E-014, 2.150400E+004 1.570926E+074 2.150400E+004, Mon Aug 31 02:19:05 2015
0.70, 0.00, 1.60, 0.00 , 1.086393E-004, -1.086270E-004, -2.819379E-011, -7.916690E-014, 2.150400E+004 1.570926E+074 2.150400E+004, Mon Aug 31 02:19:09 2015
0.75, 0.00, 1.60, 0.00 , 1.118235E-004, -1.118180E-004, -1.871823E-011, -7.205010E-014, 2.150400E+004 1.570926E+074 2.150400E+004, Mon Aug 31 02:19:12 2015
0.80, 0.00, 1.60, 0.00 , 1.144563E-004, -1.144550E-004, -2.370737E-011, -7.396940E-014, 2.150400E+004 1.570926E+074 2.150400E+004, Mon Aug 31 02:19:16 2015
0.85, 0.00, 1.60, 0.00 , 1.166139E-004, -1.166030E-004, -1.104595E-011, -8.471010E-014, 2.150400E+004 1.570926E+074 2.150400E+004, Mon Aug 31 02:19:19 2015
0.90, 0.00, 1.60, 0.00 , 1.183066E-004, -1.183060E-004, -1.922133E-011, -8.853670E-014, 2.150400E+004 1.570926E+074 2.150400E+004, Mon Aug 31 02:19:23 2015
0.95, 0.00, 1.60, 0.00 , 1.196082E-004, -1.196120E-004, -2.802607E-011, -8.503200E-014, 2.150400E+004 1.570926E+074 2.150400E+004, Mon Aug 31 02:19:26 2015
1.00, 0.00, 1.60, 0.00 , 1.206282E-004, -1.206180E-004, -1.238756E-011, -1.161580E-013, 2.150400E+004 1.570926E+074 2.150400E+004, Mon Aug 31 02:19:30 2015
1.05, 0.00, 1.60, 0.00 , 1.213795E-004, -1.213890E-004, -1.477727E-011, -7.126330E-014, 2.150400E+004 1.570926E+074 2.150400E+004, Mon Aug 31 02:19:34 2015
1.10, 0.00, 1.60, 0.00 , 1.219691E-004, -1.219490E-004, -5.511857E-012, -7.765290E-014, 2.150400E+004 1.570926E+074 2.150400E+004, Mon Aug 31 02:19:37 2015
1.15, 0.00, 1.60, 0.00 , 1.224246E-004, -1.224190E-004, -1.578348E-011, -8.043050E-014, 2.150400E+004 1.570926E+074 2.150400E+004, Mon Aug 31 02:19:41 2015
1.20, 0.00, 1.60, 0.00 , 1.228163E-004, -1.228080E-004, -6.895385E-012, -8.249280E-014, 2.150400E+004 1.570926E+074 2.150400E+004, Mon Aug 31 02:19:44 2015
1.25, 0.00, 1.60, 0.00 , 1.231062E-004, -1.231060E-004, 7.149503E-012, -8.735660E-014, 2.150400E+004 1.570926E+074 2.150400E+004, Mon Aug 31 02:19:48 2015
1.30, 0.00, 1.60, 0.00 , 1.233863E-004, -1.233740E-004, -8.488524E-012, -8.029940E-014, 2.150400E+004 1.570926E+074 2.150400E+004, Mon Aug 31 02:19:51 2015
1.35, 0.00, 1.60, 0.00 , 1.236178E-004, -1.236030E-004, 4.466304E-012, -6.244180E-014, 2.150400E+004 1.570926E+074 2.150400E+004, Mon Aug 31 02:19:55 2015
1.40, 0.00, 1.60, 0.00 , 1.238163E-004, -1.238010E-004, 1.908878E-012, -8.244510E-014, 2.150400E+004 1.570926E+074 2.150400E+004, Mon Aug 31 02:19:58 2015
1.45, 0.00, 1.60, 0.00 , 1.240115E-004, -1.240130E-004, -1.603503E-011, -9.158850E-014, 2.150400E+004 1.570926E+074 2.150400E+004, Mon Aug 31 02:20:02 2015
1.50, 0.00, 1.60, 0.00 , 1.241901E-004, -1.241860E-004, 2.076582E-012, -5.314350E-014, 2.150400E+004 1.570926E+074 2.150400E+004, Mon Aug 31 02:20:05 2015
1.55, 0.00, 1.60, 0.00 , 1.243598E-004, -1.243570E-004, -1.738606E-012, -7.557870E-014, 2.150400E+004 1.570926E+074 2.150400E+004, Mon Aug 31 02:20:09 2015
1.60, 0.00, 1.60, 0.00 , 1.245295E-004, -1.245210E-004, -1.016554E-011, -8.487700E-014, 2.150400E+004 1.570926E+074 2.150400E+004, Mon Aug 31 02:20:13 2015
1.65, 0.00, 1.60, 0.00 , 1.246881E-004, -1.246770E-004, 5.724020E-012, -6.859300E-014, 2.150400E+004 1.570926E+074 2.150400E+004, Mon Aug 31 02:20:16 2015
1.70, 0.00, 1.60, 0.00 , 1.248443E-004, -1.248290E-004, -2.408473E-011, -9.361510E-014, 2.150400E+004 1.570926E+074 2.150400E+004, Mon Aug 31 02:20:20 2015
1.75, 0.00, 1.60, 0.00 , 1.250168E-004, -1.250220E-004, 1.992720E-012, -9.905100E-014, 2.150400E+004 1.570926E+074 2.150400E+004, Mon Aug 31 02:20:23 2015
1.80, 0.00, 1.60, 0.00 , 1.251581E-004, -1.251620E-004, -1.913748E-011, -8.369680E-014, 2.150400E+004 1.570926E+074 2.150400E+004, Mon Aug 31 02:20:27 2015
1.85, 0.00, 1.60, 0.00 , 1.253097E-004, -1.253110E-004, 6.101411E-012, -9.590390E-014, 2.150400E+004 1.570926E+074 2.150400E+004, Mon Aug 31 02:20:30 2015
1.90, 0.00, 1.60, 0.00 , 1.254778E-004, -1.254720E-004, 9.413456E-012, -8.167030E-014, 2.150400E+004 1.570926E+074 2.150400E+004, Mon Aug 31 02:20:34 2015
1.95, 0.00, 1.60, 0.00 , 1.256266E-004, -1.256130E-004, -2.618119E-011, -8.792880E-014, 2.150400E+004 1.570926E+074 2.150400E+004, Mon Aug 31 02:20:37 2015
2.00, 0.00, 1.60, 0.00 , 1.257802E-004, -1.257790E-004, -1.540615E-011, -8.507970E-014, 2.150400E+004 1.570926E+074 2.150400E+004, Mon Aug 31 02:20:41 2015
