0.05, 0.00, 0.00, 0.00 , -1.490489E-011, 1.566650E-013, -3.838254E-011, -9.350780E-014, 2.150400E+004 1.570926E+074 2.150400E+004, Mon Aug 31 01:19:34 2015
0.05, 0.00, 0.02, 0.00 , -1.709926E-011, 1.721980E-013, -1.024940E-011, -9.490250E-014, 2.150400E+004 1.570926E+074 2.150400E+004, Mon Aug 31 01:20:06 2015
0.05, 0.00, 0.04, 0.00 , -1.718367E-011, 1.857280E-013, -4.156914E-011, -9.047980E-014, 2.150400E+004 1.570926E+074 2.150400E+004, Mon Aug 31 01:21:19 2015
0.05, 0.00, 0.06, 0.00 , -8.743773E-012, 4.370090E-013, -5.226106E-011, -7.038120E-014, 2.150400E+004 1.570926E+074 2.150400E+004, Mon Aug 31 01:21:32 2015
0.05, 0.00, 0.08, 0.00 , -1.688828E-011, 1.005410E-013, -3.502822E-011, -9.521250E-014, 2.150400E+004 1.570926E+074 2.150400E+004, Mon Aug 31 01:21:43 2015
0.05, 0.00, 0.10, 0.00 , -1.524248E-011, 1.113180E-013, -1.549002E-011, -1.019600E-013, 2.150400E+004 1.570926E+074 2.150400E+004, Mon Aug 31 01:22:13 2015
0.05, 0.00, 0.12, 0.00 , -1.722589E-011, 1.413460E-013, -1.804744E-011, -9.716750E-014, 2.150400E+004 1.570926E+074 2.150400E+004, Mon Aug 31 01:22:47 2015
0.05, 0.00, 0.14, 0.00 , -1.781667E-011, 8.016820E-014, -3.565716E-011, -8.443590E-014, 2.150400E+004 1.570926E+074 2.150400E+004, Mon Aug 31 01:23:47 2015
0.05, 0.00, 0.16, 0.00 , -1.840747E-011, -6.299020E-014, -4.475578E-011, -9.437800E-014, 2.150400E+004 1.570926E+074 2.150400E+004, Mon Aug 31 01:24:12 2015
0.05, 0.00, 0.18, 0.00 , -1.963126E-011, -3.193260E-013, -4.056288E-011, -7.655620E-014, 2.150400E+004 1.570926E+074 2.150400E+004, Mon Aug 31 01:24:19 2015
0.05, 0.00, 0.20, 0.00 , -1.963126E-011, -7.996200E-013, -4.270125E-011, -7.402900E-014, 2.150400E+004 1.570926E+074 2.150400E+004, Mon Aug 31 01:24:33 2015
0.05, 0.00, 0.22, 0.00 , -1.739468E-011, -1.778420E-012, -4.437842E-011, -9.973050E-014, 2.150400E+004 1.570926E+074 2.150400E+004, Mon Aug 31 01:24:43 2015
0.05, 0.00, 0.24, 0.00 , -1.680390E-011, -3.627110E-012, -7.524275E-012, -7.570980E-014, 2.150400E+004 1.570926E+074 2.150400E+004, Mon Aug 31 01:25:11 2015
0.05, 0.00, 0.26, 0.00 , -1.444072E-011, -7.615550E-012, -2.488138E-011, -8.876320E-014, 2.150400E+004 1.570926E+074 2.150400E+004, Mon Aug 31 01:25:18 2015
0.05, 0.00, 0.28, 0.00 , -1.907477E-012, -1.559920E-011, -2.307843E-011, -9.175540E-014, 2.150400E+004 1.570926E+074 2.150400E+004, Mon Aug 31 01:25:22 2015
0.05, 0.00, 0.30, 0.00 , 9.570156E-012, -3.201320E-011, -2.412666E-011, -9.320970E-014, 2.150400E+004 1.570926E+074 2.150400E+004, Mon Aug 31 01:25:26 2015
0.05, 0.00, 0.32, 0.00 , 9.696746E-012, -6.516950E-011, 4.760704E-011, -8.393530E-014, 2.150400E+004 1.570926E+074 2.150400E+004, Mon Aug 31 01:25:32 2015
0.05, 0.00, 0.34, 0.00 , 1.151025E-010, -1.325430E-010, -1.653814E-011, -8.703470E-014, 2.150400E+004 1.570926E+074 2.150400E+004, Mon Aug 31 01:25:43 2015
0.05, 0.00, 0.36, 0.00 , 2.499188E-010, -2.688560E-010, -3.272213E-011, -8.938310E-014, 2.150400E+004 1.570926E+074 2.150400E+004, Mon Aug 31 01:25:49 2015
0.05, 0.00, 0.38, 0.00 , 5.221253E-010, -5.445490E-010, -2.702906E-012, -9.577270E-014, 2.150400E+004 1.570926E+074 2.150400E+004, Mon Aug 31 01:25:53 2015
0.05, 0.00, 0.40, 0.00 , 1.057214E-009, -1.088300E-009, -2.957744E-011, -1.046780E-013, 2.150400E+004 1.570926E+074 2.150400E+004, Mon Aug 31 01:25:58 2015
0.05, 0.00, 0.42, 0.00 , 2.126208E-009, -2.152090E-009, -3.926308E-011, -7.940530E-014, 2.150400E+004 1.570926E+074 2.150400E+004, Mon Aug 31 01:26:01 2015
0.05, 0.00, 0.44, 0.00 , 4.111912E-009, -4.143790E-009, -1.284875E-011, -9.130240E-014, 2.150400E+004 1.570926E+074 2.150400E+004, Mon Aug 31 01:26:05 2015
0.05, 0.00, 0.46, 0.00 , 7.744863E-009, -7.775220E-009, -2.374929E-011, -8.527040E-014, 2.150400E+004 1.570926E+074 2.150400E+004, Mon Aug 31 01:26:09 2015
0.05, 0.00, 0.48, 0.00 , 1.408769E-008, -1.409010E-008, -2.169491E-011, -8.071660E-014, 2.150400E+004 1.570926E+074 2.150400E+004, Mon Aug 31 01:26:12 2015
0.05, 0.00, 0.50, 0.00 , 2.470579E-008, -2.473370E-008, -2.127565E-011, -6.839040E-014, 2.150400E+004 1.570926E+074 2.150400E+004, Mon Aug 31 01:26:16 2015
0.05, 0.00, 0.52, 0.00 , 4.125268E-008, -4.124210E-008, -3.457555E-012, -9.036060E-014, 2.150400E+004 1.570926E+074 2.150400E+004, Mon Aug 31 01:26:19 2015
0.05, 0.00, 0.54, 0.00 , 6.663385E-008, -6.653090E-008, -1.255527E-011, -1.100300E-013, 2.150400E+004 1.570926E+074 2.150400E+004, Mon Aug 31 01:26:23 2015
0.05, 0.00, 0.56, 0.00 , 1.023538E-007, -1.024290E-007, -2.702906E-012, -1.028540E-013, 2.150400E+004 1.570926E+074 2.150400E+004, Mon Aug 31 01:26:27 2015
0.05, 0.00, 0.58, 0.00 , 1.521186E-007, -1.522780E-007, -1.486114E-011, -1.100900E-013, 2.150400E+004 1.570926E+074 2.150400E+004, Mon Aug 31 01:26:30 2015
0.05, 0.00, 0.60, 0.00 , 2.186435E-007, -2.185850E-007, -2.639083E-011, -1.111630E-013, 2.150400E+004 1.570926E+074 2.150400E+004, Mon Aug 31 01:26:34 2015
0.05, 0.00, 0.62, 0.00 , 3.040447E-007, -3.038440E-007, -9.243207E-012, -1.112580E-013, 2.150400E+004 1.570926E+074 2.150400E+004, Mon Aug 31 01:26:37 2015
0.05, 0.00, 0.64, 0.00 , 4.085421E-007, -4.082260E-007, 8.994142E-012, -9.138580E-014, 2.150400E+004 1.570926E+074 2.150400E+004, Mon Aug 31 01:26:41 2015
0.05, 0.00, 0.66, 0.00 , 5.330587E-007, -5.332440E-007, -1.242949E-011, -1.002070E-013, 2.150400E+004 1.570926E+074 2.150400E+004, Mon Aug 31 01:26:44 2015
0.05, 0.00, 0.68, 0.00 , 6.785534E-007, -6.788120E-007, -2.865500E-011, -9.887220E-014, 2.150400E+004 1.570926E+074 2.150400E+004, Mon Aug 31 01:26:48 2015
0.05, 0.00, 0.70, 0.00 , 8.429506E-007, -8.424620E-007, -3.038301E-012, -9.965900E-014, 2.150400E+004 1.570926E+074 2.150400E+004, Mon Aug 31 01:26:51 2015
0.05, 0.00, 0.72, 0.00 , 1.023637E-006, -1.023930E-006, -1.829899E-011, -8.180140E-014, 2.150400E+004 1.570926E+074 2.150400E+004, Mon Aug 31 01:26:55 2015
0.05, 0.00, 0.74, 0.00 , 1.220892E-006, -1.220670E-006, -1.087827E-011, -8.043050E-014, 2.150400E+004 1.570926E+074 2.150400E+004, Mon Aug 31 01:26:59 2015
0.05, 0.00, 0.76, 0.00 , 1.431762E-006, -1.431430E-006, -2.081448E-011, -9.025340E-014, 2.150400E+004 1.570926E+074 2.150400E+004, Mon Aug 31 01:27:02 2015
0.05, 0.00, 0.78, 0.00 , 1.653541E-006, -1.653860E-006, -1.746048E-011, -1.190070E-013, 2.150400E+004 1.570926E+074 2.150400E+004, Mon Aug 31 01:27:06 2015
0.05, 0.00, 0.80, 0.00 , 1.886678E-006, -1.886420E-006, -1.403228E-012, -9.901520E-014, 2.150400E+004 1.570926E+074 2.150400E+004, Mon Aug 31 01:27:09 2015
0.05, 0.00, 0.82, 0.00 , 2.127849E-006, -2.128050E-006, -2.743906E-011, -7.301570E-014, 2.150400E+004 1.570926E+074 2.150400E+004, Mon Aug 31 01:27:13 2015
0.05, 0.00, 0.84, 0.00 , 2.375107E-006, -2.375230E-006, -7.985446E-012, -7.365940E-014, 2.150400E+004 1.570926E+074 2.150400E+004, Mon Aug 31 01:27:17 2015
0.05, 0.00, 0.86, 0.00 , 2.627762E-006, -2.628050E-006, 5.723999E-012, -8.826260E-014, 2.150400E+004 1.570926E+074 2.150400E+004, Mon Aug 31 01:27:20 2015
0.05, 0.00, 0.88, 0.00 , 2.884046E-006, -2.884300E-006, 1.356398E-011, -8.388760E-014, 2.150400E+004 1.570926E+074 2.150400E+004, Mon Aug 31 01:27:24 2015
0.05, 0.00, 0.90, 0.00 , 3.145194E-006, -3.144910E-006, -2.291073E-011, -7.402900E-014, 2.150400E+004 1.570926E+074 2.150400E+004, Mon Aug 31 01:27:27 2015
0.05, 0.00, 0.92, 0.00 , 3.407306E-006, -3.407260E-006, -1.460959E-011, -9.281640E-014, 2.150400E+004 1.570926E+074 2.150400E+004, Mon Aug 31 01:27:31 2015
0.05, 0.00, 0.94, 0.00 , 3.672564E-006, -3.671810E-006, -4.715296E-012, -7.354020E-014, 2.150400E+004 1.570926E+074 2.150400E+004, Mon Aug 31 01:27:34 2015
0.05, 0.00, 0.96, 0.00 , 3.938828E-006, -3.939170E-006, -2.819378E-011, -9.460450E-014, 2.150400E+004 1.570926E+074 2.150400E+004, Mon Aug 31 01:27:38 2015
0.05, 0.00, 0.98, 0.00 , 4.204844E-006, -4.205090E-006, -1.834091E-011, -7.262230E-014, 2.150400E+004 1.570926E+074 2.150400E+004, Mon Aug 31 01:27:41 2015
0.05, 0.00, 1.00, 0.00 , 4.472914E-006, -4.472930E-006, 1.067112E-011, -1.142020E-013, 2.150400E+004 1.570926E+074 2.150400E+004, Mon Aug 31 01:27:45 2015
0.05, 0.00, 1.02, 0.00 , 4.740425E-006, -4.739300E-006, 9.832642E-012, -9.772780E-014, 2.150400E+004 1.570926E+074 2.150400E+004, Mon Aug 31 01:27:48 2015
0.05, 0.00, 1.04, 0.00 , 5.005998E-006, -5.005600E-006, -1.741856E-011, -7.987020E-014, 2.150400E+004 1.570926E+074 2.150400E+004, Mon Aug 31 01:27:52 2015
0.05, 0.00, 0.00, 0.00 , -3.440118E-011, 2.534510E-013, -2.920008E-011, -9.367470E-014, 2.150400E+004 1.570926E+074 2.150400E+004, Mon Aug 31 01:42:22 2015
0.05, 0.00, 0.02, 0.00 , -3.182699E-011, 2.204660E-013, -4.743928E-011, -8.873940E-014, 2.150400E+004 1.570926E+074 2.150400E+004, Mon Aug 31 01:43:41 2015
0.05, 0.00, 0.04, 0.00 , -3.494979E-011, 1.299500E-013, -2.802607E-011, -8.250470E-014, 2.150400E+004 1.570926E+074 2.150400E+004, Mon Aug 31 01:44:00 2015
0.05, 0.00, 0.06, 0.00 , -3.153162E-011, 1.173260E-013, -5.452529E-011, -1.031040E-013, 2.150400E+004 1.570926E+074 2.150400E+004, Mon Aug 31 01:44:09 2015
0.05, 0.00, 0.08, 0.00 , -3.292418E-011, 8.364920E-014, -3.695698E-011, -1.113770E-013, 2.150400E+004 1.570926E+074 2.150400E+004, Mon Aug 31 01:44:27 2015
0.05, 0.00, 0.10, 0.00 , -3.381036E-011, 2.321000E-014, -7.326765E-011, -6.192920E-014, 2.150400E+004 1.570926E+074 2.150400E+004, Mon Aug 31 01:45:20 2015
0.05, 0.00, 0.12, 0.00 , -3.684872E-011, -3.435610E-014, -4.513318E-011, -8.074050E-014, 2.150400E+004 1.570926E+074 2.150400E+004, Mon Aug 31 01:45:38 2015
0.05, 0.00, 0.14, 0.00 , -3.300855E-011, -7.594820E-014, -1.611888E-011, -8.363720E-014, 2.150400E+004 1.570926E+074 2.150400E+004, Mon Aug 31 01:45:57 2015
0.05, 0.00, 0.16, 0.00 , -3.731292E-011, -2.076630E-013, -5.582513E-011, -8.873940E-014, 2.150400E+004 1.570926E+074 2.150400E+004, Mon Aug 31 01:46:06 2015
0.05, 0.00, 0.18, 0.00 , -3.199577E-011, -4.112720E-013, -5.167412E-011, -9.937290E-014, 2.150400E+004 1.570926E+074 2.150400E+004, Mon Aug 31 01:46:56 2015
0.05, 0.00, 0.20, 0.00 , -2.899958E-011, -9.699110E-013, -3.276407E-011, -8.130070E-014, 2.150400E+004 1.570926E+074 2.150400E+004, Mon Aug 31 01:47:16 2015
0.05, 0.00, 0.22, 0.00 , -3.157375E-011, -1.879620E-012, -2.756485E-011, -6.837840E-014, 2.150400E+004 1.570926E+074 2.150400E+004, Mon Aug 31 01:47:52 2015
0.05, 0.00, 0.24, 0.00 , -2.861978E-011, -3.879650E-012, -3.175777E-011, -8.057360E-014, 2.150400E+004 1.570926E+074 2.150400E+004, Mon Aug 31 01:47:57 2015
0.05, 0.00, 0.26, 0.00 , -2.309163E-011, -7.810950E-012, -5.087748E-011, -8.116960E-014, 2.150400E+004 1.570926E+074 2.150400E+004, Mon Aug 31 01:48:21 2015
0.05, 0.00, 0.28, 0.00 , -9.840992E-012, -1.596580E-011, -3.590876E-011, -9.084940E-014, 2.150400E+004 1.570926E+074 2.150400E+004, Mon Aug 31 01:48:35 2015
0.05, 0.00, 0.30, 0.00 , -4.726957E-013, -3.237210E-011, -6.643319E-011, -9.875300E-014, 2.150400E+004 1.570926E+074 2.150400E+004, Mon Aug 31 01:48:39 2015
0.05, 0.00, 0.32, 0.00 , 3.509878E-011, -6.613600E-011, -3.121269E-011, -8.541350E-014, 2.150400E+004 1.570926E+074 2.150400E+004, Mon Aug 31 01:48:49 2015
0.05, 0.00, 0.34, 0.00 , 1.015153E-010, -1.340270E-010, -4.068866E-011, -9.595160E-014, 2.150400E+004 1.570926E+074 2.150400E+004, Mon Aug 31 01:48:56 2015
0.05, 0.00, 0.36, 0.00 , 2.395386E-010, -2.733870E-010, -2.865501E-011, -1.024600E-013, 2.150400E+004 1.570926E+074 2.150400E+004, Mon Aug 31 01:49:01 2015
0.05, 0.00, 0.38, 0.00 , 5.148679E-010, -5.488330E-010, -3.318335E-011, -9.975430E-014, 2.150400E+004 1.570926E+074 2.150400E+004, Mon Aug 31 01:49:05 2015
0.05, 0.00, 0.40, 0.00 , 1.062024E-009, -1.098570E-009, -4.366564E-011, -9.690520E-014, 2.150400E+004 1.570926E+074 2.150400E+004, Mon Aug 31 01:49:10 2015
0.05, 0.00, 0.42, 0.00 , 2.129331E-009, -2.165690E-009, -3.293179E-011, -9.398460E-014, 2.150400E+004 1.570926E+074 2.150400E+004, Mon Aug 31 01:49:13 2015
0.05, 0.00, 0.44, 0.00 , 4.146262E-009, -4.175080E-009, -2.752292E-011, -1.008990E-013, 2.150400E+004 1.570926E+074 2.150400E+004, Mon Aug 31 01:49:17 2015
0.05, 0.00, 0.46, 0.00 , 7.789132E-009, -7.846500E-009, -2.517489E-011, -9.256600E-014, 2.150400E+004 1.570926E+074 2.150400E+004, Mon Aug 31 01:49:21 2015
0.05, 0.00, 0.48, 0.00 , 1.417026E-008, -1.422300E-008, -3.322529E-011, -9.022950E-014, 2.150400E+004 1.570926E+074 2.150400E+004, Mon Aug 31 01:49:24 2015
0.05, 0.00, 0.50, 0.00 , 2.484095E-008, -2.492530E-008, -2.467174E-011, -8.077620E-014, 2.150400E+004 1.570926E+074 2.150400E+004, Mon Aug 31 01:49:28 2015
0.05, 0.00, 0.52, 0.00 , 4.150327E-008, -4.159620E-008, -3.075146E-011, -7.581710E-014, 2.150400E+004 1.570926E+074 2.150400E+004, Mon Aug 31 01:49:32 2015
0.05, 0.00, 0.54, 0.00 , 6.655598E-008, -6.660890E-008, -1.595118E-011, -8.550880E-014, 2.150400E+004 1.570926E+074 2.150400E+004, Mon Aug 31 01:49:35 2015
0.05, 0.00, 0.56, 0.00 , 1.026819E-007, -1.027560E-007, -4.002555E-012, -8.574720E-014, 2.150400E+004 1.570926E+074 2.150400E+004, Mon Aug 31 01:49:39 2015
0.05, 0.00, 0.58, 0.00 , 1.526076E-007, -1.525930E-007, -4.182076E-011, -8.124110E-014, 2.150400E+004 1.570926E+074 2.150400E+004, Mon Aug 31 01:49:42 2015
0.05, 0.00, 0.60, 0.00 , 2.190208E-007, -2.190470E-007, -3.481859E-011, -9.288790E-014, 2.150400E+004 1.570926E+074 2.150400E+004, Mon Aug 31 01:49:46 2015
0.05, 0.00, 0.62, 0.00 , 3.035570E-007, -3.030620E-007, -1.989213E-011, -1.033540E-013, 2.150400E+004 1.570926E+074 2.150400E+004, Mon Aug 31 01:49:49 2015
0.05, 0.00, 0.64, 0.00 , 4.081026E-007, -4.085600E-007, -2.844536E-011, -9.412770E-014, 2.150400E+004 1.570926E+074 2.150400E+004, Mon Aug 31 01:49:53 2015
0.05, 0.00, 0.66, 0.00 , 5.337232E-007, -5.340250E-007, -1.523845E-011, -8.698700E-014, 2.150400E+004 1.570926E+074 2.150400E+004, Mon Aug 31 01:49:56 2015
0.05, 0.00, 0.68, 0.00 , 6.792380E-007, -6.790850E-007, 1.301895E-011, -7.696150E-014, 2.150400E+004 1.570926E+074 2.150400E+004, Mon Aug 31 01:50:00 2015
0.05, 0.00, 0.70, 0.00 , 8.429405E-007, -8.428200E-007, -4.303670E-011, -5.887750E-014, 2.150400E+004 1.570926E+074 2.150400E+004, Mon Aug 31 01:50:04 2015
0.05, 0.00, 0.72, 0.00 , 1.023866E-006, -1.023850E-006, -1.901171E-011, -6.242990E-014, 2.150400E+004 1.570926E+074 2.150400E+004, Mon Aug 31 01:50:07 2015
0.05, 0.00, 0.74, 0.00 , 1.221228E-006, -1.222150E-006, -1.050094E-011, -8.753540E-014, 2.150400E+004 1.570926E+074 2.150400E+004, Mon Aug 31 01:50:11 2015
0.05, 0.00, 0.76, 0.00 , 1.432099E-006, -1.432580E-006, -9.913987E-012, -6.867650E-014, 2.150400E+004 1.570926E+074 2.150400E+004, Mon Aug 31 01:50:14 2015
0.05, 0.00, 0.78, 0.00 , 1.655132E-006, -1.654300E-006, -4.073060E-011, -8.411410E-014, 2.150400E+004 1.570926E+074 2.150400E+004, Mon Aug 31 01:50:18 2015
0.05, 0.00, 0.80, 0.00 , 1.887804E-006, -1.887620E-006, -2.140143E-011, -6.533860E-014, 2.150400E+004 1.570926E+074 2.150400E+004, Mon Aug 31 01:50:21 2015
0.05, 0.00, 0.82, 0.00 , 2.127609E-006, -2.127900E-006, 1.321892E-012, -9.996890E-014, 2.150400E+004 1.570926E+074 2.150400E+004, Mon Aug 31 01:50:25 2015
0.05, 0.00, 0.84, 0.00 , 2.375006E-006, -2.374940E-006, -1.226179E-011, -8.091930E-014, 2.150400E+004 1.570926E+074 2.150400E+004, Mon Aug 31 01:50:29 2015
0.05, 0.00, 0.86, 0.00 , 2.628117E-006, -2.627780E-006, 1.020999E-011, -6.166700E-014, 2.150400E+004 1.570926E+074 2.150400E+004, Mon Aug 31 01:50:32 2015
0.05, 0.00, 0.88, 0.00 , 2.885418E-006, -2.885150E-006, -1.997598E-011, -7.872580E-014, 2.150400E+004 1.570926E+074 2.150400E+004, Mon Aug 31 01:50:36 2015
0.05, 0.00, 0.90, 0.00 , 3.145335E-006, -3.144830E-006, -1.804743E-011, -8.983610E-014, 2.150400E+004 1.570926E+074 2.150400E+004, Mon Aug 31 01:50:39 2015
0.05, 0.00, 0.92, 0.00 , 3.407805E-006, -3.407420E-006, -1.310028E-011, -7.085800E-014, 2.150400E+004 1.570926E+074 2.150400E+004, Mon Aug 31 01:50:43 2015
0.05, 0.00, 0.94, 0.00 , 3.672219E-006, -3.672390E-006, -2.395894E-011, -8.516310E-014, 2.150400E+004 1.570926E+074 2.150400E+004, Mon Aug 31 01:50:46 2015
0.05, 0.00, 0.96, 0.00 , 3.938630E-006, -3.938880E-006, -2.102411E-011, -7.355210E-014, 2.150400E+004 1.570926E+074 2.150400E+004, Mon Aug 31 01:50:50 2015
0.05, 0.00, 0.98, 0.00 , 4.204968E-006, -4.205060E-006, -2.781642E-011, -7.795100E-014, 2.150400E+004 1.570926E+074 2.150400E+004, Mon Aug 31 01:50:53 2015
0.05, 0.00, 1.00, 0.00 , 4.472743E-006, -4.471780E-006, -1.268104E-011, -9.336470E-014, 2.150400E+004 1.570926E+074 2.150400E+004, Mon Aug 31 01:50:57 2015
0.05, 0.00, 1.02, 0.00 , 4.740630E-006, -4.740270E-006, -3.024831E-011, -9.052750E-014, 2.150400E+004 1.570926E+074 2.150400E+004, Mon Aug 31 01:51:00 2015
0.05, 0.00, 1.04, 0.00 , 5.006974E-006, -5.006090E-006, -8.572390E-012, -9.127860E-014, 2.150400E+004 1.570926E+074 2.150400E+004, Mon Aug 31 01:51:04 2015
0.05, 0.00, 1.06, 0.00 , 5.271037E-006, -5.270660E-006, -1.335183E-011, -8.779760E-014, 2.150400E+004 1.570926E+074 2.150400E+004, Mon Aug 31 01:51:08 2015
0.05, 0.00, 1.08, 0.00 , 5.536052E-006, -5.535000E-006, -1.783781E-011, -8.342270E-014, 2.150400E+004 1.570926E+074 2.150400E+004, Mon Aug 31 01:51:11 2015
0.05, 0.00, 1.10, 0.00 , 5.799943E-006, -5.798800E-006, -1.658006E-011, -8.175370E-014, 2.150400E+004 1.570926E+074 2.150400E+004, Mon Aug 31 01:51:15 2015
0.05, 0.00, 1.12, 0.00 , 6.060388E-006, -6.060220E-006, -9.662438E-012, -9.545090E-014, 2.150400E+004 1.570926E+074 2.150400E+004, Mon Aug 31 01:51:18 2015
0.05, 0.00, 1.14, 0.00 , 6.318722E-006, -6.318990E-006, -6.266527E-012, -9.229180E-014, 2.150400E+004 1.570926E+074 2.150400E+004, Mon Aug 31 01:51:22 2015
0.05, 0.00, 1.16, 0.00 , 6.575967E-006, -6.576000E-006, -1.616082E-011, -9.522440E-014, 2.150400E+004 1.570926E+074 2.150400E+004, Mon Aug 31 01:51:25 2015
0.05, 0.00, 1.18, 0.00 , 6.832900E-006, -6.832140E-006, 2.328101E-012, -9.318590E-014, 2.150400E+004 1.570926E+074 2.150400E+004, Mon Aug 31 01:51:29 2015
0.05, 0.00, 1.20, 0.00 , 7.085011E-006, -7.085000E-006, -2.253340E-011, -9.322170E-014, 2.150400E+004 1.570926E+074 2.150400E+004, Mon Aug 31 01:51:32 2015
0.05, 0.00, 1.22, 0.00 , 7.335349E-006, -7.334940E-006, -8.278924E-012, -8.102660E-014, 2.150400E+004 1.570926E+074 2.150400E+004, Mon Aug 31 01:51:36 2015
0.05, 0.00, 1.24, 0.00 , 7.583074E-006, -7.582040E-006, -1.268104E-011, -7.948880E-014, 2.150400E+004 1.570926E+074 2.150400E+004, Mon Aug 31 01:51:39 2015
0.05, 0.00, 1.26, 0.00 , 7.828573E-006, -7.827850E-006, 2.048156E-011, -8.658170E-014, 2.150400E+004 1.570926E+074 2.150400E+004, Mon Aug 31 01:51:43 2015
0.05, 0.00, 1.28, 0.00 , 8.070080E-006, -8.069510E-006, -1.959866E-011, -1.047730E-013, 2.150400E+004 1.570926E+074 2.150400E+004, Mon Aug 31 01:51:47 2015
0.05, 0.00, 1.30, 0.00 , 8.310014E-006, -8.309420E-006, 2.081702E-011, -1.112220E-013, 2.150400E+004 1.570926E+074 2.150400E+004, Mon Aug 31 01:51:50 2015
0.05, 0.00, 1.32, 0.00 , 8.549520E-006, -8.547880E-006, 3.921252E-012, -8.631940E-014, 2.150400E+004 1.570926E+074 2.150400E+004, Mon Aug 31 01:51:54 2015
0.05, 0.00, 1.34, 0.00 , 8.783802E-006, -8.783400E-006, 2.048158E-011, -9.108780E-014, 2.150400E+004 1.570926E+074 2.150400E+004, Mon Aug 31 01:51:57 2015
0.05, 0.00, 1.36, 0.00 , 9.016157E-006, -9.014540E-006, 3.230442E-011, -9.953980E-014, 2.150400E+004 1.570926E+074 2.150400E+004, Mon Aug 31 01:52:01 2015
0.05, 0.00, 1.38, 0.00 , 9.245861E-006, -9.245300E-006, 2.551261E-011, -9.403230E-014, 2.150400E+004 1.570926E+074 2.150400E+004, Mon Aug 31 01:52:04 2015
0.05, 0.00, 1.40, 0.00 , 9.474432E-006, -9.473140E-006, -2.374929E-011, -1.011370E-013, 2.150400E+004 1.570926E+074 2.150400E+004, Mon Aug 31 01:52:08 2015
0.05, 0.00, 1.42, 0.00 , 9.696302E-006, -9.696190E-006, -5.721501E-012, -1.062870E-013, 2.150400E+004 1.570926E+074 2.150400E+004, Mon Aug 31 01:52:11 2015
0.05, 0.00, 1.44, 0.00 , 9.917550E-006, -9.916120E-006, -5.176477E-012, -8.786920E-014, 2.150400E+004 1.570926E+074 2.150400E+004, Mon Aug 31 01:52:15 2015
0.05, 0.00, 1.46, 0.00 , 1.013660E-005, -1.014230E-005, 3.795483E-012, -7.497070E-014, 2.150400E+004 1.570926E+074 2.150400E+004, Mon Aug 31 01:52:18 2015
0.05, 0.00, 1.48, 0.00 , 1.035261E-005, -1.035900E-005, 4.833894E-013, -7.729530E-014, 2.150400E+004 1.570926E+074 2.150400E+004, Mon Aug 31 01:52:22 2015
0.05, 0.00, 1.50, 0.00 , 1.057012E-005, -1.057360E-005, -9.494753E-012, -9.390120E-014, 2.150400E+004 1.570926E+074 2.150400E+004, Mon Aug 31 01:52:26 2015
0.05, 0.00, 1.52, 0.00 , 1.077958E-005, -1.078270E-005, -1.058480E-011, -9.315010E-014, 2.150400E+004 1.570926E+074 2.150400E+004, Mon Aug 31 01:52:29 2015
0.05, 0.00, 1.54, 0.00 , 1.098645E-005, -1.099090E-005, 1.067115E-011, -7.975100E-014, 2.150400E+004 1.570926E+074 2.150400E+004, Mon Aug 31 01:52:33 2015
0.05, 0.00, 1.56, 0.00 , 1.119272E-005, -1.119690E-005, -2.383315E-011, -8.182530E-014, 2.150400E+004 1.570926E+074 2.150400E+004, Mon Aug 31 01:52:36 2015
0.05, 0.00, 1.58, 0.00 , 1.139229E-005, -1.139850E-005, -6.727719E-012, -6.893870E-014, 2.150400E+004 1.570926E+074 2.150400E+004, Mon Aug 31 01:52:40 2015
0.05, 0.00, 1.60, 0.00 , 1.159409E-005, -1.159790E-005, -2.496524E-011, -6.645920E-014, 2.150400E+004 1.570926E+074 2.150400E+004, Mon Aug 31 01:52:43 2015
0.05, 0.00, 1.62, 0.00 , 1.179171E-005, -1.179540E-005, 6.855988E-012, -8.845330E-014, 2.150400E+004 1.570926E+074 2.150400E+004, Mon Aug 31 01:52:47 2015
0.05, 0.00, 1.64, 0.00 , 1.198513E-005, -1.198970E-005, -1.117174E-011, -8.608100E-014, 2.150400E+004 1.570926E+074 2.150400E+004, Mon Aug 31 01:52:51 2015
0.05, 0.00, 1.66, 0.00 , 1.217620E-005, -1.218150E-005, 3.255601E-011, -9.367470E-014, 2.150400E+004 1.570926E+074 2.150400E+004, Mon Aug 31 01:52:54 2015
0.05, 0.00, 1.68, 0.00 , 1.236622E-005, -1.236990E-005, 2.601568E-011, -8.751150E-014, 2.150400E+004 1.570926E+074 2.150400E+004, Mon Aug 31 01:52:58 2015
0.05, 0.00, 1.70, 0.00 , 1.255401E-005, -1.255750E-005, -2.014368E-011, -8.578300E-014, 2.150400E+004 1.570926E+074 2.150400E+004, Mon Aug 31 01:53:01 2015
0.05, 0.00, 1.72, 0.00 , 1.273921E-005, -1.274320E-005, -3.751031E-012, -9.018180E-014, 2.150400E+004 1.570926E+074 2.150400E+004, Mon Aug 31 01:53:05 2015
0.05, 0.00, 1.74, 0.00 , 1.292016E-005, -1.292550E-005, 3.779658E-011, -7.956030E-014, 2.150400E+004 1.570926E+074 2.150400E+004, Mon Aug 31 01:53:08 2015
0.05, 0.00, 1.76, 0.00 , 1.309611E-005, -1.310050E-005, -2.274303E-011, -8.156300E-014, 2.150400E+004 1.570926E+074 2.150400E+004, Mon Aug 31 01:53:12 2015
0.05, 0.00, 1.78, 0.00 , 1.327419E-005, -1.328020E-005, -1.330991E-011, -7.495880E-014, 2.150400E+004 1.570926E+074 2.150400E+004, Mon Aug 31 01:53:15 2015
0.05, 0.00, 1.80, 0.00 , 1.345101E-005, -1.345680E-005, -2.915815E-011, -1.018760E-013, 2.150400E+004 1.570926E+074 2.150400E+004, Mon Aug 31 01:53:19 2015
0.05, 0.00, 1.82, 0.00 , 1.362065E-005, -1.362590E-005, -1.393878E-011, -8.368490E-014, 2.150400E+004 1.570926E+074 2.150400E+004, Mon Aug 31 01:53:22 2015
0.05, 0.00, 1.84, 0.00 , 1.379101E-005, -1.379490E-005, 1.234818E-011, -6.105900E-014, 2.150400E+004 1.570926E+074 2.150400E+004, Mon Aug 31 01:53:26 2015
0.05, 0.00, 1.86, 0.00 , 1.395713E-005, -1.396120E-005, 1.968506E-011, -9.336470E-014, 2.150400E+004 1.570926E+074 2.150400E+004, Mon Aug 31 01:53:30 2015
0.05, 0.00, 1.88, 0.00 , 1.412473E-005, -1.412830E-005, -2.211415E-011, -8.175370E-014, 2.150400E+004 1.570926E+074 2.150400E+004, Mon Aug 31 01:53:33 2015
0.05, 0.00, 1.90, 0.00 , 1.428625E-005, -1.428910E-005, 1.410901E-011, -9.286400E-014, 2.150400E+004 1.570926E+074 2.150400E+004, Mon Aug 31 01:53:37 2015
0.05, 0.00, 1.92, 0.00 , 1.444463E-005, -1.444980E-005, 1.163541E-011, -8.584260E-014, 2.150400E+004 1.570926E+074 2.150400E+004, Mon Aug 31 01:53:40 2015
0.05, 0.00, 1.94, 0.00 , 1.460584E-005, -1.461080E-005, -9.997845E-012, -8.721350E-014, 2.150400E+004 1.570926E+074 2.150400E+004, Mon Aug 31 01:53:44 2015
0.05, 0.00, 1.96, 0.00 , 1.476038E-005, -1.476540E-005, 7.862183E-012, -1.038910E-013, 2.150400E+004 1.570926E+074 2.150400E+004, Mon Aug 31 01:53:47 2015
0.05, 0.00, 1.98, 0.00 , 1.491383E-005, -1.491970E-005, 3.620344E-011, -8.261200E-014, 2.150400E+004 1.570926E+074 2.150400E+004, Mon Aug 31 01:53:51 2015
0.05, 0.00, 2.00, 0.00 , 1.506438E-005, -1.506900E-005, 6.939803E-012, -7.754560E-014, 2.150400E+004 1.570926E+074 2.150400E+004, Mon Aug 31 01:53:54 2015
