1.80, 0.00, 0.00, 0.00 , -8.528551E-015, -9.025340E-013, -1.024935E-010, -6.444450E-014, 2.150400E+004 1.570926E+074 2.150400E+004, Thu Sep 03 01:17:57 2015
1.80, 0.00, 0.02, 0.00 , -3.257934E-012, -6.796360E-013, -7.083650E-011, -6.778240E-014, 2.150400E+004 1.570926E+074 2.150400E+004, Thu Sep 03 01:18:01 2015
1.80, 0.00, 0.04, 0.00 , -2.329536E-012, -6.069060E-013, -6.878192E-011, -9.231570E-014, 2.150400E+004 1.570926E+074 2.150400E+004, Thu Sep 03 01:18:05 2015
1.80, 0.00, 0.06, 0.00 , -1.147930E-012, -4.153610E-013, -6.124788E-014, -7.013080E-014, 2.150400E+004 1.570926E+074 2.150400E+004, Thu Sep 03 01:18:08 2015
1.80, 0.00, 0.08, 0.00 , -5.241340E-012, -6.258730E-013, -3.192562E-011, -8.101460E-014, 2.150400E+004 1.570926E+074 2.150400E+004, Thu Sep 03 01:18:13 2015
1.80, 0.00, 0.10, 0.00 , -1.865333E-012, -2.546670E-013, -1.283642E-010, -7.604360E-014, 2.150400E+004 1.570926E+074 2.150400E+004, Thu Sep 03 01:18:18 2015
1.80, 0.00, 0.12, 0.00 , -9.925542E-012, -6.132720E-013, -3.792635E-012, -1.038910E-013, 2.150400E+004 1.570926E+074 2.150400E+004, Thu Sep 03 01:18:21 2015
1.80, 0.00, 0.14, 0.00 , -6.169743E-012, -5.779980E-013, -2.576789E-012, -8.575920E-014, 2.150400E+004 1.570926E+074 2.150400E+004, Thu Sep 03 01:18:26 2015
1.80, 0.00, 0.16, 0.00 , -5.621142E-012, -5.050540E-013, -3.415313E-012, -9.219650E-014, 2.150400E+004 1.570926E+074 2.150400E+004, Thu Sep 03 01:18:30 2015
1.80, 0.00, 0.18, 0.00 , -6.380738E-012, -5.022170E-013, -1.091999E-011, -8.314850E-014, 2.150400E+004 1.570926E+074 2.150400E+004, Thu Sep 03 01:18:33 2015
1.80, 0.00, 0.20, 0.00 , -6.211941E-012, -5.913500E-013, -7.985196E-012, -1.133080E-013, 2.150400E+004 1.570926E+074 2.150400E+004, Thu Sep 03 01:18:37 2015
1.80, 0.00, 0.22, 0.00 , -5.199138E-012, -5.674960E-013, -3.922142E-011, -1.000880E-013, 2.150400E+004 1.570926E+074 2.150400E+004, Thu Sep 03 01:18:42 2015
1.80, 0.00, 0.24, 0.00 , -6.422943E-012, -5.872490E-013, -8.794385E-011, -9.001490E-014, 2.150400E+004 1.570926E+074 2.150400E+004, Thu Sep 03 01:18:46 2015
1.80, 0.00, 0.26, 0.00 , 4.633260E-012, -5.285980E-013, -4.794282E-011, -8.993150E-014, 2.150400E+004 1.570926E+074 2.150400E+004, Thu Sep 03 01:18:50 2015
1.80, 0.00, 0.28, 0.00 , -7.140351E-012, -6.308790E-013, -1.298318E-010, -8.785720E-014, 2.150400E+004 1.570926E+074 2.150400E+004, Thu Sep 03 01:18:55 2015
1.80, 0.00, 0.30, 0.00 , -7.562349E-012, -8.550880E-013, -3.104509E-011, -6.228690E-014, 2.150400E+004 1.570926E+074 2.150400E+004, Thu Sep 03 01:18:59 2015
1.80, 0.00, 0.32, 0.00 , -4.861543E-012, -4.043580E-013, -1.351938E-011, -8.871560E-014, 2.150400E+004 1.570926E+074 2.150400E+004, Thu Sep 03 01:19:06 2015
1.80, 0.00, 0.34, 0.00 , -9.883353E-012, -7.330420E-013, -9.368745E-012, -9.129050E-014, 2.150400E+004 1.570926E+074 2.150400E+004, Thu Sep 03 01:19:12 2015
1.80, 0.00, 0.36, 0.00 , -5.958741E-012, -7.131580E-013, -1.662188E-011, -9.872910E-014, 2.150400E+004 1.570926E+074 2.150400E+004, Thu Sep 03 01:19:15 2015
1.80, 0.00, 0.38, 0.00 , -9.587948E-012, -7.573130E-013, -7.473595E-011, -9.704830E-014, 2.150400E+004 1.570926E+074 2.150400E+004, Thu Sep 03 01:19:19 2015
1.80, 0.00, 0.40, 0.00 , -2.118530E-012, -6.822110E-013, -4.702037E-011, -7.321830E-014, 2.150400E+004 1.570926E+074 2.150400E+004, Thu Sep 03 01:19:24 2015
1.80, 0.00, 0.42, 0.00 , 1.173074E-012, -6.657120E-013, -5.746089E-011, -1.135590E-013, 2.150400E+004 1.570926E+074 2.150400E+004, Thu Sep 03 01:19:27 2015
1.80, 0.00, 0.44, 0.00 , 8.726340E-012, -7.992630E-013, -2.954135E-012, -1.038910E-013, 2.150400E+004 1.570926E+074 2.150400E+004, Thu Sep 03 01:19:38 2015
1.80, 0.00, 0.46, 0.00 , -3.679937E-012, -8.528470E-013, -3.175790E-011, -5.357270E-014, 2.150400E+004 1.570926E+074 2.150400E+004, Thu Sep 03 01:19:45 2015
1.80, 0.00, 0.48, 0.00 , 3.240773E-012, -8.261080E-013, -3.628632E-011, -9.855030E-014, 2.150400E+004 1.570926E+074 2.150400E+004, Thu Sep 03 01:19:48 2015
1.80, 0.00, 0.50, 0.00 , -2.329533E-012, -7.806660E-013, -2.467176E-011, -1.144530E-013, 2.150400E+004 1.570926E+074 2.150400E+004, Thu Sep 03 01:19:54 2015
1.80, 0.00, 0.52, 0.00 , -9.165954E-012, -7.370830E-013, -3.750699E-012, -7.766490E-014, 2.150400E+004 1.570926E+074 2.150400E+004, Thu Sep 03 01:19:58 2015
1.80, 0.00, 0.54, 0.00 , 5.350605E-012, -8.950470E-013, 3.737836E-011, -9.524820E-014, 2.150400E+004 1.570926E+074 2.150400E+004, Thu Sep 03 01:20:04 2015
1.80, 0.00, 0.56, 0.00 , -4.312936E-012, -3.445390E-013, 5.171693E-011, -9.270910E-014, 2.150400E+004 1.570926E+074 2.150400E+004, Thu Sep 03 01:20:07 2015
1.80, 0.00, 0.58, 0.00 , -5.114741E-012, -7.381080E-013, -3.108703E-011, -9.261370E-014, 2.150400E+004 1.570926E+074 2.150400E+004, Thu Sep 03 01:20:11 2015
1.80, 0.00, 0.60, 0.00 , -8.786144E-012, -8.795620E-013, -2.409075E-012, -9.931330E-014, 2.150400E+004 1.570926E+074 2.150400E+004, Thu Sep 03 01:20:16 2015
1.80, 0.00, 0.62, 0.00 , -9.039355E-012, -9.270910E-013, -1.509226E-010, -8.667710E-014, 2.150400E+004 1.570926E+074 2.150400E+004, Thu Sep 03 01:20:19 2015
1.80, 0.00, 0.64, 0.00 , -4.566135E-012, -7.722970E-013, 1.931741E-010, -8.221860E-014, 2.150400E+004 1.570926E+074 2.150400E+004, Thu Sep 03 01:20:23 2015
1.80, 0.00, 0.66, 0.00 , -3.806539E-012, -8.516310E-013, 2.091478E-010, -7.824900E-014, 2.150400E+004 1.570926E+074 2.150400E+004, Thu Sep 03 01:20:27 2015
1.80, 0.00, 0.68, 0.00 , 3.219021E-007, -3.239560E-007, -3.452527E-011, -6.462340E-014, 2.150400E+004 1.570926E+074 2.150400E+004, Thu Sep 03 01:20:34 2015
1.80, 0.00, 0.70, 0.00 , 5.417022E-007, -5.376660E-007, -3.318351E-011, -9.026530E-014, 2.150400E+004 1.570926E+074 2.150400E+004, Thu Sep 03 01:20:38 2015
1.80, 0.00, 0.72, 0.00 , 9.785782E-007, -9.864830E-007, -4.672684E-011, -6.979700E-014, 2.150400E+004 1.570926E+074 2.150400E+004, Thu Sep 03 01:20:41 2015
1.80, 0.00, 0.74, 0.00 , 1.544531E-006, -1.545360E-006, -2.961948E-011, -7.761720E-014, 2.150400E+004 1.570926E+074 2.150400E+004, Thu Sep 03 01:20:45 2015
1.80, 0.00, 0.76, 0.00 , 2.202172E-006, -2.196270E-006, -5.704159E-011, -8.653400E-014, 2.150400E+004 1.570926E+074 2.150400E+004, Thu Sep 03 01:20:49 2015
1.80, 0.00, 0.78, 0.00 , 2.934692E-006, -2.921710E-006, -6.853037E-011, -8.834600E-014, 2.150400E+004 1.570926E+074 2.150400E+004, Thu Sep 03 01:20:52 2015
1.80, 0.00, 0.80, 0.00 , 3.775118E-006, -3.767050E-006, -7.314396E-012, -9.995700E-014, 2.150400E+004 1.570926E+074 2.150400E+004, Thu Sep 03 01:20:56 2015
1.80, 0.00, 0.82, 0.00 , 4.723417E-006, -4.716820E-006, 1.444504E-011, -9.070640E-014, 2.150400E+004 1.570926E+074 2.150400E+004, Thu Sep 03 01:20:59 2015
1.80, 0.00, 0.84, 0.00 , 5.806645E-006, -5.798590E-006, -2.081444E-011, -9.318590E-014, 2.150400E+004 1.570926E+074 2.150400E+004, Thu Sep 03 01:21:03 2015
1.80, 0.00, 0.86, 0.00 , 7.017264E-006, -7.011960E-006, -3.787964E-011, -9.025340E-014, 2.150400E+004 1.570926E+074 2.150400E+004, Thu Sep 03 01:21:06 2015
1.80, 0.00, 0.88, 0.00 , 8.343617E-006, -8.330340E-006, -5.544826E-011, -7.390980E-014, 2.150400E+004 1.570926E+074 2.150400E+004, Thu Sep 03 01:21:10 2015
1.80, 0.00, 0.90, 0.00 , 9.777217E-006, -9.768360E-006, 1.867951E-011, -8.841750E-014, 2.150400E+004 1.570926E+074 2.150400E+004, Thu Sep 03 01:21:13 2015
1.80, 0.00, 0.92, 0.00 , 1.135405E-005, -1.134450E-005, -2.831966E-011, -9.599920E-014, 2.150400E+004 1.570926E+074 2.150400E+004, Thu Sep 03 01:21:17 2015
1.80, 0.00, 0.94, 0.00 , 1.305516E-005, -1.304930E-005, -4.098247E-011, -1.047370E-013, 2.150400E+004 1.570926E+074 2.150400E+004, Thu Sep 03 01:21:21 2015
1.80, 0.00, 0.96, 0.00 , 1.495430E-005, -1.494450E-005, -6.597265E-011, -8.827450E-014, 2.150400E+004 1.570926E+074 2.150400E+004, Thu Sep 03 01:21:24 2015
1.80, 0.00, 0.98, 0.00 , 1.705060E-005, -1.703930E-005, -1.547380E-010, -1.052620E-013, 2.150400E+004 1.570926E+074 2.150400E+004, Thu Sep 03 01:21:28 2015
1.80, 0.00, 1.00, 0.00 , 1.928466E-005, -1.927430E-005, -3.481878E-011, -8.592610E-014, 2.150400E+004 1.570926E+074 2.150400E+004, Thu Sep 03 01:21:31 2015
1.80, 0.00, 1.02, 0.00 , 2.170407E-005, -2.169250E-005, -8.949484E-012, -7.642510E-014, 2.150400E+004 1.570926E+074 2.150400E+004, Thu Sep 03 01:21:35 2015
1.80, 0.00, 1.04, 0.00 , 2.437446E-005, -2.436650E-005, -1.922127E-011, -9.136200E-014, 2.150400E+004 1.570926E+074 2.150400E+004, Thu Sep 03 01:21:38 2015
1.80, 0.00, 1.06, 0.00 , 2.728832E-005, -2.727310E-005, -3.909562E-011, -8.127690E-014, 2.150400E+004 1.570926E+074 2.150400E+004, Thu Sep 03 01:21:42 2015
1.80, 0.00, 1.08, 0.00 , 3.041968E-005, -3.038350E-005, -2.031133E-011, -7.772450E-014, 2.150400E+004 1.570926E+074 2.150400E+004, Thu Sep 03 01:21:46 2015
1.80, 0.00, 1.10, 0.00 , 3.374301E-005, -3.371850E-005, -2.119177E-011, -7.324220E-014, 2.150400E+004 1.570926E+074 2.150400E+004, Thu Sep 03 01:21:49 2015
1.80, 0.00, 1.12, 0.00 , 3.725776E-005, -3.723110E-005, 2.132083E-011, -8.685590E-014, 2.150400E+004 1.570926E+074 2.150400E+004, Thu Sep 03 01:21:53 2015
1.80, 0.00, 1.14, 0.00 , 4.097387E-005, -4.094930E-005, 9.833218E-012, -7.435080E-014, 2.150400E+004 1.570926E+074 2.150400E+004, Thu Sep 03 01:21:56 2015
1.80, 0.00, 1.16, 0.00 , 4.490925E-005, -4.486820E-005, 3.586282E-012, -8.035900E-014, 2.150400E+004 1.570926E+074 2.150400E+004, Thu Sep 03 01:22:00 2015
1.80, 0.00, 1.18, 0.00 , 4.909552E-005, -4.905710E-005, 2.663921E-012, -9.965900E-014, 2.150400E+004 1.570926E+074 2.150400E+004, Thu Sep 03 01:22:03 2015
1.80, 0.00, 1.20, 0.00 , 5.345364E-005, -5.341900E-005, -1.138117E-011, -8.435250E-014, 2.150400E+004 1.570926E+074 2.150400E+004, Thu Sep 03 01:22:07 2015
1.80, 0.00, 1.22, 0.00 , 5.802287E-005, -5.798090E-005, 1.109098E-011, -9.404420E-014, 2.150400E+004 1.570926E+074 2.150400E+004, Thu Sep 03 01:22:10 2015
1.80, 0.00, 1.24, 0.00 , 6.279711E-005, -6.277030E-005, 3.113141E-011, -1.094940E-013, 2.150400E+004 1.570926E+074 2.150400E+004, Thu Sep 03 01:22:14 2015
1.80, 0.00, 1.26, 0.00 , 6.773755E-005, -6.771510E-005, 3.704296E-011, -1.142860E-013, 2.150400E+004 1.570926E+074 2.150400E+004, Thu Sep 03 01:22:18 2015
1.80, 0.00, 1.28, 0.00 , 7.295256E-005, -7.290800E-005, -1.989208E-011, -7.867810E-014, 2.150400E+004 1.570926E+074 2.150400E+004, Thu Sep 03 01:22:21 2015
1.80, 0.00, 1.30, 0.00 , 7.839056E-005, -7.832610E-005, -3.205141E-011, -8.445980E-014, 2.150400E+004 1.570926E+074 2.150400E+004, Thu Sep 03 01:22:25 2015
1.80, 0.00, 1.32, 0.00 , 8.399237E-005, -8.392800E-005, 4.676355E-012, -8.846520E-014, 2.150400E+004 1.570926E+074 2.150400E+004, Thu Sep 03 01:22:28 2015
1.80, 0.00, 1.34, 0.00 , 8.973377E-005, -8.969820E-005, -1.783772E-011, -9.002690E-014, 2.150400E+004 1.570926E+074 2.150400E+004, Thu Sep 03 01:22:32 2015
1.80, 0.00, 1.36, 0.00 , 9.568917E-005, -9.565070E-005, -5.188424E-011, -6.753210E-014, 2.150400E+004 1.570926E+074 2.150400E+004, Thu Sep 03 01:22:35 2015
1.80, 0.00, 1.38, 0.00 , 1.017744E-004, -1.017710E-004, -1.121347E-011, -8.573530E-014, 2.150400E+004 1.570926E+074 2.150400E+004, Thu Sep 03 01:22:39 2015
1.80, 0.00, 1.40, 0.00 , 1.078038E-004, -1.077540E-004, 3.415006E-011, -7.731910E-014, 2.150400E+004 1.570926E+074 2.150400E+004, Thu Sep 03 01:22:43 2015
1.80, 0.00, 1.42, 0.00 , 1.144055E-004, -1.143640E-004, -1.024918E-011, -7.665160E-014, 2.150400E+004 1.570926E+074 2.150400E+004, Thu Sep 03 01:22:46 2015
1.80, 0.00, 1.44, 0.00 , 1.210587E-004, -1.210130E-004, -1.951475E-011, -1.253490E-013, 2.150400E+004 1.570926E+074 2.150400E+004, Thu Sep 03 01:22:50 2015
1.80, 0.00, 1.46, 0.00 , 1.278640E-004, -1.278170E-004, -6.685506E-012, -1.050830E-013, 2.150400E+004 1.570926E+074 2.150400E+004, Thu Sep 03 01:22:53 2015
1.80, 0.00, 1.48, 0.00 , 1.347574E-004, -1.347160E-004, -1.947282E-011, -6.757970E-014, 2.150400E+004 1.570926E+074 2.150400E+004, Thu Sep 03 01:22:57 2015
1.80, 0.00, 1.50, 0.00 , 1.417139E-004, -1.416630E-004, 1.557703E-011, -9.101630E-014, 2.150400E+004 1.570926E+074 2.150400E+004, Thu Sep 03 01:23:00 2015
1.80, 0.00, 1.52, 0.00 , 1.488623E-004, -1.487730E-004, -7.859418E-012, -9.753700E-014, 2.150400E+004 1.570926E+074 2.150400E+004, Thu Sep 03 01:23:04 2015
1.80, 0.00, 1.54, 0.00 , 1.560674E-004, -1.560080E-004, 7.233800E-012, -1.029250E-013, 2.150400E+004 1.570926E+074 2.150400E+004, Thu Sep 03 01:23:07 2015
1.80, 0.00, 1.56, 0.00 , 1.634307E-004, -1.633460E-004, -1.532218E-011, -8.718970E-014, 2.150400E+004 1.570926E+074 2.150400E+004, Thu Sep 03 01:23:11 2015
1.80, 0.00, 1.58, 0.00 , 1.708793E-004, -1.708250E-004, -2.362352E-011, -8.444790E-014, 2.150400E+004 1.570926E+074 2.150400E+004, Thu Sep 03 01:23:14 2015
1.80, 0.00, 1.60, 0.00 , 1.783914E-004, -1.783310E-004, 2.383636E-011, -9.478330E-014, 2.150400E+004 1.570926E+074 2.150400E+004, Thu Sep 03 01:23:18 2015
1.80, 0.00, 1.62, 0.00 , 1.860917E-004, -1.860300E-004, 8.114263E-012, -9.101630E-014, 2.150400E+004 1.570926E+074 2.150400E+004, Thu Sep 03 01:23:22 2015
1.80, 0.00, 1.64, 0.00 , 1.938460E-004, -1.937840E-004, -3.574123E-011, -9.008650E-014, 2.150400E+004 1.570926E+074 2.150400E+004, Thu Sep 03 01:23:25 2015
1.80, 0.00, 1.66, 0.00 , 2.017151E-004, -2.016460E-004, 1.482234E-011, -7.587670E-014, 2.150400E+004 1.570926E+074 2.150400E+004, Thu Sep 03 01:23:29 2015
1.80, 0.00, 1.68, 0.00 , 2.096012E-004, -2.095370E-004, 5.834117E-011, -8.552070E-014, 2.150400E+004 1.570926E+074 2.150400E+004, Thu Sep 03 01:23:32 2015
1.80, 0.00, 1.70, 0.00 , 2.176501E-004, -2.176160E-004, -1.121793E-010, -1.099940E-013, 2.150400E+004 1.570926E+074 2.150400E+004, Thu Sep 03 01:23:36 2015
1.80, 0.00, 1.72, 0.00 , 2.256786E-004, -2.255820E-004, -2.370738E-011, -9.700060E-014, 2.150400E+004 1.570926E+074 2.150400E+004, Thu Sep 03 01:23:39 2015
1.80, 0.00, 1.74, 0.00 , 2.337623E-004, -2.336590E-004, 2.354290E-011, -1.111980E-013, 2.150400E+004 1.570926E+074 2.150400E+004, Thu Sep 03 01:23:43 2015
1.80, 0.00, 1.76, 0.00 , 2.418956E-004, -2.418690E-004, -1.230353E-011, -7.948880E-014, 2.150400E+004 1.570926E+074 2.150400E+004, Thu Sep 03 01:23:46 2015
1.80, 0.00, 1.78, 0.00 , 2.501809E-004, -2.501710E-004, -1.091999E-011, -9.510520E-014, 2.150400E+004 1.570926E+074 2.150400E+004, Thu Sep 03 01:23:50 2015
1.80, 0.00, 1.80, 0.00 , 2.585473E-004, -2.584460E-004, -2.643281E-011, -1.026150E-013, 2.150400E+004 1.570926E+074 2.150400E+004, Thu Sep 03 01:23:54 2015
1.80, 0.00, 1.82, 0.00 , 2.669333E-004, -2.668470E-004, -1.502871E-011, -9.505750E-014, 2.150400E+004 1.570926E+074 2.150400E+004, Thu Sep 03 01:23:57 2015
1.80, 0.00, 1.84, 0.00 , 2.753607E-004, -2.752790E-004, -3.666838E-012, -7.010700E-014, 2.150400E+004 1.570926E+074 2.150400E+004, Thu Sep 03 01:24:01 2015
1.80, 0.00, 1.86, 0.00 , 2.839688E-004, -2.838860E-004, -2.353966E-011, -7.590060E-014, 2.150400E+004 1.570926E+074 2.150400E+004, Thu Sep 03 01:24:04 2015
1.80, 0.00, 1.88, 0.00 , 2.924433E-004, -2.924210E-004, -2.781650E-011, -7.650850E-014, 2.150400E+004 1.570926E+074 2.150400E+004, Thu Sep 03 01:24:08 2015
1.80, 0.00, 1.90, 0.00 , 3.010627E-004, -3.009760E-004, -2.001786E-011, -8.523460E-014, 2.150400E+004 1.570926E+074 2.150400E+004, Thu Sep 03 01:24:11 2015
1.80, 0.00, 1.92, 0.00 , 3.098296E-004, -3.097280E-004, -3.666857E-012, -8.524660E-014, 2.150400E+004 1.570926E+074 2.150400E+004, Thu Sep 03 01:24:15 2015
1.80, 0.00, 1.94, 0.00 , 3.185217E-004, -3.184400E-004, 9.120475E-012, -8.783340E-014, 2.150400E+004 1.570926E+074 2.150400E+004, Thu Sep 03 01:24:18 2015
1.80, 0.00, 1.96, 0.00 , 3.272667E-004, -3.271420E-004, -1.607685E-011, -9.782310E-014, 2.150400E+004 1.570926E+074 2.150400E+004, Thu Sep 03 01:24:22 2015
1.80, 0.00, 1.98, 0.00 , 3.360438E-004, -3.359000E-004, -9.662227E-012, -8.609300E-014, 2.150400E+004 1.570926E+074 2.150400E+004, Thu Sep 03 01:24:26 2015
1.80, 0.00, 2.00, 0.00 , 3.447334E-004, -3.448080E-004, 6.982241E-012, -8.038280E-014, 2.150400E+004 1.570926E+074 2.150400E+004, Thu Sep 03 01:24:29 2015
