0.00, 0.00, 2.00, 0.00 , 1.384075E-012, 6.448410E-011, 1.238423E-012, -9.441380E-014, 2.150400E+004 1.570926E+074 2.150400E+004, Thu Sep 03 00:45:20 2015
0.05, 0.00, 2.00, 0.00 , 2.143389E-006, -2.135600E-006, 1.125865E-011, -9.038450E-014, 2.150400E+004 1.570926E+074 2.150400E+004, Thu Sep 03 00:45:27 2015
0.10, 0.00, 2.00, 0.00 , 1.138613E-005, -1.136800E-005, -1.876009E-011, -8.894210E-014, 2.150400E+004 1.570926E+074 2.150400E+004, Thu Sep 03 00:45:31 2015
0.15, 0.00, 2.00, 0.00 , 2.812158E-005, -2.808440E-005, -2.341387E-011, -9.328130E-014, 2.150400E+004 1.570926E+074 2.150400E+004, Thu Sep 03 00:45:34 2015
0.20, 0.00, 2.00, 0.00 , 4.923700E-005, -4.918910E-005, -9.326821E-012, -8.493660E-014, 2.150400E+004 1.570926E+074 2.150400E+004, Thu Sep 03 00:45:38 2015
0.25, 0.00, 2.00, 0.00 , 7.195552E-005, -7.190050E-005, -3.938912E-011, -8.010860E-014, 2.150400E+004 1.570926E+074 2.150400E+004, Thu Sep 03 00:45:41 2015
0.30, 0.00, 2.00, 0.00 , 9.478567E-005, -9.471000E-005, 1.343878E-011, -7.047650E-014, 2.150400E+004 1.570926E+074 2.150400E+004, Thu Sep 03 00:45:45 2015
0.35, 0.00, 2.00, 0.00 , 1.171390E-004, -1.170610E-004, -3.968263E-011, -7.834430E-014, 2.150400E+004 1.570926E+074 2.150400E+004, Thu Sep 03 00:45:48 2015
0.40, 0.00, 2.00, 0.00 , 1.388661E-004, -1.387900E-004, -2.966141E-011, -9.495020E-014, 2.150400E+004 1.570926E+074 2.150400E+004, Thu Sep 03 00:45:52 2015
0.45, 0.00, 2.00, 0.00 , 1.596965E-004, -1.596520E-004, -2.592966E-011, -8.716580E-014, 2.150400E+004 1.570926E+074 2.150400E+004, Thu Sep 03 00:45:56 2015
0.50, 0.00, 2.00, 0.00 , 1.795776E-004, -1.795150E-004, -1.972438E-011, -9.992120E-014, 2.150400E+004 1.570926E+074 2.150400E+004, Thu Sep 03 00:45:59 2015
0.55, 0.00, 2.00, 0.00 , 1.984394E-004, -1.983830E-004, 4.382852E-012, -9.198190E-014, 2.150400E+004 1.570926E+074 2.150400E+004, Thu Sep 03 00:46:03 2015
0.60, 0.00, 2.00, 0.00 , 2.161569E-004, -2.160790E-004, -1.943090E-011, -8.987190E-014, 2.150400E+004 1.570926E+074 2.150400E+004, Thu Sep 03 00:46:06 2015
0.65, 0.00, 2.00, 0.00 , 2.326361E-004, -2.325600E-004, -1.870362E-013, -6.040330E-014, 2.150400E+004 1.570926E+074 2.150400E+004, Thu Sep 03 00:46:10 2015
0.70, 0.00, 2.00, 0.00 , 2.478318E-004, -2.478000E-004, 1.071362E-011, -8.903740E-014, 2.150400E+004 1.570926E+074 2.150400E+004, Thu Sep 03 00:46:13 2015
0.75, 0.00, 2.00, 0.00 , 2.617574E-004, -2.616830E-004, -1.444803E-012, -8.716580E-014, 2.150400E+004 1.570926E+074 2.150400E+004, Thu Sep 03 00:46:17 2015
0.80, 0.00, 2.00, 0.00 , 2.742839E-004, -2.742110E-004, -3.502842E-011, -9.112360E-014, 2.150400E+004 1.570926E+074 2.150400E+004, Thu Sep 03 00:46:20 2015
0.85, 0.00, 2.00, 0.00 , 2.854309E-004, -2.853770E-004, 5.997627E-011, -6.034370E-014, 2.150400E+004 1.570926E+074 2.150400E+004, Thu Sep 03 00:46:24 2015
0.90, 0.00, 2.00, 0.00 , 2.954000E-004, -2.953140E-004, -4.320472E-011, -8.000140E-014, 2.150400E+004 1.570926E+074 2.150400E+004, Thu Sep 03 00:46:27 2015
0.95, 0.00, 2.00, 0.00 , 3.039957E-004, -3.038790E-004, -5.595140E-011, -9.641650E-014, 2.150400E+004 1.570926E+074 2.150400E+004, Thu Sep 03 00:46:31 2015
1.00, 0.00, 2.00, 0.00 , 3.114055E-004, -3.113150E-004, 2.203355E-011, -7.741450E-014, 2.150400E+004 1.570926E+074 2.150400E+004, Thu Sep 03 00:46:35 2015
1.05, 0.00, 2.00, 0.00 , 3.176811E-004, -3.176000E-004, 1.192945E-011, -8.192060E-014, 2.150400E+004 1.570926E+074 2.150400E+004, Thu Sep 03 00:46:38 2015
1.10, 0.00, 2.00, 0.00 , 3.229736E-004, -3.228640E-004, -4.932649E-011, -9.379390E-014, 2.150400E+004 1.570926E+074 2.150400E+004, Thu Sep 03 00:46:42 2015
1.15, 0.00, 2.00, 0.00 , 3.271751E-004, -3.270850E-004, -1.779580E-011, -7.591250E-014, 2.150400E+004 1.570926E+074 2.150400E+004, Thu Sep 03 00:46:45 2015
1.20, 0.00, 2.00, 0.00 , 3.306542E-004, -3.305830E-004, 2.136273E-011, -9.248260E-014, 2.150400E+004 1.570926E+074 2.150400E+004, Thu Sep 03 00:46:49 2015
1.25, 0.00, 2.00, 0.00 , 3.333604E-004, -3.332770E-004, -4.190490E-011, -9.704830E-014, 2.150400E+004 1.570926E+074 2.150400E+004, Thu Sep 03 00:46:52 2015
1.30, 0.00, 2.00, 0.00 , 3.355034E-004, -3.354020E-004, -2.018556E-011, -7.622240E-014, 2.150400E+004 1.570926E+074 2.150400E+004, Thu Sep 03 00:46:56 2015
1.35, 0.00, 2.00, 0.00 , 3.370937E-004, -3.370750E-004, -4.442069E-011, -1.029850E-013, 2.150400E+004 1.570926E+074 2.150400E+004, Thu Sep 03 00:46:59 2015
1.40, 0.00, 2.00, 0.00 , 3.383698E-004, -3.383620E-004, -1.460945E-011, -7.219310E-014, 2.150400E+004 1.570926E+074 2.150400E+004, Thu Sep 03 00:47:03 2015
1.45, 0.00, 2.00, 0.00 , 3.393383E-004, -3.392610E-004, -2.316229E-011, -8.665320E-014, 2.150400E+004 1.570926E+074 2.150400E+004, Thu Sep 03 00:47:07 2015
1.50, 0.00, 2.00, 0.00 , 3.400419E-004, -3.399690E-004, -2.996063E-012, -6.703140E-014, 2.150400E+004 1.570926E+074 2.150400E+004, Thu Sep 03 00:47:10 2015
1.55, 0.00, 2.00, 0.00 , 3.406503E-004, -3.405670E-004, -1.612516E-012, -8.102660E-014, 2.150400E+004 1.570926E+074 2.150400E+004, Thu Sep 03 00:47:14 2015
1.60, 0.00, 2.00, 0.00 , 3.411701E-004, -3.411050E-004, -5.251315E-011, -7.761720E-014, 2.150400E+004 1.570926E+074 2.150400E+004, Thu Sep 03 00:47:17 2015
1.65, 0.00, 2.00, 0.00 , 3.417785E-004, -3.417020E-004, 5.368735E-011, -9.474750E-014, 2.150400E+004 1.570926E+074 2.150400E+004, Thu Sep 03 00:47:21 2015
1.70, 0.00, 2.00, 0.00 , 3.423109E-004, -3.422630E-004, -6.014713E-012, -1.017330E-013, 2.150400E+004 1.570926E+074 2.150400E+004, Thu Sep 03 00:47:24 2015
1.75, 0.00, 2.00, 0.00 , 3.428996E-004, -3.428080E-004, 3.318575E-011, -9.824040E-014, 2.150400E+004 1.570926E+074 2.150400E+004, Thu Sep 03 00:47:28 2015
1.80, 0.00, 2.00, 0.00 , 3.435642E-004, -3.434440E-004, -4.547310E-012, -9.139780E-014, 2.150400E+004 1.570926E+074 2.150400E+004, Thu Sep 03 00:47:31 2015
1.85, 0.00, 2.00, 0.00 , 3.441865E-004, -3.441330E-004, 3.607861E-011, -1.021030E-013, 2.150400E+004 1.570926E+074 2.150400E+004, Thu Sep 03 00:47:35 2015
1.90, 0.00, 2.00, 0.00 , 3.448874E-004, -3.447360E-004, -6.811288E-012, -1.005050E-013, 2.150400E+004 1.570926E+074 2.150400E+004, Thu Sep 03 00:47:38 2015
1.95, 0.00, 2.00, 0.00 , 3.455049E-004, -3.454000E-004, -2.634895E-011, -1.017330E-013, 2.150400E+004 1.570926E+074 2.150400E+004, Thu Sep 03 00:47:42 2015
2.00, 0.00, 2.00, 0.00 , 3.460954E-004, -3.460130E-004, -4.907490E-011, -7.905960E-014, 2.150400E+004 1.570926E+074 2.150400E+004, Thu Sep 03 00:47:46 2015
