0.00, 0.00, 1.60, 0.00 , -9.343962E-011, 1.429860E-010, 1.000088E-011, -7.379050E-014, 2.150400E+004 1.570926E+074 2.150400E+004, Thu Sep 03 00:42:44 2015
0.05, 0.00, 1.60, 0.00 , 1.340068E-006, -1.333140E-006, -2.714562E-011, -8.746390E-014, 2.150400E+004 1.570926E+074 2.150400E+004, Thu Sep 03 00:42:49 2015
0.10, 0.00, 1.60, 0.00 , 7.653354E-006, -7.632440E-006, -2.504913E-011, -9.846690E-014, 2.150400E+004 1.570926E+074 2.150400E+004, Thu Sep 03 00:42:52 2015
0.15, 0.00, 1.60, 0.00 , 2.006043E-005, -2.004020E-005, 1.033629E-011, -8.783340E-014, 2.150400E+004 1.570926E+074 2.150400E+004, Thu Sep 03 00:42:56 2015
0.20, 0.00, 1.60, 0.00 , 3.573852E-005, -3.569580E-005, -3.037422E-011, -8.481740E-014, 2.150400E+004 1.570926E+074 2.150400E+004, Thu Sep 03 00:42:59 2015
0.25, 0.00, 1.60, 0.00 , 5.176526E-005, -5.173260E-005, 7.191865E-012, -8.951430E-014, 2.150400E+004 1.570926E+074 2.150400E+004, Thu Sep 03 00:43:03 2015
0.30, 0.00, 1.60, 0.00 , 6.719503E-005, -6.715750E-005, -1.829891E-011, -9.112360E-014, 2.150400E+004 1.570926E+074 2.150400E+004, Thu Sep 03 00:43:06 2015
0.35, 0.00, 1.60, 0.00 , 8.180625E-005, -8.175950E-005, -2.492334E-011, -9.771590E-014, 2.150400E+004 1.570926E+074 2.150400E+004, Thu Sep 03 00:43:10 2015
0.40, 0.00, 1.60, 0.00 , 9.544985E-005, -9.538970E-005, 1.976956E-011, -9.269710E-014, 2.150400E+004 1.570926E+074 2.150400E+004, Thu Sep 03 00:43:14 2015
0.45, 0.00, 1.60, 0.00 , 1.079059E-004, -1.078420E-004, -3.205141E-011, -9.745360E-014, 2.150400E+004 1.570926E+074 2.150400E+004, Thu Sep 03 00:43:17 2015
0.50, 0.00, 1.60, 0.00 , 1.191463E-004, -1.191040E-004, 4.215144E-012, -7.929800E-014, 2.150400E+004 1.570926E+074 2.150400E+004, Thu Sep 03 00:43:21 2015
0.55, 0.00, 1.60, 0.00 , 1.290770E-004, -1.290340E-004, -4.563665E-011, -9.710790E-014, 2.150400E+004 1.570926E+074 2.150400E+004, Thu Sep 03 00:43:24 2015
0.60, 0.00, 1.60, 0.00 , 1.377117E-004, -1.376790E-004, 4.920134E-011, -8.656980E-014, 2.150400E+004 1.570926E+074 2.150400E+004, Thu Sep 03 00:43:28 2015
0.65, 0.00, 1.60, 0.00 , 1.451302E-004, -1.450720E-004, -2.379123E-011, -8.699890E-014, 2.150400E+004 1.570926E+074 2.150400E+004, Thu Sep 03 00:43:31 2015
0.70, 0.00, 1.60, 0.00 , 1.512601E-004, -1.512000E-004, -3.972456E-011, -8.486510E-014, 2.150400E+004 1.570926E+074 2.150400E+004, Thu Sep 03 00:43:35 2015
0.75, 0.00, 1.60, 0.00 , 1.561331E-004, -1.560760E-004, -3.305772E-011, -9.068250E-014, 2.150400E+004 1.570926E+074 2.150400E+004, Thu Sep 03 00:43:38 2015
0.80, 0.00, 1.60, 0.00 , 1.600145E-004, -1.599540E-004, -2.479755E-011, -8.721350E-014, 2.150400E+004 1.570926E+074 2.150400E+004, Thu Sep 03 00:43:42 2015
0.85, 0.00, 1.60, 0.00 , 1.630184E-004, -1.629660E-004, 4.418323E-013, -9.894370E-014, 2.150400E+004 1.570926E+074 2.150400E+004, Thu Sep 03 00:43:46 2015
0.90, 0.00, 1.60, 0.00 , 1.652900E-004, -1.652300E-004, 2.119505E-011, -9.095670E-014, 2.150400E+004 1.570926E+074 2.150400E+004, Thu Sep 03 00:43:49 2015
0.95, 0.00, 1.60, 0.00 , 1.669447E-004, -1.668780E-004, -1.611878E-011, -9.758470E-014, 2.150400E+004 1.570926E+074 2.150400E+004, Thu Sep 03 00:43:53 2015
1.00, 0.00, 1.60, 0.00 , 1.681608E-004, -1.680920E-004, 1.666705E-011, -8.107420E-014, 2.150400E+004 1.570926E+074 2.150400E+004, Thu Sep 03 00:43:56 2015
1.05, 0.00, 1.60, 0.00 , 1.690609E-004, -1.690110E-004, 3.708488E-011, -7.659200E-014, 2.150400E+004 1.570926E+074 2.150400E+004, Thu Sep 03 00:44:00 2015
1.10, 0.00, 1.60, 0.00 , 1.697418E-004, -1.696800E-004, 3.712038E-012, -9.385350E-014, 2.150400E+004 1.570926E+074 2.150400E+004, Thu Sep 03 00:44:03 2015
1.15, 0.00, 1.60, 0.00 , 1.702652E-004, -1.702170E-004, -5.125524E-011, -9.653570E-014, 2.150400E+004 1.570926E+074 2.150400E+004, Thu Sep 03 00:44:07 2015
1.20, 0.00, 1.60, 0.00 , 1.706578E-004, -1.705790E-004, -6.328910E-011, -1.061920E-013, 2.150400E+004 1.570926E+074 2.150400E+004, Thu Sep 03 00:44:10 2015
1.25, 0.00, 1.60, 0.00 , 1.710324E-004, -1.709890E-004, 3.524010E-011, -8.271930E-014, 2.150400E+004 1.570926E+074 2.150400E+004, Thu Sep 03 00:44:14 2015
1.30, 0.00, 1.60, 0.00 , 1.713404E-004, -1.712640E-004, -1.368709E-011, -9.927750E-014, 2.150400E+004 1.570926E+074 2.150400E+004, Thu Sep 03 00:44:18 2015
1.35, 0.00, 1.60, 0.00 , 1.716881E-004, -1.716140E-004, 2.412983E-011, -7.035730E-014, 2.150400E+004 1.570926E+074 2.150400E+004, Thu Sep 03 00:44:21 2015
1.40, 0.00, 1.60, 0.00 , 1.721540E-004, -1.721090E-004, -7.419085E-011, -8.879900E-014, 2.150400E+004 1.570926E+074 2.150400E+004, Thu Sep 03 00:44:25 2015
1.45, 0.00, 1.60, 0.00 , 1.727543E-004, -1.727170E-004, 1.483570E-013, -8.243320E-014, 2.150400E+004 1.570926E+074 2.150400E+004, Thu Sep 03 00:44:28 2015
1.50, 0.00, 1.60, 0.00 , 1.736053E-004, -1.735560E-004, 3.737828E-011, -9.663110E-014, 2.150400E+004 1.570926E+074 2.150400E+004, Thu Sep 03 00:44:32 2015
1.55, 0.00, 1.60, 0.00 , 1.742405E-004, -1.741670E-004, -3.452526E-011, -8.661750E-014, 2.150400E+004 1.570926E+074 2.150400E+004, Thu Sep 03 00:44:35 2015
1.60, 0.00, 1.60, 0.00 , 1.748248E-004, -1.747390E-004, -3.888596E-011, -8.152720E-014, 2.150400E+004 1.570926E+074 2.150400E+004, Thu Sep 03 00:44:39 2015
1.65, 0.00, 1.60, 0.00 , 1.754085E-004, -1.753300E-004, -3.326737E-011, -7.504220E-014, 2.150400E+004 1.570926E+074 2.150400E+004, Thu Sep 03 00:44:42 2015
1.70, 0.00, 1.60, 0.00 , 1.761069E-004, -1.760840E-004, 4.424777E-012, -7.816550E-014, 2.150400E+004 1.570926E+074 2.150400E+004, Thu Sep 03 00:44:46 2015
1.75, 0.00, 1.60, 0.00 , 1.768150E-004, -1.767540E-004, -1.272280E-011, -7.717610E-014, 2.150400E+004 1.570926E+074 2.150400E+004, Thu Sep 03 00:44:49 2015
1.80, 0.00, 1.60, 0.00 , 1.774262E-004, -1.773550E-004, 2.316556E-011, -1.107930E-013, 2.150400E+004 1.570926E+074 2.150400E+004, Thu Sep 03 00:44:53 2015
1.85, 0.00, 1.60, 0.00 , 1.780432E-004, -1.779720E-004, -5.674804E-011, -1.010540E-013, 2.150400E+004 1.570926E+074 2.150400E+004, Thu Sep 03 00:44:57 2015
1.90, 0.00, 1.60, 0.00 , 1.786077E-004, -1.785460E-004, 1.884720E-011, -1.058220E-013, 2.150400E+004 1.570926E+074 2.150400E+004, Thu Sep 03 00:45:00 2015
1.95, 0.00, 1.60, 0.00 , 1.792548E-004, -1.791570E-004, 3.217953E-011, -7.544760E-014, 2.150400E+004 1.570926E+074 2.150400E+004, Thu Sep 03 00:45:04 2015
2.00, 0.00, 1.60, 0.00 , 1.799235E-004, -1.798680E-004, 1.531908E-012, -7.984640E-014, 2.150400E+004 1.570926E+074 2.150400E+004, Thu Sep 03 00:45:07 2015
