0.05, 0.00, 0.10, 0.00 , -3.288242E-011, -1.790520E-012, -2.068867E-011, -1.056190E-013, 2.150400E+004 1.570926E+074 2.150400E+004, Thu Sep 03 00:58:51 2015
0.05, 0.00, 0.12, 0.00 , -2.904224E-011, -1.481800E-012, -1.029111E-011, -8.544920E-014, 2.150400E+004 1.570926E+074 2.150400E+004, Thu Sep 03 01:00:31 2015
0.05, 0.00, 0.14, 0.00 , -3.132104E-011, -1.362610E-012, -8.261872E-011, -1.031160E-013, 2.150400E+004 1.570926E+074 2.150400E+004, Thu Sep 03 01:00:37 2015
0.05, 0.00, 0.16, 0.00 , -2.575060E-011, -1.408000E-012, -1.687344E-011, -9.410380E-014, 2.150400E+004 1.570926E+074 2.150400E+004, Thu Sep 03 01:00:46 2015
0.05, 0.00, 0.18, 0.00 , -3.250264E-011, -1.310060E-012, -1.746039E-011, -9.278060E-014, 2.150400E+004 1.570926E+074 2.150400E+004, Thu Sep 03 01:01:05 2015
0.05, 0.00, 0.20, 0.00 , -3.005501E-011, -1.193820E-012, -2.748106E-011, -8.537770E-014, 2.150400E+004 1.570926E+074 2.150400E+004, Thu Sep 03 01:02:13 2015
0.05, 0.00, 0.22, 0.00 , -2.347183E-011, -1.177640E-012, -1.138118E-011, -9.505750E-014, 2.150400E+004 1.570926E+074 2.150400E+004, Thu Sep 03 01:02:18 2015
0.05, 0.00, 0.24, 0.00 , -2.448462E-011, -1.102790E-012, -5.934773E-011, -8.916850E-014, 2.150400E+004 1.570926E+074 2.150400E+004, Thu Sep 03 01:03:44 2015
0.05, 0.00, 0.26, 0.00 , -3.174304E-011, -1.021710E-012, -3.368667E-011, -1.001240E-013, 2.150400E+004 1.570926E+074 2.150400E+004, Thu Sep 03 01:03:51 2015
0.05, 0.00, 0.28, 0.00 , -2.106641E-011, -1.020300E-012, -4.748159E-011, -1.031640E-013, 2.150400E+004 1.570926E+074 2.150400E+004, Thu Sep 03 01:04:14 2015
0.05, 0.00, 0.30, 0.00 , -3.495024E-011, -1.085970E-012, -4.601404E-011, -9.624960E-014, 2.150400E+004 1.570926E+074 2.150400E+004, Thu Sep 03 01:04:57 2015
0.05, 0.00, 0.32, 0.00 , -2.883120E-011, -1.044850E-012, -5.444193E-011, -9.069440E-014, 2.150400E+004 1.570926E+074 2.150400E+004, Thu Sep 03 01:05:05 2015
0.05, 0.00, 0.34, 0.00 , -2.342961E-011, -1.022540E-012, -2.283309E-012, -9.936090E-014, 2.150400E+004 1.570926E+074 2.150400E+004, Thu Sep 03 01:05:35 2015
0.05, 0.00, 0.36, 0.00 , -3.680705E-011, -1.008030E-012, 2.815470E-011, -1.177910E-013, 2.150400E+004 1.570926E+074 2.150400E+004, Thu Sep 03 01:05:58 2015
0.05, 0.00, 0.38, 0.00 , -2.798720E-011, -1.132860E-012, -3.343509E-011, -7.736680E-014, 2.150400E+004 1.570926E+074 2.150400E+004, Thu Sep 03 01:06:06 2015
0.05, 0.00, 0.40, 0.00 , -3.157423E-011, -1.105130E-012, -1.624455E-011, -8.547310E-014, 2.150400E+004 1.570926E+074 2.150400E+004, Thu Sep 03 01:06:34 2015
0.05, 0.00, 0.42, 0.00 , -2.997063E-011, -1.088520E-012, -1.465138E-011, -9.891990E-014, 2.150400E+004 1.570926E+074 2.150400E+004, Thu Sep 03 01:06:42 2015
0.05, 0.00, 0.44, 0.00 , -2.642582E-011, -9.950160E-013, -1.532218E-011, -8.891820E-014, 2.150400E+004 1.570926E+074 2.150400E+004, Thu Sep 03 01:06:56 2015
0.05, 0.00, 0.46, 0.00 , -3.178519E-011, -9.991050E-013, -4.245001E-011, -1.177790E-013, 2.150400E+004 1.570926E+074 2.150400E+004, Thu Sep 03 01:07:03 2015
0.05, 0.00, 0.48, 0.00 , -3.566765E-011, -9.098530E-013, 2.635188E-011, -7.349250E-014, 2.150400E+004 1.570926E+074 2.150400E+004, Thu Sep 03 01:07:20 2015
0.05, 0.00, 0.50, 0.00 , -3.094122E-011, -1.114510E-012, -1.738274E-012, -9.527210E-014, 2.150400E+004 1.570926E+074 2.150400E+004, Thu Sep 03 01:08:02 2015
0.05, 0.00, 0.52, 0.00 , -2.566621E-011, -7.285000E-013, -1.993400E-011, -9.486680E-014, 2.150400E+004 1.570926E+074 2.150400E+004, Thu Sep 03 01:08:59 2015
0.05, 0.00, 0.54, 0.00 , -2.570837E-011, -9.332060E-013, -2.102407E-011, -7.587670E-014, 2.150400E+004 1.570926E+074 2.150400E+004, Thu Sep 03 01:09:43 2015
0.05, 0.00, 0.56, 0.00 , -2.646799E-011, -9.939670E-013, -2.429439E-011, -9.096860E-014, 2.150400E+004 1.570926E+074 2.150400E+004, Thu Sep 03 01:10:35 2015
0.05, 0.00, 0.58, 0.00 , -3.094119E-011, -9.478090E-013, -9.284886E-012, -9.907480E-014, 2.150400E+004 1.570926E+074 2.150400E+004, Thu Sep 03 01:10:47 2015
0.05, 0.00, 0.60, 0.00 , -2.389378E-011, -1.067080E-012, -2.940983E-011, -7.956030E-014, 2.150400E+004 1.570926E+074 2.150400E+004, Thu Sep 03 01:10:52 2015
0.05, 0.00, 0.62, 0.00 , -3.111000E-011, -9.104970E-013, 3.796533E-011, -9.304280E-014, 2.150400E+004 1.570926E+074 2.150400E+004, Thu Sep 03 01:12:40 2015
0.05, 0.00, 0.64, 0.00 , -3.267141E-011, -9.778620E-013, -7.419088E-011, -7.063150E-014, 2.150400E+004 1.570926E+074 2.150400E+004, Thu Sep 03 01:12:47 2015
0.05, 0.00, 0.66, 0.00 , -9.419150E-012, -1.000260E-012, -4.794281E-011, -9.558200E-014, 2.150400E+004 1.570926E+074 2.150400E+004, Thu Sep 03 01:13:41 2015
0.05, 0.00, 0.68, 0.00 , -3.132100E-011, -2.234590E-012, -3.855054E-011, -9.857420E-014, 2.150400E+004 1.570926E+074 2.150400E+004, Thu Sep 03 01:13:47 2015
0.05, 0.00, 0.70, 0.00 , -8.954950E-012, -2.380830E-011, -1.620262E-011, -8.325580E-014, 2.150400E+004 1.570926E+074 2.150400E+004, Thu Sep 03 01:13:50 2015
0.05, 0.00, 0.72, 0.00 , 3.287456E-010, -3.522520E-010, -2.429439E-011, -1.140830E-013, 2.150400E+004 1.570926E+074 2.150400E+004, Thu Sep 03 01:13:59 2015
0.05, 0.00, 0.74, 0.00 , 4.386585E-009, -4.234510E-009, -2.451015E-012, -6.817580E-014, 2.150400E+004 1.570926E+074 2.150400E+004, Thu Sep 03 01:14:04 2015
0.05, 0.00, 0.76, 0.00 , 1.131781E-008, -1.121290E-008, -1.481907E-011, -9.683370E-014, 2.150400E+004 1.570926E+074 2.150400E+004, Thu Sep 03 01:14:09 2015
0.05, 0.00, 0.78, 0.00 , 3.167342E-008, -3.161990E-008, -1.314205E-011, -7.257460E-014, 2.150400E+004 1.570926E+074 2.150400E+004, Thu Sep 03 01:14:13 2015
0.05, 0.00, 0.80, 0.00 , 6.208289E-008, -6.162430E-008, -1.284858E-011, -7.344480E-014, 2.150400E+004 1.570926E+074 2.150400E+004, Thu Sep 03 01:14:16 2015
0.05, 0.00, 0.82, 0.00 , 9.671693E-008, -9.601270E-008, -4.584632E-011, -8.486510E-014, 2.150400E+004 1.570926E+074 2.150400E+004, Thu Sep 03 01:14:20 2015
0.05, 0.00, 0.84, 0.00 , 1.404881E-007, -1.386690E-007, -1.611877E-011, -1.124140E-013, 2.150400E+004 1.570926E+074 2.150400E+004, Thu Sep 03 01:14:24 2015
0.05, 0.00, 0.86, 0.00 , 1.759380E-007, -1.749860E-007, -4.031158E-011, -8.368490E-014, 2.150400E+004 1.570926E+074 2.150400E+004, Thu Sep 03 01:14:27 2015
0.05, 0.00, 0.88, 0.00 , 2.214674E-007, -2.202420E-007, -6.308178E-012, -9.344820E-014, 2.150400E+004 1.570926E+074 2.150400E+004, Thu Sep 03 01:14:31 2015
0.05, 0.00, 0.90, 0.00 , 2.582883E-007, -2.568630E-007, 7.611148E-012, -1.133680E-013, 2.150400E+004 1.570926E+074 2.150400E+004, Thu Sep 03 01:14:34 2015
0.05, 0.00, 0.92, 0.00 , 2.907485E-007, -2.893660E-007, -4.366597E-011, -7.612710E-014, 2.150400E+004 1.570926E+074 2.150400E+004, Thu Sep 03 01:14:38 2015
0.05, 0.00, 0.94, 0.00 , 3.264943E-007, -3.248170E-007, -5.255510E-011, -7.926230E-014, 2.150400E+004 1.570926E+074 2.150400E+004, Thu Sep 03 01:14:41 2015
0.05, 0.00, 0.96, 0.00 , 3.623234E-007, -3.607290E-007, -2.647474E-011, -1.063230E-013, 2.150400E+004 1.570926E+074 2.150400E+004, Thu Sep 03 01:14:45 2015
0.05, 0.00, 0.98, 0.00 , 3.999203E-007, -3.977860E-007, -2.244954E-011, -8.696320E-014, 2.150400E+004 1.570926E+074 2.150400E+004, Thu Sep 03 01:14:48 2015
0.05, 0.00, 1.00, 0.00 , 4.351797E-007, -4.331040E-007, -3.213527E-011, -1.005890E-013, 2.150400E+004 1.570926E+074 2.150400E+004, Thu Sep 03 01:14:52 2015
0.05, 0.00, 1.02, 0.00 , 4.675802E-007, -4.650920E-007, -1.289050E-011, -7.095340E-014, 2.150400E+004 1.570926E+074 2.150400E+004, Thu Sep 03 01:14:56 2015
0.05, 0.00, 1.04, 0.00 , 4.983773E-007, -4.958560E-007, 1.021053E-011, -8.519890E-014, 2.150400E+004 1.570926E+074 2.150400E+004, Thu Sep 03 01:14:59 2015
0.05, 0.00, 1.06, 0.00 , 5.296078E-007, -5.270150E-007, -1.020726E-011, -8.682010E-014, 2.150400E+004 1.570926E+074 2.150400E+004, Thu Sep 03 01:15:03 2015
0.05, 0.00, 1.08, 0.00 , 5.614932E-007, -5.590060E-007, -1.657996E-011, -9.663110E-014, 2.150400E+004 1.570926E+074 2.150400E+004, Thu Sep 03 01:15:06 2015
0.05, 0.00, 1.10, 0.00 , 5.925840E-007, -5.894370E-007, -3.154825E-011, -1.072650E-013, 2.150400E+004 1.570926E+074 2.150400E+004, Thu Sep 03 01:15:10 2015
0.05, 0.00, 1.12, 0.00 , 6.218430E-007, -6.187440E-007, -4.077281E-011, -1.129510E-013, 2.150400E+004 1.570926E+074 2.150400E+004, Thu Sep 03 01:15:13 2015
0.05, 0.00, 1.14, 0.00 , 6.507252E-007, -6.474870E-007, -5.335177E-011, -7.734300E-014, 2.150400E+004 1.570926E+074 2.150400E+004, Thu Sep 03 01:15:17 2015
0.05, 0.00, 1.16, 0.00 , 6.796476E-007, -6.765550E-007, -2.731334E-011, -7.907150E-014, 2.150400E+004 1.570926E+074 2.150400E+004, Thu Sep 03 01:15:20 2015
0.05, 0.00, 1.18, 0.00 , 7.053512E-007, -7.018470E-007, -2.207221E-011, -8.088350E-014, 2.150400E+004 1.570926E+074 2.150400E+004, Thu Sep 03 01:15:24 2015
0.05, 0.00, 1.20, 0.00 , 7.312261E-007, -7.276880E-007, -5.024896E-011, -9.493830E-014, 2.150400E+004 1.570926E+074 2.150400E+004, Thu Sep 03 01:15:28 2015
0.05, 0.00, 1.22, 0.00 , 7.572835E-007, -7.536930E-007, -3.582509E-011, -8.124110E-014, 2.150400E+004 1.570926E+074 2.150400E+004, Thu Sep 03 01:15:31 2015
0.05, 0.00, 1.24, 0.00 , 7.824752E-007, -7.786570E-007, -1.460944E-011, -9.553430E-014, 2.150400E+004 1.570926E+074 2.150400E+004, Thu Sep 03 01:15:35 2015
0.05, 0.00, 1.26, 0.00 , 8.080587E-007, -8.045620E-007, -6.983020E-011, -8.623600E-014, 2.150400E+004 1.570926E+074 2.150400E+004, Thu Sep 03 01:15:38 2015
0.05, 0.00, 1.28, 0.00 , 8.356590E-007, -8.308370E-007, -7.817500E-012, -7.522110E-014, 2.150400E+004 1.570926E+074 2.150400E+004, Thu Sep 03 01:15:42 2015
0.05, 0.00, 1.30, 0.00 , 8.644979E-007, -8.601160E-007, -1.628648E-011, -9.464030E-014, 2.150400E+004 1.570926E+074 2.150400E+004, Thu Sep 03 01:15:45 2015
0.05, 0.00, 1.32, 0.00 , 8.957737E-007, -8.911370E-007, -1.465137E-011, -8.018020E-014, 2.150400E+004 1.570926E+074 2.150400E+004, Thu Sep 03 01:15:49 2015
0.05, 0.00, 1.34, 0.00 , 9.276620E-007, -9.231850E-007, -8.643441E-011, -8.893010E-014, 2.150400E+004 1.570926E+074 2.150400E+004, Thu Sep 03 01:15:52 2015
0.05, 0.00, 1.36, 0.00 , 9.605388E-007, -9.552190E-007, -1.859239E-011, -8.777380E-014, 2.150400E+004 1.570926E+074 2.150400E+004, Thu Sep 03 01:15:56 2015
0.05, 0.00, 1.38, 0.00 , 9.936698E-007, -9.886190E-007, -1.825698E-011, -7.476810E-014, 2.150400E+004 1.570926E+074 2.150400E+004, Thu Sep 03 01:16:00 2015
0.05, 0.00, 1.40, 0.00 , 1.026782E-006, -1.021960E-006, 1.483726E-013, -1.050110E-013, 2.150400E+004 1.570926E+074 2.150400E+004, Thu Sep 03 01:16:03 2015
0.05, 0.00, 1.42, 0.00 , 1.058848E-006, -1.053910E-006, -2.387509E-011, -1.069190E-013, 2.150400E+004 1.570926E+074 2.150400E+004, Thu Sep 03 01:16:07 2015
0.05, 0.00, 1.44, 0.00 , 1.091795E-006, -1.087000E-006, -5.188422E-011, -9.262560E-014, 2.150400E+004 1.570926E+074 2.150400E+004, Thu Sep 03 01:16:10 2015
0.05, 0.00, 1.46, 0.00 , 1.125434E-006, -1.119370E-006, 3.544979E-011, -9.236340E-014, 2.150400E+004 1.570926E+074 2.150400E+004, Thu Sep 03 01:16:14 2015
0.05, 0.00, 1.48, 0.00 , 1.155815E-006, -1.149780E-006, -8.152893E-012, -9.511710E-014, 2.150400E+004 1.570926E+074 2.150400E+004, Thu Sep 03 01:16:18 2015
0.05, 0.00, 1.50, 0.00 , 1.187379E-006, -1.181530E-006, 1.465464E-011, -8.807180E-014, 2.150400E+004 1.570926E+074 2.150400E+004, Thu Sep 03 01:16:21 2015
0.05, 0.00, 1.52, 0.00 , 1.219494E-006, -1.213130E-006, 1.440308E-011, -6.810430E-014, 2.150400E+004 1.570926E+074 2.150400E+004, Thu Sep 03 01:16:26 2015
0.05, 0.00, 1.54, 0.00 , 1.250340E-006, -1.244520E-006, -1.864052E-012, -9.872910E-014, 2.150400E+004 1.570926E+074 2.150400E+004, Thu Sep 03 01:16:29 2015
0.05, 0.00, 1.56, 0.00 , 1.283672E-006, -1.278130E-006, -3.498650E-011, -8.592610E-014, 2.150400E+004 1.570926E+074 2.150400E+004, Thu Sep 03 01:16:33 2015
0.05, 0.00, 1.58, 0.00 , 1.317348E-006, -1.310920E-006, -3.523808E-011, -7.848740E-014, 2.150400E+004 1.570926E+074 2.150400E+004, Thu Sep 03 01:16:36 2015
0.05, 0.00, 1.60, 0.00 , 1.352534E-006, -1.345440E-006, 2.899322E-011, -9.671450E-014, 2.150400E+004 1.570926E+074 2.150400E+004, Thu Sep 03 01:16:40 2015
0.05, 0.00, 1.62, 0.00 , 1.375862E-006, -1.369470E-006, 2.442332E-011, -8.770230E-014, 2.150400E+004 1.570926E+074 2.150400E+004, Thu Sep 03 01:16:43 2015
0.05, 0.00, 1.64, 0.00 , 1.424707E-006, -1.417380E-006, -6.018631E-011, -7.691380E-014, 2.150400E+004 1.570926E+074 2.150400E+004, Thu Sep 03 01:16:47 2015
0.05, 0.00, 1.66, 0.00 , 1.462059E-006, -1.455040E-006, -1.081959E-010, -8.887050E-014, 2.150400E+004 1.570926E+074 2.150400E+004, Thu Sep 03 01:16:51 2015
0.05, 0.00, 1.68, 0.00 , 1.499417E-006, -1.492830E-006, -7.159121E-011, -1.003860E-013, 2.150400E+004 1.570926E+074 2.150400E+004, Thu Sep 03 01:16:54 2015
0.05, 0.00, 1.70, 0.00 , 1.537747E-006, -1.530060E-006, 1.603818E-011, -1.025440E-013, 2.150400E+004 1.570926E+074 2.150400E+004, Thu Sep 03 01:16:58 2015
0.05, 0.00, 1.72, 0.00 , 1.567175E-006, -1.558070E-006, 1.121673E-011, -9.713170E-014, 2.150400E+004 1.570926E+074 2.150400E+004, Thu Sep 03 01:17:01 2015
0.05, 0.00, 1.74, 0.00 , 1.604420E-006, -1.596630E-006, -1.972438E-011, -1.081590E-013, 2.150400E+004 1.570926E+074 2.150400E+004, Thu Sep 03 01:17:05 2015
0.05, 0.00, 1.76, 0.00 , 1.643896E-006, -1.645630E-006, -1.109214E-010, -1.005650E-013, 2.150400E+004 1.570926E+074 2.150400E+004, Thu Sep 03 01:17:08 2015
0.05, 0.00, 1.78, 0.00 , 1.692612E-006, -1.684970E-006, -2.681018E-011, -8.141990E-014, 2.150400E+004 1.570926E+074 2.150400E+004, Thu Sep 03 01:17:12 2015
0.05, 0.00, 1.80, 0.00 , 1.723908E-006, -1.715860E-006, 1.779909E-011, -8.298160E-014, 2.150400E+004 1.570926E+074 2.150400E+004, Thu Sep 03 01:17:15 2015
0.05, 0.00, 1.82, 0.00 , 1.776609E-006, -1.757930E-006, 3.100565E-011, -9.343620E-014, 2.150400E+004 1.570926E+074 2.150400E+004, Thu Sep 03 01:17:19 2015
0.05, 0.00, 1.84, 0.00 , 1.811156E-006, -1.811940E-006, -1.050073E-011, -8.853670E-014, 2.150400E+004 1.570926E+074 2.150400E+004, Thu Sep 03 01:17:22 2015
0.05, 0.00, 1.86, 0.00 , 1.854968E-006, -1.845960E-006, 1.926647E-011, -7.463690E-014, 2.150400E+004 1.570926E+074 2.150400E+004, Thu Sep 03 01:17:26 2015
0.05, 0.00, 1.88, 0.00 , 1.900240E-006, -1.892180E-006, -1.932308E-014, -7.991790E-014, 2.150400E+004 1.570926E+074 2.150400E+004, Thu Sep 03 01:17:30 2015
0.05, 0.00, 1.90, 0.00 , 1.948496E-006, -1.938440E-006, -7.607861E-012, -1.046060E-013, 2.150400E+004 1.570926E+074 2.150400E+004, Thu Sep 03 01:17:33 2015
0.05, 0.00, 1.92, 0.00 , 1.996611E-006, -1.987960E-006, 4.735660E-011, -9.547470E-014, 2.150400E+004 1.570926E+074 2.150400E+004, Thu Sep 03 01:17:37 2015
0.05, 0.00, 1.94, 0.00 , 2.050316E-006, -2.042650E-006, -9.578371E-012, -7.178780E-014, 2.150400E+004 1.570926E+074 2.150400E+004, Thu Sep 03 01:17:40 2015
0.05, 0.00, 1.96, 0.00 , 2.106271E-006, -2.085730E-006, 5.029143E-011, -8.462670E-014, 2.150400E+004 1.570926E+074 2.150400E+004, Thu Sep 03 01:17:44 2015
0.05, 0.00, 1.98, 0.00 , 2.147440E-006, -2.136720E-006, -1.154889E-011, -8.498430E-014, 2.150400E+004 1.570926E+074 2.150400E+004, Thu Sep 03 01:17:47 2015
0.05, 0.00, 2.00, 0.00 , 2.197779E-006, -2.191460E-006, -1.440460E-010, -8.702280E-014, 2.150400E+004 1.570926E+074 2.150400E+004, Thu Sep 03 01:17:51 2015
