0.00, 0.00, 0.80, 0.00 , -4.035190E-011, 1.699650E-011, -4.517543E-011, -7.922650E-014, 2.150400E+004 1.570926E+074 2.150400E+004, Thu Sep 03 00:37:22 2015
0.05, 0.00, 0.80, 0.00 , 5.913333E-008, -5.819210E-008, 3.427582E-011, -7.773640E-014, 2.150400E+004 1.570926E+074 2.150400E+004, Thu Sep 03 00:37:29 2015
0.10, 0.00, 0.80, 0.00 , 1.636709E-007, -1.621510E-007, 8.785046E-012, -8.598570E-014, 2.150400E+004 1.570926E+074 2.150400E+004, Thu Sep 03 00:37:33 2015
0.15, 0.00, 0.80, 0.00 , 2.159535E-007, -2.154320E-007, -8.513452E-011, -1.031280E-013, 2.150400E+004 1.570926E+074 2.150400E+004, Thu Sep 03 00:37:38 2015
0.20, 0.00, 0.80, 0.00 , 2.369519E-007, -2.353700E-007, -5.662225E-011, -1.117470E-013, 2.150400E+004 1.570926E+074 2.150400E+004, Thu Sep 03 00:37:43 2015
0.25, 0.00, 0.80, 0.00 , 2.490041E-007, -2.483850E-007, 3.243112E-011, -7.287260E-014, 2.150400E+004 1.570926E+074 2.150400E+004, Thu Sep 03 00:37:46 2015
0.30, 0.00, 0.80, 0.00 , 2.556071E-007, -2.544970E-007, -8.572155E-011, -9.272100E-014, 2.150400E+004 1.570926E+074 2.150400E+004, Thu Sep 03 00:37:50 2015
0.35, 0.00, 0.80, 0.00 , 2.591802E-007, -2.579660E-007, -1.041690E-011, -9.297130E-014, 2.150400E+004 1.570926E+074 2.150400E+004, Thu Sep 03 00:37:53 2015
0.40, 0.00, 0.80, 0.00 , 2.614119E-007, -2.602160E-007, -7.146696E-012, -8.876320E-014, 2.150400E+004 1.570926E+074 2.150400E+004, Thu Sep 03 00:37:57 2015
0.45, 0.00, 0.80, 0.00 , 2.647813E-007, -2.628610E-007, -2.521685E-011, -6.170270E-014, 2.150400E+004 1.570926E+074 2.150400E+004, Thu Sep 03 00:38:01 2015
0.50, 0.00, 0.80, 0.00 , 2.665733E-007, -2.650310E-007, -3.238684E-011, -8.267160E-014, 2.150400E+004 1.570926E+074 2.150400E+004, Thu Sep 03 00:38:04 2015
0.55, 0.00, 0.80, 0.00 , 2.676076E-007, -2.670730E-007, -2.668439E-011, -7.941720E-014, 2.150400E+004 1.570926E+074 2.150400E+004, Thu Sep 03 00:38:08 2015
0.60, 0.00, 0.80, 0.00 , 2.705233E-007, -2.695850E-007, -9.658140E-011, -9.002690E-014, 2.150400E+004 1.570926E+074 2.150400E+004, Thu Sep 03 00:38:11 2015
0.65, 0.00, 0.80, 0.00 , 2.724796E-007, -2.712750E-007, -2.014897E-010, -8.493660E-014, 2.150400E+004 1.570926E+074 2.150400E+004, Thu Sep 03 00:38:15 2015
0.70, 0.00, 0.80, 0.00 , 2.736016E-007, -2.733410E-007, -1.143177E-010, -9.158850E-014, 2.150400E+004 1.570926E+074 2.150400E+004, Thu Sep 03 00:38:18 2015
0.75, 0.00, 0.80, 0.00 , 2.766538E-007, -2.747850E-007, 1.096517E-011, -8.065700E-014, 2.150400E+004 1.570926E+074 2.150400E+004, Thu Sep 03 00:38:22 2015
0.80, 0.00, 0.80, 0.00 , 2.790766E-007, -2.777870E-007, 3.083174E-012, -7.439850E-014, 2.150400E+004 1.570926E+074 2.150400E+004, Thu Sep 03 00:38:25 2015
0.85, 0.00, 0.80, 0.00 , 2.798119E-007, -2.780210E-007, -4.593016E-011, -9.301900E-014, 2.150400E+004 1.570926E+074 2.150400E+004, Thu Sep 03 00:38:29 2015
0.90, 0.00, 0.80, 0.00 , 2.799610E-007, -2.784570E-007, -2.559422E-011, -8.381610E-014, 2.150400E+004 1.570926E+074 2.150400E+004, Thu Sep 03 00:38:32 2015
0.95, 0.00, 0.80, 0.00 , 2.807628E-007, -2.790830E-007, -1.654439E-012, -1.008270E-013, 2.150400E+004 1.570926E+074 2.150400E+004, Thu Sep 03 00:38:36 2015
1.00, 0.00, 0.80, 0.00 , 2.877213E-007, -2.869340E-007, -6.588879E-011, -7.582900E-014, 2.150400E+004 1.570926E+074 2.150400E+004, Thu Sep 03 00:38:40 2015
1.05, 0.00, 0.80, 0.00 , 3.025824E-007, -3.010590E-007, -3.255456E-011, -9.096860E-014, 2.150400E+004 1.570926E+074 2.150400E+004, Thu Sep 03 00:38:43 2015
1.10, 0.00, 0.80, 0.00 , 3.169082E-007, -3.151150E-007, -4.840401E-011, -9.419920E-014, 2.150400E+004 1.570926E+074 2.150400E+004, Thu Sep 03 00:38:47 2015
1.15, 0.00, 0.80, 0.00 , 3.338220E-007, -3.311220E-007, -3.599281E-011, -9.454490E-014, 2.150400E+004 1.570926E+074 2.150400E+004, Thu Sep 03 00:38:50 2015
1.20, 0.00, 0.80, 0.00 , 3.945737E-007, -3.936350E-007, -9.410680E-012, -1.028300E-013, 2.150400E+004 1.570926E+074 2.150400E+004, Thu Sep 03 00:38:57 2015
1.25, 0.00, 0.80, 0.00 , 4.396756E-007, -4.413080E-007, -4.714613E-011, -8.182530E-014, 2.150400E+004 1.570926E+074 2.150400E+004, Thu Sep 03 00:39:02 2015
1.30, 0.00, 0.80, 0.00 , 4.712578E-007, -4.719920E-007, 1.528349E-011, -9.608270E-014, 2.150400E+004 1.570926E+074 2.150400E+004, Thu Sep 03 00:39:06 2015
1.35, 0.00, 0.80, 0.00 , 4.977700E-007, -4.974720E-007, -1.402250E-011, -4.444120E-014, 2.150400E+004 1.570926E+074 2.150400E+004, Thu Sep 03 00:39:11 2015
1.40, 0.00, 0.80, 0.00 , 5.377311E-007, -5.359340E-007, 1.163598E-011, -9.340050E-014, 2.150400E+004 1.570926E+074 2.150400E+004, Thu Sep 03 00:39:15 2015
1.45, 0.00, 0.80, 0.00 , 6.342222E-007, -6.310130E-007, 4.148703E-011, -9.121890E-014, 2.150400E+004 1.570926E+074 2.150400E+004, Thu Sep 03 00:39:18 2015
1.50, 0.00, 0.80, 0.00 , 9.093549E-007, -8.965320E-007, -2.634895E-011, -6.929640E-014, 2.150400E+004 1.570926E+074 2.150400E+004, Thu Sep 03 00:39:22 2015
1.55, 0.00, 0.80, 0.00 , 1.144710E-006, -1.139190E-006, -3.427368E-011, -1.011250E-013, 2.150400E+004 1.570926E+074 2.150400E+004, Thu Sep 03 00:39:25 2015
1.60, 0.00, 0.80, 0.00 , 1.369543E-006, -1.364960E-006, -1.662188E-011, -7.840400E-014, 2.150400E+004 1.570926E+074 2.150400E+004, Thu Sep 03 00:39:29 2015
1.65, 0.00, 0.80, 0.00 , 1.725396E-006, -1.721970E-006, 2.705841E-012, -6.695990E-014, 2.150400E+004 1.570926E+074 2.150400E+004, Thu Sep 03 00:39:33 2015
1.70, 0.00, 0.80, 0.00 , 2.145546E-006, -2.142840E-006, -1.943090E-011, -7.535220E-014, 2.150400E+004 1.570926E+074 2.150400E+004, Thu Sep 03 00:39:36 2015
1.75, 0.00, 0.80, 0.00 , 2.808893E-006, -2.806420E-006, -5.624491E-011, -6.877180E-014, 2.150400E+004 1.570926E+074 2.150400E+004, Thu Sep 03 00:39:40 2015
1.80, 0.00, 0.80, 0.00 , 3.497862E-006, -3.492610E-006, -2.517492E-011, -1.095290E-013, 2.150400E+004 1.570926E+074 2.150400E+004, Thu Sep 03 00:39:43 2015
1.85, 0.00, 0.80, 0.00 , 4.059161E-006, -4.053850E-006, 9.707408E-012, -1.030450E-013, 2.150400E+004 1.570926E+074 2.150400E+004, Thu Sep 03 00:39:47 2015
1.90, 0.00, 0.80, 0.00 , 4.558315E-006, -4.551440E-006, -6.614032E-011, -8.863210E-014, 2.150400E+004 1.570926E+074 2.150400E+004, Thu Sep 03 00:39:50 2015
1.95, 0.00, 0.80, 0.00 , 5.011324E-006, -5.004930E-006, 4.927884E-012, -8.271930E-014, 2.150400E+004 1.570926E+074 2.150400E+004, Thu Sep 03 00:39:54 2015
2.00, 0.00, 0.80, 0.00 , 5.428366E-006, -5.421040E-006, -5.930848E-012, -8.877520E-014, 2.150400E+004 1.570926E+074 2.150400E+004, Thu Sep 03 00:39:57 2015
