0.00, 0.00, 1.60, 0.00 , 6.584569E-009, -6.805680E-009, 4.767490E-010, 2.739660E-012, 2.150400E+004 1.570926E+074 2.150400E+004, Sun Aug 30 23:46:44 2015
0.05, 0.00, 1.60, 0.00 , 3.409229E-006, -3.415120E-006, 4.292482E-010, -1.888630E-013, 2.150400E+004 1.570926E+074 2.150400E+004, Sun Aug 30 23:46:48 2015
0.10, 0.00, 1.60, 0.00 , 6.389574E-006, -6.395450E-006, 4.088309E-010, -1.133570E-012, 2.150400E+004 1.570926E+074 2.150400E+004, Sun Aug 30 23:46:52 2015
0.15, 0.00, 1.60, 0.00 , 8.962083E-006, -8.963840E-006, 4.042609E-010, -1.721670E-012, 2.150400E+004 1.570926E+074 2.150400E+004, Sun Aug 30 23:46:55 2015
0.20, 0.00, 1.60, 0.00 , 1.115356E-005, -1.115400E-005, 3.959597E-010, -2.082050E-012, 2.150400E+004 1.570926E+074 2.150400E+004, Sun Aug 30 23:46:59 2015
0.25, 0.00, 1.60, 0.00 , 1.298470E-005, -1.297500E-005, 3.856465E-010, -2.172830E-012, 2.150400E+004 1.570926E+074 2.150400E+004, Sun Aug 30 23:47:03 2015
0.30, 0.00, 1.60, 0.00 , 1.448633E-005, -1.448660E-005, 3.793575E-010, -2.326710E-012, 2.150400E+004 1.570926E+074 2.150400E+004, Sun Aug 30 23:47:06 2015
0.35, 0.00, 1.60, 0.00 , 1.569691E-005, -1.571440E-005, 3.804896E-010, -2.287700E-012, 2.150400E+004 1.570926E+074 2.150400E+004, Sun Aug 30 23:47:10 2015
0.40, 0.00, 1.60, 0.00 , 1.666374E-005, -1.666600E-005, 3.771356E-010, -2.342690E-012, 2.150400E+004 1.570926E+074 2.150400E+004, Sun Aug 30 23:47:13 2015
0.45, 0.00, 1.60, 0.00 , 1.746085E-005, -1.744660E-005, 3.672833E-010, -2.446500E-012, 2.150400E+004 1.570926E+074 2.150400E+004, Sun Aug 30 23:47:17 2015
0.50, 0.00, 1.60, 0.00 , 1.808160E-005, -1.806520E-005, 3.668641E-010, -2.494590E-012, 2.150400E+004 1.570926E+074 2.150400E+004, Sun Aug 30 23:47:20 2015
0.55, 0.00, 1.60, 0.00 , 1.855774E-005, -1.856220E-005, 3.701340E-010, -2.463510E-012, 2.150400E+004 1.570926E+074 2.150400E+004, Sun Aug 30 23:47:24 2015
0.60, 0.00, 1.60, 0.00 , 1.912248E-005, -1.912960E-005, 3.711405E-010, -2.423110E-012, 2.150400E+004 1.570926E+074 2.150400E+004, Sun Aug 30 23:47:27 2015
0.65, 0.00, 1.60, 0.00 , 1.952086E-005, -1.955250E-005, 3.692536E-010, -2.488360E-012, 2.150400E+004 1.570926E+074 2.150400E+004, Sun Aug 30 23:47:31 2015
0.70, 0.00, 1.60, 0.00 , 1.988931E-005, -1.988800E-005, 3.721884E-010, -2.502120E-012, 2.150400E+004 1.570926E+074 2.150400E+004, Sun Aug 30 23:47:35 2015
0.75, 0.00, 1.60, 0.00 , 2.025449E-005, -2.024450E-005, 3.783096E-010, -2.488390E-012, 2.150400E+004 1.570926E+074 2.150400E+004, Sun Aug 30 23:47:38 2015
0.80, 0.00, 1.60, 0.00 , 2.056816E-005, -2.057710E-005, 3.821247E-010, -2.524010E-012, 2.150400E+004 1.570926E+074 2.150400E+004, Sun Aug 30 23:47:42 2015
0.85, 0.00, 1.60, 0.00 , 2.082417E-005, -2.083480E-005, 3.803220E-010, -2.499200E-012, 2.150400E+004 1.570926E+074 2.150400E+004, Sun Aug 30 23:47:45 2015
0.90, 0.00, 1.60, 0.00 , 2.112076E-005, -2.113660E-005, 3.834243E-010, -2.538300E-012, 2.150400E+004 1.570926E+074 2.150400E+004, Sun Aug 30 23:47:49 2015
0.95, 0.00, 1.60, 0.00 , 2.135106E-005, -2.137520E-005, 3.839271E-010, -2.648810E-012, 2.150400E+004 1.570926E+074 2.150400E+004, Sun Aug 30 23:47:52 2015
1.00, 0.00, 1.60, 0.00 , 2.157157E-005, -2.158310E-005, 3.907611E-010, -2.678320E-012, 2.150400E+004 1.570926E+074 2.150400E+004, Sun Aug 30 23:47:56 2015
1.05, 0.00, 1.60, 0.00 , 2.180896E-005, -2.182460E-005, 3.925220E-010, -2.651060E-012, 2.150400E+004 1.570926E+074 2.150400E+004, Sun Aug 30 23:47:59 2015
1.10, 0.00, 1.60, 0.00 , 2.203434E-005, -2.202640E-005, 3.940732E-010, -2.757280E-012, 2.150400E+004 1.570926E+074 2.150400E+004, Sun Aug 30 23:48:03 2015
1.15, 0.00, 1.60, 0.00 , 2.222105E-005, -2.223260E-005, 3.976368E-010, -2.676640E-012, 2.150400E+004 1.570926E+074 2.150400E+004, Sun Aug 30 23:48:06 2015
1.20, 0.00, 1.60, 0.00 , 2.239981E-005, -2.238610E-005, 4.023746E-010, -2.810940E-012, 2.150400E+004 1.570926E+074 2.150400E+004, Sun Aug 30 23:48:10 2015
1.25, 0.00, 1.60, 0.00 , 2.264505E-005, -2.261760E-005, 4.046384E-010, -2.939190E-012, 2.150400E+004 1.570926E+074 2.150400E+004, Sun Aug 30 23:48:13 2015
1.30, 0.00, 1.60, 0.00 , 2.279920E-005, -2.280640E-005, 4.012422E-010, -3.230600E-012, 2.150400E+004 1.570926E+074 2.150400E+004, Sun Aug 30 23:48:17 2015
1.35, 0.00, 1.60, 0.00 , 2.304469E-005, -2.306590E-005, 4.070278E-010, -3.954780E-012, 2.150400E+004 1.570926E+074 2.150400E+004, Sun Aug 30 23:48:21 2015
1.40, 0.00, 1.60, 0.00 , 2.330769E-005, -2.330450E-005, 4.042191E-010, -5.272200E-012, 2.150400E+004 1.570926E+074 2.150400E+004, Sun Aug 30 23:48:24 2015
1.45, 0.00, 1.60, 0.00 , 2.352893E-005, -2.351670E-005, 4.084115E-010, -7.831000E-012, 2.150400E+004 1.570926E+074 2.150400E+004, Sun Aug 30 23:48:28 2015
1.50, 0.00, 1.60, 0.00 , 2.376608E-005, -2.379160E-005, 4.112623E-010, -1.304310E-011, 2.150400E+004 1.570926E+074 2.150400E+004, Sun Aug 30 23:48:31 2015
1.55, 0.00, 1.60, 0.00 , 2.405376E-005, -2.405770E-005, 4.130234E-010, -2.308690E-011, 2.150400E+004 1.570926E+074 2.150400E+004, Sun Aug 30 23:48:35 2015
1.60, 0.00, 1.60, 0.00 , 2.430722E-005, -2.434610E-005, 4.170898E-010, -4.110730E-011, 2.150400E+004 1.570926E+074 2.150400E+004, Sun Aug 30 23:48:38 2015
1.65, 0.00, 1.60, 0.00 , 2.453339E-005, -2.452750E-005, 4.221631E-010, -7.234500E-011, 2.150400E+004 1.570926E+074 2.150400E+004, Sun Aug 30 23:48:42 2015
1.70, 0.00, 1.60, 0.00 , 2.481502E-005, -2.481880E-005, 4.306735E-010, -1.240810E-010, 2.150400E+004 1.570926E+074 2.150400E+004, Sun Aug 30 23:48:47 2015
1.75, 0.00, 1.60, 0.00 , 2.502802E-005, -2.503420E-005, 4.341954E-010, -2.109450E-010, 2.150400E+004 1.570926E+074 2.150400E+004, Sun Aug 30 23:48:50 2015
1.80, 0.00, 1.60, 0.00 , 2.522356E-005, -2.518910E-005, 4.383041E-010, -3.459050E-010, 2.150400E+004 1.570926E+074 2.150400E+004, Sun Aug 30 23:48:53 2015
1.85, 0.00, 1.60, 0.00 , 2.547201E-005, -2.549790E-005, 4.451377E-010, -5.501510E-010, 2.150400E+004 1.570926E+074 2.150400E+004, Sun Aug 30 23:48:57 2015
1.90, 0.00, 1.60, 0.00 , 2.561415E-005, -2.562460E-005, 4.478630E-010, -8.509500E-010, 2.150400E+004 1.570926E+074 2.150400E+004, Sun Aug 30 23:49:00 2015
1.95, 0.00, 1.60, 0.00 , 2.590770E-005, -2.592250E-005, 4.496656E-010, -1.277850E-009, 2.150400E+004 1.570926E+074 2.150400E+004, Sun Aug 30 23:49:03 2015
2.00, 0.00, 1.60, 0.00 , 2.611959E-005, -2.610220E-005, 4.531873E-010, -1.865350E-009, 2.150400E+004 1.570926E+074 2.150400E+004, Sun Aug 30 23:49:06 2015
