0.05, 0.00, 0.00, 0.00 , 8.388644E-012, -3.442210E-011, -5.758604E-011, -5.305410E-013, 2.150400E+004 1.570926E+074 2.150400E+004, Sun Aug 30 22:59:05 2015
0.05, 0.00, 0.02, 0.00 , -3.848634E-012, -3.309170E-011, -4.467189E-011, -6.031270E-013, 2.150400E+004 1.570926E+074 2.150400E+004, Sun Aug 30 22:59:08 2015
0.05, 0.00, 0.04, 0.00 , 5.097371E-012, -3.201590E-011, -4.031128E-011, -6.997230E-013, 2.150400E+004 1.570926E+074 2.150400E+004, Sun Aug 30 22:59:12 2015
0.05, 0.00, 0.06, 0.00 , 1.341885E-012, -3.111980E-011, -3.175774E-011, -7.382390E-013, 2.150400E+004 1.570926E+074 2.150400E+004, Sun Aug 30 22:59:16 2015
0.05, 0.00, 0.08, 0.00 , 3.704904E-012, -3.044220E-011, -2.706169E-011, -7.393600E-013, 2.150400E+004 1.570926E+074 2.150400E+004, Sun Aug 30 22:59:19 2015
0.05, 0.00, 0.10, 0.00 , 3.409533E-012, -2.991820E-011, -2.219801E-011, -8.410330E-013, 2.150400E+004 1.570926E+074 2.150400E+004, Sun Aug 30 22:59:23 2015
0.05, 0.00, 0.12, 0.00 , -8.524804E-013, -2.940680E-011, -2.001791E-011, -8.387690E-013, 2.150400E+004 1.570926E+074 2.150400E+004, Sun Aug 30 22:59:27 2015
0.05, 0.00, 0.14, 0.00 , 1.552882E-012, -2.889140E-011, -1.909557E-011, -8.844850E-013, 2.150400E+004 1.570926E+074 2.150400E+004, Sun Aug 30 22:59:30 2015
0.05, 0.00, 0.16, 0.00 , -1.232276E-012, -2.848200E-011, -1.456768E-011, -8.383870E-013, 2.150400E+004 1.570926E+074 2.150400E+004, Sun Aug 30 22:59:34 2015
0.05, 0.00, 0.18, 0.00 , 3.198553E-012, -2.809310E-011, -1.142332E-011, -9.002450E-013, 2.150400E+004 1.570926E+074 2.150400E+004, Sun Aug 30 22:59:38 2015
0.05, 0.00, 0.20, 0.00 , -6.836849E-013, -2.764940E-011, -7.063123E-012, -8.597140E-013, 2.150400E+004 1.570926E+074 2.150400E+004, Sun Aug 30 22:59:41 2015
0.05, 0.00, 0.22, 0.00 , -2.540455E-012, -2.723460E-011, -2.451392E-012, -9.008410E-013, 2.150400E+004 1.570926E+074 2.150400E+004, Sun Aug 30 22:59:45 2015
0.05, 0.00, 0.24, 0.00 , -3.933036E-012, -2.695330E-011, -6.905622E-013, -9.016280E-013, 2.150400E+004 1.570926E+074 2.150400E+004, Sun Aug 30 22:59:49 2015
0.05, 0.00, 0.26, 0.00 , -1.358875E-012, -2.673090E-011, 3.921202E-012, -9.788750E-013, 2.150400E+004 1.570926E+074 2.150400E+004, Sun Aug 30 22:59:52 2015
0.05, 0.00, 0.28, 0.00 , -5.069166E-014, -2.647140E-011, 6.981703E-012, -9.708400E-013, 2.150400E+004 1.570926E+074 2.150400E+004, Sun Aug 30 22:59:56 2015
0.05, 0.00, 0.30, 0.00 , -1.190076E-012, -2.615960E-011, 8.910248E-012, -9.711500E-013, 2.150400E+004 1.570926E+074 2.150400E+004, Sun Aug 30 23:00:00 2015
0.05, 0.00, 0.32, 0.00 , -3.131246E-012, -2.582930E-011, 1.243194E-011, -9.696010E-013, 2.150400E+004 1.570926E+074 2.150400E+004, Sun Aug 30 23:00:03 2015
0.05, 0.00, 0.34, 0.00 , -5.069296E-014, -2.569020E-011, 1.616324E-011, -9.468790E-013, 2.150400E+004 1.570926E+074 2.150400E+004, Sun Aug 30 23:00:07 2015
0.05, 0.00, 0.36, 0.00 , -2.582654E-012, -2.550790E-011, 1.905605E-011, -9.560230E-013, 2.150400E+004 1.570926E+074 2.150400E+004, Sun Aug 30 23:00:11 2015
0.05, 0.00, 0.38, 0.00 , -4.304859E-013, -2.513030E-011, 2.173926E-011, -9.952310E-013, 2.150400E+004 1.570926E+074 2.150400E+004, Sun Aug 30 23:00:14 2015
0.05, 0.00, 0.40, 0.00 , -3.890834E-012, -2.499510E-011, 2.391936E-011, -9.738800E-013, 2.150400E+004 1.570926E+074 2.150400E+004, Sun Aug 30 23:00:18 2015
0.05, 0.00, 0.42, 0.00 , -7.688778E-012, -2.473030E-011, 2.446440E-011, -9.354470E-013, 2.150400E+004 1.570926E+074 2.150400E+004, Sun Aug 30 23:00:22 2015
0.05, 0.00, 0.44, 0.00 , -7.680829E-013, -2.458560E-011, 2.915997E-011, -1.037750E-012, 2.150400E+004 1.570926E+074 2.150400E+004, Sun Aug 30 23:00:25 2015
0.05, 0.00, 0.46, 0.00 , -3.764237E-012, -2.454700E-011, 3.385555E-011, -9.845020E-013, 2.150400E+004 1.570926E+074 2.150400E+004, Sun Aug 30 23:00:29 2015
0.05, 0.00, 0.48, 0.00 , -3.679833E-012, -2.441660E-011, 3.712570E-011, -9.479400E-013, 2.150400E+004 1.570926E+074 2.150400E+004, Sun Aug 30 23:00:33 2015
0.05, 0.00, 0.50, 0.00 , -4.304875E-013, -2.446590E-011, 4.337251E-011, -9.862070E-013, 2.150400E+004 1.570926E+074 2.150400E+004, Sun Aug 30 23:00:36 2015
0.05, 0.00, 0.52, 0.00 , -3.890834E-012, -2.473130E-011, 4.349830E-011, -1.009140E-012, 2.150400E+004 1.570926E+074 2.150400E+004, Sun Aug 30 23:00:40 2015
0.05, 0.00, 0.54, 0.00 , -2.034061E-012, -2.497490E-011, 4.823576E-011, -1.031660E-012, 2.150400E+004 1.570926E+074 2.150400E+004, Sun Aug 30 23:00:44 2015
0.05, 0.00, 0.56, 0.00 , -2.034062E-012, -2.582110E-011, 4.970316E-011, -9.419800E-013, 2.150400E+004 1.570926E+074 2.150400E+004, Sun Aug 30 23:00:47 2015
0.05, 0.00, 0.58, 0.00 , -4.304879E-013, -2.706550E-011, 5.062552E-011, -1.060190E-012, 2.150400E+004 1.570926E+074 2.150400E+004, Sun Aug 30 23:00:51 2015
0.05, 0.00, 0.60, 0.00 , 2.734398E-012, -2.939250E-011, 5.502764E-011, -9.214160E-013, 2.150400E+004 1.570926E+074 2.150400E+004, Sun Aug 30 23:00:55 2015
0.05, 0.00, 0.62, 0.00 , 5.772505E-012, -3.258260E-011, 5.678847E-011, -1.005790E-012, 2.150400E+004 1.570926E+074 2.150400E+004, Sun Aug 30 23:00:58 2015
0.05, 0.00, 0.64, 0.00 , 9.063789E-012, -3.749910E-011, 4.655879E-011, -8.670930E-013, 2.150400E+004 1.570926E+074 2.150400E+004, Sun Aug 30 23:01:10 2015
0.05, 0.00, 0.66, 0.00 , 1.784053E-011, -4.583270E-011, 4.987086E-011, -9.699700E-013, 2.150400E+004 1.570926E+074 2.150400E+004, Sun Aug 30 23:01:16 2015
0.05, 0.00, 0.68, 0.00 , 2.817853E-011, -5.622540E-011, 1.796606E-011, -9.084580E-013, 2.150400E+004 1.570926E+074 2.150400E+004, Sun Aug 30 23:02:26 2015
0.05, 0.00, 0.70, 0.00 , 4.307369E-011, -7.574430E-011, 1.809178E-011, -8.148190E-013, 2.150400E+004 1.570926E+074 2.150400E+004, Sun Aug 30 23:02:46 2015
0.05, 0.00, 0.72, 0.00 , 8.746374E-011, -1.105330E-010, 1.775641E-011, -8.795980E-013, 2.150400E+004 1.570926E+074 2.150400E+004, Sun Aug 30 23:02:53 2015
0.05, 0.00, 0.74, 0.00 , 1.408839E-010, -1.680540E-010, 1.582786E-011, -7.732630E-013, 2.150400E+004 1.570926E+074 2.150400E+004, Sun Aug 30 23:02:57 2015
0.05, 0.00, 0.76, 0.00 , 2.349809E-010, -2.615790E-010, 3.343631E-011, -7.764580E-013, 2.150400E+004 1.570926E+074 2.150400E+004, Sun Aug 30 23:03:05 2015
0.05, 0.00, 0.78, 0.00 , 3.859576E-010, -4.167010E-010, 3.440057E-011, -9.685040E-013, 2.150400E+004 1.570926E+074 2.150400E+004, Sun Aug 30 23:03:10 2015
0.05, 0.00, 0.80, 0.00 , 6.410323E-010, -6.742360E-010, 3.884459E-011, -8.276580E-013, 2.150400E+004 1.570926E+074 2.150400E+004, Sun Aug 30 23:03:15 2015
0.05, 0.00, 0.82, 0.00 , 1.078097E-009, -1.102220E-009, 3.955736E-011, -8.258100E-013, 2.150400E+004 1.570926E+074 2.150400E+004, Sun Aug 30 23:03:21 2015
0.05, 0.00, 0.84, 0.00 , 1.768211E-009, -1.797040E-009, 3.142392E-011, -8.802410E-013, 2.150400E+004 1.570926E+074 2.150400E+004, Sun Aug 30 23:03:25 2015
0.05, 0.00, 0.86, 0.00 , 2.845388E-009, -2.870400E-009, 4.764883E-011, -9.326580E-013, 2.150400E+004 1.570926E+074 2.150400E+004, Sun Aug 30 23:03:28 2015
0.05, 0.00, 0.88, 0.00 , 4.637280E-009, -4.679320E-009, 3.959927E-011, -1.082590E-012, 2.150400E+004 1.570926E+074 2.150400E+004, Sun Aug 30 23:03:32 2015
0.05, 0.00, 0.90, 0.00 , 7.351411E-009, -7.338150E-009, 4.471411E-011, -8.702520E-013, 2.150400E+004 1.570926E+074 2.150400E+004, Sun Aug 30 23:03:35 2015
0.05, 0.00, 0.92, 0.00 , 1.145441E-008, -1.149060E-008, 4.764882E-011, -1.024430E-012, 2.150400E+004 1.570926E+074 2.150400E+004, Sun Aug 30 23:03:39 2015
0.05, 0.00, 0.94, 0.00 , 1.724441E-008, -1.736720E-008, 4.991280E-011, -1.024090E-012, 2.150400E+004 1.570926E+074 2.150400E+004, Sun Aug 30 23:03:43 2015
0.05, 0.00, 0.96, 0.00 , 2.595854E-008, -2.586320E-008, 3.905427E-011, -1.000580E-012, 2.150400E+004 1.570926E+074 2.150400E+004, Sun Aug 30 23:03:46 2015
0.05, 0.00, 0.98, 0.00 , 3.788761E-008, -3.786410E-008, 5.896854E-011, -1.088790E-012, 2.150400E+004 1.570926E+074 2.150400E+004, Sun Aug 30 23:03:50 2015
0.05, 0.00, 1.00, 0.00 , 5.364362E-008, -5.370250E-008, 6.307721E-011, -9.004950E-013, 2.150400E+004 1.570926E+074 2.150400E+004, Sun Aug 30 23:03:53 2015
0.05, 0.00, 1.02, 0.00 , 7.542612E-008, -7.547970E-008, 6.215482E-011, -1.063590E-012, 2.150400E+004 1.570926E+074 2.150400E+004, Sun Aug 30 23:03:57 2015
0.05, 0.00, 1.04, 0.00 , 1.016537E-007, -1.015970E-007, 6.026828E-011, -1.231400E-012, 2.150400E+004 1.570926E+074 2.150400E+004, Sun Aug 30 23:04:01 2015
0.05, 0.00, 1.06, 0.00 , 1.349098E-007, -1.350110E-007, 6.387380E-011, -8.844260E-013, 2.150400E+004 1.570926E+074 2.150400E+004, Sun Aug 30 23:04:04 2015
0.05, 0.00, 1.08, 0.00 , 1.772262E-007, -1.767960E-007, 5.838163E-011, -8.011100E-013, 2.150400E+004 1.570926E+074 2.150400E+004, Sun Aug 30 23:04:08 2015
0.05, 0.00, 1.10, 0.00 , 2.275555E-007, -2.261310E-007, 5.251218E-011, -1.365580E-012, 2.150400E+004 1.570926E+074 2.150400E+004, Sun Aug 30 23:04:11 2015
0.05, 0.00, 1.12, 0.00 , 2.856259E-007, -2.854520E-007, 6.525729E-011, -1.108260E-012, 2.150400E+004 1.570926E+074 2.150400E+004, Sun Aug 30 23:04:15 2015
0.05, 0.00, 1.14, 0.00 , 3.530284E-007, -3.554510E-007, 7.305529E-011, -4.190470E-012, 2.150400E+004 1.570926E+074 2.150400E+004, Sun Aug 30 23:04:18 2015
0.05, 0.00, 1.16, 0.00 , 4.315800E-007, -4.298610E-007, 2.634360E-010, -1.221170E-012, 2.150400E+004 1.570926E+074 2.150400E+004, Sun Aug 30 23:04:22 2015
0.05, 0.00, 1.18, 0.00 , 5.217345E-007, -5.219620E-007, 2.787807E-010, -1.129440E-012, 2.150400E+004 1.570926E+074 2.150400E+004, Sun Aug 30 23:04:25 2015
0.05, 0.00, 1.20, 0.00 , 6.173487E-007, -6.169190E-007, 2.874173E-010, -1.117000E-012, 2.150400E+004 1.570926E+074 2.150400E+004, Sun Aug 30 23:04:29 2015
0.05, 0.00, 1.22, 0.00 , 7.170560E-007, -7.142520E-007, 2.968503E-010, -1.106510E-012, 2.150400E+004 1.570926E+074 2.150400E+004, Sun Aug 30 23:04:32 2015
0.05, 0.00, 1.24, 0.00 , 8.346935E-007, -8.349230E-007, 3.061159E-010, -1.075230E-012, 2.150400E+004 1.570926E+074 2.150400E+004, Sun Aug 30 23:04:36 2015
0.05, 0.00, 1.26, 0.00 , 9.545387E-007, -9.537860E-007, 3.124883E-010, -1.131880E-012, 2.150400E+004 1.570926E+074 2.150400E+004, Sun Aug 30 23:04:40 2015
0.05, 0.00, 1.28, 0.00 , 1.078279E-006, -1.079670E-006, 3.177291E-010, -1.061320E-012, 2.150400E+004 1.570926E+074 2.150400E+004, Sun Aug 30 23:04:43 2015
0.05, 0.00, 1.30, 0.00 , 1.214099E-006, -1.215130E-006, 3.192803E-010, -1.105310E-012, 2.150400E+004 1.570926E+074 2.150400E+004, Sun Aug 30 23:04:47 2015
0.05, 0.00, 1.32, 0.00 , 1.353681E-006, -1.356490E-006, 3.300553E-010, -1.065210E-012, 2.150400E+004 1.570926E+074 2.150400E+004, Sun Aug 30 23:04:50 2015
0.05, 0.00, 1.34, 0.00 , 1.499733E-006, -1.497450E-006, 3.418356E-010, -1.051470E-012, 2.150400E+004 1.570926E+074 2.150400E+004, Sun Aug 30 23:04:54 2015
0.05, 0.00, 1.36, 0.00 , 1.647602E-006, -1.647610E-006, 3.479989E-010, -1.056770E-012, 2.150400E+004 1.570926E+074 2.150400E+004, Sun Aug 30 23:04:57 2015
0.05, 0.00, 1.38, 0.00 , 1.795440E-006, -1.795510E-006, 3.524431E-010, -1.030830E-012, 2.150400E+004 1.570926E+074 2.150400E+004, Sun Aug 30 23:05:01 2015
0.05, 0.00, 1.40, 0.00 , 1.959287E-006, -1.956650E-006, 3.622115E-010, -1.075420E-012, 2.150400E+004 1.570926E+074 2.150400E+004, Sun Aug 30 23:05:05 2015
0.05, 0.00, 1.42, 0.00 , 2.106682E-006, -2.104800E-006, 3.762142E-010, -1.081100E-012, 2.150400E+004 1.570926E+074 2.150400E+004, Sun Aug 30 23:05:08 2015
0.05, 0.00, 1.44, 0.00 , 2.280006E-006, -2.279660E-006, 3.903010E-010, -1.099600E-012, 2.150400E+004 1.570926E+074 2.150400E+004, Sun Aug 30 23:05:12 2015
0.05, 0.00, 1.46, 0.00 , 2.448533E-006, -2.448820E-006, 4.053519E-010, -9.946820E-013, 2.150400E+004 1.570926E+074 2.150400E+004, Sun Aug 30 23:05:15 2015
0.05, 0.00, 1.48, 0.00 , 2.608053E-006, -2.600780E-006, 4.141141E-010, -1.110160E-012, 2.150400E+004 1.570926E+074 2.150400E+004, Sun Aug 30 23:05:19 2015
0.05, 0.00, 1.50, 0.00 , 2.761767E-006, -2.768540E-006, 4.359152E-010, -1.103120E-012, 2.150400E+004 1.570926E+074 2.150400E+004, Sun Aug 30 23:05:22 2015
0.05, 0.00, 1.52, 0.00 , 2.920663E-006, -2.924240E-006, 4.452643E-010, -1.122340E-012, 2.150400E+004 1.570926E+074 2.150400E+004, Sun Aug 30 23:05:26 2015
0.05, 0.00, 1.54, 0.00 , 3.090391E-006, -3.088500E-006, 4.529788E-010, -1.037840E-012, 2.150400E+004 1.570926E+074 2.150400E+004, Sun Aug 30 23:05:29 2015
0.05, 0.00, 1.56, 0.00 , 3.250278E-006, -3.247610E-006, 4.689939E-010, -1.124790E-012, 2.150400E+004 1.570926E+074 2.150400E+004, Sun Aug 30 23:05:33 2015
0.05, 0.00, 1.58, 0.00 , 3.414004E-006, -3.414250E-006, 4.811104E-010, -1.054160E-012, 2.150400E+004 1.570926E+074 2.150400E+004, Sun Aug 30 23:05:36 2015
0.05, 0.00, 1.60, 0.00 , 3.571409E-006, -3.572930E-006, 4.962452E-010, -1.059940E-012, 2.150400E+004 1.570926E+074 2.150400E+004, Sun Aug 30 23:05:40 2015
0.05, 0.00, 1.62, 0.00 , 3.733972E-006, -3.734190E-006, 5.112966E-010, -1.042030E-012, 2.150400E+004 1.570926E+074 2.150400E+004, Sun Aug 30 23:05:43 2015
0.05, 0.00, 1.64, 0.00 , 3.894979E-006, -3.893000E-006, 5.162852E-010, -1.072380E-012, 2.150400E+004 1.570926E+074 2.150400E+004, Sun Aug 30 23:05:47 2015
0.05, 0.00, 1.66, 0.00 , 4.041054E-006, -4.043700E-006, 5.298272E-010, -1.024530E-012, 2.150400E+004 1.570926E+074 2.150400E+004, Sun Aug 30 23:05:51 2015
0.05, 0.00, 1.68, 0.00 , 4.207226E-006, -4.199390E-006, 5.493220E-010, -1.053150E-012, 2.150400E+004 1.570926E+074 2.150400E+004, Sun Aug 30 23:05:54 2015
0.05, 0.00, 1.70, 0.00 , 4.354474E-006, -4.352300E-006, 5.516700E-010, -1.038670E-012, 2.150400E+004 1.570926E+074 2.150400E+004, Sun Aug 30 23:05:58 2015
0.05, 0.00, 1.72, 0.00 , 4.506391E-006, -4.509210E-006, 5.743511E-010, -1.071240E-012, 2.150400E+004 1.570926E+074 2.150400E+004, Sun Aug 30 23:06:01 2015
0.05, 0.00, 1.74, 0.00 , 4.657954E-006, -4.654790E-006, 5.929240E-010, -1.097510E-012, 2.150400E+004 1.570926E+074 2.150400E+004, Sun Aug 30 23:06:05 2015
0.05, 0.00, 1.76, 0.00 , 4.803495E-006, -4.802880E-006, 6.047049E-010, -1.049580E-012, 2.150400E+004 1.570926E+074 2.150400E+004, Sun Aug 30 23:06:08 2015
0.05, 0.00, 1.78, 0.00 , 4.948583E-006, -4.948260E-006, 6.255838E-010, -1.004210E-012, 2.150400E+004 1.570926E+074 2.150400E+004, Sun Aug 30 23:06:12 2015
0.05, 0.00, 1.80, 0.00 , 5.080612E-006, -5.076110E-006, 6.447853E-010, -1.061940E-012, 2.150400E+004 1.570926E+074 2.150400E+004, Sun Aug 30 23:06:15 2015
0.05, 0.00, 1.82, 0.00 , 5.233773E-006, -5.232140E-006, 6.653281E-010, -1.066730E-012, 2.150400E+004 1.570926E+074 2.150400E+004, Sun Aug 30 23:06:19 2015
0.05, 0.00, 1.84, 0.00 , 5.363089E-006, -5.362930E-006, 6.848232E-010, -1.077030E-012, 2.150400E+004 1.570926E+074 2.150400E+004, Sun Aug 30 23:06:23 2015
0.05, 0.00, 1.86, 0.00 , 5.503780E-006, -5.508600E-006, 7.102717E-010, -1.048090E-012, 2.150400E+004 1.570926E+074 2.150400E+004, Sun Aug 30 23:06:26 2015
0.05, 0.00, 1.88, 0.00 , 5.635824E-006, -5.641500E-006, 7.332050E-010, -1.085620E-012, 2.150400E+004 1.570926E+074 2.150400E+004, Sun Aug 30 23:06:30 2015
0.05, 0.00, 1.90, 0.00 , 5.775683E-006, -5.776770E-006, 7.574792E-010, -1.091660E-012, 2.150400E+004 1.570926E+074 2.150400E+004, Sun Aug 30 23:06:33 2015
0.05, 0.00, 1.92, 0.00 , 5.900733E-006, -5.908450E-006, 7.768907E-010, -1.115610E-012, 2.150400E+004 1.570926E+074 2.150400E+004, Sun Aug 30 23:06:37 2015
0.05, 0.00, 1.94, 0.00 , 6.032771E-006, -6.044740E-006, 8.004103E-010, -8.236530E-013, 2.150400E+004 1.570926E+074 2.150400E+004, Sun Aug 30 23:06:40 2015
0.05, 0.00, 1.96, 0.00 , 6.163025E-006, -6.163790E-006, 8.287938E-010, -1.261040E-012, 2.150400E+004 1.570926E+074 2.150400E+004, Sun Aug 30 23:06:44 2015
0.05, 0.00, 1.98, 0.00 , 6.282564E-006, -6.285380E-006, 8.526906E-010, -9.317040E-013, 2.150400E+004 1.570926E+074 2.150400E+004, Sun Aug 30 23:06:47 2015
0.05, 0.00, 2.00, 0.00 , 6.401621E-006, -6.409440E-006, 8.979279E-010, -1.002160E-012, 2.150400E+004 1.570926E+074 2.150400E+004, Sun Aug 30 23:06:51 2015
