0.05, 0.00, 0.00, 0.00 , -2.959042E-011, -8.605600E-013, -3.746009E-011, -8.935810E-013, 2.150400E+004 1.570926E+074 2.150400E+004, Wed Sep 02 16:39:27 2015
0.05, 0.00, 0.02, 0.00 , -3.305077E-011, -7.446770E-013, -3.779553E-011, -6.476160E-013, 2.150400E+004 1.570926E+074 2.150400E+004, Wed Sep 02 16:40:21 2015
0.05, 0.00, 0.04, 0.00 , -3.343058E-011, -3.649830E-013, -3.557328E-011, -7.017370E-013, 2.150400E+004 1.570926E+074 2.150400E+004, Wed Sep 02 16:40:27 2015
0.05, 0.00, 0.06, 0.00 , -3.064540E-011, -1.048180E-012, -3.427349E-011, -7.691980E-013, 2.150400E+004 1.570926E+074 2.150400E+004, Wed Sep 02 16:40:57 2015
0.05, 0.00, 0.08, 0.00 , -3.123619E-011, -5.631330E-013, -3.381227E-011, -8.753180E-013, 2.150400E+004 1.570926E+074 2.150400E+004, Wed Sep 02 16:41:22 2015
0.05, 0.00, 0.10, 0.00 , -3.321957E-011, -5.104660E-013, -3.691502E-011, -6.971240E-013, 2.150400E+004 1.570926E+074 2.150400E+004, Wed Sep 02 16:41:31 2015
0.05, 0.00, 0.12, 0.00 , -3.005461E-011, -5.521540E-013, -3.653766E-011, -9.606600E-013, 2.150400E+004 1.570926E+074 2.150400E+004, Wed Sep 02 16:41:36 2015
0.05, 0.00, 0.14, 0.00 , -3.110958E-011, -6.619100E-013, -3.288983E-011, -9.231570E-013, 2.150400E+004 1.570926E+074 2.150400E+004, Wed Sep 02 16:42:05 2015
0.05, 0.00, 0.16, 0.00 , -3.587814E-011, -8.050920E-013, -3.586680E-011, -7.896070E-013, 2.150400E+004 1.570926E+074 2.150400E+004, Wed Sep 02 16:42:16 2015
0.05, 0.00, 0.18, 0.00 , -2.613006E-011, -6.319640E-013, -3.557329E-011, -8.661630E-013, 2.150400E+004 1.570926E+074 2.150400E+004, Wed Sep 02 16:42:43 2015
0.05, 0.00, 0.20, 0.00 , -8.026422E-012, -9.154560E-013, -3.431542E-011, -6.262540E-013, 2.150400E+004 1.570926E+074 2.150400E+004, Wed Sep 02 16:43:08 2015
0.05, 0.00, 0.22, 0.00 , -4.355061E-012, -1.006950E-012, -3.351876E-011, -8.753540E-013, 2.150400E+004 1.570926E+074 2.150400E+004, Wed Sep 02 16:43:22 2015
0.05, 0.00, 0.24, 0.00 , -3.089861E-011, -6.068950E-013, -3.154810E-011, -7.881760E-013, 2.150400E+004 1.570926E+074 2.150400E+004, Wed Sep 02 16:44:10 2015
0.05, 0.00, 0.26, 0.00 , -5.832042E-012, -5.923750E-013, -3.653765E-011, -3.792520E-013, 2.150400E+004 1.570926E+074 2.150400E+004, Wed Sep 02 16:44:27 2015
0.05, 0.00, 0.28, 0.00 , -3.613134E-011, -5.013110E-013, -2.735519E-011, -6.353020E-013, 2.150400E+004 1.570926E+074 2.150400E+004, Wed Sep 02 16:45:34 2015
0.05, 0.00, 0.30, 0.00 , -2.748043E-011, -3.516670E-013, -3.175775E-011, -7.744310E-013, 2.150400E+004 1.570926E+074 2.150400E+004, Wed Sep 02 16:45:39 2015
0.05, 0.00, 0.32, 0.00 , -2.288068E-011, -7.227300E-013, -3.276404E-011, -7.384060E-013, 2.150400E+004 1.570926E+074 2.150400E+004, Wed Sep 02 16:45:48 2015
0.05, 0.00, 0.34, 0.00 , -2.992801E-011, -5.871650E-013, -3.179968E-011, -6.857040E-013, 2.150400E+004 1.570926E+074 2.150400E+004, Wed Sep 02 16:46:10 2015
0.05, 0.00, 0.36, 0.00 , -3.047659E-011, -3.249650E-013, -2.953551E-011, -8.644580E-013, 2.150400E+004 1.570926E+074 2.150400E+004, Wed Sep 02 16:46:18 2015
0.05, 0.00, 0.38, 0.00 , -2.942160E-011, -4.712700E-013, -2.722941E-011, -7.035730E-013, 2.150400E+004 1.570926E+074 2.150400E+004, Wed Sep 02 16:46:34 2015
0.05, 0.00, 0.40, 0.00 , -2.942161E-011, -6.325480E-013, -3.045795E-011, -8.605960E-013, 2.150400E+004 1.570926E+074 2.150400E+004, Wed Sep 02 16:46:58 2015
0.05, 0.00, 0.42, 0.00 , -3.237557E-011, -4.408480E-013, -2.706169E-011, -9.394760E-013, 2.150400E+004 1.570926E+074 2.150400E+004, Wed Sep 02 16:47:55 2015
0.05, 0.00, 0.44, 0.00 , -3.106741E-011, -3.776670E-013, -2.823571E-011, -8.772610E-013, 2.150400E+004 1.570926E+074 2.150400E+004, Wed Sep 02 16:48:03 2015
0.05, 0.00, 0.46, 0.00 , -2.621445E-011, -7.050870E-013, -3.070953E-011, -9.321090E-013, 2.150400E+004 1.570926E+074 2.150400E+004, Wed Sep 02 16:48:26 2015
0.05, 0.00, 0.48, 0.00 , -3.494974E-011, -3.694530E-013, -2.899043E-011, -7.047890E-013, 2.150400E+004 1.570926E+074 2.150400E+004, Wed Sep 02 16:48:33 2015
0.05, 0.00, 0.50, 0.00 , -2.963262E-011, -5.962970E-013, -2.580382E-011, -8.821250E-013, 2.150400E+004 1.570926E+074 2.150400E+004, Wed Sep 02 16:48:56 2015
0.05, 0.00, 0.52, 0.00 , -2.537047E-011, -6.582140E-013, -2.668433E-011, -8.788230E-013, 2.150400E+004 1.570926E+074 2.150400E+004, Wed Sep 02 16:49:17 2015
0.05, 0.00, 0.54, 0.00 , -3.034998E-011, -6.286140E-013, -2.215608E-011, -8.381490E-013, 2.150400E+004 1.570926E+074 2.150400E+004, Wed Sep 02 16:49:24 2015
0.05, 0.00, 0.56, 0.00 , -3.077202E-011, -4.865530E-013, -2.739712E-011, -7.875200E-013, 2.150400E+004 1.570926E+074 2.150400E+004, Wed Sep 02 16:49:41 2015
0.05, 0.00, 0.58, 0.00 , -2.840881E-011, -4.805210E-013, -2.500716E-011, -7.072810E-013, 2.150400E+004 1.570926E+074 2.150400E+004, Wed Sep 02 16:50:08 2015
0.05, 0.00, 0.60, 0.00 , -3.170036E-011, -6.375550E-013, -2.437823E-011, -8.650180E-013, 2.150400E+004 1.570926E+074 2.150400E+004, Wed Sep 02 16:50:49 2015
0.05, 0.00, 0.62, 0.00 , -2.642544E-011, -5.730630E-013, -2.928393E-011, -8.826370E-013, 2.150400E+004 1.570926E+074 2.150400E+004, Wed Sep 02 16:51:49 2015
0.05, 0.00, 0.64, 0.00 , -3.094078E-011, -8.182410E-013, -2.748098E-011, -9.937520E-013, 2.150400E+004 1.570926E+074 2.150400E+004, Wed Sep 02 16:52:32 2015
0.05, 0.00, 0.66, 0.00 , -2.532826E-011, -7.724050E-013, -2.148528E-011, -7.877950E-013, 2.150400E+004 1.570926E+074 2.150400E+004, Wed Sep 02 16:52:41 2015
0.05, 0.00, 0.68, 0.00 , -2.942160E-011, -7.798790E-013, -2.379122E-011, -8.962270E-013, 2.150400E+004 1.570926E+074 2.150400E+004, Wed Sep 02 16:53:13 2015
0.05, 0.00, 0.70, 0.00 , -2.710062E-011, -7.073280E-013, -1.892786E-011, -7.212880E-013, 2.150400E+004 1.570926E+074 2.150400E+004, Wed Sep 02 16:53:29 2015
0.05, 0.00, 0.72, 0.00 , -4.945859E-012, -2.338650E-013, -2.047909E-011, -8.778330E-013, 2.150400E+004 1.570926E+074 2.150400E+004, Wed Sep 02 16:54:45 2015
0.05, 0.00, 0.74, 0.00 , -2.676303E-011, -8.533600E-013, -2.127566E-011, -8.803730E-013, 2.150400E+004 1.570926E+074 2.150400E+004, Wed Sep 02 16:55:10 2015
0.05, 0.00, 0.76, 0.00 , -3.030779E-011, -3.302930E-013, -2.161106E-011, -9.587530E-013, 2.150400E+004 1.570926E+074 2.150400E+004, Wed Sep 02 16:56:08 2015
0.05, 0.00, 0.78, 0.00 , -2.984361E-011, -8.571980E-013, -2.291073E-011, -6.992700E-013, 2.150400E+004 1.570926E+074 2.150400E+004, Wed Sep 02 16:56:17 2015
0.05, 0.00, 0.80, 0.00 , -3.174256E-011, -6.429310E-013, -2.119181E-011, -6.096840E-013, 2.150400E+004 1.570926E+074 2.150400E+004, Wed Sep 02 16:56:22 2015
0.05, 0.00, 0.82, 0.00 , 9.781155E-012, 9.727480E-015, -3.448313E-011, -9.677050E-013, 2.150400E+004 1.570926E+074 2.150400E+004, Wed Sep 02 16:56:44 2015
0.05, 0.00, 0.84, 0.00 , -2.811342E-011, -6.089450E-013, -1.733472E-011, -7.509950E-013, 2.150400E+004 1.570926E+074 2.150400E+004, Wed Sep 02 16:56:52 2015
0.05, 0.00, 0.86, 0.00 , -2.942159E-011, -3.246670E-013, -2.043716E-011, -7.929210E-013, 2.150400E+004 1.570926E+074 2.150400E+004, Wed Sep 02 16:57:47 2015
0.05, 0.00, 0.88, 0.00 , -2.883080E-011, -3.131510E-013, -1.855054E-011, -8.378510E-013, 2.150400E+004 1.570926E+074 2.150400E+004, Wed Sep 02 16:57:58 2015
0.05, 0.00, 0.90, 0.00 , 6.110088E-012, -6.353020E-013, -2.525874E-011, -7.060050E-013, 2.150400E+004 1.570926E+074 2.150400E+004, Wed Sep 02 16:58:18 2015
0.05, 0.00, 0.92, 0.00 , -3.275536E-011, -5.924460E-013, -2.119181E-011, -8.190630E-013, 2.150400E+004 1.570926E+074 2.150400E+004, Wed Sep 02 16:58:24 2015
0.05, 0.00, 0.94, 0.00 , -3.258655E-011, -6.976010E-013, -1.569965E-011, -8.678080E-013, 2.150400E+004 1.570926E+074 2.150400E+004, Wed Sep 02 16:58:49 2015
0.05, 0.00, 0.96, 0.00 , -3.494972E-011, -3.596660E-013, -1.892787E-011, -7.609730E-013, 2.150400E+004 1.570926E+074 2.150400E+004, Wed Sep 02 16:59:37 2015
0.05, 0.00, 0.98, 0.00 , -3.089859E-011, -8.156180E-013, -1.310031E-011, -9.095550E-013, 2.150400E+004 1.570926E+074 2.150400E+004, Wed Sep 02 16:59:55 2015
0.05, 0.00, 1.00, 0.00 , -2.688962E-011, -6.018280E-013, -2.161106E-011, -8.891580E-013, 2.150400E+004 1.570926E+074 2.150400E+004, Wed Sep 02 17:00:26 2015
0.05, 0.00, 1.02, 0.00 , -3.419011E-011, -5.946870E-013, -1.922134E-011, -7.664080E-013, 2.150400E+004 1.570926E+074 2.150400E+004, Wed Sep 02 17:00:35 2015
0.05, 0.00, 1.04, 0.00 , -2.929500E-011, -4.797220E-013, -2.198838E-011, -7.612350E-013, 2.150400E+004 1.570926E+074 2.150400E+004, Wed Sep 02 17:01:30 2015
0.05, 0.00, 1.06, 0.00 , -3.355714E-011, -4.694100E-013, -1.377111E-011, -9.244680E-013, 2.150400E+004 1.570926E+074 2.150400E+004, Wed Sep 02 17:02:03 2015
0.05, 0.00, 1.08, 0.00 , -3.490754E-011, -5.088090E-013, -1.192642E-011, -6.641860E-013, 2.150400E+004 1.570926E+074 2.150400E+004, Wed Sep 02 17:02:18 2015
0.05, 0.00, 1.10, 0.00 , -3.144717E-011, -2.085450E-013, -1.343571E-011, -6.343010E-013, 2.150400E+004 1.570926E+074 2.150400E+004, Wed Sep 02 17:03:28 2015
0.05, 0.00, 1.12, 0.00 , -3.047657E-011, -3.708010E-013, -8.237031E-012, -9.718660E-013, 2.150400E+004 1.570926E+074 2.150400E+004, Wed Sep 02 17:04:33 2015
0.05, 0.00, 1.14, 0.00 , -3.402134E-011, -6.830450E-013, -1.943097E-011, -7.446050E-013, 2.150400E+004 1.570926E+074 2.150400E+004, Wed Sep 02 17:04:42 2015
0.05, 0.00, 1.16, 0.00 , -2.933720E-011, -1.110290E-012, -1.574158E-011, -7.999900E-013, 2.150400E+004 1.570926E+074 2.150400E+004, Wed Sep 02 17:04:48 2015
0.05, 0.00, 1.18, 0.00 , -2.106609E-011, -4.733740E-012, -9.914024E-012, -6.838320E-013, 2.150400E+004 1.570926E+074 2.150400E+004, Wed Sep 02 17:05:10 2015
0.05, 0.00, 1.20, 0.00 , 4.556904E-013, -4.016310E-011, -2.249148E-011, -8.233190E-013, 2.150400E+004 1.570926E+074 2.150400E+004, Wed Sep 02 17:05:16 2015
0.05, 0.00, 1.22, 0.00 , 1.145120E-010, -1.497590E-010, -1.289069E-011, -9.290810E-013, 2.150400E+004 1.570926E+074 2.150400E+004, Wed Sep 02 17:05:28 2015
0.05, 0.00, 1.24, 0.00 , 8.673322E-010, -8.816990E-010, -1.213604E-011, -8.219480E-013, 2.150400E+004 1.570926E+074 2.150400E+004, Wed Sep 02 17:05:32 2015
0.05, 0.00, 1.26, 0.00 , 2.547918E-009, -2.600930E-009, -1.381303E-011, -8.482690E-013, 2.150400E+004 1.570926E+074 2.150400E+004, Wed Sep 02 17:05:40 2015
0.05, 0.00, 1.28, 0.00 , 9.120559E-009, -9.125040E-009, -1.368726E-011, -7.558350E-013, 2.150400E+004 1.570926E+074 2.150400E+004, Wed Sep 02 17:05:44 2015
0.05, 0.00, 1.30, 0.00 , 1.776978E-008, -1.780200E-008, -1.507078E-011, -7.463100E-013, 2.150400E+004 1.570926E+074 2.150400E+004, Wed Sep 02 17:05:48 2015
0.05, 0.00, 1.32, 0.00 , 3.391752E-008, -3.379200E-008, -1.024942E-011, -9.758230E-013, 2.150400E+004 1.570926E+074 2.150400E+004, Wed Sep 02 17:05:51 2015
0.05, 0.00, 1.34, 0.00 , 5.552823E-008, -5.546260E-008, -1.456768E-011, -9.180070E-013, 2.150400E+004 1.570926E+074 2.150400E+004, Wed Sep 02 17:05:55 2015
0.05, 0.00, 1.36, 0.00 , 9.115638E-008, -9.105000E-008, -1.498693E-011, -8.458730E-013, 2.150400E+004 1.570926E+074 2.150400E+004, Wed Sep 02 17:05:58 2015
0.05, 0.00, 1.38, 0.00 , 1.350502E-007, -1.350450E-007, -9.662476E-012, -6.545070E-013, 2.150400E+004 1.570926E+074 2.150400E+004, Wed Sep 02 17:06:02 2015
0.05, 0.00, 1.40, 0.00 , 1.818392E-007, -1.816420E-007, -1.201027E-011, -7.852550E-013, 2.150400E+004 1.570926E+074 2.150400E+004, Wed Sep 02 17:06:06 2015
0.05, 0.00, 1.42, 0.00 , 2.374475E-007, -2.373700E-007, -7.188902E-012, -9.742260E-013, 2.150400E+004 1.570926E+074 2.150400E+004, Wed Sep 02 17:06:09 2015
0.05, 0.00, 1.44, 0.00 , 3.065344E-007, -3.058410E-007, -6.056933E-012, -9.257200E-013, 2.150400E+004 1.570926E+074 2.150400E+004, Wed Sep 02 17:06:13 2015
0.05, 0.00, 1.46, 0.00 , 3.667292E-007, -3.663090E-007, -5.889234E-012, -8.650300E-013, 2.150400E+004 1.570926E+074 2.150400E+004, Wed Sep 02 17:06:16 2015
0.05, 0.00, 1.48, 0.00 , 4.271105E-007, -4.259340E-007, -1.083637E-011, -9.629370E-013, 2.150400E+004 1.570926E+074 2.150400E+004, Wed Sep 02 17:06:20 2015
0.05, 0.00, 1.50, 0.00 , 4.929781E-007, -4.922320E-007, -1.154909E-011, -7.751230E-013, 2.150400E+004 1.570926E+074 2.150400E+004, Wed Sep 02 17:06:23 2015
0.05, 0.00, 1.52, 0.00 , 5.649877E-007, -5.642390E-007, -2.032159E-012, -7.011650E-013, 2.150400E+004 1.570926E+074 2.150400E+004, Wed Sep 02 17:06:27 2015
0.05, 0.00, 1.54, 0.00 , 6.324315E-007, -6.319220E-007, -5.679620E-012, -6.128310E-013, 2.150400E+004 1.570926E+074 2.150400E+004, Wed Sep 02 17:06:30 2015
0.05, 0.00, 1.56, 0.00 , 7.001145E-007, -6.993220E-007, -8.362805E-012, -6.628390E-013, 2.150400E+004 1.570926E+074 2.150400E+004, Wed Sep 02 17:06:34 2015
0.05, 0.00, 1.58, 0.00 , 7.653227E-007, -7.644210E-007, -1.024942E-011, -6.810780E-013, 2.150400E+004 1.570926E+074 2.150400E+004, Wed Sep 02 17:06:37 2015
0.05, 0.00, 1.60, 0.00 , 8.320185E-007, -8.312260E-007, -6.727733E-012, -8.636470E-013, 2.150400E+004 1.570926E+074 2.150400E+004, Wed Sep 02 17:06:41 2015
0.05, 0.00, 1.62, 0.00 , 9.007839E-007, -8.998580E-007, -5.008830E-012, -8.383870E-013, 2.150400E+004 1.570926E+074 2.150400E+004, Wed Sep 02 17:06:45 2015
0.05, 0.00, 1.64, 0.00 , 9.735361E-007, -9.725090E-007, -1.138139E-011, -8.195520E-013, 2.150400E+004 1.570926E+074 2.150400E+004, Wed Sep 02 17:06:48 2015
0.05, 0.00, 1.66, 0.00 , 1.048175E-006, -1.046930E-006, -9.159365E-012, -8.054500E-013, 2.150400E+004 1.570926E+074 2.150400E+004, Wed Sep 02 17:06:52 2015
0.05, 0.00, 1.68, 0.00 , 1.124661E-006, -1.123310E-006, -7.356601E-012, -9.037970E-013, 2.150400E+004 1.570926E+074 2.150400E+004, Wed Sep 02 17:06:55 2015
0.05, 0.00, 1.70, 0.00 , 1.197031E-006, -1.196360E-006, -4.212245E-012, -8.979320E-013, 2.150400E+004 1.570926E+074 2.150400E+004, Wed Sep 02 17:06:59 2015
0.05, 0.00, 1.72, 0.00 , 1.265293E-006, -1.264510E-006, -9.955948E-012, -8.452540E-013, 2.150400E+004 1.570926E+074 2.150400E+004, Wed Sep 02 17:07:03 2015
0.05, 0.00, 1.74, 0.00 , 1.335011E-006, -1.334410E-006, 3.292302E-012, -8.033390E-013, 2.150400E+004 1.570926E+074 2.150400E+004, Wed Sep 02 17:07:06 2015
0.05, 0.00, 1.76, 0.00 , 1.407339E-006, -1.405730E-006, -4.673418E-012, -8.514520E-013, 2.150400E+004 1.570926E+074 2.150400E+004, Wed Sep 02 17:07:10 2015
0.05, 0.00, 1.78, 0.00 , 1.475784E-006, -1.474630E-006, -4.966893E-012, -7.469650E-013, 2.150400E+004 1.570926E+074 2.150400E+004, Wed Sep 02 17:07:13 2015
0.05, 0.00, 1.80, 0.00 , 1.540243E-006, -1.538560E-006, -7.744031E-013, -7.965680E-013, 2.150400E+004 1.570926E+074 2.150400E+004, Wed Sep 02 17:07:17 2015
0.05, 0.00, 1.82, 0.00 , 1.602876E-006, -1.601480E-006, -2.493332E-012, -7.136580E-013, 2.150400E+004 1.570926E+074 2.150400E+004, Wed Sep 02 17:07:20 2015
0.05, 0.00, 1.84, 0.00 , 1.663378E-006, -1.662020E-006, 2.217497E-014, -7.391570E-013, 2.150400E+004 1.570926E+074 2.150400E+004, Wed Sep 02 17:07:24 2015
0.05, 0.00, 1.86, 0.00 , 1.721835E-006, -1.720150E-006, 2.244194E-012, -7.698770E-013, 2.150400E+004 1.570926E+074 2.150400E+004, Wed Sep 02 17:07:27 2015
0.05, 0.00, 1.88, 0.00 , 1.781437E-006, -1.779950E-006, -1.874507E-013, -7.140160E-013, 2.150400E+004 1.570926E+074 2.150400E+004, Wed Sep 02 17:07:31 2015
0.05, 0.00, 1.90, 0.00 , 1.840819E-006, -1.838700E-006, -1.654836E-012, -8.412480E-013, 2.150400E+004 1.570926E+074 2.150400E+004, Wed Sep 02 17:07:35 2015
0.05, 0.00, 1.92, 0.00 , 1.898174E-006, -1.895970E-006, -1.109801E-012, -8.840680E-013, 2.150400E+004 1.570926E+074 2.150400E+004, Wed Sep 02 17:07:38 2015
0.05, 0.00, 1.94, 0.00 , 1.954378E-006, -1.952250E-006, -8.163348E-013, -8.721590E-013, 2.150400E+004 1.570926E+074 2.150400E+004, Wed Sep 02 17:07:42 2015
0.05, 0.00, 1.96, 0.00 , 2.007592E-006, -2.005770E-006, 1.070288E-012, -9.022830E-013, 2.150400E+004 1.570926E+074 2.150400E+004, Wed Sep 02 17:07:45 2015
0.05, 0.00, 1.98, 0.00 , 2.062262E-006, -2.060570E-006, 1.908784E-012, -1.043440E-012, 2.150400E+004 1.570926E+074 2.150400E+004, Wed Sep 02 17:07:49 2015
0.05, 0.00, 2.00, 0.00 , 2.116019E-006, -2.113890E-006, 3.753484E-012, -8.441690E-013, 2.150400E+004 1.570926E+074 2.150400E+004, Wed Sep 02 17:07:52 2015
