0.00, 0.00, 0.40, 0.00 , -3.022344E-011, 1.271010E-013, -2.878081E-011, -6.052490E-013, 2.150400E+004 1.570926E+074 2.150400E+004, Wed Sep 02 18:25:43 2015
0.02, 0.00, 0.40, 0.00 , -3.262882E-011, -5.902050E-014, -2.873888E-011, -7.321830E-013, 2.150400E+004 1.570926E+074 2.150400E+004, Wed Sep 02 18:26:01 2015
0.04, 0.00, 0.40, 0.00 , -3.427461E-011, -2.749320E-013, -2.467174E-011, -8.850100E-013, 2.150400E+004 1.570926E+074 2.150400E+004, Wed Sep 02 18:26:32 2015
0.06, 0.00, 0.40, 0.00 , -3.035005E-011, -2.398610E-013, -2.530068E-011, -8.775000E-013, 2.150400E+004 1.570926E+074 2.150400E+004, Wed Sep 02 18:26:44 2015
0.08, 0.00, 0.40, 0.00 , -3.419022E-011, -9.294750E-014, -2.735521E-011, -7.865430E-013, 2.150400E+004 1.570926E+074 2.150400E+004, Wed Sep 02 18:27:09 2015
0.10, 0.00, 0.40, 0.00 , 9.612387E-012, -2.571700E-013, -2.727136E-011, -9.132390E-013, 2.150400E+004 1.570926E+074 2.150400E+004, Wed Sep 02 18:27:39 2015
0.12, 0.00, 0.40, 0.00 , -3.777722E-011, -5.146150E-013, -2.211415E-011, -8.412480E-013, 2.150400E+004 1.570926E+074 2.150400E+004, Wed Sep 02 18:28:08 2015
0.14, 0.00, 0.40, 0.00 , -2.254310E-011, -6.632330E-013, -2.936782E-011, -8.943800E-013, 2.150400E+004 1.570926E+074 2.150400E+004, Wed Sep 02 18:28:37 2015
0.16, 0.00, 0.40, 0.00 , -3.157385E-011, -4.776000E-013, -2.810994E-011, -1.058640E-012, 2.150400E+004 1.570926E+074 2.150400E+004, Wed Sep 02 18:29:25 2015
0.18, 0.00, 0.40, 0.00 , -2.933729E-011, -8.373140E-013, -2.672628E-011, -1.085220E-012, 2.150400E+004 1.570926E+074 2.150400E+004, Wed Sep 02 18:31:10 2015
0.20, 0.00, 0.40, 0.00 , -2.997030E-011, -6.959800E-013, -3.016447E-011, -1.007280E-012, 2.150400E+004 1.570926E+074 2.150400E+004, Wed Sep 02 18:31:34 2015
0.22, 0.00, 0.40, 0.00 , -3.081430E-011, -8.907320E-013, -2.613926E-011, -1.079810E-012, 2.150400E+004 1.570926E+074 2.150400E+004, Wed Sep 02 18:31:44 2015
0.24, 0.00, 0.40, 0.00 , -3.229129E-011, -9.157660E-013, -3.062570E-011, -1.165210E-012, 2.150400E+004 1.570926E+074 2.150400E+004, Wed Sep 02 18:32:07 2015
0.26, 0.00, 0.40, 0.00 , -3.275548E-011, -9.100800E-013, -2.769065E-011, -1.129720E-012, 2.150400E+004 1.570926E+074 2.150400E+004, Wed Sep 02 18:32:34 2015
0.28, 0.00, 0.40, 0.00 , -2.634112E-011, -8.439780E-013, -2.400087E-011, -1.027100E-012, 2.150400E+004 1.570926E+074 2.150400E+004, Wed Sep 02 18:33:08 2015
0.30, 0.00, 0.40, 0.00 , -9.503452E-012, -9.437320E-013, -2.681013E-011, -1.013110E-012, 2.150400E+004 1.570926E+074 2.150400E+004, Wed Sep 02 18:33:44 2015
0.32, 0.00, 0.40, 0.00 , -3.258672E-011, -8.908150E-013, -3.175779E-011, -1.043160E-012, 2.150400E+004 1.570926E+074 2.150400E+004, Wed Sep 02 18:35:05 2015
0.34, 0.00, 0.40, 0.00 , -2.216336E-011, -8.657570E-013, -2.878081E-011, -1.090630E-012, 2.150400E+004 1.570926E+074 2.150400E+004, Wed Sep 02 18:35:11 2015
0.36, 0.00, 0.40, 0.00 , -2.693195E-011, -1.166420E-012, -2.769066E-011, -1.157520E-012, 2.150400E+004 1.570926E+074 2.150400E+004, Wed Sep 02 18:35:31 2015
0.38, 0.00, 0.40, 0.00 , -3.431692E-011, -1.296290E-012, -2.387509E-011, -1.236580E-012, 2.150400E+004 1.570926E+074 2.150400E+004, Wed Sep 02 18:37:21 2015
0.40, 0.00, 0.40, 0.00 , -2.245878E-011, -1.369860E-012, -2.592963E-011, -1.263150E-012, 2.150400E+004 1.570926E+074 2.150400E+004, Wed Sep 02 18:39:09 2015
0.42, 0.00, 0.40, 0.00 , -2.731177E-011, -1.431500E-012, -2.626506E-011, -1.262330E-012, 2.150400E+004 1.570926E+074 2.150400E+004, Wed Sep 02 18:40:49 2015
0.44, 0.00, 0.40, 0.00 , -9.841057E-012, -1.186690E-012, -2.681014E-011, -1.114520E-012, 2.150400E+004 1.570926E+074 2.150400E+004, Wed Sep 02 18:41:17 2015
0.46, 0.00, 0.40, 0.00 , -2.558159E-011, -1.149260E-012, -2.676822E-011, -1.120100E-012, 2.150400E+004 1.570926E+074 2.150400E+004, Wed Sep 02 18:41:56 2015
0.48, 0.00, 0.40, 0.00 , -3.848693E-012, -1.264200E-012, -2.718751E-011, -1.254310E-012, 2.150400E+004 1.570926E+074 2.150400E+004, Wed Sep 02 18:42:00 2015
0.50, 0.00, 0.40, 0.00 , -8.912663E-012, -1.468740E-012, -2.442017E-011, -1.331910E-012, 2.150400E+004 1.570926E+074 2.150400E+004, Wed Sep 02 18:42:06 2015
0.52, 0.00, 0.40, 0.00 , -9.208067E-012, -1.203330E-012, -2.748102E-011, -1.343300E-012, 2.150400E+004 1.570926E+074 2.150400E+004, Wed Sep 02 18:43:00 2015
0.54, 0.00, 0.40, 0.00 , -8.406272E-012, -1.626300E-012, -2.521683E-011, -1.467530E-012, 2.150400E+004 1.570926E+074 2.150400E+004, Wed Sep 02 18:44:15 2015
0.56, 0.00, 0.40, 0.00 , -9.587859E-012, -1.604060E-012, -2.915820E-011, -1.360950E-012, 2.150400E+004 1.570926E+074 2.150400E+004, Wed Sep 02 18:44:28 2015
0.58, 0.00, 0.40, 0.00 , -4.945887E-012, -1.757300E-012, -2.626506E-011, -1.519690E-012, 2.150400E+004 1.570926E+074 2.150400E+004, Wed Sep 02 18:44:58 2015
0.60, 0.00, 0.40, 0.00 , 5.899131E-012, -1.894990E-012, -2.806803E-011, -1.416970E-012, 2.150400E+004 1.570926E+074 2.150400E+004, Wed Sep 02 18:45:08 2015
0.62, 0.00, 0.40, 0.00 , -2.672097E-011, -1.609360E-012, -3.121274E-011, -1.412440E-012, 2.150400E+004 1.570926E+074 2.150400E+004, Wed Sep 02 18:45:13 2015
0.64, 0.00, 0.40, 0.00 , -5.958680E-012, -2.157120E-012, -2.592963E-011, -1.478710E-012, 2.150400E+004 1.570926E+074 2.150400E+004, Wed Sep 02 18:45:20 2015
0.66, 0.00, 0.40, 0.00 , -7.013673E-012, -1.962100E-012, -2.634892E-011, -1.330490E-012, 2.150400E+004 1.570926E+074 2.150400E+004, Wed Sep 02 18:45:37 2015
0.68, 0.00, 0.40, 0.00 , -2.034100E-012, -2.127780E-012, -2.899048E-011, -1.334700E-012, 2.150400E+004 1.570926E+074 2.150400E+004, Wed Sep 02 18:45:46 2015
0.70, 0.00, 0.40, 0.00 , -7.520075E-012, -2.259930E-012, -3.515411E-011, -1.483670E-012, 2.150400E+004 1.570926E+074 2.150400E+004, Wed Sep 02 18:45:50 2015
0.72, 0.00, 0.40, 0.00 , -2.835897E-012, -2.463100E-012, -2.517490E-011, -1.593210E-012, 2.150400E+004 1.570926E+074 2.150400E+004, Wed Sep 02 18:46:03 2015
0.74, 0.00, 0.40, 0.00 , -2.929515E-011, -2.113950E-012, -2.928398E-011, -1.482380E-012, 2.150400E+004 1.570926E+074 2.150400E+004, Wed Sep 02 18:46:08 2015
0.76, 0.00, 0.40, 0.00 , -9.630063E-012, -2.257420E-012, -3.188361E-011, -1.632130E-012, 2.150400E+004 1.570926E+074 2.150400E+004, Wed Sep 02 18:46:17 2015
0.78, 0.00, 0.40, 0.00 , -6.760478E-012, -2.398290E-012, -1.238749E-011, -1.539150E-012, 2.150400E+004 1.570926E+074 2.150400E+004, Wed Sep 02 18:46:43 2015
0.80, 0.00, 0.40, 0.00 , 5.814739E-012, -2.473820E-012, -2.630699E-011, -1.590430E-012, 2.150400E+004 1.570926E+074 2.150400E+004, Wed Sep 02 18:46:52 2015
0.82, 0.00, 0.40, 0.00 , -1.596003E-011, -2.572860E-012, -2.970328E-011, -1.769260E-012, 2.150400E+004 1.570926E+074 2.150400E+004, Wed Sep 02 18:47:01 2015
0.84, 0.00, 0.40, 0.00 , -5.958681E-012, -2.254950E-012, -2.790031E-011, -1.685080E-012, 2.150400E+004 1.570926E+074 2.150400E+004, Wed Sep 02 18:47:09 2015
0.86, 0.00, 0.40, 0.00 , -4.650488E-012, -2.719510E-012, -2.613928E-011, -1.744340E-012, 2.150400E+004 1.570926E+074 2.150400E+004, Wed Sep 02 18:47:19 2015
0.88, 0.00, 0.40, 0.00 , -5.705482E-012, -2.804710E-012, -2.622314E-011, -1.770340E-012, 2.150400E+004 1.570926E+074 2.150400E+004, Wed Sep 02 18:47:40 2015
0.90, 0.00, 0.40, 0.00 , -7.140274E-012, -2.616820E-012, -2.400088E-011, -1.623510E-012, 2.150400E+004 1.570926E+074 2.150400E+004, Wed Sep 02 18:47:47 2015
0.92, 0.00, 0.40, 0.00 , -9.369075E-013, -2.775430E-012, -2.894855E-011, -1.839010E-012, 2.150400E+004 1.570926E+074 2.150400E+004, Wed Sep 02 18:47:51 2015
0.94, 0.00, 0.40, 0.00 , -3.039118E-013, -3.104470E-012, -2.031136E-011, -1.719030E-012, 2.150400E+004 1.570926E+074 2.150400E+004, Wed Sep 02 18:47:55 2015
0.96, 0.00, 0.40, 0.00 , -5.494481E-012, -3.183460E-012, -2.819382E-011, -1.676230E-012, 2.150400E+004 1.570926E+074 2.150400E+004, Wed Sep 02 18:48:08 2015
0.98, 0.00, 0.40, 0.00 , -1.949702E-012, -3.143450E-012, -2.878083E-011, -1.814030E-012, 2.150400E+004 1.570926E+074 2.150400E+004, Wed Sep 02 18:48:13 2015
1.00, 0.00, 0.40, 0.00 , -9.756657E-012, -3.227310E-012, -2.538455E-011, -1.898900E-012, 2.150400E+004 1.570926E+074 2.150400E+004, Wed Sep 02 18:48:19 2015
1.02, 0.00, 0.40, 0.00 , -9.883257E-012, -3.218330E-012, -2.836154E-011, -1.785970E-012, 2.150400E+004 1.570926E+074 2.150400E+004, Wed Sep 02 18:48:26 2015
1.04, 0.00, 0.40, 0.00 , -8.110870E-012, -3.298570E-012, -2.425245E-011, -1.860890E-012, 2.150400E+004 1.570926E+074 2.150400E+004, Wed Sep 02 18:48:34 2015
1.06, 0.00, 0.40, 0.00 , -5.030283E-012, -3.529600E-012, -2.412666E-011, -1.961860E-012, 2.150400E+004 1.570926E+074 2.150400E+004, Wed Sep 02 18:48:38 2015
1.08, 0.00, 0.40, 0.00 , 2.776602E-012, -3.561900E-012, -2.525876E-011, -1.821240E-012, 2.150400E+004 1.570926E+074 2.150400E+004, Wed Sep 02 18:48:42 2015
1.10, 0.00, 0.40, 0.00 , 2.734406E-012, -3.466890E-012, -3.029029E-011, -1.892580E-012, 2.150400E+004 1.570926E+074 2.150400E+004, Wed Sep 02 18:48:47 2015
1.12, 0.00, 0.40, 0.00 , -2.624898E-012, -3.340540E-012, -2.626506E-011, -1.836960E-012, 2.150400E+004 1.570926E+074 2.150400E+004, Wed Sep 02 18:48:54 2015
1.14, 0.00, 0.40, 0.00 , -4.819290E-012, -3.686420E-012, -2.563612E-011, -1.989130E-012, 2.150400E+004 1.570926E+074 2.150400E+004, Wed Sep 02 18:49:01 2015
1.16, 0.00, 0.40, 0.00 , -7.984278E-012, -3.789560E-012, -2.886469E-011, -2.007100E-012, 2.150400E+004 1.570926E+074 2.150400E+004, Wed Sep 02 18:49:15 2015
1.18, 0.00, 0.40, 0.00 , -3.046898E-012, -3.703880E-012, -3.146431E-011, -2.170770E-012, 2.150400E+004 1.570926E+074 2.150400E+004, Wed Sep 02 18:49:22 2015
1.20, 0.00, 0.40, 0.00 , -8.321866E-012, -3.866640E-012, -2.823575E-011, -2.043390E-012, 2.150400E+004 1.570926E+074 2.150400E+004, Wed Sep 02 18:49:29 2015
1.22, 0.00, 0.40, 0.00 , -7.562275E-012, -3.830340E-012, -2.391702E-011, -1.937270E-012, 2.150400E+004 1.570926E+074 2.150400E+004, Wed Sep 02 18:49:35 2015
1.24, 0.00, 0.40, 0.00 , -5.410081E-012, -3.940330E-012, -2.790031E-011, -2.164200E-012, 2.150400E+004 1.570926E+074 2.150400E+004, Wed Sep 02 18:49:38 2015
1.26, 0.00, 0.40, 0.00 , -5.663280E-012, -4.201200E-012, -2.404280E-011, -2.416610E-012, 2.150400E+004 1.570926E+074 2.150400E+004, Wed Sep 02 18:49:43 2015
1.28, 0.00, 0.40, 0.00 , -3.595492E-012, -3.982820E-012, -2.240762E-011, -2.135770E-012, 2.150400E+004 1.570926E+074 2.150400E+004, Wed Sep 02 18:49:50 2015
1.30, 0.00, 0.40, 0.00 , -6.000879E-012, -4.077270E-012, -3.247062E-011, -2.071910E-012, 2.150400E+004 1.570926E+074 2.150400E+004, Wed Sep 02 18:49:54 2015
1.32, 0.00, 0.40, 0.00 , -6.844880E-012, -4.319580E-012, -2.794224E-011, -2.075490E-012, 2.150400E+004 1.570926E+074 2.150400E+004, Wed Sep 02 18:49:57 2015
1.34, 0.00, 0.40, 0.00 , -9.250264E-012, -4.374930E-012, -2.400088E-011, -2.137760E-012, 2.150400E+004 1.570926E+074 2.150400E+004, Wed Sep 02 18:50:02 2015
1.36, 0.00, 0.40, 0.00 , -7.224681E-012, -4.580160E-012, -2.517490E-011, -1.908210E-012, 2.150400E+004 1.570926E+074 2.150400E+004, Wed Sep 02 18:50:19 2015
1.38, 0.00, 0.40, 0.00 , -9.376867E-012, -4.495110E-012, -2.748102E-011, -2.249540E-012, 2.150400E+004 1.570926E+074 2.150400E+004, Wed Sep 02 18:50:23 2015
1.40, 0.00, 0.40, 0.00 , -4.903685E-012, -4.531900E-012, -2.362351E-011, -2.252860E-012, 2.150400E+004 1.570926E+074 2.150400E+004, Wed Sep 02 18:50:26 2015
1.42, 0.00, 0.40, 0.00 , -4.270691E-012, -4.272960E-012, -2.689401E-011, -2.265080E-012, 2.150400E+004 1.570926E+074 2.150400E+004, Wed Sep 02 18:50:30 2015
1.44, 0.00, 0.40, 0.00 , -9.630066E-012, -4.721650E-012, -2.387509E-011, -2.220600E-012, 2.150400E+004 1.570926E+074 2.150400E+004, Wed Sep 02 18:50:33 2015
1.46, 0.00, 0.40, 0.00 , -4.861493E-012, -4.698790E-012, -3.062573E-011, -2.282430E-012, 2.150400E+004 1.570926E+074 2.150400E+004, Wed Sep 02 18:50:37 2015
1.48, 0.00, 0.40, 0.00 , -9.883260E-012, -4.921080E-012, -2.555227E-011, -2.329400E-012, 2.150400E+004 1.570926E+074 2.150400E+004, Wed Sep 02 18:50:42 2015
1.50, 0.00, 0.40, 0.00 , -3.300102E-012, -4.899700E-012, -2.274303E-011, -2.135280E-012, 2.150400E+004 1.570926E+074 2.150400E+004, Wed Sep 02 18:50:58 2015
1.52, 0.00, 0.40, 0.00 , 6.067916E-012, -5.309490E-012, -3.234482E-011, -2.356390E-012, 2.150400E+004 1.570926E+074 2.150400E+004, Wed Sep 02 18:51:01 2015
1.54, 0.00, 0.40, 0.00 , 3.915904E-012, -5.213280E-012, -2.580384E-011, -2.474200E-012, 2.150400E+004 1.570926E+074 2.150400E+004, Wed Sep 02 18:51:05 2015
1.56, 0.00, 0.40, 0.00 , -9.967661E-012, -5.090120E-012, -2.886469E-011, -2.378000E-012, 2.150400E+004 1.570926E+074 2.150400E+004, Wed Sep 02 18:51:09 2015
1.58, 0.00, 0.40, 0.00 , 3.240762E-012, -5.198140E-012, -2.777453E-011, -2.429430E-012, 2.150400E+004 1.570926E+074 2.150400E+004, Wed Sep 02 18:51:13 2015
1.60, 0.00, 0.40, 0.00 , 2.270247E-012, -5.488730E-012, -3.070959E-011, -2.478600E-012, 2.150400E+004 1.570926E+074 2.150400E+004, Wed Sep 02 18:51:17 2015
1.62, 0.00, 0.40, 0.00 , -4.903692E-012, -5.788180E-012, -2.530069E-011, -2.547100E-012, 2.150400E+004 1.570926E+074 2.150400E+004, Wed Sep 02 18:51:21 2015
1.64, 0.00, 0.40, 0.00 , 1.679477E-012, -5.453260E-012, -2.660050E-011, -2.461540E-012, 2.150400E+004 1.570926E+074 2.150400E+004, Wed Sep 02 18:51:25 2015
1.66, 0.00, 0.40, 0.00 , -6.676084E-012, -5.906500E-012, -2.483947E-011, -2.159460E-012, 2.150400E+004 1.570926E+074 2.150400E+004, Wed Sep 02 18:51:30 2015
1.68, 0.00, 0.40, 0.00 , -2.413906E-012, -6.067540E-012, -2.429438E-011, -2.556300E-012, 2.150400E+004 1.570926E+074 2.150400E+004, Wed Sep 02 18:51:34 2015
1.70, 0.00, 0.40, 0.00 , 3.198566E-012, -5.700890E-012, -2.848733E-011, -2.675560E-012, 2.150400E+004 1.570926E+074 2.150400E+004, Wed Sep 02 18:51:38 2015
1.72, 0.00, 0.40, 0.00 , -3.637698E-012, -5.859240E-012, -2.710365E-011, -2.532860E-012, 2.150400E+004 1.570926E+074 2.150400E+004, Wed Sep 02 18:51:41 2015
1.74, 0.00, 0.40, 0.00 , 4.134844E-013, -5.695370E-012, -2.760681E-011, -2.653730E-012, 2.150400E+004 1.570926E+074 2.150400E+004, Wed Sep 02 18:51:45 2015
1.76, 0.00, 0.40, 0.00 , -1.316710E-012, -6.230060E-012, -2.639085E-011, -2.945360E-012, 2.150400E+004 1.570926E+074 2.150400E+004, Wed Sep 02 18:51:50 2015
1.78, 0.00, 0.40, 0.00 , -2.287303E-012, -5.950140E-012, -2.546841E-011, -2.511860E-012, 2.150400E+004 1.570926E+074 2.150400E+004, Wed Sep 02 18:51:53 2015
1.80, 0.00, 0.40, 0.00 , -8.448478E-012, -6.149100E-012, -2.735523E-011, -2.110580E-012, 2.150400E+004 1.570926E+074 2.150400E+004, Wed Sep 02 18:51:57 2015
1.82, 0.00, 0.40, 0.00 , -7.435683E-012, -6.579780E-012, -2.773259E-011, -3.093080E-012, 2.150400E+004 1.570926E+074 2.150400E+004, Wed Sep 02 18:52:02 2015
1.84, 0.00, 0.40, 0.00 , -2.793699E-012, -6.245780E-012, -2.517490E-011, -2.673210E-012, 2.150400E+004 1.570926E+074 2.150400E+004, Wed Sep 02 18:52:09 2015
1.86, 0.00, 0.40, 0.00 , -8.912671E-012, -6.143310E-012, -2.592963E-011, -2.587200E-012, 2.150400E+004 1.570926E+074 2.150400E+004, Wed Sep 02 18:52:13 2015
1.88, 0.00, 0.40, 0.00 , 2.312443E-012, -6.463600E-012, -2.643278E-011, -2.714620E-012, 2.150400E+004 1.570926E+074 2.150400E+004, Wed Sep 02 18:52:17 2015
1.90, 0.00, 0.40, 0.00 , -7.899880E-012, -6.597240E-012, -2.433631E-011, -2.915510E-012, 2.150400E+004 1.570926E+074 2.150400E+004, Wed Sep 02 18:52:21 2015
1.92, 0.00, 0.40, 0.00 , -5.916487E-012, -7.085650E-012, -2.676822E-011, -2.359800E-012, 2.150400E+004 1.570926E+074 2.150400E+004, Wed Sep 02 18:52:28 2015
1.94, 0.00, 0.40, 0.00 , -9.081468E-012, -6.164800E-012, -2.416859E-011, -3.066990E-012, 2.150400E+004 1.570926E+074 2.150400E+004, Wed Sep 02 18:52:31 2015
1.96, 0.00, 0.40, 0.00 , 7.755773E-012, -6.650590E-012, -2.802610E-011, -2.909100E-012, 2.150400E+004 1.570926E+074 2.150400E+004, Wed Sep 02 18:52:36 2015
1.98, 0.00, 0.40, 0.00 , -1.351148E-013, -6.810590E-012, -2.383316E-011, -2.555920E-012, 2.150400E+004 1.570926E+074 2.150400E+004, Wed Sep 02 18:52:40 2015
2.00, 0.00, 0.40, 0.00 , 8.093341E-012, -6.602970E-012, -2.412666E-011, -3.048280E-012, 2.150400E+004 1.570926E+074 2.150400E+004, Wed Sep 02 18:52:43 2015
