0.00, 1.80, 1.80, 1.80 , -1.342869E-010, -1.238100E-011, 1.153967E-009, -9.235140E-014, 2.150400E+004 1.570926E+074 2.150400E+004, Sat Sep 05 02:03:58 2015
0.00, 1.80, 1.78, 1.80 , -1.252564E-010, -8.054410E-012, 1.111077E-009, -8.968120E-014, 2.150400E+004 1.570926E+074 2.150400E+004, Sat Sep 05 02:04:03 2015
0.00, 1.80, 1.76, 1.80 , -1.187578E-010, -4.726720E-012, 1.068106E-009, -8.172990E-014, 2.150400E+004 1.570926E+074 2.150400E+004, Sat Sep 05 02:04:10 2015
0.00, 1.80, 1.74, 1.80 , -1.138203E-010, -1.892980E-012, 1.029366E-009, -9.518860E-014, 2.150400E+004 1.570926E+074 2.150400E+004, Sat Sep 05 02:04:17 2015
0.00, 1.80, 1.72, 1.80 , -1.059712E-010, 1.016880E-012, 9.866001E-010, -8.803610E-014, 2.150400E+004 1.570926E+074 2.150400E+004, Sat Sep 05 02:04:28 2015
0.00, 1.80, 1.70, 1.80 , -1.027641E-010, 3.285790E-012, 9.616981E-010, -9.729860E-014, 2.150400E+004 1.570926E+074 2.150400E+004, Sat Sep 05 02:04:35 2015
0.00, 1.80, 1.68, 1.80 , -1.053805E-010, 5.860970E-012, 9.424965E-010, -1.004460E-013, 2.150400E+004 1.570926E+074 2.150400E+004, Sat Sep 05 02:04:40 2015
0.00, 1.80, 1.66, 1.80 , -1.033970E-010, 9.502230E-012, 9.090422E-010, -8.808370E-014, 2.150400E+004 1.570926E+074 2.150400E+004, Sat Sep 05 02:04:51 2015
0.00, 1.80, 1.64, 1.80 , -1.062245E-010, 1.605310E-011, 8.852697E-010, -1.002550E-013, 2.150400E+004 1.570926E+074 2.150400E+004, Sat Sep 05 02:05:03 2015
0.00, 1.80, 1.62, 1.80 , -1.135672E-010, 2.824300E-011, 8.588970E-010, -1.050110E-013, 2.150400E+004 1.570926E+074 2.150400E+004, Sat Sep 05 02:05:15 2015
0.00, 1.80, 1.60, 1.80 , -1.339494E-010, 5.224090E-011, 8.454823E-010, -9.490250E-014, 2.150400E+004 1.570926E+074 2.150400E+004, Sat Sep 05 02:05:21 2015
0.00, 1.80, 1.58, 1.80 , -1.805797E-010, 1.001590E-010, 8.225080E-010, -1.023050E-013, 2.150400E+004 1.570926E+074 2.150400E+004, Sat Sep 05 02:05:27 2015
0.00, 1.80, 1.56, 1.80 , -2.773012E-010, 1.973970E-010, 8.139556E-010, -1.228090E-013, 2.150400E+004 1.570926E+074 2.150400E+004, Sat Sep 05 02:05:35 2015
0.00, 1.80, 1.54, 1.80 , -4.814193E-010, 3.947970E-010, 7.947953E-010, -1.151200E-013, 2.150400E+004 1.570926E+074 2.150400E+004, Sat Sep 05 02:05:40 2015
0.00, 1.80, 1.52, 1.80 , -8.719327E-010, 7.937370E-010, 7.730361E-010, -9.166000E-014, 2.150400E+004 1.570926E+074 2.150400E+004, Sat Sep 05 02:05:47 2015
0.00, 1.80, 1.50, 1.80 , -1.676253E-009, 1.601880E-009, 7.549242E-010, -1.131650E-013, 2.150400E+004 1.570926E+074 2.150400E+004, Sat Sep 05 02:05:51 2015
0.00, 1.80, 1.48, 1.80 , -3.296837E-009, 3.226650E-009, 7.395793E-010, -1.194600E-013, 2.150400E+004 1.570926E+074 2.150400E+004, Sat Sep 05 02:05:55 2015
0.00, 1.80, 1.46, 1.80 , -6.505848E-009, 6.427180E-009, 7.187016E-010, -8.953810E-014, 2.150400E+004 1.570926E+074 2.150400E+004, Sat Sep 05 02:05:59 2015
0.00, 1.80, 1.44, 1.80 , -1.273036E-008, 1.265210E-008, 7.041098E-010, -1.150850E-013, 2.150400E+004 1.570926E+074 2.150400E+004, Sat Sep 05 02:06:02 2015
0.00, 1.80, 1.42, 1.80 , -2.448041E-008, 2.442430E-008, 6.940909E-010, -9.977820E-014, 2.150400E+004 1.570926E+074 2.150400E+004, Sat Sep 05 02:06:06 2015
0.00, 1.80, 1.40, 1.80 , -4.575028E-008, 4.580650E-008, 6.764821E-010, -1.060840E-013, 2.150400E+004 1.570926E+074 2.150400E+004, Sat Sep 05 02:06:10 2015
0.00, 1.80, 1.38, 1.80 , -8.278099E-008, 8.277380E-008, 6.589157E-010, -8.515120E-014, 2.150400E+004 1.570926E+074 2.150400E+004, Sat Sep 05 02:06:13 2015
0.00, 1.80, 1.36, 1.80 , -1.429318E-007, 1.431020E-007, 6.468414E-010, -9.120700E-014, 2.150400E+004 1.570926E+074 2.150400E+004, Sat Sep 05 02:06:17 2015
0.00, 1.80, 1.34, 1.80 , -2.377162E-007, 2.375980E-007, 6.245784E-010, -1.228450E-013, 2.150400E+004 1.570926E+074 2.150400E+004, Sat Sep 05 02:06:20 2015
0.00, 1.80, 1.32, 1.80 , -3.764890E-007, 3.756670E-007, 6.107856E-010, -1.074080E-013, 2.150400E+004 1.570926E+074 2.150400E+004, Sat Sep 05 02:06:24 2015
0.00, 1.80, 1.30, 1.80 , -5.701510E-007, 5.693820E-007, 5.961124E-010, -7.628200E-014, 2.150400E+004 1.570926E+074 2.150400E+004, Sat Sep 05 02:06:27 2015
0.00, 1.80, 1.28, 1.80 , -8.285839E-007, 8.292110E-007, 5.759455E-010, -8.914470E-014, 2.150400E+004 1.570926E+074 2.150400E+004, Sat Sep 05 02:06:31 2015
0.00, 1.80, 1.26, 1.80 , -1.162037E-006, 1.162170E-006, 5.805583E-010, -1.152750E-013, 2.150400E+004 1.570926E+074 2.150400E+004, Sat Sep 05 02:06:35 2015
0.00, 1.80, 1.24, 1.80 , -1.581984E-006, 1.579330E-006, 5.464318E-010, -9.464030E-014, 2.150400E+004 1.570926E+074 2.150400E+004, Sat Sep 05 02:06:38 2015
0.00, 1.80, 1.22, 1.80 , -2.080142E-006, 2.084010E-006, 5.344403E-010, -1.116750E-013, 2.150400E+004 1.570926E+074 2.150400E+004, Sat Sep 05 02:06:42 2015
0.00, 1.80, 1.20, 1.80 , -2.672999E-006, 2.678870E-006, 5.109625E-010, -8.457900E-014, 2.150400E+004 1.570926E+074 2.150400E+004, Sat Sep 05 02:06:45 2015
0.00, 1.80, 1.18, 1.80 , -3.369764E-006, 3.370290E-006, 4.970852E-010, -1.058820E-013, 2.150400E+004 1.570926E+074 2.150400E+004, Sat Sep 05 02:06:49 2015
0.00, 1.80, 1.16, 1.80 , -4.146085E-006, 4.145830E-006, 4.841303E-010, -1.042600E-013, 2.150400E+004 1.570926E+074 2.150400E+004, Sat Sep 05 02:06:52 2015
0.00, 1.80, 1.14, 1.80 , -5.014491E-006, 5.009760E-006, 4.685337E-010, -8.997920E-014, 2.150400E+004 1.570926E+074 2.150400E+004, Sat Sep 05 02:06:56 2015
0.00, 1.80, 1.12, 1.80 , -5.994636E-006, 5.989520E-006, 4.545314E-010, -9.311440E-014, 2.150400E+004 1.570926E+074 2.150400E+004, Sat Sep 05 02:06:59 2015
0.00, 1.80, 1.10, 1.80 , -7.050893E-006, 7.052090E-006, 4.419116E-010, -7.976290E-014, 2.150400E+004 1.570926E+074 2.150400E+004, Sat Sep 05 02:07:03 2015
0.00, 1.80, 1.08, 1.80 , -8.204810E-006, 8.207640E-006, 4.264416E-010, -1.020550E-013, 2.150400E+004 1.570926E+074 2.150400E+004, Sat Sep 05 02:07:07 2015
0.00, 1.80, 1.06, 1.80 , -9.446907E-006, 9.455340E-006, 4.092940E-010, -8.704660E-014, 2.150400E+004 1.570926E+074 2.150400E+004, Sat Sep 05 02:07:10 2015
0.00, 1.80, 1.04, 1.80 , -1.078316E-005, 1.077410E-005, 4.098809E-010, -9.876490E-014, 2.150400E+004 1.570926E+074 2.150400E+004, Sat Sep 05 02:07:14 2015
0.00, 1.80, 1.02, 1.80 , -1.221046E-005, 1.220580E-005, 3.782277E-010, -9.433030E-014, 2.150400E+004 1.570926E+074 2.150400E+004, Sat Sep 05 02:07:17 2015
0.00, 1.80, 1.00, 1.80 , -1.372632E-005, 1.371200E-005, 3.684172E-010, -1.106140E-013, 2.150400E+004 1.570926E+074 2.150400E+004, Sat Sep 05 02:07:21 2015
0.00, 1.80, 0.98, 1.80 , -1.529364E-005, 1.529560E-005, 3.527373E-010, -1.143220E-013, 2.150400E+004 1.570926E+074 2.150400E+004, Sat Sep 05 02:07:24 2015
0.00, 1.80, 0.96, 1.80 , -1.697551E-005, 1.697120E-005, 3.370155E-010, -1.048210E-013, 2.150400E+004 1.570926E+074 2.150400E+004, Sat Sep 05 02:07:28 2015
0.00, 1.80, 0.94, 1.80 , -1.872948E-005, 1.872240E-005, 3.273310E-010, -1.179460E-013, 2.150400E+004 1.570926E+074 2.150400E+004, Sat Sep 05 02:07:32 2015
0.00, 1.80, 0.92, 1.80 , -2.054748E-005, 2.053220E-005, 3.133699E-010, -1.145010E-013, 2.150400E+004 1.570926E+074 2.150400E+004, Sat Sep 05 02:07:35 2015
0.00, 1.80, 0.90, 1.80 , -2.244278E-005, 2.242750E-005, 2.999538E-010, -8.701090E-014, 2.150400E+004 1.570926E+074 2.150400E+004, Sat Sep 05 02:07:39 2015
0.00, 1.80, 0.88, 1.80 , -2.442389E-005, 2.440350E-005, 2.855733E-010, -9.416340E-014, 2.150400E+004 1.570926E+074 2.150400E+004, Sat Sep 05 02:07:42 2015
0.00, 1.80, 0.86, 1.80 , -2.644990E-005, 2.643540E-005, 2.743372E-010, -1.050830E-013, 2.150400E+004 1.570926E+074 2.150400E+004, Sat Sep 05 02:07:46 2015
0.00, 1.80, 0.84, 1.80 , -2.855092E-005, 2.853340E-005, 2.614668E-010, -1.070260E-013, 2.150400E+004 1.570926E+074 2.150400E+004, Sat Sep 05 02:07:49 2015
0.00, 1.80, 0.82, 1.80 , -3.072363E-005, 3.070020E-005, 2.442775E-010, -8.695130E-014, 2.150400E+004 1.570926E+074 2.150400E+004, Sat Sep 05 02:07:53 2015
0.00, 1.80, 0.80, 1.80 , -3.293065E-005, 3.289860E-005, 2.337543E-010, -1.013520E-013, 2.150400E+004 1.570926E+074 2.150400E+004, Sat Sep 05 02:07:56 2015
0.00, 1.80, 0.78, 1.80 , -3.520934E-005, 3.519760E-005, 2.192899E-010, -1.013040E-013, 2.150400E+004 1.570926E+074 2.150400E+004, Sat Sep 05 02:08:00 2015
0.00, 1.80, 0.76, 1.80 , -3.754863E-005, 3.752720E-005, 2.055803E-010, -1.023410E-013, 2.150400E+004 1.570926E+074 2.150400E+004, Sat Sep 05 02:08:04 2015
0.00, 1.80, 0.74, 1.80 , -3.994560E-005, 3.993870E-005, 1.930451E-010, -9.504560E-014, 2.150400E+004 1.570926E+074 2.150400E+004, Sat Sep 05 02:08:07 2015
0.00, 1.80, 0.72, 1.80 , -4.238887E-005, 4.236490E-005, 1.806352E-010, -1.043200E-013, 2.150400E+004 1.570926E+074 2.150400E+004, Sat Sep 05 02:08:11 2015
0.00, 1.80, 0.70, 1.80 , -4.492001E-005, 4.490560E-005, 1.709923E-010, -8.279090E-014, 2.150400E+004 1.570926E+074 2.150400E+004, Sat Sep 05 02:08:14 2015
0.00, 1.80, 0.68, 1.80 , -4.743423E-005, 4.741480E-005, 1.578698E-010, -1.266480E-013, 2.150400E+004 1.570926E+074 2.150400E+004, Sat Sep 05 02:08:18 2015
0.00, 1.80, 0.66, 1.80 , -5.002526E-005, 5.001450E-005, 1.450827E-010, -9.236340E-014, 2.150400E+004 1.570926E+074 2.150400E+004, Sat Sep 05 02:08:21 2015
0.00, 1.80, 0.64, 1.80 , -5.263983E-005, 5.262960E-005, 1.351466E-010, -1.114850E-013, 2.150400E+004 1.570926E+074 2.150400E+004, Sat Sep 05 02:08:25 2015
0.00, 1.80, 0.62, 1.80 , -5.534918E-005, 5.532480E-005, 1.189635E-010, -1.129390E-013, 2.150400E+004 1.570926E+074 2.150400E+004, Sat Sep 05 02:08:28 2015
0.00, 1.80, 0.60, 1.80 , -5.809050E-005, 5.806460E-005, 1.106623E-010, -1.056310E-013, 2.150400E+004 1.570926E+074 2.150400E+004, Sat Sep 05 02:08:32 2015
0.00, 1.80, 0.58, 1.80 , -6.086619E-005, 6.086850E-005, 1.008101E-010, -8.308890E-014, 2.150400E+004 1.570926E+074 2.150400E+004, Sat Sep 05 02:08:35 2015
0.00, 1.80, 0.56, 1.80 , -6.368171E-005, 6.366970E-005, 8.542350E-011, -1.098510E-013, 2.150400E+004 1.570926E+074 2.150400E+004, Sat Sep 05 02:08:39 2015
0.00, 1.80, 0.54, 1.80 , -6.652643E-005, 6.653260E-005, 7.653549E-011, -9.824040E-014, 2.150400E+004 1.570926E+074 2.150400E+004, Sat Sep 05 02:08:43 2015
0.00, 1.80, 0.52, 1.80 , -6.946488E-005, 6.943730E-005, 6.290975E-011, -9.715560E-014, 2.150400E+004 1.570926E+074 2.150400E+004, Sat Sep 05 02:08:46 2015
0.00, 1.80, 0.50, 1.80 , -7.242057E-005, 7.238850E-005, 5.662100E-011, -9.837150E-014, 2.150400E+004 1.570926E+074 2.150400E+004, Sat Sep 05 02:08:50 2015
0.00, 1.80, 0.48, 1.80 , -7.535685E-005, 7.535500E-005, 4.412726E-011, -1.141670E-013, 2.150400E+004 1.570926E+074 2.150400E+004, Sat Sep 05 02:08:53 2015
0.00, 1.80, 0.46, 1.80 , -7.839860E-005, 7.838350E-005, 3.599388E-011, -8.803610E-014, 2.150400E+004 1.570926E+074 2.150400E+004, Sat Sep 05 02:08:57 2015
0.00, 1.80, 0.44, 1.80 , -8.143354E-005, 8.141740E-005, 2.815395E-011, -1.046300E-013, 2.150400E+004 1.570926E+074 2.150400E+004, Sat Sep 05 02:09:00 2015
0.00, 1.80, 0.42, 1.80 , -8.449594E-005, 8.447580E-005, 1.511524E-011, -1.194950E-013, 2.150400E+004 1.570926E+074 2.150400E+004, Sat Sep 05 02:09:04 2015
0.00, 1.80, 0.40, 1.80 , -8.763924E-005, 8.759960E-005, 5.556342E-012, -1.039740E-013, 2.150400E+004 1.570926E+074 2.150400E+004, Sat Sep 05 02:09:07 2015
0.00, 1.80, 0.38, 1.80 , -9.076659E-005, 9.071390E-005, -3.080215E-012, -1.083850E-013, 2.150400E+004 1.570926E+074 2.150400E+004, Sat Sep 05 02:09:11 2015
0.00, 1.80, 0.36, 1.80 , -9.389839E-005, 9.387050E-005, -8.153134E-012, -9.169580E-014, 2.150400E+004 1.570926E+074 2.150400E+004, Sat Sep 05 02:09:15 2015
0.00, 1.80, 0.34, 1.80 , -9.708606E-005, 9.707000E-005, -1.758626E-011, -1.117350E-013, 2.150400E+004 1.570926E+074 2.150400E+004, Sat Sep 05 02:09:18 2015
0.00, 1.80, 0.32, 1.80 , -1.003234E-004, 1.003060E-004, -2.777449E-011, -9.613040E-014, 2.150400E+004 1.570926E+074 2.150400E+004, Sat Sep 05 02:09:22 2015
0.00, 1.80, 0.30, 1.80 , -1.035772E-004, 1.035430E-004, -3.657960E-011, -1.205210E-013, 2.150400E+004 1.570926E+074 2.150400E+004, Sat Sep 05 02:09:25 2015
0.00, 1.80, 0.28, 1.80 , -1.068825E-004, 1.068680E-004, -3.867608E-011, -1.001600E-013, 2.150400E+004 1.570926E+074 2.150400E+004, Sat Sep 05 02:09:29 2015
0.00, 1.80, 0.26, 1.80 , -1.101403E-004, 1.101280E-004, -5.632825E-011, -9.045600E-014, 2.150400E+004 1.570926E+074 2.150400E+004, Sat Sep 05 02:09:32 2015
0.00, 1.80, 0.24, 1.80 , -1.134613E-004, 1.134490E-004, -6.613969E-011, -1.031040E-013, 2.150400E+004 1.570926E+074 2.150400E+004, Sat Sep 05 02:09:36 2015
0.00, 1.80, 0.22, 1.80 , -1.168753E-004, 1.168640E-004, -7.599307E-011, -1.102090E-013, 2.150400E+004 1.570926E+074 2.150400E+004, Sat Sep 05 02:09:39 2015
0.00, 1.80, 0.20, 1.80 , -1.202631E-004, 1.202420E-004, -8.794285E-011, -1.169440E-013, 2.150400E+004 1.570926E+074 2.150400E+004, Sat Sep 05 02:09:43 2015
0.00, 1.80, 0.18, 1.80 , -1.236952E-004, 1.236460E-004, -9.444184E-011, -1.129870E-013, 2.150400E+004 1.570926E+074 2.150400E+004, Sat Sep 05 02:09:47 2015
0.00, 1.80, 0.16, 1.80 , -1.270784E-004, 1.270310E-004, -1.069369E-010, -1.159670E-013, 2.150400E+004 1.570926E+074 2.150400E+004, Sat Sep 05 02:09:50 2015
0.00, 1.80, 0.14, 1.80 , -1.304919E-004, 1.304850E-004, -1.105008E-010, -9.715560E-014, 2.150400E+004 1.570926E+074 2.150400E+004, Sat Sep 05 02:09:54 2015
0.00, 1.80, 0.12, 1.80 , -1.339496E-004, 1.339160E-004, -1.227440E-010, -1.306300E-013, 2.150400E+004 1.570926E+074 2.150400E+004, Sat Sep 05 02:09:57 2015
0.00, 1.80, 0.10, 1.80 , -1.373747E-004, 1.373440E-004, -1.311299E-010, -1.041650E-013, 2.150400E+004 1.570926E+074 2.150400E+004, Sat Sep 05 02:10:01 2015
0.00, 1.80, 0.08, 1.80 , -1.409139E-004, 1.409200E-004, -1.434151E-010, -9.999280E-014, 2.150400E+004 1.570926E+074 2.150400E+004, Sat Sep 05 02:10:04 2015
0.00, 1.80, 0.06, 1.80 , -1.444049E-004, 1.444000E-004, -1.522622E-010, -1.112220E-013, 2.150400E+004 1.570926E+074 2.150400E+004, Sat Sep 05 02:10:08 2015
0.00, 1.80, 0.04, 1.80 , -1.479640E-004, 1.479340E-004, -1.604383E-010, -1.204850E-013, 2.150400E+004 1.570926E+074 2.150400E+004, Sat Sep 05 02:10:11 2015
0.00, 1.80, 0.02, 1.80 , -1.514588E-004, 1.514660E-004, -1.708369E-010, -1.060720E-013, 2.150400E+004 1.570926E+074 2.150400E+004, Sat Sep 05 02:10:15 2015
0.00, 1.80, 0.00, 1.80 , -1.550371E-004, 1.550200E-004, -1.829544E-010, -1.027820E-013, 2.150400E+004 1.570926E+074 2.150400E+004, Sat Sep 05 02:10:18 2015
0.00, 1.80, -0.02, 1.80 , -1.585545E-004, 1.585710E-004, -1.871475E-010, -9.546280E-014, 2.150400E+004 1.570926E+074 2.150400E+004, Sat Sep 05 02:10:22 2015
0.00, 1.80, -0.04, 1.80 , -1.621299E-004, 1.620540E-004, -2.019482E-010, -1.065850E-013, 2.150400E+004 1.570926E+074 2.150400E+004, Sat Sep 05 02:10:26 2015
0.00, 1.80, -0.06, 1.80 , -1.657243E-004, 1.657010E-004, -2.109628E-010, -1.002550E-013, 2.150400E+004 1.570926E+074 2.150400E+004, Sat Sep 05 02:10:29 2015
0.00, 1.80, -0.08, 1.80 , -1.692659E-004, 1.692980E-004, -2.208580E-010, -8.529420E-014, 2.150400E+004 1.570926E+074 2.150400E+004, Sat Sep 05 02:10:33 2015
0.00, 1.80, -0.10, 1.80 , -1.729007E-004, 1.728910E-004, -2.307116E-010, -1.150490E-013, 2.150400E+004 1.570926E+074 2.150400E+004, Sat Sep 05 02:10:36 2015
0.00, 1.80, -0.12, 1.80 , -1.765647E-004, 1.765730E-004, -2.398526E-010, -1.152400E-013, 2.150400E+004 1.570926E+074 2.150400E+004, Sat Sep 05 02:10:40 2015
0.00, 1.80, -0.14, 1.80 , -1.801387E-004, 1.801190E-004, -2.497055E-010, -1.199720E-013, 2.150400E+004 1.570926E+074 2.150400E+004, Sat Sep 05 02:10:43 2015
0.00, 1.80, -0.16, 1.80 , -1.837484E-004, 1.837340E-004, -2.553661E-010, -8.975270E-014, 2.150400E+004 1.570926E+074 2.150400E+004, Sat Sep 05 02:10:47 2015
0.00, 1.80, -0.18, 1.80 , -1.874349E-004, 1.873430E-004, -2.688672E-010, -1.169680E-013, 2.150400E+004 1.570926E+074 2.150400E+004, Sat Sep 05 02:10:50 2015
0.00, 1.80, -0.20, 1.80 , -1.910907E-004, 1.910350E-004, -2.843810E-010, -1.096130E-013, 2.150400E+004 1.570926E+074 2.150400E+004, Sat Sep 05 02:10:54 2015
