0.00, 1.80, 1.80, 1.80 , -1.155514E-010, 1.065340E-010, 9.823598E-009, -1.091480E-013, 2.150400E+004 1.570926E+074 2.150400E+004, Thu Sep 10 01:08:08 2015
0.00, 1.80, 1.78, 1.80 , 2.818799E-012, 8.387200E-011, 2.033174E-010, -9.776350E-014, 2.150400E+004 1.570926E+074 2.150400E+004, Thu Sep 10 01:08:34 2015
0.00, 1.80, 1.76, 1.80 , 7.713575E-012, 9.513310E-011, 1.847027E-010, -9.509330E-014, 2.150400E+004 1.570926E+074 2.150400E+004, Thu Sep 10 01:08:41 2015
0.00, 1.80, 1.74, 1.80 , 1.848277E-012, 6.893370E-011, 1.797556E-010, -1.188400E-013, 2.150400E+004 1.570926E+074 2.150400E+004, Thu Sep 10 01:08:52 2015
0.00, 1.80, 1.72, 1.80 , 3.620530E-012, 6.137560E-012, 1.684777E-010, -1.014950E-013, 2.150400E+004 1.570926E+074 2.150400E+004, Thu Sep 10 01:09:08 2015
0.00, 1.80, 1.70, 1.80 , 4.000296E-012, 7.770960E-011, 1.665071E-010, -1.088380E-013, 2.150400E+004 1.570926E+074 2.150400E+004, Thu Sep 10 01:09:26 2015
0.00, 1.80, 1.68, 1.80 , 6.067913E-012, 4.607770E-011, 1.519173E-010, -1.142740E-013, 2.150400E+004 1.570926E+074 2.150400E+004, Thu Sep 10 01:09:54 2015
0.00, 1.80, 1.66, 1.80 , 2.523425E-012, 7.783200E-011, 1.478086E-010, -9.467600E-014, 2.150400E+004 1.570926E+074 2.150400E+004, Thu Sep 10 01:11:04 2015
0.00, 1.80, 1.64, 1.80 , -4.870709E-011, 7.516890E-011, 1.314577E-010, -1.011610E-013, 2.150400E+004 1.570926E+074 2.150400E+004, Thu Sep 10 01:11:09 2015
0.00, 1.80, 1.62, 1.80 , -9.246820E-011, 7.270380E-011, 1.572836E-010, -1.226430E-013, 2.150400E+004 1.570926E+074 2.150400E+004, Thu Sep 10 01:12:35 2015
0.00, 1.80, 1.60, 1.80 , -7.182476E-012, 7.228940E-011, 1.325897E-010, -9.747740E-014, 2.150400E+004 1.570926E+074 2.150400E+004, Thu Sep 10 01:12:57 2015
0.00, 1.80, 1.58, 1.80 , -8.701664E-012, 7.368420E-011, 1.219407E-010, -1.284240E-013, 2.150400E+004 1.570926E+074 2.150400E+004, Thu Sep 10 01:13:06 2015
0.00, 1.80, 1.56, 1.80 , -1.161422E-010, 5.452150E-011, 2.099417E-010, -1.024010E-013, 2.150400E+004 1.570926E+074 2.150400E+004, Thu Sep 10 01:13:21 2015
0.00, 1.80, 1.54, 1.80 , -1.110360E-010, 5.227170E-011, 1.547262E-010, -1.014230E-013, 2.150400E+004 1.570926E+074 2.150400E+004, Thu Sep 10 01:13:26 2015
0.00, 1.80, 1.52, 1.80 , -1.091793E-010, 5.267580E-011, 1.284391E-010, -8.752350E-014, 2.150400E+004 1.570926E+074 2.150400E+004, Thu Sep 10 01:13:33 2015
0.00, 1.80, 1.50, 1.80 , -1.109939E-010, 5.269730E-011, 1.072669E-010, -1.233700E-013, 2.150400E+004 1.570926E+074 2.150400E+004, Thu Sep 10 01:13:42 2015
0.00, 1.80, 1.48, 1.80 , -1.080399E-010, 5.300910E-011, 8.752014E-011, -1.050350E-013, 2.150400E+004 1.570926E+074 2.150400E+004, Thu Sep 10 01:13:54 2015
0.00, 1.80, 1.46, 1.80 , -1.251308E-010, 5.324390E-011, 7.301394E-011, -1.044990E-013, 2.150400E+004 1.570926E+074 2.150400E+004, Thu Sep 10 01:14:17 2015
0.00, 1.80, 1.44, 1.80 , -1.058455E-010, 5.319500E-011, 6.429359E-011, -1.057620E-013, 2.150400E+004 1.570926E+074 2.150400E+004, Thu Sep 10 01:14:31 2015
0.00, 1.80, 1.42, 1.80 , -1.101499E-010, 5.328390E-011, 5.792090E-011, -1.019360E-013, 2.150400E+004 1.570926E+074 2.150400E+004, Thu Sep 10 01:14:51 2015
0.00, 1.80, 1.40, 1.80 , -1.104452E-010, 5.344700E-011, 5.297382E-011, -1.040820E-013, 2.150400E+004 1.570926E+074 2.150400E+004, Thu Sep 10 01:14:56 2015
0.00, 1.80, 1.38, 1.80 , -1.066473E-010, 5.354280E-011, 5.087755E-011, -9.768010E-014, 2.150400E+004 1.570926E+074 2.150400E+004, Thu Sep 10 01:15:04 2015
0.00, 1.80, 1.36, 1.80 , -1.055079E-010, 5.338100E-011, 4.861363E-011, -1.145360E-013, 2.150400E+004 1.570926E+074 2.150400E+004, Thu Sep 10 01:15:11 2015
0.00, 1.80, 1.34, 1.80 , -1.150028E-010, 5.343690E-011, 4.454691E-011, -9.790660E-014, 2.150400E+004 1.570926E+074 2.150400E+004, Thu Sep 10 01:15:18 2015
0.00, 1.80, 1.32, 1.80 , -1.022585E-010, 5.339520E-011, 4.601421E-011, -1.088620E-013, 2.150400E+004 1.570926E+074 2.150400E+004, Thu Sep 10 01:15:32 2015
0.00, 1.80, 1.30, 1.80 , -1.101919E-010, 5.339180E-011, 4.349869E-011, -7.129910E-014, 2.150400E+004 1.570926E+074 2.150400E+004, Thu Sep 10 01:15:46 2015
0.00, 1.80, 1.28, 1.80 , -1.081665E-010, 5.325550E-011, 4.119277E-011, -9.666680E-014, 2.150400E+004 1.570926E+074 2.150400E+004, Thu Sep 10 01:15:52 2015
0.00, 1.80, 1.26, 1.80 , -1.149606E-010, 5.313040E-011, 3.972545E-011, -8.111000E-014, 2.150400E+004 1.570926E+074 2.150400E+004, Thu Sep 10 01:16:05 2015
0.00, 1.80, 1.24, 1.80 , -1.147074E-010, 5.733020E-011, 4.048011E-011, -8.611680E-014, 2.150400E+004 1.570926E+074 2.150400E+004, Thu Sep 10 01:16:13 2015
0.00, 1.80, 1.22, 1.80 , -1.155417E-008, 1.127630E-008, 3.716800E-011, -8.918050E-014, 2.150400E+004 1.570926E+074 2.150400E+004, Thu Sep 10 01:16:37 2015
0.00, 1.80, 1.20, 1.80 , -5.026553E-008, 5.070760E-008, 3.691648E-011, -1.250740E-013, 2.150400E+004 1.570926E+074 2.150400E+004, Thu Sep 10 01:16:42 2015
0.00, 1.80, 1.18, 1.80 , -1.480416E-007, 1.530750E-007, 3.494596E-011, -9.101630E-014, 2.150400E+004 1.570926E+074 2.150400E+004, Thu Sep 10 01:16:45 2015
0.00, 1.80, 1.16, 1.80 , -3.217107E-007, 3.262660E-007, 3.171773E-011, -9.226800E-014, 2.150400E+004 1.570926E+074 2.150400E+004, Thu Sep 10 01:16:50 2015
0.00, 1.80, 1.14, 1.80 , -5.989652E-007, 5.994070E-007, 2.945376E-011, -1.237750E-013, 2.150400E+004 1.570926E+074 2.150400E+004, Thu Sep 10 01:16:53 2015
0.00, 1.80, 1.12, 1.80 , -9.661027E-007, 9.691770E-007, 3.066968E-011, -1.187320E-013, 2.150400E+004 1.570926E+074 2.150400E+004, Thu Sep 10 01:16:57 2015
0.00, 1.80, 1.10, 1.80 , -1.436303E-006, 1.437680E-006, 2.614170E-011, -1.013040E-013, 2.150400E+004 1.570926E+074 2.150400E+004, Thu Sep 10 01:17:02 2015
0.00, 1.80, 1.08, 1.80 , -2.024421E-006, 2.025920E-006, 2.404543E-011, -8.903740E-014, 2.150400E+004 1.570926E+074 2.150400E+004, Thu Sep 10 01:17:05 2015
0.00, 1.80, 1.06, 1.80 , -2.755061E-006, 2.750450E-006, 2.391968E-011, -1.117710E-013, 2.150400E+004 1.570926E+074 2.150400E+004, Thu Sep 10 01:17:09 2015
0.00, 1.80, 1.04, 1.80 , -3.636210E-006, 3.635060E-006, 2.069140E-011, -1.068350E-013, 2.150400E+004 1.570926E+074 2.150400E+004, Thu Sep 10 01:17:12 2015
0.00, 1.80, 1.02, 1.80 , -4.690189E-006, 4.694600E-006, 2.056566E-011, -8.151530E-014, 2.150400E+004 1.570926E+074 2.150400E+004, Thu Sep 10 01:17:16 2015
0.00, 1.80, 1.00, 1.80 , -5.931127E-006, 5.922830E-006, 2.014638E-011, -8.637910E-014, 2.150400E+004 1.570926E+074 2.150400E+004, Thu Sep 10 01:17:19 2015
0.00, 1.80, 0.98, 1.80 , -7.377121E-006, 7.379140E-006, 1.872093E-011, -9.793040E-014, 2.150400E+004 1.570926E+074 2.150400E+004, Thu Sep 10 01:17:23 2015
0.00, 1.80, 0.96, 1.80 , -9.023689E-006, 9.028500E-006, 1.477997E-011, -1.002670E-013, 2.150400E+004 1.570926E+074 2.150400E+004, Thu Sep 10 01:17:27 2015
0.00, 1.80, 0.94, 1.80 , -1.086945E-005, 1.086640E-005, 1.415109E-011, -1.160980E-013, 2.150400E+004 1.570926E+074 2.150400E+004, Thu Sep 10 01:17:30 2015
0.00, 1.80, 0.92, 1.80 , -1.287944E-005, 1.287820E-005, 1.054552E-011, -1.113890E-013, 2.150400E+004 1.570926E+074 2.150400E+004, Thu Sep 10 01:17:34 2015
0.00, 1.80, 0.90, 1.80 , -1.507517E-005, 1.507760E-005, 1.016822E-011, -9.260180E-014, 2.150400E+004 1.570926E+074 2.150400E+004, Thu Sep 10 01:17:37 2015
0.00, 1.80, 0.88, 1.80 , -1.750938E-005, 1.750490E-005, 7.946178E-012, -1.128080E-013, 2.150400E+004 1.570926E+074 2.150400E+004, Thu Sep 10 01:17:41 2015
0.00, 1.80, 0.86, 1.80 , -2.002543E-005, 2.003580E-005, 6.520728E-012, -1.067640E-013, 2.150400E+004 1.570926E+074 2.150400E+004, Thu Sep 10 01:17:44 2015
0.00, 1.80, 0.84, 1.80 , -2.273871E-005, 2.273090E-005, 3.837482E-012, -1.098630E-013, 2.150400E+004 1.570926E+074 2.150400E+004, Thu Sep 10 01:17:48 2015
0.00, 1.80, 0.82, 1.80 , -2.554687E-005, 2.554410E-005, 4.675996E-012, -1.087070E-013, 2.150400E+004 1.570926E+074 2.150400E+004, Thu Sep 10 01:17:52 2015
0.00, 1.80, 0.80, 1.80 , -2.852817E-005, 2.852780E-005, 8.608218E-013, -9.981390E-014, 2.150400E+004 1.570926E+074 2.150400E+004, Thu Sep 10 01:17:55 2015
0.00, 1.80, 0.78, 1.80 , -3.159317E-005, 3.159230E-005, 6.092678E-013, -1.087900E-013, 2.150400E+004 1.570926E+074 2.150400E+004, Thu Sep 10 01:17:59 2015
0.00, 1.80, 0.76, 1.80 , -3.478808E-005, 3.477780E-005, -2.325478E-012, -1.043800E-013, 2.150400E+004 1.570926E+074 2.150400E+004, Thu Sep 10 01:18:02 2015
0.00, 1.80, 0.74, 1.80 , -3.804427E-005, 3.803080E-005, -3.080139E-012, -1.160620E-013, 2.150400E+004 1.570926E+074 2.150400E+004, Thu Sep 10 01:18:06 2015
0.00, 1.80, 0.72, 1.80 , -4.138925E-005, 4.138070E-005, -5.176394E-012, -1.012680E-013, 2.150400E+004 1.570926E+074 2.150400E+004, Thu Sep 10 01:18:09 2015
0.00, 1.80, 0.70, 1.80 , -4.482202E-005, 4.482480E-005, -7.146882E-012, -9.973050E-014, 2.150400E+004 1.570926E+074 2.150400E+004, Thu Sep 10 01:18:13 2015
0.00, 1.80, 0.68, 1.80 , -4.831889E-005, 4.832300E-005, -8.320782E-012, -7.046460E-014, 2.150400E+004 1.570926E+074 2.150400E+004, Thu Sep 10 01:18:16 2015
0.00, 1.80, 0.66, 1.80 , -5.190737E-005, 5.191380E-005, -9.033510E-012, -9.114740E-014, 2.150400E+004 1.570926E+074 2.150400E+004, Thu Sep 10 01:18:20 2015
0.00, 1.80, 0.64, 1.80 , -5.556304E-005, 5.554580E-005, -1.058473E-011, -8.316040E-014, 2.150400E+004 1.570926E+074 2.150400E+004, Thu Sep 10 01:18:23 2015
0.00, 1.80, 0.62, 1.80 , -5.926198E-005, 5.926520E-005, -1.343565E-011, -9.034870E-014, 2.150400E+004 1.570926E+074 2.150400E+004, Thu Sep 10 01:18:27 2015
0.00, 1.80, 0.60, 1.80 , -6.301700E-005, 6.304420E-005, -1.305832E-011, -9.590390E-014, 2.150400E+004 1.570926E+074 2.150400E+004, Thu Sep 10 01:18:30 2015
0.00, 1.80, 0.58, 1.80 , -6.689612E-005, 6.690290E-005, -1.595116E-011, -9.351970E-014, 2.150400E+004 1.570926E+074 2.150400E+004, Thu Sep 10 01:18:34 2015
0.00, 1.80, 0.56, 1.80 , -7.071251E-005, 7.069010E-005, -1.460955E-011, -1.043560E-013, 2.150400E+004 1.570926E+074 2.150400E+004, Thu Sep 10 01:18:38 2015
0.00, 1.80, 0.54, 1.80 , -7.464201E-005, 7.460570E-005, -1.821512E-011, -9.863380E-014, 2.150400E+004 1.570926E+074 2.150400E+004, Thu Sep 10 01:18:41 2015
0.00, 1.80, 0.52, 1.80 , -7.856973E-005, 7.857490E-005, -2.073062E-011, -9.028910E-014, 2.150400E+004 1.570926E+074 2.150400E+004, Thu Sep 10 01:18:45 2015
0.00, 1.80, 0.50, 1.80 , -8.256380E-005, 8.255500E-005, -2.190452E-011, -9.595160E-014, 2.150400E+004 1.570926E+074 2.150400E+004, Thu Sep 10 01:18:48 2015
0.00, 1.80, 0.48, 1.80 , -8.652516E-005, 8.651150E-005, -2.366544E-011, -1.069430E-013, 2.150400E+004 1.570926E+074 2.150400E+004, Thu Sep 10 01:18:52 2015
0.00, 1.80, 0.46, 1.80 , -9.058558E-005, 9.058140E-005, -2.353965E-011, -9.576080E-014, 2.150400E+004 1.570926E+074 2.150400E+004, Thu Sep 10 01:18:55 2015
0.00, 1.80, 0.44, 1.80 , -9.468054E-005, 9.466180E-005, -2.370737E-011, -5.598070E-014, 2.150400E+004 1.570926E+074 2.150400E+004, Thu Sep 10 01:18:59 2015
0.00, 1.80, 0.42, 1.80 , -9.883819E-005, 9.881620E-005, -2.760679E-011, -9.253030E-014, 2.150400E+004 1.570926E+074 2.150400E+004, Thu Sep 10 01:19:02 2015
0.00, 1.80, 0.40, 1.80 , -1.030640E-004, 1.030880E-004, -2.756486E-011, -1.016740E-013, 2.150400E+004 1.570926E+074 2.150400E+004, Thu Sep 10 01:19:06 2015
0.00, 1.80, 0.38, 1.80 , -1.072898E-004, 1.072780E-004, -3.121272E-011, -1.034260E-013, 2.150400E+004 1.570926E+074 2.150400E+004, Thu Sep 10 01:19:10 2015
0.00, 1.80, 0.36, 1.80 , -1.115497E-004, 1.115580E-004, -3.301567E-011, -9.826420E-014, 2.150400E+004 1.570926E+074 2.150400E+004, Thu Sep 10 01:19:13 2015
0.00, 1.80, 0.34, 1.80 , -1.158973E-004, 1.158490E-004, -3.381233E-011, -1.016500E-013, 2.150400E+004 1.570926E+074 2.150400E+004, Thu Sep 10 01:19:17 2015
0.00, 1.80, 0.32, 1.80 , -1.203093E-004, 1.202710E-004, -3.477671E-011, -9.711980E-014, 2.150400E+004 1.570926E+074 2.150400E+004, Thu Sep 10 01:19:20 2015
0.00, 1.80, 0.30, 1.80 , -1.247225E-004, 1.247190E-004, -3.808910E-011, -9.130240E-014, 2.150400E+004 1.570926E+074 2.150400E+004, Thu Sep 10 01:19:24 2015
0.00, 1.80, 0.28, 1.80 , -1.291995E-004, 1.291870E-004, -3.901156E-011, -1.051780E-013, 2.150400E+004 1.570926E+074 2.150400E+004, Thu Sep 10 01:19:27 2015
0.00, 1.80, 0.26, 1.80 , -1.337595E-004, 1.337770E-004, -3.792140E-011, -6.952290E-014, 2.150400E+004 1.570926E+074 2.150400E+004, Thu Sep 10 01:19:31 2015
0.00, 1.80, 0.24, 1.80 , -1.383866E-004, 1.383630E-004, -4.077260E-011, -1.114010E-013, 2.150400E+004 1.570926E+074 2.150400E+004, Thu Sep 10 01:19:34 2015
0.00, 1.80, 0.22, 1.80 , -1.430029E-004, 1.429740E-004, -4.152732E-011, -9.731050E-014, 2.150400E+004 1.570926E+074 2.150400E+004, Thu Sep 10 01:19:38 2015
0.00, 1.80, 0.20, 1.80 , -1.476244E-004, 1.476130E-004, -4.328835E-011, -1.191850E-013, 2.150400E+004 1.570926E+074 2.150400E+004, Thu Sep 10 01:19:41 2015
0.00, 1.80, 0.18, 1.80 , -1.522873E-004, 1.522820E-004, -4.312063E-011, -1.028180E-013, 2.150400E+004 1.570926E+074 2.150400E+004, Thu Sep 10 01:19:45 2015
0.00, 1.80, 0.16, 1.80 , -1.569889E-004, 1.569950E-004, -4.819408E-011, -9.475950E-014, 2.150400E+004 1.570926E+074 2.150400E+004, Thu Sep 10 01:19:48 2015
0.00, 1.80, 0.14, 1.80 , -1.616981E-004, 1.616610E-004, -4.823601E-011, -1.007320E-013, 2.150400E+004 1.570926E+074 2.150400E+004, Thu Sep 10 01:19:52 2015
0.00, 1.80, 0.12, 1.80 , -1.664351E-004, 1.664080E-004, -5.020670E-011, -8.287430E-014, 2.150400E+004 1.570926E+074 2.150400E+004, Thu Sep 10 01:19:56 2015
0.00, 1.80, 0.10, 1.80 , -1.711262E-004, 1.711260E-004, -5.066790E-011, -9.601120E-014, 2.150400E+004 1.570926E+074 2.150400E+004, Thu Sep 10 01:19:59 2015
0.00, 1.80, 0.08, 1.80 , -1.758295E-004, 1.758310E-004, -5.251278E-011, -1.052740E-013, 2.150400E+004 1.570926E+074 2.150400E+004, Thu Sep 10 01:20:03 2015
0.00, 1.80, 0.06, 1.80 , -1.805985E-004, 1.805890E-004, -5.335139E-011, -1.028180E-013, 2.150400E+004 1.570926E+074 2.150400E+004, Thu Sep 10 01:20:06 2015
0.00, 1.80, 0.04, 1.80 , -1.852963E-004, 1.853140E-004, -5.477700E-011, -1.030920E-013, 2.150400E+004 1.570926E+074 2.150400E+004, Thu Sep 10 01:20:10 2015
0.00, 1.80, 0.02, 1.80 , -1.901280E-004, 1.901200E-004, -5.532206E-011, -9.056330E-014, 2.150400E+004 1.570926E+074 2.150400E+004, Thu Sep 10 01:20:13 2015
0.00, 1.80, 0.00, 1.80 , -1.949345E-004, 1.949150E-004, -5.863447E-011, -8.775000E-014, 2.150400E+004 1.570926E+074 2.150400E+004, Thu Sep 10 01:20:17 2015
0.00, 1.80, -0.02, 1.80 , -1.997401E-004, 1.997200E-004, -6.295318E-011, -9.863380E-014, 2.150400E+004 1.570926E+074 2.150400E+004, Thu Sep 10 01:20:20 2015
0.00, 1.80, -0.04, 1.80 , -2.045456E-004, 2.045280E-004, -6.341443E-011, -9.714370E-014, 2.150400E+004 1.570926E+074 2.150400E+004, Thu Sep 10 01:20:24 2015
0.00, 1.80, -0.06, 1.80 , -2.093896E-004, 2.093690E-004, -6.068902E-011, -1.155020E-013, 2.150400E+004 1.570926E+074 2.150400E+004, Thu Sep 10 01:20:27 2015
0.00, 1.80, -0.08, 1.80 , -2.142550E-004, 2.142170E-004, -6.404335E-011, -1.147270E-013, 2.150400E+004 1.570926E+074 2.150400E+004, Thu Sep 10 01:20:31 2015
0.00, 1.80, -0.10, 1.80 , -2.190503E-004, 2.190260E-004, -6.400146E-011, -1.269700E-013, 2.150400E+004 1.570926E+074 2.150400E+004, Thu Sep 10 01:20:34 2015
0.00, 1.80, -0.12, 1.80 , -2.238652E-004, 2.238470E-004, -6.802663E-011, -1.190070E-013, 2.150400E+004 1.570926E+074 2.150400E+004, Thu Sep 10 01:20:38 2015
0.00, 1.80, -0.14, 1.80 , -2.287497E-004, 2.287240E-004, -7.050047E-011, -1.176240E-013, 2.150400E+004 1.570926E+074 2.150400E+004, Thu Sep 10 01:20:42 2015
0.00, 1.80, -0.16, 1.80 , -2.335759E-004, 2.335520E-004, -7.159065E-011, -9.964700E-014, 2.150400E+004 1.570926E+074 2.150400E+004, Thu Sep 10 01:20:45 2015
0.00, 1.80, -0.18, 1.80 , -2.384523E-004, 2.384290E-004, -7.238728E-011, -7.115600E-014, 2.150400E+004 1.570926E+074 2.150400E+004, Thu Sep 10 01:20:49 2015
0.00, 1.80, -0.20, 1.80 , -2.432673E-004, 2.432390E-004, -7.196797E-011, -1.074430E-013, 2.150400E+004 1.570926E+074 2.150400E+004, Thu Sep 10 01:20:52 2015
