1.80, 1.80, 1.80, 1.80 , 3.862564E-010, 4.530580E-011, 2.300233E-010, -9.982590E-014, 2.150400E+004 1.570926E+074 2.150400E+004, Thu Sep 10 01:21:50 2015
1.75, 1.80, 1.80, 1.80 , 2.148973E-010, 8.737470E-011, 2.004661E-010, -8.838180E-014, 2.150400E+004 1.570926E+074 2.150400E+004, Thu Sep 10 01:22:53 2015
1.70, 1.80, 1.80, 1.80 , 2.047702E-010, 4.594910E-012, 1.833189E-010, -1.027700E-013, 2.150400E+004 1.570926E+074 2.150400E+004, Thu Sep 10 01:22:58 2015
1.65, 1.80, 1.80, 1.80 , 1.886934E-010, 6.076260E-011, 2.150982E-010, -1.098160E-013, 2.150400E+004 1.570926E+074 2.150400E+004, Thu Sep 10 01:23:03 2015
1.60, 1.80, 1.80, 1.80 , 1.760346E-010, 2.243390E-011, 1.978249E-010, -1.100180E-013, 2.150400E+004 1.570926E+074 2.150400E+004, Thu Sep 10 01:23:48 2015
1.55, 1.80, 1.80, 1.80 , 1.673421E-010, -4.411900E-011, 1.649556E-010, -9.890790E-014, 2.150400E+004 1.570926E+074 2.150400E+004, Thu Sep 10 01:23:58 2015
1.50, 1.80, 1.80, 1.80 , 1.535017E-010, 2.580930E-011, 1.849961E-010, -1.197460E-013, 2.150400E+004 1.570926E+074 2.150400E+004, Thu Sep 10 01:24:12 2015
1.45, 1.80, 1.80, 1.80 , 1.736715E-010, 7.531740E-011, 1.478922E-010, -1.166580E-013, 2.150400E+004 1.570926E+074 2.150400E+004, Thu Sep 10 01:24:19 2015
1.40, 1.80, 1.80, 1.80 , 1.608439E-010, 7.767910E-011, 1.490241E-010, -9.174350E-014, 2.150400E+004 1.570926E+074 2.150400E+004, Thu Sep 10 01:25:41 2015
1.35, 1.80, 1.80, 1.80 , 1.664981E-010, 7.545960E-011, 1.502400E-010, -1.094820E-013, 2.150400E+004 1.570926E+074 2.150400E+004, Thu Sep 10 01:27:04 2015
1.30, 1.80, 1.80, 1.80 , 1.227829E-010, -2.673730E-011, 2.059167E-010, -1.157050E-013, 2.150400E+004 1.570926E+074 2.150400E+004, Thu Sep 10 01:27:29 2015
1.25, 1.80, 1.80, 1.80 , 1.233314E-010, 3.096150E-011, 1.814742E-010, -1.050950E-013, 2.150400E+004 1.570926E+074 2.150400E+004, Thu Sep 10 01:27:55 2015
1.20, 1.80, 1.80, 1.80 , 1.187321E-010, 5.221280E-011, 1.784137E-010, -1.003150E-013, 2.150400E+004 1.570926E+074 2.150400E+004, Thu Sep 10 01:28:19 2015
1.15, 1.80, 1.80, 1.80 , 1.150188E-010, 1.172900E-011, 1.879726E-010, -8.007290E-014, 2.150400E+004 1.570926E+074 2.150400E+004, Thu Sep 10 01:28:27 2015
1.10, 1.80, 1.80, 1.80 , 1.234159E-010, 8.464840E-011, 1.556903E-010, -1.021620E-013, 2.150400E+004 1.570926E+074 2.150400E+004, Thu Sep 10 01:28:45 2015
1.05, 1.80, 1.80, 1.80 , 8.949001E-011, 8.183590E-011, 2.105284E-010, -1.139760E-013, 2.150400E+004 1.570926E+074 2.150400E+004, Thu Sep 10 01:29:26 2015
1.00, 1.80, 1.80, 1.80 , 1.172130E-010, -1.422960E-011, 1.538875E-010, -1.052020E-013, 2.150400E+004 1.570926E+074 2.150400E+004, Thu Sep 10 01:29:31 2015
0.95, 1.80, 1.80, 1.80 , 9.670562E-011, 4.510710E-011, 1.676809E-010, -9.340050E-014, 2.150400E+004 1.570926E+074 2.150400E+004, Thu Sep 10 01:29:36 2015
0.90, 1.80, 1.80, 1.80 , 6.353928E-011, 5.350240E-011, 9.920183E-009, -1.026150E-013, 2.150400E+004 1.570926E+074 2.150400E+004, Thu Sep 10 01:29:41 2015
0.85, 1.80, 1.80, 1.80 , 1.111789E-010, 8.784120E-011, 1.592540E-010, -1.162530E-013, 2.150400E+004 1.570926E+074 2.150400E+004, Thu Sep 10 01:29:57 2015
0.80, 1.80, 1.80, 1.80 , 6.147167E-011, 7.035300E-011, 2.475063E-010, -9.613040E-014, 2.150400E+004 1.570926E+074 2.150400E+004, Thu Sep 10 01:30:28 2015
0.75, 1.80, 1.80, 1.80 , 9.822469E-011, 3.303410E-011, 1.754370E-010, -9.062290E-014, 2.150400E+004 1.570926E+074 2.150400E+004, Thu Sep 10 01:33:39 2015
0.70, 1.80, 1.80, 1.80 , -2.456097E-012, 9.302450E-011, 2.597485E-010, -9.835960E-014, 2.150400E+004 1.570926E+074 2.150400E+004, Thu Sep 10 01:36:35 2015
0.65, 1.80, 1.80, 1.80 , 4.674516E-011, 7.754740E-011, 1.021823E-008, -8.594990E-014, 2.150400E+004 1.570926E+074 2.150400E+004, Thu Sep 10 01:38:57 2015
0.60, 1.80, 1.80, 1.80 , 2.776602E-012, 8.617020E-011, 1.879727E-010, -8.968120E-014, 2.150400E+004 1.570926E+074 2.150400E+004, Thu Sep 10 01:39:38 2015
0.55, 1.80, 1.80, 1.80 , 1.173081E-012, -2.403160E-011, 1.850379E-010, -8.703470E-014, 2.150400E+004 1.570926E+074 2.150400E+004, Thu Sep 10 01:39:44 2015
0.50, 1.80, 1.80, 1.80 , 3.198565E-012, 8.646050E-011, 2.008437E-010, -1.177310E-013, 2.150400E+004 1.570926E+074 2.150400E+004, Thu Sep 10 01:39:49 2015
0.45, 1.80, 1.80, 1.80 , -5.874286E-012, 8.480370E-011, 2.214290E-010, -1.101730E-013, 2.150400E+004 1.570926E+074 2.150400E+004, Thu Sep 10 01:40:02 2015
0.40, 1.80, 1.80, 1.80 , 4.633240E-012, 7.367190E-011, 2.332099E-010, -9.868150E-014, 2.150400E+004 1.570926E+074 2.150400E+004, Thu Sep 10 01:40:10 2015
0.35, 1.80, 1.80, 1.80 , 2.965567E-011, -2.340510E-011, 1.649977E-010, -8.875130E-014, 2.150400E+004 1.570926E+074 2.150400E+004, Thu Sep 10 01:40:17 2015
0.30, 1.80, 1.80, 1.80 , 2.868846E-013, -1.126220E-011, 1.992925E-010, -9.963510E-014, 2.150400E+004 1.570926E+074 2.150400E+004, Thu Sep 10 01:40:22 2015
0.25, 1.80, 1.80, 1.80 , -9.798863E-012, 6.681140E-011, 2.447392E-010, -7.395740E-014, 2.150400E+004 1.570926E+074 2.150400E+004, Thu Sep 10 01:40:44 2015
0.20, 1.80, 1.80, 1.80 , -2.617140E-013, -1.059730E-011, 1.734246E-010, -7.654430E-014, 2.150400E+004 1.570926E+074 2.150400E+004, Thu Sep 10 01:41:06 2015
0.15, 1.80, 1.80, 1.80 , 1.130881E-012, 8.871040E-011, 1.617276E-010, -9.189840E-014, 2.150400E+004 1.570926E+074 2.150400E+004, Thu Sep 10 01:41:12 2015
0.10, 1.80, 1.80, 1.80 , -4.523890E-012, -1.874440E-011, 1.607633E-010, -9.583240E-014, 2.150400E+004 1.570926E+074 2.150400E+004, Thu Sep 10 01:41:20 2015
0.05, 1.80, 1.80, 1.80 , -6.204218E-011, 5.223500E-011, 1.902367E-010, -9.747740E-014, 2.150400E+004 1.570926E+074 2.150400E+004, Thu Sep 10 01:41:27 2015
0.00, 1.80, 1.80, 1.80 , -2.034103E-012, 8.024810E-011, 1.616439E-010, -9.379390E-014, 2.150400E+004 1.570926E+074 2.150400E+004, Thu Sep 10 01:41:42 2015
-0.05, 1.80, 1.80, 1.80 , -6.254081E-012, 6.151970E-011, 1.580801E-010, -9.907480E-014, 2.150400E+004 1.570926E+074 2.150400E+004, Thu Sep 10 01:42:04 2015
-0.10, 1.80, 1.80, 1.80 , -7.266878E-012, 6.882570E-011, 1.581221E-010, -1.114130E-013, 2.150400E+004 1.570926E+074 2.150400E+004, Thu Sep 10 01:42:09 2015
-0.15, 1.80, 1.80, 1.80 , -4.481690E-012, 6.616710E-012, 1.508690E-010, -9.489060E-014, 2.150400E+004 1.570926E+074 2.150400E+004, Thu Sep 10 01:44:16 2015
-0.20, 1.80, 1.80, 1.80 , -3.342291E-012, -1.688150E-011, 1.551871E-010, -9.665490E-014, 2.150400E+004 1.570926E+074 2.150400E+004, Thu Sep 10 01:44:58 2015
