1.80, 1.80, 1.40, 1.80 , 9.612310E-012, -3.060240E-011, 5.959845E-010, -1.052500E-013, 2.150400E+004 1.570926E+074 2.150400E+004, Sat Sep 05 02:18:26 2015
1.75, 1.80, 1.40, 1.80 , -2.303986E-008, 2.310830E-008, 6.060460E-010, -1.037600E-013, 2.150400E+004 1.570926E+074 2.150400E+004, Sat Sep 05 02:18:33 2015
1.70, 1.80, 1.40, 1.80 , -2.815212E-008, 2.803170E-008, 6.076799E-010, -9.897950E-014, 2.150400E+004 1.570926E+074 2.150400E+004, Sat Sep 05 02:18:36 2015
1.65, 1.80, 1.40, 1.80 , -2.967843E-008, 2.968340E-008, 6.167373E-010, -9.362700E-014, 2.150400E+004 1.570926E+074 2.150400E+004, Sat Sep 05 02:18:40 2015
1.60, 1.80, 1.40, 1.80 , -3.056952E-008, 3.056250E-008, 6.181634E-010, -9.404420E-014, 2.150400E+004 1.570926E+074 2.150400E+004, Sat Sep 05 02:18:43 2015
1.55, 1.80, 1.40, 1.80 , -3.129664E-008, 3.133010E-008, 6.186244E-010, -9.924170E-014, 2.150400E+004 1.570926E+074 2.150400E+004, Sat Sep 05 02:18:47 2015
1.50, 1.80, 1.40, 1.80 , -3.197352E-008, 3.200710E-008, 6.220200E-010, -1.045470E-013, 2.150400E+004 1.570926E+074 2.150400E+004, Sat Sep 05 02:18:51 2015
1.45, 1.80, 1.40, 1.80 , -3.269276E-008, 3.266550E-008, 6.209722E-010, -1.128080E-013, 2.150400E+004 1.570926E+074 2.150400E+004, Sat Sep 05 02:18:54 2015
1.40, 1.80, 1.40, 1.80 , -3.337319E-008, 3.326320E-008, 6.225648E-010, -9.839540E-014, 2.150400E+004 1.570926E+074 2.150400E+004, Sat Sep 05 02:18:58 2015
1.35, 1.80, 1.40, 1.80 , -3.406596E-008, 3.409900E-008, 6.228578E-010, -9.980200E-014, 2.150400E+004 1.570926E+074 2.150400E+004, Sat Sep 05 02:19:01 2015
1.30, 1.80, 1.40, 1.80 , -3.456248E-008, 3.453090E-008, 6.283923E-010, -9.143350E-014, 2.150400E+004 1.570926E+074 2.150400E+004, Sat Sep 05 02:19:05 2015
1.25, 1.80, 1.40, 1.80 , -3.497256E-008, 3.496290E-008, 6.288110E-010, -1.158710E-013, 2.150400E+004 1.570926E+074 2.150400E+004, Sat Sep 05 02:19:08 2015
1.20, 1.80, 1.40, 1.80 , -3.559358E-008, 3.561710E-008, 6.303200E-010, -8.002520E-014, 2.150400E+004 1.570926E+074 2.150400E+004, Sat Sep 05 02:19:12 2015
1.15, 1.80, 1.40, 1.80 , -3.620744E-008, 3.616710E-008, 6.314105E-010, -8.449550E-014, 2.150400E+004 1.570926E+074 2.150400E+004, Sat Sep 05 02:19:15 2015
1.10, 1.80, 1.40, 1.80 , -3.670162E-008, 3.676400E-008, 6.369456E-010, -1.002670E-013, 2.150400E+004 1.570926E+074 2.150400E+004, Sat Sep 05 02:19:19 2015
1.05, 1.80, 1.40, 1.80 , -3.732419E-008, 3.724180E-008, 6.347239E-010, -1.151920E-013, 2.150400E+004 1.570926E+074 2.150400E+004, Sat Sep 05 02:19:23 2015
1.00, 1.80, 1.40, 1.80 , -3.752859E-008, 3.757740E-008, 6.341353E-010, -9.638070E-014, 2.150400E+004 1.570926E+074 2.150400E+004, Sat Sep 05 02:19:26 2015
0.95, 1.80, 1.40, 1.80 , -3.810352E-008, 3.808980E-008, 6.346392E-010, -1.151080E-013, 2.150400E+004 1.570926E+074 2.150400E+004, Sat Sep 05 02:19:30 2015
0.90, 1.80, 1.40, 1.80 , -3.874906E-008, 3.859720E-008, 6.376158E-010, -1.036410E-013, 2.150400E+004 1.570926E+074 2.150400E+004, Sat Sep 05 02:19:33 2015
0.85, 1.80, 1.40, 1.80 , -3.919014E-008, 3.917980E-008, 6.375738E-010, -9.355550E-014, 2.150400E+004 1.570926E+074 2.150400E+004, Sat Sep 05 02:19:37 2015
0.80, 1.80, 1.40, 1.80 , -3.983186E-008, 3.976130E-008, 6.395018E-010, -1.041290E-013, 2.150400E+004 1.570926E+074 2.150400E+004, Sat Sep 05 02:19:41 2015
0.75, 1.80, 1.40, 1.80 , -4.029789E-008, 4.022610E-008, 6.467134E-010, -9.992120E-014, 2.150400E+004 1.570926E+074 2.150400E+004, Sat Sep 05 02:19:44 2015
0.70, 1.80, 1.40, 1.80 , -4.079068E-008, 4.064070E-008, 6.476770E-010, -1.137970E-013, 2.150400E+004 1.570926E+074 2.150400E+004, Sat Sep 05 02:19:48 2015
0.65, 1.80, 1.40, 1.80 , -4.121168E-008, 4.109860E-008, 6.488942E-010, -9.676220E-014, 2.150400E+004 1.570926E+074 2.150400E+004, Sat Sep 05 02:19:51 2015
0.60, 1.80, 1.40, 1.80 , -4.186463E-008, 4.177680E-008, 6.477190E-010, -1.107340E-013, 2.150400E+004 1.570926E+074 2.150400E+004, Sat Sep 05 02:19:55 2015
0.55, 1.80, 1.40, 1.80 , -4.215992E-008, 4.211840E-008, 6.438205E-010, -9.537940E-014, 2.150400E+004 1.570926E+074 2.150400E+004, Sat Sep 05 02:19:58 2015
0.50, 1.80, 1.40, 1.80 , -4.272235E-008, 4.267890E-008, 6.006797E-010, -9.139780E-014, 2.150400E+004 1.570926E+074 2.150400E+004, Sat Sep 05 02:20:02 2015
0.45, 1.80, 1.40, 1.80 , -4.314960E-008, 4.311990E-008, 5.997993E-010, -1.177670E-013, 2.150400E+004 1.570926E+074 2.150400E+004, Sat Sep 05 02:20:05 2015
0.40, 1.80, 1.40, 1.80 , -4.365735E-008, 4.351500E-008, 6.013084E-010, -1.179930E-013, 2.150400E+004 1.570926E+074 2.150400E+004, Sat Sep 05 02:20:09 2015
0.35, 1.80, 1.40, 1.80 , -4.380000E-008, 4.392840E-008, 6.030697E-010, -9.056330E-014, 2.150400E+004 1.570926E+074 2.150400E+004, Sat Sep 05 02:20:13 2015
0.30, 1.80, 1.40, 1.80 , -4.461817E-008, 4.452260E-008, 6.035309E-010, -7.227660E-014, 2.150400E+004 1.570926E+074 2.150400E+004, Sat Sep 05 02:20:16 2015
0.25, 1.80, 1.40, 1.80 , -4.502879E-008, 4.499460E-008, 6.032372E-010, -1.104000E-013, 2.150400E+004 1.570926E+074 2.150400E+004, Sat Sep 05 02:20:20 2015
0.20, 1.80, 1.40, 1.80 , -4.543556E-008, 4.539370E-008, 6.103234E-010, -1.015310E-013, 2.150400E+004 1.570926E+074 2.150400E+004, Sat Sep 05 02:20:23 2015
0.15, 1.80, 1.40, 1.80 , -4.581815E-008, 4.571400E-008, 6.121249E-010, -1.021620E-013, 2.150400E+004 1.570926E+074 2.150400E+004, Sat Sep 05 02:20:27 2015
0.10, 1.80, 1.40, 1.80 , -4.597900E-008, 4.625090E-008, 6.093995E-010, -1.042130E-013, 2.150400E+004 1.570926E+074 2.150400E+004, Sat Sep 05 02:20:30 2015
0.05, 1.80, 1.40, 1.80 , -4.674678E-008, 4.666710E-008, 6.252477E-010, -9.748940E-014, 2.150400E+004 1.570926E+074 2.150400E+004, Sat Sep 05 02:20:34 2015
0.00, 1.80, 1.40, 1.80 , -4.709540E-008, 4.704170E-008, 6.199229E-010, -1.066210E-013, 2.150400E+004 1.570926E+074 2.150400E+004, Sat Sep 05 02:20:38 2015
-0.05, 1.80, 1.40, 1.80 , -4.742881E-008, 4.747820E-008, 6.278468E-010, -1.055240E-013, 2.150400E+004 1.570926E+074 2.150400E+004, Sat Sep 05 02:20:41 2015
-0.10, 1.80, 1.40, 1.80 , -4.782975E-008, 4.780840E-008, 6.197551E-010, -1.073840E-013, 2.150400E+004 1.570926E+074 2.150400E+004, Sat Sep 05 02:20:45 2015
-0.15, 1.80, 1.40, 1.80 , -4.834497E-008, 4.827920E-008, 6.255411E-010, -9.781120E-014, 2.150400E+004 1.570926E+074 2.150400E+004, Sat Sep 05 02:20:48 2015
-0.20, 1.80, 1.40, 1.80 , -4.877934E-008, 4.873570E-008, 6.276792E-010, -1.031990E-013, 2.150400E+004 1.570926E+074 2.150400E+004, Sat Sep 05 02:20:52 2015
