1.80, 1.80, 0.60, 1.80 , 2.811032E-010, 2.289270E-011, -2.316229E-011, -1.001360E-013, 2.150400E+004 1.570926E+074 2.150400E+004, Thu Sep 10 01:59:14 2015
1.75, 1.80, 0.60, 1.80 , -2.887090E-007, 2.902890E-007, -2.425245E-011, -9.621380E-014, 2.150400E+004 1.570926E+074 2.150400E+004, Thu Sep 10 01:59:21 2015
1.70, 1.80, 0.60, 1.80 , -1.366409E-006, 1.368730E-006, -2.358158E-011, -1.013520E-013, 2.150400E+004 1.570926E+074 2.150400E+004, Thu Sep 10 01:59:24 2015
1.65, 1.80, 0.60, 1.80 , -3.550339E-006, 3.555460E-006, -1.834089E-011, -9.245870E-014, 2.150400E+004 1.570926E+074 2.150400E+004, Thu Sep 10 01:59:28 2015
1.60, 1.80, 0.60, 1.80 , -7.749524E-006, 7.758780E-006, -2.031137E-011, -9.039640E-014, 2.150400E+004 1.570926E+074 2.150400E+004, Thu Sep 10 01:59:31 2015
1.55, 1.80, 0.60, 1.80 , -1.414557E-005, 1.415050E-005, -1.825704E-011, -1.012330E-013, 2.150400E+004 1.570926E+074 2.150400E+004, Thu Sep 10 01:59:35 2015
1.50, 1.80, 0.60, 1.80 , -2.148279E-005, 2.148700E-005, -2.278495E-011, -8.966920E-014, 2.150400E+004 1.570926E+074 2.150400E+004, Thu Sep 10 01:59:39 2015
1.45, 1.80, 0.60, 1.80 , -2.859123E-005, 2.858930E-005, -1.750239E-011, -6.833080E-014, 2.150400E+004 1.570926E+074 2.150400E+004, Thu Sep 10 01:59:42 2015
1.40, 1.80, 0.60, 1.80 , -3.482117E-005, 3.480430E-005, -1.930517E-011, -9.542700E-014, 2.150400E+004 1.570926E+074 2.150400E+004, Thu Sep 10 01:59:46 2015
1.35, 1.80, 0.60, 1.80 , -3.998229E-005, 3.997650E-005, -1.704121E-011, -1.044150E-013, 2.150400E+004 1.570926E+074 2.150400E+004, Thu Sep 10 01:59:49 2015
1.30, 1.80, 0.60, 1.80 , -4.422020E-005, 4.421260E-005, -1.708314E-011, -1.091240E-013, 2.150400E+004 1.570926E+074 2.150400E+004, Thu Sep 10 01:59:53 2015
1.25, 1.80, 0.60, 1.80 , -4.753119E-005, 4.752190E-005, -2.127565E-011, -1.201870E-013, 2.150400E+004 1.570926E+074 2.150400E+004, Thu Sep 10 01:59:56 2015
1.20, 1.80, 0.60, 1.80 , -5.001511E-005, 5.001230E-005, -1.947287E-011, -9.890790E-014, 2.150400E+004 1.570926E+074 2.150400E+004, Thu Sep 10 02:00:00 2015
1.15, 1.80, 0.60, 1.80 , -5.187217E-005, 5.186970E-005, -1.787972E-011, -1.026870E-013, 2.150400E+004 1.570926E+074 2.150400E+004, Thu Sep 10 02:00:03 2015
1.10, 1.80, 0.60, 1.80 , -5.319556E-005, 5.318040E-005, -1.595117E-011, -1.213670E-013, 2.150400E+004 1.570926E+074 2.150400E+004, Thu Sep 10 02:00:07 2015
1.05, 1.80, 0.60, 1.80 , -5.415546E-005, 5.415860E-005, -1.687351E-011, -9.441380E-014, 2.150400E+004 1.570926E+074 2.150400E+004, Thu Sep 10 02:00:11 2015
1.00, 1.80, 0.60, 1.80 , -5.488407E-005, 5.488160E-005, -1.335180E-011, -9.140970E-014, 2.150400E+004 1.570926E+074 2.150400E+004, Thu Sep 10 02:00:14 2015
0.95, 1.80, 0.60, 1.80 , -5.542745E-005, 5.541770E-005, -1.850860E-011, -9.473560E-014, 2.150400E+004 1.570926E+074 2.150400E+004, Thu Sep 10 02:00:18 2015
0.90, 1.80, 0.60, 1.80 , -5.587399E-005, 5.587120E-005, -1.486111E-011, -1.030210E-013, 2.150400E+004 1.570926E+074 2.150400E+004, Thu Sep 10 02:00:21 2015
0.85, 1.80, 0.60, 1.80 , -5.625811E-005, 5.625440E-005, -1.792164E-011, -9.080170E-014, 2.150400E+004 1.570926E+074 2.150400E+004, Thu Sep 10 02:00:25 2015
0.80, 1.80, 0.60, 1.80 , -5.661812E-005, 5.660690E-005, -1.624464E-011, -8.181330E-014, 2.150400E+004 1.570926E+074 2.150400E+004, Thu Sep 10 02:00:28 2015
0.75, 1.80, 0.60, 1.80 , -5.692424E-005, 5.691630E-005, -1.628657E-011, -1.088620E-013, 2.150400E+004 1.570926E+074 2.150400E+004, Thu Sep 10 02:00:32 2015
0.70, 1.80, 0.60, 1.80 , -5.721246E-005, 5.720820E-005, -1.800549E-011, -9.680990E-014, 2.150400E+004 1.570926E+074 2.150400E+004, Thu Sep 10 02:00:35 2015
0.65, 1.80, 0.60, 1.80 , -5.747842E-005, 5.746760E-005, -1.490303E-011, -1.110910E-013, 2.150400E+004 1.570926E+074 2.150400E+004, Thu Sep 10 02:00:39 2015
0.60, 1.80, 0.60, 1.80 , -5.773149E-005, 5.772620E-005, -1.632849E-011, -9.875300E-014, 2.150400E+004 1.570926E+074 2.150400E+004, Thu Sep 10 02:00:42 2015
0.55, 1.80, 0.60, 1.80 , -5.796486E-005, 5.796250E-005, -1.582538E-011, -1.130340E-013, 2.150400E+004 1.570926E+074 2.150400E+004, Thu Sep 10 02:00:46 2015
0.50, 1.80, 0.60, 1.80 , -5.820542E-005, 5.819950E-005, -1.569961E-011, -1.023410E-013, 2.150400E+004 1.570926E+074 2.150400E+004, Thu Sep 10 02:00:50 2015
0.45, 1.80, 0.60, 1.80 , -5.845775E-005, 5.844870E-005, -1.628656E-011, -8.236170E-014, 2.150400E+004 1.570926E+074 2.150400E+004, Thu Sep 10 02:00:53 2015
0.40, 1.80, 0.60, 1.80 , -5.878681E-005, 5.874320E-005, -1.351950E-011, -1.029250E-013, 2.150400E+004 1.570926E+074 2.150400E+004, Thu Sep 10 02:00:57 2015
0.35, 1.80, 0.60, 1.80 , -5.913163E-005, 5.911050E-005, -1.687351E-011, -9.919400E-014, 2.150400E+004 1.570926E+074 2.150400E+004, Thu Sep 10 02:01:00 2015
0.30, 1.80, 0.60, 1.80 , -5.976555E-005, 5.979290E-005, -1.494496E-011, -7.948880E-014, 2.150400E+004 1.570926E+074 2.150400E+004, Thu Sep 10 02:01:04 2015
0.25, 1.80, 0.60, 1.80 , -6.045688E-005, 6.043580E-005, -1.247138E-011, -1.027460E-013, 2.150400E+004 1.570926E+074 2.150400E+004, Thu Sep 10 02:01:07 2015
0.20, 1.80, 0.60, 1.80 , -6.103291E-005, 6.099370E-005, -1.414838E-011, -8.900170E-014, 2.150400E+004 1.570926E+074 2.150400E+004, Thu Sep 10 02:01:11 2015
0.15, 1.80, 0.60, 1.80 , -6.161843E-005, 6.161250E-005, -1.234560E-011, -9.616610E-014, 2.150400E+004 1.570926E+074 2.150400E+004, Thu Sep 10 02:01:14 2015
0.10, 1.80, 0.60, 1.80 , -6.217362E-005, 6.218690E-005, -1.314218E-011, -9.024140E-014, 2.150400E+004 1.570926E+074 2.150400E+004, Thu Sep 10 02:01:18 2015
0.05, 1.80, 0.60, 1.80 , -6.265655E-005, 6.265300E-005, -1.083629E-011, -9.980200E-014, 2.150400E+004 1.570926E+074 2.150400E+004, Thu Sep 10 02:01:21 2015
0.00, 1.80, 0.60, 1.80 , -6.303145E-005, 6.304620E-005, -1.511266E-011, -1.064060E-013, 2.150400E+004 1.570926E+074 2.150400E+004, Thu Sep 10 02:01:25 2015
-0.05, 1.80, 0.60, 1.80 , -6.343154E-005, 6.342110E-005, -1.050090E-011, -9.431840E-014, 2.150400E+004 1.570926E+074 2.150400E+004, Thu Sep 10 02:01:29 2015
-0.10, 1.80, 0.60, 1.80 , -6.383592E-005, 6.383830E-005, -1.293255E-011, -8.971690E-014, 2.150400E+004 1.570926E+074 2.150400E+004, Thu Sep 10 02:01:32 2015
-0.15, 1.80, 0.60, 1.80 , -6.416692E-005, 6.416440E-005, -1.293255E-011, -1.088620E-013, 2.150400E+004 1.570926E+074 2.150400E+004, Thu Sep 10 02:01:36 2015
-0.20, 1.80, 0.60, 1.80 , -6.448347E-005, 6.445920E-005, -1.117170E-011, -9.630920E-014, 2.150400E+004 1.570926E+074 2.150400E+004, Thu Sep 10 02:01:39 2015
