1.80, 1.80, 1.00, 1.80 , 1.476979E-008, -1.497130E-008, 2.135452E-010, -1.059060E-013, 2.150400E+004 1.570926E+074 2.150400E+004, Sat Sep 05 02:21:00 2015
1.75, 1.80, 1.00, 1.80 , -2.973258E-006, 2.974140E-006, 2.437312E-010, -1.226660E-013, 2.150400E+004 1.570926E+074 2.150400E+004, Sat Sep 05 02:21:03 2015
1.70, 1.80, 1.00, 1.80 , -5.444846E-006, 5.444200E-006, 2.615074E-010, -1.024840E-013, 2.150400E+004 1.570926E+074 2.150400E+004, Sat Sep 05 02:21:07 2015
1.65, 1.80, 1.00, 1.80 , -7.413623E-006, 7.411170E-006, 2.693895E-010, -1.104240E-013, 2.150400E+004 1.570926E+074 2.150400E+004, Sat Sep 05 02:21:11 2015
1.60, 1.80, 1.00, 1.80 , -8.902837E-006, 8.902900E-006, 2.775227E-010, -1.044510E-013, 2.150400E+004 1.570926E+074 2.150400E+004, Sat Sep 05 02:21:14 2015
1.55, 1.80, 1.00, 1.80 , -9.974505E-006, 9.979060E-006, 2.803741E-010, -9.555820E-014, 2.150400E+004 1.570926E+074 2.150400E+004, Sat Sep 05 02:21:18 2015
1.50, 1.80, 1.00, 1.80 , -1.071940E-005, 1.070770E-005, 2.885069E-010, -1.168370E-013, 2.150400E+004 1.570926E+074 2.150400E+004, Sat Sep 05 02:21:21 2015
1.45, 1.80, 1.00, 1.80 , -1.119418E-005, 1.118560E-005, 2.918610E-010, -1.096960E-013, 2.150400E+004 1.570926E+074 2.150400E+004, Sat Sep 05 02:21:25 2015
1.40, 1.80, 1.00, 1.80 , -1.150938E-005, 1.150340E-005, 2.934540E-010, -9.565350E-014, 2.150400E+004 1.570926E+074 2.150400E+004, Sat Sep 05 02:21:28 2015
1.35, 1.80, 1.00, 1.80 , -1.173073E-005, 1.172360E-005, 2.967665E-010, -1.307130E-013, 2.150400E+004 1.570926E+074 2.150400E+004, Sat Sep 05 02:21:32 2015
1.30, 1.80, 1.00, 1.80 , -1.189494E-005, 1.189450E-005, 3.004137E-010, -9.870530E-014, 2.150400E+004 1.570926E+074 2.150400E+004, Sat Sep 05 02:21:36 2015
1.25, 1.80, 1.00, 1.80 , -1.203650E-005, 1.202230E-005, 2.968920E-010, -9.238720E-014, 2.150400E+004 1.570926E+074 2.150400E+004, Sat Sep 05 02:21:39 2015
1.20, 1.80, 1.00, 1.80 , -1.214504E-005, 1.213550E-005, 3.041869E-010, -1.115920E-013, 2.150400E+004 1.570926E+074 2.150400E+004, Sat Sep 05 02:21:43 2015
1.15, 1.80, 1.00, 1.80 , -1.224805E-005, 1.224130E-005, 3.079180E-010, -8.049010E-014, 2.150400E+004 1.570926E+074 2.150400E+004, Sat Sep 05 02:21:46 2015
1.10, 1.80, 1.00, 1.80 , -1.234588E-005, 1.234560E-005, 3.100987E-010, -7.869010E-014, 2.150400E+004 1.570926E+074 2.150400E+004, Sat Sep 05 02:21:50 2015
1.05, 1.80, 1.00, 1.80 , -1.244158E-005, 1.242460E-005, 3.130327E-010, -1.134040E-013, 2.150400E+004 1.570926E+074 2.150400E+004, Sat Sep 05 02:21:53 2015
1.00, 1.80, 1.00, 1.80 , -1.250311E-005, 1.249260E-005, 3.140816E-010, -1.213190E-013, 2.150400E+004 1.570926E+074 2.150400E+004, Sat Sep 05 02:21:57 2015
0.95, 1.80, 1.00, 1.80 , -1.258139E-005, 1.257850E-005, 3.179798E-010, -1.072410E-013, 2.150400E+004 1.570926E+074 2.150400E+004, Sat Sep 05 02:22:00 2015
0.90, 1.80, 1.00, 1.80 , -1.265274E-005, 1.264480E-005, 3.220889E-010, -8.343460E-014, 2.150400E+004 1.570926E+074 2.150400E+004, Sat Sep 05 02:22:04 2015
0.85, 1.80, 1.00, 1.80 , -1.272198E-005, 1.271510E-005, 3.218787E-010, -1.019000E-013, 2.150400E+004 1.570926E+074 2.150400E+004, Sat Sep 05 02:22:07 2015
0.80, 1.80, 1.00, 1.80 , -1.279745E-005, 1.279970E-005, 3.204958E-010, -1.008270E-013, 2.150400E+004 1.570926E+074 2.150400E+004, Sat Sep 05 02:22:11 2015
0.75, 1.80, 1.00, 1.80 , -1.286276E-005, 1.285640E-005, 3.246464E-010, -1.038790E-013, 2.150400E+004 1.570926E+074 2.150400E+004, Sat Sep 05 02:22:15 2015
0.70, 1.80, 1.00, 1.80 , -1.292852E-005, 1.292190E-005, 3.193637E-010, -1.022220E-013, 2.150400E+004 1.570926E+074 2.150400E+004, Sat Sep 05 02:22:18 2015
0.65, 1.80, 1.00, 1.80 , -1.298167E-005, 1.297780E-005, 3.258624E-010, -8.846520E-014, 2.150400E+004 1.570926E+074 2.150400E+004, Sat Sep 05 02:22:22 2015
0.60, 1.80, 1.00, 1.80 , -1.305334E-005, 1.304510E-005, 3.223821E-010, -9.855030E-014, 2.150400E+004 1.570926E+074 2.150400E+004, Sat Sep 05 02:22:25 2015
0.55, 1.80, 1.00, 1.80 , -1.311070E-005, 1.310660E-005, 3.263653E-010, -9.837150E-014, 2.150400E+004 1.570926E+074 2.150400E+004, Sat Sep 05 02:22:29 2015
0.50, 1.80, 1.00, 1.80 , -1.316838E-005, 1.315510E-005, 3.288387E-010, -1.036290E-013, 2.150400E+004 1.570926E+074 2.150400E+004, Sat Sep 05 02:22:32 2015
0.45, 1.80, 1.00, 1.80 , -1.322816E-005, 1.321650E-005, 3.274132E-010, -1.032590E-013, 2.150400E+004 1.570926E+074 2.150400E+004, Sat Sep 05 02:22:36 2015
0.40, 1.80, 1.00, 1.80 , -1.327886E-005, 1.326970E-005, 3.321923E-010, -1.045110E-013, 2.150400E+004 1.570926E+074 2.150400E+004, Sat Sep 05 02:22:39 2015
0.35, 1.80, 1.00, 1.80 , -1.333969E-005, 1.333040E-005, 3.330311E-010, -8.692740E-014, 2.150400E+004 1.570926E+074 2.150400E+004, Sat Sep 05 02:22:43 2015
0.30, 1.80, 1.00, 1.80 , -1.339700E-005, 1.338070E-005, 3.365529E-010, -1.312020E-013, 2.150400E+004 1.570926E+074 2.150400E+004, Sat Sep 05 02:22:46 2015
0.25, 1.80, 1.00, 1.80 , -1.343626E-005, 1.342570E-005, 3.382299E-010, -1.034020E-013, 2.150400E+004 1.570926E+074 2.150400E+004, Sat Sep 05 02:22:50 2015
0.20, 1.80, 1.00, 1.80 , -1.348692E-005, 1.348010E-005, 3.396970E-010, -8.453130E-014, 2.150400E+004 1.570926E+074 2.150400E+004, Sat Sep 05 02:22:54 2015
0.15, 1.80, 1.00, 1.80 , -1.356193E-005, 1.354490E-005, 3.422547E-010, -8.625980E-014, 2.150400E+004 1.570926E+074 2.150400E+004, Sat Sep 05 02:22:57 2015
0.10, 1.80, 1.00, 1.80 , -1.360209E-005, 1.358680E-005, 3.407875E-010, -9.659530E-014, 2.150400E+004 1.570926E+074 2.150400E+004, Sat Sep 05 02:23:01 2015
0.05, 1.80, 1.00, 1.80 , -1.364791E-005, 1.363910E-005, 3.418350E-010, -1.050350E-013, 2.150400E+004 1.570926E+074 2.150400E+004, Sat Sep 05 02:23:04 2015
0.00, 1.80, 1.00, 1.80 , -1.371123E-005, 1.370040E-005, 3.472432E-010, -8.876320E-014, 2.150400E+004 1.570926E+074 2.150400E+004, Sat Sep 05 02:23:08 2015
-0.05, 1.80, 1.00, 1.80 , -1.375868E-005, 1.374680E-005, 3.529035E-010, -1.005770E-013, 2.150400E+004 1.570926E+074 2.150400E+004, Sat Sep 05 02:23:11 2015
-0.10, 1.80, 1.00, 1.80 , -1.382373E-005, 1.380150E-005, 3.509324E-010, -9.664300E-014, 2.150400E+004 1.570926E+074 2.150400E+004, Sat Sep 05 02:23:15 2015
-0.15, 1.80, 1.00, 1.80 , -1.387823E-005, 1.386580E-005, 3.487529E-010, -1.139640E-013, 2.150400E+004 1.570926E+074 2.150400E+004, Sat Sep 05 02:23:18 2015
-0.20, 1.80, 1.00, 1.80 , -1.391388E-005, 1.390490E-005, 3.495071E-010, -1.016620E-013, 2.150400E+004 1.570926E+074 2.150400E+004, Sat Sep 05 02:23:22 2015
