1.80, 0.00, 0.00, 0.00 , 9.485811E-012, -3.389480E-013, -5.465133E-011, -1.056720E-012, 2.150400E+004 1.570926E+074 2.150400E+004, Mon Aug 03 17:12:56 2015
1.80, 0.00, 0.01, 0.00 , -7.351258E-012, -1.760070E-012, -3.846654E-011, -2.407780E-012, 2.150400E+004 1.570926E+074 2.150400E+004, Mon Aug 03 17:13:00 2015
1.80, 0.00, 0.02, 0.00 , -5.747671E-012, -6.483200E-013, -3.423166E-011, -1.262090E-012, 2.150400E+004 1.570926E+074 2.150400E+004, Mon Aug 03 17:13:04 2015
1.80, 0.00, 0.03, 0.00 , -5.199076E-012, -9.225490E-013, -3.372852E-011, -2.454330E-012, 2.150400E+004 1.570926E+074 2.150400E+004, Mon Aug 03 17:13:09 2015
1.80, 0.00, 0.04, 0.00 , -4.777079E-012, 8.157490E-014, -4.102425E-011, -2.437700E-012, 2.150400E+004 1.570926E+074 2.150400E+004, Mon Aug 03 17:13:16 2015
1.80, 0.00, 0.05, 0.00 , -6.254073E-012, -3.961090E-013, -3.569920E-011, -2.626790E-012, 2.150400E+004 1.570926E+074 2.150400E+004, Mon Aug 03 17:13:19 2015
1.80, 0.00, 0.06, 0.00 , -8.947058E-013, -1.272060E-012, -2.689401E-011, -1.436980E-012, 2.150400E+004 1.570926E+074 2.150400E+004, Mon Aug 03 17:13:25 2015
1.80, 0.00, 0.07, 0.00 , -2.047539E-011, -1.212640E-012, -4.068882E-011, -2.043660E-012, 2.150400E+004 1.570926E+074 2.150400E+004, Mon Aug 03 17:13:36 2015
1.80, 0.00, 0.08, 0.00 , -7.942057E-012, 9.466410E-013, -3.309958E-011, -1.906850E-012, 2.150400E+004 1.570926E+074 2.150400E+004, Mon Aug 03 17:13:47 2015
1.80, 0.00, 0.09, 0.00 , -8.026459E-012, 1.887320E-013, -3.309958E-011, -5.947230E-013, 2.150400E+004 1.570926E+074 2.150400E+004, Mon Aug 03 17:13:54 2015
1.80, 0.00, 0.10, 0.00 , -9.503449E-012, 8.374450E-013, -3.054188E-011, -1.614340E-012, 2.150400E+004 1.570926E+074 2.150400E+004, Mon Aug 03 17:13:59 2015
1.80, 0.00, 0.11, 0.00 , -7.098068E-012, 4.371400E-014, -2.907435E-011, -1.040550E-012, 2.150400E+004 1.570926E+074 2.150400E+004, Mon Aug 03 17:14:06 2015
1.80, 0.00, 0.12, 0.00 , -8.532858E-012, 8.300780E-013, -3.423168E-011, -2.169810E-012, 2.150400E+004 1.570926E+074 2.150400E+004, Mon Aug 03 17:14:10 2015
1.80, 0.00, 0.13, 0.00 , -4.305083E-013, 8.087160E-014, -2.320422E-011, -7.300850E-013, 2.150400E+004 1.570926E+074 2.150400E+004, Mon Aug 03 17:14:17 2015
1.80, 0.00, 0.14, 0.00 , -4.692684E-012, 9.606240E-013, -3.226099E-011, -1.537110E-012, 2.150400E+004 1.570926E+074 2.150400E+004, Mon Aug 03 17:14:21 2015
1.80, 0.00, 0.15, 0.00 , -9.208057E-012, 9.902720E-014, -3.884393E-011, -2.506630E-012, 2.150400E+004 1.570926E+074 2.150400E+004, Mon Aug 03 17:14:27 2015
1.80, 0.00, 0.16, 0.00 , -9.630063E-012, -1.451390E-012, -2.869698E-011, -2.371490E-012, 2.150400E+004 1.570926E+074 2.150400E+004, Mon Aug 03 17:14:30 2015
1.80, 0.00, 0.17, 0.00 , -7.984265E-012, 8.224610E-013, -2.940979E-011, -1.861640E-012, 2.150400E+004 1.570926E+074 2.150400E+004, Mon Aug 03 17:14:47 2015
1.80, 0.00, 0.18, 0.00 , -7.266873E-012, -1.100270E-012, -2.651665E-011, -2.048910E-012, 2.150400E+004 1.570926E+074 2.150400E+004, Mon Aug 03 17:14:53 2015
1.80, 0.00, 0.19, 0.00 , -7.140270E-012, 7.354740E-013, -3.238678E-011, -1.981540E-012, 2.150400E+004 1.570926E+074 2.150400E+004, Mon Aug 03 17:14:58 2015
1.80, 0.00, 0.20, 0.00 , -1.849201E-011, -2.224560E-013, -3.163205E-011, -1.058770E-012, 2.150400E+004 1.570926E+074 2.150400E+004, Mon Aug 03 17:15:02 2015
1.80, 0.00, 0.21, 0.00 , -5.916481E-012, -3.679630E-013, -3.561535E-011, -2.534940E-012, 2.150400E+004 1.570926E+074 2.150400E+004, Mon Aug 03 17:15:17 2015
1.80, 0.00, 0.22, 0.00 , -1.119145E-011, -6.125090E-013, -2.823576E-011, -9.421350E-013, 2.150400E+004 1.570926E+074 2.150400E+004, Mon Aug 03 17:15:37 2015
1.80, 0.00, 0.23, 0.00 , -7.309070E-012, 1.141300E-012, -3.339309E-011, -1.531600E-012, 2.150400E+004 1.570926E+074 2.150400E+004, Mon Aug 03 17:15:43 2015
1.80, 0.00, 0.24, 0.00 , -1.701501E-011, 1.075980E-012, -3.385431E-011, -1.809420E-012, 2.150400E+004 1.570926E+074 2.150400E+004, Mon Aug 03 17:15:56 2015
1.80, 0.00, 0.25, 0.00 , -8.617274E-012, 3.227110E-013, -2.815190E-011, -1.283430E-012, 2.150400E+004 1.570926E+074 2.150400E+004, Mon Aug 03 17:16:03 2015
1.80, 0.00, 0.26, 0.00 , -8.406270E-012, 9.939190E-013, -2.798418E-011, -1.763210E-012, 2.150400E+004 1.570926E+074 2.150400E+004, Mon Aug 03 17:16:07 2015
1.80, 0.00, 0.27, 0.00 , -4.734886E-012, 5.260710E-013, -2.890664E-011, -2.462020E-012, 2.150400E+004 1.570926E+074 2.150400E+004, Mon Aug 03 17:16:23 2015
1.80, 0.00, 0.28, 0.00 , -7.309073E-012, 3.612040E-014, -3.293187E-011, -2.709790E-012, 2.150400E+004 1.570926E+074 2.150400E+004, Mon Aug 03 17:16:48 2015
1.80, 0.00, 0.29, 0.00 , -1.520043E-011, 9.405610E-013, -3.637009E-011, -1.558260E-012, 2.150400E+004 1.570926E+074 2.150400E+004, Mon Aug 03 17:16:53 2015
1.80, 0.00, 0.30, 0.00 , -9.587871E-012, 8.409380E-013, -2.907435E-011, -1.793490E-012, 2.150400E+004 1.570926E+074 2.150400E+004, Mon Aug 03 17:17:19 2015
1.80, 0.00, 0.31, 0.00 , -1.878742E-011, -2.479430E-013, -4.253372E-011, -2.663900E-012, 2.150400E+004 1.570926E+074 2.150400E+004, Mon Aug 03 17:17:24 2015
1.80, 0.00, 0.32, 0.00 , -8.490671E-012, -1.292340E-012, -2.551034E-011, -2.541850E-012, 2.150400E+004 1.570926E+074 2.150400E+004, Mon Aug 03 17:17:28 2015
1.80, 0.00, 0.33, 0.00 , -9.461268E-012, 6.367920E-013, -2.387509E-011, -1.942900E-012, 2.150400E+004 1.570926E+074 2.150400E+004, Mon Aug 03 17:17:33 2015
1.80, 0.00, 0.34, 0.00 , -7.562277E-012, -1.158820E-012, -2.626507E-011, -2.482760E-012, 2.150400E+004 1.570926E+074 2.150400E+004, Mon Aug 03 17:17:41 2015
1.80, 0.00, 0.35, 0.00 , -9.672266E-012, -1.544360E-013, -2.324615E-011, -6.936790E-013, 2.150400E+004 1.570926E+074 2.150400E+004, Mon Aug 03 17:17:49 2015
1.80, 0.00, 0.36, 0.00 , -1.511602E-011, -1.288410E-013, -2.819383E-011, -9.901290E-013, 2.150400E+004 1.570926E+074 2.150400E+004, Mon Aug 03 17:18:02 2015
1.80, 0.00, 0.37, 0.00 , -1.617103E-011, 1.911280E-013, -3.444133E-011, -2.417840E-012, 2.150400E+004 1.570926E+074 2.150400E+004, Mon Aug 03 17:18:08 2015
1.80, 0.00, 0.38, 0.00 , -8.448468E-012, -4.261730E-013, -2.966136E-011, -2.746760E-012, 2.150400E+004 1.570926E+074 2.150400E+004, Mon Aug 03 17:18:26 2015
1.80, 0.00, 0.39, 0.00 , -9.587861E-012, 3.497480E-013, -2.668437E-011, -2.133410E-012, 2.150400E+004 1.570926E+074 2.150400E+004, Mon Aug 03 17:18:31 2015
1.80, 0.00, 0.40, 0.00 , -8.828274E-012, -1.901980E-013, -3.112890E-011, -2.809360E-012, 2.150400E+004 1.570926E+074 2.150400E+004, Mon Aug 03 17:18:34 2015
1.80, 0.00, 0.41, 0.00 , -1.621323E-011, -1.668510E-012, -2.890664E-011, -1.935630E-012, 2.150400E+004 1.570926E+074 2.150400E+004, Mon Aug 03 17:18:43 2015
1.80, 0.00, 0.42, 0.00 , -8.997073E-012, -1.376150E-013, -2.312036E-011, -9.221200E-013, 2.150400E+004 1.570926E+074 2.150400E+004, Mon Aug 03 17:18:46 2015
1.80, 0.00, 0.43, 0.00 , -1.279504E-011, 1.024730E-012, -2.848734E-011, -2.089410E-012, 2.150400E+004 1.570926E+074 2.150400E+004, Mon Aug 03 17:18:52 2015
1.80, 0.00, 0.44, 0.00 , -1.794342E-011, 1.525880E-014, -3.523799E-011, -2.979780E-012, 2.150400E+004 1.570926E+074 2.150400E+004, Mon Aug 03 17:19:36 2015
1.80, 0.00, 0.45, 0.00 , -6.338483E-012, 2.533670E-013, -2.903242E-011, -2.261810E-012, 2.150400E+004 1.570926E+074 2.150400E+004, Mon Aug 03 17:19:45 2015
1.80, 0.00, 0.46, 0.00 , -9.587861E-012, -1.568680E-013, -2.228185E-011, -1.078710E-012, 2.150400E+004 1.570926E+074 2.150400E+004, Mon Aug 03 17:20:02 2015
1.80, 0.00, 0.47, 0.00 , -1.473624E-011, 1.029670E-012, -3.066768E-011, -2.029630E-012, 2.150400E+004 1.570926E+074 2.150400E+004, Mon Aug 03 17:20:18 2015
1.80, 0.00, 0.48, 0.00 , 2.101461E-012, -1.581310E-013, 5.011569E-012, -3.048250E-012, 2.150400E+004 1.570926E+074 2.150400E+004, Mon Aug 03 17:20:26 2015
1.80, 0.00, 0.49, 0.00 , -2.709300E-012, 5.449180E-013, -2.601350E-011, -2.431110E-012, 2.150400E+004 1.570926E+074 2.150400E+004, Mon Aug 03 17:20:31 2015
1.80, 0.00, 0.50, 0.00 , -9.841070E-012, -3.273130E-013, -2.802611E-011, -3.060320E-012, 2.150400E+004 1.570926E+074 2.150400E+004, Mon Aug 03 17:20:36 2015
1.80, 0.00, 0.51, 0.00 , -8.617267E-012, -1.685190E-012, -2.471368E-011, -2.517030E-012, 2.150400E+004 1.570926E+074 2.150400E+004, Mon Aug 03 17:20:40 2015
1.80, 0.00, 0.52, 0.00 , -8.870467E-012, 6.214380E-013, -2.601350E-011, -2.330540E-012, 2.150400E+004 1.570926E+074 2.150400E+004, Mon Aug 03 17:20:57 2015
1.80, 0.00, 0.53, 0.00 , -4.945884E-012, -7.563470E-013, -1.980825E-011, -3.054940E-012, 2.150400E+004 1.570926E+074 2.150400E+004, Mon Aug 03 17:21:00 2015
1.80, 0.00, 0.54, 0.00 , -8.575067E-012, -1.364110E-013, -1.733465E-011, -1.228950E-012, 2.150400E+004 1.570926E+074 2.150400E+004, Mon Aug 03 17:21:25 2015
1.80, 0.00, 0.55, 0.00 , -6.127476E-012, 2.795460E-014, -2.613929E-011, -3.158490E-012, 2.150400E+004 1.570926E+074 2.150400E+004, Mon Aug 03 17:21:45 2015
1.80, 0.00, 0.56, 0.00 , -5.789877E-012, -1.707120E-012, -1.850856E-011, -2.622720E-012, 2.150400E+004 1.570926E+074 2.150400E+004, Mon Aug 03 17:21:49 2015
1.80, 0.00, 0.57, 0.00 , -1.612105E-012, -2.720710E-013, -1.226168E-011, -1.342990E-012, 2.150400E+004 1.570926E+074 2.150400E+004, Mon Aug 03 17:21:57 2015
1.80, 0.00, 0.58, 0.00 , -9.672264E-012, 1.711250E-013, -2.697787E-011, -3.057860E-012, 2.150400E+004 1.570926E+074 2.150400E+004, Mon Aug 03 17:22:07 2015
1.80, 0.00, 0.59, 0.00 , -5.578882E-012, -1.368430E-012, -1.817316E-011, -3.073180E-012, 2.150400E+004 1.570926E+074 2.150400E+004, Mon Aug 03 17:22:11 2015
1.80, 0.00, 0.60, 0.00 , -8.026473E-012, 4.867320E-014, -2.425246E-011, -2.864480E-012, 2.150400E+004 1.570926E+074 2.150400E+004, Mon Aug 03 17:22:18 2015
1.80, 0.00, 0.61, 0.00 , -7.646667E-012, -1.161930E-012, -1.867627E-011, -1.953890E-012, 2.150400E+004 1.570926E+074 2.150400E+004, Mon Aug 03 17:22:28 2015
1.80, 0.00, 0.62, 0.00 , 2.354640E-012, -1.115450E-012, -1.242938E-011, -3.160320E-012, 2.150400E+004 1.570926E+074 2.150400E+004, Mon Aug 03 17:22:33 2015
1.80, 0.00, 0.63, 0.00 , -1.494723E-011, 7.105470E-013, -2.094023E-011, -2.140320E-012, 2.150400E+004 1.570926E+074 2.150400E+004, Mon Aug 03 17:22:37 2015
1.80, 0.00, 0.64, 0.00 , -9.545665E-012, -1.624230E-013, -1.427410E-011, -8.919950E-013, 2.150400E+004 1.570926E+074 2.150400E+004, Mon Aug 03 17:22:42 2015
1.80, 0.00, 0.65, 0.00 , -9.545663E-012, 6.538870E-013, -1.641230E-011, -2.437030E-012, 2.150400E+004 1.570926E+074 2.150400E+004, Mon Aug 03 17:22:46 2015
1.80, 0.00, 0.66, 0.00 , -4.945887E-012, -3.977060E-013, -1.381292E-011, -1.715840E-012, 2.150400E+004 1.570926E+074 2.150400E+004, Mon Aug 03 17:22:50 2015
1.80, 0.00, 0.67, 0.00 , -8.997066E-012, -3.048300E-013, -2.353965E-011, -3.087820E-012, 2.150400E+004 1.570926E+074 2.150400E+004, Mon Aug 03 17:23:05 2015
1.80, 0.00, 0.68, 0.00 , -9.925462E-012, 1.188870E-013, -1.737658E-011, -1.784790E-012, 2.150400E+004 1.570926E+074 2.150400E+004, Mon Aug 03 17:23:18 2015
1.80, 0.00, 0.69, 0.00 , -9.123657E-012, -9.455440E-013, -1.876011E-011, -1.834080E-012, 2.150400E+004 1.570926E+074 2.150400E+004, Mon Aug 03 17:23:25 2015
1.80, 0.00, 0.70, 0.00 , -6.802674E-012, -1.329080E-012, -1.301634E-011, -2.464960E-012, 2.150400E+004 1.570926E+074 2.150400E+004, Mon Aug 03 17:23:34 2015
1.80, 0.00, 0.71, 0.00 , -6.169681E-012, -1.354040E-012, -1.330982E-011, -2.472110E-012, 2.150400E+004 1.570926E+074 2.150400E+004, Mon Aug 03 17:23:43 2015
1.80, 0.00, 0.72, 0.00 , -7.393471E-012, -1.709460E-014, -1.658000E-011, -1.462330E-012, 2.150400E+004 1.570926E+074 2.150400E+004, Mon Aug 03 17:23:51 2015
1.80, 0.00, 0.73, 0.00 , -9.841054E-012, 3.447290E-013, -1.951477E-011, -2.521000E-012, 2.150400E+004 1.570926E+074 2.150400E+004, Mon Aug 03 17:23:59 2015
1.80, 0.00, 0.74, 0.00 , -8.743860E-012, 1.044460E-012, -1.150702E-011, -2.434370E-012, 2.150400E+004 1.570926E+074 2.150400E+004, Mon Aug 03 17:24:08 2015
1.80, 0.00, 0.75, 0.00 , -8.828260E-012, -1.171710E-012, -1.947285E-011, -2.996360E-012, 2.150400E+004 1.570926E+074 2.150400E+004, Mon Aug 03 17:24:16 2015
1.80, 0.00, 0.76, 0.00 , -3.890887E-012, -1.257770E-012, -1.720888E-011, -2.772400E-012, 2.150400E+004 1.570926E+074 2.150400E+004, Mon Aug 03 17:24:30 2015
1.80, 0.00, 0.77, 0.00 , -7.098073E-012, -1.894590E-013, -2.421052E-011, -3.083350E-012, 2.150400E+004 1.570926E+074 2.150400E+004, Mon Aug 03 17:24:34 2015
1.80, 0.00, 0.78, 0.00 , -1.696502E-012, -5.427840E-013, -2.274302E-011, -3.572030E-012, 2.150400E+004 1.570926E+074 2.150400E+004, Mon Aug 03 17:24:38 2015
1.80, 0.00, 0.79, 0.00 , -8.701664E-012, -1.103810E-012, -1.389678E-011, -3.717820E-012, 2.150400E+004 1.570926E+074 2.150400E+004, Mon Aug 03 17:25:06 2015
1.80, 0.00, 0.80, 0.00 , -7.646668E-012, -4.196520E-013, -2.047906E-011, -3.306090E-012, 2.150400E+004 1.570926E+074 2.150400E+004, Mon Aug 03 17:25:27 2015
1.80, 0.00, 0.81, 0.00 , -8.575067E-012, -4.487160E-013, -8.781899E-012, -1.632770E-012, 2.150400E+004 1.570926E+074 2.150400E+004, Mon Aug 03 17:25:35 2015
1.80, 0.00, 0.82, 0.00 , -7.562268E-012, -1.144170E-012, -1.507069E-011, -3.253950E-012, 2.150400E+004 1.570926E+074 2.150400E+004, Mon Aug 03 17:25:40 2015
1.80, 0.00, 0.83, 0.00 , -7.857667E-012, 8.830430E-013, -1.452566E-011, -2.244140E-012, 2.150400E+004 1.570926E+074 2.150400E+004, Mon Aug 03 17:25:54 2015
1.80, 0.00, 0.84, 0.00 , -1.106485E-011, -8.255240E-014, -1.637038E-011, -1.563990E-012, 2.150400E+004 1.570926E+074 2.150400E+004, Mon Aug 03 17:26:01 2015
1.80, 0.00, 0.85, 0.00 , -8.617267E-012, -1.288210E-012, -1.850857E-011, -2.916010E-012, 2.150400E+004 1.570926E+074 2.150400E+004, Mon Aug 03 17:26:30 2015
1.80, 0.00, 0.86, 0.00 , -6.169673E-012, -3.724460E-013, -2.005980E-011, -3.510080E-012, 2.150400E+004 1.570926E+074 2.150400E+004, Mon Aug 03 17:26:37 2015
1.80, 0.00, 0.87, 0.00 , -1.249964E-011, -1.087670E-013, -2.592964E-011, -3.489260E-012, 2.150400E+004 1.570926E+074 2.150400E+004, Mon Aug 03 17:26:48 2015
1.80, 0.00, 0.88, 0.00 , -6.802670E-012, -1.346960E-012, -8.530339E-012, -2.546190E-012, 2.150400E+004 1.570926E+074 2.150400E+004, Mon Aug 03 17:27:08 2015
1.80, 0.00, 0.89, 0.00 , -1.802780E-011, 1.034440E-012, -2.408474E-011, -2.271590E-012, 2.150400E+004 1.570926E+074 2.150400E+004, Mon Aug 03 17:27:16 2015
1.80, 0.00, 0.90, 0.00 , -1.680401E-011, -1.559620E-013, -3.070960E-011, -3.134890E-012, 2.150400E+004 1.570926E+074 2.150400E+004, Mon Aug 03 17:27:22 2015
1.80, 0.00, 0.91, 0.00 , -9.545653E-012, -7.560010E-013, -2.303650E-011, -3.216870E-012, 2.150400E+004 1.570926E+074 2.150400E+004, Mon Aug 03 17:27:26 2015
1.80, 0.00, 0.92, 0.00 , -7.055869E-012, -5.205390E-013, -1.272287E-011, -1.972330E-012, 2.150400E+004 1.570926E+074 2.150400E+004, Mon Aug 03 17:27:32 2015
1.80, 0.00, 0.93, 0.00 , -9.925450E-012, -1.052500E-013, -1.129742E-011, -1.629590E-012, 2.150400E+004 1.570926E+074 2.150400E+004, Mon Aug 03 17:27:35 2015
1.80, 0.00, 0.94, 0.00 , -8.701656E-012, -1.296350E-012, -1.259711E-011, -2.042760E-012, 2.150400E+004 1.570926E+074 2.150400E+004, Mon Aug 03 17:27:42 2015
1.80, 0.00, 0.95, 0.00 , -1.385004E-011, -1.788210E-012, -1.536416E-011, -3.141380E-012, 2.150400E+004 1.570926E+074 2.150400E+004, Mon Aug 03 17:27:49 2015
1.80, 0.00, 0.96, 0.00 , -7.942065E-012, -1.267300E-012, -1.569957E-011, -3.073680E-012, 2.150400E+004 1.570926E+074 2.150400E+004, Mon Aug 03 17:28:27 2015
1.80, 0.00, 0.97, 0.00 , -8.954854E-012, -1.858010E-012, -1.725081E-011, -3.651550E-012, 2.150400E+004 1.570926E+074 2.150400E+004, Mon Aug 03 17:28:36 2015
1.80, 0.00, 0.98, 0.00 , -2.667097E-012, -4.007650E-012, -1.310020E-011, -2.609970E-012, 2.150400E+004 1.570926E+074 2.150400E+004, Mon Aug 03 17:28:43 2015
1.80, 0.00, 0.99, 0.00 , 4.295668E-012, -1.491990E-011, -1.989210E-011, -3.393800E-012, 2.150400E+004 1.570926E+074 2.150400E+004, Mon Aug 03 17:28:47 2015
1.80, 0.00, 1.00, 0.00 , 2.594236E-011, -4.298710E-011, -1.829894E-011, -2.888010E-012, 2.150400E+004 1.570926E+074 2.150400E+004, Mon Aug 03 17:28:53 2015
1.80, 0.00, 1.01, 0.00 , 1.743467E-010, -2.128980E-010, -2.173682E-011, -2.261080E-012, 2.150400E+004 1.570926E+074 2.150400E+004, Mon Aug 03 17:29:04 2015
1.80, 0.00, 1.02, 0.00 , 1.302380E-009, -1.365750E-009, -1.846664E-011, -1.738630E-012, 2.150400E+004 1.570926E+074 2.150400E+004, Mon Aug 03 17:29:17 2015
1.80, 0.00, 1.03, 0.00 , 3.655880E-009, -3.681080E-009, -1.540609E-011, -2.592740E-012, 2.150400E+004 1.570926E+074 2.150400E+004, Mon Aug 03 17:29:23 2015
1.80, 0.00, 1.04, 0.00 , 4.360737E-008, -4.481480E-008, -2.601349E-011, -1.832760E-012, 2.150400E+004 1.570926E+074 2.150400E+004, Mon Aug 03 17:30:06 2015
1.80, 0.00, 1.05, 0.00 , 7.473188E-008, -7.492220E-008, -1.293250E-011, -2.587990E-012, 2.150400E+004 1.570926E+074 2.150400E+004, Mon Aug 03 17:30:10 2015
1.80, 0.00, 1.06, 0.00 , 1.345999E-007, -1.349840E-007, -1.972440E-011, -3.050220E-012, 2.150400E+004 1.570926E+074 2.150400E+004, Mon Aug 03 17:30:14 2015
1.80, 0.00, 1.07, 0.00 , 2.374336E-007, -2.380130E-007, -2.681015E-011, -3.181590E-012, 2.150400E+004 1.570926E+074 2.150400E+004, Mon Aug 03 17:30:20 2015
1.80, 0.00, 1.08, 0.00 , 3.514582E-007, -3.508660E-007, -2.047906E-011, -3.324760E-012, 2.150400E+004 1.570926E+074 2.150400E+004, Mon Aug 03 17:30:24 2015
1.80, 0.00, 1.09, 0.00 , 5.639570E-007, -5.622300E-007, -1.356138E-011, -3.540120E-012, 2.150400E+004 1.570926E+074 2.150400E+004, Mon Aug 03 17:30:27 2015
1.80, 0.00, 1.10, 0.00 , 7.153323E-007, -7.154630E-007, -1.842472E-011, -3.764500E-012, 2.150400E+004 1.570926E+074 2.150400E+004, Mon Aug 03 17:30:31 2015
1.80, 0.00, 1.11, 0.00 , 8.846199E-007, -8.842380E-007, -1.880204E-011, -4.233630E-012, 2.150400E+004 1.570926E+074 2.150400E+004, Mon Aug 03 17:30:34 2015
1.80, 0.00, 1.12, 0.00 , 1.107027E-006, -1.105840E-006, -1.410641E-011, -5.353140E-012, 2.150400E+004 1.570926E+074 2.150400E+004, Mon Aug 03 17:30:39 2015
1.80, 0.00, 1.13, 0.00 , 1.299552E-006, -1.306750E-006, -1.507069E-011, -5.385160E-012, 2.150400E+004 1.570926E+074 2.150400E+004, Mon Aug 03 17:30:43 2015
1.80, 0.00, 1.14, 0.00 , 1.482623E-006, -1.491460E-006, -1.821509E-011, -5.571990E-012, 2.150400E+004 1.570926E+074 2.150400E+004, Mon Aug 03 17:30:46 2015
1.80, 0.00, 1.15, 0.00 , 1.634223E-006, -1.636680E-006, -2.169489E-011, -5.615890E-012, 2.150400E+004 1.570926E+074 2.150400E+004, Mon Aug 03 17:30:50 2015
1.80, 0.00, 1.16, 0.00 , 1.780901E-006, -1.781620E-006, -2.022751E-011, -5.812810E-012, 2.150400E+004 1.570926E+074 2.150400E+004, Mon Aug 03 17:30:53 2015
1.80, 0.00, 1.17, 0.00 , 1.937694E-006, -1.938790E-006, -1.548995E-011, -5.763150E-012, 2.150400E+004 1.570926E+074 2.150400E+004, Mon Aug 03 17:30:57 2015
1.80, 0.00, 1.18, 0.00 , 2.148646E-006, -2.147490E-006, -2.085639E-011, -6.054970E-012, 2.150400E+004 1.570926E+074 2.150400E+004, Mon Aug 03 17:31:01 2015
1.80, 0.00, 1.19, 0.00 , 2.362673E-006, -2.362550E-006, -2.303650E-011, -5.466780E-012, 2.150400E+004 1.570926E+074 2.150400E+004, Mon Aug 03 17:31:04 2015
1.80, 0.00, 1.20, 0.00 , 2.573818E-006, -2.574660E-006, -2.282688E-011, -6.299630E-012, 2.150400E+004 1.570926E+074 2.150400E+004, Mon Aug 03 17:31:08 2015
1.80, 0.00, 1.21, 0.00 , 2.790599E-006, -2.792920E-006, -1.678963E-011, -4.926370E-012, 2.150400E+004 1.570926E+074 2.150400E+004, Mon Aug 03 17:31:11 2015
1.80, 0.00, 1.22, 0.00 , 3.028478E-006, -3.027260E-006, -3.590884E-011, -5.934430E-012, 2.150400E+004 1.570926E+074 2.150400E+004, Mon Aug 03 17:31:15 2015
1.80, 0.00, 1.23, 0.00 , 3.275527E-006, -3.275670E-006, -1.519647E-011, -5.915560E-012, 2.150400E+004 1.570926E+074 2.150400E+004, Mon Aug 03 17:31:18 2015
1.80, 0.00, 1.24, 0.00 , 3.543728E-006, -3.542150E-006, -1.838279E-011, -5.527600E-012, 2.150400E+004 1.570926E+074 2.150400E+004, Mon Aug 03 17:31:22 2015
1.80, 0.00, 1.25, 0.00 , 3.815385E-006, -3.814820E-006, -2.211415E-011, -5.830380E-012, 2.150400E+004 1.570926E+074 2.150400E+004, Mon Aug 03 17:31:25 2015
1.80, 0.00, 1.26, 0.00 , 4.129030E-006, -4.125580E-006, -1.813124E-011, -5.626980E-012, 2.150400E+004 1.570926E+074 2.150400E+004, Mon Aug 03 17:31:29 2015
1.80, 0.00, 1.27, 0.00 , 4.429859E-006, -4.426370E-006, -1.980826E-011, -5.241060E-012, 2.150400E+004 1.570926E+074 2.150400E+004, Mon Aug 03 17:31:32 2015
1.80, 0.00, 1.28, 0.00 , 4.765716E-006, -4.769130E-006, -1.775391E-011, -5.651440E-012, 2.150400E+004 1.570926E+074 2.150400E+004, Mon Aug 03 17:31:36 2015
1.80, 0.00, 1.29, 0.00 , 5.088130E-006, -5.091240E-006, -1.414833E-011, -4.785320E-012, 2.150400E+004 1.570926E+074 2.150400E+004, Mon Aug 03 17:31:40 2015
1.80, 0.00, 1.30, 0.00 , 5.386620E-006, -5.385830E-006, -1.192630E-011, -4.945020E-012, 2.150400E+004 1.570926E+074 2.150400E+004, Mon Aug 03 17:31:43 2015
1.80, 0.00, 1.31, 0.00 , 5.750807E-006, -5.748260E-006, -1.804739E-011, -4.838450E-012, 2.150400E+004 1.570926E+074 2.150400E+004, Mon Aug 03 17:31:47 2015
1.80, 0.00, 1.32, 0.00 , 6.139016E-006, -6.137140E-006, -2.182067E-011, -4.563370E-012, 2.150400E+004 1.570926E+074 2.150400E+004, Mon Aug 03 17:31:50 2015
1.80, 0.00, 1.33, 0.00 , 6.542501E-006, -6.539740E-006, -1.020735E-011, -4.410230E-012, 2.150400E+004 1.570926E+074 2.150400E+004, Mon Aug 03 17:31:54 2015
1.80, 0.00, 1.34, 0.00 , 6.941181E-006, -6.946610E-006, -1.880204E-011, -4.128470E-012, 2.150400E+004 1.570926E+074 2.150400E+004, Mon Aug 03 17:31:57 2015
1.80, 0.00, 1.35, 0.00 , 7.389569E-006, -7.390510E-006, 5.053485E-012, -3.862190E-012, 2.150400E+004 1.570926E+074 2.150400E+004, Mon Aug 03 17:32:01 2015
1.80, 0.00, 1.36, 0.00 , 7.847518E-006, -7.844690E-006, -1.071046E-011, -3.767220E-012, 2.150400E+004 1.570926E+074 2.150400E+004, Mon Aug 03 17:32:04 2015
1.80, 0.00, 1.37, 0.00 , 8.312331E-006, -8.307580E-006, -1.003965E-011, -3.940980E-012, 2.150400E+004 1.570926E+074 2.150400E+004, Mon Aug 03 17:32:08 2015
1.80, 0.00, 1.38, 0.00 , 8.789747E-006, -8.786410E-006, -9.536548E-012, -3.641010E-012, 2.150400E+004 1.570926E+074 2.150400E+004, Mon Aug 03 17:32:12 2015
1.80, 0.00, 1.39, 0.00 , 9.286018E-006, -9.282750E-006, -1.389678E-011, -4.086070E-012, 2.150400E+004 1.570926E+074 2.150400E+004, Mon Aug 03 17:32:15 2015
1.80, 0.00, 1.40, 0.00 , 9.812709E-006, -9.803690E-006, -3.968319E-013, -3.481410E-012, 2.150400E+004 1.570926E+074 2.150400E+004, Mon Aug 03 17:32:19 2015
1.80, 0.00, 1.41, 0.00 , 1.035942E-005, -1.036210E-005, -1.947285E-011, -3.718460E-012, 2.150400E+004 1.570926E+074 2.150400E+004, Mon Aug 03 17:32:22 2015
1.80, 0.00, 1.42, 0.00 , 1.095671E-005, -1.095790E-005, 8.868666E-012, -4.768260E-012, 2.150400E+004 1.570926E+074 2.150400E+004, Mon Aug 03 17:32:26 2015
1.80, 0.00, 1.43, 0.00 , 1.154689E-005, -1.154390E-005, -3.205828E-012, -4.902460E-012, 2.150400E+004 1.570926E+074 2.150400E+004, Mon Aug 03 17:32:30 2015
1.80, 0.00, 1.44, 0.00 , 1.214987E-005, -1.216370E-005, -1.586727E-011, -4.921170E-012, 2.150400E+004 1.570926E+074 2.150400E+004, Mon Aug 03 17:32:33 2015
1.80, 0.00, 1.45, 0.00 , 1.276748E-005, -1.277030E-005, -2.367322E-012, -4.767500E-012, 2.150400E+004 1.570926E+074 2.150400E+004, Mon Aug 03 17:32:37 2015
1.80, 0.00, 1.46, 0.00 , 1.340499E-005, -1.340500E-005, 1.482009E-013, -4.518660E-012, 2.150400E+004 1.570926E+074 2.150400E+004, Mon Aug 03 17:32:40 2015
1.80, 0.00, 1.47, 0.00 , 1.405501E-005, -1.405930E-005, -5.511706E-012, -4.736940E-012, 2.150400E+004 1.570926E+074 2.150400E+004, Mon Aug 03 17:32:44 2015
1.80, 0.00, 1.48, 0.00 , 1.472163E-005, -1.472050E-005, -1.067632E-012, -4.729640E-012, 2.150400E+004 1.570926E+074 2.150400E+004, Mon Aug 03 17:32:47 2015
1.80, 0.00, 1.49, 0.00 , 1.541508E-005, -1.542180E-005, -8.362628E-012, -4.510800E-012, 2.150400E+004 1.570926E+074 2.150400E+004, Mon Aug 03 17:32:51 2015
1.80, 0.00, 1.50, 0.00 , 1.613664E-005, -1.613200E-005, -8.739964E-012, -4.438880E-012, 2.150400E+004 1.570926E+074 2.150400E+004, Mon Aug 03 17:32:54 2015
1.80, 0.00, 1.51, 0.00 , 1.687784E-005, -1.688340E-005, 3.578370E-013, -4.294420E-012, 2.150400E+004 1.570926E+074 2.150400E+004, Mon Aug 03 17:32:58 2015
1.80, 0.00, 1.52, 0.00 , 1.763984E-005, -1.763520E-005, -3.289667E-012, -4.425800E-012, 2.150400E+004 1.570926E+074 2.150400E+004, Mon Aug 03 17:33:01 2015
1.80, 0.00, 1.53, 0.00 , 1.840286E-005, -1.840930E-005, -4.589377E-012, -4.430370E-012, 2.150400E+004 1.570926E+074 2.150400E+004, Mon Aug 03 17:33:05 2015
1.80, 0.00, 1.54, 0.00 , 1.919604E-005, -1.920210E-005, -4.589353E-012, -4.449010E-012, 2.150400E+004 1.570926E+074 2.150400E+004, Mon Aug 03 17:33:08 2015
1.80, 0.00, 1.55, 0.00 , 2.001298E-005, -2.001070E-005, -6.895255E-012, -4.232970E-012, 2.150400E+004 1.570926E+074 2.150400E+004, Mon Aug 03 17:33:12 2015
1.80, 0.00, 1.56, 0.00 , 2.084266E-005, -2.084880E-005, -1.948068E-012, -4.248260E-012, 2.150400E+004 1.570926E+074 2.150400E+004, Mon Aug 03 17:33:16 2015
1.80, 0.00, 1.57, 0.00 , 2.168160E-005, -2.167880E-005, -8.160885E-013, -4.575560E-012, 2.150400E+004 1.570926E+074 2.150400E+004, Mon Aug 03 17:33:19 2015
1.80, 0.00, 1.58, 0.00 , 2.251866E-005, -2.252120E-005, 1.615581E-012, -4.327490E-012, 2.150400E+004 1.570926E+074 2.150400E+004, Mon Aug 03 17:33:23 2015
1.80, 0.00, 1.59, 0.00 , 2.337083E-005, -2.337050E-005, 3.124917E-012, -4.276900E-012, 2.150400E+004 1.570926E+074 2.150400E+004, Mon Aug 03 17:33:26 2015
1.80, 0.00, 1.60, 0.00 , 2.423639E-005, -2.423750E-005, -4.002410E-012, -4.271960E-012, 2.150400E+004 1.570926E+074 2.150400E+004, Mon Aug 03 17:33:30 2015
1.80, 0.00, 1.61, 0.00 , 2.511098E-005, -2.510040E-005, -4.421651E-012, -4.013920E-012, 2.150400E+004 1.570926E+074 2.150400E+004, Mon Aug 03 17:33:33 2015
1.80, 0.00, 1.62, 0.00 , 2.599567E-005, -2.600520E-005, 4.214962E-012, -3.991090E-012, 2.150400E+004 1.570926E+074 2.150400E+004, Mon Aug 03 17:33:37 2015
1.80, 0.00, 1.63, 0.00 , 2.691547E-005, -2.690940E-005, -7.398361E-012, -4.099230E-012, 2.150400E+004 1.570926E+074 2.150400E+004, Mon Aug 03 17:33:40 2015
1.80, 0.00, 1.64, 0.00 , 2.785005E-005, -2.784800E-005, -1.163282E-011, -4.151360E-012, 2.150400E+004 1.570926E+074 2.150400E+004, Mon Aug 03 17:33:44 2015
1.80, 0.00, 1.65, 0.00 , 2.878044E-005, -2.876950E-005, 9.028629E-013, -4.048360E-012, 2.150400E+004 1.570926E+074 2.150400E+004, Mon Aug 03 17:33:47 2015
1.80, 0.00, 1.66, 0.00 , 2.971531E-005, -2.971560E-005, 4.801916E-012, -3.985260E-012, 2.150400E+004 1.570926E+074 2.150400E+004, Mon Aug 03 17:33:51 2015
1.80, 0.00, 1.67, 0.00 , 3.067829E-005, -3.068170E-005, 2.202545E-012, -4.130040E-012, 2.150400E+004 1.570926E+074 2.150400E+004, Mon Aug 03 17:33:55 2015
1.80, 0.00, 1.68, 0.00 , 3.166194E-005, -3.166190E-005, -2.367322E-012, -3.927870E-012, 2.150400E+004 1.570926E+074 2.150400E+004, Mon Aug 03 17:33:58 2015
1.80, 0.00, 1.69, 0.00 , 3.266245E-005, -3.266800E-005, -2.073834E-012, -4.244110E-012, 2.150400E+004 1.570926E+074 2.150400E+004, Mon Aug 03 17:34:02 2015
1.80, 0.00, 1.70, 0.00 , 3.370179E-005, -3.369760E-005, -9.837825E-013, -4.134980E-012, 2.150400E+004 1.570926E+074 2.150400E+004, Mon Aug 03 17:34:05 2015
1.80, 0.00, 1.71, 0.00 , 3.476463E-005, -3.475680E-005, 1.775685E-011, -4.012450E-012, 2.150400E+004 1.570926E+074 2.150400E+004, Mon Aug 03 17:34:09 2015
1.80, 0.00, 1.72, 0.00 , 3.582666E-005, -3.581870E-005, -1.872044E-013, -4.197470E-012, 2.150400E+004 1.570926E+074 2.150400E+004, Mon Aug 03 17:34:12 2015
1.80, 0.00, 1.73, 0.00 , 3.692059E-005, -3.691640E-005, -4.002403E-012, -3.604710E-012, 2.150400E+004 1.570926E+074 2.150400E+004, Mon Aug 03 17:34:16 2015
1.80, 0.00, 1.74, 0.00 , 3.799703E-005, -3.798600E-005, -1.361097E-012, -4.164490E-012, 2.150400E+004 1.570926E+074 2.150400E+004, Mon Aug 03 17:34:19 2015
1.80, 0.00, 1.75, 0.00 , 3.908168E-005, -3.907750E-005, -3.625085E-012, -3.830160E-012, 2.150400E+004 1.570926E+074 2.150400E+004, Mon Aug 03 17:34:23 2015
1.80, 0.00, 1.76, 0.00 , 4.017059E-005, -4.015770E-005, -4.463587E-012, -3.773800E-012, 2.150400E+004 1.570926E+074 2.150400E+004, Mon Aug 03 17:34:26 2015
1.80, 0.00, 1.77, 0.00 , 4.130124E-005, -4.129130E-005, -4.212042E-012, -4.028880E-012, 2.150400E+004 1.570926E+074 2.150400E+004, Mon Aug 03 17:34:30 2015
1.80, 0.00, 1.78, 0.00 , 4.245121E-005, -4.244740E-005, -5.218244E-012, -4.121410E-012, 2.150400E+004 1.570926E+074 2.150400E+004, Mon Aug 03 17:34:34 2015
1.80, 0.00, 1.79, 0.00 , 4.363182E-005, -4.363200E-005, -1.121356E-011, -3.819680E-012, 2.150400E+004 1.570926E+074 2.150400E+004, Mon Aug 03 17:34:37 2015
1.80, 0.00, 1.80, 0.00 , 4.482334E-005, -4.480940E-005, 5.255171E-013, -3.262710E-012, 2.150400E+004 1.570926E+074 2.150400E+004, Mon Aug 03 17:34:41 2015
1.80, 0.00, 1.81, 0.00 , 4.601764E-005, -4.601360E-005, -8.530339E-012, -4.162180E-012, 2.150400E+004 1.570926E+074 2.150400E+004, Mon Aug 03 17:34:44 2015
1.80, 0.00, 1.82, 0.00 , 4.723924E-005, -4.723920E-005, -6.979108E-012, -4.311130E-012, 2.150400E+004 1.570926E+074 2.150400E+004, Mon Aug 03 17:34:48 2015
1.80, 0.00, 1.83, 0.00 , 4.846904E-005, -4.845840E-005, -7.062960E-012, -4.460730E-012, 2.150400E+004 1.570926E+074 2.150400E+004, Mon Aug 03 17:34:51 2015
1.80, 0.00, 1.84, 0.00 , 4.971346E-005, -4.970980E-005, -1.452796E-013, -4.623770E-012, 2.150400E+004 1.570926E+074 2.150400E+004, Mon Aug 03 17:34:55 2015
1.80, 0.00, 1.85, 0.00 , 5.099150E-005, -5.096410E-005, -4.882822E-012, -4.489790E-012, 2.150400E+004 1.570926E+074 2.150400E+004, Mon Aug 03 17:34:58 2015
1.80, 0.00, 1.86, 0.00 , 5.226114E-005, -5.223790E-005, 7.023968E-012, -4.898200E-012, 2.150400E+004 1.570926E+074 2.150400E+004, Mon Aug 03 17:35:02 2015
1.80, 0.00, 1.87, 0.00 , 5.352258E-005, -5.353210E-005, 6.227362E-012, -4.466340E-012, 2.150400E+004 1.570926E+074 2.150400E+004, Mon Aug 03 17:35:05 2015
1.80, 0.00, 1.88, 0.00 , 5.483408E-005, -5.482180E-005, -1.297442E-011, -4.325710E-012, 2.150400E+004 1.570926E+074 2.150400E+004, Mon Aug 03 17:35:09 2015
1.80, 0.00, 1.89, 0.00 , 5.613552E-005, -5.612120E-005, -3.038125E-012, -4.112030E-012, 2.150400E+004 1.570926E+074 2.150400E+004, Mon Aug 03 17:35:13 2015
1.80, 0.00, 1.90, 0.00 , 5.747101E-005, -5.745750E-005, -1.444969E-012, -4.283420E-012, 2.150400E+004 1.570926E+074 2.150400E+004, Mon Aug 03 17:35:16 2015
1.80, 0.00, 1.91, 0.00 , 5.880111E-005, -5.879620E-005, 6.269308E-012, -4.257880E-012, 2.150400E+004 1.570926E+074 2.150400E+004, Mon Aug 03 17:35:20 2015
1.80, 0.00, 1.92, 0.00 , 6.012904E-005, -6.013870E-005, 2.705653E-012, -3.959520E-012, 2.150400E+004 1.570926E+074 2.150400E+004, Mon Aug 03 17:35:23 2015
1.80, 0.00, 1.93, 0.00 , 6.150924E-005, -6.147640E-005, -3.750854E-012, -4.159750E-012, 2.150400E+004 1.570926E+074 2.150400E+004, Mon Aug 03 17:35:27 2015
1.80, 0.00, 1.94, 0.00 , 6.294800E-005, -6.295040E-005, -3.968319E-013, -3.734700E-012, 2.150400E+004 1.570926E+074 2.150400E+004, Mon Aug 03 17:35:30 2015
1.80, 0.00, 1.95, 0.00 , 6.428806E-005, -6.428140E-005, -9.117301E-012, -4.060040E-012, 2.150400E+004 1.570926E+074 2.150400E+004, Mon Aug 03 17:35:34 2015
1.80, 0.00, 1.96, 0.00 , 6.572359E-005, -6.571420E-005, -1.361114E-012, -4.551270E-012, 2.150400E+004 1.570926E+074 2.150400E+004, Mon Aug 03 17:35:37 2015
1.80, 0.00, 1.97, 0.00 , 6.716247E-005, -6.715260E-005, -3.457392E-012, -4.044720E-012, 2.150400E+004 1.570926E+074 2.150400E+004, Mon Aug 03 17:35:41 2015
1.80, 0.00, 1.98, 0.00 , 6.864675E-005, -6.862580E-005, -2.870431E-012, -4.186020E-012, 2.150400E+004 1.570926E+074 2.150400E+004, Mon Aug 03 17:35:45 2015
1.80, 0.00, 1.99, 0.00 , 7.013828E-005, -7.012450E-005, -3.373525E-012, -3.939900E-012, 2.150400E+004 1.570926E+074 2.150400E+004, Mon Aug 03 17:35:48 2015
1.80, 0.00, 2.00, 0.00 , 7.164091E-005, -7.162610E-005, -1.083624E-011, -3.803790E-012, 2.150400E+004 1.570926E+074 2.150400E+004, Mon Aug 03 17:35:52 2015
