0.05, 0.00, 0.00, 0.00 , -3.030788E-011, -1.254320E-013, -3.406395E-011, -5.541320E-013, 2.150400E+004 1.570926E+074 2.150400E+004, Mon Aug 03 16:15:40 2015
0.05, 0.00, 0.01, 0.00 , 5.223983E-012, -1.218680E-013, -7.607996E-012, 4.114390E-013, 2.150400E+004 1.570926E+074 2.150400E+004, Mon Aug 03 16:16:25 2015
0.05, 0.00, 0.02, 0.00 , -2.845107E-011, 3.219840E-013, -4.836188E-011, -1.199050E-012, 2.150400E+004 1.570926E+074 2.150400E+004, Mon Aug 03 16:16:45 2015
0.05, 0.00, 0.03, 0.00 , -2.642548E-011, -1.308950E-012, -2.722944E-011, -6.676670E-013, 2.150400E+004 1.570926E+074 2.150400E+004, Mon Aug 03 16:17:19 2015
0.05, 0.00, 0.04, 0.00 , -3.343062E-011, 8.620140E-013, -3.607656E-011, -6.056670E-013, 2.150400E+004 1.570926E+074 2.150400E+004, Mon Aug 03 16:17:29 2015
0.05, 0.00, 0.05, 0.00 , -3.499202E-011, 8.591060E-013, -3.553148E-011, -1.151140E-012, 2.150400E+004 1.570926E+074 2.150400E+004, Mon Aug 03 16:18:09 2015
0.05, 0.00, 0.06, 0.00 , 3.747112E-012, -7.666710E-013, -1.188438E-011, -1.398370E-012, 2.150400E+004 1.570926E+074 2.150400E+004, Mon Aug 03 16:18:27 2015
0.05, 0.00, 0.07, 0.00 , 7.249392E-012, 5.553480E-013, -1.259712E-011, -7.716300E-013, 2.150400E+004 1.570926E+074 2.150400E+004, Mon Aug 03 16:19:06 2015
0.05, 0.00, 0.08, 0.00 , -2.777587E-011, 2.675180E-013, -2.295265E-011, 3.427270E-013, 2.150400E+004 1.570926E+074 2.150400E+004, Mon Aug 03 16:19:13 2015
0.05, 0.00, 0.09, 0.00 , -3.364159E-011, -8.900880E-013, -3.402201E-011, -6.862040E-013, 2.150400E+004 1.570926E+074 2.150400E+004, Mon Aug 03 16:19:20 2015
0.05, 0.00, 0.10, 0.00 , -2.676306E-011, 5.611660E-013, -3.066766E-011, -1.382530E-012, 2.150400E+004 1.570926E+074 2.150400E+004, Mon Aug 03 16:19:34 2015
0.05, 0.00, 0.11, 0.00 , -2.629890E-011, -6.479620E-013, -2.764874E-011, 3.588200E-015, 2.150400E+004 1.570926E+074 2.150400E+004, Mon Aug 03 16:20:25 2015
0.05, 0.00, 0.12, 0.00 , -2.921064E-011, -4.961730E-013, -2.995485E-011, -2.493980E-013, 2.150400E+004 1.570926E+074 2.150400E+004, Mon Aug 03 16:20:36 2015
0.05, 0.00, 0.13, 0.00 , -2.887306E-011, -4.076840E-013, -3.167396E-011, -1.475440E-012, 2.150400E+004 1.570926E+074 2.150400E+004, Mon Aug 03 16:20:53 2015
0.05, 0.00, 0.14, 0.00 , -3.309301E-011, 2.443310E-013, -3.783759E-011, -1.559950E-012, 2.150400E+004 1.570926E+074 2.150400E+004, Mon Aug 03 16:21:12 2015
0.05, 0.00, 0.15, 0.00 , -4.284112E-011, -2.132890E-013, -3.569919E-011, 2.598290E-013, 2.150400E+004 1.570926E+074 2.150400E+004, Mon Aug 03 16:21:51 2015
0.05, 0.00, 0.16, 0.00 , -3.127845E-011, -2.010110E-013, -3.125467E-011, 3.124950E-013, 2.150400E+004 1.570926E+074 2.150400E+004, Mon Aug 03 16:22:02 2015
0.05, 0.00, 0.17, 0.00 , -2.811346E-011, 9.304170E-013, -3.435745E-011, -8.724090E-013, 2.150400E+004 1.570926E+074 2.150400E+004, Mon Aug 03 16:23:12 2015
0.05, 0.00, 0.18, 0.00 , -3.516081E-011, -6.085400E-013, -2.882276E-011, 5.066390E-014, 2.150400E+004 1.570926E+074 2.150400E+004, Mon Aug 03 16:24:07 2015
0.05, 0.00, 0.19, 0.00 , -3.524521E-011, -4.411700E-013, -3.662165E-011, -1.225710E-012, 2.150400E+004 1.570926E+074 2.150400E+004, Mon Aug 03 16:25:02 2015
0.05, 0.00, 0.20, 0.00 , -2.448433E-011, -1.441310E-012, -2.068869E-011, -8.220670E-013, 2.150400E+004 1.570926E+074 2.150400E+004, Mon Aug 03 16:26:39 2015
0.05, 0.00, 0.21, 0.00 , -3.283983E-011, -1.691900E-012, -3.322536E-011, -9.463550E-013, 2.150400E+004 1.570926E+074 2.150400E+004, Mon Aug 03 16:26:48 2015
0.05, 0.00, 0.22, 0.00 , -3.013907E-011, -3.340360E-013, -2.542648E-011, 1.798990E-013, 2.150400E+004 1.570926E+074 2.150400E+004, Mon Aug 03 16:30:26 2015
0.05, 0.00, 0.23, 0.00 , -2.887306E-011, 6.274340E-013, -3.066766E-011, -1.903900E-012, 2.150400E+004 1.570926E+074 2.150400E+004, Mon Aug 03 16:30:46 2015
0.05, 0.00, 0.24, 0.00 , -3.368383E-011, -5.525950E-013, -3.255449E-011, -1.739310E-012, 2.150400E+004 1.570926E+074 2.150400E+004, Mon Aug 03 16:31:16 2015
0.05, 0.00, 0.25, 0.00 , -2.638331E-011, 9.835000E-013, -2.626507E-011, -5.847930E-013, 2.150400E+004 1.570926E+074 2.150400E+004, Mon Aug 03 16:31:42 2015
0.05, 0.00, 0.26, 0.00 , -2.946386E-011, -1.193640E-013, -3.385430E-011, -1.849460E-012, 2.150400E+004 1.570926E+074 2.150400E+004, Mon Aug 03 16:32:00 2015
0.05, 0.00, 0.27, 0.00 , -3.119406E-011, -4.114510E-013, -2.936785E-011, 2.384190E-016, 2.150400E+004 1.570926E+074 2.150400E+004, Mon Aug 03 16:32:22 2015
0.05, 0.00, 0.28, 0.00 , -3.862118E-011, 5.244610E-013, -3.620235E-011, -1.285950E-012, 2.150400E+004 1.570926E+074 2.150400E+004, Mon Aug 03 16:33:11 2015
0.05, 0.00, 0.29, 0.00 , -3.326182E-011, 2.118230E-013, -2.953556E-011, -5.143400E-013, 2.150400E+004 1.570926E+074 2.150400E+004, Mon Aug 03 16:33:28 2015
0.05, 0.00, 0.30, 0.00 , -2.650991E-011, -5.328540E-013, -2.383316E-011, -2.115960E-014, 2.150400E+004 1.570926E+074 2.150400E+004, Mon Aug 03 16:33:47 2015
0.05, 0.00, 0.31, 0.00 , -3.790378E-011, 9.346250E-013, -3.251255E-011, -1.050590E-012, 2.150400E+004 1.570926E+074 2.150400E+004, Mon Aug 03 16:34:05 2015
0.05, 0.00, 0.32, 0.00 , -3.971839E-011, 7.596730E-013, -2.890663E-011, -1.882330E-012, 2.150400E+004 1.570926E+074 2.150400E+004, Mon Aug 03 16:34:18 2015
0.05, 0.00, 0.33, 0.00 , -3.165823E-011, -4.837990E-013, -2.467175E-011, -1.595750E-012, 2.150400E+004 1.570926E+074 2.150400E+004, Mon Aug 03 16:34:38 2015
0.05, 0.00, 0.34, 0.00 , -9.503432E-012, -1.379010E-012, -1.330983E-011, 1.706720E-013, 2.150400E+004 1.570926E+074 2.150400E+004, Mon Aug 03 16:35:20 2015
0.05, 0.00, 0.35, 0.00 , -7.013639E-012, -8.189560E-013, -9.536563E-012, -2.883420E-012, 2.150400E+004 1.570926E+074 2.150400E+004, Mon Aug 03 16:35:39 2015
0.05, 0.00, 0.36, 0.00 , 7.165003E-012, 3.000500E-013, -9.117303E-012, -1.865220E-012, 2.150400E+004 1.570926E+074 2.150400E+004, Mon Aug 03 16:36:10 2015
0.05, 0.00, 0.37, 0.00 , -3.431678E-011, -2.695560E-013, -2.915820E-011, -1.735220E-012, 2.150400E+004 1.570926E+074 2.150400E+004, Mon Aug 03 16:36:24 2015
0.05, 0.00, 0.38, 0.00 , -3.089866E-011, -1.160380E-013, -2.173682E-011, -1.859660E-014, 2.150400E+004 1.570926E+074 2.150400E+004, Mon Aug 03 16:37:02 2015
0.05, 0.00, 0.39, 0.00 , -3.106743E-011, -1.369210E-012, -2.651664E-011, -1.571750E-012, 2.150400E+004 1.570926E+074 2.150400E+004, Mon Aug 03 16:37:17 2015
0.05, 0.00, 0.40, 0.00 , -3.798816E-011, -1.189350E-013, -2.920012E-011, -1.975890E-013, 2.150400E+004 1.570926E+074 2.150400E+004, Mon Aug 03 16:37:53 2015
0.05, 0.00, 0.41, 0.00 , -3.170038E-011, -1.776270E-012, -2.530069E-011, -1.585220E-012, 2.150400E+004 1.570926E+074 2.150400E+004, Mon Aug 03 16:38:08 2015
0.05, 0.00, 0.42, 0.00 , -3.330402E-011, -1.337890E-013, -3.754409E-011, -1.983920E-012, 2.150400E+004 1.570926E+074 2.150400E+004, Mon Aug 03 16:39:07 2015
0.05, 0.00, 0.43, 0.00 , -3.355722E-011, -6.536960E-013, -2.291073E-011, -4.976270E-013, 2.150400E+004 1.570926E+074 2.150400E+004, Mon Aug 03 16:39:15 2015
0.05, 0.00, 0.44, 0.00 , -3.094084E-011, -1.687260E-012, -2.500719E-011, -1.459040E-012, 2.150400E+004 1.570926E+074 2.150400E+004, Mon Aug 03 16:39:36 2015
0.05, 0.00, 0.45, 0.00 , -3.359941E-011, -1.332950E-012, -2.722945E-011, -1.658080E-012, 2.150400E+004 1.570926E+074 2.150400E+004, Mon Aug 03 16:39:46 2015
0.05, 0.00, 0.46, 0.00 , -3.136285E-011, 6.693960E-013, -2.509104E-011, -1.512540E-012, 2.150400E+004 1.570926E+074 2.150400E+004, Mon Aug 03 16:40:17 2015
0.05, 0.00, 0.47, 0.00 , -3.659565E-011, 1.786590E-013, -3.184169E-011, -1.436710E-012, 2.150400E+004 1.570926E+074 2.150400E+004, Mon Aug 03 16:40:48 2015
0.05, 0.00, 0.48, 0.00 , -3.144728E-011, 6.826280E-013, -2.869698E-011, -4.844550E-013, 2.150400E+004 1.570926E+074 2.150400E+004, Mon Aug 03 16:40:59 2015
0.05, 0.00, 0.49, 0.00 , -2.807130E-011, 1.075840E-012, -2.328807E-011, -1.106810E-012, 2.150400E+004 1.570926E+074 2.150400E+004, Mon Aug 03 16:41:15 2015
0.05, 0.00, 0.50, 0.00 , -3.309307E-011, -1.561220E-012, -2.312036E-011, -1.633450E-012, 2.150400E+004 1.570926E+074 2.150400E+004, Mon Aug 03 16:41:23 2015
0.05, 0.00, 0.51, 0.00 , -2.613011E-011, -5.049830E-013, -1.871820E-011, -6.557350E-013, 2.150400E+004 1.570926E+074 2.150400E+004, Mon Aug 03 16:41:28 2015
0.05, 0.00, 0.52, 0.00 , -2.600352E-011, 7.513050E-013, -2.551034E-011, -9.791140E-013, 2.150400E+004 1.570926E+074 2.150400E+004, Mon Aug 03 16:42:15 2015
0.05, 0.00, 0.53, 0.00 , -8.954839E-012, -5.435230E-013, -8.656132E-012, -1.869110E-012, 2.150400E+004 1.570926E+074 2.150400E+004, Mon Aug 03 16:42:23 2015
0.05, 0.00, 0.54, 0.00 , -2.739611E-011, 6.395940E-013, -2.135949E-011, -1.488460E-012, 2.150400E+004 1.570926E+074 2.150400E+004, Mon Aug 03 16:43:48 2015
0.05, 0.00, 0.55, 0.00 , -3.246005E-011, 9.874220E-013, -2.605542E-011, -1.273730E-012, 2.150400E+004 1.570926E+074 2.150400E+004, Mon Aug 03 16:43:55 2015
0.05, 0.00, 0.56, 0.00 , -3.351503E-011, -8.453610E-013, -2.408474E-011, -8.193850E-013, 2.150400E+004 1.570926E+074 2.150400E+004, Mon Aug 03 16:44:12 2015
0.05, 0.00, 0.57, 0.00 , -8.279646E-012, 3.649710E-013, -1.310021E-011, -1.635500E-012, 2.150400E+004 1.570926E+074 2.150400E+004, Mon Aug 03 16:44:22 2015
0.05, 0.00, 0.58, 0.00 , -3.397926E-011, 8.992790E-013, -2.693594E-011, -1.135390E-012, 2.150400E+004 1.570926E+074 2.150400E+004, Mon Aug 03 16:44:44 2015
0.05, 0.00, 0.59, 0.00 , 4.464450E-012, 4.816060E-014, 5.304982E-012, -3.595350E-014, 2.150400E+004 1.570926E+074 2.150400E+004, Mon Aug 03 16:44:50 2015
0.05, 0.00, 0.60, 0.00 , -5.114675E-012, -9.099130E-013, -3.834716E-012, -1.424830E-012, 2.150400E+004 1.570926E+074 2.150400E+004, Mon Aug 03 16:44:57 2015
0.05, 0.00, 0.61, 0.00 , 5.350572E-012, 1.012790E-012, 8.113989E-012, -1.331280E-012, 2.150400E+004 1.570926E+074 2.150400E+004, Mon Aug 03 16:46:40 2015
0.05, 0.00, 0.62, 0.00 , -9.791055E-013, 9.053470E-013, 3.208748E-012, -7.667060E-013, 2.150400E+004 1.570926E+074 2.150400E+004, Mon Aug 03 16:47:30 2015
0.05, 0.00, 0.63, 0.00 , -3.402150E-011, -1.469980E-012, -2.425245E-011, -1.148800E-012, 2.150400E+004 1.570926E+074 2.150400E+004, Mon Aug 03 16:47:42 2015
0.05, 0.00, 0.64, 0.00 , -8.954854E-012, -6.684180E-013, -5.469791E-012, -1.448700E-012, 2.150400E+004 1.570926E+074 2.150400E+004, Mon Aug 03 16:48:44 2015
0.05, 0.00, 0.65, 0.00 , -3.482330E-011, -6.792780E-013, -2.622314E-011, -2.112890E-012, 2.150400E+004 1.570926E+074 2.150400E+004, Mon Aug 03 16:50:00 2015
0.05, 0.00, 0.66, 0.00 , -3.520309E-011, -1.109480E-013, -2.073061E-011, -6.215690E-013, 2.150400E+004 1.570926E+074 2.150400E+004, Mon Aug 03 16:50:36 2015
0.05, 0.00, 0.67, 0.00 , -8.448471E-012, -6.820320E-013, -9.117289E-012, -1.718720E-012, 2.150400E+004 1.570926E+074 2.150400E+004, Mon Aug 03 16:51:01 2015
0.05, 0.00, 0.68, 0.00 , -3.579393E-011, -1.136650E-012, -2.769068E-011, -1.750480E-012, 2.150400E+004 1.570926E+074 2.150400E+004, Mon Aug 03 16:51:12 2015
0.05, 0.00, 0.69, 0.00 , -3.381052E-011, 7.290840E-014, -3.418977E-011, -1.897790E-012, 2.150400E+004 1.570926E+074 2.150400E+004, Mon Aug 03 16:51:19 2015
0.05, 0.00, 0.70, 0.00 , -2.861995E-011, -2.565380E-013, -1.226169E-011, -6.069060E-013, 2.150400E+004 1.570926E+074 2.150400E+004, Mon Aug 03 16:52:12 2015
0.05, 0.00, 0.71, 0.00 , -3.566732E-011, 3.425720E-013, -2.924207E-011, -2.347990E-012, 2.150400E+004 1.570926E+074 2.150400E+004, Mon Aug 03 16:53:26 2015
0.05, 0.00, 0.72, 0.00 , 5.822842E-013, -1.894630E-012, -5.302070E-012, -1.577000E-012, 2.150400E+004 1.570926E+074 2.150400E+004, Mon Aug 03 16:53:30 2015
0.05, 0.00, 0.73, 0.00 , -3.004697E-012, -1.611470E-013, -7.322112E-013, -2.446620E-012, 2.150400E+004 1.570926E+074 2.150400E+004, Mon Aug 03 16:53:49 2015
0.05, 0.00, 0.74, 0.00 , -3.655350E-011, -1.260880E-013, -3.100311E-011, -2.334080E-012, 2.150400E+004 1.570926E+074 2.150400E+004, Mon Aug 03 16:54:00 2015
0.05, 0.00, 0.75, 0.00 , -2.118502E-012, 5.519870E-013, -1.151450E-012, -1.744940E-012, 2.150400E+004 1.570926E+074 2.150400E+004, Mon Aug 03 16:54:10 2015
0.05, 0.00, 0.76, 0.00 , -2.963275E-011, -3.198150E-013, -2.060483E-011, -2.248320E-012, 2.150400E+004 1.570926E+074 2.150400E+004, Mon Aug 03 16:54:52 2015
0.05, 0.00, 0.77, 0.00 , -2.748056E-011, 5.914930E-013, -1.670577E-011, -1.596300E-012, 2.150400E+004 1.570926E+074 2.150400E+004, Mon Aug 03 16:54:56 2015
0.05, 0.00, 0.78, 0.00 , -7.562269E-012, -1.647350E-012, -5.511681E-012, -1.534180E-012, 2.150400E+004 1.570926E+074 2.150400E+004, Mon Aug 03 16:55:21 2015
0.05, 0.00, 0.79, 0.00 , 3.325155E-012, -7.566690E-013, 4.843896E-012, -3.657340E-014, 2.150400E+004 1.570926E+074 2.150400E+004, Mon Aug 03 16:55:48 2015
0.05, 0.00, 0.80, 0.00 , 4.464456E-012, -6.219860E-013, 2.873398E-012, -5.254510E-013, 2.150400E+004 1.570926E+074 2.150400E+004, Mon Aug 03 16:56:24 2015
0.05, 0.00, 0.81, 0.00 , -3.153173E-011, 5.850200E-013, -2.031135E-011, -1.923820E-012, 2.150400E+004 1.570926E+074 2.150400E+004, Mon Aug 03 16:58:07 2015
0.05, 0.00, 0.82, 0.00 , -3.224913E-011, 3.019090E-013, -2.286880E-011, -8.291600E-013, 2.150400E+004 1.570926E+074 2.150400E+004, Mon Aug 03 16:58:12 2015
0.05, 0.00, 0.83, 0.00 , -3.296651E-011, -1.183130E-012, -1.666385E-011, -1.590910E-012, 2.150400E+004 1.570926E+074 2.150400E+004, Mon Aug 03 16:58:16 2015
0.05, 0.00, 0.84, 0.00 , -4.115324E-011, 5.867480E-013, -2.152719E-011, -1.598670E-012, 2.150400E+004 1.570926E+074 2.150400E+004, Mon Aug 03 16:58:31 2015
0.05, 0.00, 0.85, 0.00 , -4.068908E-011, -2.392170E-013, -2.135949E-011, -4.585150E-013, 2.150400E+004 1.570926E+074 2.150400E+004, Mon Aug 03 16:58:46 2015
0.05, 0.00, 0.86, 0.00 , -3.212253E-011, -7.109640E-014, -2.890663E-011, -2.653840E-012, 2.150400E+004 1.570926E+074 2.150400E+004, Mon Aug 03 16:59:38 2015
0.05, 0.00, 0.87, 0.00 , -3.385270E-011, -1.927140E-013, -2.806804E-011, -2.796190E-012, 2.150400E+004 1.570926E+074 2.150400E+004, Mon Aug 03 17:00:42 2015
0.05, 0.00, 0.88, 0.00 , -8.068658E-012, 6.326440E-014, -1.075238E-011, -2.450630E-012, 2.150400E+004 1.570926E+074 2.150400E+004, Mon Aug 03 17:01:30 2015
0.05, 0.00, 0.89, 0.00 , -3.013913E-011, -7.379530E-013, -1.787969E-011, -9.194610E-013, 2.150400E+004 1.570926E+074 2.150400E+004, Mon Aug 03 17:02:18 2015
0.05, 0.00, 0.90, 0.00 , -2.904192E-011, 1.055160E-012, -2.169489E-011, -1.209180E-012, 2.150400E+004 1.570926E+074 2.150400E+004, Mon Aug 03 17:02:24 2015
0.05, 0.00, 0.91, 0.00 , -3.077212E-011, 1.091670E-012, -2.094024E-011, -1.518490E-012, 2.150400E+004 1.570926E+074 2.150400E+004, Mon Aug 03 17:03:04 2015
0.05, 0.00, 0.92, 0.00 , -3.013910E-011, -1.211580E-012, -1.326790E-011, -2.332330E-012, 2.150400E+004 1.570926E+074 2.150400E+004, Mon Aug 03 17:03:12 2015
0.05, 0.00, 0.93, 0.00 , -4.819278E-012, -1.056420E-012, 5.011554E-012, -1.073520E-012, 2.150400E+004 1.570926E+074 2.150400E+004, Mon Aug 03 17:03:30 2015
0.05, 0.00, 0.94, 0.00 , -3.781942E-011, -1.644850E-013, -3.142240E-011, -3.088510E-012, 2.150400E+004 1.570926E+074 2.150400E+004, Mon Aug 03 17:04:10 2015
0.05, 0.00, 0.95, 0.00 , 6.658659E-012, 7.879730E-014, 2.647731E-011, -3.155950E-013, 2.150400E+004 1.570926E+074 2.150400E+004, Mon Aug 03 17:04:23 2015
0.05, 0.00, 0.96, 0.00 , -9.334651E-012, -9.136200E-014, -1.293249E-011, -2.682390E-012, 2.150400E+004 1.570926E+074 2.150400E+004, Mon Aug 03 17:04:31 2015
0.05, 0.00, 0.97, 0.00 , -2.971711E-011, 7.401940E-013, -1.796354E-011, -1.562400E-012, 2.150400E+004 1.570926E+074 2.150400E+004, Mon Aug 03 17:05:16 2015
0.05, 0.00, 0.98, 0.00 , -2.950610E-011, -1.171770E-012, -1.096200E-011, -9.348030E-013, 2.150400E+004 1.570926E+074 2.150400E+004, Mon Aug 03 17:05:49 2015
0.05, 0.00, 0.99, 0.00 , -3.072991E-011, -2.642610E-012, -2.462982E-011, -2.638300E-012, 2.150400E+004 1.570926E+074 2.150400E+004, Mon Aug 03 17:06:24 2015
0.05, 0.00, 1.00, 0.00 , -2.309176E-011, -1.061920E-011, -1.347753E-011, -9.084110E-013, 2.150400E+004 1.570926E+074 2.150400E+004, Mon Aug 03 17:06:34 2015
0.05, 0.00, 1.01, 0.00 , -1.190102E-012, -3.065620E-011, -1.884397E-011, -2.169990E-012, 2.150400E+004 1.570926E+074 2.150400E+004, Mon Aug 03 17:06:38 2015
0.05, 0.00, 1.02, 0.00 , 4.058444E-011, -7.666720E-011, -1.892782E-011, -1.724910E-012, 2.150400E+004 1.570926E+074 2.150400E+004, Mon Aug 03 17:06:54 2015
0.05, 0.00, 1.03, 0.00 , 1.471722E-010, -1.816270E-010, -1.716696E-011, -8.212800E-013, 2.150400E+004 1.570926E+074 2.150400E+004, Mon Aug 03 17:07:01 2015
0.05, 0.00, 1.04, 0.00 , 3.527525E-010, -3.936630E-010, -2.102409E-011, -1.365290E-012, 2.150400E+004 1.570926E+074 2.150400E+004, Mon Aug 03 17:07:07 2015
0.05, 0.00, 1.05, 0.00 , 8.547196E-010, -8.812100E-010, -1.247133E-011, -1.290480E-012, 2.150400E+004 1.570926E+074 2.150400E+004, Mon Aug 03 17:07:11 2015
0.05, 0.00, 1.06, 0.00 , 1.612016E-009, -1.650250E-009, -1.071046E-011, -2.126990E-012, 2.150400E+004 1.570926E+074 2.150400E+004, Mon Aug 03 17:07:16 2015
0.05, 0.00, 1.07, 0.00 , 2.798067E-009, -2.797120E-009, -1.444181E-011, -1.618000E-012, 2.150400E+004 1.570926E+074 2.150400E+004, Mon Aug 03 17:07:20 2015
0.05, 0.00, 1.08, 0.00 , 5.120129E-009, -5.126450E-009, -1.528032E-011, -1.268730E-012, 2.150400E+004 1.570926E+074 2.150400E+004, Mon Aug 03 17:07:23 2015
0.05, 0.00, 1.09, 0.00 , 8.757407E-009, -8.774000E-009, -1.326791E-011, -6.533150E-013, 2.150400E+004 1.570926E+074 2.150400E+004, Mon Aug 03 17:07:27 2015
0.05, 0.00, 1.10, 0.00 , 1.325975E-008, -1.323370E-008, -1.607690E-011, -1.901150E-012, 2.150400E+004 1.570926E+074 2.150400E+004, Mon Aug 03 17:07:31 2015
0.05, 0.00, 1.11, 0.00 , 1.996317E-008, -1.994640E-008, -9.368854E-012, -1.857440E-012, 2.150400E+004 1.570926E+074 2.150400E+004, Mon Aug 03 17:07:34 2015
0.05, 0.00, 1.12, 0.00 , 2.904943E-008, -2.902530E-008, -1.947285E-011, -2.112980E-012, 2.150400E+004 1.570926E+074 2.150400E+004, Mon Aug 03 17:07:38 2015
0.05, 0.00, 1.13, 0.00 , 4.090955E-008, -4.091860E-008, -1.599306E-011, -2.309410E-012, 2.150400E+004 1.570926E+074 2.150400E+004, Mon Aug 03 17:07:41 2015
0.05, 0.00, 1.14, 0.00 , 5.475239E-008, -5.470160E-008, -1.280673E-011, -2.587120E-012, 2.150400E+004 1.570926E+074 2.150400E+004, Mon Aug 03 17:07:45 2015
0.05, 0.00, 1.15, 0.00 , 7.093580E-008, -7.092830E-008, -1.595113E-011, -2.525350E-012, 2.150400E+004 1.570926E+074 2.150400E+004, Mon Aug 03 17:07:48 2015
0.05, 0.00, 1.16, 0.00 , 9.034108E-008, -9.033940E-008, -1.310020E-011, -2.861750E-012, 2.150400E+004 1.570926E+074 2.150400E+004, Mon Aug 03 17:07:52 2015
0.05, 0.00, 1.17, 0.00 , 1.121264E-007, -1.120860E-007, -1.410640E-011, -2.747180E-012, 2.150400E+004 1.570926E+074 2.150400E+004, Mon Aug 03 17:07:56 2015
0.05, 0.00, 1.18, 0.00 , 1.334783E-007, -1.333720E-007, -1.372908E-011, -2.771120E-012, 2.150400E+004 1.570926E+074 2.150400E+004, Mon Aug 03 17:07:59 2015
0.05, 0.00, 1.19, 0.00 , 1.562582E-007, -1.561040E-007, -1.272288E-011, -2.583770E-012, 2.150400E+004 1.570926E+074 2.150400E+004, Mon Aug 03 17:08:03 2015
0.05, 0.00, 1.20, 0.00 , 1.800525E-007, -1.799970E-007, -1.196822E-011, -2.703930E-012, 2.150400E+004 1.570926E+074 2.150400E+004, Mon Aug 03 17:08:06 2015
0.05, 0.00, 1.21, 0.00 , 2.057327E-007, -2.055790E-007, -1.184244E-011, -2.349050E-012, 2.150400E+004 1.570926E+074 2.150400E+004, Mon Aug 03 17:08:10 2015
0.05, 0.00, 1.22, 0.00 , 2.317701E-007, -2.316100E-007, -1.456760E-011, -2.689230E-012, 2.150400E+004 1.570926E+074 2.150400E+004, Mon Aug 03 17:08:13 2015
0.05, 0.00, 1.23, 0.00 , 2.592022E-007, -2.587860E-007, -1.117163E-011, -2.663540E-012, 2.150400E+004 1.570926E+074 2.150400E+004, Mon Aug 03 17:08:17 2015
0.05, 0.00, 1.24, 0.00 , 2.871714E-007, -2.869520E-007, -7.817615E-012, -2.268250E-012, 2.150400E+004 1.570926E+074 2.150400E+004, Mon Aug 03 17:08:20 2015
0.05, 0.00, 1.25, 0.00 , 3.174048E-007, -3.171110E-007, -1.565765E-011, -2.334770E-012, 2.150400E+004 1.570926E+074 2.150400E+004, Mon Aug 03 17:08:24 2015
0.05, 0.00, 1.26, 0.00 , 3.470344E-007, -3.467390E-007, -1.343561E-011, -2.384650E-012, 2.150400E+004 1.570926E+074 2.150400E+004, Mon Aug 03 17:08:28 2015
0.05, 0.00, 1.27, 0.00 , 3.773862E-007, -3.770850E-007, -1.490300E-011, -2.258530E-012, 2.150400E+004 1.570926E+074 2.150400E+004, Mon Aug 03 17:08:31 2015
0.05, 0.00, 1.28, 0.00 , 4.071003E-007, -4.066730E-007, -1.142319E-011, -2.455680E-012, 2.150400E+004 1.570926E+074 2.150400E+004, Mon Aug 03 17:08:35 2015
0.05, 0.00, 1.29, 0.00 , 4.367060E-007, -4.365060E-007, -1.322598E-011, -2.186040E-012, 2.150400E+004 1.570926E+074 2.150400E+004, Mon Aug 03 17:08:38 2015
0.05, 0.00, 1.30, 0.00 , 4.667006E-007, -4.663230E-007, -9.578481E-012, -2.322330E-012, 2.150400E+004 1.570926E+074 2.150400E+004, Mon Aug 03 17:08:42 2015
0.05, 0.00, 1.31, 0.00 , 4.969041E-007, -4.965700E-007, -2.140142E-011, -2.357790E-012, 2.150400E+004 1.570926E+074 2.150400E+004, Mon Aug 03 17:08:45 2015
0.05, 0.00, 1.32, 0.00 , 5.267136E-007, -5.262850E-007, -2.307843E-011, -2.364850E-012, 2.150400E+004 1.570926E+074 2.150400E+004, Mon Aug 03 17:08:49 2015
0.05, 0.00, 1.33, 0.00 , 5.568841E-007, -5.563390E-007, -1.871820E-011, -2.309190E-012, 2.150400E+004 1.570926E+074 2.150400E+004, Mon Aug 03 17:08:52 2015
0.05, 0.00, 1.34, 0.00 , 5.877960E-007, -5.872330E-007, -4.547439E-012, -2.262210E-012, 2.150400E+004 1.570926E+074 2.150400E+004, Mon Aug 03 17:08:56 2015
0.05, 0.00, 1.35, 0.00 , 6.185892E-007, -6.180820E-007, -1.423219E-011, -2.462480E-012, 2.150400E+004 1.570926E+074 2.150400E+004, Mon Aug 03 17:09:00 2015
0.05, 0.00, 1.36, 0.00 , 6.492300E-007, -6.485400E-007, -1.297442E-011, -2.015130E-012, 2.150400E+004 1.570926E+074 2.150400E+004, Mon Aug 03 17:09:03 2015
0.05, 0.00, 1.37, 0.00 , 6.800644E-007, -6.792090E-007, -1.439989E-011, -1.945440E-012, 2.150400E+004 1.570926E+074 2.150400E+004, Mon Aug 03 17:09:07 2015
0.05, 0.00, 1.38, 0.00 , 7.103873E-007, -7.097100E-007, -1.959863E-011, -2.227250E-012, 2.150400E+004 1.570926E+074 2.150400E+004, Mon Aug 03 17:09:10 2015
0.05, 0.00, 1.39, 0.00 , 7.412806E-007, -7.405910E-007, -1.712503E-011, -2.030280E-012, 2.150400E+004 1.570926E+074 2.150400E+004, Mon Aug 03 17:09:14 2015
0.05, 0.00, 1.40, 0.00 , 7.717642E-007, -7.710700E-007, -1.003965E-011, -2.143800E-012, 2.150400E+004 1.570926E+074 2.150400E+004, Mon Aug 03 17:09:17 2015
0.05, 0.00, 1.41, 0.00 , 8.020839E-007, -8.014140E-007, -1.867627E-011, -2.180280E-012, 2.150400E+004 1.570926E+074 2.150400E+004, Mon Aug 03 17:09:21 2015
0.05, 0.00, 1.42, 0.00 , 8.321816E-007, -8.312640E-007, -1.666385E-011, -2.191520E-012, 2.150400E+004 1.570926E+074 2.150400E+004, Mon Aug 03 17:09:24 2015
0.05, 0.00, 1.43, 0.00 , 8.623666E-007, -8.616780E-007, -1.175859E-011, -2.076350E-012, 2.150400E+004 1.570926E+074 2.150400E+004, Mon Aug 03 17:09:28 2015
0.05, 0.00, 1.44, 0.00 , 8.934762E-007, -8.922670E-007, -1.486107E-011, -1.735830E-012, 2.150400E+004 1.570926E+074 2.150400E+004, Mon Aug 03 17:09:31 2015
0.05, 0.00, 1.45, 0.00 , 9.243669E-007, -9.235550E-007, -5.679420E-012, -2.024140E-012, 2.150400E+004 1.570926E+074 2.150400E+004, Mon Aug 03 17:09:35 2015
0.05, 0.00, 1.46, 0.00 , 9.550394E-007, -9.541910E-007, -4.924772E-012, -1.901010E-012, 2.150400E+004 1.570926E+074 2.150400E+004, Mon Aug 03 17:09:39 2015
0.05, 0.00, 1.47, 0.00 , 9.845849E-007, -9.839810E-007, -2.409252E-012, -2.006020E-012, 2.150400E+004 1.570926E+074 2.150400E+004, Mon Aug 03 17:09:42 2015
0.05, 0.00, 1.48, 0.00 , 1.014530E-006, -1.014110E-006, -1.045891E-011, -1.637110E-012, 2.150400E+004 1.570926E+074 2.150400E+004, Mon Aug 03 17:09:46 2015
0.05, 0.00, 1.49, 0.00 , 1.044541E-006, -1.043770E-006, -1.196822E-011, -1.713680E-012, 2.150400E+004 1.570926E+074 2.150400E+004, Mon Aug 03 17:09:49 2015
0.05, 0.00, 1.50, 0.00 , 1.074856E-006, -1.073640E-006, -4.715138E-012, -1.412670E-012, 2.150400E+004 1.570926E+074 2.150400E+004, Mon Aug 03 17:09:53 2015
0.05, 0.00, 1.51, 0.00 , 1.104373E-006, -1.103220E-006, -1.138127E-011, -1.609870E-012, 2.150400E+004 1.570926E+074 2.150400E+004, Mon Aug 03 17:09:56 2015
0.05, 0.00, 1.52, 0.00 , 1.134048E-006, -1.132910E-006, -9.837894E-013, -1.755430E-012, 2.150400E+004 1.570926E+074 2.150400E+004, Mon Aug 03 17:10:00 2015
0.05, 0.00, 1.53, 0.00 , 1.162920E-006, -1.161770E-006, 4.047243E-012, -1.478900E-012, 2.150400E+004 1.570926E+074 2.150400E+004, Mon Aug 03 17:10:03 2015
0.05, 0.00, 1.54, 0.00 , 1.191545E-006, -1.190540E-006, -2.660790E-012, -1.727260E-012, 2.150400E+004 1.570926E+074 2.150400E+004, Mon Aug 03 17:10:07 2015
0.05, 0.00, 1.55, 0.00 , 1.219763E-006, -1.218720E-006, -5.385933E-012, -1.728390E-012, 2.150400E+004 1.570926E+074 2.150400E+004, Mon Aug 03 17:10:11 2015
0.05, 0.00, 1.56, 0.00 , 1.249269E-006, -1.247850E-006, -6.903002E-013, -1.742990E-012, 2.150400E+004 1.570926E+074 2.150400E+004, Mon Aug 03 17:10:14 2015
0.05, 0.00, 1.57, 0.00 , 1.276840E-006, -1.275900E-006, -3.792786E-012, -1.804290E-012, 2.150400E+004 1.570926E+074 2.150400E+004, Mon Aug 03 17:10:18 2015
0.05, 0.00, 1.58, 0.00 , 1.304849E-006, -1.303620E-006, -3.876632E-012, -1.580660E-012, 2.150400E+004 1.570926E+074 2.150400E+004, Mon Aug 03 17:10:21 2015
0.05, 0.00, 1.59, 0.00 , 1.332442E-006, -1.331160E-006, -1.452831E-013, -1.731620E-012, 2.150400E+004 1.570926E+074 2.150400E+004, Mon Aug 03 17:10:25 2015
0.05, 0.00, 1.60, 0.00 , 1.360557E-006, -1.359340E-006, 1.154394E-012, -1.961710E-012, 2.150400E+004 1.570926E+074 2.150400E+004, Mon Aug 03 17:10:28 2015
0.05, 0.00, 1.61, 0.00 , 1.388425E-006, -1.387080E-006, -6.601789E-012, -1.897790E-012, 2.150400E+004 1.570926E+074 2.150400E+004, Mon Aug 03 17:10:32 2015
0.05, 0.00, 1.62, 0.00 , 1.415927E-006, -1.414710E-006, 1.154406E-012, -1.981370E-012, 2.150400E+004 1.570926E+074 2.150400E+004, Mon Aug 03 17:10:35 2015
0.05, 0.00, 1.63, 0.00 , 1.443206E-006, -1.440060E-006, -6.143523E-014, -2.172080E-012, 2.150400E+004 1.570926E+074 2.150400E+004, Mon Aug 03 17:10:39 2015
0.05, 0.00, 1.64, 0.00 , 1.469062E-006, -1.466950E-006, 4.416831E-013, -2.106430E-012, 2.150400E+004 1.570926E+074 2.150400E+004, Mon Aug 03 17:10:43 2015
0.05, 0.00, 1.65, 0.00 , 1.497389E-006, -1.496140E-006, -5.889062E-012, -2.201280E-012, 2.150400E+004 1.570926E+074 2.150400E+004, Mon Aug 03 17:10:46 2015
0.05, 0.00, 1.66, 0.00 , 1.524122E-006, -1.522850E-006, 1.901118E-013, -2.536230E-012, 2.150400E+004 1.570926E+074 2.150400E+004, Mon Aug 03 17:10:50 2015
0.05, 0.00, 1.67, 0.00 , 1.551893E-006, -1.549910E-006, -1.570738E-012, -2.234270E-012, 2.150400E+004 1.570926E+074 2.150400E+004, Mon Aug 03 17:10:53 2015
0.05, 0.00, 1.68, 0.00 , 1.575810E-006, -1.574410E-006, 3.997427E-013, -2.382540E-012, 2.150400E+004 1.570926E+074 2.150400E+004, Mon Aug 03 17:10:57 2015
0.05, 0.00, 1.69, 0.00 , 1.600097E-006, -1.598760E-006, 4.382645E-012, -2.766540E-012, 2.150400E+004 1.570926E+074 2.150400E+004, Mon Aug 03 17:11:00 2015
0.05, 0.00, 1.70, 0.00 , 1.625548E-006, -1.624120E-006, 1.046181E-011, -2.484180E-012, 2.150400E+004 1.570926E+074 2.150400E+004, Mon Aug 03 17:11:04 2015
0.05, 0.00, 1.71, 0.00 , 1.651799E-006, -1.650250E-006, 4.634184E-012, -2.648160E-012, 2.150400E+004 1.570926E+074 2.150400E+004, Mon Aug 03 17:11:07 2015
0.05, 0.00, 1.72, 0.00 , 1.677810E-006, -1.675680E-006, 4.676128E-012, -2.923100E-012, 2.150400E+004 1.570926E+074 2.150400E+004, Mon Aug 03 17:11:11 2015
0.05, 0.00, 1.73, 0.00 , 1.702856E-006, -1.701160E-006, -1.654602E-012, -2.641900E-012, 2.150400E+004 1.570926E+074 2.150400E+004, Mon Aug 03 17:11:14 2015
0.05, 0.00, 1.74, 0.00 , 1.728680E-006, -1.728890E-006, 1.062553E-013, -2.982830E-012, 2.150400E+004 1.570926E+074 2.150400E+004, Mon Aug 03 17:11:18 2015
0.05, 0.00, 1.75, 0.00 , 1.754088E-006, -1.752730E-006, -5.469784E-012, -2.690180E-012, 2.150400E+004 1.570926E+074 2.150400E+004, Mon Aug 03 17:11:22 2015
0.05, 0.00, 1.76, 0.00 , 1.781183E-006, -1.779350E-006, 1.154399E-012, -3.116510E-012, 2.150400E+004 1.570926E+074 2.150400E+004, Mon Aug 03 17:11:25 2015
0.05, 0.00, 1.77, 0.00 , 1.806860E-006, -1.805370E-006, 1.070557E-012, -3.124060E-012, 2.150400E+004 1.570926E+074 2.150400E+004, Mon Aug 03 17:11:29 2015
0.05, 0.00, 1.78, 0.00 , 1.832281E-006, -1.830950E-006, -2.576944E-012, -3.026080E-012, 2.150400E+004 1.570926E+074 2.150400E+004, Mon Aug 03 17:11:32 2015
0.05, 0.00, 1.79, 0.00 , 1.859027E-006, -1.857170E-006, -8.991529E-012, -3.436210E-012, 2.150400E+004 1.570926E+074 2.150400E+004, Mon Aug 03 17:11:36 2015
0.05, 0.00, 1.80, 0.00 , 1.885780E-006, -1.883900E-006, -2.535031E-012, -3.062950E-012, 2.150400E+004 1.570926E+074 2.150400E+004, Mon Aug 03 17:11:39 2015
0.05, 0.00, 1.81, 0.00 , 1.912012E-006, -1.910540E-006, -8.572270E-012, -3.436680E-012, 2.150400E+004 1.570926E+074 2.150400E+004, Mon Aug 03 17:11:43 2015
0.05, 0.00, 1.82, 0.00 , 1.936134E-006, -1.934450E-006, -1.612679E-012, -3.781940E-012, 2.150400E+004 1.570926E+074 2.150400E+004, Mon Aug 03 17:11:46 2015
0.05, 0.00, 1.83, 0.00 , 1.962993E-006, -1.961040E-006, 9.028368E-013, -3.166040E-012, 2.150400E+004 1.570926E+074 2.150400E+004, Mon Aug 03 17:11:50 2015
0.05, 0.00, 1.84, 0.00 , 1.989320E-006, -1.987240E-006, -8.580203E-013, -3.530350E-012, 2.150400E+004 1.570926E+074 2.150400E+004, Mon Aug 03 17:11:54 2015
0.05, 0.00, 1.85, 0.00 , 2.015318E-006, -2.013510E-006, -1.906156E-012, -3.629890E-012, 2.150400E+004 1.570926E+074 2.150400E+004, Mon Aug 03 17:11:57 2015
0.05, 0.00, 1.86, 0.00 , 2.041863E-006, -2.039640E-006, -3.331611E-012, -3.461800E-012, 2.150400E+004 1.570926E+074 2.150400E+004, Mon Aug 03 17:12:01 2015
0.05, 0.00, 1.87, 0.00 , 2.068448E-006, -2.066400E-006, 1.062692E-013, -3.503700E-012, 2.150400E+004 1.570926E+074 2.150400E+004, Mon Aug 03 17:12:04 2015
0.05, 0.00, 1.88, 0.00 , 2.094905E-006, -2.092910E-006, 8.190063E-013, -3.631000E-012, 2.150400E+004 1.570926E+074 2.150400E+004, Mon Aug 03 17:12:08 2015
0.05, 0.00, 1.89, 0.00 , 2.121569E-006, -2.119740E-006, 2.621783E-012, -3.427790E-012, 2.150400E+004 1.570926E+074 2.150400E+004, Mon Aug 03 17:12:11 2015
0.05, 0.00, 1.90, 0.00 , 2.147925E-006, -2.146060E-006, 2.076743E-012, -3.698710E-012, 2.150400E+004 1.570926E+074 2.150400E+004, Mon Aug 03 17:12:15 2015
0.05, 0.00, 1.91, 0.00 , 2.174069E-006, -2.172120E-006, 3.460312E-012, -3.285170E-012, 2.150400E+004 1.570926E+074 2.150400E+004, Mon Aug 03 17:12:18 2015
0.05, 0.00, 1.92, 0.00 , 2.199781E-006, -2.197660E-006, 1.481627E-013, -3.537630E-012, 2.150400E+004 1.570926E+074 2.150400E+004, Mon Aug 03 17:12:22 2015
0.05, 0.00, 1.93, 0.00 , 2.225841E-006, -2.223390E-006, -1.403056E-012, -3.654690E-012, 2.150400E+004 1.570926E+074 2.150400E+004, Mon Aug 03 17:12:25 2015
0.05, 0.00, 1.94, 0.00 , 2.251488E-006, -2.249520E-006, -7.733777E-012, -3.191960E-012, 2.150400E+004 1.570926E+074 2.150400E+004, Mon Aug 03 17:12:29 2015
0.05, 0.00, 1.95, 0.00 , 2.276561E-006, -2.274770E-006, -1.872079E-013, -3.453800E-012, 2.150400E+004 1.570926E+074 2.150400E+004, Mon Aug 03 17:12:33 2015
0.05, 0.00, 1.96, 0.00 , 2.301986E-006, -2.299730E-006, -1.109560E-012, -3.261130E-012, 2.150400E+004 1.570926E+074 2.150400E+004, Mon Aug 03 17:12:36 2015
0.05, 0.00, 1.97, 0.00 , 2.327825E-006, -2.325670E-006, 2.320488E-013, -3.565590E-012, 2.150400E+004 1.570926E+074 2.150400E+004, Mon Aug 03 17:12:40 2015
0.05, 0.00, 1.98, 0.00 , 2.354273E-006, -2.352120E-006, 3.082958E-012, -3.767440E-012, 2.150400E+004 1.570926E+074 2.150400E+004, Mon Aug 03 17:12:43 2015
0.05, 0.00, 1.99, 0.00 , 2.379877E-006, -2.377660E-006, 4.508434E-012, -3.356490E-012, 2.150400E+004 1.570926E+074 2.150400E+004, Mon Aug 03 17:12:47 2015
0.05, 0.00, 2.00, 0.00 , 2.405061E-006, -2.402620E-006, 9.036372E-012, -3.176250E-012, 2.150400E+004 1.570926E+074 2.150400E+004, Mon Aug 03 17:12:50 2015
