0.00, 0.00, 0.80, 0.00 , -3.613149E-011, -7.467270E-014, -2.819382E-011, -8.261680E-013, 2.150400E+004 1.570926E+074 2.150400E+004, Mon Aug 03 18:15:50 2015
0.05, 0.00, 0.80, 0.00 , -3.288205E-011, -2.774600E-013, -1.985019E-011, -2.156580E-012, 2.150400E+004 1.570926E+074 2.150400E+004, Mon Aug 03 18:16:16 2015
0.10, 0.00, 0.80, 0.00 , -2.722731E-011, -1.284240E-013, -1.565766E-011, -2.688170E-013, 2.150400E+004 1.570926E+074 2.150400E+004, Mon Aug 03 18:16:38 2015
0.15, 0.00, 0.80, 0.00 , -2.752273E-011, -1.838210E-014, -2.710365E-011, -2.477850E-012, 2.150400E+004 1.570926E+074 2.150400E+004, Mon Aug 03 18:17:00 2015
0.20, 0.00, 0.80, 0.00 , -3.165831E-011, 7.060290E-013, -1.997596E-011, -1.258170E-012, 2.150400E+004 1.570926E+074 2.150400E+004, Mon Aug 03 18:17:55 2015
0.25, 0.00, 0.80, 0.00 , -2.908412E-011, 5.254030E-013, -1.888590E-011, -1.981120E-012, 2.150400E+004 1.570926E+074 2.150400E+004, Mon Aug 03 18:18:49 2015
0.30, 0.00, 0.80, 0.00 , -3.351509E-011, 1.015010E-012, -2.198837E-011, -1.629970E-012, 2.150400E+004 1.570926E+074 2.150400E+004, Mon Aug 03 18:19:36 2015
0.35, 0.00, 0.80, 0.00 , -3.246010E-011, -1.599840E-012, -2.198837E-011, -2.017250E-012, 2.150400E+004 1.570926E+074 2.150400E+004, Mon Aug 03 18:19:45 2015
0.40, 0.00, 0.80, 0.00 , -2.866211E-011, -5.396840E-013, -1.972441E-011, -9.034160E-013, 2.150400E+004 1.570926E+074 2.150400E+004, Mon Aug 03 18:21:23 2015
0.45, 0.00, 0.80, 0.00 , -3.170050E-011, 6.727700E-013, -2.739716E-011, -2.073190E-012, 2.150400E+004 1.570926E+074 2.150400E+004, Mon Aug 03 18:22:36 2015
0.50, 0.00, 0.80, 0.00 , -2.250095E-011, -9.856220E-014, -1.108780E-011, -8.834120E-013, 2.150400E+004 1.570926E+074 2.150400E+004, Mon Aug 03 18:23:05 2015
0.55, 0.00, 0.80, 0.00 , -2.773373E-011, 1.067660E-012, -2.421052E-011, -1.725090E-012, 2.150400E+004 1.570926E+074 2.150400E+004, Mon Aug 03 18:23:35 2015
0.60, 0.00, 0.80, 0.00 , -2.553933E-011, 8.470300E-013, -1.880205E-011, -1.410780E-012, 2.150400E+004 1.570926E+074 2.150400E+004, Mon Aug 03 18:23:56 2015
0.65, 0.00, 0.80, 0.00 , -2.887315E-011, 2.334830E-013, -2.458789E-011, -1.265850E-012, 2.150400E+004 1.570926E+074 2.150400E+004, Mon Aug 03 18:24:17 2015
0.70, 0.00, 0.80, 0.00 , -1.849197E-011, -6.859420E-013, -1.892783E-011, -1.151840E-012, 2.150400E+004 1.570926E+074 2.150400E+004, Mon Aug 03 18:25:12 2015
0.75, 0.00, 0.80, 0.00 , -2.402013E-011, -1.637780E-012, -2.161104E-011, -1.801000E-012, 2.150400E+004 1.570926E+074 2.150400E+004, Mon Aug 03 18:25:19 2015
0.80, 0.00, 0.80, 0.00 , -1.274502E-012, 1.148160E-012, -3.968579E-013, -2.270810E-012, 2.150400E+004 1.570926E+074 2.150400E+004, Mon Aug 03 18:25:58 2015
0.85, 0.00, 0.80, 0.00 , -2.760712E-011, 5.060320E-013, -2.651664E-011, -4.060580E-012, 2.150400E+004 1.570926E+074 2.150400E+004, Mon Aug 03 18:26:11 2015
0.90, 0.00, 0.80, 0.00 , -2.427333E-011, -1.291860E-012, -2.173682E-011, -2.379410E-012, 2.150400E+004 1.570926E+074 2.150400E+004, Mon Aug 03 18:26:19 2015
0.95, 0.00, 0.80, 0.00 , -2.406233E-011, -6.736040E-013, -1.867628E-011, -2.409520E-012, 2.150400E+004 1.570926E+074 2.150400E+004, Mon Aug 03 18:26:40 2015
1.00, 0.00, 0.80, 0.00 , -2.575032E-011, -2.842550E-013, -2.571998E-011, -2.982160E-012, 2.150400E+004 1.570926E+074 2.150400E+004, Mon Aug 03 18:26:49 2015
1.05, 0.00, 0.80, 0.00 , -2.144594E-011, 1.110550E-012, -2.186260E-011, -1.953980E-012, 2.150400E+004 1.570926E+074 2.150400E+004, Mon Aug 03 18:27:08 2015
1.10, 0.00, 0.80, 0.00 , -2.157255E-011, -5.441900E-014, -2.127564E-011, -1.166580E-012, 2.150400E+004 1.570926E+074 2.150400E+004, Mon Aug 03 18:27:25 2015
1.15, 0.00, 0.80, 0.00 , -2.115055E-011, 9.383200E-013, -2.077254E-011, -2.090490E-012, 2.150400E+004 1.570926E+074 2.150400E+004, Mon Aug 03 18:29:02 2015
1.20, 0.00, 0.80, 0.00 , -9.967619E-012, -4.778500E-013, -2.186260E-011, -2.620330E-012, 2.150400E+004 1.570926E+074 2.150400E+004, Mon Aug 03 18:29:46 2015
1.25, 0.00, 0.80, 0.00 , -4.305039E-013, -1.318340E-012, -8.698089E-012, -2.577300E-012, 2.150400E+004 1.570926E+074 2.150400E+004, Mon Aug 03 18:30:02 2015
1.30, 0.00, 0.80, 0.00 , -2.624885E-012, -3.332260E-013, -1.532226E-011, -3.173300E-012, 2.150400E+004 1.570926E+074 2.150400E+004, Mon Aug 03 18:30:09 2015
1.35, 0.00, 0.80, 0.00 , -8.575037E-012, 1.111750E-012, -2.052099E-011, -1.908140E-012, 2.150400E+004 1.570926E+074 2.150400E+004, Mon Aug 03 18:30:23 2015
1.40, 0.00, 0.80, 0.00 , -6.254056E-012, 8.752110E-013, -1.029124E-011, -2.673660E-012, 2.150400E+004 1.570926E+074 2.150400E+004, Mon Aug 03 18:30:51 2015
1.45, 0.00, 0.80, 0.00 , -2.672089E-011, 1.042370E-013, -2.412666E-011, -1.413210E-012, 2.150400E+004 1.570926E+074 2.150400E+004, Mon Aug 03 18:30:56 2015
1.50, 0.00, 0.80, 0.00 , -5.958657E-012, 7.466440E-013, -1.637040E-011, -2.206180E-012, 2.150400E+004 1.570926E+074 2.150400E+004, Mon Aug 03 18:31:01 2015
1.55, 0.00, 0.80, 0.00 , -4.819275E-012, 6.560920E-013, -1.247135E-011, -1.392230E-012, 2.150400E+004 1.570926E+074 2.150400E+004, Mon Aug 03 18:31:11 2015
1.60, 0.00, 0.80, 0.00 , -2.174133E-011, -3.412370E-013, -1.800548E-011, -1.847520E-012, 2.150400E+004 1.570926E+074 2.150400E+004, Mon Aug 03 18:31:15 2015
1.65, 0.00, 0.80, 0.00 , -5.325661E-012, -1.323460E-012, -1.062664E-011, -3.039660E-012, 2.150400E+004 1.570926E+074 2.150400E+004, Mon Aug 03 18:31:20 2015
1.70, 0.00, 0.80, 0.00 , -5.367858E-012, 4.417900E-014, -1.964056E-011, -3.284310E-012, 2.150400E+004 1.570926E+074 2.150400E+004, Mon Aug 03 18:31:27 2015
1.75, 0.00, 0.80, 0.00 , 4.253467E-012, -1.543010E-012, -1.024931E-011, -3.223000E-012, 2.150400E+004 1.570926E+074 2.150400E+004, Mon Aug 03 18:31:31 2015
1.80, 0.00, 0.80, 0.00 , -1.693056E-011, -2.499820E-013, -2.714558E-011, -3.301100E-012, 2.150400E+004 1.570926E+074 2.150400E+004, Mon Aug 03 18:31:52 2015
1.85, 0.00, 0.80, 0.00 , -2.245086E-012, -1.903060E-013, -9.662372E-012, -1.699170E-012, 2.150400E+004 1.570926E+074 2.150400E+004, Mon Aug 03 18:32:02 2015
1.90, 0.00, 0.80, 0.00 , -1.524258E-011, 9.118800E-013, -1.913746E-011, -2.131220E-012, 2.150400E+004 1.570926E+074 2.150400E+004, Mon Aug 03 18:32:08 2015
1.95, 0.00, 0.80, 0.00 , -3.890872E-012, 4.591820E-013, -2.077254E-011, -3.028270E-012, 2.150400E+004 1.570926E+074 2.150400E+004, Mon Aug 03 18:32:12 2015
2.00, 0.00, 0.80, 0.00 , -7.773246E-012, -4.059200E-013, -2.794223E-011, -3.463400E-012, 2.150400E+004 1.570926E+074 2.150400E+004, Mon Aug 03 18:32:27 2015
