0.00, 0.00, 2.00, 0.00 , -1.845899E-010, 4.197190E-010, 4.298752E-012, -2.885400E-012, 2.150400E+004 1.570926E+074 2.150400E+004, Mon Aug 03 18:38:54 2015
0.05, 0.00, 2.00, 0.00 , 2.377514E-006, -2.374900E-006, -7.817649E-012, -3.644250E-012, 2.150400E+004 1.570926E+074 2.150400E+004, Mon Aug 03 18:38:59 2015
0.10, 0.00, 2.00, 0.00 , 7.440322E-006, -7.436100E-006, -1.955727E-014, -3.082550E-012, 2.150400E+004 1.570926E+074 2.150400E+004, Mon Aug 03 18:39:02 2015
0.15, 0.00, 2.00, 0.00 , 1.385437E-005, -1.385480E-005, -3.549366E-013, -3.209130E-012, 2.150400E+004 1.570926E+074 2.150400E+004, Mon Aug 03 18:39:06 2015
0.20, 0.00, 2.00, 0.00 , 2.061561E-005, -2.061010E-005, -5.427906E-012, -3.200230E-012, 2.150400E+004 1.570926E+074 2.150400E+004, Mon Aug 03 18:39:10 2015
0.25, 0.00, 2.00, 0.00 , 2.723786E-005, -2.722690E-005, -8.656133E-012, -3.047130E-012, 2.150400E+004 1.570926E+074 2.150400E+004, Mon Aug 03 18:39:13 2015
0.30, 0.00, 2.00, 0.00 , 3.349540E-005, -3.348330E-005, -8.404588E-012, -2.860840E-012, 2.150400E+004 1.570926E+074 2.150400E+004, Mon Aug 03 18:39:17 2015
0.35, 0.00, 2.00, 0.00 , 3.929468E-005, -3.928490E-005, -8.907698E-012, -3.288940E-012, 2.150400E+004 1.570926E+074 2.150400E+004, Mon Aug 03 18:39:20 2015
0.40, 0.00, 2.00, 0.00 , 4.459230E-005, -4.457900E-005, -1.041700E-011, -3.380160E-012, 2.150400E+004 1.570926E+074 2.150400E+004, Mon Aug 03 18:39:24 2015
0.45, 0.00, 2.00, 0.00 , 4.932904E-005, -4.931800E-005, 1.741312E-012, -3.075980E-012, 2.150400E+004 1.570926E+074 2.150400E+004, Mon Aug 03 18:39:27 2015
0.50, 0.00, 2.00, 0.00 , 5.348796E-005, -5.347560E-005, 2.320019E-013, -3.043260E-012, 2.150400E+004 1.570926E+074 2.150400E+004, Mon Aug 03 18:39:31 2015
0.55, 0.00, 2.00, 0.00 , 5.708749E-005, -5.706750E-005, -1.389681E-011, -3.319990E-012, 2.150400E+004 1.570926E+074 2.150400E+004, Mon Aug 03 18:39:35 2015
0.60, 0.00, 2.00, 0.00 , 6.015571E-005, -6.014240E-005, -1.990038E-012, -3.199820E-012, 2.150400E+004 1.570926E+074 2.150400E+004, Mon Aug 03 18:39:38 2015
0.65, 0.00, 2.00, 0.00 , 6.271290E-005, -6.269070E-005, -9.830062E-012, -2.914450E-012, 2.150400E+004 1.570926E+074 2.150400E+004, Mon Aug 03 18:39:42 2015
0.70, 0.00, 2.00, 0.00 , 6.477099E-005, -6.475070E-005, -4.421710E-012, -3.593110E-012, 2.150400E+004 1.570926E+074 2.150400E+004, Mon Aug 03 18:39:45 2015
0.75, 0.00, 2.00, 0.00 , 6.637392E-005, -6.635270E-005, -7.440330E-012, -3.242020E-012, 2.150400E+004 1.570926E+074 2.150400E+004, Mon Aug 03 18:39:49 2015
0.80, 0.00, 2.00, 0.00 , 6.756788E-005, -6.755110E-005, 6.428018E-014, -3.056970E-012, 2.150400E+004 1.570926E+074 2.150400E+004, Mon Aug 03 18:39:52 2015
0.85, 0.00, 2.00, 0.00 , 6.841734E-005, -6.840090E-005, -7.817653E-012, -3.425680E-012, 2.150400E+004 1.570926E+074 2.150400E+004, Mon Aug 03 18:39:56 2015
0.90, 0.00, 2.00, 0.00 , 6.898493E-005, -6.896850E-005, -9.620432E-012, -3.268650E-012, 2.150400E+004 1.570926E+074 2.150400E+004, Mon Aug 03 18:39:59 2015
0.95, 0.00, 2.00, 0.00 , 6.934198E-005, -6.932160E-005, -4.673265E-012, -3.046440E-012, 2.150400E+004 1.570926E+074 2.150400E+004, Mon Aug 03 18:40:03 2015
1.00, 0.00, 2.00, 0.00 , 6.954815E-005, -6.953350E-005, -9.033481E-012, -3.430870E-012, 2.150400E+004 1.570926E+074 2.150400E+004, Mon Aug 03 18:40:06 2015
1.05, 0.00, 2.00, 0.00 , 6.966470E-005, -6.964620E-005, -1.016547E-011, -3.263950E-012, 2.150400E+004 1.570926E+074 2.150400E+004, Mon Aug 03 18:40:10 2015
1.10, 0.00, 2.00, 0.00 , 6.971446E-005, -6.969880E-005, -3.205864E-012, -3.147280E-012, 2.150400E+004 1.570926E+074 2.150400E+004, Mon Aug 03 18:40:14 2015
1.15, 0.00, 2.00, 0.00 , 6.973811E-005, -6.972210E-005, -8.949627E-012, -3.531770E-012, 2.150400E+004 1.570926E+074 2.150400E+004, Mon Aug 03 18:40:17 2015
1.20, 0.00, 2.00, 0.00 , 6.974447E-005, -6.972700E-005, -6.769514E-012, -3.703380E-012, 2.150400E+004 1.570926E+074 2.150400E+004, Mon Aug 03 18:40:21 2015
1.25, 0.00, 2.00, 0.00 , 6.974112E-005, -6.972690E-005, -6.937215E-012, -3.267860E-012, 2.150400E+004 1.570926E+074 2.150400E+004, Mon Aug 03 18:40:24 2015
1.30, 0.00, 2.00, 0.00 , 6.973132E-005, -6.972060E-005, 3.921417E-012, -3.253850E-012, 2.150400E+004 1.570926E+074 2.150400E+004, Mon Aug 03 18:40:28 2015
1.35, 0.00, 2.00, 0.00 , 6.972684E-005, -6.971430E-005, -4.212092E-012, -3.529190E-012, 2.150400E+004 1.570926E+074 2.150400E+004, Mon Aug 03 18:40:31 2015
1.40, 0.00, 2.00, 0.00 , 6.972023E-005, -6.970500E-005, -2.786627E-012, -3.066960E-012, 2.150400E+004 1.570926E+074 2.150400E+004, Mon Aug 03 18:40:35 2015
1.45, 0.00, 2.00, 0.00 , 6.971316E-005, -6.970220E-005, -8.781926E-012, -3.095290E-012, 2.150400E+004 1.570926E+074 2.150400E+004, Mon Aug 03 18:40:38 2015
1.50, 0.00, 2.00, 0.00 , 6.970864E-005, -6.969200E-005, -2.702770E-012, -3.150300E-012, 2.150400E+004 1.570926E+074 2.150400E+004, Mon Aug 03 18:40:42 2015
1.55, 0.00, 2.00, 0.00 , 6.969950E-005, -6.968410E-005, 4.835576E-013, -3.113870E-012, 2.150400E+004 1.570926E+074 2.150400E+004, Mon Aug 03 18:40:46 2015
1.60, 0.00, 2.00, 0.00 , 6.968906E-005, -6.967890E-005, -7.901501E-012, -3.128000E-012, 2.150400E+004 1.570926E+074 2.150400E+004, Mon Aug 03 18:40:49 2015
1.65, 0.00, 2.00, 0.00 , 6.968990E-005, -6.967710E-005, 2.873299E-012, -3.438460E-012, 2.150400E+004 1.570926E+074 2.150400E+004, Mon Aug 03 18:40:53 2015
1.70, 0.00, 2.00, 0.00 , 6.971877E-005, -6.970920E-005, -2.115821E-012, -3.280100E-012, 2.150400E+004 1.570926E+074 2.150400E+004, Mon Aug 03 18:40:56 2015
1.75, 0.00, 2.00, 0.00 , 6.994643E-005, -6.994610E-005, 1.028554E-012, -3.319010E-012, 2.150400E+004 1.570926E+074 2.150400E+004, Mon Aug 03 18:41:00 2015
1.80, 0.00, 2.00, 0.00 , 7.100867E-005, -7.104120E-005, -6.484275E-013, -3.067820E-012, 2.150400E+004 1.570926E+074 2.150400E+004, Mon Aug 03 18:41:03 2015
1.85, 0.00, 2.00, 0.00 , 7.255818E-005, -7.253410E-005, 1.900632E-013, -3.145040E-012, 2.150400E+004 1.570926E+074 2.150400E+004, Mon Aug 03 18:41:07 2015
1.90, 0.00, 2.00, 0.00 , 7.371918E-005, -7.372470E-005, 3.753725E-012, -3.048070E-012, 2.150400E+004 1.570926E+074 2.150400E+004, Mon Aug 03 18:41:10 2015
1.95, 0.00, 2.00, 0.00 , 7.494191E-005, -7.495610E-005, -1.109602E-012, -2.952120E-012, 2.150400E+004 1.570926E+074 2.150400E+004, Mon Aug 03 18:41:14 2015
2.00, 0.00, 2.00, 0.00 , 7.609242E-005, -7.607800E-005, 1.112416E-012, -3.206340E-012, 2.150400E+004 1.570926E+074 2.150400E+004, Mon Aug 03 18:41:17 2015
