0.00, 0.00, 1.20, 0.00 , 2.042686E-009, -2.133290E-009, -2.903233E-011, -7.096530E-014, 2.150400E+004 1.570926E+074 2.150400E+004, Sun Jul 26 13:57:20 2015
0.05, 0.00, 1.20, 0.00 , 7.229575E-007, -6.932500E-007, -2.957741E-011, -8.189680E-014, 2.150400E+004 1.570926E+074 2.150400E+004, Sun Jul 26 13:57:24 2015
0.10, 0.00, 1.20, 0.00 , 1.268512E-006, -1.268510E-006, -3.016441E-011, -8.759500E-014, 2.150400E+004 1.570926E+074 2.150400E+004, Sun Jul 26 13:57:27 2015
0.15, 0.00, 1.20, 0.00 , 1.642647E-006, -1.642930E-006, -3.066756E-011, -7.331370E-014, 2.150400E+004 1.570926E+074 2.150400E+004, Sun Jul 26 13:57:31 2015
0.20, 0.00, 1.20, 0.00 , 1.870190E-006, -1.870170E-006, -3.125456E-011, -7.308720E-014, 2.150400E+004 1.570926E+074 2.150400E+004, Sun Jul 26 13:57:34 2015
0.25, 0.00, 1.20, 0.00 , 1.988880E-006, -1.989020E-006, -3.104492E-011, -7.650850E-014, 2.150400E+004 1.570926E+074 2.150400E+004, Sun Jul 26 13:57:38 2015
0.30, 0.00, 1.20, 0.00 , 2.043489E-006, -2.043450E-006, -3.112878E-011, -9.639260E-014, 2.150400E+004 1.570926E+074 2.150400E+004, Sun Jul 26 13:57:42 2015
0.35, 0.00, 1.20, 0.00 , 2.066111E-006, -2.065820E-006, -2.995477E-011, -8.850100E-014, 2.150400E+004 1.570926E+074 2.150400E+004, Sun Jul 26 13:57:45 2015
0.40, 0.00, 1.20, 0.00 , 2.076008E-006, -2.076310E-006, -3.087720E-011, -1.099470E-013, 2.150400E+004 1.570926E+074 2.150400E+004, Sun Jul 26 13:57:49 2015
0.45, 0.00, 1.20, 0.00 , 2.082983E-006, -2.083010E-006, -3.003863E-011, -8.913280E-014, 2.150400E+004 1.570926E+074 2.150400E+004, Sun Jul 26 13:57:52 2015
0.50, 0.00, 1.20, 0.00 , 2.088229E-006, -2.087730E-006, -3.062564E-011, -8.434060E-014, 2.150400E+004 1.570926E+074 2.150400E+004, Sun Jul 26 13:57:56 2015
0.55, 0.00, 1.20, 0.00 , 2.092642E-006, -2.092360E-006, -3.117070E-011, -9.562970E-014, 2.150400E+004 1.570926E+074 2.150400E+004, Sun Jul 26 13:57:59 2015
0.60, 0.00, 1.20, 0.00 , 2.097786E-006, -2.097480E-006, -3.196736E-011, -8.839370E-014, 2.150400E+004 1.570926E+074 2.150400E+004, Sun Jul 26 13:58:03 2015
0.65, 0.00, 1.20, 0.00 , 2.102192E-006, -2.102180E-006, -3.259629E-011, -8.587840E-014, 2.150400E+004 1.570926E+074 2.150400E+004, Sun Jul 26 13:58:06 2015
0.70, 0.00, 1.20, 0.00 , 2.105972E-006, -2.105690E-006, -3.196736E-011, -7.026200E-014, 2.150400E+004 1.570926E+074 2.150400E+004, Sun Jul 26 13:58:10 2015
0.75, 0.00, 1.20, 0.00 , 2.110499E-006, -2.110350E-006, -3.054177E-011, -9.469990E-014, 2.150400E+004 1.570926E+074 2.150400E+004, Sun Jul 26 13:58:13 2015
0.80, 0.00, 1.20, 0.00 , 2.114031E-006, -2.113860E-006, -3.230280E-011, -8.664130E-014, 2.150400E+004 1.570926E+074 2.150400E+004, Sun Jul 26 13:58:17 2015
0.85, 0.00, 1.20, 0.00 , 2.118595E-006, -2.117620E-006, -3.217700E-011, -9.129050E-014, 2.150400E+004 1.570926E+074 2.150400E+004, Sun Jul 26 13:58:21 2015
0.90, 0.00, 1.20, 0.00 , 2.123162E-006, -2.122280E-006, -3.125456E-011, -7.902380E-014, 2.150400E+004 1.570926E+074 2.150400E+004, Sun Jul 26 13:58:24 2015
0.95, 0.00, 1.20, 0.00 , 2.126774E-006, -2.126300E-006, -3.230279E-011, -1.159550E-013, 2.150400E+004 1.570926E+074 2.150400E+004, Sun Jul 26 13:58:28 2015
1.00, 0.00, 1.20, 0.00 , 2.129837E-006, -2.130100E-006, -3.221893E-011, -7.821320E-014, 2.150400E+004 1.570926E+074 2.150400E+004, Sun Jul 26 13:58:31 2015
1.05, 0.00, 1.20, 0.00 , 2.135164E-006, -2.134710E-006, -3.171578E-011, -8.741620E-014, 2.150400E+004 1.570926E+074 2.150400E+004, Sun Jul 26 13:58:35 2015
1.10, 0.00, 1.20, 0.00 , 2.138891E-006, -2.138910E-006, -3.133842E-011, -7.655620E-014, 2.150400E+004 1.570926E+074 2.150400E+004, Sun Jul 26 13:58:38 2015
1.15, 0.00, 1.20, 0.00 , 2.142071E-006, -2.142310E-006, -3.163192E-011, -9.082560E-014, 2.150400E+004 1.570926E+074 2.150400E+004, Sun Jul 26 13:58:42 2015
1.20, 0.00, 1.20, 0.00 , 2.145833E-006, -2.146220E-006, -3.263822E-011, -6.409880E-014, 2.150400E+004 1.570926E+074 2.150400E+004, Sun Jul 26 13:58:45 2015
1.25, 0.00, 1.20, 0.00 , 2.148442E-006, -2.148670E-006, -3.196736E-011, -8.999110E-014, 2.150400E+004 1.570926E+074 2.150400E+004, Sun Jul 26 13:58:49 2015
1.30, 0.00, 1.20, 0.00 , 2.154207E-006, -2.154260E-006, -3.213507E-011, -8.600950E-014, 2.150400E+004 1.570926E+074 2.150400E+004, Sun Jul 26 13:58:52 2015
1.35, 0.00, 1.20, 0.00 , 2.159283E-006, -2.159560E-006, -3.226086E-011, -7.534030E-014, 2.150400E+004 1.570926E+074 2.150400E+004, Sun Jul 26 13:58:56 2015
1.40, 0.00, 1.20, 0.00 , 2.168214E-006, -2.167870E-006, -3.121264E-011, -7.863040E-014, 2.150400E+004 1.570926E+074 2.150400E+004, Sun Jul 26 13:59:00 2015
1.45, 0.00, 1.20, 0.00 , 2.181895E-006, -2.182040E-006, -3.213507E-011, -1.007440E-013, 2.150400E+004 1.570926E+074 2.150400E+004, Sun Jul 26 13:59:03 2015
1.50, 0.00, 1.20, 0.00 , 2.210279E-006, -2.210180E-006, -3.213507E-011, -8.041860E-014, 2.150400E+004 1.570926E+074 2.150400E+004, Sun Jul 26 13:59:07 2015
1.55, 0.00, 1.20, 0.00 , 2.263312E-006, -2.263390E-006, -3.272207E-011, -9.149310E-014, 2.150400E+004 1.570926E+074 2.150400E+004, Sun Jul 26 13:59:10 2015
1.60, 0.00, 1.20, 0.00 , 2.348746E-006, -2.349070E-006, -3.280594E-011, -8.575920E-014, 2.150400E+004 1.570926E+074 2.150400E+004, Sun Jul 26 13:59:14 2015
1.65, 0.00, 1.20, 0.00 , 2.471343E-006, -2.470720E-006, -3.368644E-011, -8.525850E-014, 2.150400E+004 1.570926E+074 2.150400E+004, Sun Jul 26 13:59:17 2015
1.70, 0.00, 1.20, 0.00 , 2.618425E-006, -2.619180E-006, -3.263822E-011, -8.362530E-014, 2.150400E+004 1.570926E+074 2.150400E+004, Sun Jul 26 13:59:21 2015
1.75, 0.00, 1.20, 0.00 , 2.783807E-006, -2.783240E-006, -3.272208E-011, -6.952290E-014, 2.150400E+004 1.570926E+074 2.150400E+004, Sun Jul 26 13:59:24 2015
1.80, 0.00, 1.20, 0.00 , 2.956434E-006, -2.956720E-006, -3.406380E-011, -9.202960E-014, 2.150400E+004 1.570926E+074 2.150400E+004, Sun Jul 26 13:59:28 2015
1.85, 0.00, 1.20, 0.00 , 3.133135E-006, -3.133670E-006, -3.335101E-011, -8.720160E-014, 2.150400E+004 1.570926E+074 2.150400E+004, Sun Jul 26 13:59:32 2015
1.90, 0.00, 1.20, 0.00 , 3.308347E-006, -3.309370E-006, -3.473466E-011, -8.513930E-014, 2.150400E+004 1.570926E+074 2.150400E+004, Sun Jul 26 13:59:35 2015
1.95, 0.00, 1.20, 0.00 , 3.481072E-006, -3.480770E-006, -3.377029E-011, -8.199220E-014, 2.150400E+004 1.570926E+074 2.150400E+004, Sun Jul 26 13:59:39 2015
2.00, 0.00, 1.20, 0.00 , 3.646913E-006, -3.646020E-006, -3.439922E-011, -7.758140E-014, 2.150400E+004 1.570926E+074 2.150400E+004, Sun Jul 26 13:59:42 2015
