0.00, 0.00, 1.20, 0.00 , 2.661745E-011, -4.387840E-011, -9.075417E-012, -7.756830E-013, 2.150400E+004 1.570926E+074 2.150400E+004, Mon Aug 03 18:33:12 2015
0.05, 0.00, 1.20, 0.00 , 2.009872E-007, -2.007390E-007, -1.393873E-011, -1.161420E-012, 2.150400E+004 1.570926E+074 2.150400E+004, Mon Aug 03 18:33:19 2015
0.10, 0.00, 1.20, 0.00 , 4.942427E-007, -4.936880E-007, -9.452742E-012, -1.269630E-012, 2.150400E+004 1.570926E+074 2.150400E+004, Mon Aug 03 18:33:22 2015
0.15, 0.00, 1.20, 0.00 , 6.520928E-007, -6.513760E-007, -2.312036E-011, -2.019550E-012, 2.150400E+004 1.570926E+074 2.150400E+004, Mon Aug 03 18:33:29 2015
0.20, 0.00, 1.20, 0.00 , 6.973768E-007, -6.959500E-007, -6.014869E-012, -1.041390E-012, 2.150400E+004 1.570926E+074 2.150400E+004, Mon Aug 03 18:33:35 2015
0.25, 0.00, 1.20, 0.00 , 7.047595E-007, -7.035310E-007, -9.872000E-012, -1.264810E-012, 2.150400E+004 1.570926E+074 2.150400E+004, Mon Aug 03 18:33:38 2015
0.30, 0.00, 1.20, 0.00 , 6.968182E-007, -6.959500E-007, -1.301639E-011, -1.148460E-012, 2.150400E+004 1.570926E+074 2.150400E+004, Mon Aug 03 18:33:42 2015
0.35, 0.00, 1.20, 0.00 , 6.895167E-007, -6.885730E-007, -1.343563E-011, -1.093650E-012, 2.150400E+004 1.570926E+074 2.150400E+004, Mon Aug 03 18:33:46 2015
0.40, 0.00, 1.20, 0.00 , 6.815942E-007, -6.809980E-007, -1.247135E-011, -9.172320E-013, 2.150400E+004 1.570926E+074 2.150400E+004, Mon Aug 03 18:33:49 2015
0.45, 0.00, 1.20, 0.00 , 6.759485E-007, -6.755130E-007, -1.163285E-011, -1.159850E-012, 2.150400E+004 1.570926E+074 2.150400E+004, Mon Aug 03 18:33:53 2015
0.50, 0.00, 1.20, 0.00 , 6.695764E-007, -6.688630E-007, -1.590922E-011, -1.155360E-012, 2.150400E+004 1.570926E+074 2.150400E+004, Mon Aug 03 18:33:56 2015
0.55, 0.00, 1.20, 0.00 , 6.637110E-007, -6.630250E-007, -1.293253E-011, -1.161000E-012, 2.150400E+004 1.570926E+074 2.150400E+004, Mon Aug 03 18:34:00 2015
0.60, 0.00, 1.20, 0.00 , 6.576805E-007, -6.567670E-007, -1.184247E-011, -9.591100E-013, 2.150400E+004 1.570926E+074 2.150400E+004, Mon Aug 03 18:34:03 2015
0.65, 0.00, 1.20, 0.00 , 6.520393E-007, -6.514310E-007, -2.744711E-012, -1.155750E-012, 2.150400E+004 1.570926E+074 2.150400E+004, Mon Aug 03 18:34:07 2015
0.70, 0.00, 1.20, 0.00 , 6.476532E-007, -6.468010E-007, 2.471628E-011, -9.619470E-013, 2.150400E+004 1.570926E+074 2.150400E+004, Mon Aug 03 18:34:10 2015
0.75, 0.00, 1.20, 0.00 , 6.432914E-007, -6.428780E-007, -8.027284E-012, -1.255560E-012, 2.150400E+004 1.570926E+074 2.150400E+004, Mon Aug 03 18:34:14 2015
0.80, 0.00, 1.20, 0.00 , 6.388664E-007, -6.383730E-007, -1.154900E-011, -1.482780E-012, 2.150400E+004 1.570926E+074 2.150400E+004, Mon Aug 03 18:34:17 2015
0.85, 0.00, 1.20, 0.00 , 6.352746E-007, -6.348690E-007, -1.209403E-011, -5.807640E-013, 2.150400E+004 1.570926E+074 2.150400E+004, Mon Aug 03 18:34:21 2015
0.90, 0.00, 1.20, 0.00 , 6.312640E-007, -6.304390E-007, -1.507071E-011, -2.012880E-012, 2.150400E+004 1.570926E+074 2.150400E+004, Mon Aug 03 18:34:25 2015
0.95, 0.00, 1.20, 0.00 , 6.275005E-007, -6.270010E-007, -1.146515E-011, -1.723860E-012, 2.150400E+004 1.570926E+074 2.150400E+004, Mon Aug 03 18:34:28 2015
1.00, 0.00, 1.20, 0.00 , 6.245007E-007, -6.237030E-007, -1.167478E-011, -1.890120E-012, 2.150400E+004 1.570926E+074 2.150400E+004, Mon Aug 03 18:34:32 2015
1.05, 0.00, 1.20, 0.00 , 6.222629E-007, -6.217230E-007, -1.142323E-011, -1.451500E-012, 2.150400E+004 1.570926E+074 2.150400E+004, Mon Aug 03 18:34:35 2015
1.10, 0.00, 1.20, 0.00 , 6.219657E-007, -6.213590E-007, -1.465146E-011, -1.781880E-012, 2.150400E+004 1.570926E+074 2.150400E+004, Mon Aug 03 18:34:39 2015
1.15, 0.00, 1.20, 0.00 , 6.291951E-007, -6.292960E-007, -1.016547E-011, -2.001120E-012, 2.150400E+004 1.570926E+074 2.150400E+004, Mon Aug 03 18:34:42 2015
1.20, 0.00, 1.20, 0.00 , 6.655497E-007, -6.663350E-007, -1.620270E-011, -2.536670E-012, 2.150400E+004 1.570926E+074 2.150400E+004, Mon Aug 03 18:34:47 2015
1.25, 0.00, 1.20, 0.00 , 7.444162E-007, -7.446090E-007, -2.114987E-011, -2.648100E-012, 2.150400E+004 1.570926E+074 2.150400E+004, Mon Aug 03 18:34:53 2015
1.30, 0.00, 1.20, 0.00 , 8.417530E-007, -8.418470E-007, -1.590922E-011, -1.511130E-012, 2.150400E+004 1.570926E+074 2.150400E+004, Mon Aug 03 18:34:58 2015
1.35, 0.00, 1.20, 0.00 , 9.115697E-007, -9.114170E-007, -1.385489E-011, -3.372880E-012, 2.150400E+004 1.570926E+074 2.150400E+004, Mon Aug 03 18:35:03 2015
1.40, 0.00, 1.20, 0.00 , 9.960785E-007, -9.970620E-007, -2.643278E-011, -3.447120E-012, 2.150400E+004 1.570926E+074 2.150400E+004, Mon Aug 03 18:35:07 2015
1.45, 0.00, 1.20, 0.00 , 1.096386E-006, -1.095910E-006, -1.163285E-011, -2.761890E-012, 2.150400E+004 1.570926E+074 2.150400E+004, Mon Aug 03 18:35:11 2015
1.50, 0.00, 1.20, 0.00 , 1.203045E-006, -1.202170E-006, -1.343563E-011, -3.153820E-012, 2.150400E+004 1.570926E+074 2.150400E+004, Mon Aug 03 18:35:17 2015
1.55, 0.00, 1.20, 0.00 , 1.336719E-006, -1.338070E-006, -9.201188E-012, -1.795910E-012, 2.150400E+004 1.570926E+074 2.150400E+004, Mon Aug 03 18:35:22 2015
1.60, 0.00, 1.20, 0.00 , 1.434347E-006, -1.435660E-006, -1.997596E-011, -2.000770E-012, 2.150400E+004 1.570926E+074 2.150400E+004, Mon Aug 03 18:35:25 2015
1.65, 0.00, 1.20, 0.00 , 1.569923E-006, -1.569740E-006, -1.184247E-011, -2.097750E-012, 2.150400E+004 1.570926E+074 2.150400E+004, Mon Aug 03 18:35:29 2015
1.70, 0.00, 1.20, 0.00 , 1.851482E-006, -1.850970E-006, -1.112974E-011, -2.251090E-012, 2.150400E+004 1.570926E+074 2.150400E+004, Mon Aug 03 18:35:33 2015
1.75, 0.00, 1.20, 0.00 , 2.140339E-006, -2.140990E-006, -1.502880E-011, -3.047300E-012, 2.150400E+004 1.570926E+074 2.150400E+004, Mon Aug 03 18:35:36 2015
1.80, 0.00, 1.20, 0.00 , 2.590700E-006, -2.587870E-006, -1.695736E-011, -4.807540E-012, 2.150400E+004 1.570926E+074 2.150400E+004, Mon Aug 03 18:35:40 2015
1.85, 0.00, 1.20, 0.00 , 3.367432E-006, -3.367270E-006, -1.247135E-011, -8.077370E-012, 2.150400E+004 1.570926E+074 2.150400E+004, Mon Aug 03 18:35:43 2015
1.90, 0.00, 1.20, 0.00 , 3.997205E-006, -4.009350E-006, -8.153060E-012, -1.324600E-011, 2.150400E+004 1.570926E+074 2.150400E+004, Mon Aug 03 18:35:47 2015
1.95, 0.00, 1.20, 0.00 , 4.559293E-006, -4.551390E-006, -1.146514E-011, -2.196480E-011, 2.150400E+004 1.570926E+074 2.150400E+004, Mon Aug 03 18:35:50 2015
2.00, 0.00, 1.20, 0.00 , 4.940541E-006, -4.940540E-006, -2.114987E-011, -3.453490E-011, 2.150400E+004 1.570926E+074 2.150400E+004, Mon Aug 03 18:35:54 2015
