0.00, 0.00, 0.00, 0.00 , -3.254415E-011, -3.844740E-013, -3.372838E-011, -6.644730E-014, 2.150400E+004 1.570926E+074 2.150400E+004, Sun Jul 26 13:42:17 2015
0.05, 0.00, 0.00, 0.00 , -3.267073E-011, -4.691840E-013, -3.695691E-011, -1.090880E-013, 2.150400E+004 1.570926E+074 2.150400E+004, Sun Jul 26 13:42:31 2015
0.10, 0.00, 0.00, 0.00 , -3.182675E-011, -5.737900E-013, -3.792127E-011, -8.569960E-014, 2.150400E+004 1.570926E+074 2.150400E+004, Sun Jul 26 13:42:38 2015
0.15, 0.00, 0.00, 0.00 , -3.174235E-011, -6.226900E-013, -3.536361E-011, -6.449220E-014, 2.150400E+004 1.570926E+074 2.150400E+004, Sun Jul 26 13:42:47 2015
0.20, 0.00, 0.00, 0.00 , -3.009662E-011, -7.175210E-013, -3.641184E-011, -7.264610E-014, 2.150400E+004 1.570926E+074 2.150400E+004, Sun Jul 26 13:42:51 2015
0.25, 0.00, 0.00, 0.00 , -3.140475E-011, -7.827520E-013, -3.746006E-011, -8.540150E-014, 2.150400E+004 1.570926E+074 2.150400E+004, Sun Jul 26 13:43:02 2015
0.30, 0.00, 0.00, 0.00 , -3.127816E-011, -8.614060E-013, -3.674727E-011, -8.803610E-014, 2.150400E+004 1.570926E+074 2.150400E+004, Sun Jul 26 13:43:11 2015
0.35, 0.00, 0.00, 0.00 , -3.161574E-011, -8.976820E-013, -3.645377E-011, -1.069430E-013, 2.150400E+004 1.570926E+074 2.150400E+004, Sun Jul 26 13:43:19 2015
0.40, 0.00, 0.00, 0.00 , -3.157356E-011, -9.794470E-013, -3.754392E-011, -1.111980E-013, 2.150400E+004 1.570926E+074 2.150400E+004, Sun Jul 26 13:43:24 2015
0.45, 0.00, 0.00, 0.00 , -3.043417E-011, -1.079800E-012, -3.733426E-011, -8.733270E-014, 2.150400E+004 1.570926E+074 2.150400E+004, Sun Jul 26 13:43:32 2015
0.50, 0.00, 0.00, 0.00 , -3.102496E-011, -1.117400E-012, -3.808899E-011, -8.240940E-014, 2.150400E+004 1.570926E+074 2.150400E+004, Sun Jul 26 13:43:39 2015
0.55, 0.00, 0.00, 0.00 , -2.971680E-011, -1.253820E-012, -3.896950E-011, -9.472370E-014, 2.150400E+004 1.570926E+074 2.150400E+004, Sun Jul 26 13:43:46 2015
0.60, 0.00, 0.00, 0.00 , -3.060301E-011, -1.306120E-012, -3.825671E-011, -8.395910E-014, 2.150400E+004 1.570926E+074 2.150400E+004, Sun Jul 26 13:43:52 2015
0.65, 0.00, 0.00, 0.00 , -2.946358E-011, -1.419880E-012, -3.880178E-011, -7.885690E-014, 2.150400E+004 1.570926E+074 2.150400E+004, Sun Jul 26 13:43:59 2015
0.70, 0.00, 0.00, 0.00 , -2.916819E-011, -1.544540E-012, -3.863407E-011, -7.146600E-014, 2.150400E+004 1.570926E+074 2.150400E+004, Sun Jul 26 13:44:05 2015
0.75, 0.00, 0.00, 0.00 , -2.908379E-011, -1.598870E-012, -3.888563E-011, -7.339720E-014, 2.150400E+004 1.570926E+074 2.150400E+004, Sun Jul 26 13:44:10 2015
0.80, 0.00, 0.00, 0.00 , -2.925260E-011, -1.695000E-012, -3.766970E-011, -8.015630E-014, 2.150400E+004 1.570926E+074 2.150400E+004, Sun Jul 26 13:44:17 2015
0.85, 0.00, 0.00, 0.00 , -2.891501E-011, -1.769140E-012, -3.762778E-011, -8.544920E-014, 2.150400E+004 1.570926E+074 2.150400E+004, Sun Jul 26 13:44:24 2015
0.90, 0.00, 0.00, 0.00 , -2.794440E-011, -1.898690E-012, -3.804706E-011, -1.081940E-013, 2.150400E+004 1.570926E+074 2.150400E+004, Sun Jul 26 13:44:33 2015
0.95, 0.00, 0.00, 0.00 , -2.828201E-011, -2.003200E-012, -3.800514E-011, -7.855890E-014, 2.150400E+004 1.570926E+074 2.150400E+004, Sun Jul 26 13:44:39 2015
1.00, 0.00, 0.00, 0.00 , -2.908377E-011, -2.062770E-012, -3.834057E-011, -7.178780E-014, 2.150400E+004 1.570926E+074 2.150400E+004, Sun Jul 26 13:44:55 2015
1.05, 0.00, 0.00, 0.00 , -2.836638E-011, -2.151720E-012, -3.779549E-011, -7.724760E-014, 2.150400E+004 1.570926E+074 2.150400E+004, Sun Jul 26 13:45:00 2015
1.10, 0.00, 0.00, 0.00 , -2.807099E-011, -2.242970E-012, -3.896950E-011, -9.121890E-014, 2.150400E+004 1.570926E+074 2.150400E+004, Sun Jul 26 13:45:06 2015
1.15, 0.00, 0.00, 0.00 , -2.828197E-011, -2.402310E-012, -3.821479E-011, -9.707210E-014, 2.150400E+004 1.570926E+074 2.150400E+004, Sun Jul 26 13:45:19 2015
1.20, 0.00, 0.00, 0.00 , -2.714262E-011, -2.473750E-012, -3.884373E-011, -8.594990E-014, 2.150400E+004 1.570926E+074 2.150400E+004, Sun Jul 26 13:45:41 2015
1.25, 0.00, 0.00, 0.00 , -2.807099E-011, -2.603550E-012, -3.968229E-011, -5.990270E-014, 2.150400E+004 1.570926E+074 2.150400E+004, Sun Jul 26 13:45:51 2015
1.30, 0.00, 0.00, 0.00 , -2.684723E-011, -2.721310E-012, -3.896951E-011, -8.353000E-014, 2.150400E+004 1.570926E+074 2.150400E+004, Sun Jul 26 13:45:56 2015
1.35, 0.00, 0.00, 0.00 , -2.591882E-011, -2.824430E-012, -3.842443E-011, -7.163290E-014, 2.150400E+004 1.570926E+074 2.150400E+004, Sun Jul 26 13:46:01 2015
1.40, 0.00, 0.00, 0.00 , -2.591883E-011, -2.980260E-012, -3.896950E-011, -1.057740E-013, 2.150400E+004 1.570926E+074 2.150400E+004, Sun Jul 26 13:46:12 2015
1.45, 0.00, 0.00, 0.00 , -2.549684E-011, -3.074880E-012, -3.947265E-011, -8.560420E-014, 2.150400E+004 1.570926E+074 2.150400E+004, Sun Jul 26 13:46:39 2015
1.50, 0.00, 0.00, 0.00 , -2.680500E-011, -3.200940E-012, -4.043701E-011, -6.887910E-014, 2.150400E+004 1.570926E+074 2.150400E+004, Sun Jul 26 13:46:49 2015
1.55, 0.00, 0.00, 0.00 , -2.604543E-011, -3.340050E-012, -4.077244E-011, -9.534360E-014, 2.150400E+004 1.570926E+074 2.150400E+004, Sun Jul 26 13:47:01 2015
1.60, 0.00, 0.00, 0.00 , -2.528583E-011, -3.438250E-012, -3.989194E-011, -7.839200E-014, 2.150400E+004 1.570926E+074 2.150400E+004, Sun Jul 26 13:47:06 2015
1.65, 0.00, 0.00, 0.00 , -2.604543E-011, -3.578160E-012, -4.085630E-011, -8.928780E-014, 2.150400E+004 1.570926E+074 2.150400E+004, Sun Jul 26 13:47:15 2015
1.70, 0.00, 0.00, 0.00 , -2.448404E-011, -3.646730E-012, -4.140137E-011, -9.586810E-014, 2.150400E+004 1.570926E+074 2.150400E+004, Sun Jul 26 13:47:22 2015
1.75, 0.00, 0.00, 0.00 , -2.507481E-011, -3.816470E-012, -4.161101E-011, -8.416180E-014, 2.150400E+004 1.570926E+074 2.150400E+004, Sun Jul 26 13:47:34 2015
1.80, 0.00, 0.00, 0.00 , -2.465284E-011, -3.982810E-012, -4.081438E-011, -8.543730E-014, 2.150400E+004 1.570926E+074 2.150400E+004, Sun Jul 26 13:47:44 2015
1.85, 0.00, 0.00, 0.00 , -2.507486E-011, -4.098520E-012, -4.110787E-011, -7.314680E-014, 2.150400E+004 1.570926E+074 2.150400E+004, Sun Jul 26 13:47:54 2015
1.90, 0.00, 0.00, 0.00 , -2.482163E-011, -4.200850E-012, -4.123366E-011, -7.243160E-014, 2.150400E+004 1.570926E+074 2.150400E+004, Sun Jul 26 13:48:06 2015
1.95, 0.00, 0.00, 0.00 , -2.313364E-011, -4.315270E-012, -4.119174E-011, -7.977490E-014, 2.150400E+004 1.570926E+074 2.150400E+004, Sun Jul 26 13:48:14 2015
2.00, 0.00, 0.00, 0.00 , -2.288044E-011, -4.420280E-012, -4.165293E-011, -8.994340E-014, 2.150400E+004 1.570926E+074 2.150400E+004, Sun Jul 26 13:48:19 2015
