0.00, 0.00, 0.40, 0.00 , -3.237569E-011, 1.246880E-012, -2.291073E-011, -1.091470E-012, 2.150400E+004 1.570926E+074 2.150400E+004, Mon Aug 03 17:58:53 2015
0.05, 0.00, 0.40, 0.00 , -3.423252E-011, 7.701400E-013, -2.592963E-011, -1.163170E-012, 2.150400E+004 1.570926E+074 2.150400E+004, Mon Aug 03 17:59:44 2015
0.10, 0.00, 0.40, 0.00 , -2.942169E-011, -8.445980E-014, -3.175784E-011, -1.846550E-012, 2.150400E+004 1.570926E+074 2.150400E+004, Mon Aug 03 18:00:12 2015
0.15, 0.00, 0.40, 0.00 , -3.385270E-011, -4.205350E-013, -3.129661E-011, -1.815870E-012, 2.150400E+004 1.570926E+074 2.150400E+004, Mon Aug 03 18:00:38 2015
0.20, 0.00, 0.40, 0.00 , -3.397927E-011, -8.906960E-013, -2.710366E-011, -5.345700E-013, 2.150400E+004 1.570926E+074 2.150400E+004, Mon Aug 03 18:00:56 2015
0.25, 0.00, 0.40, 0.00 , -3.199591E-011, -5.399820E-013, -2.299458E-011, -7.700680E-013, 2.150400E+004 1.570926E+074 2.150400E+004, Mon Aug 03 18:01:07 2015
0.30, 0.00, 0.40, 0.00 , -2.908412E-011, -4.073740E-013, -2.341386E-011, -1.205090E-013, 2.150400E+004 1.570926E+074 2.150400E+004, Mon Aug 03 18:02:01 2015
0.35, 0.00, 0.40, 0.00 , -2.688974E-011, -7.952450E-014, -2.383316E-011, -4.388810E-013, 2.150400E+004 1.570926E+074 2.150400E+004, Mon Aug 03 18:02:26 2015
0.40, 0.00, 0.40, 0.00 , -2.832452E-011, 1.071100E-013, -2.458789E-011, -3.933550E-013, 2.150400E+004 1.570926E+074 2.150400E+004, Mon Aug 03 18:02:38 2015
0.45, 0.00, 0.40, 0.00 , -2.537052E-011, -4.294750E-013, -2.613928E-011, -5.796430E-013, 2.150400E+004 1.570926E+074 2.150400E+004, Mon Aug 03 18:02:47 2015
0.50, 0.00, 0.40, 0.00 , -2.832453E-011, 2.766610E-013, -3.238677E-011, -1.878700E-012, 2.150400E+004 1.570926E+074 2.150400E+004, Mon Aug 03 18:03:09 2015
0.55, 0.00, 0.40, 0.00 , -2.929510E-011, -1.489060E-012, -2.940977E-011, -1.631890E-012, 2.150400E+004 1.570926E+074 2.150400E+004, Mon Aug 03 18:03:27 2015
0.60, 0.00, 0.40, 0.00 , -2.857772E-011, 2.684710E-013, -2.852926E-011, -8.596900E-013, 2.150400E+004 1.570926E+074 2.150400E+004, Mon Aug 03 18:04:01 2015
0.65, 0.00, 0.40, 0.00 , -2.380912E-011, -1.544190E-012, -2.534262E-011, -1.349840E-012, 2.150400E+004 1.570926E+074 2.150400E+004, Mon Aug 03 18:04:16 2015
0.70, 0.00, 0.40, 0.00 , -3.026570E-011, -1.589420E-012, -2.915820E-011, -1.624070E-012, 2.150400E+004 1.570926E+074 2.150400E+004, Mon Aug 03 18:04:54 2015
0.75, 0.00, 0.40, 0.00 , -2.309176E-011, -1.292230E-012, -2.584577E-011, -1.250700E-012, 2.150400E+004 1.570926E+074 2.150400E+004, Mon Aug 03 18:05:19 2015
0.80, 0.00, 0.40, 0.00 , -2.655210E-011, 4.792090E-013, -2.534262E-011, -1.090420E-012, 2.150400E+004 1.570926E+074 2.150400E+004, Mon Aug 03 18:05:25 2015
0.85, 0.00, 0.40, 0.00 , -1.485501E-012, -1.582340E-012, -1.167477E-011, -1.557580E-012, 2.150400E+004 1.570926E+074 2.150400E+004, Mon Aug 03 18:07:39 2015
0.90, 0.00, 0.40, 0.00 , -2.456871E-011, 1.096610E-013, -2.634892E-011, -6.685500E-013, 2.150400E+004 1.570926E+074 2.150400E+004, Mon Aug 03 18:09:01 2015
0.95, 0.00, 0.40, 0.00 , -2.748049E-011, -2.596020E-013, -3.217711E-011, -2.560600E-012, 2.150400E+004 1.570926E+074 2.150400E+004, Mon Aug 03 18:09:49 2015
1.00, 0.00, 0.40, 0.00 , -2.693190E-011, 1.042650E-012, -3.418972E-011, -1.537750E-012, 2.150400E+004 1.570926E+074 2.150400E+004, Mon Aug 03 18:10:20 2015
1.05, 0.00, 0.40, 0.00 , -8.068644E-012, -1.064420E-012, -1.628654E-011, -1.546490E-012, 2.150400E+004 1.570926E+074 2.150400E+004, Mon Aug 03 18:10:41 2015
1.10, 0.00, 0.40, 0.00 , -2.802908E-011, -1.727820E-013, -3.553147E-011, -2.417470E-012, 2.150400E+004 1.570926E+074 2.150400E+004, Mon Aug 03 18:10:47 2015
1.15, 0.00, 0.40, 0.00 , -1.891395E-011, 1.043420E-012, -2.333000E-011, -1.532260E-012, 2.150400E+004 1.570926E+074 2.150400E+004, Mon Aug 03 18:10:54 2015
1.20, 0.00, 0.40, 0.00 , -2.271193E-011, -1.960280E-013, -2.169489E-011, -7.208820E-013, 2.150400E+004 1.570926E+074 2.150400E+004, Mon Aug 03 18:11:13 2015
1.25, 0.00, 0.40, 0.00 , -7.688844E-012, -4.978900E-013, -2.672629E-011, -2.564800E-012, 2.150400E+004 1.570926E+074 2.150400E+004, Mon Aug 03 18:11:26 2015
1.30, 0.00, 0.40, 0.00 , -2.313393E-011, 7.165670E-014, -3.259641E-011, -2.322410E-012, 2.150400E+004 1.570926E+074 2.150400E+004, Mon Aug 03 18:11:35 2015
1.35, 0.00, 0.40, 0.00 , -2.186793E-011, -1.587800E-012, -2.701979E-011, -2.224170E-012, 2.150400E+004 1.570926E+074 2.150400E+004, Mon Aug 03 18:11:41 2015
1.40, 0.00, 0.40, 0.00 , -2.680529E-011, -4.558210E-013, -2.756488E-011, -1.041470E-012, 2.150400E+004 1.570926E+074 2.150400E+004, Mon Aug 03 18:12:11 2015
1.45, 0.00, 0.40, 0.00 , -4.523875E-012, 1.092120E-012, -2.232377E-011, -1.715610E-012, 2.150400E+004 1.570926E+074 2.150400E+004, Mon Aug 03 18:12:17 2015
1.50, 0.00, 0.40, 0.00 , -2.372474E-011, -1.272800E-013, -2.722944E-011, -6.836530E-013, 2.150400E+004 1.570926E+074 2.150400E+004, Mon Aug 03 18:12:23 2015
1.55, 0.00, 0.40, 0.00 , -2.148813E-011, -1.646160E-012, -2.899048E-011, -1.935460E-012, 2.150400E+004 1.570926E+074 2.150400E+004, Mon Aug 03 18:12:28 2015
1.60, 0.00, 0.40, 0.00 , -1.697279E-011, -1.544570E-012, -2.890662E-011, -2.200480E-012, 2.150400E+004 1.570926E+074 2.150400E+004, Mon Aug 03 18:13:06 2015
1.65, 0.00, 0.40, 0.00 , -2.271192E-011, -8.436800E-013, -3.179975E-011, -2.344660E-012, 2.150400E+004 1.570926E+074 2.150400E+004, Mon Aug 03 18:13:51 2015
1.70, 0.00, 0.40, 0.00 , 8.599681E-012, -1.109860E-012, -9.159249E-012, -2.280820E-012, 2.150400E+004 1.570926E+074 2.150400E+004, Mon Aug 03 18:14:07 2015
1.75, 0.00, 0.40, 0.00 , 5.941319E-012, -3.813620E-013, -9.955827E-012, -2.121040E-012, 2.150400E+004 1.570926E+074 2.150400E+004, Mon Aug 03 18:14:10 2015
1.80, 0.00, 0.40, 0.00 , -3.046886E-012, -7.815840E-013, -1.071049E-011, -1.815630E-012, 2.150400E+004 1.570926E+074 2.150400E+004, Mon Aug 03 18:14:17 2015
1.85, 0.00, 0.40, 0.00 , -1.604439E-011, 1.132490E-012, -2.790031E-011, -1.905120E-012, 2.150400E+004 1.570926E+074 2.150400E+004, Mon Aug 03 18:14:40 2015
1.90, 0.00, 0.40, 0.00 , -5.789867E-012, 8.998870E-013, -2.291073E-011, -1.624820E-012, 2.150400E+004 1.570926E+074 2.150400E+004, Mon Aug 03 18:14:49 2015
1.95, 0.00, 0.40, 0.00 , -7.646658E-012, 5.844000E-013, -2.655857E-011, -2.307650E-012, 2.150400E+004 1.570926E+074 2.150400E+004, Mon Aug 03 18:14:52 2015
2.00, 0.00, 0.40, 0.00 , -8.532847E-012, -1.606700E-013, -3.418973E-011, -2.962710E-012, 2.150400E+004 1.570926E+074 2.150400E+004, Mon Aug 03 18:14:56 2015
