0.00, 0.00, 1.60, 0.00 , 5.229101E-009, -5.288820E-009, -2.869690E-011, -1.008390E-013, 2.150400E+004 1.570926E+074 2.150400E+004, Sun Jul 26 13:59:55 2015
0.05, 0.00, 1.60, 0.00 , 2.283273E-006, -2.247870E-006, -2.928390E-011, -9.986160E-014, 2.150400E+004 1.570926E+074 2.150400E+004, Sun Jul 26 13:59:59 2015
0.10, 0.00, 1.60, 0.00 , 4.346693E-006, -4.346440E-006, -2.932584E-011, -9.019370E-014, 2.150400E+004 1.570926E+074 2.150400E+004, Sun Jul 26 14:00:02 2015
0.15, 0.00, 1.60, 0.00 , 6.175560E-006, -6.175240E-006, -2.827761E-011, -9.697680E-014, 2.150400E+004 1.570926E+074 2.150400E+004, Sun Jul 26 14:00:06 2015
0.20, 0.00, 1.60, 0.00 , 7.762826E-006, -7.761650E-006, -2.710360E-011, -1.057740E-013, 2.150400E+004 1.570926E+074 2.150400E+004, Sun Jul 26 14:00:09 2015
0.25, 0.00, 1.60, 0.00 , 9.112719E-006, -9.112770E-006, -2.848726E-011, -1.012680E-013, 2.150400E+004 1.570926E+074 2.150400E+004, Sun Jul 26 14:00:13 2015
0.30, 0.00, 1.60, 0.00 , 1.024116E-005, -1.024730E-005, -2.869690E-011, -8.817910E-014, 2.150400E+004 1.570926E+074 2.150400E+004, Sun Jul 26 14:00:16 2015
0.35, 0.00, 1.60, 0.00 , 1.115990E-005, -1.116550E-005, -2.991284E-011, -9.514090E-014, 2.150400E+004 1.570926E+074 2.150400E+004, Sun Jul 26 14:00:20 2015
0.40, 0.00, 1.60, 0.00 , 1.188839E-005, -1.189480E-005, -2.949355E-011, -8.862020E-014, 2.150400E+004 1.570926E+074 2.150400E+004, Sun Jul 26 14:00:24 2015
0.45, 0.00, 1.60, 0.00 , 1.244245E-005, -1.244780E-005, -2.844533E-011, -9.464030E-014, 2.150400E+004 1.570926E+074 2.150400E+004, Sun Jul 26 14:00:27 2015
0.50, 0.00, 1.60, 0.00 , 1.283985E-005, -1.284610E-005, -2.609731E-011, -1.001360E-013, 2.150400E+004 1.570926E+074 2.150400E+004, Sun Jul 26 14:00:31 2015
0.55, 0.00, 1.60, 0.00 , 1.311091E-005, -1.311680E-005, -2.932583E-011, -8.786920E-014, 2.150400E+004 1.570926E+074 2.150400E+004, Sun Jul 26 14:00:34 2015
0.60, 0.00, 1.60, 0.00 , 1.328135E-005, -1.328700E-005, -2.781639E-011, -1.093510E-013, 2.150400E+004 1.570926E+074 2.150400E+004, Sun Jul 26 14:00:38 2015
0.65, 0.00, 1.60, 0.00 , 1.338022E-005, -1.338760E-005, -2.928391E-011, -7.082220E-014, 2.150400E+004 1.570926E+074 2.150400E+004, Sun Jul 26 14:00:41 2015
0.70, 0.00, 1.60, 0.00 , 1.343676E-005, -1.344240E-005, -2.920005E-011, -7.475610E-014, 2.150400E+004 1.570926E+074 2.150400E+004, Sun Jul 26 14:00:45 2015
0.75, 0.00, 1.60, 0.00 , 1.346852E-005, -1.347480E-005, -3.029020E-011, -1.181360E-013, 2.150400E+004 1.570926E+074 2.150400E+004, Sun Jul 26 14:00:48 2015
0.80, 0.00, 1.60, 0.00 , 1.348838E-005, -1.349380E-005, -2.920005E-011, -9.709600E-014, 2.150400E+004 1.570926E+074 2.150400E+004, Sun Jul 26 14:00:52 2015
0.85, 0.00, 1.60, 0.00 , 1.350145E-005, -1.350930E-005, -2.961933E-011, -9.771590E-014, 2.150400E+004 1.570926E+074 2.150400E+004, Sun Jul 26 14:00:55 2015
0.90, 0.00, 1.60, 0.00 , 1.351291E-005, -1.351790E-005, -3.020634E-011, -9.219650E-014, 2.150400E+004 1.570926E+074 2.150400E+004, Sun Jul 26 14:00:59 2015
0.95, 0.00, 1.60, 0.00 , 1.352065E-005, -1.352700E-005, -3.054177E-011, -1.076460E-013, 2.150400E+004 1.570926E+074 2.150400E+004, Sun Jul 26 14:01:03 2015
1.00, 0.00, 1.60, 0.00 , 1.353067E-005, -1.353620E-005, -3.024827E-011, -8.676050E-014, 2.150400E+004 1.570926E+074 2.150400E+004, Sun Jul 26 14:01:06 2015
1.05, 0.00, 1.60, 0.00 , 1.353858E-005, -1.354480E-005, -3.033213E-011, -7.257460E-014, 2.150400E+004 1.570926E+074 2.150400E+004, Sun Jul 26 14:01:10 2015
1.10, 0.00, 1.60, 0.00 , 1.354967E-005, -1.355530E-005, -3.075141E-011, -1.051900E-013, 2.150400E+004 1.570926E+074 2.150400E+004, Sun Jul 26 14:01:13 2015
1.15, 0.00, 1.60, 0.00 , 1.355678E-005, -1.356360E-005, -2.999670E-011, -1.030330E-013, 2.150400E+004 1.570926E+074 2.150400E+004, Sun Jul 26 14:01:17 2015
1.20, 0.00, 1.60, 0.00 , 1.356540E-005, -1.357140E-005, -3.041598E-011, -1.029610E-013, 2.150400E+004 1.570926E+074 2.150400E+004, Sun Jul 26 14:01:20 2015
1.25, 0.00, 1.60, 0.00 , 1.357153E-005, -1.357460E-005, -3.066756E-011, -8.668900E-014, 2.150400E+004 1.570926E+074 2.150400E+004, Sun Jul 26 14:01:24 2015
1.30, 0.00, 1.60, 0.00 , 1.357896E-005, -1.358370E-005, -3.100298E-011, -1.146550E-013, 2.150400E+004 1.570926E+074 2.150400E+004, Sun Jul 26 14:01:27 2015
1.35, 0.00, 1.60, 0.00 , 1.358680E-005, -1.359260E-005, -3.033213E-011, -8.970500E-014, 2.150400E+004 1.570926E+074 2.150400E+004, Sun Jul 26 14:01:31 2015
1.40, 0.00, 1.60, 0.00 , 1.359437E-005, -1.359990E-005, -2.945162E-011, -8.844140E-014, 2.150400E+004 1.570926E+074 2.150400E+004, Sun Jul 26 14:01:35 2015
1.45, 0.00, 1.60, 0.00 , 1.359602E-005, -1.360300E-005, -3.012248E-011, -1.009580E-013, 2.150400E+004 1.570926E+074 2.150400E+004, Sun Jul 26 14:01:38 2015
1.50, 0.00, 1.60, 0.00 , 1.360627E-005, -1.361260E-005, -3.242857E-011, -1.138930E-013, 2.150400E+004 1.570926E+074 2.150400E+004, Sun Jul 26 14:01:42 2015
1.55, 0.00, 1.60, 0.00 , 1.361335E-005, -1.361900E-005, -3.045792E-011, -7.160900E-014, 2.150400E+004 1.570926E+074 2.150400E+004, Sun Jul 26 14:01:45 2015
1.60, 0.00, 1.60, 0.00 , 1.362204E-005, -1.362780E-005, -3.192542E-011, -7.625820E-014, 2.150400E+004 1.570926E+074 2.150400E+004, Sun Jul 26 14:01:49 2015
1.65, 0.00, 1.60, 0.00 , 1.363284E-005, -1.364060E-005, -3.054177E-011, -8.641480E-014, 2.150400E+004 1.570926E+074 2.150400E+004, Sun Jul 26 14:01:52 2015
1.70, 0.00, 1.60, 0.00 , 1.365403E-005, -1.365990E-005, -3.188350E-011, -1.041770E-013, 2.150400E+004 1.570926E+074 2.150400E+004, Sun Jul 26 14:01:56 2015
1.75, 0.00, 1.60, 0.00 , 1.369234E-005, -1.369680E-005, -3.142228E-011, -7.463690E-014, 2.150400E+004 1.570926E+074 2.150400E+004, Sun Jul 26 14:01:59 2015
1.80, 0.00, 1.60, 0.00 , 1.377005E-005, -1.377480E-005, -3.167385E-011, -6.632800E-014, 2.150400E+004 1.570926E+074 2.150400E+004, Sun Jul 26 14:02:03 2015
1.85, 0.00, 1.60, 0.00 , 1.391242E-005, -1.391770E-005, -3.142227E-011, -8.924010E-014, 2.150400E+004 1.570926E+074 2.150400E+004, Sun Jul 26 14:02:06 2015
1.90, 0.00, 1.60, 0.00 , 1.412751E-005, -1.413320E-005, -3.205121E-011, -9.747740E-014, 2.150400E+004 1.570926E+074 2.150400E+004, Sun Jul 26 14:02:10 2015
1.95, 0.00, 1.60, 0.00 , 1.441634E-005, -1.442090E-005, -3.192542E-011, -8.549690E-014, 2.150400E+004 1.570926E+074 2.150400E+004, Sun Jul 26 14:02:14 2015
2.00, 0.00, 1.60, 0.00 , 1.475385E-005, -1.475750E-005, -3.079334E-011, -8.084770E-014, 2.150400E+004 1.570926E+074 2.150400E+004, Sun Jul 26 14:02:17 2015
