0.00, 0.00, 2.00, 0.00 , 1.534376E-007, -1.531650E-007, -3.117068E-011, -3.870370E-013, 2.150400E+004 1.570926E+074 2.150400E+004, Sun Jul 26 16:04:02 2015
0.05, 0.00, 2.00, 0.00 , 8.091838E-005, -8.092140E-005, -3.133839E-011, -3.939990E-013, 2.150400E+004 1.570926E+074 2.150400E+004, Sun Jul 26 16:04:06 2015
0.10, 0.00, 2.00, 0.00 , 1.597609E-004, -1.597290E-004, -3.255432E-011, -4.255410E-013, 2.150400E+004 1.570926E+074 2.150400E+004, Sun Jul 26 16:04:10 2015
0.15, 0.00, 2.00, 0.00 , 2.361961E-004, -2.361810E-004, -3.108682E-011, -4.372600E-013, 2.150400E+004 1.570926E+074 2.150400E+004, Sun Jul 26 16:04:13 2015
0.20, 0.00, 2.00, 0.00 , 3.101143E-004, -3.101400E-004, -3.154805E-011, -4.431490E-013, 2.150400E+004 1.570926E+074 2.150400E+004, Sun Jul 26 16:04:17 2015
0.25, 0.00, 2.00, 0.00 , 3.813499E-004, -3.812880E-004, -3.083525E-011, -4.600290E-013, 2.150400E+004 1.570926E+074 2.150400E+004, Sun Jul 26 16:04:20 2015
0.30, 0.00, 2.00, 0.00 , 4.496576E-004, -4.495720E-004, -3.200926E-011, -4.827500E-013, 2.150400E+004 1.570926E+074 2.150400E+004, Sun Jul 26 16:04:24 2015
0.35, 0.00, 2.00, 0.00 , 5.145279E-004, -5.144200E-004, -3.251240E-011, -4.781720E-013, 2.150400E+004 1.570926E+074 2.150400E+004, Sun Jul 26 16:04:27 2015
0.40, 0.00, 2.00, 0.00 , 5.757494E-004, -5.756130E-004, -3.125454E-011, -4.990340E-013, 2.150400E+004 1.570926E+074 2.150400E+004, Sun Jul 26 16:04:31 2015
0.45, 0.00, 2.00, 0.00 , 6.326564E-004, -6.326450E-004, -3.129647E-011, -5.344270E-013, 2.150400E+004 1.570926E+074 2.150400E+004, Sun Jul 26 16:04:34 2015
0.50, 0.00, 2.00, 0.00 , 6.852515E-004, -6.851500E-004, -3.276398E-011, -5.277400E-013, 2.150400E+004 1.570926E+074 2.150400E+004, Sun Jul 26 16:04:38 2015
0.55, 0.00, 2.00, 0.00 , 7.332012E-004, -7.332430E-004, -3.276398E-011, -4.995820E-013, 2.150400E+004 1.570926E+074 2.150400E+004, Sun Jul 26 16:04:42 2015
0.60, 0.00, 2.00, 0.00 , 7.767950E-004, -7.768640E-004, -3.158997E-011, -5.297060E-013, 2.150400E+004 1.570926E+074 2.150400E+004, Sun Jul 26 16:04:45 2015
0.65, 0.00, 2.00, 0.00 , 8.159424E-004, -8.157370E-004, -3.284783E-011, -5.163190E-013, 2.150400E+004 1.570926E+074 2.150400E+004, Sun Jul 26 16:04:49 2015
0.70, 0.00, 2.00, 0.00 , 8.504886E-004, -8.504020E-004, -3.184154E-011, -5.482550E-013, 2.150400E+004 1.570926E+074 2.150400E+004, Sun Jul 26 16:04:52 2015
0.75, 0.00, 2.00, 0.00 , 8.807948E-004, -8.806430E-004, -3.171576E-011, -5.066160E-013, 2.150400E+004 1.570926E+074 2.150400E+004, Sun Jul 26 16:04:56 2015
0.80, 0.00, 2.00, 0.00 , 9.071290E-004, -9.071340E-004, -3.255433E-011, -5.594490E-013, 2.150400E+004 1.570926E+074 2.150400E+004, Sun Jul 26 16:04:59 2015
0.85, 0.00, 2.00, 0.00 , 9.298498E-004, -9.297240E-004, -3.259626E-011, -5.459670E-013, 2.150400E+004 1.570926E+074 2.150400E+004, Sun Jul 26 16:05:03 2015
0.90, 0.00, 2.00, 0.00 , 9.490193E-004, -9.489340E-004, -3.314133E-011, -5.615470E-013, 2.150400E+004 1.570926E+074 2.150400E+004, Sun Jul 26 16:05:06 2015
0.95, 0.00, 2.00, 0.00 , 9.656527E-004, -9.655560E-004, -3.259626E-011, -5.886550E-013, 2.150400E+004 1.570926E+074 2.150400E+004, Sun Jul 26 16:05:10 2015
1.00, 0.00, 2.00, 0.00 , 9.792914E-004, -9.791160E-004, -3.335098E-011, -5.622980E-013, 2.150400E+004 1.570926E+074 2.150400E+004, Sun Jul 26 16:05:13 2015
1.05, 0.00, 2.00, 0.00 , 9.909144E-004, -9.908930E-004, -3.167383E-011, -6.055470E-013, 2.150400E+004 1.570926E+074 2.150400E+004, Sun Jul 26 16:05:17 2015
1.10, 0.00, 2.00, 0.00 , 1.001196E-003, -1.002190E-003, -3.309941E-011, -6.226420E-013, 2.150400E+004 1.570926E+074 2.150400E+004, Sun Jul 26 16:05:21 2015
1.15, 0.00, 2.00, 0.00 , 1.009721E-003, -1.010680E-003, -3.330906E-011, -5.707030E-013, 2.150400E+004 1.570926E+074 2.150400E+004, Sun Jul 26 16:05:24 2015
1.20, 0.00, 2.00, 0.00 , 1.017198E-003, -1.018060E-003, -3.263819E-011, -6.775860E-013, 2.150400E+004 1.570926E+074 2.150400E+004, Sun Jul 26 16:05:28 2015
1.25, 0.00, 2.00, 0.00 , 1.023675E-003, -1.024540E-003, -3.293169E-011, -6.338950E-013, 2.150400E+004 1.570926E+074 2.150400E+004, Sun Jul 26 16:05:31 2015
1.30, 0.00, 2.00, 0.00 , 1.029326E-003, -1.030250E-003, -3.318327E-011, -6.433730E-013, 2.150400E+004 1.570926E+074 2.150400E+004, Sun Jul 26 16:05:35 2015
1.35, 0.00, 2.00, 0.00 , 1.034477E-003, -1.035540E-003, -3.389606E-011, -7.306220E-013, 2.150400E+004 1.570926E+074 2.150400E+004, Sun Jul 26 16:05:38 2015
1.40, 0.00, 2.00, 0.00 , 1.039422E-003, -1.040320E-003, -3.179962E-011, -8.902070E-013, 2.150400E+004 1.570926E+074 2.150400E+004, Sun Jul 26 16:05:42 2015
1.45, 0.00, 2.00, 0.00 , 1.043424E-003, -1.044340E-003, -3.314134E-011, -1.226540E-012, 2.150400E+004 1.570926E+074 2.150400E+004, Sun Jul 26 16:05:45 2015
1.50, 0.00, 2.00, 0.00 , 1.047043E-003, -1.048250E-003, -3.280590E-011, -1.915550E-012, 2.150400E+004 1.570926E+074 2.150400E+004, Sun Jul 26 16:05:49 2015
1.55, 0.00, 2.00, 0.00 , 1.050806E-003, -1.051780E-003, -3.309941E-011, -3.341620E-012, 2.150400E+004 1.570926E+074 2.150400E+004, Sun Jul 26 16:05:53 2015
1.60, 0.00, 2.00, 0.00 , 1.054106E-003, -1.055120E-003, -3.154805E-011, -6.041110E-012, 2.150400E+004 1.570926E+074 2.150400E+004, Sun Jul 26 16:05:56 2015
1.65, 0.00, 2.00, 0.00 , 1.057638E-003, -1.058500E-003, -3.276398E-011, -1.109010E-011, 2.150400E+004 1.570926E+074 2.150400E+004, Sun Jul 26 16:06:00 2015
1.70, 0.00, 2.00, 0.00 , 1.060672E-003, -1.061810E-003, -3.284783E-011, -2.031590E-011, 2.150400E+004 1.570926E+074 2.150400E+004, Sun Jul 26 16:06:03 2015
1.75, 0.00, 2.00, 0.00 , 1.063977E-003, -1.064920E-003, -3.217698E-011, -3.665100E-011, 2.150400E+004 1.570926E+074 2.150400E+004, Sun Jul 26 16:06:07 2015
1.80, 0.00, 2.00, 0.00 , 1.067093E-003, -1.068150E-003, -3.347676E-011, -6.441710E-011, 2.150400E+004 1.570926E+074 2.150400E+004, Sun Jul 26 16:06:10 2015
1.85, 0.00, 2.00, 0.00 , 1.070041E-003, -1.070970E-003, -3.343484E-011, -1.124480E-010, 2.150400E+004 1.570926E+074 2.150400E+004, Sun Jul 26 16:06:15 2015
1.90, 0.00, 2.00, 0.00 , 1.073137E-003, -1.073970E-003, -3.293170E-011, -1.888340E-010, 2.150400E+004 1.570926E+074 2.150400E+004, Sun Jul 26 16:06:19 2015
1.95, 0.00, 2.00, 0.00 , 1.076295E-003, -1.077450E-003, -3.255433E-011, -3.087340E-010, 2.150400E+004 1.570926E+074 2.150400E+004, Sun Jul 26 16:06:22 2015
2.00, 0.00, 2.00, 0.00 , 1.079420E-003, -1.080400E-003, -3.335097E-011, -4.987150E-010, 2.150400E+004 1.570926E+074 2.150400E+004, Sun Jul 26 16:06:25 2015
