0.00, 0.00, 0.80, 0.00 , 9.202363E-009, -9.768510E-009, -3.507006E-011, -2.034190E-013, 2.150400E+004 1.570926E+074 2.150400E+004, Sun Jul 26 15:56:36 2015
0.05, 0.00, 0.80, 0.00 , 1.212661E-006, -1.205360E-006, -3.448306E-011, -1.821640E-013, 2.150400E+004 1.570926E+074 2.150400E+004, Sun Jul 26 15:56:40 2015
0.10, 0.00, 0.80, 0.00 , 1.705642E-006, -1.704170E-006, -3.431534E-011, -2.280120E-013, 2.150400E+004 1.570926E+074 2.150400E+004, Sun Jul 26 15:56:43 2015
0.15, 0.00, 0.80, 0.00 , 1.969162E-006, -1.968200E-006, -3.494427E-011, -2.333640E-013, 2.150400E+004 1.570926E+074 2.150400E+004, Sun Jul 26 15:56:47 2015
0.20, 0.00, 0.80, 0.00 , 2.151470E-006, -2.155110E-006, -3.574092E-011, -2.546190E-013, 2.150400E+004 1.570926E+074 2.150400E+004, Sun Jul 26 15:56:50 2015
0.25, 0.00, 0.80, 0.00 , 2.326824E-006, -2.337150E-006, -3.674721E-011, -2.689480E-013, 2.150400E+004 1.570926E+074 2.150400E+004, Sun Jul 26 15:56:54 2015
0.30, 0.00, 0.80, 0.00 , 2.487412E-006, -2.487490E-006, -3.649564E-011, -2.812270E-013, 2.150400E+004 1.570926E+074 2.150400E+004, Sun Jul 26 15:56:57 2015
0.35, 0.00, 0.80, 0.00 , 2.631268E-006, -2.637220E-006, -3.511199E-011, -2.945540E-013, 2.150400E+004 1.570926E+074 2.150400E+004, Sun Jul 26 15:57:01 2015
0.40, 0.00, 0.80, 0.00 , 2.790802E-006, -2.789440E-006, -3.473464E-011, -2.902030E-013, 2.150400E+004 1.570926E+074 2.150400E+004, Sun Jul 26 15:57:04 2015
0.45, 0.00, 0.80, 0.00 , 2.930707E-006, -2.947750E-006, -3.469270E-011, -3.455280E-013, 2.150400E+004 1.570926E+074 2.150400E+004, Sun Jul 26 15:57:08 2015
0.50, 0.00, 0.80, 0.00 , 3.082706E-006, -3.087320E-006, -3.481848E-011, -3.295420E-013, 2.150400E+004 1.570926E+074 2.150400E+004, Sun Jul 26 15:57:12 2015
0.55, 0.00, 0.80, 0.00 , 3.236450E-006, -3.235540E-006, -3.473463E-011, -3.621700E-013, 2.150400E+004 1.570926E+074 2.150400E+004, Sun Jul 26 15:57:15 2015
0.60, 0.00, 0.80, 0.00 , 3.394412E-006, -3.396110E-006, -3.527970E-011, -3.679390E-013, 2.150400E+004 1.570926E+074 2.150400E+004, Sun Jul 26 15:57:19 2015
0.65, 0.00, 0.80, 0.00 , 3.540826E-006, -3.532550E-006, -3.586671E-011, -3.689650E-013, 2.150400E+004 1.570926E+074 2.150400E+004, Sun Jul 26 15:57:22 2015
0.70, 0.00, 0.80, 0.00 , 3.698599E-006, -3.690410E-006, -3.548935E-011, -4.000660E-013, 2.150400E+004 1.570926E+074 2.150400E+004, Sun Jul 26 15:57:26 2015
0.75, 0.00, 0.80, 0.00 , 3.840947E-006, -3.847200E-006, -3.502813E-011, -4.123450E-013, 2.150400E+004 1.570926E+074 2.150400E+004, Sun Jul 26 15:57:29 2015
0.80, 0.00, 0.80, 0.00 , 3.985264E-006, -4.002280E-006, -3.553128E-011, -4.061220E-013, 2.150400E+004 1.570926E+074 2.150400E+004, Sun Jul 26 15:57:33 2015
0.85, 0.00, 0.80, 0.00 , 4.184300E-006, -4.181930E-006, -3.481848E-011, -4.212380E-013, 2.150400E+004 1.570926E+074 2.150400E+004, Sun Jul 26 15:57:36 2015
0.90, 0.00, 0.80, 0.00 , 4.307616E-006, -4.308690E-006, -3.427341E-011, -4.640700E-013, 2.150400E+004 1.570926E+074 2.150400E+004, Sun Jul 26 15:57:40 2015
0.95, 0.00, 0.80, 0.00 , 4.475387E-006, -4.471640E-006, -3.444113E-011, -4.645230E-013, 2.150400E+004 1.570926E+074 2.150400E+004, Sun Jul 26 15:57:44 2015
1.00, 0.00, 0.80, 0.00 , 4.631415E-006, -4.639730E-006, -3.473463E-011, -4.914520E-013, 2.150400E+004 1.570926E+074 2.150400E+004, Sun Jul 26 15:57:47 2015
1.05, 0.00, 0.80, 0.00 , 4.801193E-006, -4.798160E-006, -3.557320E-011, -6.145720E-013, 2.150400E+004 1.570926E+074 2.150400E+004, Sun Jul 26 15:57:51 2015
1.10, 0.00, 0.80, 0.00 , 4.962446E-006, -4.975810E-006, -3.548935E-011, -8.023140E-013, 2.150400E+004 1.570926E+074 2.150400E+004, Sun Jul 26 15:57:54 2015
1.15, 0.00, 0.80, 0.00 , 5.147741E-006, -5.146870E-006, -3.427341E-011, -1.293100E-012, 2.150400E+004 1.570926E+074 2.150400E+004, Sun Jul 26 15:57:58 2015
1.20, 0.00, 0.80, 0.00 , 5.355465E-006, -5.372130E-006, -3.574090E-011, -2.409700E-012, 2.150400E+004 1.570926E+074 2.150400E+004, Sun Jul 26 15:58:01 2015
1.25, 0.00, 0.80, 0.00 , 5.548591E-006, -5.531200E-006, -3.523778E-011, -4.763140E-012, 2.150400E+004 1.570926E+074 2.150400E+004, Sun Jul 26 15:58:05 2015
1.30, 0.00, 0.80, 0.00 , 5.784616E-006, -5.774870E-006, -3.574092E-011, -9.598890E-012, 2.150400E+004 1.570926E+074 2.150400E+004, Sun Jul 26 15:58:08 2015
1.35, 0.00, 0.80, 0.00 , 6.034444E-006, -6.015620E-006, -3.515392E-011, -1.894270E-011, 2.150400E+004 1.570926E+074 2.150400E+004, Sun Jul 26 15:58:12 2015
1.40, 0.00, 0.80, 0.00 , 6.350461E-006, -6.328650E-006, -3.548934E-011, -3.609670E-011, 2.150400E+004 1.570926E+074 2.150400E+004, Sun Jul 26 15:58:15 2015
1.45, 0.00, 0.80, 0.00 , 6.609684E-006, -6.623830E-006, -3.704071E-011, -6.655670E-011, 2.150400E+004 1.570926E+074 2.150400E+004, Sun Jul 26 15:58:19 2015
1.50, 0.00, 0.80, 0.00 , 6.971137E-006, -6.968560E-006, -3.540549E-011, -1.180080E-010, 2.150400E+004 1.570926E+074 2.150400E+004, Sun Jul 26 15:58:24 2015
1.55, 0.00, 0.80, 0.00 , 7.389852E-006, -7.386010E-006, -3.603443E-011, -2.009130E-010, 2.150400E+004 1.570926E+074 2.150400E+004, Sun Jul 26 15:58:27 2015
1.60, 0.00, 0.80, 0.00 , 7.784307E-006, -7.789190E-006, -3.477655E-011, -3.306750E-010, 2.150400E+004 1.570926E+074 2.150400E+004, Sun Jul 26 15:58:31 2015
1.65, 0.00, 0.80, 0.00 , 8.233620E-006, -8.241460E-006, -3.486041E-011, -5.258940E-010, 2.150400E+004 1.570926E+074 2.150400E+004, Sun Jul 26 15:58:34 2015
1.70, 0.00, 0.80, 0.00 , 8.732674E-006, -8.732880E-006, -3.473463E-011, -8.159910E-010, 2.150400E+004 1.570926E+074 2.150400E+004, Sun Jul 26 15:58:37 2015
1.75, 0.00, 0.80, 0.00 , 9.275733E-006, -9.273660E-006, -3.645370E-011, -1.233390E-009, 2.150400E+004 1.570926E+074 2.150400E+004, Sun Jul 26 15:58:40 2015
1.80, 0.00, 0.80, 0.00 , 9.819120E-006, -9.839200E-006, -3.561513E-011, -1.818210E-009, 2.150400E+004 1.570926E+074 2.150400E+004, Sun Jul 26 15:58:43 2015
1.85, 0.00, 0.80, 0.00 , 1.049888E-005, -1.051260E-005, -3.523777E-011, -2.636480E-009, 2.150400E+004 1.570926E+074 2.150400E+004, Sun Jul 26 15:58:45 2015
1.90, 0.00, 0.80, 0.00 , 1.130509E-005, -1.130560E-005, -3.616020E-011, -3.761880E-009, 2.150400E+004 1.570926E+074 2.150400E+004, Sun Jul 26 15:58:48 2015
1.95, 0.00, 0.80, 0.00 , 1.215486E-005, -1.215390E-005, -3.691493E-011, -5.293160E-009, 2.150400E+004 1.570926E+074 2.150400E+004, Sun Jul 26 15:58:50 2015
2.00, 0.00, 0.80, 0.00 , 1.318126E-005, -1.314430E-005, -3.578285E-011, -7.379900E-009, 2.150400E+004 1.570926E+074 2.150400E+004, Sun Jul 26 15:58:53 2015
