0.00, 0.00, 1.20, 0.00 , 8.365503E-008, -7.885710E-008, -3.414763E-011, -2.819420E-013, 2.150400E+004 1.570926E+074 2.150400E+004, Sun Jul 26 15:58:58 2015
0.05, 0.00, 1.20, 0.00 , 3.257424E-005, -3.258900E-005, -3.406378E-011, -2.915740E-013, 2.150400E+004 1.570926E+074 2.150400E+004, Sun Jul 26 15:59:02 2015
0.10, 0.00, 1.20, 0.00 , 6.040521E-005, -6.041630E-005, -3.414763E-011, -2.949120E-013, 2.150400E+004 1.570926E+074 2.150400E+004, Sun Jul 26 15:59:05 2015
0.15, 0.00, 1.20, 0.00 , 8.357089E-005, -8.356770E-005, -3.326713E-011, -3.156070E-013, 2.150400E+004 1.570926E+074 2.150400E+004, Sun Jul 26 15:59:09 2015
0.20, 0.00, 1.20, 0.00 , 1.023583E-004, -1.023530E-004, -3.322519E-011, -3.102780E-013, 2.150400E+004 1.570926E+074 2.150400E+004, Sun Jul 26 15:59:13 2015
0.25, 0.00, 1.20, 0.00 , 1.172093E-004, -1.172150E-004, -3.406377E-011, -3.455760E-013, 2.150400E+004 1.570926E+074 2.150400E+004, Sun Jul 26 15:59:16 2015
0.30, 0.00, 1.20, 0.00 , 1.288770E-004, -1.288690E-004, -3.456692E-011, -3.718020E-013, 2.150400E+004 1.570926E+074 2.150400E+004, Sun Jul 26 15:59:20 2015
0.35, 0.00, 1.20, 0.00 , 1.378175E-004, -1.378190E-004, -3.481847E-011, -3.660800E-013, 2.150400E+004 1.570926E+074 2.150400E+004, Sun Jul 26 15:59:23 2015
0.40, 0.00, 1.20, 0.00 , 1.448609E-004, -1.447660E-004, -3.519584E-011, -3.798130E-013, 2.150400E+004 1.570926E+074 2.150400E+004, Sun Jul 26 15:59:27 2015
0.45, 0.00, 1.20, 0.00 , 1.504271E-004, -1.504270E-004, -3.460884E-011, -4.179950E-013, 2.150400E+004 1.570926E+074 2.150400E+004, Sun Jul 26 15:59:30 2015
0.50, 0.00, 1.20, 0.00 , 1.550666E-004, -1.551310E-004, -3.515391E-011, -3.980520E-013, 2.150400E+004 1.570926E+074 2.150400E+004, Sun Jul 26 15:59:34 2015
0.55, 0.00, 1.20, 0.00 , 1.589776E-004, -1.589820E-004, -3.414762E-011, -3.979560E-013, 2.150400E+004 1.570926E+074 2.150400E+004, Sun Jul 26 15:59:37 2015
0.60, 0.00, 1.20, 0.00 , 1.624850E-004, -1.624410E-004, -3.372833E-011, -4.160880E-013, 2.150400E+004 1.570926E+074 2.150400E+004, Sun Jul 26 15:59:41 2015
0.65, 0.00, 1.20, 0.00 , 1.655889E-004, -1.656200E-004, -3.389605E-011, -4.378910E-013, 2.150400E+004 1.570926E+074 2.150400E+004, Sun Jul 26 15:59:45 2015
0.70, 0.00, 1.20, 0.00 , 1.684918E-004, -1.685020E-004, -3.448306E-011, -4.086140E-013, 2.150400E+004 1.570926E+074 2.150400E+004, Sun Jul 26 15:59:48 2015
0.75, 0.00, 1.20, 0.00 , 1.712638E-004, -1.712500E-004, -3.435727E-011, -4.355670E-013, 2.150400E+004 1.570926E+074 2.150400E+004, Sun Jul 26 15:59:52 2015
0.80, 0.00, 1.20, 0.00 , 1.738917E-004, -1.738880E-004, -3.381218E-011, -4.555820E-013, 2.150400E+004 1.570926E+074 2.150400E+004, Sun Jul 26 15:59:55 2015
0.85, 0.00, 1.20, 0.00 , 1.763613E-004, -1.763440E-004, -3.414763E-011, -4.419090E-013, 2.150400E+004 1.570926E+074 2.150400E+004, Sun Jul 26 15:59:59 2015
0.90, 0.00, 1.20, 0.00 , 1.787151E-004, -1.786850E-004, -3.486041E-011, -4.732730E-013, 2.150400E+004 1.570926E+074 2.150400E+004, Sun Jul 26 16:00:02 2015
0.95, 0.00, 1.20, 0.00 , 1.810915E-004, -1.810760E-004, -3.418955E-011, -5.160810E-013, 2.150400E+004 1.570926E+074 2.150400E+004, Sun Jul 26 16:00:06 2015
1.00, 0.00, 1.20, 0.00 , 1.833740E-004, -1.834100E-004, -3.590862E-011, -5.954030E-013, 2.150400E+004 1.570926E+074 2.150400E+004, Sun Jul 26 16:00:09 2015
1.05, 0.00, 1.20, 0.00 , 1.855050E-004, -1.854980E-004, -3.511198E-011, -7.639530E-013, 2.150400E+004 1.570926E+074 2.150400E+004, Sun Jul 26 16:00:13 2015
1.10, 0.00, 1.20, 0.00 , 1.876516E-004, -1.876740E-004, -3.473462E-011, -1.117100E-012, 2.150400E+004 1.570926E+074 2.150400E+004, Sun Jul 26 16:00:16 2015
1.15, 0.00, 1.20, 0.00 , 1.899148E-004, -1.898880E-004, -3.448305E-011, -1.858170E-012, 2.150400E+004 1.570926E+074 2.150400E+004, Sun Jul 26 16:00:20 2015
1.20, 0.00, 1.20, 0.00 , 1.920692E-004, -1.920430E-004, -3.557319E-011, -3.347050E-012, 2.150400E+004 1.570926E+074 2.150400E+004, Sun Jul 26 16:00:24 2015
1.25, 0.00, 1.20, 0.00 , 1.943466E-004, -1.943330E-004, -3.397991E-011, -6.515410E-012, 2.150400E+004 1.570926E+074 2.150400E+004, Sun Jul 26 16:00:27 2015
1.30, 0.00, 1.20, 0.00 , 1.967979E-004, -1.967550E-004, -3.460884E-011, -1.312320E-011, 2.150400E+004 1.570926E+074 2.150400E+004, Sun Jul 26 16:00:31 2015
1.35, 0.00, 1.20, 0.00 , 1.992569E-004, -1.992740E-004, -3.431534E-011, -2.700740E-011, 2.150400E+004 1.570926E+074 2.150400E+004, Sun Jul 26 16:00:34 2015
1.40, 0.00, 1.20, 0.00 , 2.020342E-004, -2.020570E-004, -3.502812E-011, -5.540670E-011, 2.150400E+004 1.570926E+074 2.150400E+004, Sun Jul 26 16:00:38 2015
1.45, 0.00, 1.20, 0.00 , 2.050277E-004, -2.050070E-004, -3.402183E-011, -1.118260E-010, 2.150400E+004 1.570926E+074 2.150400E+004, Sun Jul 26 16:00:43 2015
1.50, 0.00, 1.20, 0.00 , 2.083255E-004, -2.083150E-004, -3.469270E-011, -2.196850E-010, 2.150400E+004 1.570926E+074 2.150400E+004, Sun Jul 26 16:00:46 2015
1.55, 0.00, 1.20, 0.00 , 2.118544E-004, -2.118280E-004, -3.469270E-011, -4.175110E-010, 2.150400E+004 1.570926E+074 2.150400E+004, Sun Jul 26 16:00:49 2015
1.60, 0.00, 1.20, 0.00 , 2.157594E-004, -2.157350E-004, -3.423149E-011, -7.637480E-010, 2.150400E+004 1.570926E+074 2.150400E+004, Sun Jul 26 16:00:52 2015
1.65, 0.00, 1.20, 0.00 , 2.198448E-004, -2.198810E-004, -3.372833E-011, -1.342020E-009, 2.150400E+004 1.570926E+074 2.150400E+004, Sun Jul 26 16:00:56 2015
1.70, 0.00, 1.20, 0.00 , 2.244012E-004, -2.244200E-004, -3.406376E-011, -2.273730E-009, 2.150400E+004 1.570926E+074 2.150400E+004, Sun Jul 26 16:00:58 2015
1.75, 0.00, 1.20, 0.00 , 2.294071E-004, -2.294140E-004, -3.490234E-011, -3.689040E-009, 2.150400E+004 1.570926E+074 2.150400E+004, Sun Jul 26 16:01:01 2015
1.80, 0.00, 1.20, 0.00 , 2.347996E-004, -2.346720E-004, -3.469270E-011, -5.739560E-009, 2.150400E+004 1.570926E+074 2.150400E+004, Sun Jul 26 16:01:03 2015
1.85, 0.00, 1.20, 0.00 , 2.403757E-004, -2.402760E-004, -3.410570E-011, -8.542910E-009, 2.150400E+004 1.570926E+074 2.150400E+004, Sun Jul 26 16:01:06 2015
1.90, 0.00, 1.20, 0.00 , 2.461459E-004, -2.461660E-004, -3.536356E-011, -1.215650E-008, 2.150400E+004 1.570926E+074 2.150400E+004, Sun Jul 26 16:01:08 2015
1.95, 0.00, 1.20, 0.00 , 2.521091E-004, -2.521150E-004, -3.603442E-011, -1.659650E-008, 2.150400E+004 1.570926E+074 2.150400E+004, Sun Jul 26 16:01:11 2015
2.00, 0.00, 1.20, 0.00 , 2.578032E-004, -2.577630E-004, -3.486041E-011, -2.188820E-008, 2.150400E+004 1.570926E+074 2.150400E+004, Sun Jul 26 16:01:13 2015
