0.00, 0.00, 2.00, 0.00 , 6.589724E-010, -5.019820E-010, 7.317539E-012, -3.301910E-012, 2.150400E+004 1.570926E+074 2.150400E+004, Mon Aug 03 15:35:13 2015
0.05, 0.00, 2.00, 0.00 , 4.233802E-006, -4.228830E-006, 3.963496E-012, -4.852710E-012, 2.150400E+004 1.570926E+074 2.150400E+004, Mon Aug 03 15:35:18 2015
0.10, 0.00, 2.00, 0.00 , 2.388652E-005, -2.388960E-005, 1.373214E-011, -3.241970E-012, 2.150400E+004 1.570926E+074 2.150400E+004, Mon Aug 03 15:35:21 2015
0.15, 0.00, 2.00, 0.00 , 6.254136E-005, -6.252120E-005, 1.352251E-011, -2.767440E-012, 2.150400E+004 1.570926E+074 2.150400E+004, Mon Aug 03 15:35:25 2015
0.20, 0.00, 2.00, 0.00 , 1.125864E-004, -1.125520E-004, 2.789602E-012, -1.853970E-012, 2.150400E+004 1.570926E+074 2.150400E+004, Mon Aug 03 15:35:29 2015
0.25, 0.00, 2.00, 0.00 , 1.694485E-004, -1.694100E-004, 6.017867E-012, -1.981520E-012, 2.150400E+004 1.570926E+074 2.150400E+004, Mon Aug 03 15:35:32 2015
0.30, 0.00, 2.00, 0.00 , 2.302181E-004, -2.301500E-004, 1.054580E-011, -1.953480E-012, 2.150400E+004 1.570926E+074 2.150400E+004, Mon Aug 03 15:35:36 2015
0.35, 0.00, 2.00, 0.00 , 2.928409E-004, -2.927660E-004, 6.269416E-012, -2.098800E-012, 2.150400E+004 1.570926E+074 2.150400E+004, Mon Aug 03 15:35:39 2015
0.40, 0.00, 2.00, 0.00 , 3.559435E-004, -3.558700E-004, 3.292699E-012, -2.014590E-012, 2.150400E+004 1.570926E+074 2.150400E+004, Mon Aug 03 15:35:43 2015
0.45, 0.00, 2.00, 0.00 , 4.183975E-004, -4.183250E-004, 3.963486E-012, -2.133180E-012, 2.150400E+004 1.570926E+074 2.150400E+004, Mon Aug 03 15:35:46 2015
0.50, 0.00, 2.00, 0.00 , 4.794394E-004, -4.793440E-004, 4.382765E-012, -2.256460E-012, 2.150400E+004 1.570926E+074 2.150400E+004, Mon Aug 03 15:35:50 2015
0.55, 0.00, 2.00, 0.00 , 5.385016E-004, -5.383450E-004, 4.508536E-012, -2.073070E-012, 2.150400E+004 1.570926E+074 2.150400E+004, Mon Aug 03 15:35:53 2015
0.60, 0.00, 2.00, 0.00 , 5.950200E-004, -5.948540E-004, 4.047339E-012, -2.059960E-012, 2.150400E+004 1.570926E+074 2.150400E+004, Mon Aug 03 15:35:57 2015
0.65, 0.00, 2.00, 0.00 , 6.479351E-004, -6.478050E-004, 1.196437E-012, -2.180790E-012, 2.150400E+004 1.570926E+074 2.150400E+004, Mon Aug 03 15:36:00 2015
0.70, 0.00, 2.00, 0.00 , 6.969685E-004, -6.968310E-004, 4.718177E-012, -2.067880E-012, 2.150400E+004 1.570926E+074 2.150400E+004, Mon Aug 03 15:36:04 2015
0.75, 0.00, 2.00, 0.00 , 7.419952E-004, -7.418250E-004, 9.868079E-013, -2.278090E-012, 2.150400E+004 1.570926E+074 2.150400E+004, Mon Aug 03 15:36:07 2015
0.80, 0.00, 2.00, 0.00 , 7.823537E-004, -7.822240E-004, 4.927763E-012, -2.177570E-012, 2.150400E+004 1.570926E+074 2.150400E+004, Mon Aug 03 15:36:11 2015
0.85, 0.00, 2.00, 0.00 , 8.186852E-004, -8.185420E-004, 2.789578E-012, -2.470700E-012, 2.150400E+004 1.570926E+074 2.150400E+004, Mon Aug 03 15:36:15 2015
0.90, 0.00, 2.00, 0.00 , 8.507265E-004, -8.504380E-004, 5.263172E-012, -2.403650E-012, 2.150400E+004 1.570926E+074 2.150400E+004, Mon Aug 03 15:36:18 2015
0.95, 0.00, 2.00, 0.00 , 8.784200E-004, -8.782360E-004, 3.083093E-012, -2.518830E-012, 2.150400E+004 1.570926E+074 2.150400E+004, Mon Aug 03 15:36:22 2015
1.00, 0.00, 2.00, 0.00 , 9.018540E-004, -9.016080E-004, 5.053550E-012, -2.368830E-012, 2.150400E+004 1.570926E+074 2.150400E+004, Mon Aug 03 15:36:25 2015
1.05, 0.00, 2.00, 0.00 , 9.214905E-004, -9.214040E-004, 4.131194E-012, -2.507480E-012, 2.150400E+004 1.570926E+074 2.150400E+004, Mon Aug 03 15:36:29 2015
1.10, 0.00, 2.00, 0.00 , 9.383280E-004, -9.382480E-004, 1.825290E-012, -2.483520E-012, 2.150400E+004 1.570926E+074 2.150400E+004, Mon Aug 03 15:36:32 2015
1.15, 0.00, 2.00, 0.00 , 9.522336E-004, -9.520000E-004, 6.604790E-012, -2.427460E-012, 2.150400E+004 1.570926E+074 2.150400E+004, Mon Aug 03 15:36:36 2015
1.20, 0.00, 2.00, 0.00 , 9.637989E-004, -9.637130E-004, 2.831502E-012, -2.645680E-012, 2.150400E+004 1.570926E+074 2.150400E+004, Mon Aug 03 15:36:39 2015
1.25, 0.00, 2.00, 0.00 , 9.735501E-004, -9.733980E-004, 1.322185E-012, -2.629280E-012, 2.150400E+004 1.570926E+074 2.150400E+004, Mon Aug 03 15:36:43 2015
1.30, 0.00, 2.00, 0.00 , 9.819604E-004, -9.818670E-004, 3.753867E-012, -2.610550E-012, 2.150400E+004 1.570926E+074 2.150400E+004, Mon Aug 03 15:36:46 2015
1.35, 0.00, 2.00, 0.00 , 9.893907E-004, -9.894990E-004, 3.083046E-012, -2.920760E-012, 2.150400E+004 1.570926E+074 2.150400E+004, Mon Aug 03 15:36:50 2015
1.40, 0.00, 2.00, 0.00 , 9.961372E-004, -9.961570E-004, 6.143631E-012, -2.589440E-012, 2.150400E+004 1.570926E+074 2.150400E+004, Mon Aug 03 15:36:54 2015
1.45, 0.00, 2.00, 0.00 , 1.002675E-003, -1.003710E-003, 2.370330E-012, -2.595210E-012, 2.150400E+004 1.570926E+074 2.150400E+004, Mon Aug 03 15:36:57 2015
1.50, 0.00, 2.00, 0.00 , 1.009150E-003, -1.009960E-003, 2.957292E-012, -2.765260E-012, 2.150400E+004 1.570926E+074 2.150400E+004, Mon Aug 03 15:37:01 2015
1.55, 0.00, 2.00, 0.00 , 1.015959E-003, -1.016880E-003, 3.544236E-012, -2.754130E-012, 2.150400E+004 1.570926E+074 2.150400E+004, Mon Aug 03 15:37:04 2015
1.60, 0.00, 2.00, 0.00 , 1.022972E-003, -1.023620E-003, 4.382734E-012, -2.923100E-012, 2.150400E+004 1.570926E+074 2.150400E+004, Mon Aug 03 15:37:08 2015
1.65, 0.00, 2.00, 0.00 , 1.030188E-003, -1.031200E-003, 5.430878E-012, -2.675160E-012, 2.150400E+004 1.570926E+074 2.150400E+004, Mon Aug 03 15:37:11 2015
1.70, 0.00, 2.00, 0.00 , 1.037553E-003, -1.038410E-003, 3.208833E-012, -2.587250E-012, 2.150400E+004 1.570926E+074 2.150400E+004, Mon Aug 03 15:37:15 2015
1.75, 0.00, 2.00, 0.00 , 1.044817E-003, -1.045590E-003, 2.999212E-012, -3.157330E-012, 2.150400E+004 1.570926E+074 2.150400E+004, Mon Aug 03 15:37:18 2015
1.80, 0.00, 2.00, 0.00 , 1.051700E-003, -1.052300E-003, 1.783367E-012, -4.353000E-012, 2.150400E+004 1.570926E+074 2.150400E+004, Mon Aug 03 15:37:22 2015
1.85, 0.00, 2.00, 0.00 , 1.057574E-003, -1.058520E-003, 6.772489E-012, -5.433320E-012, 2.150400E+004 1.570926E+074 2.150400E+004, Mon Aug 03 15:37:25 2015
1.90, 0.00, 2.00, 0.00 , 1.062608E-003, -1.063750E-003, 4.592353E-012, -8.405390E-012, 2.150400E+004 1.570926E+074 2.150400E+004, Mon Aug 03 15:37:29 2015
1.95, 0.00, 2.00, 0.00 , 1.067834E-003, -1.068840E-003, 5.892047E-012, -1.457750E-011, 2.150400E+004 1.570926E+074 2.150400E+004, Mon Aug 03 15:37:33 2015
2.00, 0.00, 2.00, 0.00 , 1.072777E-003, -1.073650E-003, 4.676230E-012, -2.527550E-011, 2.150400E+004 1.570926E+074 2.150400E+004, Mon Aug 03 15:37:36 2015
