1.80, 1.80, 1.00, 1.80 , 1.999600E-010, 6.897880E-011, 3.795580E-012, -9.928940E-014, 2.150400E+004 1.570926E+074 2.150400E+004, Wed Sep 09 19:41:16 2015
1.75, 1.80, 1.00, 1.80 , -3.781528E-008, 3.841640E-008, 5.849920E-012, -1.081590E-013, 2.150400E+004 1.570926E+074 2.150400E+004, Wed Sep 09 19:41:22 2015
1.70, 1.80, 1.00, 1.80 , -1.820547E-007, 1.801440E-007, 6.562653E-012, -9.329320E-014, 2.150400E+004 1.570926E+074 2.150400E+004, Wed Sep 09 19:41:26 2015
1.65, 1.80, 1.00, 1.80 , -3.903869E-007, 3.913640E-007, 7.401149E-012, -1.003030E-013, 2.150400E+004 1.570926E+074 2.150400E+004, Wed Sep 09 19:41:29 2015
1.60, 1.80, 1.00, 1.80 , -6.182851E-007, 6.195300E-007, 7.694623E-012, -8.758310E-014, 2.150400E+004 1.570926E+074 2.150400E+004, Wed Sep 09 19:41:33 2015
1.55, 1.80, 1.00, 1.80 , -7.979169E-007, 7.994100E-007, 6.353012E-012, -9.698870E-014, 2.150400E+004 1.570926E+074 2.150400E+004, Wed Sep 09 19:41:37 2015
1.50, 1.80, 1.00, 1.80 , -9.066005E-007, 9.076120E-007, 1.109057E-011, -1.107570E-013, 2.150400E+004 1.570926E+074 2.150400E+004, Wed Sep 09 19:41:40 2015
1.45, 1.80, 1.00, 1.80 , -9.677973E-007, 9.687620E-007, 8.994291E-012, -1.019000E-013, 2.150400E+004 1.570926E+074 2.150400E+004, Wed Sep 09 19:41:44 2015
1.40, 1.80, 1.00, 1.80 , -1.007033E-006, 1.007640E-006, 9.413564E-012, -1.090650E-013, 2.150400E+004 1.570926E+074 2.150400E+004, Wed Sep 09 19:41:47 2015
1.35, 1.80, 1.00, 1.80 , -1.035836E-006, 1.037400E-006, 1.109057E-011, -9.396080E-014, 2.150400E+004 1.570926E+074 2.150400E+004, Wed Sep 09 19:41:51 2015
1.30, 1.80, 1.00, 1.80 , -1.057939E-006, 1.059710E-006, 7.946165E-012, -8.136030E-014, 2.150400E+004 1.570926E+074 2.150400E+004, Wed Sep 09 19:41:54 2015
1.25, 1.80, 1.00, 1.80 , -1.076338E-006, 1.078100E-006, 9.874709E-012, -9.866950E-014, 2.150400E+004 1.570926E+074 2.150400E+004, Wed Sep 09 19:41:58 2015
1.20, 1.80, 1.00, 1.80 , -1.090424E-006, 1.091970E-006, 7.275357E-012, -9.446140E-014, 2.150400E+004 1.570926E+074 2.150400E+004, Wed Sep 09 19:42:01 2015
1.15, 1.80, 1.00, 1.80 , -1.105364E-006, 1.106800E-006, 4.927584E-012, -8.667710E-014, 2.150400E+004 1.570926E+074 2.150400E+004, Wed Sep 09 19:42:05 2015
1.10, 1.80, 1.00, 1.80 , -1.115615E-006, 1.118180E-006, 7.694585E-012, -8.579490E-014, 2.150400E+004 1.570926E+074 2.150400E+004, Wed Sep 09 19:42:09 2015
1.05, 1.80, 1.00, 1.80 , -1.126176E-006, 1.126590E-006, 1.079709E-011, -1.080390E-013, 2.150400E+004 1.570926E+074 2.150400E+004, Wed Sep 09 19:42:12 2015
1.00, 1.80, 1.00, 1.80 , -1.138401E-006, 1.139370E-006, 1.088097E-011, -1.060840E-013, 2.150400E+004 1.570926E+074 2.150400E+004, Wed Sep 09 19:42:16 2015
0.95, 1.80, 1.00, 1.80 , -1.149574E-006, 1.151520E-006, 1.000051E-011, -9.647610E-014, 2.150400E+004 1.570926E+074 2.150400E+004, Wed Sep 09 19:42:19 2015
0.90, 1.80, 1.00, 1.80 , -1.161137E-006, 1.162810E-006, 9.874736E-012, -1.073240E-013, 2.150400E+004 1.570926E+074 2.150400E+004, Wed Sep 09 19:42:23 2015
0.85, 1.80, 1.00, 1.80 , -1.173234E-006, 1.173970E-006, 9.245868E-012, -1.014710E-013, 2.150400E+004 1.570926E+074 2.150400E+004, Wed Sep 09 19:42:26 2015
0.80, 1.80, 1.00, 1.80 , -1.180785E-006, 1.182920E-006, 1.125829E-011, -8.912090E-014, 2.150400E+004 1.570926E+074 2.150400E+004, Wed Sep 09 19:42:30 2015
0.75, 1.80, 1.00, 1.80 , -1.193348E-006, 1.195240E-006, 9.161980E-012, -8.317230E-014, 2.150400E+004 1.570926E+074 2.150400E+004, Wed Sep 09 19:42:33 2015
0.70, 1.80, 1.00, 1.80 , -1.210819E-006, 1.212320E-006, 1.130018E-011, -8.571150E-014, 2.150400E+004 1.570926E+074 2.150400E+004, Wed Sep 09 19:42:37 2015
0.65, 1.80, 1.00, 1.80 , -1.227039E-006, 1.226270E-006, 1.289334E-011, -1.155260E-013, 2.150400E+004 1.570926E+074 2.150400E+004, Wed Sep 09 19:42:41 2015
0.60, 1.80, 1.00, 1.80 , -1.242977E-006, 1.247900E-006, 1.264180E-011, -9.599920E-014, 2.150400E+004 1.570926E+074 2.150400E+004, Wed Sep 09 19:42:44 2015
0.55, 1.80, 1.00, 1.80 , -1.258513E-006, 1.261380E-006, 1.096478E-011, -8.211140E-014, 2.150400E+004 1.570926E+074 2.150400E+004, Wed Sep 09 19:42:48 2015
0.50, 1.80, 1.00, 1.80 , -1.277090E-006, 1.277940E-006, 1.092285E-011, -8.926390E-014, 2.150400E+004 1.570926E+074 2.150400E+004, Wed Sep 09 19:42:51 2015
0.45, 1.80, 1.00, 1.80 , -1.297185E-006, 1.297960E-006, 9.581256E-012, -1.330970E-013, 2.150400E+004 1.570926E+074 2.150400E+004, Wed Sep 09 19:42:55 2015
0.40, 1.80, 1.00, 1.80 , -1.329924E-006, 1.329890E-006, 1.067129E-011, -8.784530E-014, 2.150400E+004 1.570926E+074 2.150400E+004, Wed Sep 09 19:42:58 2015
0.35, 1.80, 1.00, 1.80 , -1.357597E-006, 1.353860E-006, 1.176137E-011, -1.099710E-013, 2.150400E+004 1.570926E+074 2.150400E+004, Wed Sep 09 19:43:02 2015
0.30, 1.80, 1.00, 1.80 , -1.380446E-006, 1.380160E-006, 1.272564E-011, -1.020310E-013, 2.150400E+004 1.570926E+074 2.150400E+004, Wed Sep 09 19:43:05 2015
0.25, 1.80, 1.00, 1.80 , -1.401010E-006, 1.404840E-006, 1.398342E-011, -8.944270E-014, 2.150400E+004 1.570926E+074 2.150400E+004, Wed Sep 09 19:43:09 2015
0.20, 1.80, 1.00, 1.80 , -1.421370E-006, 1.424550E-006, 1.079709E-011, -9.613040E-014, 2.150400E+004 1.570926E+074 2.150400E+004, Wed Sep 09 19:43:12 2015
0.15, 1.80, 1.00, 1.80 , -1.440074E-006, 1.443950E-006, 1.150982E-011, -9.683370E-014, 2.150400E+004 1.570926E+074 2.150400E+004, Wed Sep 09 19:43:16 2015
0.10, 1.80, 1.00, 1.80 , -1.473017E-006, 1.472560E-006, 1.121635E-011, -8.090730E-014, 2.150400E+004 1.570926E+074 2.150400E+004, Wed Sep 09 19:43:20 2015
0.05, 1.80, 1.00, 1.80 , -1.497964E-006, 1.498130E-006, 1.519923E-011, -1.055720E-013, 2.150400E+004 1.570926E+074 2.150400E+004, Wed Sep 09 19:43:23 2015
0.00, 1.80, 1.00, 1.80 , -1.526929E-006, 1.532130E-006, 1.457034E-011, -1.072170E-013, 2.150400E+004 1.570926E+074 2.150400E+004, Wed Sep 09 19:43:27 2015
-0.05, 1.80, 1.00, 1.80 , -1.562613E-006, 1.565190E-006, 1.381571E-011, -1.013870E-013, 2.150400E+004 1.570926E+074 2.150400E+004, Wed Sep 09 19:43:30 2015
-0.10, 1.80, 1.00, 1.80 , -1.599761E-006, 1.601690E-006, 1.385763E-011, -9.138580E-014, 2.150400E+004 1.570926E+074 2.150400E+004, Wed Sep 09 19:43:34 2015
-0.15, 1.80, 1.00, 1.80 , -1.627574E-006, 1.630520E-006, 1.180331E-011, -7.941720E-014, 2.150400E+004 1.570926E+074 2.150400E+004, Wed Sep 09 19:43:37 2015
-0.20, 1.80, 1.00, 1.80 , -1.665958E-006, 1.666690E-006, 1.511540E-011, -9.437800E-014, 2.150400E+004 1.570926E+074 2.150400E+004, Wed Sep 09 19:43:41 2015
