1.80, 1.80, 0.20, 1.80 , 2.198345E-010, 8.675160E-011, -5.058409E-011, -8.193250E-014, 2.150400E+004 1.570926E+074 2.150400E+004, Wed Sep 09 19:46:29 2015
1.75, 1.80, 0.20, 1.80 , -2.032002E-007, 2.045750E-007, -5.062601E-011, -1.141670E-013, 2.150400E+004 1.570926E+074 2.150400E+004, Wed Sep 09 19:46:35 2015
1.70, 1.80, 0.20, 1.80 , -9.256273E-007, 9.276970E-007, -5.083564E-011, -9.371040E-014, 2.150400E+004 1.570926E+074 2.150400E+004, Wed Sep 09 19:46:39 2015
1.65, 1.80, 0.20, 1.80 , -2.599310E-006, 2.603690E-006, -4.739744E-011, -8.250470E-014, 2.150400E+004 1.570926E+074 2.150400E+004, Wed Sep 09 19:46:42 2015
1.60, 1.80, 0.20, 1.80 , -6.010046E-006, 6.017800E-006, -4.928427E-011, -9.851460E-014, 2.150400E+004 1.570926E+074 2.150400E+004, Wed Sep 09 19:46:46 2015
1.55, 1.80, 0.20, 1.80 , -1.079483E-005, 1.079700E-005, -5.012285E-011, -9.005070E-014, 2.150400E+004 1.570926E+074 2.150400E+004, Wed Sep 09 19:46:50 2015
1.50, 1.80, 0.20, 1.80 , -1.617924E-005, 1.618560E-005, -4.697816E-011, -1.116510E-013, 2.150400E+004 1.570926E+074 2.150400E+004, Wed Sep 09 19:46:53 2015
1.45, 1.80, 0.20, 1.80 , -2.172870E-005, 2.172630E-005, -4.597186E-011, -9.764430E-014, 2.150400E+004 1.570926E+074 2.150400E+004, Wed Sep 09 19:46:57 2015
1.40, 1.80, 0.20, 1.80 , -2.717792E-005, 2.717740E-005, -4.806831E-011, -8.844140E-014, 2.150400E+004 1.570926E+074 2.150400E+004, Wed Sep 09 19:47:00 2015
1.35, 1.80, 0.20, 1.80 , -3.237643E-005, 3.237540E-005, -4.752324E-011, -7.067920E-014, 2.150400E+004 1.570926E+074 2.150400E+004, Wed Sep 09 19:47:04 2015
1.30, 1.80, 0.20, 1.80 , -3.724820E-005, 3.724380E-005, -4.660078E-011, -1.144650E-013, 2.150400E+004 1.570926E+074 2.150400E+004, Wed Sep 09 19:47:07 2015
1.25, 1.80, 0.20, 1.80 , -4.172728E-005, 4.172220E-005, -4.580412E-011, -9.393690E-014, 2.150400E+004 1.570926E+074 2.150400E+004, Wed Sep 09 19:47:11 2015
1.20, 1.80, 0.20, 1.80 , -4.579208E-005, 4.578520E-005, -4.509133E-011, -9.658340E-014, 2.150400E+004 1.570926E+074 2.150400E+004, Wed Sep 09 19:47:14 2015
1.15, 1.80, 0.20, 1.80 , -4.940736E-005, 4.940100E-005, -4.681041E-011, -9.497400E-014, 2.150400E+004 1.570926E+074 2.150400E+004, Wed Sep 09 19:47:18 2015
1.10, 1.80, 0.20, 1.80 , -5.254881E-005, 5.253820E-005, -4.525904E-011, -9.148120E-014, 2.150400E+004 1.570926E+074 2.150400E+004, Wed Sep 09 19:47:22 2015
1.05, 1.80, 0.20, 1.80 , -5.523352E-005, 5.523060E-005, -4.525903E-011, -1.127360E-013, 2.150400E+004 1.570926E+074 2.150400E+004, Wed Sep 09 19:47:25 2015
1.00, 1.80, 0.20, 1.80 , -5.748175E-005, 5.747440E-005, -4.622341E-011, -8.193250E-014, 2.150400E+004 1.570926E+074 2.150400E+004, Wed Sep 09 19:47:29 2015
0.95, 1.80, 0.20, 1.80 , -5.935685E-005, 5.935570E-005, -4.387537E-011, -9.076600E-014, 2.150400E+004 1.570926E+074 2.150400E+004, Wed Sep 09 19:47:32 2015
0.90, 1.80, 0.20, 1.80 , -6.088028E-005, 6.085660E-005, -4.542676E-011, -1.087550E-013, 2.150400E+004 1.570926E+074 2.150400E+004, Wed Sep 09 19:47:36 2015
0.85, 1.80, 0.20, 1.80 , -6.206489E-005, 6.205560E-005, -4.374961E-011, -1.029130E-013, 2.150400E+004 1.570926E+074 2.150400E+004, Wed Sep 09 19:47:39 2015
0.80, 1.80, 0.20, 1.80 , -6.300423E-005, 6.299290E-005, -4.194663E-011, -1.056790E-013, 2.150400E+004 1.570926E+074 2.150400E+004, Wed Sep 09 19:47:43 2015
0.75, 1.80, 0.20, 1.80 , -6.374498E-005, 6.372840E-005, -4.395924E-011, -1.136660E-013, 2.150400E+004 1.570926E+074 2.150400E+004, Wed Sep 09 19:47:46 2015
0.70, 1.80, 0.20, 1.80 , -6.431403E-005, 6.431450E-005, -4.161119E-011, -8.063320E-014, 2.150400E+004 1.570926E+074 2.150400E+004, Wed Sep 09 19:47:50 2015
0.65, 1.80, 0.20, 1.80 , -6.479356E-005, 6.478370E-005, -4.236591E-011, -9.949210E-014, 2.150400E+004 1.570926E+074 2.150400E+004, Wed Sep 09 19:47:53 2015
0.60, 1.80, 0.20, 1.80 , -6.515033E-005, 6.513730E-005, -4.232400E-011, -9.922980E-014, 2.150400E+004 1.570926E+074 2.150400E+004, Wed Sep 09 19:47:57 2015
0.55, 1.80, 0.20, 1.80 , -6.548125E-005, 6.546690E-005, -4.186277E-011, -8.155110E-014, 2.150400E+004 1.570926E+074 2.150400E+004, Wed Sep 09 19:48:01 2015
0.50, 1.80, 0.20, 1.80 , -6.577426E-005, 6.576300E-005, -4.328837E-011, -1.007800E-013, 2.150400E+004 1.570926E+074 2.150400E+004, Wed Sep 09 19:48:04 2015
0.45, 1.80, 0.20, 1.80 , -6.600470E-005, 6.598670E-005, -4.161120E-011, -1.073000E-013, 2.150400E+004 1.570926E+074 2.150400E+004, Wed Sep 09 19:48:08 2015
0.40, 1.80, 0.20, 1.80 , -6.624593E-005, 6.622920E-005, -4.190469E-011, -9.841920E-014, 2.150400E+004 1.570926E+074 2.150400E+004, Wed Sep 09 19:48:11 2015
0.35, 1.80, 0.20, 1.80 , -6.646246E-005, 6.645910E-005, -4.089841E-011, -1.034500E-013, 2.150400E+004 1.570926E+074 2.150400E+004, Wed Sep 09 19:48:15 2015
0.30, 1.80, 0.20, 1.80 , -6.666521E-005, 6.665000E-005, -4.244978E-011, -9.964700E-014, 2.150400E+004 1.570926E+074 2.150400E+004, Wed Sep 09 19:48:18 2015
0.25, 1.80, 0.20, 1.80 , -6.685955E-005, 6.685790E-005, -4.085647E-011, -1.043200E-013, 2.150400E+004 1.570926E+074 2.150400E+004, Wed Sep 09 19:48:22 2015
0.20, 1.80, 0.20, 1.80 , -6.705698E-005, 6.703750E-005, -4.106610E-011, -1.038310E-013, 2.150400E+004 1.570926E+074 2.150400E+004, Wed Sep 09 19:48:25 2015
0.15, 1.80, 0.20, 1.80 , -6.722442E-005, 6.721920E-005, -4.110804E-011, -9.536740E-014, 2.150400E+004 1.570926E+074 2.150400E+004, Wed Sep 09 19:48:29 2015
0.10, 1.80, 0.20, 1.80 , -6.741392E-005, 6.740830E-005, -3.947281E-011, -1.049880E-013, 2.150400E+004 1.570926E+074 2.150400E+004, Wed Sep 09 19:48:33 2015
0.05, 1.80, 0.20, 1.80 , -6.760688E-005, 6.760150E-005, -4.140155E-011, -1.004460E-013, 2.150400E+004 1.570926E+074 2.150400E+004, Wed Sep 09 19:48:36 2015
0.00, 1.80, 0.20, 1.80 , -6.781680E-005, 6.779800E-005, -3.951475E-011, -7.674690E-014, 2.150400E+004 1.570926E+074 2.150400E+004, Wed Sep 09 19:48:40 2015
-0.05, 1.80, 0.20, 1.80 , -6.798290E-005, 6.795620E-005, -3.574109E-011, -9.082560E-014, 2.150400E+004 1.570926E+074 2.150400E+004, Wed Sep 09 19:48:43 2015
-0.10, 1.80, 0.20, 1.80 , -6.812385E-005, 6.810070E-005, -4.064682E-011, -7.354020E-014, 2.150400E+004 1.570926E+074 2.150400E+004, Wed Sep 09 19:48:47 2015
-0.15, 1.80, 0.20, 1.80 , -6.825896E-005, 6.823880E-005, -4.081455E-011, -1.173970E-013, 2.150400E+004 1.570926E+074 2.150400E+004, Wed Sep 09 19:48:50 2015
-0.20, 1.80, 0.20, 1.80 , -6.844944E-005, 6.845190E-005, -3.574109E-011, -8.978840E-014, 2.150400E+004 1.570926E+074 2.150400E+004, Wed Sep 09 19:48:54 2015
