1.80, 1.80, 1.00, 1.80 , 7.111859E-009, -7.058550E-009, -1.221978E-011, -1.161690E-013, 2.150400E+004 1.570926E+074 2.150400E+004, Sat Sep 05 01:43:08 2015
1.75, 1.80, 1.00, 1.80 , -1.346789E-006, 1.347780E-006, -9.955812E-012, -1.009350E-013, 2.150400E+004 1.570926E+074 2.150400E+004, Sat Sep 05 01:43:12 2015
1.70, 1.80, 1.00, 1.80 , -2.446319E-006, 2.445370E-006, -7.733775E-012, -9.077790E-014, 2.150400E+004 1.570926E+074 2.150400E+004, Sat Sep 05 01:43:15 2015
1.65, 1.80, 1.00, 1.80 , -3.292351E-006, 3.292170E-006, -3.549522E-013, -9.020570E-014, 2.150400E+004 1.570926E+074 2.150400E+004, Sat Sep 05 01:43:19 2015
1.60, 1.80, 1.00, 1.80 , -3.919345E-006, 3.918850E-006, 6.227362E-012, -1.288890E-013, 2.150400E+004 1.570926E+074 2.150400E+004, Sat Sep 05 01:43:22 2015
1.55, 1.80, 1.00, 1.80 , -4.361451E-006, 4.361340E-006, 1.037795E-011, -1.079560E-013, 2.150400E+004 1.570926E+074 2.150400E+004, Sat Sep 05 01:43:26 2015
1.50, 1.80, 1.00, 1.80 , -4.657929E-006, 4.658500E-006, 1.381580E-011, -9.565350E-014, 2.150400E+004 1.570926E+074 2.150400E+004, Sat Sep 05 01:43:29 2015
1.45, 1.80, 1.00, 1.80 , -4.853779E-006, 4.853800E-006, 1.708600E-011, -1.175520E-013, 2.150400E+004 1.570926E+074 2.150400E+004, Sat Sep 05 01:43:33 2015
1.40, 1.80, 1.00, 1.80 , -4.985101E-006, 4.983220E-006, 1.985306E-011, -1.235720E-013, 2.150400E+004 1.570926E+074 2.150400E+004, Sat Sep 05 01:43:37 2015
1.35, 1.80, 1.00, 1.80 , -5.076555E-006, 5.075790E-006, 1.960152E-011, -8.341070E-014, 2.150400E+004 1.570926E+074 2.150400E+004, Sat Sep 05 01:43:40 2015
1.30, 1.80, 1.00, 1.80 , -5.149452E-006, 5.146270E-006, 2.513563E-011, -1.006720E-013, 2.150400E+004 1.570926E+074 2.150400E+004, Sat Sep 05 01:43:44 2015
1.25, 1.80, 1.00, 1.80 , -5.204267E-006, 5.201540E-006, 2.454870E-011, -1.101020E-013, 2.150400E+004 1.570926E+074 2.150400E+004, Sat Sep 05 01:43:47 2015
1.20, 1.80, 1.00, 1.80 , -5.254019E-006, 5.252990E-006, 2.517759E-011, -1.003030E-013, 2.150400E+004 1.570926E+074 2.150400E+004, Sat Sep 05 01:43:51 2015
1.15, 1.80, 1.00, 1.80 , -5.296570E-006, 5.295720E-006, 2.819618E-011, -1.132130E-013, 2.150400E+004 1.570926E+074 2.150400E+004, Sat Sep 05 01:43:54 2015
1.10, 1.80, 1.00, 1.80 , -5.333110E-006, 5.332040E-006, 3.058596E-011, -8.599760E-014, 2.150400E+004 1.570926E+074 2.150400E+004, Sat Sep 05 01:43:58 2015
1.05, 1.80, 1.00, 1.80 , -5.374488E-006, 5.376580E-006, 3.519774E-011, -1.063470E-013, 2.150400E+004 1.570926E+074 2.150400E+004, Sat Sep 05 01:44:01 2015
1.00, 1.80, 1.00, 1.80 , -5.406172E-006, 5.406890E-006, 3.301761E-011, -7.684230E-014, 2.150400E+004 1.570926E+074 2.150400E+004, Sat Sep 05 01:44:05 2015
0.95, 1.80, 1.00, 1.80 , -5.438100E-006, 5.438890E-006, 3.679087E-011, -9.574890E-014, 2.150400E+004 1.570926E+074 2.150400E+004, Sat Sep 05 01:44:08 2015
0.90, 1.80, 1.00, 1.80 , -5.469259E-006, 5.468290E-006, 3.540734E-011, -9.104010E-014, 2.150400E+004 1.570926E+074 2.150400E+004, Sat Sep 05 01:44:12 2015
0.85, 1.80, 1.00, 1.80 , -5.495410E-006, 5.494730E-006, 3.762936E-011, -7.950070E-014, 2.150400E+004 1.570926E+074 2.150400E+004, Sat Sep 05 01:44:16 2015
0.80, 1.80, 1.00, 1.80 , -5.523032E-006, 5.524290E-006, 3.788094E-011, -7.915500E-014, 2.150400E+004 1.570926E+074 2.150400E+004, Sat Sep 05 01:44:19 2015
0.75, 1.80, 1.00, 1.80 , -5.552450E-006, 5.554400E-006, 3.892906E-011, -1.057030E-013, 2.150400E+004 1.570926E+074 2.150400E+004, Sat Sep 05 01:44:23 2015
0.70, 1.80, 1.00, 1.80 , -5.577891E-006, 5.581530E-006, 3.892907E-011, -1.131180E-013, 2.150400E+004 1.570926E+074 2.150400E+004, Sat Sep 05 01:44:26 2015
0.65, 1.80, 1.00, 1.80 , -5.603194E-006, 5.603130E-006, 4.056416E-011, -1.037720E-013, 2.150400E+004 1.570926E+074 2.150400E+004, Sat Sep 05 01:44:30 2015
0.60, 1.80, 1.00, 1.80 , -5.628171E-006, 5.626120E-006, 4.136078E-011, -9.911060E-014, 2.150400E+004 1.570926E+074 2.150400E+004, Sat Sep 05 01:44:33 2015
0.55, 1.80, 1.00, 1.80 , -5.645739E-006, 5.642660E-006, 4.287003E-011, -1.028180E-013, 2.150400E+004 1.570926E+074 2.150400E+004, Sat Sep 05 01:44:37 2015
0.50, 1.80, 1.00, 1.80 , -5.669662E-006, 5.670520E-006, 4.119302E-011, -1.240610E-013, 2.150400E+004 1.570926E+074 2.150400E+004, Sat Sep 05 01:44:40 2015
0.45, 1.80, 1.00, 1.80 , -5.691435E-006, 5.689430E-006, 4.626596E-011, -1.065130E-013, 2.150400E+004 1.570926E+074 2.150400E+004, Sat Sep 05 01:44:44 2015
0.40, 1.80, 1.00, 1.80 , -5.717530E-006, 5.716780E-006, 4.538552E-011, -1.177190E-013, 2.150400E+004 1.570926E+074 2.150400E+004, Sat Sep 05 01:44:48 2015
0.35, 1.80, 1.00, 1.80 , -5.741486E-006, 5.737380E-006, 4.773339E-011, -7.894040E-014, 2.150400E+004 1.570926E+074 2.150400E+004, Sat Sep 05 01:44:51 2015
0.30, 1.80, 1.00, 1.80 , -5.760966E-006, 5.758240E-006, 4.639172E-011, -1.058580E-013, 2.150400E+004 1.570926E+074 2.150400E+004, Sat Sep 05 01:44:55 2015
0.25, 1.80, 1.00, 1.80 , -5.783433E-006, 5.778650E-006, 4.899113E-011, -1.044150E-013, 2.150400E+004 1.570926E+074 2.150400E+004, Sat Sep 05 01:44:58 2015
0.20, 1.80, 1.00, 1.80 , -5.800262E-006, 5.799010E-006, 4.706258E-011, -9.830000E-014, 2.150400E+004 1.570926E+074 2.150400E+004, Sat Sep 05 01:45:02 2015
0.15, 1.80, 1.00, 1.80 , -5.820268E-006, 5.820140E-006, 4.802678E-011, -1.115320E-013, 2.150400E+004 1.570926E+074 2.150400E+004, Sat Sep 05 01:45:05 2015
0.10, 1.80, 1.00, 1.80 , -5.839764E-006, 5.839770E-006, 5.096158E-011, -1.135590E-013, 2.150400E+004 1.570926E+074 2.150400E+004, Sat Sep 05 01:45:09 2015
0.05, 1.80, 1.00, 1.80 , -5.864153E-006, 5.858500E-006, 5.104547E-011, -8.625980E-014, 2.150400E+004 1.570926E+074 2.150400E+004, Sat Sep 05 01:45:12 2015
0.00, 1.80, 1.00, 1.80 , -5.878260E-006, 5.877960E-006, 5.343518E-011, -1.110200E-013, 2.150400E+004 1.570926E+074 2.150400E+004, Sat Sep 05 01:45:16 2015
-0.05, 1.80, 1.00, 1.80 , -5.895634E-006, 5.896550E-006, 5.448333E-011, -9.154080E-014, 2.150400E+004 1.570926E+074 2.150400E+004, Sat Sep 05 01:45:20 2015
-0.10, 1.80, 1.00, 1.80 , -5.914133E-006, 5.914830E-006, 5.565726E-011, -9.804960E-014, 2.150400E+004 1.570926E+074 2.150400E+004, Sat Sep 05 01:45:23 2015
-0.15, 1.80, 1.00, 1.80 , -5.937485E-006, 5.932700E-006, 5.624420E-011, -8.778570E-014, 2.150400E+004 1.570926E+074 2.150400E+004, Sat Sep 05 01:45:27 2015
-0.20, 1.80, 1.00, 1.80 , -5.951952E-006, 5.950490E-006, 5.687303E-011, -9.852650E-014, 2.150400E+004 1.570926E+074 2.150400E+004, Sat Sep 05 01:45:30 2015
