0.00, 1.80, 1.80, 1.80 , -8.558863E-011, 1.838980E-010, 2.153879E-009, -8.894210E-014, 2.150400E+004 1.570926E+074 2.150400E+004, Sat Sep 05 01:14:57 2015
0.00, 1.80, 1.78, 1.80 , -6.997489E-011, 1.985110E-010, 2.012717E-009, -7.665160E-014, 2.150400E+004 1.570926E+074 2.150400E+004, Sat Sep 05 01:15:15 2015
0.00, 1.80, 1.76, 1.80 , -5.896088E-011, 2.046590E-010, 1.955365E-009, -1.034260E-013, 2.150400E+004 1.570926E+074 2.150400E+004, Sat Sep 05 01:15:38 2015
0.00, 1.80, 1.74, 1.80 , -5.946734E-011, 2.088890E-010, 1.933815E-009, -9.986160E-014, 2.150400E+004 1.570926E+074 2.150400E+004, Sat Sep 05 01:15:47 2015
0.00, 1.80, 1.72, 1.80 , -5.659775E-011, 2.103870E-010, 1.875412E-009, -9.843110E-014, 2.150400E+004 1.570926E+074 2.150400E+004, Sat Sep 05 01:15:57 2015
0.00, 1.80, 1.70, 1.80 , -4.807349E-011, 2.130010E-010, 1.815042E-009, -9.747740E-014, 2.150400E+004 1.570926E+074 2.150400E+004, Sat Sep 05 01:16:11 2015
0.00, 1.80, 1.68, 1.80 , -5.035224E-011, 2.172040E-010, 1.750015E-009, -8.300540E-014, 2.150400E+004 1.570926E+074 2.150400E+004, Sat Sep 05 01:16:19 2015
0.00, 1.80, 1.66, 1.80 , -4.495078E-011, 2.224940E-010, 1.723981E-009, -1.094820E-013, 2.150400E+004 1.570926E+074 2.150400E+004, Sat Sep 05 01:16:47 2015
0.00, 1.80, 1.64, 1.80 , -4.815787E-011, 2.267460E-010, 1.675180E-009, -1.096010E-013, 2.150400E+004 1.570926E+074 2.150400E+004, Sat Sep 05 01:17:00 2015
0.00, 1.80, 1.62, 1.80 , -6.415136E-011, 2.350820E-010, 1.631536E-009, -7.047650E-014, 2.150400E+004 1.570926E+074 2.150400E+004, Sat Sep 05 01:17:05 2015
0.00, 1.80, 1.60, 1.80 , -6.706320E-011, 2.505140E-010, 1.598163E-009, -1.047730E-013, 2.150400E+004 1.570926E+074 2.150400E+004, Sat Sep 05 01:17:25 2015
0.00, 1.80, 1.58, 1.80 , -8.892247E-011, 2.722980E-010, 1.546512E-009, -1.080630E-013, 2.150400E+004 1.570926E+074 2.150400E+004, Sat Sep 05 01:17:35 2015
0.00, 1.80, 1.56, 1.80 , -1.296026E-010, 3.167690E-010, 1.499848E-009, -9.118320E-014, 2.150400E+004 1.570926E+074 2.150400E+004, Sat Sep 05 01:17:43 2015
0.00, 1.80, 1.54, 1.80 , -2.105828E-010, 4.039690E-010, 1.450251E-009, -1.093510E-013, 2.150400E+004 1.570926E+074 2.150400E+004, Sat Sep 05 01:17:51 2015
0.00, 1.80, 1.52, 1.80 , -3.801816E-010, 5.774590E-010, 1.377342E-009, -9.496210E-014, 2.150400E+004 1.570926E+074 2.150400E+004, Sat Sep 05 01:17:55 2015
0.00, 1.80, 1.50, 1.80 , -7.202661E-010, 9.178270E-010, 1.314204E-009, -1.026030E-013, 2.150400E+004 1.570926E+074 2.150400E+004, Sat Sep 05 01:17:59 2015
0.00, 1.80, 1.48, 1.80 , -1.388872E-009, 1.587900E-009, 1.267626E-009, -9.027720E-014, 2.150400E+004 1.570926E+074 2.150400E+004, Sat Sep 05 01:18:04 2015
0.00, 1.80, 1.46, 1.80 , -2.623626E-009, 2.848680E-009, 1.230689E-009, -1.115680E-013, 2.150400E+004 1.570926E+074 2.150400E+004, Sat Sep 05 01:18:09 2015
0.00, 1.80, 1.44, 1.80 , -5.111568E-009, 5.324880E-009, 1.182015E-009, -8.653400E-014, 2.150400E+004 1.570926E+074 2.150400E+004, Sat Sep 05 01:18:12 2015
0.00, 1.80, 1.42, 1.80 , -9.773157E-009, 9.992410E-009, 1.122523E-009, -9.021760E-014, 2.150400E+004 1.570926E+074 2.150400E+004, Sat Sep 05 01:18:16 2015
0.00, 1.80, 1.40, 1.80 , -1.824524E-008, 1.840410E-008, 1.077664E-009, -8.560420E-014, 2.150400E+004 1.570926E+074 2.150400E+004, Sat Sep 05 01:18:20 2015
0.00, 1.80, 1.38, 1.80 , -3.310607E-008, 3.330360E-008, 1.028402E-009, -1.177910E-013, 2.150400E+004 1.570926E+074 2.150400E+004, Sat Sep 05 01:18:23 2015
0.00, 1.80, 1.36, 1.80 , -5.529720E-008, 5.581060E-008, 9.754497E-010, -8.833410E-014, 2.150400E+004 1.570926E+074 2.150400E+004, Sat Sep 05 01:18:27 2015
0.00, 1.80, 1.34, 1.80 , -9.574300E-008, 9.584670E-008, 9.397303E-010, -1.158000E-013, 2.150400E+004 1.570926E+074 2.150400E+004, Sat Sep 05 01:18:30 2015
0.00, 1.80, 1.32, 1.80 , -1.521544E-007, 1.484720E-007, 8.844728E-010, -6.048680E-014, 2.150400E+004 1.570926E+074 2.150400E+004, Sat Sep 05 01:18:36 2015
0.00, 1.80, 1.30, 1.80 , -2.320908E-007, 2.313800E-007, 8.635103E-010, -8.193250E-014, 2.150400E+004 1.570926E+074 2.150400E+004, Sat Sep 05 01:18:41 2015
0.00, 1.80, 1.28, 1.80 , -3.310002E-007, 3.379030E-007, 8.056120E-010, -8.525850E-014, 2.150400E+004 1.570926E+074 2.150400E+004, Sat Sep 05 01:18:44 2015
0.00, 1.80, 1.26, 1.80 , -4.689131E-007, 4.685760E-007, 7.593687E-010, -8.875130E-014, 2.150400E+004 1.570926E+074 2.150400E+004, Sat Sep 05 01:18:48 2015
0.00, 1.80, 1.24, 1.80 , -6.408712E-007, 6.414540E-007, 7.249896E-010, -1.031280E-013, 2.150400E+004 1.570926E+074 2.150400E+004, Sat Sep 05 01:18:51 2015
0.00, 1.80, 1.22, 1.80 , -8.522305E-007, 8.511080E-007, 6.956425E-010, -9.799000E-014, 2.150400E+004 1.570926E+074 2.150400E+004, Sat Sep 05 01:18:55 2015
0.00, 1.80, 1.20, 1.80 , -1.100470E-006, 1.100620E-006, 6.805916E-010, -9.202960E-014, 2.150400E+004 1.570926E+074 2.150400E+004, Sat Sep 05 01:18:59 2015
0.00, 1.80, 1.18, 1.80 , -1.390192E-006, 1.392750E-006, 6.267597E-010, -8.587840E-014, 2.150400E+004 1.570926E+074 2.150400E+004, Sat Sep 05 01:19:02 2015
0.00, 1.80, 1.16, 1.80 , -1.721947E-006, 1.723060E-006, 5.873086E-010, -1.073840E-013, 2.150400E+004 1.570926E+074 2.150400E+004, Sat Sep 05 01:19:06 2015
0.00, 1.80, 1.14, 1.80 , -2.096622E-006, 2.095700E-006, 5.507917E-010, -8.571150E-014, 2.150400E+004 1.570926E+074 2.150400E+004, Sat Sep 05 01:19:09 2015
0.00, 1.80, 1.12, 1.80 , -2.513417E-006, 2.514110E-006, 5.088248E-010, -9.138580E-014, 2.150400E+004 1.570926E+074 2.150400E+004, Sat Sep 05 01:19:13 2015
0.00, 1.80, 1.10, 1.80 , -2.973278E-006, 2.973020E-006, 4.712177E-010, -1.143220E-013, 2.150400E+004 1.570926E+074 2.150400E+004, Sat Sep 05 01:19:17 2015
0.00, 1.80, 1.08, 1.80 , -3.476028E-006, 3.475280E-006, 4.474046E-010, -8.957390E-014, 2.150400E+004 1.570926E+074 2.150400E+004, Sat Sep 05 01:19:20 2015
0.00, 1.80, 1.06, 1.80 , -4.019108E-006, 4.019610E-006, 4.119779E-010, -9.181500E-014, 2.150400E+004 1.570926E+074 2.150400E+004, Sat Sep 05 01:19:24 2015
0.00, 1.80, 1.04, 1.80 , -4.606872E-006, 4.605420E-006, 3.752933E-010, -1.143340E-013, 2.150400E+004 1.570926E+074 2.150400E+004, Sat Sep 05 01:19:27 2015
0.00, 1.80, 1.02, 1.80 , -5.226953E-006, 5.229800E-006, 3.463652E-010, -9.943250E-014, 2.150400E+004 1.570926E+074 2.150400E+004, Sat Sep 05 01:19:31 2015
0.00, 1.80, 1.00, 1.80 , -5.897624E-006, 5.897660E-006, 3.095549E-010, -1.070980E-013, 2.150400E+004 1.570926E+074 2.150400E+004, Sat Sep 05 01:19:34 2015
0.00, 1.80, 0.98, 1.80 , -6.600161E-006, 6.600860E-006, 2.847772E-010, -1.306890E-013, 2.150400E+004 1.570926E+074 2.150400E+004, Sat Sep 05 01:19:38 2015
0.00, 1.80, 0.96, 1.80 , -7.339528E-006, 7.337370E-006, 2.540880E-010, -8.318420E-014, 2.150400E+004 1.570926E+074 2.150400E+004, Sat Sep 05 01:19:41 2015
0.00, 1.80, 0.94, 1.80 , -8.117408E-006, 8.119550E-006, 2.286814E-010, -9.911060E-014, 2.150400E+004 1.570926E+074 2.150400E+004, Sat Sep 05 01:19:45 2015
0.00, 1.80, 0.92, 1.80 , -8.934404E-006, 8.934480E-006, 2.080963E-010, -1.001480E-013, 2.150400E+004 1.570926E+074 2.150400E+004, Sat Sep 05 01:19:48 2015
0.00, 1.80, 0.90, 1.80 , -9.787896E-006, 9.784690E-006, 1.865049E-010, -1.118780E-013, 2.150400E+004 1.570926E+074 2.150400E+004, Sat Sep 05 01:19:52 2015
0.00, 1.80, 0.88, 1.80 , -1.066955E-005, 1.066050E-005, 1.787907E-010, -9.021760E-014, 2.150400E+004 1.570926E+074 2.150400E+004, Sat Sep 05 01:19:56 2015
0.00, 1.80, 0.86, 1.80 , -1.159704E-005, 1.158420E-005, 1.475147E-010, -8.617640E-014, 2.150400E+004 1.570926E+074 2.150400E+004, Sat Sep 05 01:19:59 2015
0.00, 1.80, 0.84, 1.80 , -1.254190E-005, 1.253200E-005, 1.237430E-010, -7.292030E-014, 2.150400E+004 1.570926E+074 2.150400E+004, Sat Sep 05 01:20:03 2015
0.00, 1.80, 0.82, 1.80 , -1.352497E-005, 1.351770E-005, 1.044156E-010, -1.044270E-013, 2.150400E+004 1.570926E+074 2.150400E+004, Sat Sep 05 01:20:06 2015
0.00, 1.80, 0.80, 1.80 , -1.454573E-005, 1.453570E-005, 8.588480E-011, -9.921790E-014, 2.150400E+004 1.570926E+074 2.150400E+004, Sat Sep 05 01:20:10 2015
0.00, 1.80, 0.78, 1.80 , -1.559265E-005, 1.558310E-005, 7.066593E-011, -7.538800E-014, 2.150400E+004 1.570926E+074 2.150400E+004, Sat Sep 05 01:20:13 2015
0.00, 1.80, 0.76, 1.80 , -1.666877E-005, 1.666680E-005, 5.938815E-011, -1.111150E-013, 2.150400E+004 1.570926E+074 2.150400E+004, Sat Sep 05 01:20:17 2015
0.00, 1.80, 0.74, 1.80 , -1.777616E-005, 1.776800E-005, 4.538520E-011, -9.595160E-014, 2.150400E+004 1.570926E+074 2.150400E+004, Sat Sep 05 01:20:21 2015
0.00, 1.80, 0.72, 1.80 , -1.890699E-005, 1.890740E-005, 3.758711E-011, -7.255080E-014, 2.150400E+004 1.570926E+074 2.150400E+004, Sat Sep 05 01:20:24 2015
0.00, 1.80, 0.70, 1.80 , -2.007568E-005, 2.006760E-005, 2.626735E-011, -9.877680E-014, 2.150400E+004 1.570926E+074 2.150400E+004, Sat Sep 05 01:20:28 2015
0.00, 1.80, 0.68, 1.80 , -2.125310E-005, 2.123900E-005, 1.943358E-011, -7.869010E-014, 2.150400E+004 1.570926E+074 2.150400E+004, Sat Sep 05 01:20:31 2015
0.00, 1.80, 0.66, 1.80 , -2.245774E-005, 2.244860E-005, 1.666651E-011, -9.572510E-014, 2.150400E+004 1.570926E+074 2.150400E+004, Sat Sep 05 01:20:35 2015
0.00, 1.80, 0.64, 1.80 , -2.369956E-005, 2.368940E-005, 8.155740E-012, -1.045230E-013, 2.150400E+004 1.570926E+074 2.150400E+004, Sat Sep 05 01:20:38 2015
0.00, 1.80, 0.62, 1.80 , -2.495840E-005, 2.494830E-005, 6.814153E-012, -1.089690E-013, 2.150400E+004 1.570926E+074 2.150400E+004, Sat Sep 05 01:20:42 2015
0.00, 1.80, 0.60, 1.80 , -2.625108E-005, 2.623770E-005, -1.873276E-013, -8.323190E-014, 2.150400E+004 1.570926E+074 2.150400E+004, Sat Sep 05 01:20:45 2015
0.00, 1.80, 0.58, 1.80 , -2.756018E-005, 2.754820E-005, -3.834827E-012, -9.251830E-014, 2.150400E+004 1.570926E+074 2.150400E+004, Sat Sep 05 01:20:49 2015
0.00, 1.80, 0.56, 1.80 , -2.889199E-005, 2.888730E-005, -5.931079E-012, -8.931160E-014, 2.150400E+004 1.570926E+074 2.150400E+004, Sat Sep 05 01:20:52 2015
0.00, 1.80, 0.54, 1.80 , -3.024653E-005, 3.023740E-005, -9.997806E-012, -6.939170E-014, 2.150400E+004 1.570926E+074 2.150400E+004, Sat Sep 05 01:20:56 2015
0.00, 1.80, 0.52, 1.80 , -3.163419E-005, 3.160810E-005, -1.167480E-011, -1.135710E-013, 2.150400E+004 1.570926E+074 2.150400E+004, Sat Sep 05 01:21:00 2015
0.00, 1.80, 0.50, 1.80 , -3.302489E-005, 3.301610E-005, -1.318411E-011, -1.076940E-013, 2.150400E+004 1.570926E+074 2.150400E+004, Sat Sep 05 01:21:03 2015
0.00, 1.80, 0.48, 1.80 , -3.443355E-005, 3.443110E-005, -1.607694E-011, -1.201150E-013, 2.150400E+004 1.570926E+074 2.150400E+004, Sat Sep 05 01:21:07 2015
0.00, 1.80, 0.46, 1.80 , -3.588061E-005, 3.586380E-005, -1.834090E-011, -1.062990E-013, 2.150400E+004 1.570926E+074 2.150400E+004, Sat Sep 05 01:21:10 2015
0.00, 1.80, 0.44, 1.80 , -3.733878E-005, 3.733730E-005, -1.980827E-011, -9.397270E-014, 2.150400E+004 1.570926E+074 2.150400E+004, Sat Sep 05 01:21:14 2015
0.00, 1.80, 0.42, 1.80 , -3.881732E-005, 3.880750E-005, -2.194645E-011, -1.019000E-013, 2.150400E+004 1.570926E+074 2.150400E+004, Sat Sep 05 01:21:17 2015
0.00, 1.80, 0.40, 1.80 , -4.030810E-005, 4.029730E-005, -2.442016E-011, -9.570120E-014, 2.150400E+004 1.570926E+074 2.150400E+004, Sat Sep 05 01:21:21 2015
0.00, 1.80, 0.38, 1.80 , -4.181527E-005, 4.179310E-005, -2.773257E-011, -8.407830E-014, 2.150400E+004 1.570926E+074 2.150400E+004, Sat Sep 05 01:21:24 2015
0.00, 1.80, 0.36, 1.80 , -4.334212E-005, 4.332320E-005, -2.987096E-011, -1.107930E-013, 2.150400E+004 1.570926E+074 2.150400E+004, Sat Sep 05 01:21:28 2015
0.00, 1.80, 0.34, 1.80 , -4.489422E-005, 4.487470E-005, -2.966132E-011, -8.564000E-014, 2.150400E+004 1.570926E+074 2.150400E+004, Sat Sep 05 01:21:31 2015
0.00, 1.80, 0.32, 1.80 , -4.642608E-005, 4.641590E-005, -3.133849E-011, -7.849930E-014, 2.150400E+004 1.570926E+074 2.150400E+004, Sat Sep 05 01:21:35 2015
0.00, 1.80, 0.30, 1.80 , -4.801130E-005, 4.799170E-005, -3.314144E-011, -1.056910E-013, 2.150400E+004 1.570926E+074 2.150400E+004, Sat Sep 05 01:21:39 2015
0.00, 1.80, 0.28, 1.80 , -4.961901E-005, 4.958900E-005, -3.305759E-011, -8.318420E-014, 2.150400E+004 1.570926E+074 2.150400E+004, Sat Sep 05 01:21:42 2015
0.00, 1.80, 0.26, 1.80 , -5.116811E-005, 5.114990E-005, -3.712472E-011, -1.061440E-013, 2.150400E+004 1.570926E+074 2.150400E+004, Sat Sep 05 01:21:46 2015
0.00, 1.80, 0.24, 1.80 , -5.282471E-005, 5.282400E-005, -3.779560E-011, -7.554290E-014, 2.150400E+004 1.570926E+074 2.150400E+004, Sat Sep 05 01:21:49 2015
0.00, 1.80, 0.22, 1.80 , -5.444963E-005, 5.445830E-005, -4.056291E-011, -7.941720E-014, 2.150400E+004 1.570926E+074 2.150400E+004, Sat Sep 05 01:21:53 2015
0.00, 1.80, 0.20, 1.80 , -5.612308E-005, 5.611150E-005, -4.043714E-011, -8.350610E-014, 2.150400E+004 1.570926E+074 2.150400E+004, Sat Sep 05 01:21:56 2015
0.00, 1.80, 0.18, 1.80 , -5.780618E-005, 5.773360E-005, -4.286904E-011, -1.087070E-013, 2.150400E+004 1.570926E+074 2.150400E+004, Sat Sep 05 01:22:00 2015
0.00, 1.80, 0.16, 1.80 , -5.943147E-005, 5.942810E-005, -4.400111E-011, -9.205340E-014, 2.150400E+004 1.570926E+074 2.150400E+004, Sat Sep 05 01:22:03 2015
0.00, 1.80, 0.14, 1.80 , -6.114718E-005, 6.110300E-005, -4.668460E-011, -9.549860E-014, 2.150400E+004 1.570926E+074 2.150400E+004, Sat Sep 05 01:22:07 2015
0.00, 1.80, 0.12, 1.80 , -6.283326E-005, 6.282180E-005, -4.815212E-011, -1.085880E-013, 2.150400E+004 1.570926E+074 2.150400E+004, Sat Sep 05 01:22:11 2015
0.00, 1.80, 0.10, 1.80 , -6.452917E-005, 6.453250E-005, -4.785861E-011, -7.297990E-014, 2.150400E+004 1.570926E+074 2.150400E+004, Sat Sep 05 01:22:14 2015
0.00, 1.80, 0.08, 1.80 , -6.628130E-005, 6.628920E-005, -4.999699E-011, -1.120690E-013, 2.150400E+004 1.570926E+074 2.150400E+004, Sat Sep 05 01:22:18 2015
0.00, 1.80, 0.06, 1.80 , -6.804386E-005, 6.801180E-005, -5.033242E-011, -1.013640E-013, 2.150400E+004 1.570926E+074 2.150400E+004, Sat Sep 05 01:22:21 2015
0.00, 1.80, 0.04, 1.80 , -6.977184E-005, 6.973470E-005, -5.146451E-011, -1.021500E-013, 2.150400E+004 1.570926E+074 2.150400E+004, Sat Sep 05 01:22:25 2015
0.00, 1.80, 0.02, 1.80 , -7.154700E-005, 7.153590E-005, -5.372871E-011, -1.068470E-013, 2.150400E+004 1.570926E+074 2.150400E+004, Sat Sep 05 01:22:28 2015
0.00, 1.80, 0.00, 1.80 , -7.327290E-005, 7.326680E-005, -5.423187E-011, -8.763070E-014, 2.150400E+004 1.570926E+074 2.150400E+004, Sat Sep 05 01:22:32 2015
0.00, 1.80, -0.02, 1.80 , -7.511086E-005, 7.508740E-005, -5.586710E-011, -1.138810E-013, 2.150400E+004 1.570926E+074 2.150400E+004, Sat Sep 05 01:22:35 2015
0.00, 1.80, -0.04, 1.80 , -7.688474E-005, 7.687280E-005, -5.750233E-011, -9.088520E-014, 2.150400E+004 1.570926E+074 2.150400E+004, Sat Sep 05 01:22:39 2015
0.00, 1.80, -0.06, 1.80 , -7.869823E-005, 7.868160E-005, -5.670568E-011, -8.913280E-014, 2.150400E+004 1.570926E+074 2.150400E+004, Sat Sep 05 01:22:42 2015
0.00, 1.80, -0.08, 1.80 , -8.052314E-005, 8.049610E-005, -5.720884E-011, -1.016740E-013, 2.150400E+004 1.570926E+074 2.150400E+004, Sat Sep 05 01:22:46 2015
0.00, 1.80, -0.10, 1.80 , -8.232539E-005, 8.231740E-005, -5.989231E-011, -9.517670E-014, 2.150400E+004 1.570926E+074 2.150400E+004, Sat Sep 05 01:22:50 2015
0.00, 1.80, -0.12, 1.80 , -8.413498E-005, 8.417220E-005, -6.098248E-011, -9.562970E-014, 2.150400E+004 1.570926E+074 2.150400E+004, Sat Sep 05 01:22:53 2015
0.00, 1.80, -0.14, 1.80 , -8.602301E-005, 8.600820E-005, -6.374982E-011, -1.120330E-013, 2.150400E+004 1.570926E+074 2.150400E+004, Sat Sep 05 01:22:57 2015
0.00, 1.80, -0.16, 1.80 , -8.787659E-005, 8.782190E-005, -6.228229E-011, -8.476970E-014, 2.150400E+004 1.570926E+074 2.150400E+004, Sat Sep 05 01:23:00 2015
0.00, 1.80, -0.18, 1.80 , -8.972512E-005, 8.972590E-005, -6.630747E-011, -8.498430E-014, 2.150400E+004 1.570926E+074 2.150400E+004, Sat Sep 05 01:23:04 2015
0.00, 1.80, -0.20, 1.80 , -9.160150E-005, 9.161080E-005, -6.559472E-011, -8.511540E-014, 2.150400E+004 1.570926E+074 2.150400E+004, Sat Sep 05 01:23:07 2015
