1.80, 1.80, 0.20, 1.80 , 2.193258E-008, -2.183090E-008, -4.265948E-011, -1.017690E-013, 2.150400E+004 1.570926E+074 2.150400E+004, Sat Sep 05 01:48:04 2015
1.75, 1.80, 0.20, 1.80 , -4.339361E-006, 4.339910E-006, -4.010179E-011, -9.671450E-014, 2.150400E+004 1.570926E+074 2.150400E+004, Sat Sep 05 01:48:08 2015
1.70, 1.80, 0.20, 1.80 , -8.528602E-006, 8.527190E-006, -4.035335E-011, -1.040340E-013, 2.150400E+004 1.570926E+074 2.150400E+004, Sat Sep 05 01:48:11 2015
1.65, 1.80, 0.20, 1.80 , -1.252618E-005, 1.251430E-005, -4.152739E-011, -1.165750E-013, 2.150400E+004 1.570926E+074 2.150400E+004, Sat Sep 05 01:48:15 2015
1.60, 1.80, 0.20, 1.80 , -1.634494E-005, 1.633890E-005, -4.207245E-011, -1.192210E-013, 2.150400E+004 1.570926E+074 2.150400E+004, Sat Sep 05 01:48:19 2015
1.55, 1.80, 0.20, 1.80 , -1.999626E-005, 1.998620E-005, -3.867618E-011, -8.113380E-014, 2.150400E+004 1.570926E+074 2.150400E+004, Sat Sep 05 01:48:22 2015
1.50, 1.80, 0.20, 1.80 , -2.345154E-005, 2.346120E-005, -3.922126E-011, -1.034620E-013, 2.150400E+004 1.570926E+074 2.150400E+004, Sat Sep 05 01:48:26 2015
1.45, 1.80, 0.20, 1.80 , -2.675180E-005, 2.673440E-005, -3.762795E-011, -7.228850E-014, 2.150400E+004 1.570926E+074 2.150400E+004, Sat Sep 05 01:48:29 2015
1.40, 1.80, 0.20, 1.80 , -2.983997E-005, 2.982120E-005, -3.796338E-011, -1.007560E-013, 2.150400E+004 1.570926E+074 2.150400E+004, Sat Sep 05 01:48:33 2015
1.35, 1.80, 0.20, 1.80 , -3.272769E-005, 3.271490E-005, -3.796337E-011, -9.377000E-014, 2.150400E+004 1.570926E+074 2.150400E+004, Sat Sep 05 01:48:36 2015
1.30, 1.80, 0.20, 1.80 , -3.543319E-005, 3.541480E-005, -3.888583E-011, -9.932520E-014, 2.150400E+004 1.570926E+074 2.150400E+004, Sat Sep 05 01:48:40 2015
1.25, 1.80, 0.20, 1.80 , -3.789148E-005, 3.786800E-005, -3.926319E-011, -7.582900E-014, 2.150400E+004 1.570926E+074 2.150400E+004, Sat Sep 05 01:48:43 2015
1.20, 1.80, 0.20, 1.80 , -4.019453E-005, 4.017580E-005, -3.595075E-011, -1.154900E-013, 2.150400E+004 1.570926E+074 2.150400E+004, Sat Sep 05 01:48:47 2015
1.15, 1.80, 0.20, 1.80 , -4.228347E-005, 4.227890E-005, -3.775372E-011, -1.154070E-013, 2.150400E+004 1.570926E+074 2.150400E+004, Sat Sep 05 01:48:51 2015
1.10, 1.80, 0.20, 1.80 , -4.416223E-005, 4.415310E-005, -3.662163E-011, -1.082900E-013, 2.150400E+004 1.570926E+074 2.150400E+004, Sat Sep 05 01:48:54 2015
1.05, 1.80, 0.20, 1.80 , -4.585373E-005, 4.583260E-005, -3.683128E-011, -1.022700E-013, 2.150400E+004 1.570926E+074 2.150400E+004, Sat Sep 05 01:48:58 2015
1.00, 1.80, 0.20, 1.80 , -4.732991E-005, 4.731970E-005, -3.586691E-011, -9.952780E-014, 2.150400E+004 1.570926E+074 2.150400E+004, Sat Sep 05 01:49:01 2015
0.95, 1.80, 0.20, 1.80 , -4.865243E-005, 4.860380E-005, -3.691514E-011, -1.060250E-013, 2.150400E+004 1.570926E+074 2.150400E+004, Sat Sep 05 01:49:05 2015
0.90, 1.80, 0.20, 1.80 , -4.978657E-005, 4.976530E-005, -3.637005E-011, -9.499790E-014, 2.150400E+004 1.570926E+074 2.150400E+004, Sat Sep 05 01:49:08 2015
0.85, 1.80, 0.20, 1.80 , -5.071871E-005, 5.069810E-005, -3.683128E-011, -9.197000E-014, 2.150400E+004 1.570926E+074 2.150400E+004, Sat Sep 05 01:49:12 2015
0.80, 1.80, 0.20, 1.80 , -5.152719E-005, 5.152270E-005, -3.351886E-011, -9.667870E-014, 2.150400E+004 1.570926E+074 2.150400E+004, Sat Sep 05 01:49:15 2015
0.75, 1.80, 0.20, 1.80 , -5.224640E-005, 5.223480E-005, -3.515410E-011, -9.199380E-014, 2.150400E+004 1.570926E+074 2.150400E+004, Sat Sep 05 01:49:19 2015
0.70, 1.80, 0.20, 1.80 , -5.280212E-005, 5.279890E-005, -3.611848E-011, -1.028660E-013, 2.150400E+004 1.570926E+074 2.150400E+004, Sat Sep 05 01:49:22 2015
0.65, 1.80, 0.20, 1.80 , -5.329970E-005, 5.327010E-005, -3.603462E-011, -8.836980E-014, 2.150400E+004 1.570926E+074 2.150400E+004, Sat Sep 05 01:49:26 2015
0.60, 1.80, 0.20, 1.80 , -5.370937E-005, 5.369730E-005, -3.385429E-011, -9.152890E-014, 2.150400E+004 1.570926E+074 2.150400E+004, Sat Sep 05 01:49:30 2015
0.55, 1.80, 0.20, 1.80 , -5.401032E-005, 5.400720E-005, -3.439937E-011, -1.091840E-013, 2.150400E+004 1.570926E+074 2.150400E+004, Sat Sep 05 01:49:33 2015
0.50, 1.80, 0.20, 1.80 , -5.432185E-005, 5.434200E-005, -3.737636E-011, -1.030330E-013, 2.150400E+004 1.570926E+074 2.150400E+004, Sat Sep 05 01:49:37 2015
0.45, 1.80, 0.20, 1.80 , -5.462555E-005, 5.461670E-005, -3.519603E-011, -1.049640E-013, 2.150400E+004 1.570926E+074 2.150400E+004, Sat Sep 05 01:49:40 2015
0.40, 1.80, 0.20, 1.80 , -5.486833E-005, 5.484920E-005, -3.385428E-011, -1.045940E-013, 2.150400E+004 1.570926E+074 2.150400E+004, Sat Sep 05 01:49:44 2015
0.35, 1.80, 0.20, 1.80 , -5.506599E-005, 5.506690E-005, -3.385428E-011, -1.076460E-013, 2.150400E+004 1.570926E+074 2.150400E+004, Sat Sep 05 01:49:47 2015
0.30, 1.80, 0.20, 1.80 , -5.526701E-005, 5.523710E-005, -3.356078E-011, -9.454490E-014, 2.150400E+004 1.570926E+074 2.150400E+004, Sat Sep 05 01:49:51 2015
0.25, 1.80, 0.20, 1.80 , -5.544843E-005, 5.540620E-005, -3.347692E-011, -9.849070E-014, 2.150400E+004 1.570926E+074 2.150400E+004, Sat Sep 05 01:49:54 2015
0.20, 1.80, 0.20, 1.80 , -5.559950E-005, 5.558220E-005, -3.439937E-011, -1.045820E-013, 2.150400E+004 1.570926E+074 2.150400E+004, Sat Sep 05 01:49:58 2015
0.15, 1.80, 0.20, 1.80 , -5.576863E-005, 5.574410E-005, -3.691513E-011, -9.645220E-014, 2.150400E+004 1.570926E+074 2.150400E+004, Sat Sep 05 01:50:02 2015
0.10, 1.80, 0.20, 1.80 , -5.592331E-005, 5.586840E-005, -3.427359E-011, -1.065370E-013, 2.150400E+004 1.570926E+074 2.150400E+004, Sat Sep 05 01:50:05 2015
0.05, 1.80, 0.20, 1.80 , -5.604740E-005, 5.604260E-005, -3.632811E-011, -1.033430E-013, 2.150400E+004 1.570926E+074 2.150400E+004, Sat Sep 05 01:50:09 2015
0.00, 1.80, 0.20, 1.80 , -5.616450E-005, 5.616560E-005, -3.339306E-011, -1.042010E-013, 2.150400E+004 1.570926E+074 2.150400E+004, Sat Sep 05 01:50:12 2015
-0.05, 1.80, 0.20, 1.80 , -5.627817E-005, 5.625700E-005, -3.347692E-011, -8.583070E-014, 2.150400E+004 1.570926E+074 2.150400E+004, Sat Sep 05 01:50:16 2015
-0.10, 1.80, 0.20, 1.80 , -5.637167E-005, 5.635890E-005, -3.305763E-011, -9.846690E-014, 2.150400E+004 1.570926E+074 2.150400E+004, Sat Sep 05 01:50:19 2015
-0.15, 1.80, 0.20, 1.80 , -5.654159E-005, 5.652090E-005, -3.184168E-011, -9.160040E-014, 2.150400E+004 1.570926E+074 2.150400E+004, Sat Sep 05 01:50:23 2015
-0.20, 1.80, 0.20, 1.80 , -5.665166E-005, 5.663240E-005, -3.364464E-011, -8.800030E-014, 2.150400E+004 1.570926E+074 2.150400E+004, Sat Sep 05 01:50:26 2015
