1.80, 1.80, -0.20, 1.80 , -7.681045E-013, 1.223320E-011, -4.198809E-011, -1.038190E-013, 2.150400E+004 1.570926E+074 2.150400E+004, Sun Oct 11 20:04:28 2015
1.75, 1.80, -0.20, 1.80 , -1.514307E-007, 1.518430E-007, -4.232353E-011, -1.004820E-013, 2.150400E+004 1.570926E+074 2.150400E+004, Sun Oct 11 20:04:34 2015
1.70, 1.80, -0.20, 1.80 , -8.208323E-007, 8.216930E-007, -4.001746E-011, -1.069780E-013, 2.150400E+004 1.570926E+074 2.150400E+004, Sun Oct 11 20:04:38 2015
1.65, 1.80, -0.20, 1.80 , -2.458047E-006, 2.460250E-006, -4.177844E-011, -9.200570E-014, 2.150400E+004 1.570926E+074 2.150400E+004, Sun Oct 11 20:04:41 2015
1.60, 1.80, -0.20, 1.80 , -5.827821E-006, 5.830660E-006, -4.161073E-011, -9.840730E-014, 2.150400E+004 1.570926E+074 2.150400E+004, Sun Oct 11 20:04:45 2015
1.55, 1.80, -0.20, 1.80 , -1.047731E-005, 1.047640E-005, -4.127531E-011, -1.078720E-013, 2.150400E+004 1.570926E+074 2.150400E+004, Sun Oct 11 20:04:48 2015
1.50, 1.80, -0.20, 1.80 , -1.564306E-005, 1.563790E-005, -3.968203E-011, -8.921620E-014, 2.150400E+004 1.570926E+074 2.150400E+004, Sun Oct 11 20:04:52 2015
1.45, 1.80, -0.20, 1.80 , -2.096407E-005, 2.095690E-005, -4.014324E-011, -1.097560E-013, 2.150400E+004 1.570926E+074 2.150400E+004, Sun Oct 11 20:04:56 2015
1.40, 1.80, -0.20, 1.80 , -2.627881E-005, 2.627330E-005, -4.056251E-011, -1.148220E-013, 2.150400E+004 1.570926E+074 2.150400E+004, Sun Oct 11 20:04:59 2015
1.35, 1.80, -0.20, 1.80 , -3.151414E-005, 3.150550E-005, -4.052061E-011, -9.990930E-014, 2.150400E+004 1.570926E+074 2.150400E+004, Sun Oct 11 20:05:03 2015
1.30, 1.80, -0.20, 1.80 , -3.662646E-005, 3.661730E-005, -4.215581E-011, -1.100780E-013, 2.150400E+004 1.570926E+074 2.150400E+004, Sun Oct 11 20:05:06 2015
1.25, 1.80, -0.20, 1.80 , -4.159465E-005, 4.158280E-005, -4.144302E-011, -1.032470E-013, 2.150400E+004 1.570926E+074 2.150400E+004, Sun Oct 11 20:05:10 2015
1.20, 1.80, -0.20, 1.80 , -4.639274E-005, 4.638140E-005, -4.144302E-011, -1.094580E-013, 2.150400E+004 1.570926E+074 2.150400E+004, Sun Oct 11 20:05:13 2015
1.15, 1.80, -0.20, 1.80 , -5.099446E-005, 5.097960E-005, -4.081410E-011, -9.089710E-014, 2.150400E+004 1.570926E+074 2.150400E+004, Sun Oct 11 20:05:17 2015
1.10, 1.80, -0.20, 1.80 , -5.536295E-005, 5.534890E-005, -4.131725E-011, -9.183880E-014, 2.150400E+004 1.570926E+074 2.150400E+004, Sun Oct 11 20:05:20 2015
1.05, 1.80, -0.20, 1.80 , -5.948295E-005, 5.947030E-005, -4.110760E-011, -1.138090E-013, 2.150400E+004 1.570926E+074 2.150400E+004, Sun Oct 11 20:05:24 2015
1.00, 1.80, -0.20, 1.80 , -6.336605E-005, 6.335300E-005, -3.829840E-011, -1.121760E-013, 2.150400E+004 1.570926E+074 2.150400E+004, Sun Oct 11 20:05:27 2015
0.95, 1.80, -0.20, 1.80 , -6.699724E-005, 6.697840E-005, -3.821454E-011, -9.620190E-014, 2.150400E+004 1.570926E+074 2.150400E+004, Sun Oct 11 20:05:31 2015
0.90, 1.80, -0.20, 1.80 , -7.036309E-005, 7.034500E-005, -3.964010E-011, -8.962150E-014, 2.150400E+004 1.570926E+074 2.150400E+004, Sun Oct 11 20:05:35 2015
0.85, 1.80, -0.20, 1.80 , -7.347613E-005, 7.345780E-005, -3.989168E-011, -8.274320E-014, 2.150400E+004 1.570926E+074 2.150400E+004, Sun Oct 11 20:05:38 2015
0.80, 1.80, -0.20, 1.80 , -7.630911E-005, 7.628880E-005, -4.286858E-011, -1.048330E-013, 2.150400E+004 1.570926E+074 2.150400E+004, Sun Oct 11 20:05:42 2015
0.75, 1.80, -0.20, 1.80 , -7.885262E-005, 7.883800E-005, -3.787912E-011, -8.726120E-014, 2.150400E+004 1.570926E+074 2.150400E+004, Sun Oct 11 20:05:45 2015
0.70, 1.80, -0.20, 1.80 , -8.113431E-005, 8.111710E-005, -4.127532E-011, -1.101610E-013, 2.150400E+004 1.570926E+074 2.150400E+004, Sun Oct 11 20:05:49 2015
0.65, 1.80, -0.20, 1.80 , -8.316361E-005, 8.314140E-005, -4.010131E-011, -8.713010E-014, 2.150400E+004 1.570926E+074 2.150400E+004, Sun Oct 11 20:05:52 2015
0.60, 1.80, -0.20, 1.80 , -8.492575E-005, 8.490310E-005, -3.993361E-011, -9.233950E-014, 2.150400E+004 1.570926E+074 2.150400E+004, Sun Oct 11 20:05:56 2015
0.55, 1.80, -0.20, 1.80 , -8.642121E-005, 8.640500E-005, -4.073024E-011, -8.786920E-014, 2.150400E+004 1.570926E+074 2.150400E+004, Sun Oct 11 20:05:59 2015
0.50, 1.80, -0.20, 1.80 , -8.768673E-005, 8.766240E-005, -4.056252E-011, -1.075630E-013, 2.150400E+004 1.570926E+074 2.150400E+004, Sun Oct 11 20:06:03 2015
0.45, 1.80, -0.20, 1.80 , -8.872159E-005, 8.870090E-005, -4.102373E-011, -9.454490E-014, 2.150400E+004 1.570926E+074 2.150400E+004, Sun Oct 11 20:06:06 2015
0.40, 1.80, -0.20, 1.80 , -8.956127E-005, 8.953980E-005, -3.720826E-011, -9.135010E-014, 2.150400E+004 1.570926E+074 2.150400E+004, Sun Oct 11 20:06:10 2015
0.35, 1.80, -0.20, 1.80 , -9.023412E-005, 9.021240E-005, -4.261702E-011, -1.136180E-013, 2.150400E+004 1.570926E+074 2.150400E+004, Sun Oct 11 20:06:14 2015
0.30, 1.80, -0.20, 1.80 , -9.076971E-005, 9.074780E-005, -3.964010E-011, -9.279250E-014, 2.150400E+004 1.570926E+074 2.150400E+004, Sun Oct 11 20:06:17 2015
0.25, 1.80, -0.20, 1.80 , -9.120141E-005, 9.117630E-005, -4.110759E-011, -1.044390E-013, 2.150400E+004 1.570926E+074 2.150400E+004, Sun Oct 11 20:06:21 2015
0.20, 1.80, -0.20, 1.80 , -9.152887E-005, 9.151140E-005, -4.089794E-011, -9.607080E-014, 2.150400E+004 1.570926E+074 2.150400E+004, Sun Oct 11 20:06:24 2015
0.15, 1.80, -0.20, 1.80 , -9.180853E-005, 9.178450E-005, -3.980781E-011, -1.011250E-013, 2.150400E+004 1.570926E+074 2.150400E+004, Sun Oct 11 20:06:28 2015
0.10, 1.80, -0.20, 1.80 , -9.203305E-005, 9.200560E-005, -4.232350E-011, -1.018170E-013, 2.150400E+004 1.570926E+074 2.150400E+004, Sun Oct 11 20:06:31 2015
0.05, 1.80, -0.20, 1.80 , -9.221316E-005, 9.219040E-005, -3.758562E-011, -8.991960E-014, 2.150400E+004 1.570926E+074 2.150400E+004, Sun Oct 11 20:06:35 2015
0.00, 1.80, -0.20, 1.80 , -9.237142E-005, 9.234640E-005, -3.926275E-011, -8.575920E-014, 2.150400E+004 1.570926E+074 2.150400E+004, Sun Oct 11 20:06:38 2015
-0.05, 1.80, -0.20, 1.80 , -9.249964E-005, 9.247730E-005, -4.114953E-011, -1.153110E-013, 2.150400E+004 1.570926E+074 2.150400E+004, Sun Oct 11 20:06:42 2015
-0.10, 1.80, -0.20, 1.80 , -9.262172E-005, 9.260320E-005, -4.110759E-011, -9.963510E-014, 2.150400E+004 1.570926E+074 2.150400E+004, Sun Oct 11 20:06:45 2015
-0.15, 1.80, -0.20, 1.80 , -9.273387E-005, 9.271030E-005, -4.131723E-011, -9.568930E-014, 2.150400E+004 1.570926E+074 2.150400E+004, Sun Oct 11 20:06:49 2015
-0.20, 1.80, -0.20, 1.80 , -9.282342E-005, 9.279610E-005, -3.980781E-011, -9.033680E-014, 2.150400E+004 1.570926E+074 2.150400E+004, Sun Oct 11 20:06:52 2015
