1.75, 1.80, 1.80, 1.80 , -2.368267E-011, 8.649890E-012, 6.448577E-005, -7.709260E-014, 2.150400E+004 1.570926E+074 2.150400E+004, Sun Oct 11 17:12:03 2015
1.75, 1.80, 1.78, 1.80 , -2.515965E-011, 8.409140E-012, 6.245718E-005, -9.127860E-014, 2.150400E+004 1.570926E+074 2.150400E+004, Sun Oct 11 17:12:18 2015
1.75, 1.80, 1.76, 1.80 , -2.591924E-011, 7.799400E-012, 6.045517E-005, -8.404250E-014, 2.150400E+004 1.570926E+074 2.150400E+004, Sun Oct 11 17:12:58 2015
1.75, 1.80, 1.74, 1.80 , -2.680546E-011, 7.673760E-012, 5.846355E-005, -9.583240E-014, 2.150400E+004 1.570926E+074 2.150400E+004, Sun Oct 11 17:13:45 2015
1.75, 1.80, 1.72, 1.80 , -2.545503E-011, 7.647540E-012, 5.647069E-005, -9.136200E-014, 2.150400E+004 1.570926E+074 2.150400E+004, Sun Oct 11 17:14:29 2015
1.75, 1.80, 1.70, 1.80 , -2.684763E-011, 7.705700E-012, 5.447175E-005, -1.041890E-013, 2.150400E+004 1.570926E+074 2.150400E+004, Sun Oct 11 17:14:37 2015
1.75, 1.80, 1.68, 1.80 , -2.503304E-011, 7.780830E-012, 5.246346E-005, -9.708410E-014, 2.150400E+004 1.570926E+074 2.150400E+004, Sun Oct 11 17:14:50 2015
1.75, 1.80, 1.66, 1.80 , -2.646784E-011, 7.822180E-012, 5.048896E-005, -9.268520E-014, 2.150400E+004 1.570926E+074 2.150400E+004, Sun Oct 11 17:14:56 2015
1.75, 1.80, 1.64, 1.80 , -2.735403E-011, 7.816910E-012, 4.849962E-005, -1.025080E-013, 2.150400E+004 1.570926E+074 2.150400E+004, Sun Oct 11 17:15:04 2015
1.75, 1.80, 1.62, 1.80 , -2.579262E-011, 8.091250E-012, 4.655250E-005, -9.515290E-014, 2.150400E+004 1.570926E+074 2.150400E+004, Sun Oct 11 17:15:25 2015
1.75, 1.80, 1.60, 1.80 , -2.461102E-011, 8.005170E-012, 4.456985E-005, -1.131060E-013, 2.150400E+004 1.570926E+074 2.150400E+004, Sun Oct 11 17:15:34 2015
1.75, 1.80, 1.58, 1.80 , -2.385144E-011, 8.100330E-012, 4.262003E-005, -1.183630E-013, 2.150400E+004 1.570926E+074 2.150400E+004, Sun Oct 11 17:15:53 2015
1.75, 1.80, 1.56, 1.80 , -2.482202E-011, 8.210560E-012, 4.066620E-005, -1.005650E-013, 2.150400E+004 1.570926E+074 2.150400E+004, Sun Oct 11 17:16:25 2015
1.75, 1.80, 1.54, 1.80 , -2.583484E-011, 8.175310E-012, 3.873569E-005, -8.231400E-014, 2.150400E+004 1.570926E+074 2.150400E+004, Sun Oct 11 17:16:36 2015
1.75, 1.80, 1.52, 1.80 , -2.435781E-011, 8.187270E-012, 3.680170E-005, -8.581880E-014, 2.150400E+004 1.570926E+074 2.150400E+004, Sun Oct 11 17:17:06 2015
1.75, 1.80, 1.50, 1.80 , -2.448441E-011, 8.338950E-012, 3.485633E-005, -8.620020E-014, 2.150400E+004 1.570926E+074 2.150400E+004, Sun Oct 11 17:17:17 2015
1.75, 1.80, 1.48, 1.80 , -2.722743E-011, 8.123740E-012, 3.293716E-005, -7.380250E-014, 2.150400E+004 1.570926E+074 2.150400E+004, Sun Oct 11 17:18:10 2015
1.75, 1.80, 1.46, 1.80 , -2.515964E-011, 8.417710E-012, 3.102193E-005, -9.176730E-014, 2.150400E+004 1.570926E+074 2.150400E+004, Sun Oct 11 17:18:20 2015
1.75, 1.80, 1.44, 1.80 , -2.625683E-011, 8.352330E-012, 2.912794E-005, -1.133560E-013, 2.150400E+004 1.570926E+074 2.150400E+004, Sun Oct 11 17:18:55 2015
1.75, 1.80, 1.42, 1.80 , -2.364043E-011, 8.490860E-012, 2.722628E-005, -8.746390E-014, 2.150400E+004 1.570926E+074 2.150400E+004, Sun Oct 11 17:19:09 2015
1.75, 1.80, 1.40, 1.80 , -2.364045E-011, 8.510670E-012, 2.532056E-005, -7.475610E-014, 2.150400E+004 1.570926E+074 2.150400E+004, Sun Oct 11 17:19:21 2015
1.75, 1.80, 1.38, 1.80 , -2.304964E-011, 8.760830E-012, 2.343499E-005, -1.109480E-013, 2.150400E+004 1.570926E+074 2.150400E+004, Sun Oct 11 17:19:37 2015
1.75, 1.80, 1.36, 1.80 , -2.435782E-011, 8.539990E-012, 2.154230E-005, -1.032350E-013, 2.150400E+004 1.570926E+074 2.150400E+004, Sun Oct 11 17:20:30 2015
1.75, 1.80, 1.34, 1.80 , -2.414683E-011, 8.793100E-012, 1.965847E-005, -8.566380E-014, 2.150400E+004 1.570926E+074 2.150400E+004, Sun Oct 11 17:20:43 2015
1.75, 1.80, 1.32, 1.80 , -2.461102E-011, 8.703100E-012, 1.779570E-005, -1.173970E-013, 2.150400E+004 1.570926E+074 2.150400E+004, Sun Oct 11 17:21:27 2015
1.75, 1.80, 1.30, 1.80 , -2.494860E-011, 8.948600E-012, 1.591759E-005, -1.070380E-013, 2.150400E+004 1.570926E+074 2.150400E+004, Sun Oct 11 17:21:42 2015
1.75, 1.80, 1.28, 1.80 , 7.755776E-012, 7.983590E-012, 1.392205E-005, -8.684400E-014, 2.150400E+004 1.570926E+074 2.150400E+004, Sun Oct 11 17:22:01 2015
1.75, 1.80, 1.26, 1.80 , -3.215705E-012, 2.580160E-011, 9.451684E-006, -8.637910E-014, 2.150400E+004 1.570926E+074 2.150400E+004, Sun Oct 11 17:22:12 2015
1.75, 1.80, 1.24, 1.80 , -2.469542E-011, 9.408550E-012, 5.780322E-010, -7.137060E-014, 2.150400E+004 1.570926E+074 2.150400E+004, Sun Oct 11 17:22:28 2015
1.75, 1.80, 1.22, 1.80 , -2.596141E-011, 9.561400E-012, 3.674755E-011, -9.071830E-014, 2.150400E+004 1.570926E+074 2.150400E+004, Sun Oct 11 17:23:06 2015
1.75, 1.80, 1.20, 1.80 , -3.714437E-011, 2.379260E-011, -1.452588E-011, -8.460280E-014, 2.150400E+004 1.570926E+074 2.150400E+004, Sun Oct 11 17:23:15 2015
1.75, 1.80, 1.18, 1.80 , -1.004020E-010, 8.451150E-011, -2.081452E-011, -1.189230E-013, 2.150400E+004 1.570926E+074 2.150400E+004, Sun Oct 11 17:23:20 2015
1.75, 1.80, 1.16, 1.80 , -5.305872E-010, 5.107050E-010, -2.492328E-011, -8.414980E-014, 2.150400E+004 1.570926E+074 2.150400E+004, Sun Oct 11 17:23:26 2015
1.75, 1.80, 1.14, 1.80 , -1.828066E-009, 1.811380E-009, -2.312036E-011, -1.060720E-013, 2.150400E+004 1.570926E+074 2.150400E+004, Sun Oct 11 17:23:32 2015
1.75, 1.80, 1.12, 1.80 , -5.164677E-009, 5.138920E-009, -2.710356E-011, -1.044510E-013, 2.150400E+004 1.570926E+074 2.150400E+004, Sun Oct 11 17:23:35 2015
1.75, 1.80, 1.10, 1.80 , -8.791510E-009, 8.894250E-009, -2.555221E-011, -9.661910E-014, 2.150400E+004 1.570926E+074 2.150400E+004, Sun Oct 11 17:23:39 2015
1.75, 1.80, 1.08, 1.80 , -1.586226E-008, 1.600570E-008, -2.848720E-011, -1.088020E-013, 2.150400E+004 1.570926E+074 2.150400E+004, Sun Oct 11 17:23:43 2015
1.75, 1.80, 1.06, 1.80 , -2.155050E-008, 2.155800E-008, -2.773248E-011, -9.386540E-014, 2.150400E+004 1.570926E+074 2.150400E+004, Sun Oct 11 17:23:46 2015
1.75, 1.80, 1.04, 1.80 , -2.641915E-008, 2.642880E-008, -2.810984E-011, -1.262550E-013, 2.150400E+004 1.570926E+074 2.150400E+004, Sun Oct 11 17:23:50 2015
1.75, 1.80, 1.02, 1.80 , -3.207107E-008, 3.215730E-008, -2.710356E-011, -9.989740E-014, 2.150400E+004 1.570926E+074 2.150400E+004, Sun Oct 11 17:23:53 2015
1.75, 1.80, 1.00, 1.80 , -3.896156E-008, 3.904320E-008, -2.769056E-011, -9.583240E-014, 2.150400E+004 1.570926E+074 2.150400E+004, Sun Oct 11 17:23:57 2015
1.75, 1.80, 0.98, 1.80 , -4.605043E-008, 4.613870E-008, -2.970313E-011, -9.837150E-014, 2.150400E+004 1.570926E+074 2.150400E+004, Sun Oct 11 17:24:00 2015
1.75, 1.80, 0.96, 1.80 , -5.028996E-008, 5.036160E-008, -2.655849E-011, -1.053090E-013, 2.150400E+004 1.570926E+074 2.150400E+004, Sun Oct 11 17:24:04 2015
1.75, 1.80, 0.94, 1.80 , -5.405406E-008, 5.410100E-008, -2.831949E-011, -8.382800E-014, 2.150400E+004 1.570926E+074 2.150400E+004, Sun Oct 11 17:24:07 2015
1.75, 1.80, 0.92, 1.80 , -5.737481E-008, 5.749700E-008, -2.869684E-011, -8.991960E-014, 2.150400E+004 1.570926E+074 2.150400E+004, Sun Oct 11 17:24:11 2015
1.75, 1.80, 0.90, 1.80 , -6.047788E-008, 6.063020E-008, -2.777441E-011, -1.025800E-013, 2.150400E+004 1.570926E+074 2.150400E+004, Sun Oct 11 17:24:15 2015
1.75, 1.80, 0.88, 1.80 , -6.395589E-008, 6.410930E-008, -2.748092E-011, -8.126500E-014, 2.150400E+004 1.570926E+074 2.150400E+004, Sun Oct 11 17:24:18 2015
1.75, 1.80, 0.86, 1.80 , -6.673962E-008, 6.688760E-008, -3.175762E-011, -1.069900E-013, 2.150400E+004 1.570926E+074 2.150400E+004, Sun Oct 11 17:24:22 2015
1.75, 1.80, 0.84, 1.80 , -6.875206E-008, 6.885610E-008, -3.008048E-011, -9.937290E-014, 2.150400E+004 1.570926E+074 2.150400E+004, Sun Oct 11 17:24:25 2015
1.75, 1.80, 0.82, 1.80 , -7.154378E-008, 7.169420E-008, -2.966120E-011, -9.179120E-014, 2.150400E+004 1.570926E+074 2.150400E+004, Sun Oct 11 17:24:29 2015
1.75, 1.80, 0.80, 1.80 , -7.433647E-008, 7.442820E-008, -3.238655E-011, -8.921620E-014, 2.150400E+004 1.570926E+074 2.150400E+004, Sun Oct 11 17:24:32 2015
1.75, 1.80, 0.78, 1.80 , -7.746817E-008, 7.753720E-008, -3.154798E-011, -1.048560E-013, 2.150400E+004 1.570926E+074 2.150400E+004, Sun Oct 11 17:24:36 2015
1.75, 1.80, 0.76, 1.80 , -8.055427E-008, 8.074320E-008, -2.907420E-011, -8.742810E-014, 2.150400E+004 1.570926E+074 2.150400E+004, Sun Oct 11 17:24:40 2015
1.75, 1.80, 0.74, 1.80 , -8.413340E-008, 8.428190E-008, -2.840335E-011, -1.152160E-013, 2.150400E+004 1.570926E+074 2.150400E+004, Sun Oct 11 17:24:43 2015
1.75, 1.80, 0.72, 1.80 , -8.703500E-008, 8.714300E-008, -3.024819E-011, -9.976630E-014, 2.150400E+004 1.570926E+074 2.150400E+004, Sun Oct 11 17:24:47 2015
1.75, 1.80, 0.70, 1.80 , -8.937248E-008, 8.943720E-008, -3.037398E-011, -1.035570E-013, 2.150400E+004 1.570926E+074 2.150400E+004, Sun Oct 11 17:24:50 2015
1.75, 1.80, 0.68, 1.80 , -9.168679E-008, 9.181170E-008, -3.209306E-011, -1.006600E-013, 2.150400E+004 1.570926E+074 2.150400E+004, Sun Oct 11 17:24:54 2015
1.75, 1.80, 0.66, 1.80 , -9.280735E-008, 9.292010E-008, -2.953542E-011, -7.833240E-014, 2.150400E+004 1.570926E+074 2.150400E+004, Sun Oct 11 17:24:57 2015
1.75, 1.80, 0.64, 1.80 , -9.334693E-008, 9.344310E-008, -3.150605E-011, -8.692740E-014, 2.150400E+004 1.570926E+074 2.150400E+004, Sun Oct 11 17:25:01 2015
1.75, 1.80, 0.62, 1.80 , -9.303715E-008, 9.312510E-008, -3.385404E-011, -9.355550E-014, 2.150400E+004 1.570926E+074 2.150400E+004, Sun Oct 11 17:25:04 2015
1.75, 1.80, 0.60, 1.80 , -9.191698E-008, 9.216790E-008, -3.456684E-011, -9.336470E-014, 2.150400E+004 1.570926E+074 2.150400E+004, Sun Oct 11 17:25:08 2015
1.75, 1.80, 0.58, 1.80 , -9.096969E-008, 9.098940E-008, -3.242848E-011, -1.013400E-013, 2.150400E+004 1.570926E+074 2.150400E+004, Sun Oct 11 17:25:12 2015
1.75, 1.80, 0.56, 1.80 , -9.060488E-008, 9.083330E-008, -3.217691E-011, -9.979010E-014, 2.150400E+004 1.570926E+074 2.150400E+004, Sun Oct 11 17:25:15 2015
1.75, 1.80, 0.54, 1.80 , -9.097561E-008, 9.113840E-008, -3.360247E-011, -1.018520E-013, 2.150400E+004 1.570926E+074 2.150400E+004, Sun Oct 11 17:25:19 2015
1.75, 1.80, 0.52, 1.80 , -9.197898E-008, 9.213820E-008, -3.393790E-011, -9.973050E-014, 2.150400E+004 1.570926E+074 2.150400E+004, Sun Oct 11 17:25:22 2015
1.75, 1.80, 0.50, 1.80 , -9.399102E-008, 9.412700E-008, -3.448297E-011, -8.521080E-014, 2.150400E+004 1.570926E+074 2.150400E+004, Sun Oct 11 17:25:26 2015
1.75, 1.80, 0.48, 1.80 , -9.628334E-008, 9.645990E-008, -3.402176E-011, -8.698700E-014, 2.150400E+004 1.570926E+074 2.150400E+004, Sun Oct 11 17:25:29 2015
1.75, 1.80, 0.46, 1.80 , -9.898794E-008, 9.920870E-008, -3.402176E-011, -9.647610E-014, 2.150400E+004 1.570926E+074 2.150400E+004, Sun Oct 11 17:25:33 2015
1.75, 1.80, 0.44, 1.80 , -1.016038E-007, 1.018050E-007, -3.431526E-011, -1.157520E-013, 2.150400E+004 1.570926E+074 2.150400E+004, Sun Oct 11 17:25:37 2015
1.75, 1.80, 0.42, 1.80 , -1.040294E-007, 1.043030E-007, -3.582468E-011, -9.906290E-014, 2.150400E+004 1.570926E+074 2.150400E+004, Sun Oct 11 17:25:40 2015
1.75, 1.80, 0.40, 1.80 , -1.068049E-007, 1.070200E-007, -3.397983E-011, -9.787080E-014, 2.150400E+004 1.570926E+074 2.150400E+004, Sun Oct 11 17:25:44 2015
1.75, 1.80, 0.38, 1.80 , -1.097928E-007, 1.099710E-007, -3.179955E-011, -1.084210E-013, 2.150400E+004 1.570926E+074 2.150400E+004, Sun Oct 11 17:25:47 2015
1.75, 1.80, 0.36, 1.80 , -1.130794E-007, 1.133190E-007, -3.339283E-011, -7.458930E-014, 2.150400E+004 1.570926E+074 2.150400E+004, Sun Oct 11 17:25:51 2015
1.75, 1.80, 0.34, 1.80 , -1.161870E-007, 1.164580E-007, -3.653746E-011, -9.940860E-014, 2.150400E+004 1.570926E+074 2.150400E+004, Sun Oct 11 17:25:54 2015
1.75, 1.80, 0.32, 1.80 , -1.190281E-007, 1.193100E-007, -3.519575E-011, -8.944270E-014, 2.150400E+004 1.570926E+074 2.150400E+004, Sun Oct 11 17:25:58 2015
1.75, 1.80, 0.30, 1.80 , -1.214553E-007, 1.217370E-007, -3.787918E-011, -1.077890E-013, 2.150400E+004 1.570926E+074 2.150400E+004, Sun Oct 11 17:26:01 2015
1.75, 1.80, 0.28, 1.80 , -1.238033E-007, 1.239930E-007, -3.557311E-011, -9.934900E-014, 2.150400E+004 1.570926E+074 2.150400E+004, Sun Oct 11 17:26:05 2015
1.75, 1.80, 0.26, 1.80 , -1.262290E-007, 1.263790E-007, -3.636975E-011, -1.072410E-013, 2.150400E+004 1.570926E+074 2.150400E+004, Sun Oct 11 17:26:09 2015
1.75, 1.80, 0.24, 1.80 , -1.286509E-007, 1.289020E-007, -3.603432E-011, -9.791850E-014, 2.150400E+004 1.570926E+074 2.150400E+004, Sun Oct 11 17:26:12 2015
1.75, 1.80, 0.22, 1.80 , -1.306653E-007, 1.311340E-007, -3.808881E-011, -8.256440E-014, 2.150400E+004 1.570926E+074 2.150400E+004, Sun Oct 11 17:26:16 2015
1.75, 1.80, 0.20, 1.80 , -1.319630E-007, 1.321330E-007, -3.188341E-011, -9.796620E-014, 2.150400E+004 1.570926E+074 2.150400E+004, Sun Oct 11 17:26:19 2015
1.75, 1.80, 0.18, 1.80 , -1.324234E-007, 1.327980E-007, -3.792111E-011, -9.955170E-014, 2.150400E+004 1.570926E+074 2.150400E+004, Sun Oct 11 17:26:23 2015
1.75, 1.80, 0.16, 1.80 , -1.325303E-007, 1.323340E-007, -3.452490E-011, -8.383990E-014, 2.150400E+004 1.570926E+074 2.150400E+004, Sun Oct 11 17:26:26 2015
1.75, 1.80, 0.14, 1.80 , -1.310958E-007, 1.313150E-007, -3.607625E-011, -1.004220E-013, 2.150400E+004 1.570926E+074 2.150400E+004, Sun Oct 11 17:26:30 2015
1.75, 1.80, 0.12, 1.80 , -1.308788E-007, 1.312020E-007, -3.607626E-011, -1.050350E-013, 2.150400E+004 1.570926E+074 2.150400E+004, Sun Oct 11 17:26:33 2015
1.75, 1.80, 0.10, 1.80 , -1.306804E-007, 1.309600E-007, -3.867581E-011, -1.006720E-013, 2.150400E+004 1.570926E+074 2.150400E+004, Sun Oct 11 17:26:37 2015
1.75, 1.80, 0.08, 1.80 , -1.307354E-007, 1.309780E-007, -3.813074E-011, -7.851120E-014, 2.150400E+004 1.570926E+074 2.150400E+004, Sun Oct 11 17:26:40 2015
1.75, 1.80, 0.06, 1.80 , -1.314906E-007, 1.317590E-007, -3.670518E-011, -7.965560E-014, 2.150400E+004 1.570926E+074 2.150400E+004, Sun Oct 11 17:26:44 2015
1.75, 1.80, 0.04, 1.80 , -1.322633E-007, 1.325620E-007, -3.653746E-011, -1.008510E-013, 2.150400E+004 1.570926E+074 2.150400E+004, Sun Oct 11 17:26:48 2015
1.75, 1.80, 0.02, 1.80 , -1.334952E-007, 1.337960E-007, -3.695675E-011, -8.410220E-014, 2.150400E+004 1.570926E+074 2.150400E+004, Sun Oct 11 17:26:51 2015
1.75, 1.80, 0.00, 1.80 , -1.350885E-007, 1.353360E-007, -3.720833E-011, -9.638070E-014, 2.150400E+004 1.570926E+074 2.150400E+004, Sun Oct 11 17:26:55 2015
1.75, 1.80, -0.02, 1.80 , -1.368112E-007, 1.370770E-007, -3.855002E-011, -1.099940E-013, 2.150400E+004 1.570926E+074 2.150400E+004, Sun Oct 11 17:26:58 2015
1.75, 1.80, -0.04, 1.80 , -1.384073E-007, 1.386050E-007, -3.750182E-011, -9.704830E-014, 2.150400E+004 1.570926E+074 2.150400E+004, Sun Oct 11 17:27:02 2015
1.75, 1.80, -0.06, 1.80 , -1.396902E-007, 1.400150E-007, -3.834039E-011, -1.010060E-013, 2.150400E+004 1.570926E+074 2.150400E+004, Sun Oct 11 17:27:05 2015
1.75, 1.80, -0.08, 1.80 , -1.415066E-007, 1.416410E-007, -3.725024E-011, -1.040220E-013, 2.150400E+004 1.570926E+074 2.150400E+004, Sun Oct 11 17:27:09 2015
1.75, 1.80, -0.10, 1.80 , -1.427227E-007, 1.430710E-007, -3.993368E-011, -8.986000E-014, 2.150400E+004 1.570926E+074 2.150400E+004, Sun Oct 11 17:27:12 2015
1.75, 1.80, -0.12, 1.80 , -1.444952E-007, 1.447690E-007, -3.796303E-011, -1.179100E-013, 2.150400E+004 1.570926E+074 2.150400E+004, Sun Oct 11 17:27:16 2015
1.75, 1.80, -0.14, 1.80 , -1.470455E-007, 1.474390E-007, -3.779532E-011, -1.037840E-013, 2.150400E+004 1.570926E+074 2.150400E+004, Sun Oct 11 17:27:19 2015
1.75, 1.80, -0.16, 1.80 , -1.501210E-007, 1.504250E-007, -3.997561E-011, -1.101730E-013, 2.150400E+004 1.570926E+074 2.150400E+004, Sun Oct 11 17:27:23 2015
1.75, 1.80, -0.18, 1.80 , -1.530410E-007, 1.535440E-007, -3.905317E-011, -9.566550E-014, 2.150400E+004 1.570926E+074 2.150400E+004, Sun Oct 11 17:27:27 2015
1.75, 1.80, -0.20, 1.80 , -1.563706E-007, 1.568240E-007, -3.796304E-011, -1.013400E-013, 2.150400E+004 1.570926E+074 2.150400E+004, Sun Oct 11 17:27:30 2015
