1.80, 1.80, -0.20, 1.80 , -3.032227E-008, -1.432900E-013, -3.808923E-011, -6.026030E-014, 2.150400E+004 1.570926E+074 2.150400E+004, Wed Oct 07 20:19:21 2015
1.75, 1.80, -0.20, 1.80 , -3.314422E-006, -1.560570E-013, -3.888588E-011, -7.414820E-014, 2.150400E+004 1.570926E+074 2.150400E+004, Wed Oct 07 20:19:26 2015
1.70, 1.80, -0.20, 1.80 , -6.513170E-006, -1.574520E-013, -3.632818E-011, -8.217100E-014, 2.150400E+004 1.570926E+074 2.150400E+004, Wed Oct 07 20:19:30 2015
1.80, 1.80, -0.20, 1.80 , 1.648276E-008, -1.643900E-008, -3.699906E-011, -5.174880E-014, 2.150400E+004 1.570926E+074 2.150400E+004, Wed Oct 07 20:20:32 2015
1.75, 1.80, -0.20, 1.80 , -3.267260E-006, 3.266940E-006, -3.532187E-011, -7.139440E-014, 2.150400E+004 1.570926E+074 2.150400E+004, Wed Oct 07 20:20:36 2015
1.80, 1.80, -0.20, 1.80 , 1.540405E-008, -1.546810E-008, -4.194676E-011, -1.068120E-013, 2.150400E+004 1.570926E+074 2.150400E+004, Wed Oct 07 20:37:14 2015
1.75, 1.80, -0.20, 1.80 , -3.266802E-006, 3.267150E-006, -3.917939E-011, -1.073000E-013, 2.150400E+004 1.570926E+074 2.150400E+004, Wed Oct 07 20:37:18 2015
1.70, 1.80, -0.20, 1.80 , -6.467439E-006, 6.467330E-006, -3.645398E-011, -1.187320E-013, 2.150400E+004 1.570926E+074 2.150400E+004, Wed Oct 07 20:37:21 2015
1.65, 1.80, -0.20, 1.80 , -9.571980E-006, 9.572940E-006, -3.632819E-011, -1.194240E-013, 2.150400E+004 1.570926E+074 2.150400E+004, Wed Oct 07 20:37:25 2015
1.60, 1.80, -0.20, 1.80 , -1.259282E-005, 1.258310E-005, -3.855044E-011, -1.110790E-013, 2.150400E+004 1.570926E+074 2.150400E+004, Wed Oct 07 20:37:29 2015
1.55, 1.80, -0.20, 1.80 , -1.552931E-005, 1.552170E-005, -3.683135E-011, -1.239780E-013, 2.150400E+004 1.570926E+074 2.150400E+004, Wed Oct 07 20:37:32 2015
1.50, 1.80, -0.20, 1.80 , -1.837563E-005, 1.837340E-005, -3.704099E-011, -1.038550E-013, 2.150400E+004 1.570926E+074 2.150400E+004, Wed Oct 07 20:37:36 2015
1.45, 1.80, -0.20, 1.80 , -2.114260E-005, 2.113140E-005, -3.670555E-011, -1.221780E-013, 2.150400E+004 1.570926E+074 2.150400E+004, Wed Oct 07 20:37:39 2015
1.40, 1.80, -0.20, 1.80 , -2.380958E-005, 2.379490E-005, -3.511222E-011, -1.233820E-013, 2.150400E+004 1.570926E+074 2.150400E+004, Wed Oct 07 20:37:43 2015
1.35, 1.80, -0.20, 1.80 , -2.636964E-005, 2.635100E-005, -3.565731E-011, -1.061560E-013, 2.150400E+004 1.570926E+074 2.150400E+004, Wed Oct 07 20:37:46 2015
1.30, 1.80, -0.20, 1.80 , -2.883071E-005, 2.882140E-005, -3.477679E-011, -1.080990E-013, 2.150400E+004 1.570926E+074 2.150400E+004, Wed Oct 07 20:37:50 2015
1.25, 1.80, -0.20, 1.80 , -3.119485E-005, 3.118190E-005, -3.624432E-011, -1.052260E-013, 2.150400E+004 1.570926E+074 2.150400E+004, Wed Oct 07 20:37:53 2015
1.20, 1.80, -0.20, 1.80 , -3.346291E-005, 3.344710E-005, -3.657975E-011, -1.049160E-013, 2.150400E+004 1.570926E+074 2.150400E+004, Wed Oct 07 20:37:57 2015
1.15, 1.80, -0.20, 1.80 , -3.561600E-005, 3.559990E-005, -3.582503E-011, -1.131770E-013, 2.150400E+004 1.570926E+074 2.150400E+004, Wed Oct 07 20:38:01 2015
1.10, 1.80, -0.20, 1.80 , -3.767207E-005, 3.765740E-005, -3.527995E-011, -1.106020E-013, 2.150400E+004 1.570926E+074 2.150400E+004, Wed Oct 07 20:38:04 2015
1.05, 1.80, -0.20, 1.80 , -3.959831E-005, 3.958870E-005, -3.511223E-011, -1.077650E-013, 2.150400E+004 1.570926E+074 2.150400E+004, Wed Oct 07 20:38:08 2015
1.00, 1.80, -0.20, 1.80 , -4.143141E-005, 4.141530E-005, -3.540574E-011, -1.114610E-013, 2.150400E+004 1.570926E+074 2.150400E+004, Wed Oct 07 20:38:11 2015
0.95, 1.80, -0.20, 1.80 , -4.315941E-005, 4.314390E-005, -3.557346E-011, -9.368660E-014, 2.150400E+004 1.570926E+074 2.150400E+004, Wed Oct 07 20:38:15 2015
0.90, 1.80, -0.20, 1.80 , -4.476753E-005, 4.475480E-005, -3.595083E-011, -1.129630E-013, 2.150400E+004 1.570926E+074 2.150400E+004, Wed Oct 07 20:38:18 2015
0.85, 1.80, -0.20, 1.80 , -4.626378E-005, 4.625410E-005, -3.544767E-011, -8.429290E-014, 2.150400E+004 1.570926E+074 2.150400E+004, Wed Oct 07 20:38:22 2015
0.80, 1.80, -0.20, 1.80 , -4.763245E-005, 4.763160E-005, -3.439942E-011, -1.236320E-013, 2.150400E+004 1.570926E+074 2.150400E+004, Wed Oct 07 20:38:25 2015
0.75, 1.80, -0.20, 1.80 , -4.890530E-005, 4.889560E-005, -3.452522E-011, -1.196980E-013, 2.150400E+004 1.570926E+074 2.150400E+004, Wed Oct 07 20:38:29 2015
0.70, 1.80, -0.20, 1.80 , -5.007079E-005, 5.005360E-005, -3.494452E-011, -1.090880E-013, 2.150400E+004 1.570926E+074 2.150400E+004, Wed Oct 07 20:38:32 2015
0.65, 1.80, -0.20, 1.80 , -5.106895E-005, 5.105600E-005, -3.553153E-011, -1.245620E-013, 2.150400E+004 1.570926E+074 2.150400E+004, Wed Oct 07 20:38:36 2015
0.60, 1.80, -0.20, 1.80 , -5.201728E-005, 5.199520E-005, -3.364470E-011, -9.834770E-014, 2.150400E+004 1.570926E+074 2.150400E+004, Wed Oct 07 20:38:40 2015
0.55, 1.80, -0.20, 1.80 , -5.283938E-005, 5.281980E-005, -3.498644E-011, -1.228450E-013, 2.150400E+004 1.570926E+074 2.150400E+004, Wed Oct 07 20:38:43 2015
0.50, 1.80, -0.20, 1.80 , -5.353009E-005, 5.352080E-005, -3.477679E-011, -9.739400E-014, 2.150400E+004 1.570926E+074 2.150400E+004, Wed Oct 07 20:38:47 2015
0.45, 1.80, -0.20, 1.80 , -5.414460E-005, 5.412510E-005, -3.486066E-011, -9.679790E-014, 2.150400E+004 1.570926E+074 2.150400E+004, Wed Oct 07 20:38:50 2015
0.40, 1.80, -0.20, 1.80 , -5.465441E-005, 5.461640E-005, -3.221909E-011, -1.034260E-013, 2.150400E+004 1.570926E+074 2.150400E+004, Wed Oct 07 20:38:54 2015
0.35, 1.80, -0.20, 1.80 , -5.505478E-005, 5.504450E-005, -3.402206E-011, -1.060370E-013, 2.150400E+004 1.570926E+074 2.150400E+004, Wed Oct 07 20:38:57 2015
0.30, 1.80, -0.20, 1.80 , -5.545242E-005, 5.543690E-005, -3.704099E-011, -1.017330E-013, 2.150400E+004 1.570926E+074 2.150400E+004, Wed Oct 07 20:39:01 2015
0.25, 1.80, -0.20, 1.80 , -5.573163E-005, 5.573680E-005, -3.360277E-011, -9.953980E-014, 2.150400E+004 1.570926E+074 2.150400E+004, Wed Oct 07 20:39:04 2015
0.20, 1.80, -0.20, 1.80 , -5.597655E-005, 5.596170E-005, -3.507030E-011, -1.302120E-013, 2.150400E+004 1.570926E+074 2.150400E+004, Wed Oct 07 20:39:08 2015
0.15, 1.80, -0.20, 1.80 , -5.619642E-005, 5.617990E-005, -3.330926E-011, -1.158360E-013, 2.150400E+004 1.570926E+074 2.150400E+004, Wed Oct 07 20:39:12 2015
0.10, 1.80, -0.20, 1.80 , -5.636584E-005, 5.633450E-005, -3.448329E-011, -1.008030E-013, 2.150400E+004 1.570926E+074 2.150400E+004, Wed Oct 07 20:39:15 2015
0.05, 1.80, -0.20, 1.80 , -5.651686E-005, 5.650900E-005, -3.402206E-011, -9.727480E-014, 2.150400E+004 1.570926E+074 2.150400E+004, Wed Oct 07 20:39:19 2015
0.00, 1.80, -0.20, 1.80 , -5.663242E-005, 5.659890E-005, -3.410592E-011, -1.000640E-013, 2.150400E+004 1.570926E+074 2.150400E+004, Wed Oct 07 20:39:22 2015
-0.05, 1.80, -0.20, 1.80 , -5.674725E-005, 5.672290E-005, -3.490258E-011, -1.104350E-013, 2.150400E+004 1.570926E+074 2.150400E+004, Wed Oct 07 20:39:26 2015
-0.10, 1.80, -0.20, 1.80 , -5.686855E-005, 5.684040E-005, -3.418978E-011, -9.193420E-014, 2.150400E+004 1.570926E+074 2.150400E+004, Wed Oct 07 20:39:29 2015
-0.15, 1.80, -0.20, 1.80 , -5.692094E-005, 5.690730E-005, -3.586696E-011, -9.922980E-014, 2.150400E+004 1.570926E+074 2.150400E+004, Wed Oct 07 20:39:33 2015
-0.20, 1.80, -0.20, 1.80 , -5.703417E-005, 5.701090E-005, -3.452522E-011, -1.072650E-013, 2.150400E+004 1.570926E+074 2.150400E+004, Wed Oct 07 20:39:36 2015
