1.40, 1.80, 1.80, 1.80 , -2.342941E-011, 9.226570E-012, 6.446186E-005, -5.670790E-014, 2.150400E+004 1.570926E+074 2.150400E+004, Sun Oct 11 17:51:50 2015
1.40, 1.80, 1.78, 1.80 , -2.558159E-011, 8.380720E-012, 6.244606E-005, -9.882450E-014, 2.150400E+004 1.570926E+074 2.150400E+004, Sun Oct 11 17:52:15 2015
1.40, 1.80, 1.76, 1.80 , -2.807139E-011, 8.028960E-012, 6.044139E-005, -6.699560E-014, 2.150400E+004 1.570926E+074 2.150400E+004, Sun Oct 11 17:52:25 2015
1.40, 1.80, 1.74, 1.80 , -2.705857E-011, 8.065090E-012, 5.841151E-005, -9.329320E-014, 2.150400E+004 1.570926E+074 2.150400E+004, Sun Oct 11 17:52:52 2015
1.40, 1.80, 1.72, 1.80 , -2.773380E-011, 7.862270E-012, 5.644145E-005, -1.003030E-013, 2.150400E+004 1.570926E+074 2.150400E+004, Sun Oct 11 17:53:31 2015
1.40, 1.80, 1.70, 1.80 , -2.710079E-011, 7.789340E-012, 5.446885E-005, -9.062290E-014, 2.150400E+004 1.570926E+074 2.150400E+004, Sun Oct 11 17:53:40 2015
1.40, 1.80, 1.68, 1.80 , -2.575037E-011, 7.999540E-012, 5.245627E-005, -8.174180E-014, 2.150400E+004 1.570926E+074 2.150400E+004, Sun Oct 11 17:53:54 2015
1.40, 1.80, 1.66, 1.80 , -2.667878E-011, 8.033750E-012, 5.048162E-005, -8.114580E-014, 2.150400E+004 1.570926E+074 2.150400E+004, Sun Oct 11 17:54:15 2015
1.40, 1.80, 1.64, 1.80 , -2.710080E-011, 7.925400E-012, 4.849861E-005, -8.161070E-014, 2.150400E+004 1.570926E+074 2.150400E+004, Sun Oct 11 17:54:28 2015
1.40, 1.80, 1.62, 1.80 , -2.748059E-011, 8.000060E-012, 4.653129E-005, -5.955700E-014, 2.150400E+004 1.570926E+074 2.150400E+004, Sun Oct 11 17:54:33 2015
1.40, 1.80, 1.60, 1.80 , -2.638340E-011, 8.235810E-012, 4.456717E-005, -9.192230E-014, 2.150400E+004 1.570926E+074 2.150400E+004, Sun Oct 11 17:54:46 2015
1.40, 1.80, 1.58, 1.80 , -2.718519E-011, 8.142500E-012, 4.262037E-005, -8.715390E-014, 2.150400E+004 1.570926E+074 2.150400E+004, Sun Oct 11 17:55:22 2015
1.40, 1.80, 1.56, 1.80 , -2.625678E-011, 8.161070E-012, 4.065852E-005, -1.121760E-013, 2.150400E+004 1.570926E+074 2.150400E+004, Sun Oct 11 17:55:33 2015
1.40, 1.80, 1.54, 1.80 , -2.752278E-011, 8.382360E-012, 3.874073E-005, -1.156210E-013, 2.150400E+004 1.570926E+074 2.150400E+004, Sun Oct 11 17:55:54 2015
1.40, 1.80, 1.52, 1.80 , -2.832455E-011, 8.189490E-012, 3.679593E-005, -1.059890E-013, 2.150400E+004 1.570926E+074 2.150400E+004, Sun Oct 11 17:56:19 2015
1.40, 1.80, 1.50, 1.80 , -2.781816E-011, 8.335900E-012, 3.488953E-005, -8.970500E-014, 2.150400E+004 1.570926E+074 2.150400E+004, Sun Oct 11 17:56:30 2015
1.40, 1.80, 1.48, 1.80 , -2.642557E-011, 8.493510E-012, 3.294627E-005, -7.219310E-014, 2.150400E+004 1.570926E+074 2.150400E+004, Sun Oct 11 17:56:38 2015
1.40, 1.80, 1.46, 1.80 , -2.726958E-011, 8.561580E-012, 3.103222E-005, -1.071690E-013, 2.150400E+004 1.570926E+074 2.150400E+004, Sun Oct 11 17:57:11 2015
1.40, 1.80, 1.44, 1.80 , -2.608797E-011, 8.498990E-012, 2.912225E-005, -1.116510E-013, 2.150400E+004 1.570926E+074 2.150400E+004, Sun Oct 11 17:57:45 2015
1.40, 1.80, 1.42, 1.80 , -2.587698E-011, 8.704160E-012, 2.722476E-005, -1.143930E-013, 2.150400E+004 1.570926E+074 2.150400E+004, Sun Oct 11 17:57:58 2015
1.40, 1.80, 1.40, 1.80 , -2.688977E-011, 8.664770E-012, 2.533554E-005, -8.468630E-014, 2.150400E+004 1.570926E+074 2.150400E+004, Sun Oct 11 17:58:10 2015
1.40, 1.80, 1.38, 1.80 , -2.815578E-011, 8.649690E-012, 2.344503E-005, -9.837150E-014, 2.150400E+004 1.570926E+074 2.150400E+004, Sun Oct 11 17:58:30 2015
1.40, 1.80, 1.36, 1.80 , -2.743841E-011, 8.751610E-012, 2.155259E-005, -8.971690E-014, 2.150400E+004 1.570926E+074 2.150400E+004, Sun Oct 11 17:58:45 2015
1.40, 1.80, 1.34, 1.80 , -2.697418E-011, 8.793500E-012, 1.966333E-005, -1.069310E-013, 2.150400E+004 1.570926E+074 2.150400E+004, Sun Oct 11 17:59:07 2015
1.40, 1.80, 1.32, 1.80 , -2.731178E-011, 8.876250E-012, 1.779652E-005, -1.169560E-013, 2.150400E+004 1.570926E+074 2.150400E+004, Sun Oct 11 17:59:13 2015
1.40, 1.80, 1.30, 1.80 , -4.017491E-012, 8.752470E-012, 1.591552E-005, -1.009110E-013, 2.150400E+004 1.570926E+074 2.150400E+004, Sun Oct 11 17:59:35 2015
1.40, 1.80, 1.28, 1.80 , -2.853557E-011, 8.093700E-012, 1.386667E-005, -9.061100E-014, 2.150400E+004 1.570926E+074 2.150400E+004, Sun Oct 11 17:59:59 2015
1.40, 1.80, 1.26, 1.80 , -9.369101E-013, -8.683140E-011, 1.396888E-006, -8.951430E-014, 2.150400E+004 1.570926E+074 2.150400E+004, Sun Oct 11 18:01:56 2015
1.40, 1.80, 1.24, 1.80 , -2.553939E-011, 9.660090E-012, 5.819720E-010, -7.421970E-014, 2.150400E+004 1.570926E+074 2.150400E+004, Sun Oct 11 18:02:14 2015
1.40, 1.80, 1.22, 1.80 , -2.663657E-011, 9.789370E-012, 7.137679E-011, -1.060010E-013, 2.150400E+004 1.570926E+074 2.150400E+004, Sun Oct 11 18:02:22 2015
1.40, 1.80, 1.20, 1.80 , -4.478252E-011, 2.708860E-011, -1.444205E-011, -6.897450E-014, 2.150400E+004 1.570926E+074 2.150400E+004, Sun Oct 11 18:02:31 2015
1.40, 1.80, 1.18, 1.80 , -1.515480E-010, 1.326420E-010, -2.467171E-011, -9.498600E-014, 2.150400E+004 1.570926E+074 2.150400E+004, Sun Oct 11 18:02:43 2015
1.40, 1.80, 1.16, 1.80 , -1.975422E-009, 1.878940E-009, -2.609727E-011, -1.249310E-013, 2.150400E+004 1.570926E+074 2.150400E+004, Sun Oct 11 18:02:51 2015
1.40, 1.80, 1.14, 1.80 , -7.910822E-009, 7.663770E-009, -3.016433E-011, -1.278520E-013, 2.150400E+004 1.570926E+074 2.150400E+004, Sun Oct 11 18:02:57 2015
1.40, 1.80, 1.12, 1.80 , -2.425016E-008, 2.428530E-008, -2.953539E-011, -7.796290E-014, 2.150400E+004 1.570926E+074 2.150400E+004, Sun Oct 11 18:03:07 2015
1.40, 1.80, 1.10, 1.80 , -5.630445E-008, 5.592590E-008, -2.961925E-011, -8.183720E-014, 2.150400E+004 1.570926E+074 2.150400E+004, Sun Oct 11 18:03:15 2015
1.40, 1.80, 1.08, 1.80 , -1.132019E-007, 1.131340E-007, -2.961926E-011, -1.075980E-013, 2.150400E+004 1.570926E+074 2.150400E+004, Sun Oct 11 18:03:20 2015
1.40, 1.80, 1.06, 1.80 , -2.037963E-007, 2.042690E-007, -3.133832E-011, -1.026870E-013, 2.150400E+004 1.570926E+074 2.150400E+004, Sun Oct 11 18:03:23 2015
1.40, 1.80, 1.04, 1.80 , -3.251119E-007, 3.251520E-007, -3.188338E-011, -1.019720E-013, 2.150400E+004 1.570926E+074 2.150400E+004, Sun Oct 11 18:03:27 2015
1.40, 1.80, 1.02, 1.80 , -4.795148E-007, 4.798830E-007, -2.915804E-011, -1.011850E-013, 2.150400E+004 1.570926E+074 2.150400E+004, Sun Oct 11 18:03:30 2015
1.40, 1.80, 1.00, 1.80 , -6.759928E-007, 6.739430E-007, -3.142218E-011, -1.097560E-013, 2.150400E+004 1.570926E+074 2.150400E+004, Sun Oct 11 18:03:34 2015
1.40, 1.80, 0.98, 1.80 , -9.167458E-007, 9.172610E-007, -3.142218E-011, -1.055960E-013, 2.150400E+004 1.570926E+074 2.150400E+004, Sun Oct 11 18:03:37 2015
1.40, 1.80, 0.96, 1.80 , -1.226076E-006, 1.224200E-006, -3.049975E-011, -1.002550E-013, 2.150400E+004 1.570926E+074 2.150400E+004, Sun Oct 11 18:03:41 2015
1.40, 1.80, 0.94, 1.80 , -1.585550E-006, 1.585030E-006, -3.213496E-011, -8.291010E-014, 2.150400E+004 1.570926E+074 2.150400E+004, Sun Oct 11 18:03:45 2015
1.40, 1.80, 0.92, 1.80 , -2.007386E-006, 2.005150E-006, -2.899033E-011, -1.011130E-013, 2.150400E+004 1.570926E+074 2.150400E+004, Sun Oct 11 18:03:48 2015
1.40, 1.80, 0.90, 1.80 , -2.485407E-006, 2.486380E-006, -3.322510E-011, -8.157490E-014, 2.150400E+004 1.570926E+074 2.150400E+004, Sun Oct 11 18:03:52 2015
1.40, 1.80, 0.88, 1.80 , -3.014107E-006, 3.014020E-006, -3.335088E-011, -1.226310E-013, 2.150400E+004 1.570926E+074 2.150400E+004, Sun Oct 11 18:03:55 2015
1.40, 1.80, 0.86, 1.80 , -3.589963E-006, 3.589610E-006, -3.037396E-011, -8.451940E-014, 2.150400E+004 1.570926E+074 2.150400E+004, Sun Oct 11 18:03:59 2015
1.40, 1.80, 0.84, 1.80 , -4.200827E-006, 4.202650E-006, -3.096096E-011, -1.113650E-013, 2.150400E+004 1.570926E+074 2.150400E+004, Sun Oct 11 18:04:02 2015
1.40, 1.80, 0.82, 1.80 , -4.832470E-006, 4.833250E-006, -3.339281E-011, -9.441380E-014, 2.150400E+004 1.570926E+074 2.150400E+004, Sun Oct 11 18:04:06 2015
1.40, 1.80, 0.80, 1.80 , -5.476709E-006, 5.478130E-006, -3.280581E-011, -1.273870E-013, 2.150400E+004 1.570926E+074 2.150400E+004, Sun Oct 11 18:04:09 2015
1.40, 1.80, 0.78, 1.80 , -6.124616E-006, 6.126290E-006, -3.557309E-011, -1.098510E-013, 2.150400E+004 1.570926E+074 2.150400E+004, Sun Oct 11 18:04:13 2015
1.40, 1.80, 0.76, 1.80 , -6.769468E-006, 6.772930E-006, -3.188339E-011, -9.152890E-014, 2.150400E+004 1.570926E+074 2.150400E+004, Sun Oct 11 18:04:17 2015
1.40, 1.80, 0.74, 1.80 , -7.413067E-006, 7.413500E-006, -3.062554E-011, -1.011490E-013, 2.150400E+004 1.570926E+074 2.150400E+004, Sun Oct 11 18:04:20 2015
1.40, 1.80, 0.72, 1.80 , -8.048519E-006, 8.051290E-006, -3.377016E-011, -9.778740E-014, 2.150400E+004 1.570926E+074 2.150400E+004, Sun Oct 11 18:04:24 2015
1.40, 1.80, 0.70, 1.80 , -8.675702E-006, 8.676700E-006, -3.096096E-011, -8.983610E-014, 2.150400E+004 1.570926E+074 2.150400E+004, Sun Oct 11 18:04:27 2015
1.40, 1.80, 0.68, 1.80 , -9.289484E-006, 9.290760E-006, -3.104482E-011, -1.164670E-013, 2.150400E+004 1.570926E+074 2.150400E+004, Sun Oct 11 18:04:31 2015
1.40, 1.80, 0.66, 1.80 , -9.888985E-006, 9.891520E-006, -3.322510E-011, 2.462390E-013, 2.150400E+004 1.570926E+074 2.150400E+004, Sun Oct 11 18:04:34 2015
1.40, 1.80, 0.64, 1.80 , -1.048294E-005, 1.047880E-005, -3.318317E-011, -8.059740E-014, 2.150400E+004 1.570926E+074 2.150400E+004, Sun Oct 11 18:04:38 2015
1.40, 1.80, 0.62, 1.80 , -1.105513E-005, 1.105040E-005, -3.087711E-011, -4.760030E-014, 2.150400E+004 1.570926E+074 2.150400E+004, Sun Oct 11 18:04:41 2015
1.40, 1.80, 0.60, 1.80 , -1.162610E-005, 1.162210E-005, -3.423137E-011, -7.959600E-014, 2.150400E+004 1.570926E+074 2.150400E+004, Sun Oct 11 18:04:45 2015
1.40, 1.80, 0.58, 1.80 , -1.218604E-005, 1.218090E-005, -3.460874E-011, -9.742980E-014, 2.150400E+004 1.570926E+074 2.150400E+004, Sun Oct 11 18:04:49 2015
1.40, 1.80, 0.56, 1.80 , -1.272988E-005, 1.272750E-005, -3.351859E-011, -7.941720E-014, 2.150400E+004 1.570926E+074 2.150400E+004, Sun Oct 11 18:04:52 2015
1.40, 1.80, 0.54, 1.80 , -1.327073E-005, 1.326480E-005, -3.527958E-011, -7.957220E-014, 2.150400E+004 1.570926E+074 2.150400E+004, Sun Oct 11 18:04:56 2015
1.40, 1.80, 0.52, 1.80 , -1.379828E-005, 1.379180E-005, -3.494416E-011, -6.530290E-014, 2.150400E+004 1.570926E+074 2.150400E+004, Sun Oct 11 18:04:59 2015
1.40, 1.80, 0.50, 1.80 , -1.431029E-005, 1.430520E-005, -3.515380E-011, -1.024370E-013, 2.150400E+004 1.570926E+074 2.150400E+004, Sun Oct 11 18:05:03 2015
1.40, 1.80, 0.48, 1.80 , -1.481538E-005, 1.480900E-005, -3.582466E-011, -9.313820E-014, 2.150400E+004 1.570926E+074 2.150400E+004, Sun Oct 11 18:05:06 2015
1.40, 1.80, 0.46, 1.80 , -1.530714E-005, 1.530210E-005, -3.460874E-011, -1.042250E-013, 2.150400E+004 1.570926E+074 2.150400E+004, Sun Oct 11 18:05:10 2015
1.40, 1.80, 0.44, 1.80 , -1.578743E-005, 1.578310E-005, -3.335089E-011, -9.096860E-014, 2.150400E+004 1.570926E+074 2.150400E+004, Sun Oct 11 18:05:13 2015
1.40, 1.80, 0.42, 1.80 , -1.626147E-005, 1.625570E-005, -3.540537E-011, -8.636710E-014, 2.150400E+004 1.570926E+074 2.150400E+004, Sun Oct 11 18:05:17 2015
1.40, 1.80, 0.40, 1.80 , -1.671818E-005, 1.671450E-005, -3.607622E-011, -9.056330E-014, 2.150400E+004 1.570926E+074 2.150400E+004, Sun Oct 11 18:05:21 2015
1.40, 1.80, 0.38, 1.80 , -1.716501E-005, 1.715860E-005, -3.590851E-011, -1.201630E-013, 2.150400E+004 1.570926E+074 2.150400E+004, Sun Oct 11 18:05:24 2015
1.40, 1.80, 0.36, 1.80 , -1.760094E-005, 1.759560E-005, -3.477644E-011, -9.989740E-014, 2.150400E+004 1.570926E+074 2.150400E+004, Sun Oct 11 18:05:28 2015
1.40, 1.80, 0.34, 1.80 , -1.802590E-005, 1.802070E-005, -3.494416E-011, -9.273290E-014, 2.150400E+004 1.570926E+074 2.150400E+004, Sun Oct 11 18:05:31 2015
1.40, 1.80, 0.32, 1.80 , -1.843976E-005, 1.843400E-005, -3.687286E-011, -8.089540E-014, 2.150400E+004 1.570926E+074 2.150400E+004, Sun Oct 11 18:05:35 2015
1.40, 1.80, 0.30, 1.80 , -1.884639E-005, 1.884010E-005, -3.620201E-011, -1.061560E-013, 2.150400E+004 1.570926E+074 2.150400E+004, Sun Oct 11 18:05:38 2015
1.40, 1.80, 0.28, 1.80 , -1.924176E-005, 1.923550E-005, -3.699866E-011, -1.314280E-013, 2.150400E+004 1.570926E+074 2.150400E+004, Sun Oct 11 18:05:42 2015
1.40, 1.80, 0.26, 1.80 , -1.962927E-005, 1.962250E-005, -3.586658E-011, -1.025680E-013, 2.150400E+004 1.570926E+074 2.150400E+004, Sun Oct 11 18:05:45 2015
1.40, 1.80, 0.24, 1.80 , -2.000703E-005, 2.000170E-005, -3.540537E-011, -6.701950E-014, 2.150400E+004 1.570926E+074 2.150400E+004, Sun Oct 11 18:05:49 2015
1.40, 1.80, 0.22, 1.80 , -2.037315E-005, 2.036810E-005, -3.636973E-011, -8.928780E-014, 2.150400E+004 1.570926E+074 2.150400E+004, Sun Oct 11 18:05:52 2015
1.40, 1.80, 0.20, 1.80 , -2.073326E-005, 2.072830E-005, -3.666321E-011, -1.050000E-013, 2.150400E+004 1.570926E+074 2.150400E+004, Sun Oct 11 18:05:56 2015
1.40, 1.80, 0.18, 1.80 , -2.108596E-005, 2.108010E-005, -3.938858E-011, -1.108050E-013, 2.150400E+004 1.570926E+074 2.150400E+004, Sun Oct 11 18:05:59 2015
1.40, 1.80, 0.16, 1.80 , -2.143070E-005, 2.142440E-005, -3.678902E-011, -8.856060E-014, 2.150400E+004 1.570926E+074 2.150400E+004, Sun Oct 11 18:06:03 2015
1.40, 1.80, 0.14, 1.80 , -2.176443E-005, 2.175720E-005, -3.607623E-011, -1.111390E-013, 2.150400E+004 1.570926E+074 2.150400E+004, Sun Oct 11 18:06:07 2015
1.40, 1.80, 0.12, 1.80 , -2.209110E-005, 2.208450E-005, -3.704058E-011, -8.956190E-014, 2.150400E+004 1.570926E+074 2.150400E+004, Sun Oct 11 18:06:10 2015
1.40, 1.80, 0.10, 1.80 , -2.241225E-005, 2.240570E-005, -3.913700E-011, -7.754560E-014, 2.150400E+004 1.570926E+074 2.150400E+004, Sun Oct 11 18:06:14 2015
1.40, 1.80, 0.08, 1.80 , -2.272549E-005, 2.271850E-005, -4.031099E-011, -9.874110E-014, 2.150400E+004 1.570926E+074 2.150400E+004, Sun Oct 11 18:06:17 2015
1.40, 1.80, 0.06, 1.80 , -2.302845E-005, 2.302640E-005, -3.741793E-011, -1.024960E-013, 2.150400E+004 1.570926E+074 2.150400E+004, Sun Oct 11 18:06:21 2015
1.40, 1.80, 0.04, 1.80 , -2.332916E-005, 2.332270E-005, -3.712444E-011, -7.555490E-014, 2.150400E+004 1.570926E+074 2.150400E+004, Sun Oct 11 18:06:24 2015
1.40, 1.80, 0.02, 1.80 , -2.362500E-005, 2.361790E-005, -3.951434E-011, -1.046900E-013, 2.150400E+004 1.570926E+074 2.150400E+004, Sun Oct 11 18:06:28 2015
1.40, 1.80, 0.00, 1.80 , -2.390815E-005, 2.390260E-005, -3.980786E-011, -8.289810E-014, 2.150400E+004 1.570926E+074 2.150400E+004, Sun Oct 11 18:06:31 2015
1.40, 1.80, -0.02, 1.80 , -2.418902E-005, 2.418240E-005, -4.010134E-011, -8.885860E-014, 2.150400E+004 1.570926E+074 2.150400E+004, Sun Oct 11 18:06:35 2015
1.40, 1.80, -0.04, 1.80 , -2.446521E-005, 2.445860E-005, -3.880158E-011, -1.015540E-013, 2.150400E+004 1.570926E+074 2.150400E+004, Sun Oct 11 18:06:38 2015
1.40, 1.80, -0.06, 1.80 , -2.473451E-005, 2.473050E-005, -3.854999E-011, -9.173150E-014, 2.150400E+004 1.570926E+074 2.150400E+004, Sun Oct 11 18:06:42 2015
1.40, 1.80, -0.08, 1.80 , -2.499833E-005, 2.499230E-005, -3.968206E-011, -9.104010E-014, 2.150400E+004 1.570926E+074 2.150400E+004, Sun Oct 11 18:06:45 2015
1.40, 1.80, -0.10, 1.80 , -2.525246E-005, 2.524740E-005, -4.169462E-011, -1.171590E-013, 2.150400E+004 1.570926E+074 2.150400E+004, Sun Oct 11 18:06:49 2015
1.40, 1.80, -0.12, 1.80 , -2.550045E-005, 2.549410E-005, -4.161078E-011, -1.021150E-013, 2.150400E+004 1.570926E+074 2.150400E+004, Sun Oct 11 18:06:53 2015
1.40, 1.80, -0.14, 1.80 , -2.574599E-005, 2.573980E-005, -3.922085E-011, -1.116040E-013, 2.150400E+004 1.570926E+074 2.150400E+004, Sun Oct 11 18:06:56 2015
1.40, 1.80, -0.16, 1.80 , -2.598811E-005, 2.598210E-005, -3.892734E-011, -9.638070E-014, 2.150400E+004 1.570926E+074 2.150400E+004, Sun Oct 11 18:07:00 2015
1.40, 1.80, -0.18, 1.80 , -2.622626E-005, 2.621790E-005, -4.081413E-011, -1.013760E-013, 2.150400E+004 1.570926E+074 2.150400E+004, Sun Oct 11 18:07:03 2015
1.40, 1.80, -0.20, 1.80 , -2.645813E-005, 2.645230E-005, -4.177848E-011, -9.047980E-014, 2.150400E+004 1.570926E+074 2.150400E+004, Sun Oct 11 18:07:07 2015
