1.30, 1.80, 1.80, 1.80 , -3.642730E-011, -2.687100E-013, 8.197887E-012, -1.094700E-013, 2.150400E+004 1.570926E+074 2.150400E+004, Wed Oct 07 20:54:47 2015
1.30, 1.80, 1.78, 1.80 , -3.106788E-011, 2.088580E-012, -9.159204E-012, -1.044270E-013, 2.150400E+004 1.570926E+074 2.150400E+004, Wed Oct 07 20:54:56 2015
1.30, 1.80, 1.76, 1.80 , -2.950649E-011, 2.854590E-012, -1.310019E-011, -9.908680E-014, 2.150400E+004 1.570926E+074 2.150400E+004, Wed Oct 07 20:55:07 2015
1.30, 1.80, 1.74, 1.80 , -2.929549E-011, 3.288880E-012, -1.632845E-011, -1.064300E-013, 2.150400E+004 1.570926E+074 2.150400E+004, Wed Oct 07 20:55:17 2015
1.30, 1.80, 1.72, 1.80 , -2.933766E-011, 3.618880E-012, -1.712502E-011, -1.100060E-013, 2.150400E+004 1.570926E+074 2.150400E+004, Wed Oct 07 20:55:28 2015
1.30, 1.80, 1.70, 1.80 , -2.853591E-011, 3.907870E-012, -1.657999E-011, -1.070140E-013, 2.150400E+004 1.570926E+074 2.150400E+004, Wed Oct 07 20:55:38 2015
1.30, 1.80, 1.68, 1.80 , -2.870469E-011, 4.033050E-012, -1.892782E-011, -1.045940E-013, 2.150400E+004 1.570926E+074 2.150400E+004, Wed Oct 07 20:56:03 2015
1.30, 1.80, 1.66, 1.80 , -2.845149E-011, 4.801510E-012, -2.123371E-011, -1.088380E-013, 2.150400E+004 1.570926E+074 2.150400E+004, Wed Oct 07 20:56:09 2015
1.30, 1.80, 1.64, 1.80 , -2.980189E-011, 5.506870E-012, -2.223992E-011, -9.633300E-014, 2.150400E+004 1.570926E+074 2.150400E+004, Wed Oct 07 20:56:19 2015
1.30, 1.80, 1.62, 1.80 , -3.056148E-011, 7.089850E-012, -2.333001E-011, -9.664300E-014, 2.150400E+004 1.570926E+074 2.150400E+004, Wed Oct 07 20:56:24 2015
1.30, 1.80, 1.60, 1.80 , -3.199630E-011, 9.627830E-012, -2.198837E-011, -1.171350E-013, 2.150400E+004 1.570926E+074 2.150400E+004, Wed Oct 07 20:56:33 2015
1.30, 1.80, 1.58, 1.80 , -3.819975E-011, 1.516550E-011, -2.370737E-011, -1.158950E-013, 2.150400E+004 1.570926E+074 2.150400E+004, Wed Oct 07 20:56:38 2015
1.30, 1.80, 1.56, 1.80 , -4.883422E-011, 2.607010E-011, -2.333001E-011, -1.110200E-013, 2.150400E+004 1.570926E+074 2.150400E+004, Wed Oct 07 20:56:51 2015
1.30, 1.80, 1.54, 1.80 , -7.098930E-011, 4.866730E-011, -2.429439E-011, -9.611850E-014, 2.150400E+004 1.570926E+074 2.150400E+004, Wed Oct 07 20:56:58 2015
1.30, 1.80, 1.52, 1.80 , -1.165234E-010, 9.480460E-011, -2.735524E-011, -1.153470E-013, 2.150400E+004 1.570926E+074 2.150400E+004, Wed Oct 07 20:57:03 2015
1.30, 1.80, 1.50, 1.80 , -2.126554E-010, 1.899120E-010, -2.261725E-011, -9.348390E-014, 2.150400E+004 1.570926E+074 2.150400E+004, Wed Oct 07 20:57:10 2015
1.30, 1.80, 1.48, 1.80 , -4.073673E-010, 3.847050E-010, -2.899050E-011, -1.148700E-013, 2.150400E+004 1.570926E+074 2.150400E+004, Wed Oct 07 20:57:15 2015
1.30, 1.80, 1.46, 1.80 , -8.032057E-010, 7.816270E-010, -2.752296E-011, -9.995700E-014, 2.150400E+004 1.570926E+074 2.150400E+004, Wed Oct 07 20:57:19 2015
1.30, 1.80, 1.44, 1.80 , -1.601634E-009, 1.582030E-009, -2.899049E-011, -1.021500E-013, 2.150400E+004 1.570926E+074 2.150400E+004, Wed Oct 07 20:57:24 2015
1.30, 1.80, 1.42, 1.80 , -3.189882E-009, 3.167180E-009, -2.953558E-011, -1.101260E-013, 2.150400E+004 1.570926E+074 2.150400E+004, Wed Oct 07 20:57:27 2015
1.30, 1.80, 1.40, 1.80 , -6.245853E-009, 6.230180E-009, -2.886471E-011, -1.161100E-013, 2.150400E+004 1.570926E+074 2.150400E+004, Wed Oct 07 20:57:31 2015
1.30, 1.80, 1.38, 1.80 , -1.183274E-008, 1.181700E-008, -2.987101E-011, -1.161340E-013, 2.150400E+004 1.570926E+074 2.150400E+004, Wed Oct 07 20:57:35 2015
1.30, 1.80, 1.36, 1.80 , -2.163398E-008, 2.162320E-008, -2.991294E-011, -9.200570E-014, 2.150400E+004 1.570926E+074 2.150400E+004, Wed Oct 07 20:57:38 2015
1.30, 1.80, 1.34, 1.80 , -3.760097E-008, 3.767210E-008, -2.819383E-011, -1.143810E-013, 2.150400E+004 1.570926E+074 2.150400E+004, Wed Oct 07 20:57:42 2015
1.30, 1.80, 1.32, 1.80 , -6.255389E-008, 6.261360E-008, -3.070961E-011, -1.078840E-013, 2.150400E+004 1.570926E+074 2.150400E+004, Wed Oct 07 20:57:45 2015
1.30, 1.80, 1.30, 1.80 , -9.849533E-008, 9.875090E-008, -2.924207E-011, -1.126290E-013, 2.150400E+004 1.570926E+074 2.150400E+004, Wed Oct 07 20:57:49 2015
1.30, 1.80, 1.28, 1.80 , -1.477821E-007, 1.480520E-007, -3.024838E-011, -1.056910E-013, 2.150400E+004 1.570926E+074 2.150400E+004, Wed Oct 07 20:57:52 2015
1.30, 1.80, 1.26, 1.80 , -2.136906E-007, 2.131100E-007, -3.196750E-011, -1.143220E-013, 2.150400E+004 1.570926E+074 2.150400E+004, Wed Oct 07 20:57:56 2015
1.30, 1.80, 1.24, 1.80 , -2.959553E-007, 2.956130E-007, -3.033224E-011, -1.137260E-013, 2.150400E+004 1.570926E+074 2.150400E+004, Wed Oct 07 20:58:00 2015
1.30, 1.80, 1.22, 1.80 , -3.972404E-007, 3.978240E-007, -3.205135E-011, -9.959940E-014, 2.150400E+004 1.570926E+074 2.150400E+004, Wed Oct 07 20:58:03 2015
1.30, 1.80, 1.20, 1.80 , -5.187838E-007, 5.187630E-007, -3.322538E-011, -1.181240E-013, 2.150400E+004 1.570926E+074 2.150400E+004, Wed Oct 07 20:58:07 2015
1.30, 1.80, 1.18, 1.80 , -6.612358E-007, 6.618260E-007, -3.259643E-011, -1.112580E-013, 2.150400E+004 1.570926E+074 2.150400E+004, Wed Oct 07 20:58:10 2015
1.30, 1.80, 1.16, 1.80 , -8.245959E-007, 8.245440E-007, -3.192557E-011, -1.032710E-013, 2.150400E+004 1.570926E+074 2.150400E+004, Wed Oct 07 20:58:14 2015
1.30, 1.80, 1.14, 1.80 , -1.010273E-006, 1.010710E-006, -3.280609E-011, -9.535550E-014, 2.150400E+004 1.570926E+074 2.150400E+004, Wed Oct 07 20:58:17 2015
1.30, 1.80, 1.12, 1.80 , -1.219862E-006, 1.219650E-006, -3.175785E-011, -9.723900E-014, 2.150400E+004 1.570926E+074 2.150400E+004, Wed Oct 07 20:58:21 2015
1.30, 1.80, 1.10, 1.80 , -1.452881E-006, 1.452910E-006, -3.175785E-011, -1.196380E-013, 2.150400E+004 1.570926E+074 2.150400E+004, Wed Oct 07 20:58:25 2015
1.30, 1.80, 1.08, 1.80 , -1.708628E-006, 1.708590E-006, -3.301573E-011, -1.256700E-013, 2.150400E+004 1.570926E+074 2.150400E+004, Wed Oct 07 20:58:28 2015
1.30, 1.80, 1.06, 1.80 , -1.986564E-006, 1.986220E-006, -3.125469E-011, -9.245870E-014, 2.150400E+004 1.570926E+074 2.150400E+004, Wed Oct 07 20:58:32 2015
1.30, 1.80, 1.04, 1.80 , -2.287512E-006, 2.286610E-006, -3.314151E-011, -1.219270E-013, 2.150400E+004 1.570926E+074 2.150400E+004, Wed Oct 07 20:58:35 2015
1.30, 1.80, 1.02, 1.80 , -2.611367E-006, 2.610520E-006, -3.263837E-011, -9.583240E-014, 2.150400E+004 1.570926E+074 2.150400E+004, Wed Oct 07 20:58:39 2015
1.30, 1.80, 1.00, 1.80 , -2.956097E-006, 2.955250E-006, -3.263837E-011, -9.436610E-014, 2.150400E+004 1.570926E+074 2.150400E+004, Wed Oct 07 20:58:42 2015
1.30, 1.80, 0.98, 1.80 , -3.317977E-006, 3.316840E-006, -3.360275E-011, -9.428260E-014, 2.150400E+004 1.570926E+074 2.150400E+004, Wed Oct 07 20:58:46 2015
1.30, 1.80, 0.96, 1.80 , -3.705004E-006, 3.705280E-006, -3.251258E-011, -1.082900E-013, 2.150400E+004 1.570926E+074 2.150400E+004, Wed Oct 07 20:58:49 2015
1.30, 1.80, 0.94, 1.80 , -4.110102E-006, 4.110280E-006, -3.242872E-011, -1.046060E-013, 2.150400E+004 1.570926E+074 2.150400E+004, Wed Oct 07 20:58:53 2015
1.30, 1.80, 0.92, 1.80 , -4.536974E-006, 4.536680E-006, -3.280609E-011, -1.065020E-013, 2.150400E+004 1.570926E+074 2.150400E+004, Wed Oct 07 20:58:57 2015
1.30, 1.80, 0.90, 1.80 , -4.977846E-006, 4.976660E-006, -3.263836E-011, -1.176120E-013, 2.150400E+004 1.570926E+074 2.150400E+004, Wed Oct 07 20:59:00 2015
1.30, 1.80, 0.88, 1.80 , -5.433817E-006, 5.433650E-006, -3.251258E-011, -1.055000E-013, 2.150400E+004 1.570926E+074 2.150400E+004, Wed Oct 07 20:59:04 2015
1.30, 1.80, 0.86, 1.80 , -5.906618E-006, 5.905540E-006, -3.364467E-011, -1.127000E-013, 2.150400E+004 1.570926E+074 2.150400E+004, Wed Oct 07 20:59:07 2015
1.30, 1.80, 0.84, 1.80 , -6.387630E-006, 6.390380E-006, -3.486062E-011, -1.074310E-013, 2.150400E+004 1.570926E+074 2.150400E+004, Wed Oct 07 20:59:11 2015
1.30, 1.80, 0.82, 1.80 , -6.887570E-006, 6.886180E-006, -3.377046E-011, -1.195910E-013, 2.150400E+004 1.570926E+074 2.150400E+004, Wed Oct 07 20:59:14 2015
1.30, 1.80, 0.80, 1.80 , -7.387012E-006, 7.385710E-006, -3.297380E-011, -9.471180E-014, 2.150400E+004 1.570926E+074 2.150400E+004, Wed Oct 07 20:59:18 2015
1.30, 1.80, 0.78, 1.80 , -7.894939E-006, 7.889320E-006, -3.179977E-011, -9.914640E-014, 2.150400E+004 1.570926E+074 2.150400E+004, Wed Oct 07 20:59:21 2015
1.30, 1.80, 0.76, 1.80 , -8.408942E-006, 8.404920E-006, -3.360275E-011, -1.188870E-013, 2.150400E+004 1.570926E+074 2.150400E+004, Wed Oct 07 20:59:25 2015
1.30, 1.80, 0.74, 1.80 , -8.925161E-006, 8.925020E-006, -3.385432E-011, -1.028420E-013, 2.150400E+004 1.570926E+074 2.150400E+004, Wed Oct 07 20:59:29 2015
1.30, 1.80, 0.72, 1.80 , -9.441576E-006, 9.443050E-006, -3.368661E-011, -1.080870E-013, 2.150400E+004 1.570926E+074 2.150400E+004, Wed Oct 07 20:59:32 2015
1.30, 1.80, 0.70, 1.80 , -9.959754E-006, 9.958570E-006, -3.427362E-011, -1.064780E-013, 2.150400E+004 1.570926E+074 2.150400E+004, Wed Oct 07 20:59:36 2015
1.30, 1.80, 0.68, 1.80 , -1.047256E-005, 1.046060E-005, -3.414783E-011, -1.047490E-013, 2.150400E+004 1.570926E+074 2.150400E+004, Wed Oct 07 20:59:39 2015
1.30, 1.80, 0.66, 1.80 , -1.098437E-005, 1.097570E-005, -3.347696E-011, -1.044030E-013, 2.150400E+004 1.570926E+074 2.150400E+004, Wed Oct 07 20:59:43 2015
1.30, 1.80, 0.64, 1.80 , -1.149182E-005, 1.148510E-005, -3.029031E-011, -8.760690E-014, 2.150400E+004 1.570926E+074 2.150400E+004, Wed Oct 07 20:59:46 2015
1.30, 1.80, 0.62, 1.80 , -1.199693E-005, 1.199130E-005, -3.393818E-011, -1.060010E-013, 2.150400E+004 1.570926E+074 2.150400E+004, Wed Oct 07 20:59:50 2015
1.30, 1.80, 0.60, 1.80 , -1.250395E-005, 1.249500E-005, -3.242872E-011, -1.246450E-013, 2.150400E+004 1.570926E+074 2.150400E+004, Wed Oct 07 20:59:54 2015
1.30, 1.80, 0.58, 1.80 , -1.299977E-005, 1.299440E-005, -3.301573E-011, -1.141550E-013, 2.150400E+004 1.570926E+074 2.150400E+004, Wed Oct 07 20:59:57 2015
1.30, 1.80, 0.56, 1.80 , -1.349755E-005, 1.349160E-005, -3.381239E-011, -1.066800E-013, 2.150400E+004 1.570926E+074 2.150400E+004, Wed Oct 07 21:00:01 2015
1.30, 1.80, 0.54, 1.80 , -1.398353E-005, 1.397150E-005, -3.364468E-011, -1.137020E-013, 2.150400E+004 1.570926E+074 2.150400E+004, Wed Oct 07 21:00:04 2015
1.30, 1.80, 0.52, 1.80 , -1.447016E-005, 1.446010E-005, -3.507029E-011, -1.027350E-013, 2.150400E+004 1.570926E+074 2.150400E+004, Wed Oct 07 21:00:08 2015
1.30, 1.80, 0.50, 1.80 , -1.493849E-005, 1.493210E-005, -3.444134E-011, -1.153470E-013, 2.150400E+004 1.570926E+074 2.150400E+004, Wed Oct 07 21:00:11 2015
1.30, 1.80, 0.48, 1.80 , -1.541902E-005, 1.540850E-005, -3.477678E-011, -7.340910E-014, 2.150400E+004 1.570926E+074 2.150400E+004, Wed Oct 07 21:00:15 2015
1.30, 1.80, 0.46, 1.80 , -1.588682E-005, 1.587710E-005, -3.398011E-011, -9.658340E-014, 2.150400E+004 1.570926E+074 2.150400E+004, Wed Oct 07 21:00:18 2015
1.30, 1.80, 0.44, 1.80 , -1.634852E-005, 1.633520E-005, -3.452520E-011, -1.127840E-013, 2.150400E+004 1.570926E+074 2.150400E+004, Wed Oct 07 21:00:22 2015
1.30, 1.80, 0.42, 1.80 , -1.680047E-005, 1.679900E-005, -3.418976E-011, -1.066450E-013, 2.150400E+004 1.570926E+074 2.150400E+004, Wed Oct 07 21:00:26 2015
1.30, 1.80, 0.40, 1.80 , -1.726191E-005, 1.725040E-005, -3.460906E-011, -1.234410E-013, 2.150400E+004 1.570926E+074 2.150400E+004, Wed Oct 07 21:00:29 2015
1.30, 1.80, 0.38, 1.80 , -1.770901E-005, 1.769470E-005, -3.632816E-011, -1.136540E-013, 2.150400E+004 1.570926E+074 2.150400E+004, Wed Oct 07 21:00:33 2015
1.30, 1.80, 0.36, 1.80 , -1.815757E-005, 1.814270E-005, -3.527992E-011, -1.160260E-013, 2.150400E+004 1.570926E+074 2.150400E+004, Wed Oct 07 21:00:36 2015
1.30, 1.80, 0.34, 1.80 , -1.858745E-005, 1.857430E-005, -3.645395E-011, -9.361510E-014, 2.150400E+004 1.570926E+074 2.150400E+004, Wed Oct 07 21:00:40 2015
1.30, 1.80, 0.32, 1.80 , -1.901474E-005, 1.900130E-005, -3.469292E-011, -1.141430E-013, 2.150400E+004 1.570926E+074 2.150400E+004, Wed Oct 07 21:00:43 2015
1.30, 1.80, 0.30, 1.80 , -1.944229E-005, 1.942860E-005, -3.347696E-011, -1.103040E-013, 2.150400E+004 1.570926E+074 2.150400E+004, Wed Oct 07 21:00:47 2015
1.30, 1.80, 0.28, 1.80 , -1.986089E-005, 1.985030E-005, -3.641203E-011, -9.636880E-014, 2.150400E+004 1.570926E+074 2.150400E+004, Wed Oct 07 21:00:50 2015
1.30, 1.80, 0.26, 1.80 , -2.027861E-005, 2.026860E-005, -3.607659E-011, -1.152400E-013, 2.150400E+004 1.570926E+074 2.150400E+004, Wed Oct 07 21:00:54 2015
1.30, 1.80, 0.24, 1.80 , -2.068661E-005, 2.067820E-005, -3.486062E-011, -8.795260E-014, 2.150400E+004 1.570926E+074 2.150400E+004, Wed Oct 07 21:00:57 2015
1.30, 1.80, 0.22, 1.80 , -2.109217E-005, 2.107640E-005, -3.490256E-011, -1.052860E-013, 2.150400E+004 1.570926E+074 2.150400E+004, Wed Oct 07 21:01:01 2015
1.30, 1.80, 0.20, 1.80 , -2.150313E-005, 2.148990E-005, -3.611852E-011, -9.739400E-014, 2.150400E+004 1.570926E+074 2.150400E+004, Wed Oct 07 21:01:05 2015
1.30, 1.80, 0.18, 1.80 , -2.190042E-005, 2.188700E-005, -3.578309E-011, -1.031040E-013, 2.150400E+004 1.570926E+074 2.150400E+004, Wed Oct 07 21:01:08 2015
1.30, 1.80, 0.16, 1.80 , -2.229411E-005, 2.228480E-005, -3.599273E-011, -8.959770E-014, 2.150400E+004 1.570926E+074 2.150400E+004, Wed Oct 07 21:01:12 2015
1.30, 1.80, 0.14, 1.80 , -2.268498E-005, 2.267050E-005, -3.481871E-011, -9.632110E-014, 2.150400E+004 1.570926E+074 2.150400E+004, Wed Oct 07 21:01:15 2015
1.30, 1.80, 0.12, 1.80 , -2.307784E-005, 2.306870E-005, -3.465099E-011, -1.042010E-013, 2.150400E+004 1.570926E+074 2.150400E+004, Wed Oct 07 21:01:19 2015
1.30, 1.80, 0.10, 1.80 , -2.346852E-005, 2.345570E-005, -3.678939E-011, -1.128200E-013, 2.150400E+004 1.570926E+074 2.150400E+004, Wed Oct 07 21:01:22 2015
1.30, 1.80, 0.08, 1.80 , -2.383504E-005, 2.382760E-005, -3.427361E-011, -1.061800E-013, 2.150400E+004 1.570926E+074 2.150400E+004, Wed Oct 07 21:01:26 2015
1.30, 1.80, 0.06, 1.80 , -2.422197E-005, 2.421030E-005, -3.406397E-011, -1.202820E-013, 2.150400E+004 1.570926E+074 2.150400E+004, Wed Oct 07 21:01:29 2015
1.30, 1.80, 0.04, 1.80 , -2.460318E-005, 2.459440E-005, -3.511222E-011, -9.330510E-014, 2.150400E+004 1.570926E+074 2.150400E+004, Wed Oct 07 21:01:33 2015
1.30, 1.80, 0.02, 1.80 , -2.498682E-005, 2.496850E-005, -3.683132E-011, -1.112700E-013, 2.150400E+004 1.570926E+074 2.150400E+004, Wed Oct 07 21:01:37 2015
1.30, 1.80, 0.00, 1.80 , -2.533480E-005, 2.532360E-005, -3.628624E-011, -1.038310E-013, 2.150400E+004 1.570926E+074 2.150400E+004, Wed Oct 07 21:01:40 2015
1.30, 1.80, -0.02, 1.80 , -2.571595E-005, 2.569970E-005, -3.448327E-011, -1.128550E-013, 2.150400E+004 1.570926E+074 2.150400E+004, Wed Oct 07 21:01:44 2015
1.30, 1.80, -0.04, 1.80 , -2.607808E-005, 2.606110E-005, -3.662167E-011, -1.096010E-013, 2.150400E+004 1.570926E+074 2.150400E+004, Wed Oct 07 21:01:47 2015
1.30, 1.80, -0.06, 1.80 , -2.644257E-005, 2.642210E-005, -3.523800E-011, -1.154900E-013, 2.150400E+004 1.570926E+074 2.150400E+004, Wed Oct 07 21:01:51 2015
1.30, 1.80, -0.08, 1.80 , -2.679201E-005, 2.678050E-005, -3.548958E-011, -9.773970E-014, 2.150400E+004 1.570926E+074 2.150400E+004, Wed Oct 07 21:01:54 2015
1.30, 1.80, -0.10, 1.80 , -2.714215E-005, 2.712310E-005, -3.523800E-011, -1.090410E-013, 2.150400E+004 1.570926E+074 2.150400E+004, Wed Oct 07 21:01:58 2015
1.30, 1.80, -0.12, 1.80 , -2.749225E-005, 2.747310E-005, -3.670553E-011, -9.396080E-014, 2.150400E+004 1.570926E+074 2.150400E+004, Wed Oct 07 21:02:01 2015
1.30, 1.80, -0.14, 1.80 , -2.783945E-005, 2.782250E-005, -3.498642E-011, -1.026150E-013, 2.150400E+004 1.570926E+074 2.150400E+004, Wed Oct 07 21:02:05 2015
1.30, 1.80, -0.16, 1.80 , -2.816486E-005, 2.816160E-005, -3.683131E-011, -1.116390E-013, 2.150400E+004 1.570926E+074 2.150400E+004, Wed Oct 07 21:02:09 2015
1.30, 1.80, -0.18, 1.80 , -2.850591E-005, 2.849320E-005, -3.733448E-011, -1.014710E-013, 2.150400E+004 1.570926E+074 2.150400E+004, Wed Oct 07 21:02:12 2015
1.30, 1.80, -0.20, 1.80 , -2.883762E-005, 2.882450E-005, -3.527993E-011, -1.172900E-013, 2.150400E+004 1.570926E+074 2.150400E+004, Wed Oct 07 21:02:16 2015
