1.80, 1.80, 0.60, 1.80 , 9.032036E-009, -9.001490E-009, -3.901168E-011, -1.019240E-013, 2.150400E+004 1.570926E+074 2.150400E+004, Wed Oct 07 20:32:17 2015
1.75, 1.80, 0.60, 1.80 , -1.816151E-006, 1.816040E-006, -3.657976E-011, -9.752510E-014, 2.150400E+004 1.570926E+074 2.150400E+004, Wed Oct 07 20:32:21 2015
1.70, 1.80, 0.60, 1.80 , -3.517713E-006, 3.519380E-006, -3.469292E-011, -9.108780E-014, 2.150400E+004 1.570926E+074 2.150400E+004, Wed Oct 07 20:32:24 2015
1.65, 1.80, 0.60, 1.80 , -5.091986E-006, 5.092860E-006, -3.578310E-011, -1.241800E-013, 2.150400E+004 1.570926E+074 2.150400E+004, Wed Oct 07 20:32:28 2015
1.60, 1.80, 0.60, 1.80 , -6.538726E-006, 6.536750E-006, -3.477679E-011, -1.054880E-013, 2.150400E+004 1.570926E+074 2.150400E+004, Wed Oct 07 20:32:31 2015
1.55, 1.80, 0.60, 1.80 , -7.858212E-006, 7.856260E-006, -3.393820E-011, -1.022340E-013, 2.150400E+004 1.570926E+074 2.150400E+004, Wed Oct 07 20:32:35 2015
1.50, 1.80, 0.60, 1.80 , -9.047009E-006, 9.050680E-006, -3.452521E-011, -9.278060E-014, 2.150400E+004 1.570926E+074 2.150400E+004, Wed Oct 07 20:32:38 2015
1.45, 1.80, 0.60, 1.80 , -1.010947E-005, 1.010230E-005, -3.347697E-011, -1.099350E-013, 2.150400E+004 1.570926E+074 2.150400E+004, Wed Oct 07 20:32:42 2015
1.40, 1.80, 0.60, 1.80 , -1.103489E-005, 1.102940E-005, -3.343504E-011, -9.261370E-014, 2.150400E+004 1.570926E+074 2.150400E+004, Wed Oct 07 20:32:45 2015
1.35, 1.80, 0.60, 1.80 , -1.182399E-005, 1.182230E-005, -3.385433E-011, -9.721520E-014, 2.150400E+004 1.570926E+074 2.150400E+004, Wed Oct 07 20:32:49 2015
1.30, 1.80, 0.60, 1.80 , -1.249135E-005, 1.248210E-005, -3.196750E-011, -8.778570E-014, 2.150400E+004 1.570926E+074 2.150400E+004, Wed Oct 07 20:32:53 2015
1.25, 1.80, 0.60, 1.80 , -1.303387E-005, 1.301820E-005, -3.372855E-011, -1.071330E-013, 2.150400E+004 1.570926E+074 2.150400E+004, Wed Oct 07 20:32:56 2015
1.20, 1.80, 0.60, 1.80 , -1.344401E-005, 1.343460E-005, -3.494451E-011, -9.113550E-014, 2.150400E+004 1.570926E+074 2.150400E+004, Wed Oct 07 20:33:00 2015
1.15, 1.80, 0.60, 1.80 , -1.376303E-005, 1.375820E-005, -3.431556E-011, -1.071690E-013, 2.150400E+004 1.570926E+074 2.150400E+004, Wed Oct 07 20:33:03 2015
1.10, 1.80, 0.60, 1.80 , -1.399604E-005, 1.398120E-005, -3.234487E-011, -1.040220E-013, 2.150400E+004 1.570926E+074 2.150400E+004, Wed Oct 07 20:33:07 2015
1.05, 1.80, 0.60, 1.80 , -1.415559E-005, 1.414740E-005, -3.276417E-011, -1.005770E-013, 2.150400E+004 1.570926E+074 2.150400E+004, Wed Oct 07 20:33:10 2015
1.00, 1.80, 0.60, 1.80 , -1.427641E-005, 1.426540E-005, -3.427363E-011, -9.441380E-014, 2.150400E+004 1.570926E+074 2.150400E+004, Wed Oct 07 20:33:14 2015
0.95, 1.80, 0.60, 1.80 , -1.435763E-005, 1.434860E-005, -3.343503E-011, -1.025680E-013, 2.150400E+004 1.570926E+074 2.150400E+004, Wed Oct 07 20:33:17 2015
0.90, 1.80, 0.60, 1.80 , -1.442432E-005, 1.441370E-005, -3.452521E-011, -8.869170E-014, 2.150400E+004 1.570926E+074 2.150400E+004, Wed Oct 07 20:33:21 2015
0.85, 1.80, 0.60, 1.80 , -1.447415E-005, 1.446330E-005, -3.527995E-011, -1.121160E-013, 2.150400E+004 1.570926E+074 2.150400E+004, Wed Oct 07 20:33:24 2015
0.80, 1.80, 0.60, 1.80 , -1.452171E-005, 1.451070E-005, -3.284803E-011, -9.131430E-014, 2.150400E+004 1.570926E+074 2.150400E+004, Wed Oct 07 20:33:28 2015
0.75, 1.80, 0.60, 1.80 , -1.455956E-005, 1.455040E-005, -3.276416E-011, -1.062390E-013, 2.150400E+004 1.570926E+074 2.150400E+004, Wed Oct 07 20:33:32 2015
0.70, 1.80, 0.60, 1.80 , -1.459369E-005, 1.458400E-005, -3.356083E-011, -9.505750E-014, 2.150400E+004 1.570926E+074 2.150400E+004, Wed Oct 07 20:33:35 2015
0.65, 1.80, 0.60, 1.80 , -1.462773E-005, 1.462240E-005, -3.347697E-011, -1.060720E-013, 2.150400E+004 1.570926E+074 2.150400E+004, Wed Oct 07 20:33:39 2015
0.60, 1.80, 0.60, 1.80 , -1.466483E-005, 1.465090E-005, -3.100312E-011, -8.533000E-014, 2.150400E+004 1.570926E+074 2.150400E+004, Wed Oct 07 20:33:42 2015
0.55, 1.80, 0.60, 1.80 , -1.468859E-005, 1.467340E-005, -3.217715E-011, -1.170040E-013, 2.150400E+004 1.570926E+074 2.150400E+004, Wed Oct 07 20:33:46 2015
0.50, 1.80, 0.60, 1.80 , -1.471231E-005, 1.470660E-005, -3.226101E-011, -1.009820E-013, 2.150400E+004 1.570926E+074 2.150400E+004, Wed Oct 07 20:33:49 2015
0.45, 1.80, 0.60, 1.80 , -1.472768E-005, 1.471660E-005, -3.096119E-011, -1.029730E-013, 2.150400E+004 1.570926E+074 2.150400E+004, Wed Oct 07 20:33:53 2015
0.40, 1.80, 0.60, 1.80 , -1.475437E-005, 1.474460E-005, -3.263838E-011, -8.519890E-014, 2.150400E+004 1.570926E+074 2.150400E+004, Wed Oct 07 20:33:56 2015
0.35, 1.80, 0.60, 1.80 , -1.476735E-005, 1.476300E-005, -3.171592E-011, -9.623770E-014, 2.150400E+004 1.570926E+074 2.150400E+004, Wed Oct 07 20:34:00 2015
0.30, 1.80, 0.60, 1.80 , -1.479765E-005, 1.478190E-005, -3.108698E-011, -1.155380E-013, 2.150400E+004 1.570926E+074 2.150400E+004, Wed Oct 07 20:34:04 2015
0.25, 1.80, 0.60, 1.80 , -1.480856E-005, 1.480540E-005, -3.234487E-011, -9.982590E-014, 2.150400E+004 1.570926E+074 2.150400E+004, Wed Oct 07 20:34:07 2015
0.20, 1.80, 0.60, 1.80 , -1.483030E-005, 1.481900E-005, -3.339310E-011, -1.043080E-013, 2.150400E+004 1.570926E+074 2.150400E+004, Wed Oct 07 20:34:11 2015
0.15, 1.80, 0.60, 1.80 , -1.485317E-005, 1.484600E-005, -3.163207E-011, -1.018290E-013, 2.150400E+004 1.570926E+074 2.150400E+004, Wed Oct 07 20:34:14 2015
0.10, 1.80, 0.60, 1.80 , -1.487008E-005, 1.485700E-005, -3.322539E-011, -1.288530E-013, 2.150400E+004 1.570926E+074 2.150400E+004, Wed Oct 07 20:34:18 2015
0.05, 1.80, 0.60, 1.80 , -1.488874E-005, 1.487670E-005, -3.217715E-011, -1.083020E-013, 2.150400E+004 1.570926E+074 2.150400E+004, Wed Oct 07 20:34:21 2015
0.00, 1.80, 0.60, 1.80 , -1.490809E-005, 1.490590E-005, -3.360276E-011, -1.096730E-013, 2.150400E+004 1.570926E+074 2.150400E+004, Wed Oct 07 20:34:25 2015
-0.05, 1.80, 0.60, 1.80 , -1.492586E-005, 1.492030E-005, -3.175786E-011, -1.067520E-013, 2.150400E+004 1.570926E+074 2.150400E+004, Wed Oct 07 20:34:28 2015
-0.10, 1.80, 0.60, 1.80 , -1.493992E-005, 1.493630E-005, -3.205137E-011, -1.229050E-013, 2.150400E+004 1.570926E+074 2.150400E+004, Wed Oct 07 20:34:32 2015
-0.15, 1.80, 0.60, 1.80 , -1.495821E-005, 1.494640E-005, -3.263837E-011, -1.076100E-013, 2.150400E+004 1.570926E+074 2.150400E+004, Wed Oct 07 20:34:35 2015
-0.20, 1.80, 0.60, 1.80 , -1.497175E-005, 1.496650E-005, -3.159014E-011, -1.197580E-013, 2.150400E+004 1.570926E+074 2.150400E+004, Wed Oct 07 20:34:39 2015
