0.00, 1.80, 1.80, 1.80 , -4.402312E-011, 2.392270E-012, 3.711594E-012, -1.067520E-013, 2.150400E+004 1.570926E+074 2.150400E+004, Wed Oct 07 16:29:30 2015
0.00, 1.80, 1.78, 1.80 , -4.001415E-011, 3.472240E-012, -4.757224E-012, -1.093860E-013, 2.150400E+004 1.570926E+074 2.150400E+004, Wed Oct 07 16:29:39 2015
0.00, 1.80, 1.76, 1.80 , -3.917013E-011, 4.028610E-012, -1.041710E-011, -1.238350E-013, 2.150400E+004 1.570926E+074 2.150400E+004, Wed Oct 07 16:29:46 2015
0.00, 1.80, 1.74, 1.80 , -3.824172E-011, 4.578720E-012, -1.297451E-011, -9.657140E-014, 2.150400E+004 1.570926E+074 2.150400E+004, Wed Oct 07 16:29:51 2015
0.00, 1.80, 1.72, 1.80 , -3.824171E-011, 4.741440E-012, -1.439997E-011, -1.088740E-013, 2.150400E+004 1.570926E+074 2.150400E+004, Wed Oct 07 16:29:58 2015
0.00, 1.80, 1.70, 1.80 , -3.765092E-011, 4.920040E-012, -1.427419E-011, -1.112460E-013, 2.150400E+004 1.570926E+074 2.150400E+004, Wed Oct 07 16:30:07 2015
0.00, 1.80, 1.68, 1.80 , -3.625830E-011, 5.458710E-012, -1.783781E-011, -1.099230E-013, 2.150400E+004 1.570926E+074 2.150400E+004, Wed Oct 07 16:30:12 2015
0.00, 1.80, 1.66, 1.80 , -3.714450E-011, 6.025480E-012, -1.855053E-011, -8.769040E-014, 2.150400E+004 1.570926E+074 2.150400E+004, Wed Oct 07 16:30:17 2015
0.00, 1.80, 1.64, 1.80 , -3.760870E-011, 6.378510E-012, -1.674776E-011, -1.112940E-013, 2.150400E+004 1.570926E+074 2.150400E+004, Wed Oct 07 16:30:29 2015
0.00, 1.80, 1.62, 1.80 , -3.938110E-011, 7.871440E-012, -1.829899E-011, -1.194000E-013, 2.150400E+004 1.570926E+074 2.150400E+004, Wed Oct 07 16:30:41 2015
0.00, 1.80, 1.60, 1.80 , -4.111128E-011, 1.092140E-011, -2.047908E-011, -9.713170E-014, 2.150400E+004 1.570926E+074 2.150400E+004, Wed Oct 07 16:30:48 2015
0.00, 1.80, 1.58, 1.80 , -4.655505E-011, 1.698940E-011, -2.261725E-011, -1.294140E-013, 2.150400E+004 1.570926E+074 2.150400E+004, Wed Oct 07 16:30:53 2015
0.00, 1.80, 1.56, 1.80 , -5.710509E-011, 2.831030E-011, -2.001791E-011, -1.210330E-013, 2.150400E+004 1.570926E+074 2.150400E+004, Wed Oct 07 16:31:10 2015
0.00, 1.80, 1.54, 1.80 , -8.263611E-011, 5.278060E-011, -2.261725E-011, -1.150610E-013, 2.150400E+004 1.570926E+074 2.150400E+004, Wed Oct 07 16:31:15 2015
0.00, 1.80, 1.52, 1.80 , -1.317991E-010, 1.027310E-010, -2.370736E-011, -1.139280E-013, 2.150400E+004 1.570926E+074 2.150400E+004, Wed Oct 07 16:31:21 2015
0.00, 1.80, 1.50, 1.80 , -2.325303E-010, 2.041480E-010, -2.613925E-011, -1.142740E-013, 2.150400E+004 1.570926E+074 2.150400E+004, Wed Oct 07 16:31:25 2015
0.00, 1.80, 1.48, 1.80 , -4.405341E-010, 4.115510E-010, -2.630697E-011, -9.800200E-014, 2.150400E+004 1.570926E+074 2.150400E+004, Wed Oct 07 16:31:30 2015
0.00, 1.80, 1.46, 1.80 , -8.642637E-010, 8.358580E-010, -2.722941E-011, -1.016500E-013, 2.150400E+004 1.570926E+074 2.150400E+004, Wed Oct 07 16:31:34 2015
0.00, 1.80, 1.44, 1.80 , -1.718138E-009, 1.690370E-009, -2.764870E-011, -1.167650E-013, 2.150400E+004 1.570926E+074 2.150400E+004, Wed Oct 07 16:31:39 2015
0.00, 1.80, 1.42, 1.80 , -3.397697E-009, 3.369010E-009, -2.743906E-011, -9.512900E-014, 2.150400E+004 1.570926E+074 2.150400E+004, Wed Oct 07 16:31:42 2015
0.00, 1.80, 1.40, 1.80 , -6.635701E-009, 6.604840E-009, -2.936780E-011, -1.122710E-013, 2.150400E+004 1.570926E+074 2.150400E+004, Wed Oct 07 16:31:46 2015
0.00, 1.80, 1.38, 1.80 , -1.265283E-008, 1.256050E-008, -2.991288E-011, -1.288290E-013, 2.150400E+004 1.570926E+074 2.150400E+004, Wed Oct 07 16:31:50 2015
0.00, 1.80, 1.36, 1.80 , -2.292823E-008, 2.292720E-008, -2.823571E-011, -1.062630E-013, 2.150400E+004 1.570926E+074 2.150400E+004, Wed Oct 07 16:31:53 2015
0.00, 1.80, 1.34, 1.80 , -3.999975E-008, 3.999610E-008, -2.949359E-011, -1.274470E-013, 2.150400E+004 1.570926E+074 2.150400E+004, Wed Oct 07 16:31:57 2015
0.00, 1.80, 1.32, 1.80 , -6.608573E-008, 6.625430E-008, -3.150618E-011, -1.158950E-013, 2.150400E+004 1.570926E+074 2.150400E+004, Wed Oct 07 16:32:00 2015
0.00, 1.80, 1.30, 1.80 , -1.042832E-007, 1.043040E-007, -3.159004E-011, -1.153830E-013, 2.150400E+004 1.570926E+074 2.150400E+004, Wed Oct 07 16:32:04 2015
0.00, 1.80, 1.28, 1.80 , -1.563811E-007, 1.562100E-007, -3.079338E-011, -1.111870E-013, 2.150400E+004 1.570926E+074 2.150400E+004, Wed Oct 07 16:32:08 2015
0.00, 1.80, 1.26, 1.80 , -2.252758E-007, 2.252550E-007, -3.020638E-011, -1.000880E-013, 2.150400E+004 1.570926E+074 2.150400E+004, Wed Oct 07 16:32:11 2015
0.00, 1.80, 1.24, 1.80 , -3.118593E-007, 3.117070E-007, -3.100304E-011, -1.037000E-013, 2.150400E+004 1.570926E+074 2.150400E+004, Wed Oct 07 16:32:15 2015
0.00, 1.80, 1.22, 1.80 , -4.183390E-007, 4.183960E-007, -3.159004E-011, -1.075030E-013, 2.150400E+004 1.570926E+074 2.150400E+004, Wed Oct 07 16:32:18 2015
0.00, 1.80, 1.20, 1.80 , -5.462143E-007, 5.461720E-007, -3.272213E-011, -1.101730E-013, 2.150400E+004 1.570926E+074 2.150400E+004, Wed Oct 07 16:32:22 2015
0.00, 1.80, 1.18, 1.80 , -6.948565E-007, 6.951200E-007, -3.045795E-011, -1.033190E-013, 2.150400E+004 1.570926E+074 2.150400E+004, Wed Oct 07 16:32:25 2015
0.00, 1.80, 1.16, 1.80 , -8.681730E-007, 8.673140E-007, -3.288984E-011, -1.000760E-013, 2.150400E+004 1.570926E+074 2.150400E+004, Wed Oct 07 16:32:29 2015
0.00, 1.80, 1.14, 1.80 , -1.063585E-006, 1.063160E-006, -3.200933E-011, -1.120330E-013, 2.150400E+004 1.570926E+074 2.150400E+004, Wed Oct 07 16:32:33 2015
0.00, 1.80, 1.12, 1.80 , -1.282818E-006, 1.283150E-006, -3.301564E-011, -1.129510E-013, 2.150400E+004 1.570926E+074 2.150400E+004, Wed Oct 07 16:32:36 2015
0.00, 1.80, 1.10, 1.80 , -1.527290E-006, 1.526380E-006, -3.314141E-011, -1.145240E-013, 2.150400E+004 1.570926E+074 2.150400E+004, Wed Oct 07 16:32:40 2015
0.00, 1.80, 1.08, 1.80 , -1.791744E-006, 1.793220E-006, -3.557331E-011, -1.048920E-013, 2.150400E+004 1.570926E+074 2.150400E+004, Wed Oct 07 16:32:43 2015
0.00, 1.80, 1.06, 1.80 , -2.085624E-006, 2.084830E-006, -3.452507E-011, -1.131890E-013, 2.150400E+004 1.570926E+074 2.150400E+004, Wed Oct 07 16:32:47 2015
0.00, 1.80, 1.04, 1.80 , -2.401602E-006, 2.401530E-006, -3.364456E-011, -1.112940E-013, 2.150400E+004 1.570926E+074 2.150400E+004, Wed Oct 07 16:32:50 2015
0.00, 1.80, 1.02, 1.80 , -2.741581E-006, 2.741370E-006, -3.377035E-011, -1.104710E-013, 2.150400E+004 1.570926E+074 2.150400E+004, Wed Oct 07 16:32:54 2015
0.00, 1.80, 1.00, 1.80 , -3.107127E-006, 3.107110E-006, -3.418965E-011, -1.097680E-013, 2.150400E+004 1.570926E+074 2.150400E+004, Wed Oct 07 16:32:57 2015
0.00, 1.80, 0.98, 1.80 , -3.496586E-006, 3.495130E-006, -3.469280E-011, -7.729530E-014, 2.150400E+004 1.570926E+074 2.150400E+004, Wed Oct 07 16:33:01 2015
0.00, 1.80, 0.96, 1.80 , -3.909433E-006, 3.907860E-006, -3.330914E-011, -1.071930E-013, 2.150400E+004 1.570926E+074 2.150400E+004, Wed Oct 07 16:33:05 2015
0.00, 1.80, 0.94, 1.80 , -4.343487E-006, 4.344850E-006, -3.414772E-011, -8.809570E-014, 2.150400E+004 1.570926E+074 2.150400E+004, Wed Oct 07 16:33:08 2015
0.00, 1.80, 0.92, 1.80 , -4.799233E-006, 4.798070E-006, -3.532174E-011, -1.292710E-013, 2.150400E+004 1.570926E+074 2.150400E+004, Wed Oct 07 16:33:12 2015
0.00, 1.80, 0.90, 1.80 , -5.277470E-006, 5.276160E-006, -3.477665E-011, -1.146200E-013, 2.150400E+004 1.570926E+074 2.150400E+004, Wed Oct 07 16:33:15 2015
0.00, 1.80, 0.88, 1.80 , -5.782258E-006, 5.781010E-006, -3.557331E-011, -1.034140E-013, 2.150400E+004 1.570926E+074 2.150400E+004, Wed Oct 07 16:33:19 2015
0.00, 1.80, 0.86, 1.80 , -6.302541E-006, 6.302600E-006, -3.532173E-011, -1.258020E-013, 2.150400E+004 1.570926E+074 2.150400E+004, Wed Oct 07 16:33:22 2015
0.00, 1.80, 0.84, 1.80 , -6.847848E-006, 6.846380E-006, -3.477666E-011, -1.088380E-013, 2.150400E+004 1.570926E+074 2.150400E+004, Wed Oct 07 16:33:26 2015
0.00, 1.80, 0.82, 1.80 , -7.417410E-006, 7.412610E-006, -3.548945E-011, -1.032350E-013, 2.150400E+004 1.570926E+074 2.150400E+004, Wed Oct 07 16:33:29 2015
0.00, 1.80, 0.80, 1.80 , -7.998895E-006, 8.005490E-006, -3.490244E-011, -1.086950E-013, 2.150400E+004 1.570926E+074 2.150400E+004, Wed Oct 07 16:33:33 2015
0.00, 1.80, 0.78, 1.80 , -8.612002E-006, 8.607700E-006, -3.456701E-011, -1.171350E-013, 2.150400E+004 1.570926E+074 2.150400E+004, Wed Oct 07 16:33:37 2015
0.00, 1.80, 0.76, 1.80 , -9.239286E-006, 9.242830E-006, -3.507016E-011, -1.134400E-013, 2.150400E+004 1.570926E+074 2.150400E+004, Wed Oct 07 16:33:40 2015
0.00, 1.80, 0.74, 1.80 , -9.884273E-006, 9.883620E-006, -3.548945E-011, -9.125470E-014, 2.150400E+004 1.570926E+074 2.150400E+004, Wed Oct 07 16:33:44 2015
0.00, 1.80, 0.72, 1.80 , -1.054182E-005, 1.054070E-005, -3.448315E-011, -1.166110E-013, 2.150400E+004 1.570926E+074 2.150400E+004, Wed Oct 07 16:33:47 2015
0.00, 1.80, 0.70, 1.80 , -1.122822E-005, 1.121330E-005, -3.507016E-011, -1.172300E-013, 2.150400E+004 1.570926E+074 2.150400E+004, Wed Oct 07 16:33:51 2015
0.00, 1.80, 0.68, 1.80 , -1.193487E-005, 1.191650E-005, -3.536366E-011, -1.154420E-013, 2.150400E+004 1.570926E+074 2.150400E+004, Wed Oct 07 16:33:54 2015
0.00, 1.80, 0.66, 1.80 , -1.264401E-005, 1.263700E-005, -3.632803E-011, -1.036050E-013, 2.150400E+004 1.570926E+074 2.150400E+004, Wed Oct 07 16:33:58 2015
0.00, 1.80, 0.64, 1.80 , -1.338203E-005, 1.338010E-005, -3.557332E-011, -1.253600E-013, 2.150400E+004 1.570926E+074 2.150400E+004, Wed Oct 07 16:34:01 2015
0.00, 1.80, 0.62, 1.80 , -1.413367E-005, 1.412240E-005, -3.511209E-011, -1.251820E-013, 2.150400E+004 1.570926E+074 2.150400E+004, Wed Oct 07 16:34:05 2015
0.00, 1.80, 0.60, 1.80 , -1.490901E-005, 1.489900E-005, -3.523788E-011, -1.063110E-013, 2.150400E+004 1.570926E+074 2.150400E+004, Wed Oct 07 16:34:09 2015
0.00, 1.80, 0.58, 1.80 , -1.570316E-005, 1.568780E-005, -3.507015E-011, -1.216770E-013, 2.150400E+004 1.570926E+074 2.150400E+004, Wed Oct 07 16:34:12 2015
0.00, 1.80, 0.56, 1.80 , -1.649669E-005, 1.648600E-005, -3.465087E-011, -1.139040E-013, 2.150400E+004 1.570926E+074 2.150400E+004, Wed Oct 07 16:34:16 2015
0.00, 1.80, 0.54, 1.80 , -1.731085E-005, 1.729770E-005, -3.590873E-011, -1.028180E-013, 2.150400E+004 1.570926E+074 2.150400E+004, Wed Oct 07 16:34:19 2015
0.00, 1.80, 0.52, 1.80 , -1.814563E-005, 1.813710E-005, -3.616031E-011, -1.133560E-013, 2.150400E+004 1.570926E+074 2.150400E+004, Wed Oct 07 16:34:23 2015
0.00, 1.80, 0.50, 1.80 , -1.900039E-005, 1.899100E-005, -3.582488E-011, -1.171110E-013, 2.150400E+004 1.570926E+074 2.150400E+004, Wed Oct 07 16:34:26 2015
0.00, 1.80, 0.48, 1.80 , -1.986973E-005, 1.985530E-005, -3.636997E-011, -1.180890E-013, 2.150400E+004 1.570926E+074 2.150400E+004, Wed Oct 07 16:34:30 2015
0.00, 1.80, 0.46, 1.80 , -2.074420E-005, 2.073620E-005, -3.678925E-011, -1.280190E-013, 2.150400E+004 1.570926E+074 2.150400E+004, Wed Oct 07 16:34:33 2015
0.00, 1.80, 0.44, 1.80 , -2.164781E-005, 2.163450E-005, -3.603453E-011, -1.069780E-013, 2.150400E+004 1.570926E+074 2.150400E+004, Wed Oct 07 16:34:37 2015
0.00, 1.80, 0.42, 1.80 , -2.255641E-005, 2.254580E-005, -3.729239E-011, -1.190540E-013, 2.150400E+004 1.570926E+074 2.150400E+004, Wed Oct 07 16:34:40 2015
0.00, 1.80, 0.40, 1.80 , -2.347908E-005, 2.346890E-005, -3.574102E-011, -1.117230E-013, 2.150400E+004 1.570926E+074 2.150400E+004, Wed Oct 07 16:34:44 2015
0.00, 1.80, 0.38, 1.80 , -2.441255E-005, 2.440350E-005, -3.678926E-011, -1.159430E-013, 2.150400E+004 1.570926E+074 2.150400E+004, Wed Oct 07 16:34:48 2015
0.00, 1.80, 0.36, 1.80 , -2.535750E-005, 2.535340E-005, -3.611838E-011, -1.207950E-013, 2.150400E+004 1.570926E+074 2.150400E+004, Wed Oct 07 16:34:51 2015
0.00, 1.80, 0.34, 1.80 , -2.631804E-005, 2.630320E-005, -3.787941E-011, -1.021500E-013, 2.150400E+004 1.570926E+074 2.150400E+004, Wed Oct 07 16:34:55 2015
0.00, 1.80, 0.32, 1.80 , -2.729666E-005, 2.727590E-005, -3.813098E-011, -9.560580E-014, 2.150400E+004 1.570926E+074 2.150400E+004, Wed Oct 07 16:34:58 2015
0.00, 1.80, 0.30, 1.80 , -2.827643E-005, 2.826520E-005, -3.649574E-011, -1.149770E-013, 2.150400E+004 1.570926E+074 2.150400E+004, Wed Oct 07 16:35:02 2015
0.00, 1.80, 0.28, 1.80 , -2.928445E-005, 2.926370E-005, -3.758591E-011, -1.212000E-013, 2.150400E+004 1.570926E+074 2.150400E+004, Wed Oct 07 16:35:05 2015
0.00, 1.80, 0.26, 1.80 , -3.029223E-005, 3.026960E-005, -3.741819E-011, -1.041050E-013, 2.150400E+004 1.570926E+074 2.150400E+004, Wed Oct 07 16:35:09 2015
0.00, 1.80, 0.24, 1.80 , -3.131742E-005, 3.130450E-005, -3.712469E-011, -1.012210E-013, 2.150400E+004 1.570926E+074 2.150400E+004, Wed Oct 07 16:35:12 2015
0.00, 1.80, 0.22, 1.80 , -3.234389E-005, 3.234310E-005, -3.926306E-011, -1.075390E-013, 2.150400E+004 1.570926E+074 2.150400E+004, Wed Oct 07 16:35:16 2015
0.00, 1.80, 0.20, 1.80 , -3.340590E-005, 3.338960E-005, -3.746011E-011, -1.116630E-013, 2.150400E+004 1.570926E+074 2.150400E+004, Wed Oct 07 16:35:20 2015
0.00, 1.80, 0.18, 1.80 , -3.446153E-005, 3.445790E-005, -3.842448E-011, -1.045940E-013, 2.150400E+004 1.570926E+074 2.150400E+004, Wed Oct 07 16:35:23 2015
0.00, 1.80, 0.16, 1.80 , -3.553403E-005, 3.550900E-005, -3.674733E-011, -1.212360E-013, 2.150400E+004 1.570926E+074 2.150400E+004, Wed Oct 07 16:35:27 2015
0.00, 1.80, 0.14, 1.80 , -3.661384E-005, 3.659680E-005, -3.775362E-011, -1.245980E-013, 2.150400E+004 1.570926E+074 2.150400E+004, Wed Oct 07 16:35:30 2015
0.00, 1.80, 0.12, 1.80 , -3.771990E-005, 3.769980E-005, -3.641188E-011, -1.120330E-013, 2.150400E+004 1.570926E+074 2.150400E+004, Wed Oct 07 16:35:34 2015
0.00, 1.80, 0.10, 1.80 , -3.881263E-005, 3.879760E-005, -3.980815E-011, -1.024840E-013, 2.150400E+004 1.570926E+074 2.150400E+004, Wed Oct 07 16:35:37 2015
0.00, 1.80, 0.08, 1.80 , -3.992486E-005, 3.991220E-005, -3.653768E-011, -1.046060E-013, 2.150400E+004 1.570926E+074 2.150400E+004, Wed Oct 07 16:35:41 2015
0.00, 1.80, 0.06, 1.80 , -4.105887E-005, 4.103870E-005, -3.657960E-011, -1.177190E-013, 2.150400E+004 1.570926E+074 2.150400E+004, Wed Oct 07 16:35:44 2015
0.00, 1.80, 0.04, 1.80 , -4.219674E-005, 4.216000E-005, -3.842449E-011, -1.362320E-013, 2.150400E+004 1.570926E+074 2.150400E+004, Wed Oct 07 16:35:48 2015
0.00, 1.80, 0.02, 1.80 , -4.333529E-005, 4.331360E-005, -3.750204E-011, -1.051070E-013, 2.150400E+004 1.570926E+074 2.150400E+004, Wed Oct 07 16:35:51 2015
0.00, 1.80, 0.00, 1.80 , -4.448529E-005, 4.447720E-005, -3.766976E-011, -1.057860E-013, 2.150400E+004 1.570926E+074 2.150400E+004, Wed Oct 07 16:35:55 2015
0.00, 1.80, -0.02, 1.80 , -4.566830E-005, 4.565050E-005, -3.846641E-011, -9.915830E-014, 2.150400E+004 1.570926E+074 2.150400E+004, Wed Oct 07 16:35:59 2015
0.00, 1.80, -0.04, 1.80 , -4.683791E-005, 4.682240E-005, -3.691504E-011, -1.093510E-013, 2.150400E+004 1.570926E+074 2.150400E+004, Wed Oct 07 16:36:02 2015
0.00, 1.80, -0.06, 1.80 , -4.804010E-005, 4.801190E-005, -3.850835E-011, -1.114490E-013, 2.150400E+004 1.570926E+074 2.150400E+004, Wed Oct 07 16:36:06 2015
0.00, 1.80, -0.08, 1.80 , -4.923082E-005, 4.921180E-005, -3.917921E-011, -1.205440E-013, 2.150400E+004 1.570926E+074 2.150400E+004, Wed Oct 07 16:36:09 2015
0.00, 1.80, -0.10, 1.80 , -5.044702E-005, 5.041580E-005, -3.821484E-011, -1.082660E-013, 2.150400E+004 1.570926E+074 2.150400E+004, Wed Oct 07 16:36:13 2015
0.00, 1.80, -0.12, 1.80 , -5.165537E-005, 5.161950E-005, -3.624417E-011, -1.057030E-013, 2.150400E+004 1.570926E+074 2.150400E+004, Wed Oct 07 16:36:16 2015
0.00, 1.80, -0.14, 1.80 , -5.285661E-005, 5.283260E-005, -3.964044E-011, -9.890790E-014, 2.150400E+004 1.570926E+074 2.150400E+004, Wed Oct 07 16:36:20 2015
0.00, 1.80, -0.16, 1.80 , -5.407543E-005, 5.405420E-005, -3.775362E-011, -8.893010E-014, 2.150400E+004 1.570926E+074 2.150400E+004, Wed Oct 07 16:36:23 2015
0.00, 1.80, -0.18, 1.80 , -5.531761E-005, 5.530630E-005, -4.039517E-011, -9.286400E-014, 2.150400E+004 1.570926E+074 2.150400E+004, Wed Oct 07 16:36:27 2015
0.00, 1.80, -0.20, 1.80 , -5.654866E-005, 5.654310E-005, -3.775362E-011, -9.964700E-014, 2.150400E+004 1.570926E+074 2.150400E+004, Wed Oct 07 16:36:31 2015
