1.80, 1.80, 0.20, 1.80 , -4.608281E-012, 1.368760E-011, -3.955625E-011, -1.133920E-013, 2.150400E+004 1.570926E+074 2.150400E+004, Sun Oct 11 20:01:55 2015
1.75, 1.80, 0.20, 1.80 , -1.273115E-007, 1.281090E-007, -3.754370E-011, -9.342430E-014, 2.150400E+004 1.570926E+074 2.150400E+004, Sun Oct 11 20:02:01 2015
1.70, 1.80, 0.20, 1.80 , -6.580257E-007, 6.585720E-007, -3.821455E-011, -9.093280E-014, 2.150400E+004 1.570926E+074 2.150400E+004, Sun Oct 11 20:02:05 2015
1.65, 1.80, 0.20, 1.80 , -1.889517E-006, 1.891470E-006, -3.704054E-011, -1.156090E-013, 2.150400E+004 1.570926E+074 2.150400E+004, Sun Oct 11 20:02:08 2015
1.60, 1.80, 0.20, 1.80 , -4.464626E-006, 4.466880E-006, -3.708248E-011, -8.231400E-014, 2.150400E+004 1.570926E+074 2.150400E+004, Sun Oct 11 20:02:12 2015
1.55, 1.80, 0.20, 1.80 , -8.170135E-006, 8.173820E-006, -3.863384E-011, -9.671450E-014, 2.150400E+004 1.570926E+074 2.150400E+004, Sun Oct 11 20:02:15 2015
1.50, 1.80, 0.20, 1.80 , -1.229917E-005, 1.229410E-005, -4.203003E-011, -8.951430E-014, 2.150400E+004 1.570926E+074 2.150400E+004, Sun Oct 11 20:02:19 2015
1.45, 1.80, 0.20, 1.80 , -1.650114E-005, 1.649600E-005, -3.725019E-011, -9.320970E-014, 2.150400E+004 1.570926E+074 2.150400E+004, Sun Oct 11 20:02:23 2015
1.40, 1.80, 0.20, 1.80 , -2.061532E-005, 2.061230E-005, -3.771140E-011, -1.120810E-013, 2.150400E+004 1.570926E+074 2.150400E+004, Sun Oct 11 20:02:26 2015
1.35, 1.80, 0.20, 1.80 , -2.457397E-005, 2.456650E-005, -4.039482E-011, -1.064300E-013, 2.150400E+004 1.570926E+074 2.150400E+004, Sun Oct 11 20:02:30 2015
1.30, 1.80, 0.20, 1.80 , -2.832702E-005, 2.831950E-005, -3.783720E-011, -1.131060E-013, 2.150400E+004 1.570926E+074 2.150400E+004, Sun Oct 11 20:02:33 2015
1.25, 1.80, 0.20, 1.80 , -3.185117E-005, 3.184360E-005, -3.934660E-011, -9.113550E-014, 2.150400E+004 1.570926E+074 2.150400E+004, Sun Oct 11 20:02:37 2015
1.20, 1.80, 0.20, 1.80 , -3.512051E-005, 3.511060E-005, -3.779526E-011, -9.313820E-014, 2.150400E+004 1.570926E+074 2.150400E+004, Sun Oct 11 20:02:40 2015
1.15, 1.80, 0.20, 1.80 , -3.810223E-005, 3.809110E-005, -3.590849E-011, -1.083730E-013, 2.150400E+004 1.570926E+074 2.150400E+004, Sun Oct 11 20:02:44 2015
1.10, 1.80, 0.20, 1.80 , -4.077467E-005, 4.076250E-005, -3.838227E-011, -9.195800E-014, 2.150400E+004 1.570926E+074 2.150400E+004, Sun Oct 11 20:02:48 2015
1.05, 1.80, 0.20, 1.80 , -4.313599E-005, 4.312320E-005, -3.754369E-011, -9.306670E-014, 2.150400E+004 1.570926E+074 2.150400E+004, Sun Oct 11 20:02:51 2015
1.00, 1.80, 0.20, 1.80 , -4.519302E-005, 4.517800E-005, -3.649548E-011, -1.030920E-013, 2.150400E+004 1.570926E+074 2.150400E+004, Sun Oct 11 20:02:55 2015
0.95, 1.80, 0.20, 1.80 , -4.694847E-005, 4.693520E-005, -3.993361E-011, -8.988380E-014, 2.150400E+004 1.570926E+074 2.150400E+004, Sun Oct 11 20:02:58 2015
0.90, 1.80, 0.20, 1.80 , -4.840450E-005, 4.839390E-005, -3.599235E-011, -1.140360E-013, 2.150400E+004 1.570926E+074 2.150400E+004, Sun Oct 11 20:03:02 2015
0.85, 1.80, 0.20, 1.80 , -4.957531E-005, 4.955900E-005, -3.636971E-011, -1.211400E-013, 2.150400E+004 1.570926E+074 2.150400E+004, Sun Oct 11 20:03:05 2015
0.80, 1.80, 0.20, 1.80 , -5.049045E-005, 5.047360E-005, -3.595042E-011, -9.647610E-014, 2.150400E+004 1.570926E+074 2.150400E+004, Sun Oct 11 20:03:09 2015
0.75, 1.80, 0.20, 1.80 , -5.117125E-005, 5.115790E-005, -3.938852E-011, -9.913440E-014, 2.150400E+004 1.570926E+074 2.150400E+004, Sun Oct 11 20:03:12 2015
0.70, 1.80, 0.20, 1.80 , -5.167685E-005, 5.166040E-005, -3.913697E-011, -9.187460E-014, 2.150400E+004 1.570926E+074 2.150400E+004, Sun Oct 11 20:03:16 2015
0.65, 1.80, 0.20, 1.80 , -5.204319E-005, 5.202810E-005, -3.699863E-011, -9.795430E-014, 2.150400E+004 1.570926E+074 2.150400E+004, Sun Oct 11 20:03:19 2015
0.60, 1.80, 0.20, 1.80 , -5.231464E-005, 5.229550E-005, -3.808875E-011, -9.248260E-014, 2.150400E+004 1.570926E+074 2.150400E+004, Sun Oct 11 20:03:23 2015
0.55, 1.80, 0.20, 1.80 , -5.252262E-005, 5.250500E-005, -3.460870E-011, -8.716580E-014, 2.150400E+004 1.570926E+074 2.150400E+004, Sun Oct 11 20:03:26 2015
0.50, 1.80, 0.20, 1.80 , -5.268404E-005, 5.267100E-005, -3.964011E-011, -9.967090E-014, 2.150400E+004 1.570926E+074 2.150400E+004, Sun Oct 11 20:03:30 2015
0.45, 1.80, 0.20, 1.80 , -5.281167E-005, 5.280020E-005, -4.039481E-011, -9.702440E-014, 2.150400E+004 1.570926E+074 2.150400E+004, Sun Oct 11 20:03:34 2015
0.40, 1.80, 0.20, 1.80 , -5.293167E-005, 5.291150E-005, -3.729212E-011, -9.514090E-014, 2.150400E+004 1.570926E+074 2.150400E+004, Sun Oct 11 20:03:37 2015
0.35, 1.80, 0.20, 1.80 , -5.304028E-005, 5.302360E-005, -4.186230E-011, -7.945300E-014, 2.150400E+004 1.570926E+074 2.150400E+004, Sun Oct 11 20:03:41 2015
0.30, 1.80, 0.20, 1.80 , -5.313568E-005, 5.311870E-005, -3.796297E-011, -1.178980E-013, 2.150400E+004 1.570926E+074 2.150400E+004, Sun Oct 11 20:03:44 2015
0.25, 1.80, 0.20, 1.80 , -5.323920E-005, 5.322800E-005, -3.884348E-011, -8.918050E-014, 2.150400E+004 1.570926E+074 2.150400E+004, Sun Oct 11 20:03:48 2015
0.20, 1.80, 0.20, 1.80 , -5.333079E-005, 5.331490E-005, -3.745984E-011, -1.119970E-013, 2.150400E+004 1.570926E+074 2.150400E+004, Sun Oct 11 20:03:51 2015
0.15, 1.80, 0.20, 1.80 , -5.342074E-005, 5.339890E-005, -3.779527E-011, -1.165990E-013, 2.150400E+004 1.570926E+074 2.150400E+004, Sun Oct 11 20:03:55 2015
0.10, 1.80, 0.20, 1.80 , -5.349739E-005, 5.348450E-005, -4.140110E-011, -1.072530E-013, 2.150400E+004 1.570926E+074 2.150400E+004, Sun Oct 11 20:03:58 2015
0.05, 1.80, 0.20, 1.80 , -5.359226E-005, 5.357190E-005, -3.934660E-011, -7.733110E-014, 2.150400E+004 1.570926E+074 2.150400E+004, Sun Oct 11 20:04:02 2015
0.00, 1.80, 0.20, 1.80 , -5.367223E-005, 5.365810E-005, -3.808876E-011, -1.200080E-013, 2.150400E+004 1.570926E+074 2.150400E+004, Sun Oct 11 20:04:05 2015
-0.05, 1.80, 0.20, 1.80 , -5.375053E-005, 5.371990E-005, -3.863382E-011, -1.034980E-013, 2.150400E+004 1.570926E+074 2.150400E+004, Sun Oct 11 20:04:09 2015
-0.10, 1.80, 0.20, 1.80 , -5.383766E-005, 5.381490E-005, -3.980782E-011, -8.586650E-014, 2.150400E+004 1.570926E+074 2.150400E+004, Sun Oct 11 20:04:12 2015
-0.15, 1.80, 0.20, 1.80 , -5.390338E-005, 5.387930E-005, -3.745983E-011, -9.857420E-014, 2.150400E+004 1.570926E+074 2.150400E+004, Sun Oct 11 20:04:16 2015
-0.20, 1.80, 0.20, 1.80 , -5.397892E-005, 5.396500E-005, -3.922083E-011, -1.163720E-013, 2.150400E+004 1.570926E+074 2.150400E+004, Sun Oct 11 20:04:20 2015
