1.80, 1.80, 1.00, 1.80 , 4.163632E-009, -4.164890E-009, -3.548959E-011, -1.159070E-013, 2.150400E+004 1.570926E+074 2.150400E+004, Wed Oct 07 20:29:49 2015
1.75, 1.80, 1.00, 1.80 , -7.961083E-007, 7.960890E-007, -3.389627E-011, -9.996890E-014, 2.150400E+004 1.570926E+074 2.150400E+004, Wed Oct 07 20:29:53 2015
1.70, 1.80, 1.00, 1.80 , -1.451730E-006, 1.451610E-006, -3.456714E-011, -1.152280E-013, 2.150400E+004 1.570926E+074 2.150400E+004, Wed Oct 07 20:29:57 2015
1.65, 1.80, 1.00, 1.80 , -1.965198E-006, 1.964500E-006, -3.381240E-011, -1.033900E-013, 2.150400E+004 1.570926E+074 2.150400E+004, Wed Oct 07 20:30:01 2015
1.60, 1.80, 1.00, 1.80 , -2.343481E-006, 2.342840E-006, -3.733450E-011, -9.042020E-014, 2.150400E+004 1.570926E+074 2.150400E+004, Wed Oct 07 20:30:04 2015
1.55, 1.80, 1.00, 1.80 , -2.602692E-006, 2.603560E-006, -3.142241E-011, -1.179460E-013, 2.150400E+004 1.570926E+074 2.150400E+004, Wed Oct 07 20:30:08 2015
1.50, 1.80, 1.00, 1.80 , -2.765231E-006, 2.765520E-006, -3.293189E-011, -1.220700E-013, 2.150400E+004 1.570926E+074 2.150400E+004, Wed Oct 07 20:30:11 2015
1.45, 1.80, 1.00, 1.80 , -2.859050E-006, 2.858160E-006, -3.213521E-011, -1.007200E-013, 2.150400E+004 1.570926E+074 2.150400E+004, Wed Oct 07 20:30:15 2015
1.40, 1.80, 1.00, 1.80 , -2.906383E-006, 2.906670E-006, -3.234487E-011, -1.017570E-013, 2.150400E+004 1.570926E+074 2.150400E+004, Wed Oct 07 20:30:18 2015
1.35, 1.80, 1.00, 1.80 , -2.934911E-006, 2.935230E-006, -3.251258E-011, -8.913280E-014, 2.150400E+004 1.570926E+074 2.150400E+004, Wed Oct 07 20:30:22 2015
1.30, 1.80, 1.00, 1.80 , -2.951759E-006, 2.951630E-006, -3.117084E-011, -9.455680E-014, 2.150400E+004 1.570926E+074 2.150400E+004, Wed Oct 07 20:30:25 2015
1.25, 1.80, 1.00, 1.80 , -2.963989E-006, 2.963810E-006, -3.255452E-011, -9.591580E-014, 2.150400E+004 1.570926E+074 2.150400E+004, Wed Oct 07 20:30:29 2015
1.20, 1.80, 1.00, 1.80 , -2.972967E-006, 2.971810E-006, -3.138049E-011, -1.079440E-013, 2.150400E+004 1.570926E+074 2.150400E+004, Wed Oct 07 20:30:32 2015
1.15, 1.80, 1.00, 1.80 , -2.982137E-006, 2.981980E-006, -3.121277E-011, -1.064780E-013, 2.150400E+004 1.570926E+074 2.150400E+004, Wed Oct 07 20:30:36 2015
1.10, 1.80, 1.00, 1.80 , -2.991768E-006, 2.992380E-006, -3.213522E-011, -9.503360E-014, 2.150400E+004 1.570926E+074 2.150400E+004, Wed Oct 07 20:30:40 2015
1.05, 1.80, 1.00, 1.80 , -2.999419E-006, 2.999530E-006, -3.188365E-011, -9.754900E-014, 2.150400E+004 1.570926E+074 2.150400E+004, Wed Oct 07 20:30:43 2015
1.00, 1.80, 1.00, 1.80 , -3.005919E-006, 3.006030E-006, -2.978716E-011, -9.311440E-014, 2.150400E+004 1.570926E+074 2.150400E+004, Wed Oct 07 20:30:47 2015
0.95, 1.80, 1.00, 1.80 , -3.013195E-006, 3.013370E-006, -3.356082E-011, -1.091840E-013, 2.150400E+004 1.570926E+074 2.150400E+004, Wed Oct 07 20:30:50 2015
0.90, 1.80, 1.00, 1.80 , -3.020094E-006, 3.019690E-006, -3.326731E-011, -1.033310E-013, 2.150400E+004 1.570926E+074 2.150400E+004, Wed Oct 07 20:30:54 2015
0.85, 1.80, 1.00, 1.80 , -3.025270E-006, 3.025330E-006, -3.016453E-011, -1.171710E-013, 2.150400E+004 1.570926E+074 2.150400E+004, Wed Oct 07 20:30:57 2015
0.80, 1.80, 1.00, 1.80 , -3.030319E-006, 3.031300E-006, -3.280609E-011, -8.862020E-014, 2.150400E+004 1.570926E+074 2.150400E+004, Wed Oct 07 20:31:01 2015
0.75, 1.80, 1.00, 1.80 , -3.035700E-006, 3.034690E-006, -3.091926E-011, -9.595160E-014, 2.150400E+004 1.570926E+074 2.150400E+004, Wed Oct 07 20:31:04 2015
0.70, 1.80, 1.00, 1.80 , -3.039530E-006, 3.038920E-006, -3.251259E-011, -9.920600E-014, 2.150400E+004 1.570926E+074 2.150400E+004, Wed Oct 07 20:31:08 2015
0.65, 1.80, 1.00, 1.80 , -3.045135E-006, 3.045030E-006, -3.247066E-011, -9.171960E-014, 2.150400E+004 1.570926E+074 2.150400E+004, Wed Oct 07 20:31:11 2015
0.60, 1.80, 1.00, 1.80 , -3.047738E-006, 3.046820E-006, -3.129663E-011, -8.686780E-014, 2.150400E+004 1.570926E+074 2.150400E+004, Wed Oct 07 20:31:15 2015
0.55, 1.80, 1.00, 1.80 , -3.052377E-006, 3.052470E-006, -3.104505E-011, -1.092790E-013, 2.150400E+004 1.570926E+074 2.150400E+004, Wed Oct 07 20:31:19 2015
0.50, 1.80, 1.00, 1.80 , -3.056298E-006, 3.056770E-006, -3.062575E-011, -1.034380E-013, 2.150400E+004 1.570926E+074 2.150400E+004, Wed Oct 07 20:31:22 2015
0.45, 1.80, 1.00, 1.80 , -3.062174E-006, 3.061580E-006, -3.146435E-011, -8.716580E-014, 2.150400E+004 1.570926E+074 2.150400E+004, Wed Oct 07 20:31:26 2015
0.40, 1.80, 1.00, 1.80 , -3.065821E-006, 3.065890E-006, -3.016452E-011, -1.036520E-013, 2.150400E+004 1.570926E+074 2.150400E+004, Wed Oct 07 20:31:29 2015
0.35, 1.80, 1.00, 1.80 , -3.069870E-006, 3.070150E-006, -3.100312E-011, -1.187320E-013, 2.150400E+004 1.570926E+074 2.150400E+004, Wed Oct 07 20:31:33 2015
0.30, 1.80, 1.00, 1.80 , -3.073788E-006, 3.073180E-006, -3.117084E-011, -9.560580E-014, 2.150400E+004 1.570926E+074 2.150400E+004, Wed Oct 07 20:31:36 2015
0.25, 1.80, 1.00, 1.80 , -3.076633E-006, 3.076470E-006, -3.133856E-011, -1.039030E-013, 2.150400E+004 1.570926E+074 2.150400E+004, Wed Oct 07 20:31:40 2015
0.20, 1.80, 1.00, 1.80 , -3.081932E-006, 3.080920E-006, -3.175785E-011, -1.095060E-013, 2.150400E+004 1.570926E+074 2.150400E+004, Wed Oct 07 20:31:43 2015
0.15, 1.80, 1.00, 1.80 , -3.086456E-006, 3.085590E-006, -3.058383E-011, -1.119610E-013, 2.150400E+004 1.570926E+074 2.150400E+004, Wed Oct 07 20:31:47 2015
0.10, 1.80, 1.00, 1.80 , -3.088820E-006, 3.089330E-006, -3.163206E-011, -1.101370E-013, 2.150400E+004 1.570926E+074 2.150400E+004, Wed Oct 07 20:31:50 2015
0.05, 1.80, 1.00, 1.80 , -3.093432E-006, 3.094610E-006, -3.100313E-011, -1.179930E-013, 2.150400E+004 1.570926E+074 2.150400E+004, Wed Oct 07 20:31:54 2015
0.00, 1.80, 1.00, 1.80 , -3.098664E-006, 3.098240E-006, -3.016453E-011, -9.887220E-014, 2.150400E+004 1.570926E+074 2.150400E+004, Wed Oct 07 20:31:58 2015
-0.05, 1.80, 1.00, 1.80 , -3.102812E-006, 3.102570E-006, -2.991295E-011, -9.799000E-014, 2.150400E+004 1.570926E+074 2.150400E+004, Wed Oct 07 20:32:01 2015
-0.10, 1.80, 1.00, 1.80 , -3.108272E-006, 3.107840E-006, -2.974523E-011, -1.148700E-013, 2.150400E+004 1.570926E+074 2.150400E+004, Wed Oct 07 20:32:05 2015
-0.15, 1.80, 1.00, 1.80 , -3.113248E-006, 3.113280E-006, -2.949365E-011, -1.055840E-013, 2.150400E+004 1.570926E+074 2.150400E+004, Wed Oct 07 20:32:08 2015
-0.20, 1.80, 1.00, 1.80 , -3.116788E-006, 3.117320E-006, -2.915822E-011, -1.071330E-013, 2.150400E+004 1.570926E+074 2.150400E+004, Wed Oct 07 20:32:12 2015
