1.80, 1.80, 1.00, 1.80 , -5.199074E-012, 1.949090E-011, -2.928382E-011, -1.155140E-013, 2.150400E+004 1.570926E+074 2.150400E+004, Sun Oct 11 19:56:53 2015
1.75, 1.80, 1.00, 1.80 , -3.730814E-008, 3.765210E-008, -3.058359E-011, -1.028060E-013, 2.150400E+004 1.570926E+074 2.150400E+004, Sun Oct 11 19:57:00 2015
1.70, 1.80, 1.00, 1.80 , -1.646879E-007, 1.649590E-007, -3.318315E-011, -9.250640E-014, 2.150400E+004 1.570926E+074 2.150400E+004, Sun Oct 11 19:57:03 2015
1.65, 1.80, 1.00, 1.80 , -3.247740E-007, 3.247440E-007, -3.381207E-011, -8.708240E-014, 2.150400E+004 1.570926E+074 2.150400E+004, Sun Oct 11 19:57:07 2015
1.60, 1.80, 1.00, 1.80 , -4.664585E-007, 4.660830E-007, -3.259615E-011, -1.021390E-013, 2.150400E+004 1.570926E+074 2.150400E+004, Sun Oct 11 19:57:10 2015
1.55, 1.80, 1.00, 1.80 , -5.626333E-007, 5.628050E-007, -3.247036E-011, -7.499460E-014, 2.150400E+004 1.570926E+074 2.150400E+004, Sun Oct 11 19:57:15 2015
1.50, 1.80, 1.00, 1.80 , -6.260614E-007, 6.251250E-007, -2.999660E-011, -8.341070E-014, 2.150400E+004 1.570926E+074 2.150400E+004, Sun Oct 11 19:57:18 2015
1.45, 1.80, 1.00, 1.80 , -6.504176E-007, 6.504300E-007, -3.062552E-011, -8.280280E-014, 2.150400E+004 1.570926E+074 2.150400E+004, Sun Oct 11 19:57:22 2015
1.40, 1.80, 1.00, 1.80 , -6.599442E-007, 6.594440E-007, -2.932575E-011, -1.052620E-013, 2.150400E+004 1.570926E+074 2.150400E+004, Sun Oct 11 19:57:26 2015
1.35, 1.80, 1.00, 1.80 , -6.571162E-007, 6.561050E-007, -3.158988E-011, -1.105790E-013, 2.150400E+004 1.570926E+074 2.150400E+004, Sun Oct 11 19:57:29 2015
1.30, 1.80, 1.00, 1.80 , -6.594279E-007, 6.590020E-007, -3.284772E-011, -8.674860E-014, 2.150400E+004 1.570926E+074 2.150400E+004, Sun Oct 11 19:57:33 2015
1.25, 1.80, 1.00, 1.80 , -6.606081E-007, 6.623190E-007, -2.940960E-011, -1.084570E-013, 2.150400E+004 1.570926E+074 2.150400E+004, Sun Oct 11 19:57:36 2015
1.20, 1.80, 1.00, 1.80 , -6.614391E-007, 6.620930E-007, -3.318315E-011, -9.760860E-014, 2.150400E+004 1.570926E+074 2.150400E+004, Sun Oct 11 19:57:40 2015
1.15, 1.80, 1.00, 1.80 , -6.632158E-007, 6.639220E-007, -3.058360E-011, -1.060720E-013, 2.150400E+004 1.570926E+074 2.150400E+004, Sun Oct 11 19:57:43 2015
1.10, 1.80, 1.00, 1.80 , -6.660902E-007, 6.665120E-007, -3.247037E-011, -9.027720E-014, 2.150400E+004 1.570926E+074 2.150400E+004, Sun Oct 11 19:57:47 2015
1.05, 1.80, 1.00, 1.80 , -6.669172E-007, 6.672790E-007, -3.188338E-011, -1.060610E-013, 2.150400E+004 1.570926E+074 2.150400E+004, Sun Oct 11 19:57:50 2015
1.00, 1.80, 1.00, 1.80 , -6.709205E-007, 6.718420E-007, -3.104481E-011, -8.775000E-014, 2.150400E+004 1.570926E+074 2.150400E+004, Sun Oct 11 19:57:54 2015
0.95, 1.80, 1.00, 1.80 , -6.738731E-007, 6.735690E-007, -3.125445E-011, -1.053090E-013, 2.150400E+004 1.570926E+074 2.150400E+004, Sun Oct 11 19:57:57 2015
0.90, 1.80, 1.00, 1.80 , -6.757119E-007, 6.749540E-007, -3.343472E-011, -9.813310E-014, 2.150400E+004 1.570926E+074 2.150400E+004, Sun Oct 11 19:58:01 2015
0.85, 1.80, 1.00, 1.80 , -6.779775E-007, 6.784620E-007, -3.293158E-011, -1.025680E-013, 2.150400E+004 1.570926E+074 2.150400E+004, Sun Oct 11 19:58:05 2015
0.80, 1.80, 1.00, 1.80 , -6.794172E-007, 6.796090E-007, -3.142216E-011, -9.778740E-014, 2.150400E+004 1.570926E+074 2.150400E+004, Sun Oct 11 19:58:08 2015
0.75, 1.80, 1.00, 1.80 , -6.820589E-007, 6.824940E-007, -3.221879E-011, -8.267160E-014, 2.150400E+004 1.570926E+074 2.150400E+004, Sun Oct 11 19:58:12 2015
0.70, 1.80, 1.00, 1.80 , -6.851778E-007, 6.845270E-007, -3.037395E-011, -1.220580E-013, 2.150400E+004 1.570926E+074 2.150400E+004, Sun Oct 11 19:58:15 2015
0.65, 1.80, 1.00, 1.80 , -6.863373E-007, 6.869030E-007, -3.360243E-011, -1.111870E-013, 2.150400E+004 1.570926E+074 2.150400E+004, Sun Oct 11 19:58:19 2015
0.60, 1.80, 1.00, 1.80 , -6.918455E-007, 6.921010E-007, -3.284772E-011, -9.866950E-014, 2.150400E+004 1.570926E+074 2.150400E+004, Sun Oct 11 19:58:22 2015
0.55, 1.80, 1.00, 1.80 , -6.992294E-007, 7.006040E-007, -3.452486E-011, -9.943250E-014, 2.150400E+004 1.570926E+074 2.150400E+004, Sun Oct 11 19:58:26 2015
0.50, 1.80, 1.00, 1.80 , -7.213250E-007, 7.199780E-007, -3.234459E-011, -1.140360E-013, 2.150400E+004 1.570926E+074 2.150400E+004, Sun Oct 11 19:58:29 2015
0.45, 1.80, 1.00, 1.80 , -7.434278E-007, 7.421320E-007, -3.393785E-011, -9.841920E-014, 2.150400E+004 1.570926E+074 2.150400E+004, Sun Oct 11 19:58:33 2015
0.40, 1.80, 1.00, 1.80 , -7.644316E-007, 7.657970E-007, -3.272194E-011, -9.262560E-014, 2.150400E+004 1.570926E+074 2.150400E+004, Sun Oct 11 19:58:36 2015
0.35, 1.80, 1.00, 1.80 , -7.843104E-007, 7.834320E-007, -3.347665E-011, -9.989740E-014, 2.150400E+004 1.570926E+074 2.150400E+004, Sun Oct 11 19:58:40 2015
0.30, 1.80, 1.00, 1.80 , -8.065195E-007, 8.078670E-007, -3.146409E-011, -1.023770E-013, 2.150400E+004 1.570926E+074 2.150400E+004, Sun Oct 11 19:58:44 2015
0.25, 1.80, 1.00, 1.80 , -8.273635E-007, 8.295730E-007, -3.343472E-011, -1.040700E-013, 2.150400E+004 1.570926E+074 2.150400E+004, Sun Oct 11 19:58:47 2015
0.20, 1.80, 1.00, 1.80 , -8.513579E-007, 8.456010E-007, -3.196722E-011, -1.158830E-013, 2.150400E+004 1.570926E+074 2.150400E+004, Sun Oct 11 19:58:51 2015
0.15, 1.80, 1.00, 1.80 , -8.671712E-007, 8.697860E-007, -3.247035E-011, -9.819270E-014, 2.150400E+004 1.570926E+074 2.150400E+004, Sun Oct 11 19:58:54 2015
0.10, 1.80, 1.00, 1.80 , -8.932513E-007, 8.935480E-007, -3.217687E-011, -9.782310E-014, 2.150400E+004 1.570926E+074 2.150400E+004, Sun Oct 11 19:58:58 2015
0.05, 1.80, 1.00, 1.80 , -9.235051E-007, 9.255780E-007, -3.448292E-011, -8.658170E-014, 2.150400E+004 1.570926E+074 2.150400E+004, Sun Oct 11 19:59:01 2015
0.00, 1.80, 1.00, 1.80 , -9.624591E-007, 9.645140E-007, -3.427328E-011, -1.034380E-013, 2.150400E+004 1.570926E+074 2.150400E+004, Sun Oct 11 19:59:05 2015
-0.05, 1.80, 1.00, 1.80 , -1.004691E-006, 1.006090E-006, -3.087710E-011, -8.559230E-014, 2.150400E+004 1.570926E+074 2.150400E+004, Sun Oct 11 19:59:08 2015
-0.10, 1.80, 1.00, 1.80 , -1.049543E-006, 1.048930E-006, -2.991275E-011, -9.052750E-014, 2.150400E+004 1.570926E+074 2.150400E+004, Sun Oct 11 19:59:12 2015
-0.15, 1.80, 1.00, 1.80 , -1.099640E-006, 1.099720E-006, -3.469257E-011, -9.287600E-014, 2.150400E+004 1.570926E+074 2.150400E+004, Sun Oct 11 19:59:16 2015
-0.20, 1.80, 1.00, 1.80 , -1.152882E-006, 1.150990E-006, -3.096095E-011, -9.772780E-014, 2.150400E+004 1.570926E+074 2.150400E+004, Sun Oct 11 19:59:19 2015
