1.40, 1.80, 1.80, 1.80 , -2.891570E-011, 4.164370E-012, -8.530310E-012, -8.403060E-014, 2.150400E+004 1.570926E+074 2.150400E+004, Wed Oct 07 20:47:39 2015
1.40, 1.80, 1.78, 1.80 , -2.752307E-011, 4.176690E-012, -1.494490E-011, -9.330510E-014, 2.150400E+004 1.570926E+074 2.150400E+004, Wed Oct 07 20:47:49 2015
1.40, 1.80, 1.76, 1.80 , -2.802949E-011, 4.699960E-012, -1.930514E-011, -9.801390E-014, 2.150400E+004 1.570926E+074 2.150400E+004, Wed Oct 07 20:47:54 2015
1.40, 1.80, 1.74, 1.80 , -2.718547E-011, 4.515220E-012, -1.896974E-011, -9.781120E-014, 2.150400E+004 1.570926E+074 2.150400E+004, Wed Oct 07 20:48:04 2015
1.40, 1.80, 1.72, 1.80 , -2.731208E-011, 4.623030E-012, -1.964054E-011, -1.056430E-013, 2.150400E+004 1.570926E+074 2.150400E+004, Wed Oct 07 20:48:14 2015
1.40, 1.80, 1.70, 1.80 , -2.625708E-011, 4.950940E-012, -2.102408E-011, -1.121880E-013, 2.150400E+004 1.570926E+074 2.150400E+004, Wed Oct 07 20:48:20 2015
1.40, 1.80, 1.68, 1.80 , -2.701669E-011, 5.273490E-012, -2.286880E-011, -1.027460E-013, 2.150400E+004 1.570926E+074 2.150400E+004, Wed Oct 07 20:48:26 2015
1.40, 1.80, 1.66, 1.80 , -2.613047E-011, 5.707200E-012, -2.223992E-011, -1.096370E-013, 2.150400E+004 1.570926E+074 2.150400E+004, Wed Oct 07 20:48:32 2015
1.40, 1.80, 1.64, 1.80 , -2.870471E-011, 6.406440E-012, -2.525877E-011, -1.061560E-013, 2.150400E+004 1.570926E+074 2.150400E+004, Wed Oct 07 20:48:37 2015
1.40, 1.80, 1.62, 1.80 , -2.883131E-011, 7.341420E-012, -2.362351E-011, -8.420940E-014, 2.150400E+004 1.570926E+074 2.150400E+004, Wed Oct 07 20:48:53 2015
1.40, 1.80, 1.60, 1.80 , -3.136334E-011, 1.011820E-011, -2.517491E-011, -1.050590E-013, 2.150400E+004 1.570926E+074 2.150400E+004, Wed Oct 07 20:48:58 2015
1.40, 1.80, 1.58, 1.80 , -3.651177E-011, 1.545130E-011, -2.551034E-011, -1.009110E-013, 2.150400E+004 1.570926E+074 2.150400E+004, Wed Oct 07 20:49:06 2015
1.40, 1.80, 1.56, 1.80 , -4.765260E-011, 2.658080E-011, -2.525877E-011, -1.009350E-013, 2.150400E+004 1.570926E+074 2.150400E+004, Wed Oct 07 20:49:11 2015
1.40, 1.80, 1.54, 1.80 , -6.925913E-011, 4.910150E-011, -2.605543E-011, -1.194120E-013, 2.150400E+004 1.570926E+074 2.150400E+004, Wed Oct 07 20:49:20 2015
1.40, 1.80, 1.52, 1.80 , -1.168188E-010, 9.589990E-011, -2.748103E-011, -1.097080E-013, 2.150400E+004 1.570926E+074 2.150400E+004, Wed Oct 07 20:49:25 2015
1.40, 1.80, 1.50, 1.80 , -2.119803E-010, 1.908750E-010, -2.819384E-011, -9.733440E-014, 2.150400E+004 1.570926E+074 2.150400E+004, Wed Oct 07 20:49:31 2015
1.40, 1.80, 1.48, 1.80 , -4.069455E-010, 3.855100E-010, -2.819384E-011, -1.129030E-013, 2.150400E+004 1.570926E+074 2.150400E+004, Wed Oct 07 20:49:36 2015
1.40, 1.80, 1.46, 1.80 , -8.025728E-010, 7.819140E-010, -2.852927E-011, -1.051430E-013, 2.150400E+004 1.570926E+074 2.150400E+004, Wed Oct 07 20:49:40 2015
1.40, 1.80, 1.44, 1.80 , -1.604675E-009, 1.585060E-009, -2.836156E-011, -1.130940E-013, 2.150400E+004 1.570926E+074 2.150400E+004, Wed Oct 07 20:49:45 2015
1.40, 1.80, 1.42, 1.80 , -3.190641E-009, 3.152010E-009, -2.857121E-011, -1.184820E-013, 2.150400E+004 1.570926E+074 2.150400E+004, Wed Oct 07 20:49:48 2015
1.40, 1.80, 1.40, 1.80 , -6.236025E-009, 6.226780E-009, -3.054190E-011, -9.416340E-014, 2.150400E+004 1.570926E+074 2.150400E+004, Wed Oct 07 20:49:52 2015
1.40, 1.80, 1.38, 1.80 , -1.182388E-008, 1.180310E-008, -2.920015E-011, -1.003740E-013, 2.150400E+004 1.570926E+074 2.150400E+004, Wed Oct 07 20:49:56 2015
1.40, 1.80, 1.36, 1.80 , -2.161126E-008, 2.156800E-008, -2.961944E-011, -1.037720E-013, 2.150400E+004 1.570926E+074 2.150400E+004, Wed Oct 07 20:49:59 2015
1.40, 1.80, 1.34, 1.80 , -3.751436E-008, 3.752380E-008, -3.008067E-011, -9.940860E-014, 2.150400E+004 1.570926E+074 2.150400E+004, Wed Oct 07 20:50:03 2015
1.40, 1.80, 1.32, 1.80 , -6.219345E-008, 6.221130E-008, -2.928401E-011, -9.200570E-014, 2.150400E+004 1.570926E+074 2.150400E+004, Wed Oct 07 20:50:06 2015
1.40, 1.80, 1.30, 1.80 , -9.789873E-008, 9.798030E-008, -2.970330E-011, -1.038310E-013, 2.150400E+004 1.570926E+074 2.150400E+004, Wed Oct 07 20:50:10 2015
1.40, 1.80, 1.28, 1.80 , -1.469929E-007, 1.472400E-007, -3.091926E-011, -9.824040E-014, 2.150400E+004 1.570926E+074 2.150400E+004, Wed Oct 07 20:50:13 2015
1.40, 1.80, 1.26, 1.80 , -2.122785E-007, 2.125300E-007, -3.280609E-011, -1.136540E-013, 2.150400E+004 1.570926E+074 2.150400E+004, Wed Oct 07 20:50:17 2015
1.40, 1.80, 1.24, 1.80 , -2.940123E-007, 2.943850E-007, -3.305767E-011, -9.942050E-014, 2.150400E+004 1.570926E+074 2.150400E+004, Wed Oct 07 20:50:21 2015
1.40, 1.80, 1.22, 1.80 , -3.941439E-007, 3.941560E-007, -3.171593E-011, -1.199960E-013, 2.150400E+004 1.570926E+074 2.150400E+004, Wed Oct 07 20:50:24 2015
1.40, 1.80, 1.20, 1.80 , -5.145043E-007, 5.143900E-007, -3.142241E-011, -1.063470E-013, 2.150400E+004 1.570926E+074 2.150400E+004, Wed Oct 07 20:50:28 2015
1.40, 1.80, 1.18, 1.80 , -6.557516E-007, 6.554100E-007, -3.200943E-011, -1.179220E-013, 2.150400E+004 1.570926E+074 2.150400E+004, Wed Oct 07 20:50:31 2015
1.40, 1.80, 1.16, 1.80 , -8.184687E-007, 8.187880E-007, -3.335118E-011, -8.288620E-014, 2.150400E+004 1.570926E+074 2.150400E+004, Wed Oct 07 20:50:35 2015
1.40, 1.80, 1.14, 1.80 , -1.003861E-006, 1.003870E-006, -3.133856E-011, -1.102690E-013, 2.150400E+004 1.570926E+074 2.150400E+004, Wed Oct 07 20:50:38 2015
1.40, 1.80, 1.12, 1.80 , -1.210813E-006, 1.210890E-006, -3.079347E-011, -1.161690E-013, 2.150400E+004 1.570926E+074 2.150400E+004, Wed Oct 07 20:50:42 2015
1.40, 1.80, 1.10, 1.80 , -1.440058E-006, 1.440340E-006, -3.309960E-011, -1.049160E-013, 2.150400E+004 1.570926E+074 2.150400E+004, Wed Oct 07 20:50:46 2015
1.40, 1.80, 1.08, 1.80 , -1.692693E-006, 1.691940E-006, -3.263838E-011, -9.900330E-014, 2.150400E+004 1.570926E+074 2.150400E+004, Wed Oct 07 20:50:49 2015
1.40, 1.80, 1.06, 1.80 , -1.962637E-006, 1.962860E-006, -3.309960E-011, -9.800200E-014, 2.150400E+004 1.570926E+074 2.150400E+004, Wed Oct 07 20:50:53 2015
1.40, 1.80, 1.04, 1.80 , -2.255319E-006, 2.254560E-006, -3.213522E-011, -9.670260E-014, 2.150400E+004 1.570926E+074 2.150400E+004, Wed Oct 07 20:50:56 2015
1.40, 1.80, 1.02, 1.80 , -2.572677E-006, 2.572610E-006, -3.259645E-011, -9.933710E-014, 2.150400E+004 1.570926E+074 2.150400E+004, Wed Oct 07 20:51:00 2015
1.40, 1.80, 1.00, 1.80 , -2.906563E-006, 2.906590E-006, -3.247065E-011, -1.098280E-013, 2.150400E+004 1.570926E+074 2.150400E+004, Wed Oct 07 20:51:03 2015
1.40, 1.80, 0.98, 1.80 , -3.258529E-006, 3.258200E-006, -3.335118E-011, -1.022220E-013, 2.150400E+004 1.570926E+074 2.150400E+004, Wed Oct 07 20:51:07 2015
1.40, 1.80, 0.96, 1.80 , -3.625905E-006, 3.625690E-006, -3.402204E-011, -1.199480E-013, 2.150400E+004 1.570926E+074 2.150400E+004, Wed Oct 07 20:51:10 2015
1.40, 1.80, 0.94, 1.80 , -4.008270E-006, 4.008020E-006, -3.247066E-011, -9.034870E-014, 2.150400E+004 1.570926E+074 2.150400E+004, Wed Oct 07 20:51:14 2015
1.40, 1.80, 0.92, 1.80 , -4.403506E-006, 4.402610E-006, -3.272223E-011, -1.053570E-013, 2.150400E+004 1.570926E+074 2.150400E+004, Wed Oct 07 20:51:18 2015
1.40, 1.80, 0.90, 1.80 , -4.809184E-006, 4.808380E-006, -3.247065E-011, -9.918210E-014, 2.150400E+004 1.570926E+074 2.150400E+004, Wed Oct 07 20:51:21 2015
1.40, 1.80, 0.88, 1.80 , -5.219209E-006, 5.218840E-006, -3.226101E-011, -1.053090E-013, 2.150400E+004 1.570926E+074 2.150400E+004, Wed Oct 07 20:51:25 2015
1.40, 1.80, 0.86, 1.80 , -5.633558E-006, 5.633100E-006, -3.527995E-011, -1.077650E-013, 2.150400E+004 1.570926E+074 2.150400E+004, Wed Oct 07 20:51:28 2015
1.40, 1.80, 0.84, 1.80 , -6.059622E-006, 6.059510E-006, -3.263837E-011, -1.036050E-013, 2.150400E+004 1.570926E+074 2.150400E+004, Wed Oct 07 20:51:32 2015
1.40, 1.80, 0.82, 1.80 , -6.482995E-006, 6.483300E-006, -3.423170E-011, -7.977490E-014, 2.150400E+004 1.570926E+074 2.150400E+004, Wed Oct 07 20:51:35 2015
1.40, 1.80, 0.80, 1.80 , -6.908846E-006, 6.907950E-006, -3.226101E-011, -9.170770E-014, 2.150400E+004 1.570926E+074 2.150400E+004, Wed Oct 07 20:51:39 2015
1.40, 1.80, 0.78, 1.80 , -7.337138E-006, 7.335530E-006, -3.481871E-011, -1.068230E-013, 2.150400E+004 1.570926E+074 2.150400E+004, Wed Oct 07 20:51:42 2015
1.40, 1.80, 0.76, 1.80 , -7.758606E-006, 7.759950E-006, -3.326731E-011, -1.028660E-013, 2.150400E+004 1.570926E+074 2.150400E+004, Wed Oct 07 20:51:46 2015
1.40, 1.80, 0.74, 1.80 , -8.179196E-006, 8.179270E-006, -3.481871E-011, -1.050590E-013, 2.150400E+004 1.570926E+074 2.150400E+004, Wed Oct 07 20:51:50 2015
1.40, 1.80, 0.72, 1.80 , -8.600765E-006, 8.598400E-006, -3.418977E-011, -9.903910E-014, 2.150400E+004 1.570926E+074 2.150400E+004, Wed Oct 07 20:51:53 2015
1.40, 1.80, 0.70, 1.80 , -9.015370E-006, 9.014460E-006, -3.309960E-011, -1.034260E-013, 2.150400E+004 1.570926E+074 2.150400E+004, Wed Oct 07 20:51:57 2015
1.40, 1.80, 0.68, 1.80 , -9.432381E-006, 9.431780E-006, -3.330925E-011, -1.191140E-013, 2.150400E+004 1.570926E+074 2.150400E+004, Wed Oct 07 20:52:00 2015
1.40, 1.80, 0.66, 1.80 , -9.839542E-006, 9.835340E-006, -3.356083E-011, -1.024960E-013, 2.150400E+004 1.570926E+074 2.150400E+004, Wed Oct 07 20:52:04 2015
1.40, 1.80, 0.64, 1.80 , -1.024423E-005, 1.023790E-005, -3.251258E-011, -1.158950E-013, 2.150400E+004 1.570926E+074 2.150400E+004, Wed Oct 07 20:52:07 2015
1.40, 1.80, 0.62, 1.80 , -1.064739E-005, 1.063900E-005, -3.385433E-011, -1.226310E-013, 2.150400E+004 1.570926E+074 2.150400E+004, Wed Oct 07 20:52:11 2015
1.40, 1.80, 0.60, 1.80 , -1.104469E-005, 1.103560E-005, -3.364468E-011, -1.034020E-013, 2.150400E+004 1.570926E+074 2.150400E+004, Wed Oct 07 20:52:15 2015
1.40, 1.80, 0.58, 1.80 , -1.143659E-005, 1.142330E-005, -3.527994E-011, -9.508130E-014, 2.150400E+004 1.570926E+074 2.150400E+004, Wed Oct 07 20:52:18 2015
1.40, 1.80, 0.56, 1.80 , -1.182259E-005, 1.181610E-005, -3.561538E-011, -1.075860E-013, 2.150400E+004 1.570926E+074 2.150400E+004, Wed Oct 07 20:52:22 2015
1.40, 1.80, 0.54, 1.80 , -1.220804E-005, 1.220180E-005, -3.406397E-011, -1.097560E-013, 2.150400E+004 1.570926E+074 2.150400E+004, Wed Oct 07 20:52:25 2015
1.40, 1.80, 0.52, 1.80 , -1.259216E-005, 1.258130E-005, -3.444134E-011, -1.226780E-013, 2.150400E+004 1.570926E+074 2.150400E+004, Wed Oct 07 20:52:29 2015
1.40, 1.80, 0.50, 1.80 , -1.296392E-005, 1.294740E-005, -3.398012E-011, -8.311270E-014, 2.150400E+004 1.570926E+074 2.150400E+004, Wed Oct 07 20:52:32 2015
1.40, 1.80, 0.48, 1.80 , -1.333156E-005, 1.332380E-005, -3.410591E-011, -1.010060E-013, 2.150400E+004 1.570926E+074 2.150400E+004, Wed Oct 07 20:52:36 2015
1.40, 1.80, 0.46, 1.80 , -1.369577E-005, 1.369130E-005, -3.364468E-011, -9.161230E-014, 2.150400E+004 1.570926E+074 2.150400E+004, Wed Oct 07 20:52:39 2015
1.40, 1.80, 0.44, 1.80 , -1.406586E-005, 1.405270E-005, -3.418976E-011, -1.197100E-013, 2.150400E+004 1.570926E+074 2.150400E+004, Wed Oct 07 20:52:43 2015
1.40, 1.80, 0.42, 1.80 , -1.442018E-005, 1.441410E-005, -3.423169E-011, -8.167030E-014, 2.150400E+004 1.570926E+074 2.150400E+004, Wed Oct 07 20:52:47 2015
1.40, 1.80, 0.40, 1.80 , -1.477309E-005, 1.476450E-005, -3.444134E-011, -1.043320E-013, 2.150400E+004 1.570926E+074 2.150400E+004, Wed Oct 07 20:52:50 2015
1.40, 1.80, 0.38, 1.80 , -1.511994E-005, 1.511200E-005, -3.548958E-011, -1.087550E-013, 2.150400E+004 1.570926E+074 2.150400E+004, Wed Oct 07 20:52:54 2015
1.40, 1.80, 0.36, 1.80 , -1.547187E-005, 1.546040E-005, -3.398012E-011, -9.294750E-014, 2.150400E+004 1.570926E+074 2.150400E+004, Wed Oct 07 20:52:57 2015
1.40, 1.80, 0.34, 1.80 , -1.580926E-005, 1.579510E-005, -3.402205E-011, -1.077650E-013, 2.150400E+004 1.570926E+074 2.150400E+004, Wed Oct 07 20:53:01 2015
1.40, 1.80, 0.32, 1.80 , -1.614313E-005, 1.612880E-005, -3.351889E-011, -9.275670E-014, 2.150400E+004 1.570926E+074 2.150400E+004, Wed Oct 07 20:53:04 2015
1.40, 1.80, 0.30, 1.80 , -1.647362E-005, 1.646580E-005, -3.469292E-011, -1.025200E-013, 2.150400E+004 1.570926E+074 2.150400E+004, Wed Oct 07 20:53:08 2015
1.40, 1.80, 0.28, 1.80 , -1.680560E-005, 1.679730E-005, -3.402204E-011, -1.171950E-013, 2.150400E+004 1.570926E+074 2.150400E+004, Wed Oct 07 20:53:11 2015
1.40, 1.80, 0.26, 1.80 , -1.713659E-005, 1.712340E-005, -3.439941E-011, -8.628370E-014, 2.150400E+004 1.570926E+074 2.150400E+004, Wed Oct 07 20:53:15 2015
1.40, 1.80, 0.24, 1.80 , -1.745411E-005, 1.744580E-005, -3.431555E-011, -1.209860E-013, 2.150400E+004 1.570926E+074 2.150400E+004, Wed Oct 07 20:53:18 2015
1.40, 1.80, 0.22, 1.80 , -1.776932E-005, 1.775980E-005, -3.582501E-011, -1.120690E-013, 2.150400E+004 1.570926E+074 2.150400E+004, Wed Oct 07 20:53:22 2015
1.40, 1.80, 0.20, 1.80 , -1.807969E-005, 1.806510E-005, -3.548957E-011, -1.008990E-013, 2.150400E+004 1.570926E+074 2.150400E+004, Wed Oct 07 20:53:26 2015
1.40, 1.80, 0.18, 1.80 , -1.838791E-005, 1.838280E-005, -3.557344E-011, -9.211300E-014, 2.150400E+004 1.570926E+074 2.150400E+004, Wed Oct 07 20:53:29 2015
1.40, 1.80, 0.16, 1.80 , -1.870276E-005, 1.869440E-005, -3.645395E-011, -1.091840E-013, 2.150400E+004 1.570926E+074 2.150400E+004, Wed Oct 07 20:53:33 2015
1.40, 1.80, 0.14, 1.80 , -1.901185E-005, 1.899970E-005, -3.456712E-011, -9.554620E-014, 2.150400E+004 1.570926E+074 2.150400E+004, Wed Oct 07 20:53:36 2015
1.40, 1.80, 0.12, 1.80 , -1.931225E-005, 1.930260E-005, -3.565730E-011, -1.146790E-013, 2.150400E+004 1.570926E+074 2.150400E+004, Wed Oct 07 20:53:41 2015
1.40, 1.80, 0.10, 1.80 , -1.960841E-005, 1.960150E-005, -3.607660E-011, -1.077530E-013, 2.150400E+004 1.570926E+074 2.150400E+004, Wed Oct 07 20:53:44 2015
1.40, 1.80, 0.08, 1.80 , -1.991784E-005, 1.990320E-005, -3.527993E-011, -1.036050E-013, 2.150400E+004 1.570926E+074 2.150400E+004, Wed Oct 07 20:53:48 2015
1.40, 1.80, 0.06, 1.80 , -2.020675E-005, 2.019850E-005, -3.536379E-011, -9.287600E-014, 2.150400E+004 1.570926E+074 2.150400E+004, Wed Oct 07 20:53:51 2015
1.40, 1.80, 0.04, 1.80 , -2.050187E-005, 2.049150E-005, -3.578308E-011, -1.167060E-013, 2.150400E+004 1.570926E+074 2.150400E+004, Wed Oct 07 20:53:55 2015
1.40, 1.80, 0.02, 1.80 , -2.079509E-005, 2.078190E-005, -3.662167E-011, -8.666520E-014, 2.150400E+004 1.570926E+074 2.150400E+004, Wed Oct 07 20:53:58 2015
1.40, 1.80, 0.00, 1.80 , -2.108285E-005, 2.107030E-005, -3.607659E-011, -1.224760E-013, 2.150400E+004 1.570926E+074 2.150400E+004, Wed Oct 07 20:54:02 2015
1.40, 1.80, -0.02, 1.80 , -2.136045E-005, 2.135510E-005, -3.687325E-011, -1.127240E-013, 2.150400E+004 1.570926E+074 2.150400E+004, Wed Oct 07 20:54:05 2015
1.40, 1.80, -0.04, 1.80 , -2.164301E-005, 2.163260E-005, -3.507029E-011, -1.061920E-013, 2.150400E+004 1.570926E+074 2.150400E+004, Wed Oct 07 20:54:09 2015
1.40, 1.80, -0.06, 1.80 , -2.192725E-005, 2.192180E-005, -3.519608E-011, -1.246090E-013, 2.150400E+004 1.570926E+074 2.150400E+004, Wed Oct 07 20:54:13 2015
1.40, 1.80, -0.08, 1.80 , -2.220809E-005, 2.219320E-005, -3.548958E-011, -1.051550E-013, 2.150400E+004 1.570926E+074 2.150400E+004, Wed Oct 07 20:54:16 2015
1.40, 1.80, -0.10, 1.80 , -2.247389E-005, 2.247340E-005, -3.628625E-011, -1.169680E-013, 2.150400E+004 1.570926E+074 2.150400E+004, Wed Oct 07 20:54:20 2015
1.40, 1.80, -0.12, 1.80 , -2.274906E-005, 2.274360E-005, -3.645395E-011, -8.699890E-014, 2.150400E+004 1.570926E+074 2.150400E+004, Wed Oct 07 20:54:23 2015
1.40, 1.80, -0.14, 1.80 , -2.302016E-005, 2.300950E-005, -3.725061E-011, -9.959940E-014, 2.150400E+004 1.570926E+074 2.150400E+004, Wed Oct 07 20:54:27 2015
1.40, 1.80, -0.16, 1.80 , -2.328902E-005, 2.328060E-005, -3.620239E-011, -1.088740E-013, 2.150400E+004 1.570926E+074 2.150400E+004, Wed Oct 07 20:54:30 2015
1.40, 1.80, -0.18, 1.80 , -2.354852E-005, 2.353900E-005, -3.758607E-011, -1.038190E-013, 2.150400E+004 1.570926E+074 2.150400E+004, Wed Oct 07 20:54:34 2015
1.40, 1.80, -0.20, 1.80 , -2.380390E-005, 2.379660E-005, -3.624431E-011, -9.949210E-014, 2.150400E+004 1.570926E+074 2.150400E+004, Wed Oct 07 20:54:37 2015
