1.30, 1.80, 1.80, 1.80 , -1.981788E-010, 5.323700E-012, 6.445037E-005, -9.800200E-014, 2.150400E+004 1.570926E+074 2.150400E+004, Sun Oct 11 18:07:20 2015
1.30, 1.80, 1.78, 1.80 , -2.908417E-011, 6.716820E-012, 6.245510E-005, -1.163360E-013, 2.150400E+004 1.570926E+074 2.150400E+004, Sun Oct 11 18:07:32 2015
1.30, 1.80, 1.76, 1.80 , -2.840899E-011, 7.070170E-012, 6.043574E-005, -9.547470E-014, 2.150400E+004 1.570926E+074 2.150400E+004, Sun Oct 11 18:08:15 2015
1.30, 1.80, 1.74, 1.80 , -2.828238E-011, 7.130790E-012, 5.844428E-005, -9.483100E-014, 2.150400E+004 1.570926E+074 2.150400E+004, Sun Oct 11 18:09:05 2015
1.30, 1.80, 1.72, 1.80 , -2.807139E-011, 7.383860E-012, 5.647589E-005, -7.591250E-014, 2.150400E+004 1.570926E+074 2.150400E+004, Sun Oct 11 18:09:51 2015
1.30, 1.80, 1.70, 1.80 , -2.878877E-011, 7.477210E-012, 5.445588E-005, -8.445980E-014, 2.150400E+004 1.570926E+074 2.150400E+004, Sun Oct 11 18:10:18 2015
1.30, 1.80, 1.68, 1.80 , -2.794477E-011, 7.615240E-012, 5.246957E-005, -1.109240E-013, 2.150400E+004 1.570926E+074 2.150400E+004, Sun Oct 11 18:10:32 2015
1.30, 1.80, 1.66, 1.80 , -2.764936E-011, 7.831840E-012, 5.046810E-005, -9.619000E-014, 2.150400E+004 1.570926E+074 2.150400E+004, Sun Oct 11 18:11:22 2015
1.30, 1.80, 1.64, 1.80 , -2.984375E-011, 7.747610E-012, 4.851640E-005, -6.141660E-014, 2.150400E+004 1.570926E+074 2.150400E+004, Sun Oct 11 18:11:50 2015
1.30, 1.80, 1.62, 1.80 , -2.836677E-011, 7.733380E-012, 4.653799E-005, -9.807350E-014, 2.150400E+004 1.570926E+074 2.150400E+004, Sun Oct 11 18:11:56 2015
1.30, 1.80, 1.60, 1.80 , -2.735395E-011, 7.883290E-012, 4.457881E-005, -9.170770E-014, 2.150400E+004 1.570926E+074 2.150400E+004, Sun Oct 11 18:12:32 2015
1.30, 1.80, 1.58, 1.80 , -2.798697E-011, 7.930830E-012, 4.263359E-005, -8.994340E-014, 2.150400E+004 1.570926E+074 2.150400E+004, Sun Oct 11 18:12:38 2015
1.30, 1.80, 1.56, 1.80 , -2.849334E-011, 7.970020E-012, 4.067978E-005, -7.900000E-014, 2.150400E+004 1.570926E+074 2.150400E+004, Sun Oct 11 18:12:46 2015
1.30, 1.80, 1.54, 1.80 , -2.566598E-011, 8.194150E-012, 3.875039E-005, -9.497400E-014, 2.150400E+004 1.570926E+074 2.150400E+004, Sun Oct 11 18:12:58 2015
1.30, 1.80, 1.52, 1.80 , -2.883095E-011, 8.133100E-012, 3.681772E-005, -1.032590E-013, 2.150400E+004 1.570926E+074 2.150400E+004, Sun Oct 11 18:13:23 2015
1.30, 1.80, 1.50, 1.80 , -2.857777E-011, 8.204260E-012, 3.488999E-005, -9.192230E-014, 2.150400E+004 1.570926E+074 2.150400E+004, Sun Oct 11 18:13:32 2015
1.30, 1.80, 1.48, 1.80 , -2.659438E-011, 8.390660E-012, 3.295916E-005, -9.135010E-014, 2.150400E+004 1.570926E+074 2.150400E+004, Sun Oct 11 18:13:38 2015
1.30, 1.80, 1.46, 1.80 , -2.638338E-011, 8.556500E-012, 3.104260E-005, -9.808540E-014, 2.150400E+004 1.570926E+074 2.150400E+004, Sun Oct 11 18:13:46 2015
1.30, 1.80, 1.44, 1.80 , -2.794477E-011, 8.473410E-012, 2.911933E-005, -8.991960E-014, 2.150400E+004 1.570926E+074 2.150400E+004, Sun Oct 11 18:14:14 2015
1.30, 1.80, 1.42, 1.80 , -2.688978E-011, 8.621390E-012, 2.722157E-005, -9.658340E-014, 2.150400E+004 1.570926E+074 2.150400E+004, Sun Oct 11 18:14:18 2015
1.30, 1.80, 1.40, 1.80 , -2.562377E-011, 8.684560E-012, 2.531146E-005, -8.084770E-014, 2.150400E+004 1.570926E+074 2.150400E+004, Sun Oct 11 18:14:41 2015
1.30, 1.80, 1.38, 1.80 , -2.570818E-011, 8.821050E-012, 2.342450E-005, -9.963510E-014, 2.150400E+004 1.570926E+074 2.150400E+004, Sun Oct 11 18:14:52 2015
1.30, 1.80, 1.36, 1.80 , -2.604577E-011, 8.758280E-012, 2.154767E-005, -1.107930E-013, 2.150400E+004 1.570926E+074 2.150400E+004, Sun Oct 11 18:16:01 2015
1.30, 1.80, 1.34, 1.80 , -2.650997E-011, 8.935060E-012, 1.966659E-005, -8.161070E-014, 2.150400E+004 1.570926E+074 2.150400E+004, Sun Oct 11 18:16:12 2015
1.30, 1.80, 1.32, 1.80 , -2.701637E-011, 9.023450E-012, 1.778494E-005, -9.987350E-014, 2.150400E+004 1.570926E+074 2.150400E+004, Sun Oct 11 18:16:29 2015
1.30, 1.80, 1.30, 1.80 , -2.904195E-011, 8.764420E-012, 1.589677E-005, -1.037600E-013, 2.150400E+004 1.570926E+074 2.150400E+004, Sun Oct 11 18:16:36 2015
1.30, 1.80, 1.28, 1.80 , -4.608292E-012, 8.493290E-012, 1.393812E-005, -9.117130E-014, 2.150400E+004 1.570926E+074 2.150400E+004, Sun Oct 11 18:16:57 2015
1.30, 1.80, 1.26, 1.80 , -9.369101E-013, -3.480750E-011, 2.352882E-006, -5.414490E-014, 2.150400E+004 1.570926E+074 2.150400E+004, Sun Oct 11 18:17:47 2015
1.30, 1.80, 1.24, 1.80 , -2.832458E-011, 9.732380E-012, 6.605369E-010, -2.800230E-014, 2.150400E+004 1.570926E+074 2.150400E+004, Sun Oct 11 18:18:02 2015
1.30, 1.80, 1.22, 1.80 , -2.638338E-011, 1.045910E-011, 2.458933E-011, -1.462340E-013, 2.150400E+004 1.570926E+074 2.150400E+004, Sun Oct 11 18:18:06 2015
1.30, 1.80, 1.20, 1.80 , -5.360225E-011, 3.784750E-011, -2.081452E-011, -1.027700E-013, 2.150400E+004 1.570926E+074 2.150400E+004, Sun Oct 11 18:18:16 2015
1.30, 1.80, 1.18, 1.80 , -2.148054E-010, 1.955260E-010, -2.240764E-011, -9.678600E-014, 2.150400E+004 1.570926E+074 2.150400E+004, Sun Oct 11 18:18:40 2015
1.30, 1.80, 1.16, 1.80 , -2.331586E-009, 2.317140E-009, -2.756476E-011, -9.901520E-014, 2.150400E+004 1.570926E+074 2.150400E+004, Sun Oct 11 18:18:49 2015
1.30, 1.80, 1.14, 1.80 , -9.665116E-009, 9.600760E-009, -2.987082E-011, -1.627920E-013, 2.150400E+004 1.570926E+074 2.150400E+004, Sun Oct 11 18:19:00 2015
1.30, 1.80, 1.12, 1.80 , -2.774865E-008, 2.771840E-008, -2.953539E-011, -5.608800E-014, 2.150400E+004 1.570926E+074 2.150400E+004, Sun Oct 11 18:19:10 2015
1.30, 1.80, 1.10, 1.80 , -6.682851E-008, 6.709280E-008, -3.108674E-011, 5.067590E-014, 2.150400E+004 1.570926E+074 2.150400E+004, Sun Oct 11 18:19:14 2015
1.30, 1.80, 1.08, 1.80 , -1.320761E-007, 1.311470E-007, -3.041589E-011, -3.581050E-014, 2.150400E+004 1.570926E+074 2.150400E+004, Sun Oct 11 18:19:19 2015
1.30, 1.80, 1.06, 1.80 , -2.320322E-007, 2.313890E-007, -3.280580E-011, -8.437630E-014, 2.150400E+004 1.570926E+074 2.150400E+004, Sun Oct 11 18:19:24 2015
1.30, 1.80, 1.04, 1.80 , -3.639009E-007, 3.636960E-007, -3.167374E-011, -6.892680E-014, 2.150400E+004 1.570926E+074 2.150400E+004, Sun Oct 11 18:19:27 2015
1.30, 1.80, 1.02, 1.80 , -5.324740E-007, 5.324740E-007, -3.154795E-011, -2.009750E-013, 2.150400E+004 1.570926E+074 2.150400E+004, Sun Oct 11 18:19:31 2015
1.30, 1.80, 1.00, 1.80 , -7.482442E-007, 7.476090E-007, -3.209302E-011, -2.720360E-014, 2.150400E+004 1.570926E+074 2.150400E+004, Sun Oct 11 18:19:34 2015
1.30, 1.80, 0.98, 1.80 , -1.014061E-006, 1.014560E-006, -3.255423E-011, -9.666680E-014, 2.150400E+004 1.570926E+074 2.150400E+004, Sun Oct 11 18:19:38 2015
1.30, 1.80, 0.96, 1.80 , -1.349299E-006, 1.349220E-006, -3.003853E-011, -5.031820E-014, 2.150400E+004 1.570926E+074 2.150400E+004, Sun Oct 11 18:19:43 2015
1.30, 1.80, 0.94, 1.80 , -1.752560E-006, 1.753440E-006, -2.844526E-011, -9.213690E-014, 2.150400E+004 1.570926E+074 2.150400E+004, Sun Oct 11 18:19:46 2015
1.30, 1.80, 0.92, 1.80 , -2.232041E-006, 2.230940E-006, -3.196724E-011, -8.728500E-014, 2.150400E+004 1.570926E+074 2.150400E+004, Sun Oct 11 18:19:50 2015
1.30, 1.80, 0.90, 1.80 , -2.789548E-006, 2.790740E-006, -3.158988E-011, -9.217260E-014, 2.150400E+004 1.570926E+074 2.150400E+004, Sun Oct 11 18:19:53 2015
1.30, 1.80, 0.88, 1.80 , -3.418246E-006, 3.418180E-006, -2.982889E-011, -9.186270E-014, 2.150400E+004 1.570926E+074 2.150400E+004, Sun Oct 11 18:19:57 2015
1.30, 1.80, 0.86, 1.80 , -4.115101E-006, 4.113550E-006, -3.041589E-011, -8.876320E-014, 2.150400E+004 1.570926E+074 2.150400E+004, Sun Oct 11 18:20:01 2015
1.30, 1.80, 0.84, 1.80 , -4.862858E-006, 4.863150E-006, -3.284772E-011, -9.980200E-014, 2.150400E+004 1.570926E+074 2.150400E+004, Sun Oct 11 18:20:04 2015
1.30, 1.80, 0.82, 1.80 , -5.658421E-006, 5.660620E-006, -3.075131E-011, -7.181170E-014, 2.150400E+004 1.570926E+074 2.150400E+004, Sun Oct 11 18:20:08 2015
1.30, 1.80, 0.80, 1.80 , -6.492428E-006, 6.493370E-006, -3.221880E-011, -1.055120E-013, 2.150400E+004 1.570926E+074 2.150400E+004, Sun Oct 11 18:20:11 2015
1.30, 1.80, 0.78, 1.80 , -7.358555E-006, 7.358380E-006, -3.284773E-011, -8.894210E-014, 2.150400E+004 1.570926E+074 2.150400E+004, Sun Oct 11 18:20:15 2015
1.30, 1.80, 0.76, 1.80 , -8.236142E-006, 8.237860E-006, -3.494414E-011, -7.475610E-014, 2.150400E+004 1.570926E+074 2.150400E+004, Sun Oct 11 18:20:18 2015
1.30, 1.80, 0.74, 1.80 , -9.127887E-006, 9.130000E-006, -3.255423E-011, -7.532840E-014, 2.150400E+004 1.570926E+074 2.150400E+004, Sun Oct 11 18:20:22 2015
1.30, 1.80, 0.72, 1.80 , -1.002109E-005, 1.001580E-005, -3.179951E-011, -7.584100E-014, 2.150400E+004 1.570926E+074 2.150400E+004, Sun Oct 11 18:20:25 2015
1.30, 1.80, 0.70, 1.80 , -1.089872E-005, 1.089410E-005, -3.377016E-011, -1.108290E-013, 2.150400E+004 1.570926E+074 2.150400E+004, Sun Oct 11 18:20:29 2015
1.30, 1.80, 0.68, 1.80 , -1.178138E-005, 1.177540E-005, -3.477644E-011, -8.667710E-014, 2.150400E+004 1.570926E+074 2.150400E+004, Sun Oct 11 18:20:33 2015
1.30, 1.80, 0.66, 1.80 , -1.265402E-005, 1.264990E-005, -3.200917E-011, -1.157760E-013, 2.150400E+004 1.570926E+074 2.150400E+004, Sun Oct 11 18:20:36 2015
1.30, 1.80, 0.64, 1.80 , -1.351366E-005, 1.350690E-005, -3.574079E-011, -1.129510E-013, 2.150400E+004 1.570926E+074 2.150400E+004, Sun Oct 11 18:20:40 2015
1.30, 1.80, 0.62, 1.80 , -1.435520E-005, 1.435010E-005, -3.473451E-011, -9.089710E-014, 2.150400E+004 1.570926E+074 2.150400E+004, Sun Oct 11 18:20:43 2015
1.30, 1.80, 0.60, 1.80 , -1.518929E-005, 1.518490E-005, -3.515379E-011, -9.238720E-014, 2.150400E+004 1.570926E+074 2.150400E+004, Sun Oct 11 18:20:47 2015
1.30, 1.80, 0.58, 1.80 , -1.600441E-005, 1.600100E-005, -3.389594E-011, -8.883480E-014, 2.150400E+004 1.570926E+074 2.150400E+004, Sun Oct 11 18:20:50 2015
1.30, 1.80, 0.56, 1.80 , -1.680506E-005, 1.679740E-005, -3.452486E-011, -9.469990E-014, 2.150400E+004 1.570926E+074 2.150400E+004, Sun Oct 11 18:20:54 2015
1.30, 1.80, 0.54, 1.80 , -1.759109E-005, 1.758640E-005, -3.657936E-011, -8.306500E-014, 2.150400E+004 1.570926E+074 2.150400E+004, Sun Oct 11 18:20:57 2015
1.30, 1.80, 0.52, 1.80 , -1.835915E-005, 1.835350E-005, -3.486030E-011, -8.424520E-014, 2.150400E+004 1.570926E+074 2.150400E+004, Sun Oct 11 18:21:01 2015
1.30, 1.80, 0.50, 1.80 , -1.911420E-005, 1.910770E-005, -3.569886E-011, -9.366270E-014, 2.150400E+004 1.570926E+074 2.150400E+004, Sun Oct 11 18:21:04 2015
1.30, 1.80, 0.48, 1.80 , -1.985222E-005, 1.984580E-005, -3.511186E-011, -9.020570E-014, 2.150400E+004 1.570926E+074 2.150400E+004, Sun Oct 11 18:21:08 2015
1.30, 1.80, 0.46, 1.80 , -2.057126E-005, 2.056670E-005, -3.511186E-011, -8.922820E-014, 2.150400E+004 1.570926E+074 2.150400E+004, Sun Oct 11 18:21:12 2015
1.30, 1.80, 0.44, 1.80 , -2.127927E-005, 2.127430E-005, -3.666322E-011, -8.567570E-014, 2.150400E+004 1.570926E+074 2.150400E+004, Sun Oct 11 18:21:15 2015
1.30, 1.80, 0.42, 1.80 , -2.196914E-005, 2.196400E-005, -3.758564E-011, -9.816880E-014, 2.150400E+004 1.570926E+074 2.150400E+004, Sun Oct 11 18:21:19 2015
1.30, 1.80, 0.40, 1.80 , -2.263804E-005, 2.263260E-005, -3.410558E-011, -9.092090E-014, 2.150400E+004 1.570926E+074 2.150400E+004, Sun Oct 11 18:21:22 2015
1.30, 1.80, 0.38, 1.80 , -2.329565E-005, 2.328830E-005, -3.645358E-011, -9.726290E-014, 2.150400E+004 1.570926E+074 2.150400E+004, Sun Oct 11 18:21:26 2015
1.30, 1.80, 0.36, 1.80 , -2.393626E-005, 2.392960E-005, -3.653742E-011, -1.153590E-013, 2.150400E+004 1.570926E+074 2.150400E+004, Sun Oct 11 18:21:29 2015
1.30, 1.80, 0.34, 1.80 , -2.455954E-005, 2.455390E-005, -3.779528E-011, -1.067040E-013, 2.150400E+004 1.570926E+074 2.150400E+004, Sun Oct 11 18:21:33 2015
1.30, 1.80, 0.32, 1.80 , -2.517066E-005, 2.516470E-005, -3.632777E-011, -1.180890E-013, 2.150400E+004 1.570926E+074 2.150400E+004, Sun Oct 11 18:21:36 2015
1.30, 1.80, 0.30, 1.80 , -2.576513E-005, 2.576140E-005, -3.498608E-011, -1.024840E-013, 2.150400E+004 1.570926E+074 2.150400E+004, Sun Oct 11 18:21:40 2015
1.30, 1.80, 0.28, 1.80 , -2.634813E-005, 2.634150E-005, -3.733407E-011, -9.632110E-014, 2.150400E+004 1.570926E+074 2.150400E+004, Sun Oct 11 18:21:43 2015
1.30, 1.80, 0.26, 1.80 , -2.691566E-005, 2.690780E-005, -3.351859E-011, -9.212490E-014, 2.150400E+004 1.570926E+074 2.150400E+004, Sun Oct 11 18:21:47 2015
1.30, 1.80, 0.24, 1.80 , -2.746970E-005, 2.746220E-005, -3.607621E-011, -1.101610E-013, 2.150400E+004 1.570926E+074 2.150400E+004, Sun Oct 11 18:21:50 2015
1.30, 1.80, 0.22, 1.80 , -2.800904E-005, 2.800090E-005, -3.892734E-011, -1.081590E-013, 2.150400E+004 1.570926E+074 2.150400E+004, Sun Oct 11 18:21:54 2015
1.30, 1.80, 0.20, 1.80 , -2.853632E-005, 2.852540E-005, -3.515380E-011, -8.224250E-014, 2.150400E+004 1.570926E+074 2.150400E+004, Sun Oct 11 18:21:58 2015
1.30, 1.80, 0.18, 1.80 , -2.904951E-005, 2.904120E-005, -3.720828E-011, -1.095890E-013, 2.150400E+004 1.570926E+074 2.150400E+004, Sun Oct 11 18:22:01 2015
1.30, 1.80, 0.16, 1.80 , -2.955374E-005, 2.954530E-005, -3.934662E-011, -1.006360E-013, 2.150400E+004 1.570926E+074 2.150400E+004, Sun Oct 11 18:22:05 2015
1.30, 1.80, 0.14, 1.80 , -3.004331E-005, 3.003200E-005, -3.620200E-011, -9.573700E-014, 2.150400E+004 1.570926E+074 2.150400E+004, Sun Oct 11 18:22:08 2015
1.30, 1.80, 0.12, 1.80 , -3.051863E-005, 3.051180E-005, -3.884349E-011, -1.198170E-013, 2.150400E+004 1.570926E+074 2.150400E+004, Sun Oct 11 18:22:12 2015
1.30, 1.80, 0.10, 1.80 , -3.098531E-005, 3.097830E-005, -3.691478E-011, -1.037000E-013, 2.150400E+004 1.570926E+074 2.150400E+004, Sun Oct 11 18:22:15 2015
1.30, 1.80, 0.08, 1.80 , -3.144552E-005, 3.143900E-005, -3.666321E-011, -9.751320E-014, 2.150400E+004 1.570926E+074 2.150400E+004, Sun Oct 11 18:22:19 2015
1.30, 1.80, 0.06, 1.80 , -3.188793E-005, 3.187960E-005, -4.026905E-011, -1.139040E-013, 2.150400E+004 1.570926E+074 2.150400E+004, Sun Oct 11 18:22:22 2015
1.30, 1.80, 0.04, 1.80 , -3.232573E-005, 3.231520E-005, -3.909506E-011, -1.129750E-013, 2.150400E+004 1.570926E+074 2.150400E+004, Sun Oct 11 18:22:26 2015
1.30, 1.80, 0.02, 1.80 , -3.275252E-005, 3.274250E-005, -3.947242E-011, -9.771590E-014, 2.150400E+004 1.570926E+074 2.150400E+004, Sun Oct 11 18:22:30 2015
1.30, 1.80, 0.00, 1.80 , -3.317282E-005, 3.316470E-005, -4.001749E-011, -9.596350E-014, 2.150400E+004 1.570926E+074 2.150400E+004, Sun Oct 11 18:22:33 2015
1.30, 1.80, -0.02, 1.80 , -3.358313E-005, 3.357360E-005, -4.089798E-011, -1.038190E-013, 2.150400E+004 1.570926E+074 2.150400E+004, Sun Oct 11 18:22:37 2015
1.30, 1.80, -0.04, 1.80 , -3.398032E-005, 3.397360E-005, -4.148497E-011, -1.013280E-013, 2.150400E+004 1.570926E+074 2.150400E+004, Sun Oct 11 18:22:40 2015
1.30, 1.80, -0.06, 1.80 , -3.437017E-005, 3.436390E-005, -4.286861E-011, -9.728670E-014, 2.150400E+004 1.570926E+074 2.150400E+004, Sun Oct 11 18:22:44 2015
1.30, 1.80, -0.08, 1.80 , -3.475178E-005, 3.474450E-005, -3.993363E-011, -8.854870E-014, 2.150400E+004 1.570926E+074 2.150400E+004, Sun Oct 11 18:22:47 2015
1.30, 1.80, -0.10, 1.80 , -3.512419E-005, 3.512050E-005, -4.249125E-011, -9.789470E-014, 2.150400E+004 1.570926E+074 2.150400E+004, Sun Oct 11 18:22:51 2015
1.30, 1.80, -0.12, 1.80 , -3.549655E-005, 3.548850E-005, -4.244934E-011, -9.372230E-014, 2.150400E+004 1.570926E+074 2.150400E+004, Sun Oct 11 18:22:54 2015
1.30, 1.80, -0.14, 1.80 , -3.584837E-005, 3.584370E-005, -4.307826E-011, -1.156930E-013, 2.150400E+004 1.570926E+074 2.150400E+004, Sun Oct 11 18:22:58 2015
1.30, 1.80, -0.16, 1.80 , -3.620207E-005, 3.619160E-005, -4.064640E-011, -9.858610E-014, 2.150400E+004 1.570926E+074 2.150400E+004, Sun Oct 11 18:23:02 2015
1.30, 1.80, -0.18, 1.80 , -3.654031E-005, 3.653520E-005, -4.240741E-011, -1.142980E-013, 2.150400E+004 1.570926E+074 2.150400E+004, Sun Oct 11 18:23:05 2015
1.30, 1.80, -0.20, 1.80 , -3.687552E-005, 3.686760E-005, -4.307825E-011, -1.002430E-013, 2.150400E+004 1.570926E+074 2.150400E+004, Sun Oct 11 18:23:09 2015
