1.75, 1.80, 1.80, 1.80 , -2.899992E-011, 4.595830E-012, 6.091846E-013, -9.924170E-014, 2.150400E+004 1.570926E+074 2.150400E+004, Wed Oct 07 16:21:50 2015
1.75, 1.80, 1.78, 1.80 , -2.870452E-011, 4.920940E-012, -1.532231E-011, -8.945470E-014, 2.150400E+004 1.570926E+074 2.150400E+004, Wed Oct 07 16:22:03 2015
1.75, 1.80, 1.76, 1.80 , -2.748073E-011, 5.403910E-012, -1.888593E-011, -1.107570E-013, 2.150400E+004 1.570926E+074 2.150400E+004, Wed Oct 07 16:22:08 2015
1.75, 1.80, 1.74, 1.80 , -2.815594E-011, 4.889440E-012, -1.863438E-011, -9.770390E-014, 2.150400E+004 1.570926E+074 2.150400E+004, Wed Oct 07 16:22:35 2015
1.75, 1.80, 1.72, 1.80 , -2.739632E-011, 5.009030E-012, -2.068871E-011, -1.168250E-013, 2.150400E+004 1.570926E+074 2.150400E+004, Wed Oct 07 16:22:50 2015
1.75, 1.80, 1.70, 1.80 , -2.743849E-011, 5.882780E-012, -2.299458E-011, -1.130100E-013, 2.150400E+004 1.570926E+074 2.150400E+004, Wed Oct 07 16:22:55 2015
1.75, 1.80, 1.68, 1.80 , -2.731194E-011, 5.633530E-012, -2.391701E-011, -1.126770E-013, 2.150400E+004 1.570926E+074 2.150400E+004, Wed Oct 07 16:23:07 2015
1.75, 1.80, 1.66, 1.80 , -2.684775E-011, 6.146720E-012, -2.538453E-011, -9.433030E-014, 2.150400E+004 1.570926E+074 2.150400E+004, Wed Oct 07 16:23:11 2015
1.75, 1.80, 1.64, 1.80 , -2.798714E-011, 6.619830E-012, -2.534260E-011, -1.237390E-013, 2.150400E+004 1.570926E+074 2.150400E+004, Wed Oct 07 16:23:23 2015
1.75, 1.80, 1.62, 1.80 , -2.870451E-011, 7.941350E-012, -2.467174E-011, -1.089450E-013, 2.150400E+004 1.570926E+074 2.150400E+004, Wed Oct 07 16:23:27 2015
1.75, 1.80, 1.60, 1.80 , -3.170073E-011, 1.020220E-011, -2.739713E-011, -1.236560E-013, 2.150400E+004 1.570926E+074 2.150400E+004, Wed Oct 07 16:23:34 2015
1.75, 1.80, 1.58, 1.80 , -3.448590E-011, 1.497120E-011, -2.773256E-011, -9.195800E-014, 2.150400E+004 1.570926E+074 2.150400E+004, Wed Oct 07 16:23:41 2015
1.75, 1.80, 1.56, 1.80 , -4.571112E-011, 2.450290E-011, -2.546839E-011, -1.315240E-013, 2.150400E+004 1.570926E+074 2.150400E+004, Wed Oct 07 16:23:48 2015
1.75, 1.80, 1.54, 1.80 , -6.292872E-011, 4.395930E-011, -2.966130E-011, -1.066680E-013, 2.150400E+004 1.570926E+074 2.150400E+004, Wed Oct 07 16:23:57 2015
1.75, 1.80, 1.52, 1.80 , -1.043269E-010, 8.403410E-011, -2.806799E-011, -1.147150E-013, 2.150400E+004 1.570926E+074 2.150400E+004, Wed Oct 07 16:24:02 2015
1.75, 1.80, 1.50, 1.80 , -1.870389E-010, 1.653040E-010, -3.008059E-011, -9.170770E-014, 2.150400E+004 1.570926E+074 2.150400E+004, Wed Oct 07 16:24:08 2015
1.75, 1.80, 1.48, 1.80 , -3.519145E-010, 3.321320E-010, -3.108689E-011, -1.011850E-013, 2.150400E+004 1.570926E+074 2.150400E+004, Wed Oct 07 16:24:13 2015
1.75, 1.80, 1.46, 1.80 , -6.892613E-010, 6.693280E-010, -3.100304E-011, -1.136060E-013, 2.150400E+004 1.570926E+074 2.150400E+004, Wed Oct 07 16:24:17 2015
1.75, 1.80, 1.44, 1.80 , -1.364967E-009, 1.347800E-009, -3.066760E-011, -1.036410E-013, 2.150400E+004 1.570926E+074 2.150400E+004, Wed Oct 07 16:24:22 2015
1.75, 1.80, 1.42, 1.80 , -2.683294E-009, 2.666010E-009, -3.209319E-011, -1.173140E-013, 2.150400E+004 1.570926E+074 2.150400E+004, Wed Oct 07 16:24:26 2015
1.75, 1.80, 1.40, 1.80 , -5.184662E-009, 5.149260E-009, -3.280599E-011, -9.549860E-014, 2.150400E+004 1.570926E+074 2.150400E+004, Wed Oct 07 16:24:29 2015
1.75, 1.80, 1.38, 1.80 , -9.636634E-009, 9.593280E-009, -3.288984E-011, -1.286150E-013, 2.150400E+004 1.570926E+074 2.150400E+004, Wed Oct 07 16:24:33 2015
1.75, 1.80, 1.36, 1.80 , -1.715194E-008, 1.703940E-008, -3.389615E-011, -1.312020E-013, 2.150400E+004 1.570926E+074 2.150400E+004, Wed Oct 07 16:24:36 2015
1.75, 1.80, 1.34, 1.80 , -2.871213E-008, 2.876010E-008, -3.268020E-011, -1.111390E-013, 2.150400E+004 1.570926E+074 2.150400E+004, Wed Oct 07 16:24:40 2015
1.75, 1.80, 1.32, 1.80 , -4.537919E-008, 4.540330E-008, -3.221897E-011, -1.219270E-013, 2.150400E+004 1.570926E+074 2.150400E+004, Wed Oct 07 16:24:44 2015
1.75, 1.80, 1.30, 1.80 , -6.762498E-008, 6.763580E-008, -3.146425E-011, -9.973050E-014, 2.150400E+004 1.570926E+074 2.150400E+004, Wed Oct 07 16:24:47 2015
1.75, 1.80, 1.28, 1.80 , -9.572600E-008, 9.563840E-008, -3.523788E-011, -1.151080E-013, 2.150400E+004 1.570926E+074 2.150400E+004, Wed Oct 07 16:24:51 2015
1.75, 1.80, 1.26, 1.80 , -1.290871E-007, 1.289630E-007, -3.322528E-011, -9.889600E-014, 2.150400E+004 1.570926E+074 2.150400E+004, Wed Oct 07 16:24:54 2015
1.75, 1.80, 1.24, 1.80 , -1.671838E-007, 1.671110E-007, -3.406387E-011, -1.294370E-013, 2.150400E+004 1.570926E+074 2.150400E+004, Wed Oct 07 16:24:58 2015
1.75, 1.80, 1.22, 1.80 , -2.091559E-007, 2.094120E-007, -3.288985E-011, -1.118660E-013, 2.150400E+004 1.570926E+074 2.150400E+004, Wed Oct 07 16:25:01 2015
1.75, 1.80, 1.20, 1.80 , -2.549607E-007, 2.549490E-007, -3.465087E-011, -9.477140E-014, 2.150400E+004 1.570926E+074 2.150400E+004, Wed Oct 07 16:25:05 2015
1.75, 1.80, 1.18, 1.80 , -3.037597E-007, 3.038050E-007, -3.431544E-011, -1.005170E-013, 2.150400E+004 1.570926E+074 2.150400E+004, Wed Oct 07 16:25:09 2015
1.75, 1.80, 1.16, 1.80 , -3.547847E-007, 3.544940E-007, -3.460894E-011, -1.048090E-013, 2.150400E+004 1.570926E+074 2.150400E+004, Wed Oct 07 16:25:12 2015
1.75, 1.80, 1.14, 1.80 , -4.066495E-007, 4.065060E-007, -3.398001E-011, -9.953980E-014, 2.150400E+004 1.570926E+074 2.150400E+004, Wed Oct 07 16:25:16 2015
1.75, 1.80, 1.12, 1.80 , -4.605648E-007, 4.606320E-007, -3.284792E-011, -1.186370E-013, 2.150400E+004 1.570926E+074 2.150400E+004, Wed Oct 07 16:25:19 2015
1.75, 1.80, 1.10, 1.80 , -5.154993E-007, 5.155080E-007, -3.486052E-011, -1.252530E-013, 2.150400E+004 1.570926E+074 2.150400E+004, Wed Oct 07 16:25:23 2015
1.75, 1.80, 1.08, 1.80 , -5.707490E-007, 5.709800E-007, -3.377036E-011, -1.196740E-013, 2.150400E+004 1.570926E+074 2.150400E+004, Wed Oct 07 16:25:26 2015
1.75, 1.80, 1.06, 1.80 , -6.271374E-007, 6.271360E-007, -3.435737E-011, -1.059770E-013, 2.150400E+004 1.570926E+074 2.150400E+004, Wed Oct 07 16:25:30 2015
1.75, 1.80, 1.04, 1.80 , -6.833857E-007, 6.830540E-007, -3.532174E-011, -1.210330E-013, 2.150400E+004 1.570926E+074 2.150400E+004, Wed Oct 07 16:25:34 2015
1.75, 1.80, 1.02, 1.80 , -7.395657E-007, 7.396350E-007, -3.523788E-011, -1.068230E-013, 2.150400E+004 1.570926E+074 2.150400E+004, Wed Oct 07 16:25:37 2015
1.75, 1.80, 1.00, 1.80 , -7.960604E-007, 7.961090E-007, -3.444122E-011, -1.005890E-013, 2.150400E+004 1.570926E+074 2.150400E+004, Wed Oct 07 16:25:41 2015
1.75, 1.80, 0.98, 1.80 , -8.520322E-007, 8.519310E-007, -3.494437E-011, -1.040700E-013, 2.150400E+004 1.570926E+074 2.150400E+004, Wed Oct 07 16:25:44 2015
1.75, 1.80, 0.96, 1.80 , -9.074362E-007, 9.075230E-007, -3.544752E-011, -9.965900E-014, 2.150400E+004 1.570926E+074 2.150400E+004, Wed Oct 07 16:25:48 2015
1.75, 1.80, 0.94, 1.80 , -9.630638E-007, 9.626960E-007, -3.389615E-011, -1.186130E-013, 2.150400E+004 1.570926E+074 2.150400E+004, Wed Oct 07 16:25:51 2015
1.75, 1.80, 0.92, 1.80 , -1.017500E-006, 1.016510E-006, -3.636997E-011, -1.038670E-013, 2.150400E+004 1.570926E+074 2.150400E+004, Wed Oct 07 16:25:55 2015
1.75, 1.80, 0.90, 1.80 , -1.071666E-006, 1.071390E-006, -3.544753E-011, -1.075630E-013, 2.150400E+004 1.570926E+074 2.150400E+004, Wed Oct 07 16:25:59 2015
1.75, 1.80, 0.88, 1.80 , -1.124943E-006, 1.124940E-006, -3.494438E-011, -1.184580E-013, 2.150400E+004 1.570926E+074 2.150400E+004, Wed Oct 07 16:26:02 2015
1.75, 1.80, 0.86, 1.80 , -1.178185E-006, 1.177650E-006, -3.678926E-011, -9.229180E-014, 2.150400E+004 1.570926E+074 2.150400E+004, Wed Oct 07 16:26:06 2015
1.75, 1.80, 0.84, 1.80 , -1.230371E-006, 1.230100E-006, -3.590874E-011, -1.097920E-013, 2.150400E+004 1.570926E+074 2.150400E+004, Wed Oct 07 16:26:09 2015
1.75, 1.80, 0.82, 1.80 , -1.282721E-006, 1.282370E-006, -3.435736E-011, -1.080630E-013, 2.150400E+004 1.570926E+074 2.150400E+004, Wed Oct 07 16:26:13 2015
1.75, 1.80, 0.80, 1.80 , -1.333405E-006, 1.334090E-006, -3.553139E-011, -1.142860E-013, 2.150400E+004 1.570926E+074 2.150400E+004, Wed Oct 07 16:26:16 2015
1.75, 1.80, 0.78, 1.80 , -1.385034E-006, 1.384700E-006, -3.582488E-011, -8.735660E-014, 2.150400E+004 1.570926E+074 2.150400E+004, Wed Oct 07 16:26:20 2015
1.75, 1.80, 0.76, 1.80 , -1.435420E-006, 1.435010E-006, -3.582488E-011, -1.127960E-013, 2.150400E+004 1.570926E+074 2.150400E+004, Wed Oct 07 16:26:23 2015
1.75, 1.80, 0.74, 1.80 , -1.484102E-006, 1.483560E-006, -3.775362E-011, -1.260640E-013, 2.150400E+004 1.570926E+074 2.150400E+004, Wed Oct 07 16:26:27 2015
1.75, 1.80, 0.72, 1.80 , -1.532293E-006, 1.532240E-006, -3.691505E-011, -1.109480E-013, 2.150400E+004 1.570926E+074 2.150400E+004, Wed Oct 07 16:26:31 2015
1.75, 1.80, 0.70, 1.80 , -1.581257E-006, 1.581200E-006, -3.590875E-011, -1.088500E-013, 2.150400E+004 1.570926E+074 2.150400E+004, Wed Oct 07 16:26:34 2015
1.75, 1.80, 0.68, 1.80 , -1.627722E-006, 1.627120E-006, -3.603452E-011, -1.218910E-013, 2.150400E+004 1.570926E+074 2.150400E+004, Wed Oct 07 16:26:38 2015
1.75, 1.80, 0.66, 1.80 , -1.675140E-006, 1.674450E-006, -3.674732E-011, -1.100540E-013, 2.150400E+004 1.570926E+074 2.150400E+004, Wed Oct 07 16:26:41 2015
1.75, 1.80, 0.64, 1.80 , -1.721491E-006, 1.721310E-006, -3.699890E-011, -1.104470E-013, 2.150400E+004 1.570926E+074 2.150400E+004, Wed Oct 07 16:26:45 2015
1.75, 1.80, 0.62, 1.80 , -1.766516E-006, 1.766520E-006, -3.620224E-011, -8.643870E-014, 2.150400E+004 1.570926E+074 2.150400E+004, Wed Oct 07 16:26:48 2015
1.75, 1.80, 0.60, 1.80 , -1.812343E-006, 1.811920E-006, -3.695697E-011, -1.249910E-013, 2.150400E+004 1.570926E+074 2.150400E+004, Wed Oct 07 16:26:52 2015
1.75, 1.80, 0.58, 1.80 , -1.857271E-006, 1.856160E-006, -3.527980E-011, -1.013160E-013, 2.150400E+004 1.570926E+074 2.150400E+004, Wed Oct 07 16:26:55 2015
1.75, 1.80, 0.56, 1.80 , -1.900608E-006, 1.900060E-006, -3.674734E-011, -1.046060E-013, 2.150400E+004 1.570926E+074 2.150400E+004, Wed Oct 07 16:26:59 2015
1.75, 1.80, 0.54, 1.80 , -1.942962E-006, 1.943260E-006, -3.653768E-011, -1.398210E-013, 2.150400E+004 1.570926E+074 2.150400E+004, Wed Oct 07 16:27:03 2015
1.75, 1.80, 0.52, 1.80 , -1.986951E-006, 1.986740E-006, -3.561524E-011, -1.093390E-013, 2.150400E+004 1.570926E+074 2.150400E+004, Wed Oct 07 16:27:06 2015
1.75, 1.80, 0.50, 1.80 , -2.028056E-006, 2.027890E-006, -3.683118E-011, -1.092790E-013, 2.150400E+004 1.570926E+074 2.150400E+004, Wed Oct 07 16:27:10 2015
1.75, 1.80, 0.48, 1.80 , -2.069891E-006, 2.069640E-006, -3.695697E-011, -9.967090E-014, 2.150400E+004 1.570926E+074 2.150400E+004, Wed Oct 07 16:27:13 2015
1.75, 1.80, 0.46, 1.80 , -2.110330E-006, 2.110290E-006, -3.708276E-011, -1.144770E-013, 2.150400E+004 1.570926E+074 2.150400E+004, Wed Oct 07 16:27:17 2015
1.75, 1.80, 0.44, 1.80 , -2.151796E-006, 2.151730E-006, -3.741819E-011, -1.222130E-013, 2.150400E+004 1.570926E+074 2.150400E+004, Wed Oct 07 16:27:20 2015
1.75, 1.80, 0.42, 1.80 , -2.192344E-006, 2.191120E-006, -3.758591E-011, -1.085400E-013, 2.150400E+004 1.570926E+074 2.150400E+004, Wed Oct 07 16:27:24 2015
1.75, 1.80, 0.40, 1.80 , -2.231615E-006, 2.231510E-006, -3.754398E-011, -1.115320E-013, 2.150400E+004 1.570926E+074 2.150400E+004, Wed Oct 07 16:27:27 2015
1.75, 1.80, 0.38, 1.80 , -2.270306E-006, 2.270210E-006, -3.792135E-011, -1.041170E-013, 2.150400E+004 1.570926E+074 2.150400E+004, Wed Oct 07 16:27:31 2015
1.75, 1.80, 0.36, 1.80 , -2.309851E-006, 2.309580E-006, -3.808906E-011, -1.096960E-013, 2.150400E+004 1.570926E+074 2.150400E+004, Wed Oct 07 16:27:34 2015
1.75, 1.80, 0.34, 1.80 , -2.348846E-006, 2.348250E-006, -3.775362E-011, -9.903910E-014, 2.150400E+004 1.570926E+074 2.150400E+004, Wed Oct 07 16:27:38 2015
1.75, 1.80, 0.32, 1.80 , -2.386456E-006, 2.386380E-006, -3.758591E-011, -1.196270E-013, 2.150400E+004 1.570926E+074 2.150400E+004, Wed Oct 07 16:27:42 2015
1.75, 1.80, 0.30, 1.80 , -2.423641E-006, 2.423270E-006, -3.599260E-011, -1.180770E-013, 2.150400E+004 1.570926E+074 2.150400E+004, Wed Oct 07 16:27:45 2015
1.75, 1.80, 0.28, 1.80 , -2.461144E-006, 2.460950E-006, -3.846642E-011, -1.013760E-013, 2.150400E+004 1.570926E+074 2.150400E+004, Wed Oct 07 16:27:49 2015
1.75, 1.80, 0.26, 1.80 , -2.496590E-006, 2.496490E-006, -3.796327E-011, -1.235720E-013, 2.150400E+004 1.570926E+074 2.150400E+004, Wed Oct 07 16:27:52 2015
1.75, 1.80, 0.24, 1.80 , -2.534639E-006, 2.534350E-006, -3.804713E-011, -1.036760E-013, 2.150400E+004 1.570926E+074 2.150400E+004, Wed Oct 07 16:27:56 2015
1.75, 1.80, 0.22, 1.80 , -2.571165E-006, 2.570470E-006, -3.766976E-011, -9.907480E-014, 2.150400E+004 1.570926E+074 2.150400E+004, Wed Oct 07 16:27:59 2015
1.75, 1.80, 0.20, 1.80 , -2.606098E-006, 2.606130E-006, -3.909536E-011, -1.108290E-013, 2.150400E+004 1.570926E+074 2.150400E+004, Wed Oct 07 16:28:03 2015
1.75, 1.80, 0.18, 1.80 , -2.642197E-006, 2.642440E-006, -3.762783E-011, -1.120090E-013, 2.150400E+004 1.570926E+074 2.150400E+004, Wed Oct 07 16:28:06 2015
1.75, 1.80, 0.16, 1.80 , -2.677166E-006, 2.676250E-006, -3.775363E-011, -1.338120E-013, 2.150400E+004 1.570926E+074 2.150400E+004, Wed Oct 07 16:28:10 2015
1.75, 1.80, 0.14, 1.80 , -2.713434E-006, 2.713250E-006, -3.855027E-011, -1.284000E-013, 2.150400E+004 1.570926E+074 2.150400E+004, Wed Oct 07 16:28:14 2015
1.75, 1.80, 0.12, 1.80 , -2.747513E-006, 2.747410E-006, -3.964043E-011, -1.284000E-013, 2.150400E+004 1.570926E+074 2.150400E+004, Wed Oct 07 16:28:17 2015
1.75, 1.80, 0.10, 1.80 , -2.782296E-006, 2.781130E-006, -3.842449E-011, -1.219030E-013, 2.150400E+004 1.570926E+074 2.150400E+004, Wed Oct 07 16:28:21 2015
1.75, 1.80, 0.08, 1.80 , -2.816654E-006, 2.816640E-006, -3.804712E-011, -1.129510E-013, 2.150400E+004 1.570926E+074 2.150400E+004, Wed Oct 07 16:28:24 2015
1.75, 1.80, 0.06, 1.80 , -2.850878E-006, 2.851080E-006, -3.834062E-011, -1.021270E-013, 2.150400E+004 1.570926E+074 2.150400E+004, Wed Oct 07 16:28:28 2015
1.75, 1.80, 0.04, 1.80 , -2.884694E-006, 2.884090E-006, -3.867605E-011, -1.377340E-013, 2.150400E+004 1.570926E+074 2.150400E+004, Wed Oct 07 16:28:31 2015
1.75, 1.80, 0.02, 1.80 , -2.918830E-006, 2.917650E-006, -3.947272E-011, -1.119260E-013, 2.150400E+004 1.570926E+074 2.150400E+004, Wed Oct 07 16:28:35 2015
1.75, 1.80, 0.00, 1.80 , -2.948816E-006, 2.949630E-006, -3.750206E-011, -1.024250E-013, 2.150400E+004 1.570926E+074 2.150400E+004, Wed Oct 07 16:28:38 2015
1.75, 1.80, -0.02, 1.80 , -2.982769E-006, 2.982440E-006, -3.871799E-011, -1.176000E-013, 2.150400E+004 1.570926E+074 2.150400E+004, Wed Oct 07 16:28:42 2015
1.75, 1.80, -0.04, 1.80 , -3.013427E-006, 3.012630E-006, -3.838255E-011, -1.021620E-013, 2.150400E+004 1.570926E+074 2.150400E+004, Wed Oct 07 16:28:45 2015
1.75, 1.80, -0.06, 1.80 , -3.046511E-006, 3.046420E-006, -3.909536E-011, -9.976630E-014, 2.150400E+004 1.570926E+074 2.150400E+004, Wed Oct 07 16:28:49 2015
1.75, 1.80, -0.08, 1.80 , -3.077790E-006, 3.077840E-006, -3.951466E-011, -1.114370E-013, 2.150400E+004 1.570926E+074 2.150400E+004, Wed Oct 07 16:28:53 2015
1.75, 1.80, -0.10, 1.80 , -3.109142E-006, 3.108920E-006, -3.947272E-011, -1.221660E-013, 2.150400E+004 1.570926E+074 2.150400E+004, Wed Oct 07 16:28:56 2015
1.75, 1.80, -0.12, 1.80 , -3.139126E-006, 3.139010E-006, -3.846643E-011, -1.207110E-013, 2.150400E+004 1.570926E+074 2.150400E+004, Wed Oct 07 16:29:00 2015
1.75, 1.80, -0.14, 1.80 , -3.170223E-006, 3.169400E-006, -3.922114E-011, -1.275180E-013, 2.150400E+004 1.570926E+074 2.150400E+004, Wed Oct 07 16:29:03 2015
1.75, 1.80, -0.16, 1.80 , -3.199281E-006, 3.199810E-006, -3.855027E-011, -1.074790E-013, 2.150400E+004 1.570926E+074 2.150400E+004, Wed Oct 07 16:29:07 2015
1.75, 1.80, -0.18, 1.80 , -3.229308E-006, 3.229750E-006, -3.909535E-011, -1.158950E-013, 2.150400E+004 1.570926E+074 2.150400E+004, Wed Oct 07 16:29:10 2015
1.75, 1.80, -0.20, 1.80 , -3.258184E-006, 3.257550E-006, -3.867606E-011, -1.011010E-013, 2.150400E+004 1.570926E+074 2.150400E+004, Wed Oct 07 16:29:14 2015
