1.80, 1.80, 1.40, 1.80 , 2.965594E-011, -4.128010E-011, -3.129663E-011, -1.001000E-013, 2.150400E+004 1.570926E+074 2.150400E+004, Wed Oct 07 20:27:15 2015
1.75, 1.80, 1.40, 1.80 , -5.005080E-009, 5.006610E-009, -3.138048E-011, -7.864240E-014, 2.150400E+004 1.570926E+074 2.150400E+004, Wed Oct 07 20:27:22 2015
1.70, 1.80, 1.40, 1.80 , -5.908629E-009, 5.888190E-009, -3.024839E-011, -1.045110E-013, 2.150400E+004 1.570926E+074 2.150400E+004, Wed Oct 07 20:27:25 2015
1.65, 1.80, 1.40, 1.80 , -6.076164E-009, 6.058350E-009, -3.091925E-011, -1.041410E-013, 2.150400E+004 1.570926E+074 2.150400E+004, Wed Oct 07 20:27:29 2015
1.60, 1.80, 1.40, 1.80 , -6.126807E-009, 6.103430E-009, -3.171592E-011, -9.043220E-014, 2.150400E+004 1.570926E+074 2.150400E+004, Wed Oct 07 20:27:33 2015
1.55, 1.80, 1.40, 1.80 , -6.146047E-009, 6.167670E-009, -3.171592E-011, -1.014950E-013, 2.150400E+004 1.570926E+074 2.150400E+004, Wed Oct 07 20:27:36 2015
1.50, 1.80, 1.40, 1.80 , -6.158289E-009, 6.141840E-009, -3.217715E-011, -1.097440E-013, 2.150400E+004 1.570926E+074 2.150400E+004, Wed Oct 07 20:27:40 2015
1.45, 1.80, 1.40, 1.80 , -6.165884E-009, 6.165440E-009, -3.008067E-011, -1.041410E-013, 2.150400E+004 1.570926E+074 2.150400E+004, Wed Oct 07 20:27:44 2015
1.40, 1.80, 1.40, 1.80 , -6.196053E-009, 6.165340E-009, -3.096119E-011, -1.108410E-013, 2.150400E+004 1.570926E+074 2.150400E+004, Wed Oct 07 20:27:47 2015
1.35, 1.80, 1.40, 1.80 , -6.239950E-009, 6.222760E-009, -2.949365E-011, -9.893180E-014, 2.150400E+004 1.570926E+074 2.150400E+004, Wed Oct 07 20:27:51 2015
1.30, 1.80, 1.40, 1.80 , -6.255980E-009, 6.232020E-009, -2.899050E-011, -9.735820E-014, 2.150400E+004 1.570926E+074 2.150400E+004, Wed Oct 07 20:27:54 2015
1.25, 1.80, 1.40, 1.80 , -6.289994E-009, 6.266620E-009, -2.882278E-011, -1.078720E-013, 2.150400E+004 1.570926E+074 2.150400E+004, Wed Oct 07 20:27:58 2015
1.20, 1.80, 1.40, 1.80 , -6.278182E-009, 6.256310E-009, -3.075154E-011, -1.056430E-013, 2.150400E+004 1.570926E+074 2.150400E+004, Wed Oct 07 20:28:02 2015
1.15, 1.80, 1.40, 1.80 , -6.261806E-009, 6.272370E-009, -3.150628E-011, -1.040820E-013, 2.150400E+004 1.570926E+074 2.150400E+004, Wed Oct 07 20:28:05 2015
1.10, 1.80, 1.40, 1.80 , -6.301809E-009, 6.267590E-009, -3.079347E-011, -1.103760E-013, 2.150400E+004 1.570926E+074 2.150400E+004, Wed Oct 07 20:28:09 2015
1.05, 1.80, 1.40, 1.80 , -6.304556E-009, 6.276020E-009, -2.974523E-011, -9.732250E-014, 2.150400E+004 1.570926E+074 2.150400E+004, Wed Oct 07 20:28:13 2015
1.00, 1.80, 1.40, 1.80 , -6.315059E-009, 6.300700E-009, -2.865506E-011, -9.698870E-014, 2.150400E+004 1.570926E+074 2.150400E+004, Wed Oct 07 20:28:16 2015
0.95, 1.80, 1.40, 1.80 , -6.330842E-009, 6.302020E-009, -2.915822E-011, -1.039030E-013, 2.150400E+004 1.570926E+074 2.150400E+004, Wed Oct 07 20:28:20 2015
0.90, 1.80, 1.40, 1.80 , -6.334518E-009, 6.296650E-009, -2.882278E-011, -1.053930E-013, 2.150400E+004 1.570926E+074 2.150400E+004, Wed Oct 07 20:28:24 2015
0.85, 1.80, 1.40, 1.80 , -6.339534E-009, 6.322550E-009, -2.894857E-011, -1.049400E-013, 2.150400E+004 1.570926E+074 2.150400E+004, Wed Oct 07 20:28:27 2015
0.80, 1.80, 1.40, 1.80 , -6.331433E-009, 6.328650E-009, -2.831963E-011, -9.689330E-014, 2.150400E+004 1.570926E+074 2.150400E+004, Wed Oct 07 20:28:31 2015
0.75, 1.80, 1.40, 1.80 , -6.348438E-009, 6.309280E-009, -2.718753E-011, -1.171110E-013, 2.150400E+004 1.570926E+074 2.150400E+004, Wed Oct 07 20:28:35 2015
0.70, 1.80, 1.40, 1.80 , -6.347977E-009, 6.339950E-009, -2.647472E-011, -9.723900E-014, 2.150400E+004 1.570926E+074 2.150400E+004, Wed Oct 07 20:28:38 2015
0.65, 1.80, 1.40, 1.80 , -6.386675E-009, 6.349220E-009, -2.458789E-011, -8.276700E-014, 2.150400E+004 1.570926E+074 2.150400E+004, Wed Oct 07 20:28:42 2015
0.60, 1.80, 1.40, 1.80 , -6.363087E-009, 6.357520E-009, -2.391702E-011, -1.016380E-013, 2.150400E+004 1.570926E+074 2.150400E+004, Wed Oct 07 20:28:45 2015
0.55, 1.80, 1.40, 1.80 , -6.373170E-009, 6.351320E-009, -2.366544E-011, -1.295330E-013, 2.150400E+004 1.570926E+074 2.150400E+004, Wed Oct 07 20:28:49 2015
0.50, 1.80, 1.40, 1.80 , -6.407141E-009, 6.373670E-009, -2.148526E-011, -9.433030E-014, 2.150400E+004 1.570926E+074 2.150400E+004, Wed Oct 07 20:28:53 2015
0.45, 1.80, 1.40, 1.80 , -6.407395E-009, 6.383230E-009, -2.043713E-011, -7.838010E-014, 2.150400E+004 1.570926E+074 2.150400E+004, Wed Oct 07 20:28:56 2015
0.40, 1.80, 1.40, 1.80 , -6.413308E-009, 6.393270E-009, -1.985017E-011, -9.173150E-014, 2.150400E+004 1.570926E+074 2.150400E+004, Wed Oct 07 20:29:00 2015
0.35, 1.80, 1.40, 1.80 , -6.428200E-009, 6.367120E-009, -1.926321E-011, -1.003740E-013, 2.150400E+004 1.570926E+074 2.150400E+004, Wed Oct 07 20:29:04 2015
0.30, 1.80, 1.40, 1.80 , -6.436298E-009, 6.416400E-009, -1.951477E-011, -1.365420E-013, 2.150400E+004 1.570926E+074 2.150400E+004, Wed Oct 07 20:29:07 2015
0.25, 1.80, 1.40, 1.80 , -6.438703E-009, 6.409360E-009, -1.959862E-011, -1.038070E-013, 2.150400E+004 1.570926E+074 2.150400E+004, Wed Oct 07 20:29:11 2015
0.20, 1.80, 1.40, 1.80 , -6.441574E-009, 6.404380E-009, -1.901166E-011, -1.022340E-013, 2.150400E+004 1.570926E+074 2.150400E+004, Wed Oct 07 20:29:15 2015
0.15, 1.80, 1.40, 1.80 , -6.434447E-009, 6.423600E-009, -1.767005E-011, -1.020790E-013, 2.150400E+004 1.570926E+074 2.150400E+004, Wed Oct 07 20:29:18 2015
0.10, 1.80, 1.40, 1.80 , -6.456725E-009, 6.401760E-009, -1.825701E-011, -1.039740E-013, 2.150400E+004 1.570926E+074 2.150400E+004, Wed Oct 07 20:29:22 2015
0.05, 1.80, 1.40, 1.80 , -6.466857E-009, 6.438630E-009, -1.666385E-011, -9.987350E-014, 2.150400E+004 1.570926E+074 2.150400E+004, Wed Oct 07 20:29:26 2015
0.00, 1.80, 1.40, 1.80 , -6.466940E-009, 6.446950E-009, -1.871819E-011, -1.088860E-013, 2.150400E+004 1.570926E+074 2.150400E+004, Wed Oct 07 20:29:29 2015
-0.05, 1.80, 1.40, 1.80 , -6.477194E-009, 6.460320E-009, -1.859241E-011, -1.347780E-013, 2.150400E+004 1.570926E+074 2.150400E+004, Wed Oct 07 20:29:33 2015
-0.10, 1.80, 1.40, 1.80 , -6.471962E-009, 6.410470E-009, -1.620266E-011, -1.055000E-013, 2.150400E+004 1.570926E+074 2.150400E+004, Wed Oct 07 20:29:36 2015
-0.15, 1.80, 1.40, 1.80 , -6.482848E-009, 6.435380E-009, -1.460949E-011, -1.049280E-013, 2.150400E+004 1.570926E+074 2.150400E+004, Wed Oct 07 20:29:40 2015
-0.20, 1.80, 1.40, 1.80 , -6.496314E-009, 6.465240E-009, -1.599303E-011, -1.212950E-013, 2.150400E+004 1.570926E+074 2.150400E+004, Wed Oct 07 20:29:44 2015
