1.80, 1.80, 1.80, 1.80 , -2.684787E-011, 4.124570E-012, -4.840881E-012, -8.959770E-014, 2.150400E+004 1.570926E+074 2.150400E+004, Wed Oct 07 20:21:03 2015
1.75, 1.80, 1.80, 1.80 , -2.722770E-011, 3.754620E-012, -7.314477E-012, -6.728170E-014, 2.150400E+004 1.570926E+074 2.150400E+004, Wed Oct 07 20:21:08 2015
1.70, 1.80, 1.80, 1.80 , -2.608827E-011, 3.660020E-012, -1.297441E-011, -9.336470E-014, 2.150400E+004 1.570926E+074 2.150400E+004, Wed Oct 07 20:21:25 2015
1.65, 1.80, 1.80, 1.80 , -2.710108E-011, 3.512680E-012, -1.213590E-011, -1.003500E-013, 2.150400E+004 1.570926E+074 2.150400E+004, Wed Oct 07 20:21:30 2015
1.60, 1.80, 1.80, 1.80 , -2.862030E-011, 3.424000E-012, -1.314210E-011, -1.026750E-013, 2.150400E+004 1.570926E+074 2.150400E+004, Wed Oct 07 20:21:39 2015
1.55, 1.80, 1.80, 1.80 , -3.009728E-011, 3.375340E-012, -1.184242E-011, -9.585620E-014, 2.150400E+004 1.570926E+074 2.150400E+004, Wed Oct 07 20:21:44 2015
1.50, 1.80, 1.80, 1.80 , -2.912669E-011, 3.479210E-012, -1.230360E-011, -1.034020E-013, 2.150400E+004 1.570926E+074 2.150400E+004, Wed Oct 07 20:21:57 2015
1.45, 1.80, 1.80, 1.80 , -2.840929E-011, 3.351510E-012, -1.180050E-011, -9.750130E-014, 2.150400E+004 1.570926E+074 2.150400E+004, Wed Oct 07 20:22:01 2015
1.40, 1.80, 1.80, 1.80 , -2.971749E-011, 3.334870E-012, -1.209397E-011, -1.045230E-013, 2.150400E+004 1.570926E+074 2.150400E+004, Wed Oct 07 20:22:11 2015
1.35, 1.80, 1.80, 1.80 , -3.039268E-011, 3.409080E-012, -1.435795E-011, -9.740590E-014, 2.150400E+004 1.570926E+074 2.150400E+004, Wed Oct 07 20:22:21 2015
1.30, 1.80, 1.80, 1.80 , -3.001288E-011, 3.522780E-012, -1.452565E-011, -1.008390E-013, 2.150400E+004 1.570926E+074 2.150400E+004, Wed Oct 07 20:22:40 2015
1.25, 1.80, 1.80, 1.80 , -2.916887E-011, 3.464330E-012, -1.335174E-011, -8.423330E-014, 2.150400E+004 1.570926E+074 2.150400E+004, Wed Oct 07 20:22:48 2015
1.20, 1.80, 1.80, 1.80 , -3.051926E-011, 3.449180E-012, -1.293248E-011, -1.002310E-013, 2.150400E+004 1.570926E+074 2.150400E+004, Wed Oct 07 20:23:01 2015
1.15, 1.80, 1.80, 1.80 , -3.013945E-011, 3.417860E-012, -1.305827E-011, -1.092200E-013, 2.150400E+004 1.570926E+074 2.150400E+004, Wed Oct 07 20:23:08 2015
1.10, 1.80, 1.80, 1.80 , -3.064589E-011, 3.411670E-012, -1.213590E-011, -1.050110E-013, 2.150400E+004 1.570926E+074 2.150400E+004, Wed Oct 07 20:23:20 2015
1.05, 1.80, 1.80, 1.80 , -3.047709E-011, 3.473850E-012, -1.402254E-011, -8.703470E-014, 2.150400E+004 1.570926E+074 2.150400E+004, Wed Oct 07 20:23:33 2015
1.00, 1.80, 1.80, 1.80 , -3.182751E-011, 3.239310E-012, -1.209398E-011, -9.446140E-014, 2.150400E+004 1.570926E+074 2.150400E+004, Wed Oct 07 20:23:38 2015
0.95, 1.80, 1.80, 1.80 , -3.106787E-011, 3.300560E-012, -1.272285E-011, -9.990930E-014, 2.150400E+004 1.570926E+074 2.150400E+004, Wed Oct 07 20:23:47 2015
0.90, 1.80, 1.80, 1.80 , -3.229171E-011, 3.268850E-012, -1.024925E-011, -1.158360E-013, 2.150400E+004 1.570926E+074 2.150400E+004, Wed Oct 07 20:23:52 2015
0.85, 1.80, 1.80, 1.80 , -3.212289E-011, 3.396450E-012, -1.003963E-011, -9.388920E-014, 2.150400E+004 1.570926E+074 2.150400E+004, Wed Oct 07 20:24:04 2015
0.80, 1.80, 1.80, 1.80 , -3.267150E-011, 3.313880E-012, -1.184242E-011, -1.105190E-013, 2.150400E+004 1.570926E+074 2.150400E+004, Wed Oct 07 20:24:12 2015
0.75, 1.80, 1.80, 1.80 , -3.334671E-011, 3.356210E-012, -1.050081E-011, -1.238940E-013, 2.150400E+004 1.570926E+074 2.150400E+004, Wed Oct 07 20:24:19 2015
0.70, 1.80, 1.80, 1.80 , -3.262934E-011, 3.304040E-012, -1.003963E-011, -1.168010E-013, 2.150400E+004 1.570926E+074 2.150400E+004, Wed Oct 07 20:24:27 2015
0.65, 1.80, 1.80, 1.80 , -3.165870E-011, 3.405560E-012, -1.079429E-011, -9.170770E-014, 2.150400E+004 1.570926E+074 2.150400E+004, Wed Oct 07 20:24:33 2015
0.60, 1.80, 1.80, 1.80 , -3.389532E-011, 3.356590E-012, -1.138124E-011, -1.335260E-013, 2.150400E+004 1.570926E+074 2.150400E+004, Wed Oct 07 20:24:41 2015
0.55, 1.80, 1.80, 1.80 , -3.343115E-011, 3.249750E-012, -8.488389E-012, -9.784700E-014, 2.150400E+004 1.570926E+074 2.150400E+004, Wed Oct 07 20:24:46 2015
0.50, 1.80, 1.80, 1.80 , -3.292470E-011, 3.356910E-012, -1.213590E-011, -1.163010E-013, 2.150400E+004 1.570926E+074 2.150400E+004, Wed Oct 07 20:25:02 2015
0.45, 1.80, 1.80, 1.80 , -3.473931E-011, 3.391420E-012, -9.788081E-012, -1.069190E-013, 2.150400E+004 1.570926E+074 2.150400E+004, Wed Oct 07 20:25:06 2015
0.40, 1.80, 1.80, 1.80 , -3.393751E-011, 3.280790E-012, -6.769448E-012, -1.026510E-013, 2.150400E+004 1.570926E+074 2.150400E+004, Wed Oct 07 20:25:12 2015
0.35, 1.80, 1.80, 1.80 , -3.503471E-011, 3.256550E-012, -8.530309E-012, -8.707050E-014, 2.150400E+004 1.570926E+074 2.150400E+004, Wed Oct 07 20:25:17 2015
0.30, 1.80, 1.80, 1.80 , -3.406413E-011, 3.353750E-012, -1.054274E-011, -9.700060E-014, 2.150400E+004 1.570926E+074 2.150400E+004, Wed Oct 07 20:25:27 2015
0.25, 1.80, 1.80, 1.80 , -3.507690E-011, 3.330290E-012, -9.368829E-012, -9.173150E-014, 2.150400E+004 1.570926E+074 2.150400E+004, Wed Oct 07 20:25:34 2015
0.20, 1.80, 1.80, 1.80 , -3.427513E-011, 3.367960E-012, -7.607956E-012, -1.005050E-013, 2.150400E+004 1.570926E+074 2.150400E+004, Wed Oct 07 20:25:43 2015
0.15, 1.80, 1.80, 1.80 , -3.634291E-011, 3.275010E-012, -9.410746E-012, -9.649990E-014, 2.150400E+004 1.570926E+074 2.150400E+004, Wed Oct 07 20:25:48 2015
0.10, 1.80, 1.80, 1.80 , -3.566774E-011, 3.412500E-012, -1.201012E-011, -1.209860E-013, 2.150400E+004 1.570926E+074 2.150400E+004, Wed Oct 07 20:26:01 2015
0.05, 1.80, 1.80, 1.80 , -3.587874E-011, 3.363810E-012, -9.243050E-012, -1.054050E-013, 2.150400E+004 1.570926E+074 2.150400E+004, Wed Oct 07 20:26:05 2015
0.00, 1.80, 1.80, 1.80 , -3.511914E-011, 3.475300E-012, -9.788079E-012, -1.205090E-013, 2.150400E+004 1.570926E+074 2.150400E+004, Wed Oct 07 20:26:17 2015
-0.05, 1.80, 1.80, 1.80 , -3.554112E-011, 3.455340E-012, -1.008157E-011, -7.636550E-014, 2.150400E+004 1.570926E+074 2.150400E+004, Wed Oct 07 20:26:28 2015
-0.10, 1.80, 1.80, 1.80 , -3.672276E-011, 3.334780E-012, -1.037505E-011, -1.058340E-013, 2.150400E+004 1.570926E+074 2.150400E+004, Wed Oct 07 20:26:35 2015
-0.15, 1.80, 1.80, 1.80 , -3.613191E-011, 3.528730E-012, -9.326894E-012, -1.166460E-013, 2.150400E+004 1.570926E+074 2.150400E+004, Wed Oct 07 20:26:54 2015
-0.20, 1.80, 1.80, 1.80 , -3.659615E-011, 3.302680E-012, -9.075343E-012, -1.006480E-013, 2.150400E+004 1.570926E+074 2.150400E+004, Wed Oct 07 20:26:59 2015
