1.80, 1.80, 1.40, 1.80 , -2.245093E-012, 9.277400E-012, 2.533917E-005, -8.908510E-014, 2.150400E+004 1.570926E+074 2.150400E+004, Sun Oct 11 19:41:47 2015
1.75, 1.80, 1.40, 1.80 , -2.469533E-011, 8.894710E-012, 2.532241E-005, -9.263750E-014, 2.150400E+004 1.570926E+074 2.150400E+004, Sun Oct 11 19:42:36 2015
1.70, 1.80, 1.40, 1.80 , -2.393575E-011, 8.838810E-012, 2.533235E-005, -9.397270E-014, 2.150400E+004 1.570926E+074 2.150400E+004, Sun Oct 11 19:43:06 2015
1.65, 1.80, 1.40, 1.80 , -2.545492E-011, 8.731280E-012, 2.531296E-005, -1.059890E-013, 2.150400E+004 1.570926E+074 2.150400E+004, Sun Oct 11 19:43:52 2015
1.60, 1.80, 1.40, 1.80 , -2.528613E-011, 8.799300E-012, 2.531584E-005, -7.246730E-014, 2.150400E+004 1.570926E+074 2.150400E+004, Sun Oct 11 19:43:58 2015
1.55, 1.80, 1.40, 1.80 , -2.714294E-011, 8.711560E-012, 2.531852E-005, -1.202700E-013, 2.150400E+004 1.570926E+074 2.150400E+004, Sun Oct 11 19:44:10 2015
1.50, 1.80, 1.40, 1.80 , -2.621454E-011, 8.726470E-012, 2.530504E-005, -8.124110E-014, 2.150400E+004 1.570926E+074 2.150400E+004, Sun Oct 11 19:44:39 2015
1.45, 1.80, 1.40, 1.80 , -2.722732E-011, 8.656990E-012, 2.532452E-005, -1.063700E-013, 2.150400E+004 1.570926E+074 2.150400E+004, Sun Oct 11 19:45:12 2015
1.40, 1.80, 1.40, 1.80 , -2.971709E-011, 8.629510E-012, 2.531827E-005, -1.020790E-013, 2.150400E+004 1.570926E+074 2.150400E+004, Sun Oct 11 19:45:28 2015
1.35, 1.80, 1.40, 1.80 , -2.545493E-011, 8.834920E-012, 2.531631E-005, -1.049280E-013, 2.150400E+004 1.570926E+074 2.150400E+004, Sun Oct 11 19:45:56 2015
1.30, 1.80, 1.40, 1.80 , -2.613013E-011, 8.677340E-012, 2.531145E-005, -7.293220E-014, 2.150400E+004 1.570926E+074 2.150400E+004, Sun Oct 11 19:46:15 2015
1.25, 1.80, 1.40, 1.80 , -2.701634E-011, 8.793950E-012, 2.532236E-005, -7.964370E-014, 2.150400E+004 1.570926E+074 2.150400E+004, Sun Oct 11 19:46:24 2015
1.20, 1.80, 1.40, 1.80 , -2.663654E-011, 8.767070E-012, 2.532660E-005, -1.123910E-013, 2.150400E+004 1.570926E+074 2.150400E+004, Sun Oct 11 19:47:02 2015
1.15, 1.80, 1.40, 1.80 , -2.710071E-011, 8.709170E-012, 2.532690E-005, -8.286240E-014, 2.150400E+004 1.570926E+074 2.150400E+004, Sun Oct 11 19:47:31 2015
1.10, 1.80, 1.40, 1.80 , -2.832451E-011, 8.618760E-012, 2.532190E-005, -8.096700E-014, 2.150400E+004 1.570926E+074 2.150400E+004, Sun Oct 11 19:47:41 2015
1.05, 1.80, 1.40, 1.80 , -2.575033E-011, 8.836900E-012, 2.531394E-005, -1.047610E-013, 2.150400E+004 1.570926E+074 2.150400E+004, Sun Oct 11 19:47:59 2015
1.00, 1.80, 1.40, 1.80 , -2.769153E-011, 8.849990E-012, 2.531656E-005, -9.139780E-014, 2.150400E+004 1.570926E+074 2.150400E+004, Sun Oct 11 19:48:36 2015
0.95, 1.80, 1.40, 1.80 , -2.815569E-011, 8.725500E-012, 2.531702E-005, -1.042370E-013, 2.150400E+004 1.570926E+074 2.150400E+004, Sun Oct 11 19:48:56 2015
0.90, 1.80, 1.40, 1.80 , -3.026571E-011, 8.629890E-012, 2.531897E-005, -1.249070E-013, 2.150400E+004 1.570926E+074 2.150400E+004, Sun Oct 11 19:49:15 2015
0.85, 1.80, 1.40, 1.80 , -2.849333E-011, 8.613880E-012, 2.531819E-005, -8.677240E-014, 2.150400E+004 1.570926E+074 2.150400E+004, Sun Oct 11 19:49:30 2015
0.80, 1.80, 1.40, 1.80 , -2.975932E-011, 8.645620E-012, 2.531452E-005, -9.317400E-014, 2.150400E+004 1.570926E+074 2.150400E+004, Sun Oct 11 19:50:06 2015
0.75, 1.80, 1.40, 1.80 , -2.874650E-011, 8.764850E-012, 2.530647E-005, -9.758470E-014, 2.150400E+004 1.570926E+074 2.150400E+004, Sun Oct 11 19:50:48 2015
0.70, 1.80, 1.40, 1.80 , -2.849332E-011, 8.761160E-012, 2.531311E-005, -9.756090E-014, 2.150400E+004 1.570926E+074 2.150400E+004, Sun Oct 11 19:51:06 2015
0.65, 1.80, 1.40, 1.80 , -2.946390E-011, 8.618920E-012, 2.532705E-005, -1.180530E-013, 2.150400E+004 1.570926E+074 2.150400E+004, Sun Oct 11 19:51:31 2015
0.60, 1.80, 1.40, 1.80 , -2.959051E-011, 8.717020E-012, 2.530593E-005, -9.055140E-014, 2.150400E+004 1.570926E+074 2.150400E+004, Sun Oct 11 19:51:55 2015
0.55, 1.80, 1.40, 1.80 , -2.836672E-011, 8.845910E-012, 2.531007E-005, -1.102210E-013, 2.150400E+004 1.570926E+074 2.150400E+004, Sun Oct 11 19:52:01 2015
0.50, 1.80, 1.40, 1.80 , -3.009690E-011, 8.712710E-012, 2.530789E-005, -8.268360E-014, 2.150400E+004 1.570926E+074 2.150400E+004, Sun Oct 11 19:52:22 2015
0.45, 1.80, 1.40, 1.80 , -3.039229E-011, 8.693780E-012, 2.531537E-005, -1.069900E-013, 2.150400E+004 1.570926E+074 2.150400E+004, Sun Oct 11 19:53:01 2015
0.40, 1.80, 1.40, 1.80 , -3.005472E-011, 8.784020E-012, 2.531041E-005, -1.057620E-013, 2.150400E+004 1.570926E+074 2.150400E+004, Sun Oct 11 19:53:06 2015
0.35, 1.80, 1.40, 1.80 , -2.997030E-011, 8.778850E-012, 2.532313E-005, -1.072760E-013, 2.150400E+004 1.570926E+074 2.150400E+004, Sun Oct 11 19:53:29 2015
0.30, 1.80, 1.40, 1.80 , -3.013909E-011, 8.690230E-012, 2.531565E-005, -9.340050E-014, 2.150400E+004 1.570926E+074 2.150400E+004, Sun Oct 11 19:54:13 2015
0.25, 1.80, 1.40, 1.80 , -3.271326E-011, 8.632660E-012, 2.529681E-005, -8.380410E-014, 2.150400E+004 1.570926E+074 2.150400E+004, Sun Oct 11 19:54:39 2015
0.20, 1.80, 1.40, 1.80 , -3.208029E-011, 8.549130E-012, 2.530933E-005, -8.230210E-014, 2.150400E+004 1.570926E+074 2.150400E+004, Sun Oct 11 19:54:51 2015
0.15, 1.80, 1.40, 1.80 , -3.094088E-011, 8.706840E-012, 2.529946E-005, -9.808540E-014, 2.150400E+004 1.570926E+074 2.150400E+004, Sun Oct 11 19:55:17 2015
0.10, 1.80, 1.40, 1.80 , -3.246010E-011, 8.568600E-012, 2.530377E-005, -1.080160E-013, 2.150400E+004 1.570926E+074 2.150400E+004, Sun Oct 11 19:55:28 2015
0.05, 1.80, 1.40, 1.80 , -3.018135E-011, 8.692160E-012, 2.531958E-005, -9.983780E-014, 2.150400E+004 1.570926E+074 2.150400E+004, Sun Oct 11 19:55:54 2015
0.00, 1.80, 1.40, 1.80 , -3.224911E-011, 8.752840E-012, 2.530957E-005, -9.740590E-014, 2.150400E+004 1.570926E+074 2.150400E+004, Sun Oct 11 19:56:00 2015
-0.05, 1.80, 1.40, 1.80 , -3.267108E-011, 8.578550E-012, 2.532879E-005, -9.723900E-014, 2.150400E+004 1.570926E+074 2.150400E+004, Sun Oct 11 19:56:06 2015
-0.10, 1.80, 1.40, 1.80 , -3.351510E-011, 8.583380E-012, 2.532122E-005, -1.021500E-013, 2.150400E+004 1.570926E+074 2.150400E+004, Sun Oct 11 19:56:14 2015
-0.15, 1.80, 1.40, 1.80 , -3.148950E-011, 8.769020E-012, 2.533039E-005, -8.895400E-014, 2.150400E+004 1.570926E+074 2.150400E+004, Sun Oct 11 19:56:27 2015
-0.20, 1.80, 1.40, 1.80 , -3.237569E-011, 8.762570E-012, 2.531598E-005, -1.070020E-013, 2.150400E+004 1.570926E+074 2.150400E+004, Sun Oct 11 19:56:48 2015
