0.00, 0.00, 0.40, 0.00 , -7.187427E-011, 4.598510E-012, -3.012255E-011, -1.792490E-012, 2.150400E+004 1.570926E+074 2.150400E+004, Sun Aug 23 02:18:09 2015
0.05, 0.00, 0.40, 0.00 , -6.326560E-011, 4.521990E-012, -2.878082E-011, -1.843680E-012, 2.150400E+004 1.570926E+074 2.150400E+004, Sun Aug 23 02:18:13 2015
0.10, 0.00, 0.40, 0.00 , -5.718885E-011, 4.633300E-012, -2.802609E-011, -2.061750E-012, 2.150400E+004 1.570926E+074 2.150400E+004, Sun Aug 23 02:18:18 2015
0.15, 0.00, 0.40, 0.00 , -5.339085E-011, 4.540790E-012, -2.924204E-011, -2.464720E-012, 2.150400E+004 1.570926E+074 2.150400E+004, Sun Aug 23 02:18:25 2015
0.20, 0.00, 0.40, 0.00 , -4.933977E-011, 4.545960E-012, -3.460900E-011, -2.464780E-012, 2.150400E+004 1.570926E+074 2.150400E+004, Sun Aug 23 02:18:34 2015
0.25, 0.00, 0.40, 0.00 , -4.452897E-011, 4.653680E-012, -3.041606E-011, -3.067700E-012, 2.150400E+004 1.570926E+074 2.150400E+004, Sun Aug 23 02:18:41 2015
0.30, 0.00, 0.40, 0.00 , -4.030904E-011, 4.538290E-012, -2.626506E-011, -2.858580E-012, 2.150400E+004 1.570926E+074 2.150400E+004, Sun Aug 23 02:18:50 2015
0.35, 0.00, 0.40, 0.00 , -3.672208E-011, 4.465230E-012, -3.121272E-011, -3.237370E-012, 2.150400E+004 1.570926E+074 2.150400E+004, Sun Aug 23 02:18:59 2015
0.40, 0.00, 0.40, 0.00 , -3.203793E-011, 4.430640E-012, -2.907432E-011, -3.598620E-012, 2.150400E+004 1.570926E+074 2.150400E+004, Sun Aug 23 02:19:08 2015
0.45, 0.00, 0.40, 0.00 , -2.731159E-011, 4.545060E-012, -2.790030E-011, -4.277550E-012, 2.150400E+004 1.570926E+074 2.150400E+004, Sun Aug 23 02:19:14 2015
0.50, 0.00, 0.40, 0.00 , -2.629880E-011, 4.561440E-012, -3.091922E-011, -4.415330E-012, 2.150400E+004 1.570926E+074 2.150400E+004, Sun Aug 23 02:19:26 2015
0.55, 0.00, 0.40, 0.00 , -2.077067E-011, 4.556740E-012, -3.377040E-011, -4.448250E-012, 2.150400E+004 1.570926E+074 2.150400E+004, Sun Aug 23 02:19:36 2015
0.60, 0.00, 0.40, 0.00 , -1.760571E-011, 4.436040E-012, -3.133850E-011, -4.818740E-012, 2.150400E+004 1.570926E+074 2.150400E+004, Sun Aug 23 02:19:46 2015
0.65, 0.00, 0.40, 0.00 , -1.330135E-011, 4.460350E-012, -2.869696E-011, -5.036810E-012, 2.150400E+004 1.570926E+074 2.150400E+004, Sun Aug 23 02:19:51 2015
0.70, 0.00, 0.40, 0.00 , -7.899809E-012, 4.418640E-012, -3.288988E-011, -5.169530E-012, 2.150400E+004 1.570926E+074 2.150400E+004, Sun Aug 23 02:19:55 2015
0.75, 0.00, 0.40, 0.00 , -5.494437E-012, 4.428450E-012, -2.542647E-011, -5.815570E-012, 2.150400E+004 1.570926E+074 2.150400E+004, Sun Aug 23 02:19:58 2015
0.80, 0.00, 0.40, 0.00 , -2.920266E-012, 4.361140E-012, -3.049992E-011, -6.014370E-012, 2.150400E+004 1.570926E+074 2.150400E+004, Sun Aug 23 02:20:02 2015
0.85, 0.00, 0.40, 0.00 , 2.734401E-012, 4.476730E-012, -2.840345E-011, -6.039080E-012, 2.150400E+004 1.570926E+074 2.150400E+004, Sun Aug 23 02:20:06 2015
0.90, 0.00, 0.40, 0.00 , 4.506636E-012, 4.502580E-012, -2.999676E-011, -6.531490E-012, 2.150400E+004 1.570926E+074 2.150400E+004, Sun Aug 23 02:20:09 2015
0.95, 0.00, 0.40, 0.00 , 8.895029E-012, 4.523410E-012, -2.924204E-011, -6.779620E-012, 2.150400E+004 1.570926E+074 2.150400E+004, Sun Aug 23 02:20:13 2015
1.00, 0.00, 0.40, 0.00 , 9.823339E-012, 4.512850E-012, -3.242867E-011, -6.700900E-012, 2.150400E+004 1.570926E+074 2.150400E+004, Sun Aug 23 02:20:19 2015
1.05, 0.00, 0.40, 0.00 , 9.992122E-012, 4.419620E-012, -2.978712E-011, -7.034920E-012, 2.150400E+004 1.570926E+074 2.150400E+004, Sun Aug 23 02:20:42 2015
1.10, 0.00, 0.40, 0.00 , 1.324122E-011, 4.388860E-012, -3.045799E-011, -7.587600E-012, 2.150400E+004 1.570926E+074 2.150400E+004, Sun Aug 23 02:20:48 2015
1.15, 0.00, 0.40, 0.00 , 1.433832E-011, 4.412130E-012, -2.815188E-011, -7.566630E-012, 2.150400E+004 1.570926E+074 2.150400E+004, Sun Aug 23 02:21:05 2015
1.20, 0.00, 0.40, 0.00 , 1.695447E-011, 4.498200E-012, -3.054184E-011, -8.336410E-012, 2.150400E+004 1.570926E+074 2.150400E+004, Sun Aug 23 02:21:20 2015
1.25, 0.00, 0.40, 0.00 , 1.800938E-011, 4.444380E-012, -2.689400E-011, -8.744750E-012, 2.150400E+004 1.570926E+074 2.150400E+004, Sun Aug 23 02:21:47 2015
1.30, 0.00, 0.40, 0.00 , 2.079431E-011, 4.423390E-012, -3.192551E-011, -8.505590E-012, 2.150400E+004 1.570926E+074 2.150400E+004, Sun Aug 23 02:21:53 2015
1.35, 0.00, 0.40, 0.00 , 2.286192E-011, 4.321270E-012, -2.873889E-011, -9.042490E-012, 2.150400E+004 1.570926E+074 2.150400E+004, Sun Aug 23 02:21:59 2015
1.40, 0.00, 0.40, 0.00 , 2.353705E-011, 4.337040E-012, -3.108693E-011, -9.144860E-012, 2.150400E+004 1.570926E+074 2.150400E+004, Sun Aug 23 02:22:28 2015
1.45, 0.00, 0.40, 0.00 , 2.708152E-011, 4.450450E-012, -3.150622E-011, -9.327300E-012, 2.150400E+004 1.570926E+074 2.150400E+004, Sun Aug 23 02:22:37 2015
1.50, 0.00, 0.40, 0.00 , 2.809425E-011, 4.440960E-012, -3.251252E-011, -9.994020E-012, 2.150400E+004 1.570926E+074 2.150400E+004, Sun Aug 23 02:22:45 2015
1.55, 0.00, 0.40, 0.00 , 2.872717E-011, 4.493420E-012, -3.259638E-011, -1.030530E-011, 2.150400E+004 1.570926E+074 2.150400E+004, Sun Aug 23 02:22:54 2015
1.60, 0.00, 0.40, 0.00 , 3.138547E-011, 4.294190E-012, -3.414777E-011, -1.033210E-011, 2.150400E+004 1.570926E+074 2.150400E+004, Sun Aug 23 02:23:03 2015
1.65, 0.00, 0.40, 0.00 , 3.231382E-011, 4.471720E-012, -2.718750E-011, -1.060930E-011, 2.150400E+004 1.570926E+074 2.150400E+004, Sun Aug 23 02:23:32 2015
1.70, 0.00, 0.40, 0.00 , 3.623806E-011, 4.455320E-012, -3.414777E-011, -1.106560E-011, 2.150400E+004 1.570926E+074 2.150400E+004, Sun Aug 23 02:23:39 2015
1.75, 0.00, 0.40, 0.00 , 3.670220E-011, 4.302220E-012, -3.175780E-011, -1.131270E-011, 2.150400E+004 1.570926E+074 2.150400E+004, Sun Aug 23 02:23:54 2015
1.80, 0.00, 0.40, 0.00 , 3.919176E-011, 4.403380E-012, -3.020641E-011, -1.173810E-011, 2.150400E+004 1.570926E+074 2.150400E+004, Sun Aug 23 02:24:00 2015
1.85, 0.00, 0.40, 0.00 , 4.142815E-011, 4.379560E-012, -3.062571E-011, -1.162300E-011, 2.150400E+004 1.570926E+074 2.150400E+004, Sun Aug 23 02:24:06 2015
1.90, 0.00, 0.40, 0.00 , 4.336918E-011, 4.341790E-012, -2.920011E-011, -1.238350E-011, 2.150400E+004 1.570926E+074 2.150400E+004, Sun Aug 23 02:24:14 2015
1.95, 0.00, 0.40, 0.00 , 4.581655E-011, 4.258180E-012, -3.003869E-011, -1.254800E-011, 2.150400E+004 1.570926E+074 2.150400E+004, Sun Aug 23 02:24:19 2015
2.00, 0.00, 0.40, 0.00 , 4.594317E-011, 4.227150E-012, -2.647470E-011, -1.277470E-011, 2.150400E+004 1.570926E+074 2.150400E+004, Sun Aug 23 02:24:26 2015
