0.00, 0.00, 2.00, 0.00 , -5.325635E-012, 7.165420E-011, -2.535114E-012, -2.040180E-012, 2.150400E+004 1.570926E+074 2.150400E+004, Sun Aug 23 02:36:19 2015
0.05, 0.00, 2.00, 0.00 , 6.421290E-007, -6.419420E-007, -2.870520E-012, -2.341940E-012, 2.150400E+004 1.570926E+074 2.150400E+004, Sun Aug 23 02:36:25 2015
0.10, 0.00, 2.00, 0.00 , 1.441570E-006, -1.441020E-006, -5.553733E-012, -2.252700E-012, 2.150400E+004 1.570926E+074 2.150400E+004, Sun Aug 23 02:36:29 2015
0.15, 0.00, 2.00, 0.00 , 2.229309E-006, -2.228640E-006, -2.618971E-012, -2.633550E-012, 2.150400E+004 1.570926E+074 2.150400E+004, Sun Aug 23 02:36:33 2015
0.20, 0.00, 2.00, 0.00 , 2.991620E-006, -2.990830E-006, -3.131002E-013, -2.761210E-012, 2.150400E+004 1.570926E+074 2.150400E+004, Sun Aug 23 02:36:36 2015
0.25, 0.00, 2.00, 0.00 , 3.713796E-006, -3.712840E-006, -7.230730E-012, -3.308580E-012, 2.150400E+004 1.570926E+074 2.150400E+004, Sun Aug 23 02:36:40 2015
0.30, 0.00, 2.00, 0.00 , 4.383268E-006, -4.382460E-006, -1.277381E-012, -3.423270E-012, 2.150400E+004 1.570926E+074 2.150400E+004, Sun Aug 23 02:36:43 2015
0.35, 0.00, 2.00, 0.00 , 4.991483E-006, -4.990520E-006, -5.889126E-012, -3.642110E-012, 2.150400E+004 1.570926E+074 2.150400E+004, Sun Aug 23 02:36:47 2015
0.40, 0.00, 2.00, 0.00 , 5.533545E-006, -5.532430E-006, -4.337896E-012, -3.940690E-012, 2.150400E+004 1.570926E+074 2.150400E+004, Sun Aug 23 02:36:50 2015
0.45, 0.00, 2.00, 0.00 , 6.006042E-006, -6.005230E-006, -5.847201E-012, -4.400660E-012, 2.150400E+004 1.570926E+074 2.150400E+004, Sun Aug 23 02:36:54 2015
0.50, 0.00, 2.00, 0.00 , 6.409207E-006, -6.408080E-006, -3.289775E-012, -4.742500E-012, 2.150400E+004 1.570926E+074 2.150400E+004, Sun Aug 23 02:36:58 2015
0.55, 0.00, 2.00, 0.00 , 6.743390E-006, -6.741130E-006, -2.292506E-013, -4.891710E-012, 2.150400E+004 1.570926E+074 2.150400E+004, Sun Aug 23 02:37:01 2015
0.60, 0.00, 2.00, 0.00 , 7.013605E-006, -7.011600E-006, -6.853408E-012, -5.105850E-012, 2.150400E+004 1.570926E+074 2.150400E+004, Sun Aug 23 02:37:05 2015
0.65, 0.00, 2.00, 0.00 , 7.229299E-006, -7.227580E-006, -5.092550E-012, -5.532470E-012, 2.150400E+004 1.570926E+074 2.150400E+004, Sun Aug 23 02:37:08 2015
0.70, 0.00, 2.00, 0.00 , 7.396270E-006, -7.395110E-006, -3.122058E-012, -5.787110E-012, 2.150400E+004 1.570926E+074 2.150400E+004, Sun Aug 23 02:37:12 2015
0.75, 0.00, 2.00, 0.00 , 7.521476E-006, -7.519890E-006, -4.086367E-012, -6.197190E-012, 2.150400E+004 1.570926E+074 2.150400E+004, Sun Aug 23 02:37:15 2015
0.80, 0.00, 2.00, 0.00 , 7.614420E-006, -7.612670E-006, -2.870522E-012, -6.404710E-012, 2.150400E+004 1.570926E+074 2.150400E+004, Sun Aug 23 02:37:19 2015
0.85, 0.00, 2.00, 0.00 , 7.679886E-006, -7.677950E-006, -4.841013E-012, -6.735620E-012, 2.150400E+004 1.570926E+074 2.150400E+004, Sun Aug 23 02:37:22 2015
0.90, 0.00, 2.00, 0.00 , 7.724107E-006, -7.722470E-006, -4.966775E-012, -7.018210E-012, 2.150400E+004 1.570926E+074 2.150400E+004, Sun Aug 23 02:37:26 2015
0.95, 0.00, 2.00, 0.00 , 7.755059E-006, -7.753390E-006, -6.308386E-012, -7.226970E-012, 2.150400E+004 1.570926E+074 2.150400E+004, Sun Aug 23 02:37:29 2015
1.00, 0.00, 2.00, 0.00 , 7.774789E-006, -7.773660E-006, -6.727641E-012, -7.549810E-012, 2.150400E+004 1.570926E+074 2.150400E+004, Sun Aug 23 02:37:33 2015
1.05, 0.00, 2.00, 0.00 , 7.787538E-006, -7.785700E-006, -7.272658E-012, -7.773130E-012, 2.150400E+004 1.570926E+074 2.150400E+004, Sun Aug 23 02:37:37 2015
1.10, 0.00, 2.00, 0.00 , 7.795798E-006, -7.794780E-006, -4.840996E-012, -7.904340E-012, 2.150400E+004 1.570926E+074 2.150400E+004, Sun Aug 23 02:37:40 2015
1.15, 0.00, 2.00, 0.00 , 7.802165E-006, -7.800140E-006, -6.685701E-012, -8.263400E-012, 2.150400E+004 1.570926E+074 2.150400E+004, Sun Aug 23 02:37:44 2015
1.20, 0.00, 2.00, 0.00 , 7.803526E-006, -7.802190E-006, -5.092544E-012, -8.525040E-012, 2.150400E+004 1.570926E+074 2.150400E+004, Sun Aug 23 02:37:47 2015
1.25, 0.00, 2.00, 0.00 , 7.805466E-006, -7.803600E-006, -5.637575E-012, -8.681660E-012, 2.150400E+004 1.570926E+074 2.150400E+004, Sun Aug 23 02:37:51 2015
1.30, 0.00, 2.00, 0.00 , 7.806786E-006, -7.805340E-006, -8.069233E-012, -9.006540E-012, 2.150400E+004 1.570926E+074 2.150400E+004, Sun Aug 23 02:37:54 2015
1.35, 0.00, 2.00, 0.00 , 7.808469E-006, -7.806670E-006, -7.733838E-012, -9.360140E-012, 2.150400E+004 1.570926E+074 2.150400E+004, Sun Aug 23 02:37:58 2015
1.40, 0.00, 2.00, 0.00 , 7.808810E-006, -7.807160E-006, -7.272653E-012, -9.492780E-012, 2.150400E+004 1.570926E+074 2.150400E+004, Sun Aug 23 02:38:01 2015
1.45, 0.00, 2.00, 0.00 , 7.809761E-006, -7.808110E-006, -3.415563E-012, -9.778860E-012, 2.150400E+004 1.570926E+074 2.150400E+004, Sun Aug 23 02:38:05 2015
1.50, 0.00, 2.00, 0.00 , 7.810900E-006, -7.809460E-006, -4.757136E-012, -9.927500E-012, 2.150400E+004 1.570926E+074 2.150400E+004, Sun Aug 23 02:38:09 2015
1.55, 0.00, 2.00, 0.00 , 7.811472E-006, -7.810310E-006, -6.392239E-012, -1.027140E-011, 2.150400E+004 1.570926E+074 2.150400E+004, Sun Aug 23 02:38:12 2015
1.60, 0.00, 2.00, 0.00 , 7.812492E-006, -7.811710E-006, -1.020742E-011, -1.034630E-011, 2.150400E+004 1.570926E+074 2.150400E+004, Sun Aug 23 02:38:16 2015
1.65, 0.00, 2.00, 0.00 , 7.813271E-006, -7.811570E-006, -2.535104E-012, -1.073510E-011, 2.150400E+004 1.570926E+074 2.150400E+004, Sun Aug 23 02:38:19 2015
1.70, 0.00, 2.00, 0.00 , 7.814853E-006, -7.813450E-006, -7.608063E-012, -1.104630E-011, 2.150400E+004 1.570926E+074 2.150400E+004, Sun Aug 23 02:38:23 2015
1.75, 0.00, 2.00, 0.00 , 7.820138E-006, -7.818330E-006, -5.344104E-012, -1.118660E-011, 2.150400E+004 1.570926E+074 2.150400E+004, Sun Aug 23 02:38:26 2015
1.80, 0.00, 2.00, 0.00 , 7.828116E-006, -7.827610E-006, -9.838848E-013, -1.147480E-011, 2.150400E+004 1.570926E+074 2.150400E+004, Sun Aug 23 02:38:30 2015
1.85, 0.00, 2.00, 0.00 , 7.848059E-006, -7.847300E-006, -1.486981E-012, -1.169930E-011, 2.150400E+004 1.570926E+074 2.150400E+004, Sun Aug 23 02:38:33 2015
1.90, 0.00, 2.00, 0.00 , 7.889120E-006, -7.888800E-006, -2.367415E-012, -1.219010E-011, 2.150400E+004 1.570926E+074 2.150400E+004, Sun Aug 23 02:38:37 2015
1.95, 0.00, 2.00, 0.00 , 7.924577E-006, -7.923600E-006, -5.176394E-012, -1.234920E-011, 2.150400E+004 1.570926E+074 2.150400E+004, Sun Aug 23 02:38:40 2015
2.00, 0.00, 2.00, 0.00 , 7.962583E-006, -7.962140E-006, 9.027345E-013, -1.285730E-011, 2.150400E+004 1.570926E+074 2.150400E+004, Sun Aug 23 02:38:44 2015
