1.80, 1.80, -0.20, 1.80 , 1.461581E-010, -6.105090E-012, -4.689416E-011, 4.962370E-011, 2.150400E+004 1.570926E+074 2.150400E+004, Sun Aug 23 10:50:45 2015
1.75, 1.80, -0.20, 1.80 , -1.413299E-007, 1.416660E-007, -4.630714E-011, 4.934790E-011, 2.150400E+004 1.570926E+074 2.150400E+004, Sun Aug 23 10:50:51 2015
1.70, 1.80, -0.20, 1.80 , -3.679231E-007, 3.681690E-007, -4.693609E-011, 4.938340E-011, 2.150400E+004 1.570926E+074 2.150400E+004, Sun Aug 23 10:50:55 2015
1.65, 1.80, -0.20, 1.80 , -6.170179E-007, 6.171940E-007, -4.467191E-011, 4.972000E-011, 2.150400E+004 1.570926E+074 2.150400E+004, Sun Aug 23 10:50:58 2015
1.60, 1.80, -0.20, 1.80 , -8.729892E-007, 8.733120E-007, -4.827780E-011, 4.973140E-011, 2.150400E+004 1.570926E+074 2.150400E+004, Sun Aug 23 10:51:02 2015
1.55, 1.80, -0.20, 1.80 , -1.130769E-006, 1.130980E-006, -4.588786E-011, 5.021840E-011, 2.150400E+004 1.570926E+074 2.150400E+004, Sun Aug 23 10:51:06 2015
1.50, 1.80, -0.20, 1.80 , -1.384910E-006, 1.385030E-006, -4.710381E-011, 4.983690E-011, 2.150400E+004 1.570926E+074 2.150400E+004, Sun Aug 23 10:51:09 2015
1.45, 1.80, -0.20, 1.80 , -1.632622E-006, 1.632790E-006, -5.104515E-011, 4.998900E-011, 2.150400E+004 1.570926E+074 2.150400E+004, Sun Aug 23 10:51:13 2015
1.40, 1.80, -0.20, 1.80 , -1.870597E-006, 1.870680E-006, -4.802624E-011, 4.992060E-011, 2.150400E+004 1.570926E+074 2.150400E+004, Sun Aug 23 10:51:16 2015
1.35, 1.80, -0.20, 1.80 , -2.097427E-006, 2.097460E-006, -5.066777E-011, 5.003500E-011, 2.150400E+004 1.570926E+074 2.150400E+004, Sun Aug 23 10:51:20 2015
1.30, 1.80, -0.20, 1.80 , -2.310938E-006, 2.310980E-006, -5.083551E-011, 4.999540E-011, 2.150400E+004 1.570926E+074 2.150400E+004, Sun Aug 23 10:51:23 2015
1.25, 1.80, -0.20, 1.80 , -2.509775E-006, 2.509730E-006, -5.121284E-011, 4.979060E-011, 2.150400E+004 1.570926E+074 2.150400E+004, Sun Aug 23 10:51:27 2015
1.20, 1.80, -0.20, 1.80 , -2.693423E-006, 2.693360E-006, -5.054199E-011, 5.008210E-011, 2.150400E+004 1.570926E+074 2.150400E+004, Sun Aug 23 10:51:30 2015
1.15, 1.80, -0.20, 1.80 , -2.858725E-006, 2.858510E-006, -5.159022E-011, 5.003610E-011, 2.150400E+004 1.570926E+074 2.150400E+004, Sun Aug 23 10:51:34 2015
1.10, 1.80, -0.20, 1.80 , -3.006432E-006, 3.006330E-006, -5.247073E-011, 5.013020E-011, 2.150400E+004 1.570926E+074 2.150400E+004, Sun Aug 23 10:51:37 2015
1.05, 1.80, -0.20, 1.80 , -3.137248E-006, 3.137250E-006, -5.406403E-011, 5.000780E-011, 2.150400E+004 1.570926E+074 2.150400E+004, Sun Aug 23 10:51:41 2015
1.00, 1.80, -0.20, 1.80 , -3.250733E-006, 3.250520E-006, -5.289002E-011, 4.993550E-011, 2.150400E+004 1.570926E+074 2.150400E+004, Sun Aug 23 10:51:45 2015
0.95, 1.80, -0.20, 1.80 , -3.347727E-006, 3.347730E-006, -5.330932E-011, 5.029460E-011, 2.150400E+004 1.570926E+074 2.150400E+004, Sun Aug 23 10:51:48 2015
0.90, 1.80, -0.20, 1.80 , -3.428535E-006, 3.428470E-006, -5.406402E-011, 5.028170E-011, 2.150400E+004 1.570926E+074 2.150400E+004, Sun Aug 23 10:51:52 2015
0.85, 1.80, -0.20, 1.80 , -3.494357E-006, 3.493990E-006, -5.393824E-011, 5.034340E-011, 2.150400E+004 1.570926E+074 2.150400E+004, Sun Aug 23 10:51:55 2015
0.80, 1.80, -0.20, 1.80 , -3.544273E-006, 3.544210E-006, -5.548964E-011, 5.029340E-011, 2.150400E+004 1.570926E+074 2.150400E+004, Sun Aug 23 10:51:59 2015
0.75, 1.80, -0.20, 1.80 , -3.581804E-006, 3.581620E-006, -5.431563E-011, 5.027610E-011, 2.150400E+004 1.570926E+074 2.150400E+004, Sun Aug 23 10:52:02 2015
0.70, 1.80, -0.20, 1.80 , -3.608829E-006, 3.608780E-006, -5.544770E-011, 5.046870E-011, 2.150400E+004 1.570926E+074 2.150400E+004, Sun Aug 23 10:52:06 2015
0.65, 1.80, -0.20, 1.80 , -3.626837E-006, 3.626790E-006, -5.431560E-011, 5.033180E-011, 2.150400E+004 1.570926E+074 2.150400E+004, Sun Aug 23 10:52:09 2015
0.60, 1.80, -0.20, 1.80 , -3.638721E-006, 3.638700E-006, -5.498650E-011, 5.054320E-011, 2.150400E+004 1.570926E+074 2.150400E+004, Sun Aug 23 10:52:13 2015
0.55, 1.80, -0.20, 1.80 , -3.646325E-006, 3.646280E-006, -5.548963E-011, 5.053940E-011, 2.150400E+004 1.570926E+074 2.150400E+004, Sun Aug 23 10:52:16 2015
0.50, 1.80, -0.20, 1.80 , -3.651594E-006, 3.651270E-006, -5.477683E-011, 5.041750E-011, 2.150400E+004 1.570926E+074 2.150400E+004, Sun Aug 23 10:52:20 2015
0.45, 1.80, -0.20, 1.80 , -3.654782E-006, 3.654500E-006, -5.708293E-011, 5.059650E-011, 2.150400E+004 1.570926E+074 2.150400E+004, Sun Aug 23 10:52:23 2015
0.40, 1.80, -0.20, 1.80 , -3.656938E-006, 3.656680E-006, -5.641208E-011, 5.040330E-011, 2.150400E+004 1.570926E+074 2.150400E+004, Sun Aug 23 10:52:27 2015
0.35, 1.80, -0.20, 1.80 , -3.658295E-006, 3.658320E-006, -5.674749E-011, 5.055860E-011, 2.150400E+004 1.570926E+074 2.150400E+004, Sun Aug 23 10:52:31 2015
0.30, 1.80, -0.20, 1.80 , -3.659806E-006, 3.659590E-006, -5.737644E-011, 5.058270E-011, 2.150400E+004 1.570926E+074 2.150400E+004, Sun Aug 23 10:52:34 2015
0.25, 1.80, -0.20, 1.80 , -3.660890E-006, 3.660740E-006, -5.649593E-011, 5.050200E-011, 2.150400E+004 1.570926E+074 2.150400E+004, Sun Aug 23 10:52:38 2015
0.20, 1.80, -0.20, 1.80 , -3.661612E-006, 3.661640E-006, -5.708293E-011, 5.060500E-011, 2.150400E+004 1.570926E+074 2.150400E+004, Sun Aug 23 10:52:41 2015
0.15, 1.80, -0.20, 1.80 , -3.662580E-006, 3.662450E-006, -5.683135E-011, 5.041400E-011, 2.150400E+004 1.570926E+074 2.150400E+004, Sun Aug 23 10:52:45 2015
0.10, 1.80, -0.20, 1.80 , -3.663031E-006, 3.663030E-006, -5.687328E-011, 5.057480E-011, 2.150400E+004 1.570926E+074 2.150400E+004, Sun Aug 23 10:52:48 2015
0.05, 1.80, -0.20, 1.80 , -3.664085E-006, 3.663960E-006, -5.796344E-011, 5.063880E-011, 2.150400E+004 1.570926E+074 2.150400E+004, Sun Aug 23 10:52:52 2015
0.00, 1.80, -0.20, 1.80 , -3.665357E-006, 3.665050E-006, -5.989218E-011, 5.067460E-011, 2.150400E+004 1.570926E+074 2.150400E+004, Sun Aug 23 10:52:55 2015
-0.05, 1.80, -0.20, 1.80 , -3.665962E-006, 3.665730E-006, -5.616048E-011, 5.071160E-011, 2.150400E+004 1.570926E+074 2.150400E+004, Sun Aug 23 10:52:59 2015
-0.10, 1.80, -0.20, 1.80 , -3.666499E-006, 3.666430E-006, -5.964059E-011, 5.047440E-011, 2.150400E+004 1.570926E+074 2.150400E+004, Sun Aug 23 10:53:02 2015
-0.15, 1.80, -0.20, 1.80 , -3.666989E-006, 3.667000E-006, -5.766993E-011, 5.065490E-011, 2.150400E+004 1.570926E+074 2.150400E+004, Sun Aug 23 10:53:06 2015
-0.20, 1.80, -0.20, 1.80 , -3.667988E-006, 3.667700E-006, -5.729258E-011, 5.083800E-011, 2.150400E+004 1.570926E+074 2.150400E+004, Sun Aug 23 10:53:10 2015
