1.80, 1.80, 0.20, 1.80 , 1.224020E-010, 7.348880E-012, -3.532173E-011, 4.880550E-011, 2.150400E+004 1.570926E+074 2.150400E+004, Sun Aug 23 10:48:08 2015
1.75, 1.80, 0.20, 1.80 , -8.002797E-008, 8.019640E-008, -3.527980E-011, 4.839820E-011, 2.150400E+004 1.570926E+074 2.150400E+004, Sun Aug 23 10:48:14 2015
1.70, 1.80, 0.20, 1.80 , -2.086448E-007, 2.088400E-007, -3.574102E-011, 4.854710E-011, 2.150400E+004 1.570926E+074 2.150400E+004, Sun Aug 23 10:48:18 2015
1.65, 1.80, 0.20, 1.80 , -3.406855E-007, 3.409110E-007, -3.636996E-011, 4.882510E-011, 2.150400E+004 1.570926E+074 2.150400E+004, Sun Aug 23 10:48:22 2015
1.60, 1.80, 0.20, 1.80 , -4.677360E-007, 4.679830E-007, -3.657959E-011, 4.864040E-011, 2.150400E+004 1.570926E+074 2.150400E+004, Sun Aug 23 10:48:25 2015
1.55, 1.80, 0.20, 1.80 , -5.851438E-007, 5.853140E-007, -3.771168E-011, 4.884550E-011, 2.150400E+004 1.570926E+074 2.150400E+004, Sun Aug 23 10:48:29 2015
1.50, 1.80, 0.20, 1.80 , -6.893299E-007, 6.895200E-007, -3.666345E-011, 4.883860E-011, 2.150400E+004 1.570926E+074 2.150400E+004, Sun Aug 23 10:48:32 2015
1.45, 1.80, 0.20, 1.80 , -7.821004E-007, 7.822730E-007, -3.657960E-011, 4.897390E-011, 2.150400E+004 1.570926E+074 2.150400E+004, Sun Aug 23 10:48:36 2015
1.40, 1.80, 0.20, 1.80 , -8.626162E-007, 8.628290E-007, -3.808904E-011, 4.891720E-011, 2.150400E+004 1.570926E+074 2.150400E+004, Sun Aug 23 10:48:39 2015
1.35, 1.80, 0.20, 1.80 , -9.284222E-007, 9.285420E-007, -3.511208E-011, 4.899330E-011, 2.150400E+004 1.570926E+074 2.150400E+004, Sun Aug 23 10:48:43 2015
1.30, 1.80, 0.20, 1.80 , -9.815592E-007, 9.817710E-007, -3.653767E-011, 4.861800E-011, 2.150400E+004 1.570926E+074 2.150400E+004, Sun Aug 23 10:48:46 2015
1.25, 1.80, 0.20, 1.80 , -1.022791E-006, 1.022770E-006, -3.666346E-011, 4.860990E-011, 2.150400E+004 1.570926E+074 2.150400E+004, Sun Aug 23 10:48:50 2015
1.20, 1.80, 0.20, 1.80 , -1.053760E-006, 1.053840E-006, -3.896955E-011, 4.852380E-011, 2.150400E+004 1.570926E+074 2.150400E+004, Sun Aug 23 10:48:54 2015
1.15, 1.80, 0.20, 1.80 , -1.076482E-006, 1.076520E-006, -3.783748E-011, 4.845200E-011, 2.150400E+004 1.570926E+074 2.150400E+004, Sun Aug 23 10:48:57 2015
1.10, 1.80, 0.20, 1.80 , -1.090425E-006, 1.090400E-006, -3.695697E-011, 4.849120E-011, 2.150400E+004 1.570926E+074 2.150400E+004, Sun Aug 23 10:49:01 2015
1.05, 1.80, 0.20, 1.80 , -1.097967E-006, 1.098100E-006, -3.410578E-011, 4.848650E-011, 2.150400E+004 1.570926E+074 2.150400E+004, Sun Aug 23 10:49:04 2015
1.00, 1.80, 0.20, 1.80 , -1.102424E-006, 1.102530E-006, -3.578294E-011, 4.842060E-011, 2.150400E+004 1.570926E+074 2.150400E+004, Sun Aug 23 10:49:08 2015
0.95, 1.80, 0.20, 1.80 , -1.105145E-006, 1.105200E-006, -3.582488E-011, 4.852330E-011, 2.150400E+004 1.570926E+074 2.150400E+004, Sun Aug 23 10:49:11 2015
0.90, 1.80, 0.20, 1.80 , -1.106556E-006, 1.106710E-006, -3.611838E-011, 4.843370E-011, 2.150400E+004 1.570926E+074 2.150400E+004, Sun Aug 23 10:49:15 2015
0.85, 1.80, 0.20, 1.80 , -1.107331E-006, 1.107300E-006, -3.527979E-011, 4.852600E-011, 2.150400E+004 1.570926E+074 2.150400E+004, Sun Aug 23 10:49:19 2015
0.80, 1.80, 0.20, 1.80 , -1.108131E-006, 1.108280E-006, -3.486050E-011, 4.858760E-011, 2.150400E+004 1.570926E+074 2.150400E+004, Sun Aug 23 10:49:22 2015
0.75, 1.80, 0.20, 1.80 , -1.108679E-006, 1.108810E-006, -3.389613E-011, 4.858390E-011, 2.150400E+004 1.570926E+074 2.150400E+004, Sun Aug 23 10:49:26 2015
0.70, 1.80, 0.20, 1.80 , -1.109233E-006, 1.109430E-006, -3.863412E-011, 4.869090E-011, 2.150400E+004 1.570926E+074 2.150400E+004, Sun Aug 23 10:49:29 2015
0.65, 1.80, 0.20, 1.80 , -1.110024E-006, 1.110140E-006, -3.599259E-011, 4.853650E-011, 2.150400E+004 1.570926E+074 2.150400E+004, Sun Aug 23 10:49:33 2015
0.60, 1.80, 0.20, 1.80 , -1.110584E-006, 1.110720E-006, -3.578295E-011, 4.862920E-011, 2.150400E+004 1.570926E+074 2.150400E+004, Sun Aug 23 10:49:36 2015
0.55, 1.80, 0.20, 1.80 , -1.111141E-006, 1.111140E-006, -3.381227E-011, 4.863390E-011, 2.150400E+004 1.570926E+074 2.150400E+004, Sun Aug 23 10:49:40 2015
0.50, 1.80, 0.20, 1.80 , -1.111315E-006, 1.111490E-006, -3.339298E-011, 4.862400E-011, 2.150400E+004 1.570926E+074 2.150400E+004, Sun Aug 23 10:49:43 2015
0.45, 1.80, 0.20, 1.80 , -1.111736E-006, 1.111960E-006, -3.821484E-011, 4.873830E-011, 2.150400E+004 1.570926E+074 2.150400E+004, Sun Aug 23 10:49:47 2015
0.40, 1.80, 0.20, 1.80 , -1.111983E-006, 1.111970E-006, -3.578294E-011, 4.869830E-011, 2.150400E+004 1.570926E+074 2.150400E+004, Sun Aug 23 10:49:50 2015
0.35, 1.80, 0.20, 1.80 , -1.112307E-006, 1.112340E-006, -3.628609E-011, 4.869260E-011, 2.150400E+004 1.570926E+074 2.150400E+004, Sun Aug 23 10:49:54 2015
0.30, 1.80, 0.20, 1.80 , -1.112682E-006, 1.112800E-006, -3.335105E-011, 4.876410E-011, 2.150400E+004 1.570926E+074 2.150400E+004, Sun Aug 23 10:49:57 2015
0.25, 1.80, 0.20, 1.80 , -1.113111E-006, 1.113170E-006, -3.431542E-011, 4.874300E-011, 2.150400E+004 1.570926E+074 2.150400E+004, Sun Aug 23 10:50:01 2015
0.20, 1.80, 0.20, 1.80 , -1.113276E-006, 1.113460E-006, -3.561522E-011, 4.873880E-011, 2.150400E+004 1.570926E+074 2.150400E+004, Sun Aug 23 10:50:05 2015
0.15, 1.80, 0.20, 1.80 , -1.113668E-006, 1.113880E-006, -3.653766E-011, 4.880790E-011, 2.150400E+004 1.570926E+074 2.150400E+004, Sun Aug 23 10:50:08 2015
0.10, 1.80, 0.20, 1.80 , -1.114045E-006, 1.114120E-006, -3.385421E-011, 4.882920E-011, 2.150400E+004 1.570926E+074 2.150400E+004, Sun Aug 23 10:50:12 2015
0.05, 1.80, 0.20, 1.80 , -1.114715E-006, 1.114850E-006, -3.561523E-011, 4.897250E-011, 2.150400E+004 1.570926E+074 2.150400E+004, Sun Aug 23 10:50:15 2015
0.00, 1.80, 0.20, 1.80 , -1.116518E-006, 1.116950E-006, -3.414771E-011, 4.887010E-011, 2.150400E+004 1.570926E+074 2.150400E+004, Sun Aug 23 10:50:19 2015
-0.05, 1.80, 0.20, 1.80 , -1.118913E-006, 1.119440E-006, -3.574101E-011, 4.897360E-011, 2.150400E+004 1.570926E+074 2.150400E+004, Sun Aug 23 10:50:22 2015
-0.10, 1.80, 0.20, 1.80 , -1.122481E-006, 1.122990E-006, -3.519594E-011, 4.909430E-011, 2.150400E+004 1.570926E+074 2.150400E+004, Sun Aug 23 10:50:26 2015
-0.15, 1.80, 0.20, 1.80 , -1.124984E-006, 1.124970E-006, -3.259633E-011, 4.904220E-011, 2.150400E+004 1.570926E+074 2.150400E+004, Sun Aug 23 10:50:29 2015
-0.20, 1.80, 0.20, 1.80 , -1.126928E-006, 1.127520E-006, -3.335106E-011, 4.922610E-011, 2.150400E+004 1.570926E+074 2.150400E+004, Sun Aug 23 10:50:33 2015
