1.75, 1.80, 1.80, 1.80 , 7.434058E-011, 5.713380E-011, 3.004036E-011, 6.338350E-011, 2.150400E+004 1.570926E+074 2.150400E+004, Sun Aug 23 08:54:39 2015
1.75, 1.80, 1.78, 1.80 , 5.708258E-011, 5.532420E-011, 2.144576E-011, 6.001290E-011, 2.150400E+004 1.570926E+074 2.150400E+004, Sun Aug 23 08:54:54 2015
1.75, 1.80, 1.76, 1.80 , 4.830582E-011, 5.464590E-011, 2.102649E-011, 5.863670E-011, 2.150400E+004 1.570926E+074 2.150400E+004, Sun Aug 23 08:55:08 2015
1.75, 1.80, 1.74, 1.80 , 4.552090E-011, 5.387230E-011, 1.490547E-011, 5.784980E-011, 2.150400E+004 1.570926E+074 2.150400E+004, Sun Aug 23 08:55:34 2015
1.75, 1.80, 1.72, 1.80 , 4.311579E-011, 5.399260E-011, 1.641476E-011, 5.743700E-011, 2.150400E+004 1.570926E+074 2.150400E+004, Sun Aug 23 08:55:42 2015
1.75, 1.80, 1.70, 1.80 , 3.805227E-011, 5.316740E-011, 1.620512E-011, 5.766130E-011, 2.150400E+004 1.570926E+074 2.150400E+004, Sun Aug 23 08:55:46 2015
1.75, 1.80, 1.68, 1.80 , 3.319974E-011, 5.491810E-011, 1.578588E-011, 5.626470E-011, 2.150400E+004 1.570926E+074 2.150400E+004, Sun Aug 23 08:56:34 2015
1.75, 1.80, 1.66, 1.80 , 3.391708E-011, 5.392980E-011, 1.360578E-011, 5.612340E-011, 2.150400E+004 1.570926E+074 2.150400E+004, Sun Aug 23 08:56:53 2015
1.75, 1.80, 1.64, 1.80 , 3.543612E-011, 5.380890E-011, 1.389927E-011, 5.593360E-011, 2.150400E+004 1.570926E+074 2.150400E+004, Sun Aug 23 08:57:01 2015
1.75, 1.80, 1.62, 1.80 , 3.100557E-011, 5.395390E-011, 1.368962E-011, 5.584630E-011, 2.150400E+004 1.570926E+074 2.150400E+004, Sun Aug 23 08:57:21 2015
1.75, 1.80, 1.60, 1.80 , 3.193385E-011, 5.370180E-011, 1.067104E-011, 5.551560E-011, 2.150400E+004 1.570926E+074 2.150400E+004, Sun Aug 23 08:57:39 2015
1.75, 1.80, 1.58, 1.80 , 3.168069E-011, 5.314140E-011, 9.916391E-012, 5.537700E-011, 2.150400E+004 1.570926E+074 2.150400E+004, Sun Aug 23 08:57:44 2015
1.75, 1.80, 1.56, 1.80 , 2.978190E-011, 5.318900E-011, 9.706770E-012, 5.511670E-011, 2.150400E+004 1.570926E+074 2.150400E+004, Sun Aug 23 08:58:32 2015
1.75, 1.80, 1.54, 1.80 , 2.919113E-011, 5.230020E-011, 8.113624E-012, 5.525320E-011, 2.150400E+004 1.570926E+074 2.150400E+004, Sun Aug 23 08:58:38 2015
1.75, 1.80, 1.52, 1.80 , 2.898018E-011, 5.207500E-011, 9.203659E-012, 5.499120E-011, 2.150400E+004 1.570926E+074 2.150400E+004, Sun Aug 23 08:59:10 2015
1.75, 1.80, 1.50, 1.80 , 2.514034E-011, 5.207650E-011, 7.568616E-012, 5.501350E-011, 2.150400E+004 1.570926E+074 2.150400E+004, Sun Aug 23 08:59:32 2015
1.75, 1.80, 1.48, 1.80 , 2.665939E-011, 5.361680E-011, 7.862069E-012, 5.468430E-011, 2.150400E+004 1.570926E+074 2.150400E+004, Sun Aug 23 08:59:38 2015
1.75, 1.80, 1.46, 1.80 , 2.708136E-011, 5.516240E-011, 1.088066E-011, 5.520320E-011, 2.150400E+004 1.570926E+074 2.150400E+004, Sun Aug 23 09:00:38 2015
1.75, 1.80, 1.44, 1.80 , 2.661719E-011, 5.469340E-011, 6.478547E-012, 5.481190E-011, 2.150400E+004 1.570926E+074 2.150400E+004, Sun Aug 23 09:00:55 2015
1.75, 1.80, 1.42, 1.80 , 2.235542E-011, 5.625970E-011, 7.317046E-012, 5.527330E-011, 2.150400E+004 1.570926E+074 2.150400E+004, Sun Aug 23 09:01:08 2015
1.75, 1.80, 1.40, 1.80 , 2.830503E-011, 5.666670E-011, 6.059306E-012, 5.502120E-011, 2.150400E+004 1.570926E+074 2.150400E+004, Sun Aug 23 09:01:21 2015
1.75, 1.80, 1.38, 1.80 , 2.758769E-011, 5.848030E-011, 1.180302E-011, 5.548810E-011, 2.150400E+004 1.570926E+074 2.150400E+004, Sun Aug 23 09:01:47 2015
1.75, 1.80, 1.36, 1.80 , 2.379008E-011, 6.419470E-011, 8.868260E-012, 5.543420E-011, 2.150400E+004 1.570926E+074 2.150400E+004, Sun Aug 23 09:02:28 2015
1.75, 1.80, 1.34, 1.80 , 2.391668E-011, 6.247060E-011, 8.910175E-012, 5.535880E-011, 2.150400E+004 1.570926E+074 2.150400E+004, Sun Aug 23 09:02:43 2015
1.75, 1.80, 1.32, 1.80 , 2.699696E-011, 6.136050E-011, 8.365156E-012, 5.564430E-011, 2.150400E+004 1.570926E+074 2.150400E+004, Sun Aug 23 09:02:51 2015
1.75, 1.80, 1.30, 1.80 , 2.552009E-011, 6.412550E-011, 5.136957E-012, 5.586660E-011, 2.150400E+004 1.570926E+074 2.150400E+004, Sun Aug 23 09:02:59 2015
1.75, 1.80, 1.28, 1.80 , 2.750332E-011, 6.652770E-011, 4.382340E-012, 5.541280E-011, 2.150400E+004 1.570926E+074 2.150400E+004, Sun Aug 23 09:03:11 2015
1.75, 1.80, 1.26, 1.80 , 1.822025E-011, 5.996660E-011, 3.459961E-012, 5.478890E-011, 2.150400E+004 1.570926E+074 2.150400E+004, Sun Aug 23 09:05:00 2015
1.75, 1.80, 1.24, 1.80 , 2.172249E-011, 5.817610E-011, 2.621481E-012, 5.454380E-011, 2.150400E+004 1.570926E+074 2.150400E+004, Sun Aug 23 09:05:10 2015
1.75, 1.80, 1.22, 1.80 , 2.193348E-011, 5.492860E-011, -5.228821E-013, 5.430710E-011, 2.150400E+004 1.570926E+074 2.150400E+004, Sun Aug 23 09:05:54 2015
1.75, 1.80, 1.20, 1.80 , 2.201785E-011, 5.465450E-011, -2.032185E-012, 5.421600E-011, 2.150400E+004 1.570926E+074 2.150400E+004, Sun Aug 23 09:06:17 2015
1.75, 1.80, 1.18, 1.80 , 2.281959E-011, 5.413920E-011, -8.582909E-013, 5.406860E-011, 2.150400E+004 1.570926E+074 2.150400E+004, Sun Aug 23 09:06:25 2015
1.75, 1.80, 1.16, 1.80 , 1.395848E-011, 5.435580E-011, -1.036220E-013, 5.306990E-011, 2.150400E+004 1.570926E+074 2.150400E+004, Sun Aug 23 09:08:16 2015
1.75, 1.80, 1.14, 1.80 , 1.678560E-011, 6.453520E-011, 2.118384E-012, 5.329930E-011, 2.150400E+004 1.570926E+074 2.150400E+004, Sun Aug 23 09:10:49 2015
1.75, 1.80, 1.12, 1.80 , 2.151154E-011, 6.155180E-011, 2.034531E-012, 5.355610E-011, 2.150400E+004 1.570926E+074 2.150400E+004, Sun Aug 23 09:11:34 2015
1.75, 1.80, 1.10, 1.80 , 2.189128E-011, 6.462050E-011, 2.411855E-012, 5.416560E-011, 2.150400E+004 1.570926E+074 2.150400E+004, Sun Aug 23 09:12:07 2015
1.75, 1.80, 1.08, 1.80 , 2.349472E-011, 6.599190E-011, 1.070283E-012, 5.425360E-011, 2.150400E+004 1.570926E+074 2.150400E+004, Sun Aug 23 09:12:50 2015
1.75, 1.80, 1.06, 1.80 , 2.243984E-011, 6.582370E-011, 1.992635E-012, 5.454400E-011, 2.150400E+004 1.570926E+074 2.150400E+004, Sun Aug 23 09:14:19 2015
1.75, 1.80, 1.04, 1.80 , 2.362132E-011, 6.956230E-011, 2.160312E-012, 5.434910E-011, 2.150400E+004 1.570926E+074 2.150400E+004, Sun Aug 23 09:14:24 2015
1.75, 1.80, 1.02, 1.80 , 2.235542E-011, 7.323370E-011, 2.914969E-012, 5.458310E-011, 2.150400E+004 1.570926E+074 2.150400E+004, Sun Aug 23 09:15:05 2015
1.75, 1.80, 1.00, 1.80 , 2.100516E-011, 7.199280E-011, 5.304677E-012, 5.517120E-011, 2.150400E+004 1.570926E+074 2.150400E+004, Sun Aug 23 09:16:16 2015
1.75, 1.80, 0.98, 1.80 , 2.041443E-011, 7.187940E-011, 5.723920E-012, 5.523820E-011, 2.150400E+004 1.570926E+074 2.150400E+004, Sun Aug 23 09:17:06 2015
1.75, 1.80, 0.96, 1.80 , 2.184909E-011, 7.013890E-011, 2.663432E-012, 5.505290E-011, 2.150400E+004 1.570926E+074 2.150400E+004, Sun Aug 23 09:17:27 2015
1.75, 1.80, 0.94, 1.80 , 1.779829E-011, 6.636610E-011, 1.070262E-012, 5.476800E-011, 2.150400E+004 1.570926E+074 2.150400E+004, Sun Aug 23 09:18:26 2015
1.75, 1.80, 0.92, 1.80 , 1.906416E-011, 6.498790E-011, -1.319450E-012, 5.469960E-011, 2.150400E+004 1.570926E+074 2.150400E+004, Sun Aug 23 09:18:54 2015
1.75, 1.80, 0.90, 1.80 , 1.965490E-011, 6.128700E-011, -4.254189E-012, 5.445300E-011, 2.150400E+004 1.570926E+074 2.150400E+004, Sun Aug 23 09:19:15 2015
1.75, 1.80, 0.88, 1.80 , 1.577291E-011, 6.527760E-011, -5.637704E-012, 5.325860E-011, 2.150400E+004 1.570926E+074 2.150400E+004, Sun Aug 23 09:21:22 2015
1.75, 1.80, 0.86, 1.80 , 8.388642E-012, 6.523140E-011, -6.685815E-012, 5.304460E-011, 2.150400E+004 1.570926E+074 2.150400E+004, Sun Aug 23 09:21:50 2015
1.75, 1.80, 0.84, 1.80 , 1.800929E-011, 1.047950E-010, -5.763487E-012, 5.347080E-011, 2.150400E+004 1.570926E+074 2.150400E+004, Sun Aug 23 09:22:32 2015
1.75, 1.80, 0.82, 1.80 , 1.577290E-011, 1.056420E-010, -6.727757E-012, 5.297800E-011, 2.150400E+004 1.570926E+074 2.150400E+004, Sun Aug 23 09:22:45 2015
1.75, 1.80, 0.80, 1.80 , 8.093261E-012, 1.070360E-010, -6.015036E-012, 5.301610E-011, 2.150400E+004 1.570926E+074 2.150400E+004, Sun Aug 23 09:22:48 2015
1.75, 1.80, 0.78, 1.80 , 7.924477E-012, 1.149650E-010, -1.108793E-011, 5.315630E-011, 2.150400E+004 1.570926E+074 2.150400E+004, Sun Aug 23 09:22:51 2015
1.75, 1.80, 0.76, 1.80 , -9.756514E-012, 1.354650E-010, -1.104601E-011, 5.318620E-011, 2.150400E+004 1.570926E+074 2.150400E+004, Sun Aug 23 09:23:07 2015
1.75, 1.80, 0.74, 1.80 , -8.352075E-011, 2.068950E-010, -1.402267E-011, 5.335500E-011, 2.150400E+004 1.570926E+074 2.150400E+004, Sun Aug 23 09:23:11 2015
1.75, 1.80, 0.72, 1.80 , -1.903695E-010, 3.118020E-010, -1.159104E-011, 5.340490E-011, 2.150400E+004 1.570926E+074 2.150400E+004, Sun Aug 23 09:23:22 2015
1.75, 1.80, 0.70, 1.80 , -4.079065E-010, 5.296550E-010, -1.427422E-011, 5.309790E-011, 2.150400E+004 1.570926E+074 2.150400E+004, Sun Aug 23 09:23:27 2015
1.75, 1.80, 0.68, 1.80 , -8.587205E-010, 9.814230E-010, -1.540619E-011, 5.334280E-011, 2.150400E+004 1.570926E+074 2.150400E+004, Sun Aug 23 09:23:31 2015
1.75, 1.80, 0.66, 1.80 , -1.528002E-009, 1.657430E-009, -1.855055E-011, 5.308910E-011, 2.150400E+004 1.570926E+074 2.150400E+004, Sun Aug 23 09:23:36 2015
1.75, 1.80, 0.64, 1.80 , -2.661809E-009, 2.778620E-009, -1.783783E-011, 5.360330E-011, 2.150400E+004 1.570926E+074 2.150400E+004, Sun Aug 23 09:23:39 2015
1.75, 1.80, 0.62, 1.80 , -3.945767E-009, 4.082260E-009, -2.039524E-011, 5.346750E-011, 2.150400E+004 1.570926E+074 2.150400E+004, Sun Aug 23 09:23:43 2015
1.75, 1.80, 0.60, 1.80 , -5.864696E-009, 5.991760E-009, -1.876017E-011, 5.315790E-011, 2.150400E+004 1.570926E+074 2.150400E+004, Sun Aug 23 09:23:47 2015
1.75, 1.80, 0.58, 1.80 , -8.073734E-009, 8.198570E-009, -2.303650E-011, 5.367020E-011, 2.150400E+004 1.570926E+074 2.150400E+004, Sun Aug 23 09:23:50 2015
1.75, 1.80, 0.56, 1.80 , -1.053509E-008, 1.068840E-008, -2.366543E-011, 5.329690E-011, 2.150400E+004 1.570926E+074 2.150400E+004, Sun Aug 23 09:23:54 2015
1.75, 1.80, 0.54, 1.80 , -1.310276E-008, 1.325390E-008, -2.479752E-011, 5.326440E-011, 2.150400E+004 1.570926E+074 2.150400E+004, Sun Aug 23 09:23:57 2015
1.75, 1.80, 0.52, 1.80 , -1.578169E-008, 1.595080E-008, -2.693589E-011, 5.345310E-011, 2.150400E+004 1.570926E+074 2.150400E+004, Sun Aug 23 09:24:01 2015
1.75, 1.80, 0.50, 1.80 , -1.910990E-008, 1.925330E-008, -2.861306E-011, 5.353760E-011, 2.150400E+004 1.570926E+074 2.150400E+004, Sun Aug 23 09:24:05 2015
1.75, 1.80, 0.48, 1.80 , -2.270182E-008, 2.288230E-008, -2.815184E-011, 5.357780E-011, 2.150400E+004 1.570926E+074 2.150400E+004, Sun Aug 23 09:24:08 2015
1.75, 1.80, 0.46, 1.80 , -2.668436E-008, 2.682280E-008, -2.978707E-011, 5.361350E-011, 2.150400E+004 1.570926E+074 2.150400E+004, Sun Aug 23 09:24:12 2015
1.75, 1.80, 0.44, 1.80 , -3.089991E-008, 3.102040E-008, -2.966128E-011, 5.357600E-011, 2.150400E+004 1.570926E+074 2.150400E+004, Sun Aug 23 09:24:15 2015
1.75, 1.80, 0.42, 1.80 , -3.517255E-008, 3.531560E-008, -3.288981E-011, 5.320070E-011, 2.150400E+004 1.570926E+074 2.150400E+004, Sun Aug 23 09:24:19 2015
1.75, 1.80, 0.40, 1.80 , -3.969240E-008, 3.987760E-008, -3.523783E-011, 5.326080E-011, 2.150400E+004 1.570926E+074 2.150400E+004, Sun Aug 23 09:24:22 2015
1.75, 1.80, 0.38, 1.80 , -4.430228E-008, 4.444960E-008, -3.578291E-011, 5.357960E-011, 2.150400E+004 1.570926E+074 2.150400E+004, Sun Aug 23 09:24:26 2015
1.75, 1.80, 0.36, 1.80 , -4.914454E-008, 4.922420E-008, -3.787937E-011, 5.354220E-011, 2.150400E+004 1.570926E+074 2.150400E+004, Sun Aug 23 09:24:30 2015
1.75, 1.80, 0.34, 1.80 , -5.379644E-008, 5.391210E-008, -3.825672E-011, 5.350300E-011, 2.150400E+004 1.570926E+074 2.150400E+004, Sun Aug 23 09:24:33 2015
1.75, 1.80, 0.32, 1.80 , -5.816881E-008, 5.826400E-008, -4.026932E-011, 5.377820E-011, 2.150400E+004 1.570926E+074 2.150400E+004, Sun Aug 23 09:24:37 2015
1.75, 1.80, 0.30, 1.80 , -6.256210E-008, 6.269470E-008, -4.110791E-011, 5.366460E-011, 2.150400E+004 1.570926E+074 2.150400E+004, Sun Aug 23 09:24:40 2015
1.75, 1.80, 0.28, 1.80 , -6.662157E-008, 6.675220E-008, -4.429450E-011, 5.355690E-011, 2.150400E+004 1.570926E+074 2.150400E+004, Sun Aug 23 09:24:44 2015
1.75, 1.80, 0.26, 1.80 , -7.047002E-008, 7.059220E-008, -4.219806E-011, 5.315840E-011, 2.150400E+004 1.570926E+074 2.150400E+004, Sun Aug 23 09:24:47 2015
1.75, 1.80, 0.24, 1.80 , -7.464007E-008, 7.480590E-008, -4.496536E-011, 5.308170E-011, 2.150400E+004 1.570926E+074 2.150400E+004, Sun Aug 23 09:24:51 2015
1.75, 1.80, 0.22, 1.80 , -7.868307E-008, 7.880690E-008, -4.467186E-011, 5.347730E-011, 2.150400E+004 1.570926E+074 2.150400E+004, Sun Aug 23 09:24:54 2015
1.75, 1.80, 0.20, 1.80 , -8.233869E-008, 8.246060E-008, -4.739727E-011, 5.343570E-011, 2.150400E+004 1.570926E+074 2.150400E+004, Sun Aug 23 09:24:58 2015
1.75, 1.80, 0.18, 1.80 , -8.592633E-008, 8.612160E-008, -4.915826E-011, 5.342080E-011, 2.150400E+004 1.570926E+074 2.150400E+004, Sun Aug 23 09:25:02 2015
1.75, 1.80, 0.16, 1.80 , -8.937065E-008, 8.957320E-008, -5.309960E-011, 5.330520E-011, 2.150400E+004 1.570926E+074 2.150400E+004, Sun Aug 23 09:25:05 2015
1.75, 1.80, 0.14, 1.80 , -9.286924E-008, 9.304300E-008, -5.410587E-011, 5.323920E-011, 2.150400E+004 1.570926E+074 2.150400E+004, Sun Aug 23 09:25:09 2015
1.75, 1.80, 0.12, 1.80 , -9.621663E-008, 9.637460E-008, -5.481868E-011, 5.308110E-011, 2.150400E+004 1.570926E+074 2.150400E+004, Sun Aug 23 09:25:12 2015
1.75, 1.80, 0.10, 1.80 , -9.938045E-008, 9.956730E-008, -5.519604E-011, 5.305290E-011, 2.150400E+004 1.570926E+074 2.150400E+004, Sun Aug 23 09:25:16 2015
1.75, 1.80, 0.08, 1.80 , -1.025428E-007, 1.027340E-007, -5.481867E-011, 5.345380E-011, 2.150400E+004 1.570926E+074 2.150400E+004, Sun Aug 23 09:25:19 2015
1.75, 1.80, 0.06, 1.80 , -1.056713E-007, 1.058980E-007, -6.068875E-011, 5.354190E-011, 2.150400E+004 1.570926E+074 2.150400E+004, Sun Aug 23 09:25:23 2015
1.75, 1.80, 0.04, 1.80 , -1.088393E-007, 1.090300E-007, -5.968244E-011, 5.359680E-011, 2.150400E+004 1.570926E+074 2.150400E+004, Sun Aug 23 09:25:27 2015
1.75, 1.80, 0.02, 1.80 , -1.121781E-007, 1.123540E-007, -6.131767E-011, 5.322050E-011, 2.150400E+004 1.570926E+074 2.150400E+004, Sun Aug 23 09:25:30 2015
1.75, 1.80, 0.00, 1.80 , -1.153869E-007, 1.156080E-007, -6.244975E-011, 5.340620E-011, 2.150400E+004 1.570926E+074 2.150400E+004, Sun Aug 23 09:25:34 2015
1.75, 1.80, -0.02, 1.80 , -1.185844E-007, 1.188120E-007, -6.379151E-011, 5.343630E-011, 2.150400E+004 1.570926E+074 2.150400E+004, Sun Aug 23 09:25:37 2015
1.75, 1.80, -0.04, 1.80 , -1.217703E-007, 1.219340E-007, -6.437849E-011, 5.302830E-011, 2.150400E+004 1.570926E+074 2.150400E+004, Sun Aug 23 09:25:41 2015
1.75, 1.80, -0.06, 1.80 , -1.247777E-007, 1.248960E-007, -6.588793E-011, 5.309120E-011, 2.150400E+004 1.570926E+074 2.150400E+004, Sun Aug 23 09:25:44 2015
1.75, 1.80, -0.08, 1.80 , -1.276754E-007, 1.279010E-007, -6.760703E-011, 5.290460E-011, 2.150400E+004 1.570926E+074 2.150400E+004, Sun Aug 23 09:25:48 2015
1.75, 1.80, -0.10, 1.80 , -1.303569E-007, 1.305830E-007, -6.974537E-011, 5.281980E-011, 2.150400E+004 1.570926E+074 2.150400E+004, Sun Aug 23 09:25:51 2015
1.75, 1.80, -0.12, 1.80 , -1.329791E-007, 1.332110E-007, -7.058397E-011, 5.284070E-011, 2.150400E+004 1.570926E+074 2.150400E+004, Sun Aug 23 09:25:55 2015
1.75, 1.80, -0.14, 1.80 , -1.355100E-007, 1.357210E-007, -7.020663E-011, 5.278540E-011, 2.150400E+004 1.570926E+074 2.150400E+004, Sun Aug 23 09:25:58 2015
1.75, 1.80, -0.16, 1.80 , -1.378803E-007, 1.380750E-007, -7.167414E-011, 5.271540E-011, 2.150400E+004 1.570926E+074 2.150400E+004, Sun Aug 23 09:26:02 2015
1.75, 1.80, -0.18, 1.80 , -1.401585E-007, 1.403800E-007, -7.263849E-011, 5.306250E-011, 2.150400E+004 1.570926E+074 2.150400E+004, Sun Aug 23 09:26:06 2015
1.75, 1.80, -0.20, 1.80 , -1.422898E-007, 1.425400E-007, -7.586701E-011, 5.283220E-011, 2.150400E+004 1.570926E+074 2.150400E+004, Sun Aug 23 09:26:09 2015
