0.00, 0.00, 1.20, 0.00 , 2.804203E-008, -2.919020E-008, 1.777009E-010, -9.546280E-014, 2.150400E+004 1.570926E+074 2.150400E+004, Sun Sep 06 16:33:41 2015
0.05, 0.00, 1.20, 0.00 , 1.465346E-005, -1.466250E-005, 1.576607E-010, -8.616450E-014, 2.150400E+004 1.570926E+074 2.150400E+004, Sun Sep 06 16:33:45 2015
0.10, 0.00, 1.20, 0.00 , 2.813266E-005, -2.812460E-005, 1.520008E-010, -8.561610E-014, 2.150400E+004 1.570926E+074 2.150400E+004, Sun Sep 06 16:33:49 2015
0.15, 0.00, 1.20, 0.00 , 4.037963E-005, -4.038540E-005, 1.710769E-010, -9.609460E-014, 2.150400E+004 1.570926E+074 2.150400E+004, Sun Sep 06 16:33:52 2015
0.20, 0.00, 1.20, 0.00 , 5.136995E-005, -5.136120E-005, 1.411003E-010, -7.979870E-014, 2.150400E+004 1.570926E+074 2.150400E+004, Sun Sep 06 16:33:56 2015
0.25, 0.00, 1.20, 0.00 , 6.111687E-005, -6.111880E-005, 1.408067E-010, -6.666180E-014, 2.150400E+004 1.570926E+074 2.150400E+004, Sun Sep 06 16:33:59 2015
0.30, 0.00, 1.20, 0.00 , 6.959528E-005, -6.957450E-005, 1.347696E-010, -8.473400E-014, 2.150400E+004 1.570926E+074 2.150400E+004, Sun Sep 06 16:34:03 2015
0.35, 0.00, 1.20, 0.00 , 7.685753E-005, -7.684360E-005, 1.335538E-010, -7.990600E-014, 2.150400E+004 1.570926E+074 2.150400E+004, Sun Sep 06 16:34:06 2015
0.40, 0.00, 1.20, 0.00 , 8.291937E-005, -8.293810E-005, 1.244141E-010, -9.230380E-014, 2.150400E+004 1.570926E+074 2.150400E+004, Sun Sep 06 16:34:10 2015
0.45, 0.00, 1.20, 0.00 , 8.789266E-005, -8.787160E-005, 1.060928E-010, -8.234980E-014, 2.150400E+004 1.570926E+074 2.150400E+004, Sun Sep 06 16:34:13 2015
0.50, 0.00, 1.20, 0.00 , 9.175278E-005, -9.179950E-005, 9.934290E-011, -8.366110E-014, 2.150400E+004 1.570926E+074 2.150400E+004, Sun Sep 06 16:34:17 2015
0.55, 0.00, 1.20, 0.00 , 9.491288E-005, -9.484920E-005, 1.140167E-010, -6.860490E-014, 2.150400E+004 1.570926E+074 2.150400E+004, Sun Sep 06 16:34:21 2015
0.60, 0.00, 1.20, 0.00 , 9.728438E-005, -9.726590E-005, 1.180415E-010, -7.562640E-014, 2.150400E+004 1.570926E+074 2.150400E+004, Sun Sep 06 16:34:24 2015
0.65, 0.00, 1.20, 0.00 , 9.909229E-005, -9.907380E-005, 9.288640E-011, -6.637570E-014, 2.150400E+004 1.570926E+074 2.150400E+004, Sun Sep 06 16:34:28 2015
0.70, 0.00, 1.20, 0.00 , 1.005101E-004, -1.004720E-004, 8.328557E-011, -1.012440E-013, 2.150400E+004 1.570926E+074 2.150400E+004, Sun Sep 06 16:34:31 2015
0.75, 0.00, 1.20, 0.00 , 1.016011E-004, -1.015710E-004, 8.622031E-011, -7.814170E-014, 2.150400E+004 1.570926E+074 2.150400E+004, Sun Sep 06 16:34:35 2015
0.80, 0.00, 1.20, 0.00 , 1.024992E-004, -1.024740E-004, 8.232130E-011, -6.234650E-014, 2.150400E+004 1.570926E+074 2.150400E+004, Sun Sep 06 16:34:38 2015
0.85, 0.00, 1.20, 0.00 , 1.032447E-004, -1.032800E-004, 7.104341E-011, -7.979870E-014, 2.150400E+004 1.570926E+074 2.150400E+004, Sun Sep 06 16:34:42 2015
0.90, 0.00, 1.20, 0.00 , 1.039839E-004, -1.039830E-004, 6.991143E-011, -8.788110E-014, 2.150400E+004 1.570926E+074 2.150400E+004, Sun Sep 06 16:34:45 2015
0.95, 0.00, 1.20, 0.00 , 1.044952E-004, -1.044190E-004, 6.831828E-011, -7.778410E-014, 2.150400E+004 1.570926E+074 2.150400E+004, Sun Sep 06 16:34:49 2015
1.00, 0.00, 1.20, 0.00 , 1.051011E-004, -1.050730E-004, 7.129498E-011, -6.560090E-014, 2.150400E+004 1.570926E+074 2.150400E+004, Sun Sep 06 16:34:53 2015
1.05, 0.00, 1.20, 0.00 , 1.056027E-004, -1.055970E-004, 6.035256E-011, -8.198020E-014, 2.150400E+004 1.570926E+074 2.150400E+004, Sun Sep 06 16:34:56 2015
1.10, 0.00, 1.20, 0.00 , 1.060794E-004, -1.060520E-004, 5.276408E-011, -9.310250E-014, 2.150400E+004 1.570926E+074 2.150400E+004, Sun Sep 06 16:35:00 2015
1.15, 0.00, 1.20, 0.00 , 1.065946E-004, -1.065550E-004, 6.072991E-011, -8.393530E-014, 2.150400E+004 1.570926E+074 2.150400E+004, Sun Sep 06 16:35:03 2015
1.20, 0.00, 1.20, 0.00 , 1.070331E-004, -1.069530E-004, 5.678889E-011, -8.018020E-014, 2.150400E+004 1.570926E+074 2.150400E+004, Sun Sep 06 16:35:07 2015
1.25, 0.00, 1.20, 0.00 , 1.075171E-004, -1.074870E-004, 6.655745E-011, -8.648630E-014, 2.150400E+004 1.570926E+074 2.150400E+004, Sun Sep 06 16:35:10 2015
1.30, 0.00, 1.20, 0.00 , 1.079139E-004, -1.079110E-004, 6.819252E-011, -9.833570E-014, 2.150400E+004 1.570926E+074 2.150400E+004, Sun Sep 06 16:35:14 2015
1.35, 0.00, 1.20, 0.00 , 1.083876E-004, -1.083900E-004, 5.657928E-011, -8.144380E-014, 2.150400E+004 1.570926E+074 2.150400E+004, Sun Sep 06 16:35:17 2015
1.40, 0.00, 1.20, 0.00 , 1.088391E-004, -1.088420E-004, 5.020668E-011, -8.695130E-014, 2.150400E+004 1.570926E+074 2.150400E+004, Sun Sep 06 16:35:21 2015
1.45, 0.00, 1.20, 0.00 , 1.093028E-004, -1.093070E-004, 4.668498E-011, -7.981060E-014, 2.150400E+004 1.570926E+074 2.150400E+004, Sun Sep 06 16:35:25 2015
1.50, 0.00, 1.20, 0.00 , 1.097516E-004, -1.097600E-004, 4.266015E-011, -7.356410E-014, 2.150400E+004 1.570926E+074 2.150400E+004, Sun Sep 06 16:35:28 2015
1.55, 0.00, 1.20, 0.00 , 1.101993E-004, -1.101430E-004, 3.926414E-011, -9.481910E-014, 2.150400E+004 1.570926E+074 2.150400E+004, Sun Sep 06 16:35:32 2015
1.60, 0.00, 1.20, 0.00 , 1.105938E-004, -1.106340E-004, 4.157009E-011, -8.510350E-014, 2.150400E+004 1.570926E+074 2.150400E+004, Sun Sep 06 16:35:35 2015
1.65, 0.00, 1.20, 0.00 , 1.109938E-004, -1.110500E-004, 4.286976E-011, -9.003880E-014, 2.150400E+004 1.570926E+074 2.150400E+004, Sun Sep 06 16:35:39 2015
1.70, 0.00, 1.20, 0.00 , 1.114803E-004, -1.114640E-004, 3.582635E-011, -1.011010E-013, 2.150400E+004 1.570926E+074 2.150400E+004, Sun Sep 06 16:35:42 2015
1.75, 0.00, 1.20, 0.00 , 1.118881E-004, -1.118840E-004, 3.066954E-011, -8.593800E-014, 2.150400E+004 1.570926E+074 2.150400E+004, Sun Sep 06 16:35:46 2015
1.80, 0.00, 1.20, 0.00 , 1.122468E-004, -1.123120E-004, 2.798637E-011, -9.648800E-014, 2.150400E+004 1.570926E+074 2.150400E+004, Sun Sep 06 16:35:49 2015
1.85, 0.00, 1.20, 0.00 , 1.127621E-004, -1.127390E-004, 2.580621E-011, -6.033180E-014, 2.150400E+004 1.570926E+074 2.150400E+004, Sun Sep 06 16:35:53 2015
1.90, 0.00, 1.20, 0.00 , 1.131785E-004, -1.131350E-004, 2.253604E-011, -8.269550E-014, 2.150400E+004 1.570926E+074 2.150400E+004, Sun Sep 06 16:35:56 2015
1.95, 0.00, 1.20, 0.00 , 1.136279E-004, -1.136190E-004, 2.643508E-011, -9.045600E-014, 2.150400E+004 1.570926E+074 2.150400E+004, Sun Sep 06 16:36:00 2015
2.00, 0.00, 1.20, 0.00 , 1.140448E-004, -1.140570E-004, 2.999875E-011, -6.010530E-014, 2.150400E+004 1.570926E+074 2.150400E+004, Sun Sep 06 16:36:04 2015
