0.05, 0.00, 0.00, 0.00 , -5.136568E-011, 2.620130E-011, -3.758598E-011, -8.937120E-014, 2.150400E+004 1.570926E+074 2.150400E+004, Thu Sep 10 17:56:51 2015
0.05, 0.00, 0.02, 0.00 , -5.448849E-011, 2.648870E-011, -1.351949E-011, -8.579490E-014, 2.150400E+004 1.570926E+074 2.150400E+004, Thu Sep 10 17:57:03 2015
0.05, 0.00, 0.04, 0.00 , -5.427751E-011, 2.627780E-011, -3.725054E-011, -8.264780E-014, 2.150400E+004 1.570926E+074 2.150400E+004, Thu Sep 10 17:57:16 2015
0.05, 0.00, 0.06, 0.00 , -5.195646E-011, 2.634110E-011, -3.167394E-011, -8.800030E-014, 2.150400E+004 1.570926E+074 2.150400E+004, Thu Sep 10 17:57:26 2015
0.05, 0.00, 0.08, 0.00 , -5.326470E-011, 2.638120E-011, -4.161119E-011, -9.316210E-014, 2.150400E+004 1.570926E+074 2.150400E+004, Thu Sep 10 17:57:56 2015
0.05, 0.00, 0.10, 0.00 , -5.161888E-011, 2.586560E-011, -2.823573E-011, -9.281640E-014, 2.150400E+004 1.570926E+074 2.150400E+004, Thu Sep 10 17:58:05 2015
0.05, 0.00, 0.12, 0.00 , -5.052169E-011, 2.570220E-011, -2.932590E-011, -8.714200E-014, 2.150400E+004 1.570926E+074 2.150400E+004, Thu Sep 10 17:58:12 2015
0.05, 0.00, 0.14, 0.00 , -5.436189E-011, 2.570740E-011, -2.903240E-011, -8.801220E-014, 2.150400E+004 1.570926E+074 2.150400E+004, Thu Sep 10 17:58:27 2015
0.05, 0.00, 0.16, 0.00 , -5.178767E-011, 2.576270E-011, -3.628617E-011, -8.999110E-014, 2.150400E+004 1.570926E+074 2.150400E+004, Thu Sep 10 17:58:46 2015
0.05, 0.00, 0.18, 0.00 , -5.520584E-011, 2.588900E-011, -3.188359E-011, -8.096700E-014, 2.150400E+004 1.570926E+074 2.150400E+004, Thu Sep 10 17:58:57 2015
0.05, 0.00, 0.20, 0.00 , -5.107029E-011, 2.520080E-011, -3.070957E-011, -7.072690E-014, 2.150400E+004 1.570926E+074 2.150400E+004, Thu Sep 10 17:59:25 2015
0.05, 0.00, 0.22, 0.00 , -5.204093E-011, 2.543570E-011, -4.005980E-011, -9.019370E-014, 2.150400E+004 1.570926E+074 2.150400E+004, Thu Sep 10 17:59:30 2015
0.05, 0.00, 0.24, 0.00 , -5.250508E-011, 2.518300E-011, -3.938894E-011, -8.111000E-014, 2.150400E+004 1.570926E+074 2.150400E+004, Thu Sep 10 18:00:06 2015
0.05, 0.00, 0.26, 0.00 , -5.073266E-011, 2.569630E-011, -3.347690E-011, -9.307860E-014, 2.150400E+004 1.570926E+074 2.150400E+004, Thu Sep 10 18:00:26 2015
0.05, 0.00, 0.28, 0.00 , -5.174548E-011, 2.480460E-011, -2.161105E-011, -9.711980E-014, 2.150400E+004 1.570926E+074 2.150400E+004, Thu Sep 10 18:00:41 2015
0.05, 0.00, 0.30, 0.00 , -5.149230E-011, 2.513990E-011, -3.561529E-011, -1.025800E-013, 2.150400E+004 1.570926E+074 2.150400E+004, Thu Sep 10 18:00:49 2015
0.05, 0.00, 0.32, 0.00 , -5.047952E-011, 2.448490E-011, -3.314146E-011, -8.976460E-014, 2.150400E+004 1.570926E+074 2.150400E+004, Thu Sep 10 18:00:59 2015
0.05, 0.00, 0.34, 0.00 , -5.107029E-011, 2.446690E-011, -4.169504E-011, -7.742640E-014, 2.150400E+004 1.570926E+074 2.150400E+004, Thu Sep 10 18:01:14 2015
0.05, 0.00, 0.36, 0.00 , -5.136565E-011, 2.423470E-011, -2.714557E-011, -9.871720E-014, 2.150400E+004 1.570926E+074 2.150400E+004, Thu Sep 10 18:01:21 2015
0.05, 0.00, 0.38, 0.00 , -5.098591E-011, 2.448370E-011, -2.517490E-011, -9.090900E-014, 2.150400E+004 1.570926E+074 2.150400E+004, Thu Sep 10 18:01:27 2015
0.05, 0.00, 0.40, 0.00 , -5.284268E-011, 2.411340E-011, -3.196745E-011, -7.865430E-014, 2.150400E+004 1.570926E+074 2.150400E+004, Thu Sep 10 18:01:39 2015
0.05, 0.00, 0.42, 0.00 , -5.356008E-011, 2.435280E-011, -2.886467E-011, -9.779930E-014, 2.150400E+004 1.570926E+074 2.150400E+004, Thu Sep 10 18:01:45 2015
0.05, 0.00, 0.44, 0.00 , -5.216746E-011, 2.402450E-011, -3.091921E-011, -9.880070E-014, 2.150400E+004 1.570926E+074 2.150400E+004, Thu Sep 10 18:01:53 2015
0.05, 0.00, 0.46, 0.00 , -5.132356E-011, 2.366910E-011, -3.511215E-011, -8.301740E-014, 2.150400E+004 1.570926E+074 2.150400E+004, Thu Sep 10 18:02:10 2015
0.05, 0.00, 0.48, 0.00 , -5.191429E-011, 2.350950E-011, -2.869696E-011, -8.186100E-014, 2.150400E+004 1.570926E+074 2.150400E+004, Thu Sep 10 18:02:24 2015
0.05, 0.00, 0.50, 0.00 , -4.904471E-011, 2.380570E-011, -3.049992E-011, -9.477140E-014, 2.150400E+004 1.570926E+074 2.150400E+004, Thu Sep 10 18:02:35 2015
0.05, 0.00, 0.52, 0.00 , -5.271609E-011, 2.369530E-011, -2.412666E-011, -9.371040E-014, 2.150400E+004 1.570926E+074 2.150400E+004, Thu Sep 10 18:02:44 2015
0.05, 0.00, 0.54, 0.00 , -5.157666E-011, 2.339690E-011, -3.326726E-011, -8.604530E-014, 2.150400E+004 1.570926E+074 2.150400E+004, Thu Sep 10 18:02:53 2015
0.05, 0.00, 0.56, 0.00 , -5.212529E-011, 2.339900E-011, -2.873889E-011, -8.451940E-014, 2.150400E+004 1.570926E+074 2.150400E+004, Thu Sep 10 18:03:00 2015
0.05, 0.00, 0.58, 0.00 , -5.204092E-011, 2.339520E-011, -3.779562E-011, -9.521250E-014, 2.150400E+004 1.570926E+074 2.150400E+004, Thu Sep 10 18:03:06 2015
0.05, 0.00, 0.60, 0.00 , -4.934010E-011, 2.296050E-011, -2.769065E-011, -9.118320E-014, 2.150400E+004 1.570926E+074 2.150400E+004, Thu Sep 10 18:03:31 2015
0.05, 0.00, 0.62, 0.00 , -4.495132E-011, 1.809450E-011, -3.410583E-011, -7.109640E-014, 2.150400E+004 1.570926E+074 2.150400E+004, Thu Sep 10 18:03:57 2015
0.05, 0.00, 0.64, 0.00 , 1.164958E-010, -1.414340E-010, -3.091921E-011, -1.198770E-013, 2.150400E+004 1.570926E+074 2.150400E+004, Thu Sep 10 18:04:04 2015
0.05, 0.00, 0.66, 0.00 , 1.123258E-009, -1.135190E-009, -2.718750E-011, -8.867980E-014, 2.150400E+004 1.570926E+074 2.150400E+004, Thu Sep 10 18:04:10 2015
0.05, 0.00, 0.68, 0.00 , 8.201275E-009, -8.152850E-009, -2.370737E-011, -1.065130E-013, 2.150400E+004 1.570926E+074 2.150400E+004, Thu Sep 10 18:04:14 2015
0.05, 0.00, 0.70, 0.00 , 2.134401E-008, -2.116470E-008, -3.129658E-011, -1.036170E-013, 2.150400E+004 1.570926E+074 2.150400E+004, Thu Sep 10 18:04:18 2015
0.05, 0.00, 0.72, 0.00 , 3.785362E-008, -3.746650E-008, -2.903239E-011, -1.025680E-013, 2.150400E+004 1.570926E+074 2.150400E+004, Thu Sep 10 18:04:23 2015
0.05, 0.00, 0.74, 0.00 , 6.957311E-008, -6.859710E-008, -3.167394E-011, -1.009350E-013, 2.150400E+004 1.570926E+074 2.150400E+004, Thu Sep 10 18:04:26 2015
0.05, 0.00, 0.76, 0.00 , 1.153045E-007, -1.136110E-007, -2.169490E-011, -8.450750E-014, 2.150400E+004 1.570926E+074 2.150400E+004, Thu Sep 10 18:04:30 2015
0.05, 0.00, 0.78, 0.00 , 1.690486E-007, -1.683080E-007, -1.787971E-011, -8.721350E-014, 2.150400E+004 1.570926E+074 2.150400E+004, Thu Sep 10 18:04:34 2015
0.05, 0.00, 0.80, 0.00 , 2.360386E-007, -2.348580E-007, -2.764873E-011, -1.149180E-013, 2.150400E+004 1.570926E+074 2.150400E+004, Thu Sep 10 18:04:37 2015
0.05, 0.00, 0.82, 0.00 , 2.925095E-007, -2.913190E-007, -3.234481E-011, -9.294750E-014, 2.150400E+004 1.570926E+074 2.150400E+004, Thu Sep 10 18:04:41 2015
0.05, 0.00, 0.84, 0.00 , 3.487158E-007, -3.471620E-007, -2.244955E-011, -8.063320E-014, 2.150400E+004 1.570926E+074 2.150400E+004, Thu Sep 10 18:04:44 2015
0.05, 0.00, 0.86, 0.00 , 3.996330E-007, -3.978610E-007, -2.043714E-011, -9.592770E-014, 2.150400E+004 1.570926E+074 2.150400E+004, Thu Sep 10 18:04:48 2015
0.05, 0.00, 0.88, 0.00 , 4.378846E-007, -4.353660E-007, -2.760680E-011, -9.783510E-014, 2.150400E+004 1.570926E+074 2.150400E+004, Thu Sep 10 18:04:51 2015
0.05, 0.00, 0.90, 0.00 , 4.815641E-007, -4.801710E-007, -3.330919E-011, -9.243490E-014, 2.150400E+004 1.570926E+074 2.150400E+004, Thu Sep 10 18:04:55 2015
0.05, 0.00, 0.92, 0.00 , 5.303669E-007, -5.285470E-007, -2.492332E-011, -1.176710E-013, 2.150400E+004 1.570926E+074 2.150400E+004, Thu Sep 10 18:04:58 2015
0.05, 0.00, 0.94, 0.00 , 5.682542E-007, -5.668020E-007, -2.244955E-011, -8.535380E-014, 2.150400E+004 1.570926E+074 2.150400E+004, Thu Sep 10 18:05:02 2015
0.05, 0.00, 0.96, 0.00 , 6.047089E-007, -6.020510E-007, -2.454595E-011, -9.772780E-014, 2.150400E+004 1.570926E+074 2.150400E+004, Thu Sep 10 18:05:05 2015
0.05, 0.00, 0.98, 0.00 , 6.443838E-007, -6.419760E-007, -2.333000E-011, -9.387730E-014, 2.150400E+004 1.570926E+074 2.150400E+004, Thu Sep 10 18:05:09 2015
0.05, 0.00, 1.00, 0.00 , 6.771396E-007, -6.746150E-007, -2.437824E-011, -8.989570E-014, 2.150400E+004 1.570926E+074 2.150400E+004, Thu Sep 10 18:05:13 2015
0.05, 0.00, 1.02, 0.00 , 7.093761E-007, -7.078140E-007, -2.148527E-011, -8.980040E-014, 2.150400E+004 1.570926E+074 2.150400E+004, Thu Sep 10 18:05:16 2015
0.05, 0.00, 1.04, 0.00 , 7.405135E-007, -7.364280E-007, -1.012356E-011, -8.391140E-014, 2.150400E+004 1.570926E+074 2.150400E+004, Thu Sep 10 18:05:20 2015
0.05, 0.00, 1.06, 0.00 , 7.716680E-007, -7.682430E-007, -1.792164E-011, -9.967090E-014, 2.150400E+004 1.570926E+074 2.150400E+004, Thu Sep 10 18:05:23 2015
0.05, 0.00, 1.08, 0.00 , 8.023060E-007, -7.990120E-007, -1.632848E-011, -9.194610E-014, 2.150400E+004 1.570926E+074 2.150400E+004, Thu Sep 10 18:05:27 2015
0.05, 0.00, 1.10, 0.00 , 8.333545E-007, -8.308000E-007, -2.291073E-011, -1.071100E-013, 2.150400E+004 1.570926E+074 2.150400E+004, Thu Sep 10 18:05:30 2015
0.05, 0.00, 1.12, 0.00 , 8.662306E-007, -8.626320E-007, -1.314217E-011, -9.382960E-014, 2.150400E+004 1.570926E+074 2.150400E+004, Thu Sep 10 18:05:34 2015
0.05, 0.00, 1.14, 0.00 , 8.975979E-007, -8.936930E-007, -1.968249E-011, -8.795260E-014, 2.150400E+004 1.570926E+074 2.150400E+004, Thu Sep 10 18:05:37 2015
0.05, 0.00, 1.16, 0.00 , 9.301481E-007, -9.262500E-007, -2.492332E-011, -8.206370E-014, 2.150400E+004 1.570926E+074 2.150400E+004, Thu Sep 10 18:05:41 2015
0.05, 0.00, 1.18, 0.00 , 9.614686E-007, -9.578260E-007, -1.725084E-011, -9.301900E-014, 2.150400E+004 1.570926E+074 2.150400E+004, Thu Sep 10 18:05:45 2015
0.05, 0.00, 1.20, 0.00 , 9.933570E-007, -9.892710E-007, -1.892784E-011, -1.021980E-013, 2.150400E+004 1.570926E+074 2.150400E+004, Thu Sep 10 18:05:48 2015
0.05, 0.00, 1.22, 0.00 , 1.025647E-006, -1.021560E-006, -9.662384E-012, -1.167890E-013, 2.150400E+004 1.570926E+074 2.150400E+004, Thu Sep 10 18:05:52 2015
0.05, 0.00, 1.24, 0.00 , 1.058942E-006, -1.054020E-006, -1.699928E-011, -9.862180E-014, 2.150400E+004 1.570926E+074 2.150400E+004, Thu Sep 10 18:05:55 2015
0.05, 0.00, 1.26, 0.00 , 1.090424E-006, -1.086010E-006, -2.458788E-011, -8.859630E-014, 2.150400E+004 1.570926E+074 2.150400E+004, Thu Sep 10 18:05:59 2015
0.05, 0.00, 1.28, 0.00 , 1.122942E-006, -1.118430E-006, -1.980827E-011, -8.993150E-014, 2.150400E+004 1.570926E+074 2.150400E+004, Thu Sep 10 18:06:03 2015
0.05, 0.00, 1.30, 0.00 , 1.155287E-006, -1.149820E-006, -1.842474E-011, -1.107690E-013, 2.150400E+004 1.570926E+074 2.150400E+004, Thu Sep 10 18:06:06 2015
0.05, 0.00, 1.32, 0.00 , 1.186332E-006, -1.181770E-006, -2.169490E-011, -9.202960E-014, 2.150400E+004 1.570926E+074 2.150400E+004, Thu Sep 10 18:06:10 2015
0.05, 0.00, 1.34, 0.00 , 1.219160E-006, -1.214370E-006, -4.295972E-012, -9.641650E-014, 2.150400E+004 1.570926E+074 2.150400E+004, Thu Sep 10 18:06:13 2015
0.05, 0.00, 1.36, 0.00 , 1.249809E-006, -1.240440E-006, -1.079436E-011, -7.669930E-014, 2.150400E+004 1.570926E+074 2.150400E+004, Thu Sep 10 18:06:17 2015
0.05, 0.00, 1.38, 0.00 , 1.282088E-006, -1.277410E-006, -2.651663E-011, -9.782310E-014, 2.150400E+004 1.570926E+074 2.150400E+004, Thu Sep 10 18:06:20 2015
0.05, 0.00, 1.40, 0.00 , 1.315432E-006, -1.310000E-006, -1.356143E-011, -8.535380E-014, 2.150400E+004 1.570926E+074 2.150400E+004, Thu Sep 10 18:06:24 2015
0.05, 0.00, 1.42, 0.00 , 1.351150E-006, -1.344950E-006, -1.439992E-011, -9.238720E-014, 2.150400E+004 1.570926E+074 2.150400E+004, Thu Sep 10 18:06:27 2015
0.05, 0.00, 1.44, 0.00 , 1.386073E-006, -1.380090E-006, -1.297446E-011, -8.567570E-014, 2.150400E+004 1.570926E+074 2.150400E+004, Thu Sep 10 18:06:31 2015
0.05, 0.00, 1.46, 0.00 , 1.422418E-006, -1.416450E-006, -1.356143E-011, -1.034740E-013, 2.150400E+004 1.570926E+074 2.150400E+004, Thu Sep 10 18:06:34 2015
0.05, 0.00, 1.48, 0.00 , 1.457741E-006, -1.448420E-006, -1.477725E-011, -8.975270E-014, 2.150400E+004 1.570926E+074 2.150400E+004, Thu Sep 10 18:06:38 2015
0.05, 0.00, 1.50, 0.00 , 1.492107E-006, -1.486190E-006, -1.343565E-011, -9.146930E-014, 2.150400E+004 1.570926E+074 2.150400E+004, Thu Sep 10 18:06:42 2015
0.05, 0.00, 1.52, 0.00 , 1.530878E-006, -1.525020E-006, -9.201209E-012, -1.059890E-013, 2.150400E+004 1.570926E+074 2.150400E+004, Thu Sep 10 18:06:45 2015
0.05, 0.00, 1.54, 0.00 , 1.574443E-006, -1.564850E-006, -1.947286E-011, -1.072530E-013, 2.150400E+004 1.570926E+074 2.150400E+004, Thu Sep 10 18:06:49 2015
0.05, 0.00, 1.56, 0.00 , 1.613811E-006, -1.607110E-006, -1.272292E-011, -1.005530E-013, 2.150400E+004 1.570926E+074 2.150400E+004, Thu Sep 10 18:06:52 2015
0.05, 0.00, 1.58, 0.00 , 1.649418E-006, -1.642980E-006, -2.022752E-011, -9.599920E-014, 2.150400E+004 1.570926E+074 2.150400E+004, Thu Sep 10 18:06:56 2015
0.05, 0.00, 1.60, 0.00 , 1.688255E-006, -1.681490E-006, -1.410645E-011, -7.437470E-014, 2.150400E+004 1.570926E+074 2.150400E+004, Thu Sep 10 18:06:59 2015
0.05, 0.00, 1.62, 0.00 , 1.727703E-006, -1.720690E-006, -5.763341E-012, -9.577270E-014, 2.150400E+004 1.570926E+074 2.150400E+004, Thu Sep 10 18:07:03 2015
0.05, 0.00, 1.64, 0.00 , 1.766715E-006, -1.758220E-006, -1.159094E-011, -7.631780E-014, 2.150400E+004 1.570926E+074 2.150400E+004, Thu Sep 10 18:07:06 2015
0.05, 0.00, 1.66, 0.00 , 1.804090E-006, -1.796660E-006, -7.482275E-012, -7.929800E-014, 2.150400E+004 1.570926E+074 2.150400E+004, Thu Sep 10 18:07:10 2015
0.05, 0.00, 1.68, 0.00 , 1.841040E-006, -1.833080E-006, -4.841004E-012, -8.642670E-014, 2.150400E+004 1.570926E+074 2.150400E+004, Thu Sep 10 18:07:14 2015
0.05, 0.00, 1.70, 0.00 , 1.878832E-006, -1.871140E-006, -7.524202E-012, -8.358960E-014, 2.150400E+004 1.570926E+074 2.150400E+004, Thu Sep 10 18:07:17 2015
0.05, 0.00, 1.72, 0.00 , 1.918548E-006, -1.910660E-006, -8.823878E-012, -9.204150E-014, 2.150400E+004 1.570926E+074 2.150400E+004, Thu Sep 10 18:07:21 2015
0.05, 0.00, 1.74, 0.00 , 1.959894E-006, -1.951440E-006, -1.385490E-011, -1.014830E-013, 2.150400E+004 1.570926E+074 2.150400E+004, Thu Sep 10 18:07:24 2015
0.05, 0.00, 1.76, 0.00 , 2.000386E-006, -1.991320E-006, -1.301639E-011, -8.708240E-014, 2.150400E+004 1.570926E+074 2.150400E+004, Thu Sep 10 18:07:28 2015
0.05, 0.00, 1.78, 0.00 , 2.043091E-006, -2.032700E-006, -1.347757E-011, -9.239910E-014, 2.150400E+004 1.570926E+074 2.150400E+004, Thu Sep 10 18:07:31 2015
0.05, 0.00, 1.80, 0.00 , 2.084947E-006, -2.076930E-006, -8.195011E-012, -1.162530E-013, 2.150400E+004 1.570926E+074 2.150400E+004, Thu Sep 10 18:07:35 2015
0.05, 0.00, 1.82, 0.00 , 2.131164E-006, -2.121980E-006, 2.231548E-014, -8.506770E-014, 2.150400E+004 1.570926E+074 2.150400E+004, Thu Sep 10 18:07:38 2015
0.05, 0.00, 1.84, 0.00 , 2.177057E-006, -2.168580E-006, -1.201019E-011, -7.187130E-014, 2.150400E+004 1.570926E+074 2.150400E+004, Thu Sep 10 18:07:42 2015
0.05, 0.00, 1.86, 0.00 , 2.225501E-006, -2.215980E-006, -1.054282E-011, -9.900330E-014, 2.150400E+004 1.570926E+074 2.150400E+004, Thu Sep 10 18:07:46 2015
0.05, 0.00, 1.88, 0.00 , 2.273896E-006, -2.264100E-006, -1.213596E-011, -8.941890E-014, 2.150400E+004 1.570926E+074 2.150400E+004, Thu Sep 10 18:07:49 2015
0.05, 0.00, 1.90, 0.00 , 2.321022E-006, -2.311160E-006, -1.058474E-011, -8.625980E-014, 2.150400E+004 1.570926E+074 2.150400E+004, Thu Sep 10 18:07:53 2015
0.05, 0.00, 1.92, 0.00 , 2.367747E-006, -2.356010E-006, -1.364527E-011, -7.661580E-014, 2.150400E+004 1.570926E+074 2.150400E+004, Thu Sep 10 18:07:56 2015
0.05, 0.00, 1.94, 0.00 , 2.410510E-006, -2.399180E-006, -6.559926E-012, -1.069550E-013, 2.150400E+004 1.570926E+074 2.150400E+004, Thu Sep 10 18:08:00 2015
0.05, 0.00, 1.96, 0.00 , 2.462559E-006, -2.451390E-006, -1.272292E-011, -1.136540E-013, 2.150400E+004 1.570926E+074 2.150400E+004, Thu Sep 10 18:08:03 2015
0.05, 0.00, 1.98, 0.00 , 2.514562E-006, -2.503340E-006, -1.356143E-011, -9.905100E-014, 2.150400E+004 1.570926E+074 2.150400E+004, Thu Sep 10 18:08:07 2015
0.05, 0.00, 2.00, 0.00 , 2.568317E-006, -2.556740E-006, -1.297447E-011, -9.715560E-014, 2.150400E+004 1.570926E+074 2.150400E+004, Thu Sep 10 18:08:10 2015
