0.00, 0.00, 0.80, 0.00 , -1.382979E-010, 7.407980E-011, -2.190452E-011, -9.479520E-014, 2.150400E+004 1.570926E+074 2.150400E+004, Thu Sep 10 19:47:37 2015
0.05, 0.00, 0.80, 0.00 , 2.074421E-007, -1.979990E-007, -2.685208E-011, -9.764430E-014, 2.150400E+004 1.570926E+074 2.150400E+004, Thu Sep 10 19:47:44 2015
0.10, 0.00, 0.80, 0.00 , 6.510275E-007, -6.499460E-007, -3.595077E-011, -9.758470E-014, 2.150400E+004 1.570926E+074 2.150400E+004, Thu Sep 10 19:47:48 2015
0.15, 0.00, 0.80, 0.00 , 1.065014E-006, -1.061990E-006, -2.064676E-011, -1.141070E-013, 2.150400E+004 1.570926E+074 2.150400E+004, Thu Sep 10 19:47:51 2015
0.20, 0.00, 0.80, 0.00 , 1.376444E-006, -1.374680E-006, -2.697787E-011, -9.462830E-014, 2.150400E+004 1.570926E+074 2.150400E+004, Thu Sep 10 19:47:55 2015
0.25, 0.00, 0.80, 0.00 , 1.578555E-006, -1.574380E-006, -3.008064E-011, -9.073020E-014, 2.150400E+004 1.570926E+074 2.150400E+004, Thu Sep 10 19:47:58 2015
0.30, 0.00, 0.80, 0.00 , 1.706467E-006, -1.701580E-006, -1.548995E-011, -8.416180E-014, 2.150400E+004 1.570926E+074 2.150400E+004, Thu Sep 10 19:48:02 2015
0.35, 0.00, 0.80, 0.00 , 1.797325E-006, -1.794220E-006, -2.894855E-011, -1.023770E-013, 2.150400E+004 1.570926E+074 2.150400E+004, Thu Sep 10 19:48:05 2015
0.40, 0.00, 0.80, 0.00 , 1.882746E-006, -1.870690E-006, -1.238748E-011, -1.149540E-013, 2.150400E+004 1.570926E+074 2.150400E+004, Thu Sep 10 19:48:09 2015
0.45, 0.00, 0.80, 0.00 , 1.941018E-006, -1.933660E-006, -2.681015E-011, -8.982420E-014, 2.150400E+004 1.570926E+074 2.150400E+004, Thu Sep 10 19:48:12 2015
0.50, 0.00, 0.80, 0.00 , 1.993026E-006, -1.986980E-006, -1.859243E-011, -9.241100E-014, 2.150400E+004 1.570926E+074 2.150400E+004, Thu Sep 10 19:48:16 2015
0.55, 0.00, 0.80, 0.00 , 2.043973E-006, -2.039610E-006, -2.492332E-011, -1.071330E-013, 2.150400E+004 1.570926E+074 2.150400E+004, Thu Sep 10 19:48:20 2015
0.60, 0.00, 0.80, 0.00 , 2.106952E-006, -2.099500E-006, -2.530069E-011, -8.378030E-014, 2.150400E+004 1.570926E+074 2.150400E+004, Thu Sep 10 19:48:23 2015
0.65, 0.00, 0.80, 0.00 , 2.156843E-006, -2.152640E-006, -1.678964E-011, -9.849070E-014, 2.150400E+004 1.570926E+074 2.150400E+004, Thu Sep 10 19:48:27 2015
0.70, 0.00, 0.80, 0.00 , 2.197874E-006, -2.191690E-006, -1.410642E-011, -7.162090E-014, 2.150400E+004 1.570926E+074 2.150400E+004, Thu Sep 10 19:48:30 2015
0.75, 0.00, 0.80, 0.00 , 2.232205E-006, -2.229970E-006, -2.865504E-011, -1.034980E-013, 2.150400E+004 1.570926E+074 2.150400E+004, Thu Sep 10 19:48:34 2015
0.80, 0.00, 0.80, 0.00 , 2.266524E-006, -2.264140E-006, -2.462982E-011, -9.195800E-014, 2.150400E+004 1.570926E+074 2.150400E+004, Thu Sep 10 19:48:37 2015
0.85, 0.00, 0.80, 0.00 , 2.300263E-006, -2.295410E-006, -3.460902E-011, -9.645220E-014, 2.150400E+004 1.570926E+074 2.150400E+004, Thu Sep 10 19:48:41 2015
0.90, 0.00, 0.80, 0.00 , 2.331238E-006, -2.330030E-006, -2.991293E-011, -1.000170E-013, 2.150400E+004 1.570926E+074 2.150400E+004, Thu Sep 10 19:48:44 2015
0.95, 0.00, 0.80, 0.00 , 2.415156E-006, -2.415040E-006, -2.156912E-011, -6.810430E-014, 2.150400E+004 1.570926E+074 2.150400E+004, Thu Sep 10 19:48:48 2015
1.00, 0.00, 0.80, 0.00 , 2.494110E-006, -2.487610E-006, -2.110794E-011, -9.177920E-014, 2.150400E+004 1.570926E+074 2.150400E+004, Thu Sep 10 19:48:52 2015
1.05, 0.00, 0.80, 0.00 , 2.627278E-006, -2.608930E-006, -1.859242E-011, -8.851290E-014, 2.150400E+004 1.570926E+074 2.150400E+004, Thu Sep 10 19:48:56 2015
1.10, 0.00, 0.80, 0.00 , 2.741624E-006, -2.752430E-006, -2.664243E-011, -1.027940E-013, 2.150400E+004 1.570926E+074 2.150400E+004, Thu Sep 10 19:49:00 2015
1.15, 0.00, 0.80, 0.00 , 2.903328E-006, -2.905260E-006, -2.865505E-011, -1.144170E-013, 2.150400E+004 1.570926E+074 2.150400E+004, Thu Sep 10 19:49:05 2015
1.20, 0.00, 0.80, 0.00 , 3.092532E-006, -3.094520E-006, -2.894855E-011, -8.875130E-014, 2.150400E+004 1.570926E+074 2.150400E+004, Thu Sep 10 19:49:10 2015
1.25, 0.00, 0.80, 0.00 , 3.284326E-006, -3.265700E-006, -2.810996E-011, -1.077180E-013, 2.150400E+004 1.570926E+074 2.150400E+004, Thu Sep 10 19:49:14 2015
1.30, 0.00, 0.80, 0.00 , 3.457355E-006, -3.439710E-006, -3.586690E-011, -9.540320E-014, 2.150400E+004 1.570926E+074 2.150400E+004, Thu Sep 10 19:49:18 2015
1.35, 0.00, 0.80, 0.00 , 3.654481E-006, -3.667180E-006, -2.450403E-011, -9.392500E-014, 2.150400E+004 1.570926E+074 2.150400E+004, Thu Sep 10 19:49:22 2015
1.40, 0.00, 0.80, 0.00 , 3.936978E-006, -3.925980E-006, -2.475561E-011, -1.060010E-013, 2.150400E+004 1.570926E+074 2.150400E+004, Thu Sep 10 19:49:25 2015
1.45, 0.00, 0.80, 0.00 , 4.335928E-006, -4.330770E-006, -2.362351E-011, -9.680990E-014, 2.150400E+004 1.570926E+074 2.150400E+004, Thu Sep 10 19:49:29 2015
1.50, 0.00, 0.80, 0.00 , 5.242655E-006, -5.252070E-006, -3.481868E-011, -8.511540E-014, 2.150400E+004 1.570926E+074 2.150400E+004, Thu Sep 10 19:49:32 2015
1.55, 0.00, 0.80, 0.00 , 6.074349E-006, -6.062360E-006, -3.251256E-011, -8.344650E-014, 2.150400E+004 1.570926E+074 2.150400E+004, Thu Sep 10 19:49:36 2015
1.60, 0.00, 0.80, 0.00 , 7.033609E-006, -7.004700E-006, -2.450403E-011, -8.169410E-014, 2.150400E+004 1.570926E+074 2.150400E+004, Thu Sep 10 19:49:40 2015
1.65, 0.00, 0.80, 0.00 , 8.010732E-006, -8.006290E-006, -2.509104E-011, -1.112940E-013, 2.150400E+004 1.570926E+074 2.150400E+004, Thu Sep 10 19:49:43 2015
1.70, 0.00, 0.80, 0.00 , 8.912997E-006, -8.912260E-006, -2.924206E-011, -9.858610E-014, 2.150400E+004 1.570926E+074 2.150400E+004, Thu Sep 10 19:49:47 2015
1.75, 0.00, 0.80, 0.00 , 9.809873E-006, -9.784070E-006, -2.601349E-011, -1.004700E-013, 2.150400E+004 1.570926E+074 2.150400E+004, Thu Sep 10 19:49:50 2015
1.80, 0.00, 0.80, 0.00 , 1.053617E-005, -1.053060E-005, -2.056291E-011, -1.023650E-013, 2.150400E+004 1.570926E+074 2.150400E+004, Thu Sep 10 19:49:54 2015
1.85, 0.00, 0.80, 0.00 , 1.130070E-005, -1.130080E-005, -3.712480E-011, -9.298320E-014, 2.150400E+004 1.570926E+074 2.150400E+004, Thu Sep 10 19:49:58 2015
1.90, 0.00, 0.80, 0.00 , 1.211837E-005, -1.209550E-005, -2.827768E-011, -8.733270E-014, 2.150400E+004 1.570926E+074 2.150400E+004, Thu Sep 10 19:50:01 2015
1.95, 0.00, 0.80, 0.00 , 1.292963E-005, -1.291420E-005, -2.425245E-011, -9.466410E-014, 2.150400E+004 1.570926E+074 2.150400E+004, Thu Sep 10 19:50:05 2015
2.00, 0.00, 0.80, 0.00 , 1.378383E-005, -1.378330E-005, -3.242870E-011, -7.762910E-014, 2.150400E+004 1.570926E+074 2.150400E+004, Thu Sep 10 19:50:08 2015
