0.00, 0.00, 0.00, 0.00 , -2.410434E-011, 5.067320E-011, -2.852923E-011, -7.766490E-014, 2.150400E+004 1.570926E+074 2.150400E+004, Sun Sep 06 16:22:55 2015
0.05, 0.00, 0.00, 0.00 , -7.688786E-012, 5.085140E-011, -3.020640E-011, -1.007560E-013, 2.150400E+004 1.570926E+074 2.150400E+004, Sun Sep 06 16:22:58 2015
0.10, 0.00, 0.00, 0.00 , 2.987575E-012, 4.994550E-011, -3.121271E-011, -9.129050E-014, 2.150400E+004 1.570926E+074 2.150400E+004, Sun Sep 06 16:23:02 2015
0.15, 0.00, 0.00, 0.00 , 7.797913E-012, 5.016290E-011, -2.974518E-011, -6.427770E-014, 2.150400E+004 1.570926E+074 2.150400E+004, Sun Sep 06 16:23:07 2015
0.20, 0.00, 0.00, 0.00 , 9.612340E-012, 4.807120E-011, -3.070956E-011, -1.027700E-013, 2.150400E+004 1.570926E+074 2.150400E+004, Sun Sep 06 16:23:12 2015
0.25, 0.00, 0.00, 0.00 , 2.113184E-011, 5.098680E-011, -3.024833E-011, -8.518700E-014, 2.150400E+004 1.570926E+074 2.150400E+004, Sun Sep 06 16:23:26 2015
0.30, 0.00, 0.00, 0.00 , 2.944445E-011, 5.291060E-011, -2.949361E-011, -8.294580E-014, 2.150400E+004 1.570926E+074 2.150400E+004, Sun Sep 06 16:23:34 2015
0.35, 0.00, 0.00, 0.00 , 4.007784E-011, 5.344870E-011, -2.932589E-011, -9.343620E-014, 2.150400E+004 1.570926E+074 2.150400E+004, Sun Sep 06 16:23:53 2015
0.40, 0.00, 0.00, 0.00 , 5.092218E-011, 5.558320E-011, -2.907432E-011, -7.498260E-014, 2.150400E+004 1.570926E+074 2.150400E+004, Sun Sep 06 16:24:04 2015
0.45, 0.00, 0.00, 0.00 , 6.463586E-011, 5.669780E-011, -3.179972E-011, -1.081940E-013, 2.150400E+004 1.570926E+074 2.150400E+004, Sun Sep 06 16:24:18 2015
0.50, 0.00, 0.00, 0.00 , 6.991040E-011, 5.655110E-011, -3.347689E-011, -1.059650E-013, 2.150400E+004 1.570926E+074 2.150400E+004, Sun Sep 06 16:24:28 2015
0.55, 0.00, 0.00, 0.00 , 8.016404E-011, 5.835940E-011, -3.343496E-011, -9.388920E-014, 2.150400E+004 1.570926E+074 2.150400E+004, Sun Sep 06 16:24:37 2015
0.60, 0.00, 0.00, 0.00 , 9.417304E-011, 5.975140E-011, -3.427354E-011, -7.412430E-014, 2.150400E+004 1.570926E+074 2.150400E+004, Sun Sep 06 16:24:44 2015
0.65, 0.00, 0.00, 0.00 , 1.044689E-010, 6.081650E-011, -3.834068E-011, -8.331540E-014, 2.150400E+004 1.570926E+074 2.150400E+004, Sun Sep 06 16:24:51 2015
0.70, 0.00, 0.00, 0.00 , 1.109249E-010, 5.989200E-011, -3.842455E-011, -7.581710E-014, 2.150400E+004 1.570926E+074 2.150400E+004, Sun Sep 06 16:24:58 2015
0.75, 0.00, 0.00, 0.00 , 1.230774E-010, 6.090940E-011, -4.131767E-011, -6.704330E-014, 2.150400E+004 1.570926E+074 2.150400E+004, Sun Sep 06 16:25:04 2015
0.80, 0.00, 0.00, 0.00 , 1.295333E-010, 6.232000E-011, -4.039523E-011, -7.480380E-014, 2.150400E+004 1.570926E+074 2.150400E+004, Sun Sep 06 16:25:15 2015
0.85, 0.00, 0.00, 0.00 , 1.385211E-010, 6.163810E-011, -4.324641E-011, -1.006010E-013, 2.150400E+004 1.570926E+074 2.150400E+004, Sun Sep 06 16:25:22 2015
0.90, 0.00, 0.00, 0.00 , 1.484793E-010, 6.296460E-011, -4.182082E-011, -7.994170E-014, 2.150400E+004 1.570926E+074 2.150400E+004, Sun Sep 06 16:25:28 2015
0.95, 0.00, 0.00, 0.00 , 1.475510E-010, 6.300390E-011, -4.261748E-011, -7.784370E-014, 2.150400E+004 1.570926E+074 2.150400E+004, Sun Sep 06 16:25:39 2015
1.00, 0.00, 0.00, 0.00 , 1.617710E-010, 6.345860E-011, -4.559444E-011, -1.056790E-013, 2.150400E+004 1.570926E+074 2.150400E+004, Sun Sep 06 16:25:47 2015
1.05, 0.00, 0.00, 0.00 , 1.772992E-010, 6.403090E-011, -4.710391E-011, -6.266830E-014, 2.150400E+004 1.570926E+074 2.150400E+004, Sun Sep 06 16:25:55 2015
1.10, 0.00, 0.00, 0.00 , 1.844304E-010, 6.480000E-011, -4.840373E-011, -6.705520E-014, 2.150400E+004 1.570926E+074 2.150400E+004, Sun Sep 06 16:26:01 2015
1.15, 0.00, 0.00, 0.00 , 1.924053E-010, 6.339950E-011, -5.406419E-011, -8.071660E-014, 2.150400E+004 1.570926E+074 2.150400E+004, Sun Sep 06 16:26:07 2015
1.20, 0.00, 0.00, 0.00 , 1.990722E-010, 6.334560E-011, -5.435767E-011, -8.460280E-014, 2.150400E+004 1.570926E+074 2.150400E+004, Sun Sep 06 16:26:14 2015
1.25, 0.00, 0.00, 0.00 , 2.037138E-010, 6.402040E-011, -5.393839E-011, -8.478160E-014, 2.150400E+004 1.570926E+074 2.150400E+004, Sun Sep 06 16:26:24 2015
1.30, 0.00, 0.00, 0.00 , 2.181026E-010, 6.446800E-011, -5.741850E-011, -9.270910E-014, 2.150400E+004 1.570926E+074 2.150400E+004, Sun Sep 06 16:26:31 2015
1.35, 0.00, 0.00, 0.00 , 2.398336E-010, 6.611610E-011, -5.951498E-011, -9.037260E-014, 2.150400E+004 1.570926E+074 2.150400E+004, Sun Sep 06 16:26:36 2015
1.40, 0.00, 0.00, 0.00 , 2.456566E-010, 6.745760E-011, -6.282739E-011, -8.448360E-014, 2.150400E+004 1.570926E+074 2.150400E+004, Sun Sep 06 16:26:43 2015
1.45, 0.00, 0.00, 0.00 , 2.648558E-010, 6.683300E-011, -6.391758E-011, -8.794070E-014, 2.150400E+004 1.570926E+074 2.150400E+004, Sun Sep 06 16:26:49 2015
1.50, 0.00, 0.00, 0.00 , 2.759956E-010, 6.745460E-011, -7.054239E-011, -9.504560E-014, 2.150400E+004 1.570926E+074 2.150400E+004, Sun Sep 06 16:26:54 2015
1.55, 0.00, 0.00, 0.00 , 2.769660E-010, 6.596120E-011, -7.096169E-011, -9.177920E-014, 2.150400E+004 1.570926E+074 2.150400E+004, Sun Sep 06 16:27:01 2015
1.60, 0.00, 0.00, 0.00 , 2.858694E-010, 6.744250E-011, -7.733494E-011, -8.962150E-014, 2.150400E+004 1.570926E+074 2.150400E+004, Sun Sep 06 16:27:12 2015
1.65, 0.00, 0.00, 0.00 , 3.121574E-010, 6.503330E-011, -8.375011E-011, -8.726120E-014, 2.150400E+004 1.570926E+074 2.150400E+004, Sun Sep 06 16:27:19 2015
1.70, 0.00, 0.00, 0.00 , 2.975156E-010, 6.455850E-011, -7.607706E-011, -1.042010E-013, 2.150400E+004 1.570926E+074 2.150400E+004, Sun Sep 06 16:27:26 2015
1.75, 0.00, 0.00, 0.00 , 3.055750E-010, 6.501470E-011, -8.085698E-011, -8.181330E-014, 2.150400E+004 1.570926E+074 2.150400E+004, Sun Sep 06 16:27:31 2015
1.80, 0.00, 0.00, 0.00 , 3.044779E-010, 6.419420E-011, -8.245033E-011, -7.807020E-014, 2.150400E+004 1.570926E+074 2.150400E+004, Sun Sep 06 16:27:41 2015
1.85, 0.00, 0.00, 0.00 , 3.116090E-010, 6.408080E-011, -8.416944E-011, -7.734300E-014, 2.150400E+004 1.570926E+074 2.150400E+004, Sun Sep 06 16:27:47 2015
1.90, 0.00, 0.00, 0.00 , 3.030856E-010, 6.213870E-011, -8.479834E-011, -7.524490E-014, 2.150400E+004 1.570926E+074 2.150400E+004, Sun Sep 06 16:27:52 2015
1.95, 0.00, 0.00, 0.00 , 3.105118E-010, 6.072920E-011, -8.806884E-011, -9.491440E-014, 2.150400E+004 1.570926E+074 2.150400E+004, Sun Sep 06 16:28:06 2015
2.00, 0.00, 0.00, 0.00 , 3.284453E-010, 6.071760E-011, -9.339388E-011, -8.625980E-014, 2.150400E+004 1.570926E+074 2.150400E+004, Sun Sep 06 16:28:14 2015
