1.80, 0.00, 0.00, 0.00 , 2.270476E-010, 3.832030E-011, -1.258469E-010, -8.862020E-014, 2.150400E+004 1.570926E+074 2.150400E+004, Sun Sep 06 16:14:54 2015
1.80, 0.00, 0.02, 0.00 , 1.937975E-010, 3.931950E-011, -8.949431E-011, -9.415150E-014, 2.150400E+004 1.570926E+074 2.150400E+004, Sun Sep 06 16:15:07 2015
1.80, 0.00, 0.04, 0.00 , 1.723198E-010, 3.612850E-011, -7.569961E-011, -8.529420E-014, 2.150400E+004 1.570926E+074 2.150400E+004, Sun Sep 06 16:15:17 2015
1.80, 0.00, 0.06, 0.00 , 1.802525E-010, 3.973550E-011, -7.393858E-011, -6.928440E-014, 2.150400E+004 1.570926E+074 2.150400E+004, Sun Sep 06 16:15:32 2015
1.80, 0.00, 0.08, 0.00 , 1.839658E-010, 4.075710E-011, -7.062620E-011, -9.846690E-014, 2.150400E+004 1.570926E+074 2.150400E+004, Sun Sep 06 16:15:40 2015
1.80, 0.00, 0.10, 0.00 , 1.772567E-010, 3.992330E-011, -6.727183E-011, -9.809730E-014, 2.150400E+004 1.570926E+074 2.150400E+004, Sun Sep 06 16:15:46 2015
1.80, 0.00, 0.12, 0.00 , 1.901263E-010, 4.010610E-011, -6.022775E-011, -1.089450E-013, 2.150400E+004 1.570926E+074 2.150400E+004, Sun Sep 06 16:15:51 2015
1.80, 0.00, 0.14, 0.00 , 1.874681E-010, 4.071700E-011, -6.354013E-011, -8.859630E-014, 2.150400E+004 1.570926E+074 2.150400E+004, Sun Sep 06 16:16:03 2015
1.80, 0.00, 0.16, 0.00 , 1.852316E-010, 3.897130E-011, -5.892790E-011, -8.292200E-014, 2.150400E+004 1.570926E+074 2.150400E+004, Sun Sep 06 16:16:11 2015
1.80, 0.00, 0.18, 0.00 , 1.726573E-010, 3.431090E-011, -5.720879E-011, -6.362200E-014, 2.150400E+004 1.570926E+074 2.150400E+004, Sun Sep 06 16:16:16 2015
1.80, 0.00, 0.20, 0.00 , 2.052748E-010, 3.209360E-011, -5.620254E-011, -8.180140E-014, 2.150400E+004 1.570926E+074 2.150400E+004, Sun Sep 06 16:16:22 2015
1.80, 0.00, 0.22, 0.00 , 2.037557E-010, 2.188080E-011, -5.406412E-011, -7.994170E-014, 2.150400E+004 1.570926E+074 2.150400E+004, Sun Sep 06 16:16:27 2015
1.80, 0.00, 0.24, 0.00 , 2.218156E-010, 1.357720E-012, -5.087749E-011, -7.089380E-014, 2.150400E+004 1.570926E+074 2.150400E+004, Sun Sep 06 16:16:47 2015
1.80, 0.00, 0.26, 0.00 , 2.537579E-010, -4.152100E-011, -4.890681E-011, -6.475450E-014, 2.150400E+004 1.570926E+074 2.150400E+004, Sun Sep 06 16:16:52 2015
1.80, 0.00, 0.28, 0.00 , 3.451541E-010, -1.247650E-010, -5.033242E-011, -7.890460E-014, 2.150400E+004 1.570926E+074 2.150400E+004, Sun Sep 06 16:17:08 2015
1.80, 0.00, 0.30, 0.00 , 5.245713E-010, -2.912060E-010, -4.446233E-011, -7.507800E-014, 2.150400E+004 1.570926E+074 2.150400E+004, Sun Sep 06 16:17:14 2015
1.80, 0.00, 0.32, 0.00 , 8.641220E-010, -6.345240E-010, -4.161114E-011, -1.040940E-013, 2.150400E+004 1.570926E+074 2.150400E+004, Sun Sep 06 16:17:19 2015
1.80, 0.00, 0.34, 0.00 , 1.545627E-009, -1.322700E-009, -3.775366E-011, -7.013080E-014, 2.150400E+004 1.570926E+074 2.150400E+004, Sun Sep 06 16:17:23 2015
1.80, 0.00, 0.36, 0.00 , 2.907333E-009, -2.691250E-009, -3.716666E-011, -9.539130E-014, 2.150400E+004 1.570926E+074 2.150400E+004, Sun Sep 06 16:17:27 2015
1.80, 0.00, 0.38, 0.00 , 5.624117E-009, -5.411480E-009, -3.892767E-011, -6.904600E-014, 2.150400E+004 1.570926E+074 2.150400E+004, Sun Sep 06 16:17:31 2015
1.80, 0.00, 0.40, 0.00 , 1.096941E-008, -1.071570E-008, -3.460895E-011, -8.863210E-014, 2.150400E+004 1.570926E+074 2.150400E+004, Sun Sep 06 16:17:34 2015
1.80, 0.00, 0.42, 0.00 , 2.115538E-008, -2.094480E-008, -3.444125E-011, -8.853670E-014, 2.150400E+004 1.570926E+074 2.150400E+004, Sun Sep 06 16:17:38 2015
1.80, 0.00, 0.44, 0.00 , 3.994591E-008, -3.976300E-008, -3.003868E-011, -8.550880E-014, 2.150400E+004 1.570926E+074 2.150400E+004, Sun Sep 06 16:17:41 2015
1.80, 0.00, 0.46, 0.00 , 7.353751E-008, -7.321630E-008, -3.070955E-011, -7.619860E-014, 2.150400E+004 1.570926E+074 2.150400E+004, Sun Sep 06 16:17:45 2015
1.80, 0.00, 0.48, 0.00 , 1.308872E-007, -1.306600E-007, -2.605540E-011, -7.697340E-014, 2.150400E+004 1.570926E+074 2.150400E+004, Sun Sep 06 16:17:49 2015
1.80, 0.00, 0.50, 0.00 , 2.239994E-007, -2.238000E-007, -2.421052E-011, -7.790330E-014, 2.150400E+004 1.570926E+074 2.150400E+004, Sun Sep 06 16:17:52 2015
1.80, 0.00, 0.52, 0.00 , 3.679071E-007, -3.674080E-007, -2.555225E-011, -8.529420E-014, 2.150400E+004 1.570926E+074 2.150400E+004, Sun Sep 06 16:17:56 2015
1.80, 0.00, 0.54, 0.00 , 5.789579E-007, -5.779680E-007, -2.056292E-011, -8.332730E-014, 2.150400E+004 1.570926E+074 2.150400E+004, Sun Sep 06 16:17:59 2015
1.80, 0.00, 0.56, 0.00 , 8.783450E-007, -8.789890E-007, -1.804742E-011, -9.887220E-014, 2.150400E+004 1.570926E+074 2.150400E+004, Sun Sep 06 16:18:03 2015
1.80, 0.00, 0.58, 0.00 , 1.287060E-006, -1.286770E-006, -2.270110E-011, -9.917020E-014, 2.150400E+004 1.570926E+074 2.150400E+004, Sun Sep 06 16:18:07 2015
1.80, 0.00, 0.60, 0.00 , 1.828567E-006, -1.827050E-006, -1.465149E-011, -8.298160E-014, 2.150400E+004 1.570926E+074 2.150400E+004, Sun Sep 06 16:18:10 2015
1.80, 0.00, 0.62, 0.00 , 2.517312E-006, -2.516090E-006, -1.456765E-011, -7.971530E-014, 2.150400E+004 1.570926E+074 2.150400E+004, Sun Sep 06 16:18:14 2015
1.80, 0.00, 0.64, 0.00 , 3.375647E-006, -3.375570E-006, -1.221984E-011, -9.050370E-014, 2.150400E+004 1.570926E+074 2.150400E+004, Sun Sep 06 16:18:17 2015
1.80, 0.00, 0.66, 0.00 , 4.422112E-006, -4.423690E-006, -8.362736E-012, -8.448360E-014, 2.150400E+004 1.570926E+074 2.150400E+004, Sun Sep 06 16:18:21 2015
1.80, 0.00, 0.68, 0.00 , 5.668360E-006, -5.668670E-006, -1.054284E-011, -8.409020E-014, 2.150400E+004 1.570926E+074 2.150400E+004, Sun Sep 06 16:18:24 2015
1.80, 0.00, 0.70, 0.00 , 7.139221E-006, -7.137040E-006, -1.029129E-011, -7.835630E-014, 2.150400E+004 1.570926E+074 2.150400E+004, Sun Sep 06 16:18:28 2015
1.80, 0.00, 0.72, 0.00 , 8.832676E-006, -8.830470E-006, -9.159313E-012, -5.933050E-014, 2.150400E+004 1.570926E+074 2.150400E+004, Sun Sep 06 16:18:31 2015
1.80, 0.00, 0.74, 0.00 , 1.076162E-005, -1.076700E-005, -7.146913E-012, -4.303460E-014, 2.150400E+004 1.570926E+074 2.150400E+004, Sun Sep 06 16:18:35 2015
1.80, 0.00, 0.76, 0.00 , 1.291768E-005, -1.292410E-005, -2.577083E-012, -9.131430E-014, 2.150400E+004 1.570926E+074 2.150400E+004, Sun Sep 06 16:18:39 2015
1.80, 0.00, 0.78, 0.00 , 1.531788E-005, -1.531680E-005, -4.463705E-012, -7.808210E-014, 2.150400E+004 1.570926E+074 2.150400E+004, Sun Sep 06 16:18:42 2015
1.80, 0.00, 0.80, 0.00 , 1.795256E-005, -1.795570E-005, 1.950827E-012, -8.922820E-014, 2.150400E+004 1.570926E+074 2.150400E+004, Sun Sep 06 16:18:46 2015
1.80, 0.00, 0.82, 0.00 , 2.082659E-005, -2.082710E-005, 4.834588E-013, -8.844140E-014, 2.150400E+004 1.570926E+074 2.150400E+004, Sun Sep 06 16:18:49 2015
1.80, 0.00, 0.84, 0.00 , 2.394172E-005, -2.394590E-005, 4.415270E-013, -9.328130E-014, 2.150400E+004 1.570926E+074 2.150400E+004, Sun Sep 06 16:18:53 2015
1.80, 0.00, 0.86, 0.00 , 2.728523E-005, -2.728590E-005, 5.179039E-012, -8.382800E-014, 2.150400E+004 1.570926E+074 2.150400E+004, Sun Sep 06 16:18:56 2015
1.80, 0.00, 0.88, 0.00 , 3.083865E-005, -3.084410E-005, 8.700748E-012, -9.220840E-014, 2.150400E+004 1.570926E+074 2.150400E+004, Sun Sep 06 16:19:00 2015
1.80, 0.00, 0.90, 0.00 , 3.460125E-005, -3.460920E-005, 1.230632E-011, -8.102660E-014, 2.150400E+004 1.570926E+074 2.150400E+004, Sun Sep 06 16:19:04 2015
1.80, 0.00, 0.92, 0.00 , 3.859251E-005, -3.859000E-005, 1.264172E-011, -9.105210E-014, 2.150400E+004 1.570926E+074 2.150400E+004, Sun Sep 06 16:19:07 2015
1.80, 0.00, 0.94, 0.00 , 4.278101E-005, -4.277750E-005, 1.440253E-011, -8.814340E-014, 2.150400E+004 1.570926E+074 2.150400E+004, Sun Sep 06 16:19:11 2015
1.80, 0.00, 0.96, 0.00 , 4.715781E-005, -4.717370E-005, 9.539293E-012, -9.156470E-014, 2.150400E+004 1.570926E+074 2.150400E+004, Sun Sep 06 16:19:14 2015
1.80, 0.00, 0.98, 0.00 , 5.174389E-005, -5.171690E-005, 1.855316E-011, -8.796450E-014, 2.150400E+004 1.570926E+074 2.150400E+004, Sun Sep 06 16:19:18 2015
1.80, 0.00, 1.00, 0.00 , 5.649412E-005, -5.648620E-005, 1.746310E-011, -1.060010E-013, 2.150400E+004 1.570926E+074 2.150400E+004, Sun Sep 06 16:19:21 2015
1.80, 0.00, 1.02, 0.00 , 6.145042E-005, -6.141100E-005, 1.599574E-011, -7.805820E-014, 2.150400E+004 1.570926E+074 2.150400E+004, Sun Sep 06 16:19:25 2015
1.80, 0.00, 1.04, 0.00 , 6.650694E-005, -6.650630E-005, 2.626733E-011, -9.905100E-014, 2.150400E+004 1.570926E+074 2.150400E+004, Sun Sep 06 16:19:28 2015
1.80, 0.00, 1.06, 0.00 , 7.177660E-005, -7.176260E-005, 2.274568E-011, -7.425550E-014, 2.150400E+004 1.570926E+074 2.150400E+004, Sun Sep 06 16:19:32 2015
1.80, 0.00, 1.08, 0.00 , 7.720017E-005, -7.719900E-005, 2.178139E-011, -1.015310E-013, 2.150400E+004 1.570926E+074 2.150400E+004, Sun Sep 06 16:19:36 2015
1.80, 0.00, 1.10, 0.00 , 8.276587E-005, -8.275860E-005, 2.916020E-011, -8.821490E-014, 2.150400E+004 1.570926E+074 2.150400E+004, Sun Sep 06 16:19:39 2015
1.80, 0.00, 1.12, 0.00 , 8.848983E-005, -8.846960E-005, 2.941175E-011, -1.229050E-013, 2.150400E+004 1.570926E+074 2.150400E+004, Sun Sep 06 16:19:43 2015
1.80, 0.00, 1.14, 0.00 , 9.433426E-005, -9.433080E-005, 2.228450E-011, -9.341240E-014, 2.150400E+004 1.570926E+074 2.150400E+004, Sun Sep 06 16:19:46 2015
1.80, 0.00, 1.16, 0.00 , 1.002502E-004, -1.002930E-004, 2.723160E-011, -6.721020E-014, 2.150400E+004 1.570926E+074 2.150400E+004, Sun Sep 06 16:19:50 2015
1.80, 0.00, 1.18, 0.00 , 1.064203E-004, -1.064120E-004, 3.578434E-011, -8.207560E-014, 2.150400E+004 1.570926E+074 2.150400E+004, Sun Sep 06 16:19:53 2015
1.80, 0.00, 1.20, 0.00 , 1.126350E-004, -1.126210E-004, 3.465235E-011, -1.005050E-013, 2.150400E+004 1.570926E+074 2.150400E+004, Sun Sep 06 16:19:57 2015
1.80, 0.00, 1.22, 0.00 , 1.189992E-004, -1.189470E-004, 3.033409E-011, -6.264450E-014, 2.150400E+004 1.570926E+074 2.150400E+004, Sun Sep 06 16:20:01 2015
1.80, 0.00, 1.24, 0.00 , 1.254418E-004, -1.254400E-004, 2.769281E-011, -9.834770E-014, 2.150400E+004 1.570926E+074 2.150400E+004, Sun Sep 06 16:20:04 2015
1.80, 0.00, 1.26, 0.00 , 1.320548E-004, -1.320130E-004, 3.834178E-011, -9.864570E-014, 2.150400E+004 1.570926E+074 2.150400E+004, Sun Sep 06 16:20:08 2015
1.80, 0.00, 1.28, 0.00 , 1.387081E-004, -1.386990E-004, 3.603590E-011, -8.461480E-014, 2.150400E+004 1.570926E+074 2.150400E+004, Sun Sep 06 16:20:11 2015
1.80, 0.00, 1.30, 0.00 , 1.455067E-004, -1.454290E-004, 3.339465E-011, -5.767350E-014, 2.150400E+004 1.570926E+074 2.150400E+004, Sun Sep 06 16:20:15 2015
1.80, 0.00, 1.32, 0.00 , 1.523675E-004, -1.522960E-004, 3.679054E-011, -1.339440E-013, 2.150400E+004 1.570926E+074 2.150400E+004, Sun Sep 06 16:20:18 2015
1.80, 0.00, 1.34, 0.00 , 1.592816E-004, -1.593220E-004, 4.878112E-011, -8.066890E-014, 2.150400E+004 1.570926E+074 2.150400E+004, Sun Sep 06 16:20:22 2015
1.80, 0.00, 1.36, 0.00 , 1.662870E-004, -1.663360E-004, 4.693644E-011, -8.300540E-014, 2.150400E+004 1.570926E+074 2.150400E+004, Sun Sep 06 16:20:25 2015
1.80, 0.00, 1.38, 0.00 , 1.734388E-004, -1.734870E-004, 4.697837E-011, -9.431840E-014, 2.150400E+004 1.570926E+074 2.150400E+004, Sun Sep 06 16:20:29 2015
1.80, 0.00, 1.40, 0.00 , 1.806625E-004, -1.806900E-004, 5.108700E-011, -7.523300E-014, 2.150400E+004 1.570926E+074 2.150400E+004, Sun Sep 06 16:20:32 2015
1.80, 0.00, 1.42, 0.00 , 1.879443E-004, -1.879580E-004, 3.670669E-011, -8.180140E-014, 2.150400E+004 1.570926E+074 2.150400E+004, Sun Sep 06 16:20:36 2015
1.80, 0.00, 1.44, 0.00 , 1.952034E-004, -1.952370E-004, 3.523929E-011, -8.976460E-014, 2.150400E+004 1.570926E+074 2.150400E+004, Sun Sep 06 16:20:40 2015
1.80, 0.00, 1.46, 0.00 , 2.027346E-004, -2.026220E-004, 3.867714E-011, -9.294750E-014, 2.150400E+004 1.570926E+074 2.150400E+004, Sun Sep 06 16:20:43 2015
1.80, 0.00, 1.48, 0.00 , 2.101623E-004, -2.101980E-004, 4.987121E-011, -9.963510E-014, 2.150400E+004 1.570926E+074 2.150400E+004, Sun Sep 06 16:20:47 2015
1.80, 0.00, 1.50, 0.00 , 2.177341E-004, -2.176510E-004, 4.370817E-011, -9.654760E-014, 2.150400E+004 1.570926E+074 2.150400E+004, Sun Sep 06 16:20:50 2015
1.80, 0.00, 1.52, 0.00 , 2.253287E-004, -2.253380E-004, 5.138051E-011, -1.062990E-013, 2.150400E+004 1.570926E+074 2.150400E+004, Sun Sep 06 16:20:54 2015
1.80, 0.00, 1.54, 0.00 , 2.329147E-004, -2.329610E-004, 4.546905E-011, -8.434060E-014, 2.150400E+004 1.570926E+074 2.150400E+004, Sun Sep 06 16:20:57 2015
1.80, 0.00, 1.56, 0.00 , 2.406541E-004, -2.406270E-004, 5.574067E-011, -9.162430E-014, 2.150400E+004 1.570926E+074 2.150400E+004, Sun Sep 06 16:21:01 2015
1.80, 0.00, 1.58, 0.00 , 2.483396E-004, -2.484000E-004, 4.542715E-011, -9.155270E-014, 2.150400E+004 1.570926E+074 2.150400E+004, Sun Sep 06 16:21:04 2015
1.80, 0.00, 1.60, 0.00 , 2.562569E-004, -2.562810E-004, 5.502789E-011, -8.395910E-014, 2.150400E+004 1.570926E+074 2.150400E+004, Sun Sep 06 16:21:08 2015
1.80, 0.00, 1.62, 0.00 , 2.640774E-004, -2.640990E-004, 4.932613E-011, -8.590220E-014, 2.150400E+004 1.570926E+074 2.150400E+004, Sun Sep 06 16:21:12 2015
1.80, 0.00, 1.64, 0.00 , 2.719775E-004, -2.718890E-004, 5.481831E-011, -1.004930E-013, 2.150400E+004 1.570926E+074 2.150400E+004, Sun Sep 06 16:21:15 2015
1.80, 0.00, 1.66, 0.00 , 2.799420E-004, -2.798950E-004, 5.574062E-011, -8.800030E-014, 2.150400E+004 1.570926E+074 2.150400E+004, Sun Sep 06 16:21:19 2015
1.80, 0.00, 1.68, 0.00 , 2.879214E-004, -2.878140E-004, 5.511176E-011, -8.486510E-014, 2.150400E+004 1.570926E+074 2.150400E+004, Sun Sep 06 16:21:22 2015
1.80, 0.00, 1.70, 0.00 , 2.958005E-004, -2.958090E-004, 5.553107E-011, -6.390810E-014, 2.150400E+004 1.570926E+074 2.150400E+004, Sun Sep 06 16:21:26 2015
1.80, 0.00, 1.72, 0.00 , 3.039111E-004, -3.038840E-004, 5.800464E-011, -1.085520E-013, 2.150400E+004 1.570926E+074 2.150400E+004, Sun Sep 06 16:21:29 2015
1.80, 0.00, 1.74, 0.00 , 3.118764E-004, -3.118700E-004, 6.727006E-011, -7.339720E-014, 2.150400E+004 1.570926E+074 2.150400E+004, Sun Sep 06 16:21:33 2015
1.80, 0.00, 1.76, 0.00 , 3.200150E-004, -3.199750E-004, 7.003721E-011, -9.405610E-014, 2.150400E+004 1.570926E+074 2.150400E+004, Sun Sep 06 16:21:36 2015
1.80, 0.00, 1.78, 0.00 , 3.281547E-004, -3.281730E-004, 7.196563E-011, -5.224940E-014, 2.150400E+004 1.570926E+074 2.150400E+004, Sun Sep 06 16:21:40 2015
1.80, 0.00, 1.80, 0.00 , 3.362850E-004, -3.362510E-004, 7.498428E-011, -5.692240E-014, 2.150400E+004 1.570926E+074 2.150400E+004, Sun Sep 06 16:21:44 2015
1.80, 0.00, 1.82, 0.00 , 3.444742E-004, -3.444300E-004, 7.632596E-011, -8.354190E-014, 2.150400E+004 1.570926E+074 2.150400E+004, Sun Sep 06 16:21:47 2015
1.80, 0.00, 1.84, 0.00 , 3.526267E-004, -3.526290E-004, 8.089575E-011, -6.209610E-014, 2.150400E+004 1.570926E+074 2.150400E+004, Sun Sep 06 16:21:51 2015
1.80, 0.00, 1.86, 0.00 , 3.608330E-004, -3.609220E-004, 7.934456E-011, -8.603330E-014, 2.150400E+004 1.570926E+074 2.150400E+004, Sun Sep 06 16:21:54 2015
1.80, 0.00, 1.88, 0.00 , 3.691463E-004, -3.690810E-004, 9.095770E-011, -6.582740E-014, 2.150400E+004 1.570926E+074 2.150400E+004, Sun Sep 06 16:21:58 2015
1.80, 0.00, 1.90, 0.00 , 3.773645E-004, -3.772660E-004, 9.355709E-011, -9.349580E-014, 2.150400E+004 1.570926E+074 2.150400E+004, Sun Sep 06 16:22:01 2015
1.80, 0.00, 1.92, 0.00 , 3.856492E-004, -3.856060E-004, 9.720463E-011, -8.578300E-014, 2.150400E+004 1.570926E+074 2.150400E+004, Sun Sep 06 16:22:05 2015
1.80, 0.00, 1.94, 0.00 , 3.938094E-004, -3.938110E-004, 9.955237E-011, -8.395910E-014, 2.150400E+004 1.570926E+074 2.150400E+004, Sun Sep 06 16:22:08 2015
1.80, 0.00, 1.96, 0.00 , 4.020740E-004, -4.020640E-004, 9.963626E-011, -1.064900E-013, 2.150400E+004 1.570926E+074 2.150400E+004, Sun Sep 06 16:22:12 2015
1.80, 0.00, 1.98, 0.00 , 4.104032E-004, -4.102750E-004, 1.080631E-010, -7.628200E-014, 2.150400E+004 1.570926E+074 2.150400E+004, Sun Sep 06 16:22:16 2015
1.80, 0.00, 2.00, 0.00 , 4.187456E-004, -4.186490E-004, 1.108302E-010, -1.003620E-013, 2.150400E+004 1.570926E+074 2.150400E+004, Sun Sep 06 16:22:19 2015
