0.00, 0.00, 1.60, 0.00 , 4.197712E-008, -4.050900E-008, 1.398425E-010, -8.770230E-014, 2.150400E+004 1.570926E+074 2.150400E+004, Sun Sep 06 16:36:10 2015
0.05, 0.00, 1.60, 0.00 , 2.173838E-005, -2.175030E-005, 1.298224E-010, -8.531810E-014, 2.150400E+004 1.570926E+074 2.150400E+004, Sun Sep 06 16:36:14 2015
0.10, 0.00, 1.60, 0.00 , 4.265342E-005, -4.263920E-005, 1.325475E-010, -8.879900E-014, 2.150400E+004 1.570926E+074 2.150400E+004, Sun Sep 06 16:36:18 2015
0.15, 0.00, 1.60, 0.00 , 6.265045E-005, -6.265120E-005, 1.233240E-010, -7.842780E-014, 2.150400E+004 1.570926E+074 2.150400E+004, Sun Sep 06 16:36:21 2015
0.20, 0.00, 1.60, 0.00 , 8.172131E-005, -8.171170E-005, 1.097821E-010, -9.883640E-014, 2.150400E+004 1.570926E+074 2.150400E+004, Sun Sep 06 16:36:25 2015
0.25, 0.00, 1.60, 0.00 , 9.982485E-005, -9.979390E-005, 1.251268E-010, -7.450580E-014, 2.150400E+004 1.570926E+074 2.150400E+004, Sun Sep 06 16:36:28 2015
0.30, 0.00, 1.60, 0.00 , 1.169696E-004, -1.169750E-004, 1.096564E-010, -1.003860E-013, 2.150400E+004 1.570926E+074 2.150400E+004, Sun Sep 06 16:36:32 2015
0.35, 0.00, 1.60, 0.00 , 1.330733E-004, -1.330600E-004, 1.208505E-010, -1.045580E-013, 2.150400E+004 1.570926E+074 2.150400E+004, Sun Sep 06 16:36:36 2015
0.40, 0.00, 1.60, 0.00 , 1.481053E-004, -1.480680E-004, 1.286066E-010, -6.895070E-014, 2.150400E+004 1.570926E+074 2.150400E+004, Sun Sep 06 16:36:39 2015
0.45, 0.00, 1.60, 0.00 , 1.619223E-004, -1.618880E-004, 1.118366E-010, -9.843110E-014, 2.150400E+004 1.570926E+074 2.150400E+004, Sun Sep 06 16:36:43 2015
0.50, 0.00, 1.60, 0.00 , 1.746381E-004, -1.746210E-004, 1.000975E-010, -6.986860E-014, 2.150400E+004 1.570926E+074 2.150400E+004, Sun Sep 06 16:36:46 2015
0.55, 0.00, 1.60, 0.00 , 1.861510E-004, -1.861290E-004, 1.019003E-010, -6.674530E-014, 2.150400E+004 1.570926E+074 2.150400E+004, Sun Sep 06 16:36:50 2015
0.60, 0.00, 1.60, 0.00 , 1.964126E-004, -1.964020E-004, 1.010617E-010, -9.114740E-014, 2.150400E+004 1.570926E+074 2.150400E+004, Sun Sep 06 16:36:53 2015
0.65, 0.00, 1.60, 0.00 , 2.056123E-004, -2.055740E-004, 9.401842E-011, -7.504220E-014, 2.150400E+004 1.570926E+074 2.150400E+004, Sun Sep 06 16:36:57 2015
0.70, 0.00, 1.60, 0.00 , 2.135861E-004, -2.135940E-004, 8.810689E-011, -1.023410E-013, 2.150400E+004 1.570926E+074 2.150400E+004, Sun Sep 06 16:37:01 2015
0.75, 0.00, 1.60, 0.00 , 2.204509E-004, -2.203650E-004, 8.659764E-011, -6.775860E-014, 2.150400E+004 1.570926E+074 2.150400E+004, Sun Sep 06 16:37:04 2015
0.80, 0.00, 1.60, 0.00 , 2.262200E-004, -2.261650E-004, 8.399823E-011, -8.584260E-014, 2.150400E+004 1.570926E+074 2.150400E+004, Sun Sep 06 16:37:08 2015
0.85, 0.00, 1.60, 0.00 , 2.309629E-004, -2.309990E-004, 8.663958E-011, -9.179120E-014, 2.150400E+004 1.570926E+074 2.150400E+004, Sun Sep 06 16:37:11 2015
0.90, 0.00, 1.60, 0.00 , 2.350170E-004, -2.349910E-004, 9.238329E-011, -7.622240E-014, 2.150400E+004 1.570926E+074 2.150400E+004, Sun Sep 06 16:37:15 2015
0.95, 0.00, 1.60, 0.00 , 2.382468E-004, -2.382240E-004, 9.271870E-011, -7.376670E-014, 2.150400E+004 1.570926E+074 2.150400E+004, Sun Sep 06 16:37:18 2015
1.00, 0.00, 1.60, 0.00 , 2.408031E-004, -2.407540E-004, 8.077003E-011, -8.227830E-014, 2.150400E+004 1.570926E+074 2.150400E+004, Sun Sep 06 16:37:22 2015
1.05, 0.00, 1.60, 0.00 , 2.428803E-004, -2.428350E-004, 7.938652E-011, -9.447340E-014, 2.150400E+004 1.570926E+074 2.150400E+004, Sun Sep 06 16:37:25 2015
1.10, 0.00, 1.60, 0.00 , 2.445498E-004, -2.445110E-004, 7.204969E-011, -8.232590E-014, 2.150400E+004 1.570926E+074 2.150400E+004, Sun Sep 06 16:37:29 2015
1.15, 0.00, 1.60, 0.00 , 2.459169E-004, -2.459330E-004, 7.133686E-011, -8.139610E-014, 2.150400E+004 1.570926E+074 2.150400E+004, Sun Sep 06 16:37:32 2015
1.20, 0.00, 1.60, 0.00 , 2.471474E-004, -2.470920E-004, 6.592856E-011, -6.299020E-014, 2.150400E+004 1.570926E+074 2.150400E+004, Sun Sep 06 16:37:36 2015
1.25, 0.00, 1.60, 0.00 , 2.481712E-004, -2.480990E-004, 6.517384E-011, -6.148820E-014, 2.150400E+004 1.570926E+074 2.150400E+004, Sun Sep 06 16:37:40 2015
1.30, 0.00, 1.60, 0.00 , 2.490586E-004, -2.490400E-004, 6.831833E-011, -7.144210E-014, 2.150400E+004 1.570926E+074 2.150400E+004, Sun Sep 06 16:37:43 2015
1.35, 0.00, 1.60, 0.00 , 2.498931E-004, -2.498710E-004, 7.519400E-011, -6.941560E-014, 2.150400E+004 1.570926E+074 2.150400E+004, Sun Sep 06 16:37:47 2015
1.40, 0.00, 1.60, 0.00 , 2.506501E-004, -2.506710E-004, 7.917694E-011, -9.069440E-014, 2.150400E+004 1.570926E+074 2.150400E+004, Sun Sep 06 16:37:50 2015
1.45, 0.00, 1.60, 0.00 , 2.513332E-004, -2.513560E-004, 7.573900E-011, -8.944270E-014, 2.150400E+004 1.570926E+074 2.150400E+004, Sun Sep 06 16:37:54 2015
1.50, 0.00, 1.60, 0.00 , 2.520403E-004, -2.519540E-004, 7.418782E-011, -6.912950E-014, 2.150400E+004 1.570926E+074 2.150400E+004, Sun Sep 06 16:37:57 2015
1.55, 0.00, 1.60, 0.00 , 2.527317E-004, -2.526750E-004, 7.326531E-011, -8.058550E-014, 2.150400E+004 1.570926E+074 2.150400E+004, Sun Sep 06 16:38:01 2015
1.60, 0.00, 1.60, 0.00 , 2.533644E-004, -2.533970E-004, 6.689284E-011, -8.901360E-014, 2.150400E+004 1.570926E+074 2.150400E+004, Sun Sep 06 16:38:04 2015
1.65, 0.00, 1.60, 0.00 , 2.539837E-004, -2.539330E-004, 7.196577E-011, -7.659200E-014, 2.150400E+004 1.570926E+074 2.150400E+004, Sun Sep 06 16:38:08 2015
1.70, 0.00, 1.60, 0.00 , 2.546481E-004, -2.545570E-004, 6.773134E-011, -1.021500E-013, 2.150400E+004 1.570926E+074 2.150400E+004, Sun Sep 06 16:38:11 2015
1.75, 0.00, 1.60, 0.00 , 2.551922E-004, -2.551530E-004, 7.217536E-011, -1.049160E-013, 2.150400E+004 1.570926E+074 2.150400E+004, Sun Sep 06 16:38:15 2015
1.80, 0.00, 1.60, 0.00 , 2.557518E-004, -2.557090E-004, 7.301391E-011, -9.047980E-014, 2.150400E+004 1.570926E+074 2.150400E+004, Sun Sep 06 16:38:19 2015
1.85, 0.00, 1.60, 0.00 , 2.562953E-004, -2.563010E-004, 8.412405E-011, -9.176730E-014, 2.150400E+004 1.570926E+074 2.150400E+004, Sun Sep 06 16:38:22 2015
1.90, 0.00, 1.60, 0.00 , 2.569162E-004, -2.568690E-004, 6.504811E-011, -1.005410E-013, 2.150400E+004 1.570926E+074 2.150400E+004, Sun Sep 06 16:38:26 2015
1.95, 0.00, 1.60, 0.00 , 2.573747E-004, -2.574060E-004, 7.355897E-011, -8.500810E-014, 2.150400E+004 1.570926E+074 2.150400E+004, Sun Sep 06 16:38:29 2015
2.00, 0.00, 1.60, 0.00 , 2.579504E-004, -2.578820E-004, 7.066610E-011, -7.189510E-014, 2.150400E+004 1.570926E+074 2.150400E+004, Sun Sep 06 16:38:33 2015
