1.80, 1.80, 0.60, 1.80 , 1.910967E-010, -9.956740E-011, 1.469584E-011, 2.564680E-011, 2.150400E+004 1.570926E+074 2.150400E+004, Sun Aug 23 08:33:18 2015
1.75, 1.80, 0.60, 1.80 , -1.509654E-007, 1.504320E-007, 1.846909E-011, 2.530250E-011, 2.150400E+004 1.570926E+074 2.150400E+004, Sun Aug 23 08:33:24 2015
1.70, 1.80, 0.60, 1.80 , -3.888038E-007, 3.890300E-007, 1.872066E-011, 2.546830E-011, 2.150400E+004 1.570926E+074 2.150400E+004, Sun Aug 23 08:33:28 2015
1.65, 1.80, 0.60, 1.80 , -5.884295E-007, 5.881510E-007, 2.027185E-011, 2.564460E-011, 2.150400E+004 1.570926E+074 2.150400E+004, Sun Aug 23 08:33:31 2015
1.60, 1.80, 0.60, 1.80 , -7.270098E-007, 7.262750E-007, 2.337429E-011, 2.572380E-011, 2.150400E+004 1.570926E+074 2.150400E+004, Sun Aug 23 08:33:35 2015
1.55, 1.80, 0.60, 1.80 , -7.777232E-007, 7.770200E-007, 2.081686E-011, 2.543690E-011, 2.150400E+004 1.570926E+074 2.150400E+004, Sun Aug 23 08:33:41 2015
1.50, 1.80, 0.60, 1.80 , -8.054355E-007, 8.047050E-007, 2.350005E-011, 2.577070E-011, 2.150400E+004 1.570926E+074 2.150400E+004, Sun Aug 23 08:33:44 2015
1.45, 1.80, 0.60, 1.80 , -8.063655E-007, 8.054820E-007, 2.257772E-011, 2.578870E-011, 2.150400E+004 1.570926E+074 2.150400E+004, Sun Aug 23 08:33:48 2015
1.40, 1.80, 0.60, 1.80 , -7.957102E-007, 7.949170E-007, 2.442241E-011, 2.555490E-011, 2.150400E+004 1.570926E+074 2.150400E+004, Sun Aug 23 08:33:51 2015
1.35, 1.80, 0.60, 1.80 , -7.811467E-007, 7.808020E-007, 2.702175E-011, 2.557360E-011, 2.150400E+004 1.570926E+074 2.150400E+004, Sun Aug 23 08:33:55 2015
1.30, 1.80, 0.60, 1.80 , -7.682924E-007, 7.678080E-007, 2.282926E-011, 2.566380E-011, 2.150400E+004 1.570926E+074 2.150400E+004, Sun Aug 23 08:33:58 2015
1.25, 1.80, 0.60, 1.80 , -7.569245E-007, 7.565960E-007, 2.513513E-011, 2.601540E-011, 2.150400E+004 1.570926E+074 2.150400E+004, Sun Aug 23 08:34:02 2015
1.20, 1.80, 0.60, 1.80 , -7.470983E-007, 7.471630E-007, 2.777642E-011, 2.617420E-011, 2.150400E+004 1.570926E+074 2.150400E+004, Sun Aug 23 08:34:05 2015
1.15, 1.80, 0.60, 1.80 , -7.393140E-007, 7.392090E-007, 2.714752E-011, 2.613220E-011, 2.150400E+004 1.570926E+074 2.150400E+004, Sun Aug 23 08:34:09 2015
1.10, 1.80, 0.60, 1.80 , -7.323248E-007, 7.321800E-007, 2.656058E-011, 2.611090E-011, 2.150400E+004 1.570926E+074 2.150400E+004, Sun Aug 23 08:34:13 2015
1.05, 1.80, 0.60, 1.80 , -7.262603E-007, 7.258850E-007, 2.886646E-011, 2.605720E-011, 2.150400E+004 1.570926E+074 2.150400E+004, Sun Aug 23 08:34:16 2015
1.00, 1.80, 0.60, 1.80 , -7.200059E-007, 7.197740E-007, 2.840533E-011, 2.587850E-011, 2.150400E+004 1.570926E+074 2.150400E+004, Sun Aug 23 08:34:20 2015
0.95, 1.80, 0.60, 1.80 , -7.145219E-007, 7.146440E-007, 2.823756E-011, 2.608380E-011, 2.150400E+004 1.570926E+074 2.150400E+004, Sun Aug 23 08:34:23 2015
0.90, 1.80, 0.60, 1.80 , -7.102708E-007, 7.099220E-007, 2.844723E-011, 2.614940E-011, 2.150400E+004 1.570926E+074 2.150400E+004, Sun Aug 23 08:34:27 2015
0.85, 1.80, 0.60, 1.80 , -7.061533E-007, 7.062390E-007, 2.874067E-011, 2.625880E-011, 2.150400E+004 1.570926E+074 2.150400E+004, Sun Aug 23 08:34:30 2015
0.80, 1.80, 0.60, 1.80 , -7.026235E-007, 7.028230E-007, 2.853105E-011, 2.637660E-011, 2.150400E+004 1.570926E+074 2.150400E+004, Sun Aug 23 08:34:34 2015
0.75, 1.80, 0.60, 1.80 , -6.996096E-007, 6.993990E-007, 3.230426E-011, 2.588950E-011, 2.150400E+004 1.570926E+074 2.150400E+004, Sun Aug 23 08:34:37 2015
0.70, 1.80, 0.60, 1.80 , -6.965629E-007, 6.964150E-007, 3.079499E-011, 2.589040E-011, 2.150400E+004 1.570926E+074 2.150400E+004, Sun Aug 23 08:34:41 2015
0.65, 1.80, 0.60, 1.80 , -6.941323E-007, 6.944870E-007, 3.205277E-011, 2.602010E-011, 2.150400E+004 1.570926E+074 2.150400E+004, Sun Aug 23 08:34:44 2015
0.60, 1.80, 0.60, 1.80 , -6.919726E-007, 6.920050E-007, 3.113044E-011, 2.621310E-011, 2.150400E+004 1.570926E+074 2.150400E+004, Sun Aug 23 08:34:48 2015
0.55, 1.80, 0.60, 1.80 , -6.899922E-007, 6.903540E-007, 2.962110E-011, 2.633580E-011, 2.150400E+004 1.570926E+074 2.150400E+004, Sun Aug 23 08:34:52 2015
0.50, 1.80, 0.60, 1.80 , -6.891904E-007, 6.890600E-007, 3.322665E-011, 2.611640E-011, 2.150400E+004 1.570926E+074 2.150400E+004, Sun Aug 23 08:34:55 2015
0.45, 1.80, 0.60, 1.80 , -6.883690E-007, 6.886410E-007, 3.154963E-011, 2.602880E-011, 2.150400E+004 1.570926E+074 2.150400E+004, Sun Aug 23 08:34:59 2015
0.40, 1.80, 0.60, 1.80 , -6.892134E-007, 6.898860E-007, 3.410706E-011, 2.608060E-011, 2.150400E+004 1.570926E+074 2.150400E+004, Sun Aug 23 08:35:02 2015
0.35, 1.80, 0.60, 1.80 , -6.942855E-007, 6.949570E-007, 3.544870E-011, 2.613580E-011, 2.150400E+004 1.570926E+074 2.150400E+004, Sun Aug 23 08:35:06 2015
0.30, 1.80, 0.60, 1.80 , -7.069445E-007, 7.079150E-007, 3.188502E-011, 2.619100E-011, 2.150400E+004 1.570926E+074 2.150400E+004, Sun Aug 23 08:35:09 2015
0.25, 1.80, 0.60, 1.80 , -7.378873E-007, 7.390660E-007, 2.957918E-011, 2.624320E-011, 2.150400E+004 1.570926E+074 2.150400E+004, Sun Aug 23 08:35:14 2015
0.20, 1.80, 0.60, 1.80 , -7.864122E-007, 7.881130E-007, 3.125622E-011, 2.678880E-011, 2.150400E+004 1.570926E+074 2.150400E+004, Sun Aug 23 08:35:20 2015
0.15, 1.80, 0.60, 1.80 , -8.609027E-007, 8.625570E-007, 3.666444E-011, 2.681380E-011, 2.150400E+004 1.570926E+074 2.150400E+004, Sun Aug 23 08:35:27 2015
0.10, 1.80, 0.60, 1.80 , -9.395181E-007, 9.409660E-007, 3.188503E-011, 2.635570E-011, 2.150400E+004 1.570926E+074 2.150400E+004, Sun Aug 23 08:35:33 2015
0.05, 1.80, 0.60, 1.80 , -9.904535E-007, 9.907980E-007, 3.393934E-011, 2.659710E-011, 2.150400E+004 1.570926E+074 2.150400E+004, Sun Aug 23 08:35:38 2015
0.00, 1.80, 0.60, 1.80 , -1.037633E-006, 1.038950E-006, 3.385553E-011, 2.649020E-011, 2.150400E+004 1.570926E+074 2.150400E+004, Sun Aug 23 08:35:42 2015
-0.05, 1.80, 0.60, 1.80 , -1.097946E-006, 1.097660E-006, 3.419091E-011, 2.692610E-011, 2.150400E+004 1.570926E+074 2.150400E+004, Sun Aug 23 08:35:46 2015
-0.10, 1.80, 0.60, 1.80 , -1.155100E-006, 1.154320E-006, 3.645486E-011, 2.639220E-011, 2.150400E+004 1.570926E+074 2.150400E+004, Sun Aug 23 08:35:50 2015
-0.15, 1.80, 0.60, 1.80 , -1.212058E-006, 1.212560E-006, 3.616139E-011, 2.659290E-011, 2.150400E+004 1.570926E+074 2.150400E+004, Sun Aug 23 08:35:53 2015
-0.20, 1.80, 0.60, 1.80 , -1.288088E-006, 1.287080E-006, 3.544866E-011, 2.681410E-011, 2.150400E+004 1.570926E+074 2.150400E+004, Sun Aug 23 08:35:57 2015
