1.80, 1.80, 1.40, 1.80 , 5.362263E-011, 3.617770E-011, 7.228502E-010, 2.222940E-011, 2.150400E+004 1.570926E+074 2.150400E+004, Sun Aug 23 08:11:21 2015
1.75, 1.80, 1.40, 1.80 , 4.400196E-011, 3.586390E-011, 7.576895E-010, 2.285120E-011, 2.150400E+004 1.570926E+074 2.150400E+004, Sun Aug 23 08:11:27 2015
1.70, 1.80, 1.40, 1.80 , 3.387494E-011, 3.547530E-011, 7.729088E-010, 2.244840E-011, 2.150400E+004 1.570926E+074 2.150400E+004, Sun Aug 23 08:11:31 2015
1.65, 1.80, 1.40, 1.80 , 1.501340E-011, 3.697400E-011, 8.399878E-010, 2.339320E-011, 2.150400E+004 1.570926E+074 2.150400E+004, Sun Aug 23 08:13:16 2015
1.60, 1.80, 1.40, 1.80 , 7.038379E-012, 3.701810E-011, 8.402396E-010, 2.311390E-011, 2.150400E+004 1.570926E+074 2.150400E+004, Sun Aug 23 08:13:19 2015
1.55, 1.80, 1.40, 1.80 , 6.278849E-012, 3.694780E-011, 8.610762E-010, 2.387440E-011, 2.150400E+004 1.570926E+074 2.150400E+004, Sun Aug 23 08:13:24 2015
1.50, 1.80, 1.40, 1.80 , 2.523419E-012, 3.702610E-011, 8.563802E-010, 2.338900E-011, 2.150400E+004 1.570926E+074 2.150400E+004, Sun Aug 23 08:13:28 2015
1.45, 1.80, 1.40, 1.80 , 6.152264E-012, 3.680080E-011, 8.584347E-010, 2.419200E-011, 2.150400E+004 1.570926E+074 2.150400E+004, Sun Aug 23 08:13:31 2015
1.40, 1.80, 1.40, 1.80 , 7.088954E-013, 3.659480E-011, 8.612436E-010, 2.473140E-011, 2.150400E+004 1.570926E+074 2.150400E+004, Sun Aug 23 08:13:35 2015
1.35, 1.80, 1.40, 1.80 , 6.244965E-013, 3.728480E-011, 8.443482E-010, 2.452390E-011, 2.150400E+004 1.570926E+074 2.150400E+004, Sun Aug 23 08:13:39 2015
1.30, 1.80, 1.40, 1.80 , -4.523825E-012, 3.710450E-011, 8.508466E-010, 2.388280E-011, 2.150400E+004 1.570926E+074 2.150400E+004, Sun Aug 23 08:13:42 2015
1.25, 1.80, 1.40, 1.80 , -5.114611E-012, 3.682160E-011, 8.571771E-010, 2.404130E-011, 2.150400E+004 1.570926E+074 2.150400E+004, Sun Aug 23 08:13:46 2015
1.20, 1.80, 1.40, 1.80 , -6.464989E-012, 3.738670E-011, 8.674492E-010, 2.480710E-011, 2.150400E+004 1.570926E+074 2.150400E+004, Sun Aug 23 08:13:50 2015
1.15, 1.80, 1.40, 1.80 , -7.182383E-012, 3.755270E-011, 8.664846E-010, 2.459700E-011, 2.150400E+004 1.570926E+074 2.150400E+004, Sun Aug 23 08:13:53 2015
1.10, 1.80, 1.40, 1.80 , -9.840941E-012, 3.740110E-011, 8.639269E-010, 2.464040E-011, 2.150400E+004 1.570926E+074 2.150400E+004, Sun Aug 23 08:13:57 2015
1.05, 1.80, 1.40, 1.80 , -9.798741E-012, 3.734180E-011, 8.667781E-010, 2.459830E-011, 2.150400E+004 1.570926E+074 2.150400E+004, Sun Aug 23 08:14:03 2015
1.00, 1.80, 1.40, 1.80 , -1.507365E-011, 3.857790E-011, 8.673649E-010, 2.481160E-011, 2.150400E+004 1.570926E+074 2.150400E+004, Sun Aug 23 08:14:40 2015
0.95, 1.80, 1.40, 1.80 , -8.701568E-012, 3.705720E-011, 8.477863E-010, 2.538660E-011, 2.150400E+004 1.570926E+074 2.150400E+004, Sun Aug 23 08:14:46 2015
0.90, 1.80, 1.40, 1.80 , -8.195175E-012, 3.698270E-011, 8.556674E-010, 2.417760E-011, 2.150400E+004 1.570926E+074 2.150400E+004, Sun Aug 23 08:15:03 2015
0.85, 1.80, 1.40, 1.80 , -1.878720E-011, 3.683800E-011, 8.604884E-010, 2.444520E-011, 2.150400E+004 1.570926E+074 2.150400E+004, Sun Aug 23 08:15:38 2015
0.80, 1.80, 1.40, 1.80 , -2.558127E-011, 3.738230E-011, 8.255653E-010, 2.440970E-011, 2.150400E+004 1.570926E+074 2.150400E+004, Sun Aug 23 08:16:11 2015
0.75, 1.80, 1.40, 1.80 , -2.347133E-011, 3.731060E-011, 8.356691E-010, 2.441400E-011, 2.150400E+004 1.570926E+074 2.150400E+004, Sun Aug 23 08:16:40 2015
0.70, 1.80, 1.40, 1.80 , -2.811323E-011, 3.749820E-011, 8.539067E-010, 2.449990E-011, 2.150400E+004 1.570926E+074 2.150400E+004, Sun Aug 23 08:16:54 2015
0.65, 1.80, 1.40, 1.80 , -3.203776E-011, 3.747670E-011, 8.405737E-010, 2.481890E-011, 2.150400E+004 1.570926E+074 2.150400E+004, Sun Aug 23 08:17:50 2015
0.60, 1.80, 1.40, 1.80 , -3.562474E-011, 3.748330E-011, 8.443055E-010, 2.536230E-011, 2.150400E+004 1.570926E+074 2.150400E+004, Sun Aug 23 08:18:03 2015
0.55, 1.80, 1.40, 1.80 , -3.511831E-011, 3.754080E-011, 8.179343E-010, 2.500000E-011, 2.150400E+004 1.570926E+074 2.150400E+004, Sun Aug 23 08:18:52 2015
0.50, 1.80, 1.40, 1.80 , -3.908507E-011, 3.635260E-011, 7.698466E-010, 2.469480E-011, 2.150400E+004 1.570926E+074 2.150400E+004, Sun Aug 23 08:19:35 2015
0.45, 1.80, 1.40, 1.80 , -4.250323E-011, 3.399090E-011, 7.521535E-010, 2.453760E-011, 2.150400E+004 1.570926E+074 2.150400E+004, Sun Aug 23 08:19:49 2015
0.40, 1.80, 1.40, 1.80 , -4.195461E-011, 3.588530E-011, 7.522380E-010, 2.462100E-011, 2.150400E+004 1.570926E+074 2.150400E+004, Sun Aug 23 08:20:03 2015
0.35, 1.80, 1.40, 1.80 , -4.684972E-011, 3.557840E-011, 7.035637E-010, 2.436400E-011, 2.150400E+004 1.570926E+074 2.150400E+004, Sun Aug 23 08:20:21 2015
0.30, 1.80, 1.40, 1.80 , -4.435997E-011, 3.507080E-011, 6.864165E-010, 2.403340E-011, 2.150400E+004 1.570926E+074 2.150400E+004, Sun Aug 23 08:21:01 2015
0.25, 1.80, 1.40, 1.80 , -4.739832E-011, 3.461300E-011, 6.705264E-010, 2.383270E-011, 2.150400E+004 1.570926E+074 2.150400E+004, Sun Aug 23 08:21:18 2015
0.20, 1.80, 1.40, 1.80 , -4.646992E-011, 3.444600E-011, 6.201749E-010, 2.301130E-011, 2.150400E+004 1.570926E+074 2.150400E+004, Sun Aug 23 08:22:28 2015
0.15, 1.80, 1.40, 1.80 , -4.959264E-011, 3.367050E-011, 6.117480E-010, 2.340670E-011, 2.150400E+004 1.570926E+074 2.150400E+004, Sun Aug 23 08:22:43 2015
0.10, 1.80, 1.40, 1.80 , -5.393924E-011, 3.553090E-011, 6.089805E-010, 2.346880E-011, 2.150400E+004 1.570926E+074 2.150400E+004, Sun Aug 23 08:22:52 2015
0.05, 1.80, 1.40, 1.80 , -5.761053E-011, 3.329170E-011, 6.164017E-010, 2.292840E-011, 2.150400E+004 1.570926E+074 2.150400E+004, Sun Aug 23 08:23:04 2015
0.00, 1.80, 1.40, 1.80 , -5.347502E-011, 3.313220E-011, 6.007215E-010, 2.316630E-011, 2.150400E+004 1.570926E+074 2.150400E+004, Sun Aug 23 08:23:22 2015
-0.05, 1.80, 1.40, 1.80 , -6.136625E-011, 3.389130E-011, 6.146824E-010, 2.204850E-011, 2.150400E+004 1.570926E+074 2.150400E+004, Sun Aug 23 08:23:29 2015
-0.10, 1.80, 1.40, 1.80 , -6.136627E-011, 3.285250E-011, 6.225641E-010, 2.307970E-011, 2.150400E+004 1.570926E+074 2.150400E+004, Sun Aug 23 08:23:42 2015
-0.15, 1.80, 1.40, 1.80 , -6.710538E-011, 3.379660E-011, 6.203427E-010, 2.284160E-011, 2.150400E+004 1.570926E+074 2.150400E+004, Sun Aug 23 08:23:55 2015
-0.20, 1.80, 1.40, 1.80 , -6.537521E-011, 3.330710E-011, 6.318295E-010, 2.293290E-011, 2.150400E+004 1.570926E+074 2.150400E+004, Sun Aug 23 08:24:16 2015
