0.00, 0.00, 0.80, 0.00 , 1.306344E-010, -1.759250E-010, -2.760679E-011, -7.474420E-014, 2.150400E+004 1.570926E+074 2.150400E+004, Sun Oct 11 03:53:16 2015
0.05, 0.00, 0.80, 0.00 , 5.505026E-007, -5.463470E-007, -2.567804E-011, -8.877520E-014, 2.150400E+004 1.570926E+074 2.150400E+004, Sun Oct 11 03:53:22 2015
0.10, 0.00, 0.80, 0.00 , 1.184879E-006, -1.181880E-006, -2.781643E-011, -8.083580E-014, 2.150400E+004 1.570926E+074 2.150400E+004, Sun Oct 11 03:53:35 2015
0.15, 0.00, 0.80, 0.00 , 1.259332E-006, -1.257380E-006, -2.626505E-011, -9.024140E-014, 2.150400E+004 1.570926E+074 2.150400E+004, Sun Oct 11 03:53:46 2015
0.20, 0.00, 0.80, 0.00 , 1.278584E-006, -1.276080E-006, -2.203030E-011, -9.300710E-014, 2.150400E+004 1.570926E+074 2.150400E+004, Sun Oct 11 03:53:51 2015
0.25, 0.00, 0.80, 0.00 , 1.267177E-006, -1.266530E-006, -2.521682E-011, -9.721520E-014, 2.150400E+004 1.570926E+074 2.150400E+004, Sun Oct 11 03:53:55 2015
0.30, 0.00, 0.80, 0.00 , 1.248742E-006, -1.247690E-006, -2.987097E-011, -7.964370E-014, 2.150400E+004 1.570926E+074 2.150400E+004, Sun Oct 11 03:53:58 2015
0.35, 0.00, 0.80, 0.00 , 1.228468E-006, -1.226930E-006, -3.070955E-011, -9.485480E-014, 2.150400E+004 1.570926E+074 2.150400E+004, Sun Oct 11 03:54:02 2015
0.40, 0.00, 0.80, 0.00 , 1.208054E-006, -1.206780E-006, -2.425245E-011, -7.121560E-014, 2.150400E+004 1.570926E+074 2.150400E+004, Sun Oct 11 03:54:05 2015
0.45, 0.00, 0.80, 0.00 , 1.187584E-006, -1.186420E-006, -2.928396E-011, -1.050110E-013, 2.150400E+004 1.570926E+074 2.150400E+004, Sun Oct 11 03:54:09 2015
0.50, 0.00, 0.80, 0.00 , 1.169670E-006, -1.169200E-006, -2.848730E-011, -9.770390E-014, 2.150400E+004 1.570926E+074 2.150400E+004, Sun Oct 11 03:54:12 2015
0.55, 0.00, 0.80, 0.00 , 1.152884E-006, -1.152510E-006, -3.054183E-011, -9.167190E-014, 2.150400E+004 1.570926E+074 2.150400E+004, Sun Oct 11 03:54:16 2015
0.60, 0.00, 0.80, 0.00 , 1.139116E-006, -1.136390E-006, -3.431546E-011, -1.009700E-013, 2.150400E+004 1.570926E+074 2.150400E+004, Sun Oct 11 03:54:19 2015
0.65, 0.00, 0.80, 0.00 , 1.123311E-006, -1.123820E-006, -3.213514E-011, -1.151680E-013, 2.150400E+004 1.570926E+074 2.150400E+004, Sun Oct 11 03:54:23 2015
0.70, 0.00, 0.80, 0.00 , 1.111277E-006, -1.108910E-006, -3.171585E-011, -1.062750E-013, 2.150400E+004 1.570926E+074 2.150400E+004, Sun Oct 11 03:54:27 2015
0.75, 0.00, 0.80, 0.00 , 1.099048E-006, -1.096300E-006, -3.209321E-011, -8.523460E-014, 2.150400E+004 1.570926E+074 2.150400E+004, Sun Oct 11 03:54:30 2015
0.80, 0.00, 0.80, 0.00 , 1.086921E-006, -1.085750E-006, -2.681013E-011, -9.620190E-014, 2.150400E+004 1.570926E+074 2.150400E+004, Sun Oct 11 03:54:34 2015
0.85, 0.00, 0.80, 0.00 , 1.076652E-006, -1.077050E-006, -3.477669E-011, -8.307700E-014, 2.150400E+004 1.570926E+074 2.150400E+004, Sun Oct 11 03:54:37 2015
0.90, 0.00, 0.80, 0.00 , 1.066800E-006, -1.065590E-006, -3.062569E-011, -9.467600E-014, 2.150400E+004 1.570926E+074 2.150400E+004, Sun Oct 11 03:54:41 2015
0.95, 0.00, 0.80, 0.00 , 1.056755E-006, -1.055700E-006, -2.815187E-011, -8.589030E-014, 2.150400E+004 1.570926E+074 2.150400E+004, Sun Oct 11 03:54:44 2015
1.00, 0.00, 0.80, 0.00 , 1.048882E-006, -1.048810E-006, -3.393810E-011, -6.029610E-014, 2.150400E+004 1.570926E+074 2.150400E+004, Sun Oct 11 03:54:48 2015
1.05, 0.00, 0.80, 0.00 , 1.042509E-006, -1.041580E-006, -2.773257E-011, -9.059910E-014, 2.150400E+004 1.570926E+074 2.150400E+004, Sun Oct 11 03:54:51 2015
1.10, 0.00, 0.80, 0.00 , 1.042427E-006, -1.042600E-006, -2.982904E-011, -1.075270E-013, 2.150400E+004 1.570926E+074 2.150400E+004, Sun Oct 11 03:54:55 2015
1.15, 0.00, 0.80, 0.00 , 1.096169E-006, -1.097750E-006, -2.940975E-011, -9.462830E-014, 2.150400E+004 1.570926E+074 2.150400E+004, Sun Oct 11 03:55:01 2015
1.20, 0.00, 0.80, 0.00 , 1.605236E-006, -1.606230E-006, -2.655855E-011, -7.762910E-014, 2.150400E+004 1.570926E+074 2.150400E+004, Sun Oct 11 03:55:16 2015
1.25, 0.00, 0.80, 0.00 , 2.444623E-006, -2.447550E-006, -2.970325E-011, -8.652210E-014, 2.150400E+004 1.570926E+074 2.150400E+004, Sun Oct 11 03:55:27 2015
1.30, 0.00, 0.80, 0.00 , 3.269777E-006, -3.273380E-006, -2.127565E-011, -1.091720E-013, 2.150400E+004 1.570926E+074 2.150400E+004, Sun Oct 11 03:55:32 2015
1.35, 0.00, 0.80, 0.00 , 4.012056E-006, -3.990470E-006, -2.697785E-011, -7.479190E-014, 2.150400E+004 1.570926E+074 2.150400E+004, Sun Oct 11 03:55:36 2015
1.40, 0.00, 0.80, 0.00 , 4.886283E-006, -4.868490E-006, -3.008061E-011, -8.172990E-014, 2.150400E+004 1.570926E+074 2.150400E+004, Sun Oct 11 03:55:39 2015
1.45, 0.00, 0.80, 0.00 , 5.592834E-006, -5.591540E-006, -2.911624E-011, -7.561450E-014, 2.150400E+004 1.570926E+074 2.150400E+004, Sun Oct 11 03:55:43 2015
1.50, 0.00, 0.80, 0.00 , 6.310669E-006, -6.317940E-006, -2.995483E-011, -1.115800E-013, 2.150400E+004 1.570926E+074 2.150400E+004, Sun Oct 11 03:55:46 2015
1.55, 0.00, 0.80, 0.00 , 7.473130E-006, -7.473370E-006, -2.882273E-011, -9.377000E-014, 2.150400E+004 1.570926E+074 2.150400E+004, Sun Oct 11 03:55:50 2015
1.60, 0.00, 0.80, 0.00 , 9.097189E-006, -9.105640E-006, -3.062569E-011, -1.206280E-013, 2.150400E+004 1.570926E+074 2.150400E+004, Sun Oct 11 03:55:53 2015
1.65, 0.00, 0.80, 0.00 , 1.149570E-005, -1.155710E-005, -2.815187E-011, -9.469990E-014, 2.150400E+004 1.570926E+074 2.150400E+004, Sun Oct 11 03:55:57 2015
1.70, 0.00, 0.80, 0.00 , 1.378456E-005, -1.377870E-005, -2.651663E-011, -1.202460E-013, 2.150400E+004 1.570926E+074 2.150400E+004, Sun Oct 11 03:56:01 2015
1.75, 0.00, 0.80, 0.00 , 1.676251E-005, -1.673920E-005, -2.232378E-011, -1.198650E-013, 2.150400E+004 1.570926E+074 2.150400E+004, Sun Oct 11 03:56:04 2015
1.80, 0.00, 0.80, 0.00 , 1.978518E-005, -1.977730E-005, -2.911624E-011, -9.078980E-014, 2.150400E+004 1.570926E+074 2.150400E+004, Sun Oct 11 03:56:08 2015
1.85, 0.00, 0.80, 0.00 , 2.213042E-005, -2.213060E-005, -2.483946E-011, -1.086710E-013, 2.150400E+004 1.570926E+074 2.150400E+004, Sun Oct 11 03:56:11 2015
1.90, 0.00, 0.80, 0.00 , 2.426481E-005, -2.425440E-005, -2.999675E-011, -9.644030E-014, 2.150400E+004 1.570926E+074 2.150400E+004, Sun Oct 11 03:56:15 2015
1.95, 0.00, 0.80, 0.00 , 2.659299E-005, -2.659700E-005, -3.133849E-011, -8.608100E-014, 2.150400E+004 1.570926E+074 2.150400E+004, Sun Oct 11 03:56:18 2015
2.00, 0.00, 0.80, 0.00 , 2.896978E-005, -2.895870E-005, -3.259637E-011, -8.159880E-014, 2.150400E+004 1.570926E+074 2.150400E+004, Sun Oct 11 03:56:22 2015
