0.40, 0.00, 0.00, 0.00 , 2.987697E-012, -2.499700E-013, -1.465058E-011, -1.040100E-013, 2.150400E+004 1.570926E+074 2.150400E+004, Wed Oct 07 13:45:15 2015
0.40, 0.00, 0.02, 0.00 , 2.185881E-012, 8.690360E-015, -2.299457E-011, -1.056310E-013, 2.150400E+004 1.570926E+074 2.150400E+004, Wed Oct 07 13:45:27 2015
0.40, 0.00, 0.04, 0.00 , -9.800118E-012, 1.117110E-013, -2.060459E-011, -1.076820E-013, 2.150400E+004 1.570926E+074 2.150400E+004, Wed Oct 07 13:45:32 2015
0.40, 0.00, 0.06, 0.00 , 6.490360E-012, -3.408070E-013, -2.605572E-011, -1.068120E-013, 2.150400E+004 1.570926E+074 2.150400E+004, Wed Oct 07 13:45:51 2015
0.40, 0.00, 0.08, 0.00 , -1.444254E-011, -5.180720E-013, -2.022722E-011, -1.100900E-013, 2.150400E+004 1.570926E+074 2.150400E+004, Wed Oct 07 13:45:58 2015
0.40, 0.00, 0.10, 0.00 , -9.420246E-012, -5.540250E-013, -1.901127E-011, -9.708410E-014, 2.150400E+004 1.570926E+074 2.150400E+004, Wed Oct 07 13:46:17 2015
0.40, 0.00, 0.12, 0.00 , -9.842282E-012, -7.193570E-013, -2.031108E-011, -1.095290E-013, 2.150400E+004 1.570926E+074 2.150400E+004, Wed Oct 07 13:46:24 2015
0.40, 0.00, 0.14, 0.00 , -1.562424E-011, -8.590460E-013, -1.745989E-011, -1.166220E-013, 2.150400E+004 1.570926E+074 2.150400E+004, Wed Oct 07 13:46:30 2015
0.40, 0.00, 0.16, 0.00 , -1.718580E-011, -9.764190E-013, -1.506991E-011, -1.039980E-013, 2.150400E+004 1.570926E+074 2.150400E+004, Wed Oct 07 13:46:38 2015
0.40, 0.00, 0.18, 0.00 , -9.335808E-012, -9.975080E-013, -1.938865E-011, -9.593960E-014, 2.150400E+004 1.570926E+074 2.150400E+004, Wed Oct 07 13:47:10 2015
0.40, 0.00, 0.20, 0.00 , -9.884456E-012, -1.349840E-012, -1.976601E-011, -1.166700E-013, 2.150400E+004 1.570926E+074 2.150400E+004, Wed Oct 07 13:47:19 2015
0.40, 0.00, 0.22, 0.00 , -8.280686E-012, -1.678350E-012, -2.094004E-011, -9.205340E-014, 2.150400E+004 1.570926E+074 2.150400E+004, Wed Oct 07 13:48:05 2015
0.40, 0.00, 0.24, 0.00 , -7.858652E-012, -2.373430E-012, -1.972409E-011, -9.652380E-014, 2.150400E+004 1.570926E+074 2.150400E+004, Wed Oct 07 13:48:12 2015
0.40, 0.00, 0.26, 0.00 , -5.157589E-012, -3.596340E-012, -1.733413E-011, -1.075150E-013, 2.150400E+004 1.570926E+074 2.150400E+004, Wed Oct 07 13:48:15 2015
0.40, 0.00, 0.28, 0.00 , -8.154069E-012, -6.003840E-012, -1.754377E-011, -1.145840E-013, 2.150400E+004 1.570926E+074 2.150400E+004, Wed Oct 07 13:48:19 2015
0.40, 0.00, 0.30, 0.00 , -6.423698E-012, -1.087650E-011, -1.599239E-011, -9.145740E-014, 2.150400E+004 1.570926E+074 2.150400E+004, Wed Oct 07 13:48:23 2015
0.40, 0.00, 0.32, 0.00 , 6.574728E-012, -2.079420E-011, -1.699870E-011, -1.038430E-013, 2.150400E+004 1.570926E+074 2.150400E+004, Wed Oct 07 13:48:26 2015
0.40, 0.00, 0.34, 0.00 , -2.836354E-012, -4.087790E-011, -1.133829E-011, -9.180310E-014, 2.150400E+004 1.570926E+074 2.150400E+004, Wed Oct 07 13:49:35 2015
0.40, 0.00, 0.36, 0.00 , 6.552858E-011, -8.218600E-011, -1.645364E-011, -9.658340E-014, 2.150400E+004 1.570926E+074 2.150400E+004, Wed Oct 07 13:49:42 2015
0.40, 0.00, 0.38, 0.00 , 1.465953E-010, -1.648280E-010, -1.582471E-011, -8.239750E-014, 2.150400E+004 1.570926E+074 2.150400E+004, Wed Oct 07 13:49:56 2015
0.40, 0.00, 0.40, 0.00 , 3.199541E-010, -3.365000E-010, -1.465070E-011, -9.247060E-014, 2.150400E+004 1.570926E+074 2.150400E+004, Wed Oct 07 13:50:01 2015
0.40, 0.00, 0.42, 0.00 , 6.580634E-010, -6.806410E-010, -1.460877E-011, -8.951430E-014, 2.150400E+004 1.570926E+074 2.150400E+004, Wed Oct 07 13:50:05 2015
0.40, 0.00, 0.44, 0.00 , 1.340905E-009, -1.362110E-009, -9.451500E-012, -1.051190E-013, 2.150400E+004 1.570926E+074 2.150400E+004, Wed Oct 07 13:50:10 2015
0.40, 0.00, 0.46, 0.00 , 2.679795E-009, -2.702480E-009, -1.611822E-011, -1.021860E-013, 2.150400E+004 1.570926E+074 2.150400E+004, Wed Oct 07 13:50:13 2015
0.40, 0.00, 0.48, 0.00 , 5.209656E-009, -5.227260E-009, -1.624400E-011, -9.838340E-014, 2.150400E+004 1.570926E+074 2.150400E+004, Wed Oct 07 13:50:17 2015
0.40, 0.00, 0.50, 0.00 , 1.000796E-008, -1.002440E-008, -1.205110E-011, -1.084690E-013, 2.150400E+004 1.570926E+074 2.150400E+004, Wed Oct 07 13:50:21 2015
0.40, 0.00, 0.52, 0.00 , 1.870387E-008, -1.872250E-008, -1.335091E-011, -1.010540E-013, 2.150400E+004 1.570926E+074 2.150400E+004, Wed Oct 07 13:50:24 2015
0.40, 0.00, 0.54, 0.00 , 3.410318E-008, -3.410370E-008, -1.167375E-011, -1.050230E-013, 2.150400E+004 1.570926E+074 2.150400E+004, Wed Oct 07 13:50:28 2015
0.40, 0.00, 0.56, 0.00 , 6.034190E-008, -6.035330E-008, -1.288969E-011, -9.913440E-014, 2.150400E+004 1.570926E+074 2.150400E+004, Wed Oct 07 13:50:31 2015
0.40, 0.00, 0.58, 0.00 , 1.031022E-007, -1.031580E-007, -1.238655E-011, -1.101850E-013, 2.150400E+004 1.570926E+074 2.150400E+004, Wed Oct 07 13:50:35 2015
0.40, 0.00, 0.60, 0.00 , 1.699429E-007, -1.700200E-007, -1.205112E-011, -9.826420E-014, 2.150400E+004 1.570926E+074 2.150400E+004, Wed Oct 07 13:50:39 2015
0.40, 0.00, 0.62, 0.00 , 2.695824E-007, -2.697210E-007, -1.645366E-011, -1.035330E-013, 2.150400E+004 1.570926E+074 2.150400E+004, Wed Oct 07 13:50:42 2015
0.40, 0.00, 0.64, 0.00 , 4.116621E-007, -4.116750E-007, -1.268006E-011, -9.690520E-014, 2.150400E+004 1.570926E+074 2.150400E+004, Wed Oct 07 13:50:46 2015
0.40, 0.00, 0.66, 0.00 , 6.060468E-007, -6.059610E-007, -1.179954E-011, -1.047610E-013, 2.150400E+004 1.570926E+074 2.150400E+004, Wed Oct 07 13:50:49 2015
0.40, 0.00, 0.68, 0.00 , 8.623161E-007, -8.622370E-007, -1.171569E-011, -8.765460E-014, 2.150400E+004 1.570926E+074 2.150400E+004, Wed Oct 07 13:50:53 2015
0.40, 0.00, 0.70, 0.00 , 1.189837E-006, -1.189740E-006, -1.217692E-011, -1.012330E-013, 2.150400E+004 1.570926E+074 2.150400E+004, Wed Oct 07 13:50:57 2015
0.40, 0.00, 0.72, 0.00 , 1.595667E-006, -1.595530E-006, -1.217692E-011, -9.552240E-014, 2.150400E+004 1.570926E+074 2.150400E+004, Wed Oct 07 13:51:00 2015
0.40, 0.00, 0.74, 0.00 , 2.089687E-006, -2.089660E-006, -1.276392E-011, -1.073600E-013, 2.150400E+004 1.570926E+074 2.150400E+004, Wed Oct 07 13:51:04 2015
0.40, 0.00, 0.76, 0.00 , 2.676893E-006, -2.676320E-006, -1.330900E-011, -1.042490E-013, 2.150400E+004 1.570926E+074 2.150400E+004, Wed Oct 07 13:51:07 2015
0.40, 0.00, 0.78, 0.00 , 3.363089E-006, -3.362820E-006, -1.326707E-011, -1.006840E-013, 2.150400E+004 1.570926E+074 2.150400E+004, Wed Oct 07 13:51:11 2015
0.40, 0.00, 0.80, 0.00 , 4.153434E-006, -4.152920E-006, -1.129641E-011, -1.175640E-013, 2.150400E+004 1.570926E+074 2.150400E+004, Wed Oct 07 13:51:14 2015
0.40, 0.00, 0.82, 0.00 , 5.053502E-006, -5.053340E-006, -1.272200E-011, -8.400680E-014, 2.150400E+004 1.570926E+074 2.150400E+004, Wed Oct 07 13:51:18 2015
0.40, 0.00, 0.84, 0.00 , 6.065746E-006, -6.064580E-006, -1.276393E-011, -8.503200E-014, 2.150400E+004 1.570926E+074 2.150400E+004, Wed Oct 07 13:51:21 2015
0.40, 0.00, 0.86, 0.00 , 7.192508E-006, -7.190490E-006, -1.305743E-011, -1.137850E-013, 2.150400E+004 1.570926E+074 2.150400E+004, Wed Oct 07 13:51:25 2015
0.40, 0.00, 0.88, 0.00 , 8.434732E-006, -8.434430E-006, -1.460880E-011, -9.130240E-014, 2.150400E+004 1.570926E+074 2.150400E+004, Wed Oct 07 13:51:29 2015
0.40, 0.00, 0.90, 0.00 , 9.796210E-006, -9.794110E-006, -1.527967E-011, -1.133800E-013, 2.150400E+004 1.570926E+074 2.150400E+004, Wed Oct 07 13:51:32 2015
0.40, 0.00, 0.92, 0.00 , 1.127233E-005, -1.127720E-005, -1.523774E-011, -8.121730E-014, 2.150400E+004 1.570926E+074 2.150400E+004, Wed Oct 07 13:51:36 2015
0.40, 0.00, 0.94, 0.00 , 1.286725E-005, -1.287020E-005, -1.158993E-011, -9.087320E-014, 2.150400E+004 1.570926E+074 2.150400E+004, Wed Oct 07 13:51:39 2015
0.40, 0.00, 0.96, 0.00 , 1.457317E-005, -1.457750E-005, -1.318323E-011, -8.869170E-014, 2.150400E+004 1.570926E+074 2.150400E+004, Wed Oct 07 13:51:43 2015
0.40, 0.00, 0.98, 0.00 , 1.638877E-005, -1.639050E-005, -1.154800E-011, -9.917020E-014, 2.150400E+004 1.570926E+074 2.150400E+004, Wed Oct 07 13:51:46 2015
0.40, 0.00, 1.00, 0.00 , 1.831074E-005, -1.831170E-005, -1.133836E-011, -1.052860E-013, 2.150400E+004 1.570926E+074 2.150400E+004, Wed Oct 07 13:51:50 2015
0.40, 0.00, 1.02, 0.00 , 2.032828E-005, -2.032990E-005, -1.381216E-011, -9.089710E-014, 2.150400E+004 1.570926E+074 2.150400E+004, Wed Oct 07 13:51:54 2015
0.40, 0.00, 1.04, 0.00 , 2.243084E-005, -2.243250E-005, -9.745070E-012, -1.039740E-013, 2.150400E+004 1.570926E+074 2.150400E+004, Wed Oct 07 13:51:57 2015
0.40, 0.00, 1.06, 0.00 , 2.460662E-005, -2.460790E-005, -1.351867E-011, -9.497400E-014, 2.150400E+004 1.570926E+074 2.150400E+004, Wed Oct 07 13:52:01 2015
0.40, 0.00, 1.08, 0.00 , 2.685735E-005, -2.685890E-005, -1.100294E-011, -9.585620E-014, 2.150400E+004 1.570926E+074 2.150400E+004, Wed Oct 07 13:52:04 2015
0.40, 0.00, 1.10, 0.00 , 2.916680E-005, -2.916720E-005, -1.016437E-011, -8.347030E-014, 2.150400E+004 1.570926E+074 2.150400E+004, Wed Oct 07 13:52:08 2015
0.40, 0.00, 1.12, 0.00 , 3.152967E-005, -3.153130E-005, -9.493511E-012, -9.583240E-014, 2.150400E+004 1.570926E+074 2.150400E+004, Wed Oct 07 13:52:11 2015
0.40, 0.00, 1.14, 0.00 , 3.393232E-005, -3.393130E-005, -7.942145E-012, -1.003980E-013, 2.150400E+004 1.570926E+074 2.150400E+004, Wed Oct 07 13:52:15 2015
0.40, 0.00, 1.16, 0.00 , 3.634545E-005, -3.634320E-005, -1.184153E-011, -7.468460E-014, 2.150400E+004 1.570926E+074 2.150400E+004, Wed Oct 07 13:52:18 2015
0.40, 0.00, 1.18, 0.00 , 3.880900E-005, -3.881850E-005, -1.205117E-011, -1.330970E-013, 2.150400E+004 1.570926E+074 2.150400E+004, Wed Oct 07 13:52:22 2015
0.40, 0.00, 1.20, 0.00 , 4.131704E-005, -4.131440E-005, -1.351868E-011, -8.063320E-014, 2.150400E+004 1.570926E+074 2.150400E+004, Wed Oct 07 13:52:25 2015
0.40, 0.00, 1.22, 0.00 , 4.377737E-005, -4.377000E-005, -6.348859E-012, -1.130940E-013, 2.150400E+004 1.570926E+074 2.150400E+004, Wed Oct 07 13:52:29 2015
0.40, 0.00, 1.24, 0.00 , 4.634927E-005, -4.634750E-005, -9.703167E-012, -7.984640E-014, 2.150400E+004 1.570926E+074 2.150400E+004, Wed Oct 07 13:52:33 2015
0.40, 0.00, 1.26, 0.00 , 4.882453E-005, -4.882350E-005, -1.108682E-011, -1.103280E-013, 2.150400E+004 1.570926E+074 2.150400E+004, Wed Oct 07 13:52:36 2015
0.40, 0.00, 1.28, 0.00 , 5.137939E-005, -5.136810E-005, -2.365635E-012, -9.033680E-014, 2.150400E+004 1.570926E+074 2.150400E+004, Wed Oct 07 13:52:40 2015
0.40, 0.00, 1.30, 0.00 , 5.394823E-005, -5.394240E-005, -1.179961E-011, -1.001240E-013, 2.150400E+004 1.570926E+074 2.150400E+004, Wed Oct 07 13:52:43 2015
0.40, 0.00, 1.32, 0.00 , 5.647416E-005, -5.647510E-005, -1.230274E-011, -8.240940E-014, 2.150400E+004 1.570926E+074 2.150400E+004, Wed Oct 07 13:52:47 2015
0.40, 0.00, 1.34, 0.00 , 5.902877E-005, -5.902520E-005, -4.252447E-012, -9.548660E-014, 2.150400E+004 1.570926E+074 2.150400E+004, Wed Oct 07 13:52:50 2015
0.40, 0.00, 1.36, 0.00 , 6.155578E-005, -6.154740E-005, -1.108683E-011, -1.015900E-013, 2.150400E+004 1.570926E+074 2.150400E+004, Wed Oct 07 13:52:54 2015
0.40, 0.00, 1.38, 0.00 , 6.407023E-005, -6.406240E-005, -1.314134E-011, -7.884500E-014, 2.150400E+004 1.570926E+074 2.150400E+004, Wed Oct 07 13:52:57 2015
0.40, 0.00, 1.40, 0.00 , 6.657602E-005, -6.656790E-005, -1.297361E-011, -1.442190E-013, 2.150400E+004 1.570926E+074 2.150400E+004, Wed Oct 07 13:53:01 2015
0.40, 0.00, 1.42, 0.00 , 6.904084E-005, -6.902940E-005, 2.288400E-012, -9.911060E-014, 2.150400E+004 1.570926E+074 2.150400E+004, Wed Oct 07 13:53:05 2015
0.40, 0.00, 1.44, 0.00 , 7.154810E-005, -7.153980E-005, -6.977823E-012, -1.125450E-013, 2.150400E+004 1.570926E+074 2.150400E+004, Wed Oct 07 13:53:08 2015
0.40, 0.00, 1.46, 0.00 , 7.400692E-005, -7.399870E-005, -1.607634E-011, -9.202960E-014, 2.150400E+004 1.570926E+074 2.150400E+004, Wed Oct 07 13:53:12 2015
0.40, 0.00, 1.48, 0.00 , 7.645008E-005, -7.644120E-005, -6.558535E-012, -9.016990E-014, 2.150400E+004 1.570926E+074 2.150400E+004, Wed Oct 07 13:53:15 2015
0.40, 0.00, 1.50, 0.00 , 7.887488E-005, -7.886190E-005, -1.033212E-011, -8.741620E-014, 2.150400E+004 1.570926E+074 2.150400E+004, Wed Oct 07 13:53:19 2015
0.40, 0.00, 1.52, 0.00 , 8.128515E-005, -8.127190E-005, -1.041598E-011, -9.795430E-014, 2.150400E+004 1.570926E+074 2.150400E+004, Wed Oct 07 13:53:22 2015
0.40, 0.00, 1.54, 0.00 , 8.367459E-005, -8.366120E-005, -7.942196E-012, -1.075630E-013, 2.150400E+004 1.570926E+074 2.150400E+004, Wed Oct 07 13:53:26 2015
0.40, 0.00, 1.56, 0.00 , 8.604238E-005, -8.602640E-005, -6.852057E-012, -9.874110E-014, 2.150400E+004 1.570926E+074 2.150400E+004, Wed Oct 07 13:53:29 2015
0.40, 0.00, 1.58, 0.00 , 8.838494E-005, -8.837240E-005, -7.271355E-012, -1.027350E-013, 2.150400E+004 1.570926E+074 2.150400E+004, Wed Oct 07 13:53:33 2015
0.40, 0.00, 1.60, 0.00 , 9.071152E-005, -9.069720E-005, -9.200059E-012, -9.839540E-014, 2.150400E+004 1.570926E+074 2.150400E+004, Wed Oct 07 13:53:37 2015
0.40, 0.00, 1.62, 0.00 , 9.301498E-005, -9.299840E-005, -5.258771E-012, -8.225440E-014, 2.150400E+004 1.570926E+074 2.150400E+004, Wed Oct 07 13:53:40 2015
0.40, 0.00, 1.64, 0.00 , 9.529240E-005, -9.527650E-005, -7.564841E-012, -1.044750E-013, 2.150400E+004 1.570926E+074 2.150400E+004, Wed Oct 07 13:53:44 2015
0.40, 0.00, 1.66, 0.00 , 9.754476E-005, -9.752940E-005, -7.984141E-012, -9.797810E-014, 2.150400E+004 1.570926E+074 2.150400E+004, Wed Oct 07 13:53:47 2015
0.40, 0.00, 1.68, 0.00 , 9.977460E-005, -9.975840E-005, -5.887705E-012, -1.169920E-013, 2.150400E+004 1.570926E+074 2.150400E+004, Wed Oct 07 13:53:51 2015
0.40, 0.00, 1.70, 0.00 , 1.019742E-004, -1.019540E-004, -6.055420E-012, -9.930130E-014, 2.150400E+004 1.570926E+074 2.150400E+004, Wed Oct 07 13:53:54 2015
0.40, 0.00, 1.72, 0.00 , 1.041510E-004, -1.041330E-004, -7.942222E-012, -9.161230E-014, 2.150400E+004 1.570926E+074 2.150400E+004, Wed Oct 07 13:53:58 2015
0.40, 0.00, 1.74, 0.00 , 1.063027E-004, -1.062900E-004, -6.768227E-012, -8.409020E-014, 2.150400E+004 1.570926E+074 2.150400E+004, Wed Oct 07 13:54:02 2015
0.40, 0.00, 1.76, 0.00 , 1.084254E-004, -1.084140E-004, -6.307010E-012, -9.626150E-014, 2.150400E+004 1.570926E+074 2.150400E+004, Wed Oct 07 13:54:05 2015
0.40, 0.00, 1.78, 0.00 , 1.105269E-004, -1.105140E-004, -5.887724E-012, -1.034620E-013, 2.150400E+004 1.570926E+074 2.150400E+004, Wed Oct 07 13:54:09 2015
0.40, 0.00, 1.80, 0.00 , 1.126024E-004, -1.125870E-004, -6.852083E-012, -1.065020E-013, 2.150400E+004 1.570926E+074 2.150400E+004, Wed Oct 07 13:54:12 2015
0.40, 0.00, 1.82, 0.00 , 1.146464E-004, -1.146340E-004, -7.816435E-012, -1.005050E-013, 2.150400E+004 1.570926E+074 2.150400E+004, Wed Oct 07 13:54:16 2015
0.40, 0.00, 1.84, 0.00 , 1.166762E-004, -1.166620E-004, -8.864653E-012, -7.544760E-014, 2.150400E+004 1.570926E+074 2.150400E+004, Wed Oct 07 13:54:19 2015
0.40, 0.00, 1.86, 0.00 , 1.186755E-004, -1.186600E-004, -5.971584E-012, -1.145840E-013, 2.150400E+004 1.570926E+074 2.150400E+004, Wed Oct 07 13:54:23 2015
0.40, 0.00, 1.88, 0.00 , 1.206445E-004, -1.206300E-004, -6.013511E-012, -9.716750E-014, 2.150400E+004 1.570926E+074 2.150400E+004, Wed Oct 07 13:54:26 2015
0.40, 0.00, 1.90, 0.00 , 1.225873E-004, -1.225720E-004, -6.935954E-012, -1.215820E-013, 2.150400E+004 1.570926E+074 2.150400E+004, Wed Oct 07 13:54:30 2015
0.40, 0.00, 1.92, 0.00 , 1.245097E-004, -1.244940E-004, -9.158166E-012, -1.109000E-013, 2.150400E+004 1.570926E+074 2.150400E+004, Wed Oct 07 13:54:33 2015
0.40, 0.00, 1.94, 0.00 , 1.264034E-004, -1.263860E-004, -7.522963E-012, -1.020190E-013, 2.150400E+004 1.570926E+074 2.150400E+004, Wed Oct 07 13:54:37 2015
0.40, 0.00, 1.96, 0.00 , 1.282694E-004, -1.282520E-004, -6.223187E-012, -9.588000E-014, 2.150400E+004 1.570926E+074 2.150400E+004, Wed Oct 07 13:54:41 2015
0.40, 0.00, 1.98, 0.00 , 1.301051E-004, -1.300890E-004, -6.055474E-012, -1.241330E-013, 2.150400E+004 1.570926E+074 2.150400E+004, Wed Oct 07 13:54:44 2015
0.40, 0.00, 2.00, 0.00 , 1.319149E-004, -1.319010E-004, -3.707474E-012, -1.059650E-013, 2.150400E+004 1.570926E+074 2.150400E+004, Wed Oct 07 13:54:48 2015
