0.40, 0.00, 0.00, 0.00 , -2.047600E-011, 5.299570E-013, -3.117080E-011, -9.737020E-014, 2.150400E+004 1.570926E+074 2.150400E+004, Sun Oct 11 02:08:38 2015
0.40, 0.00, 0.02, 0.00 , -3.165924E-011, 2.247810E-013, -2.475560E-011, -9.579660E-014, 2.150400E+004 1.570926E+074 2.150400E+004, Sun Oct 11 02:09:40 2015
0.40, 0.00, 0.04, 0.00 , -2.710156E-011, 4.886030E-013, -3.569917E-011, -8.509160E-014, 2.150400E+004 1.570926E+074 2.150400E+004, Sun Oct 11 02:10:06 2015
0.40, 0.00, 0.06, 0.00 , -2.271267E-011, -1.100330E-012, -3.217710E-011, -8.605720E-014, 2.150400E+004 1.570926E+074 2.150400E+004, Sun Oct 11 02:10:22 2015
0.40, 0.00, 0.08, 0.00 , -2.423188E-011, -7.563710E-013, -3.117080E-011, -9.319780E-014, 2.150400E+004 1.570926E+074 2.150400E+004, Sun Oct 11 02:10:59 2015
0.40, 0.00, 0.10, 0.00 , -2.178426E-011, 5.152820E-013, -2.920012E-011, -7.795100E-014, 2.150400E+004 1.570926E+074 2.150400E+004, Sun Oct 11 02:12:45 2015
0.40, 0.00, 0.12, 0.00 , -2.186865E-011, -1.848540E-012, -2.932591E-011, -8.270740E-014, 2.150400E+004 1.570926E+074 2.150400E+004, Sun Oct 11 02:13:36 2015
0.40, 0.00, 0.14, 0.00 , -2.587774E-011, -1.155830E-012, -3.758602E-011, -8.283850E-014, 2.150400E+004 1.570926E+074 2.150400E+004, Sun Oct 11 02:14:37 2015
0.40, 0.00, 0.16, 0.00 , -2.465392E-011, -6.877420E-013, -2.810996E-011, -8.841750E-014, 2.150400E+004 1.570926E+074 2.150400E+004, Sun Oct 11 02:15:14 2015
0.40, 0.00, 0.18, 0.00 , -2.410529E-011, -1.122550E-012, -3.527990E-011, -8.524660E-014, 2.150400E+004 1.570926E+074 2.150400E+004, Sun Oct 11 02:15:47 2015
0.40, 0.00, 0.20, 0.00 , -2.144665E-011, 3.547670E-014, -2.974521E-011, -1.068000E-013, 2.150400E+004 1.570926E+074 2.150400E+004, Sun Oct 11 02:16:38 2015
0.40, 0.00, 0.22, 0.00 , -2.562454E-011, -1.008280E-012, -2.949364E-011, -1.089220E-013, 2.150400E+004 1.570926E+074 2.150400E+004, Sun Oct 11 02:17:04 2015
0.40, 0.00, 0.24, 0.00 , -2.178426E-011, 5.947350E-014, -3.586692E-011, -7.674690E-014, 2.150400E+004 1.570926E+074 2.150400E+004, Sun Oct 11 02:18:12 2015
0.40, 0.00, 0.26, 0.00 , -2.448509E-011, 5.120040E-013, -2.957750E-011, -5.815030E-014, 2.150400E+004 1.570926E+074 2.150400E+004, Sun Oct 11 02:18:48 2015
0.40, 0.00, 0.28, 0.00 , -2.397867E-011, -1.732900E-012, -2.597156E-011, -9.877680E-014, 2.150400E+004 1.570926E+074 2.150400E+004, Sun Oct 11 02:19:26 2015
0.40, 0.00, 0.30, 0.00 , -2.229066E-011, -8.202910E-013, -3.716672E-011, -8.996730E-014, 2.150400E+004 1.570926E+074 2.150400E+004, Sun Oct 11 02:19:38 2015
0.40, 0.00, 0.32, 0.00 , -2.039162E-011, -7.686140E-013, -2.555227E-011, -1.014230E-013, 2.150400E+004 1.570926E+074 2.150400E+004, Sun Oct 11 02:21:29 2015
0.40, 0.00, 0.34, 0.00 , -2.022281E-011, -1.792960E-012, -2.685208E-011, -6.700750E-014, 2.150400E+004 1.570926E+074 2.150400E+004, Sun Oct 11 02:21:41 2015
0.40, 0.00, 0.36, 0.00 , -2.161545E-011, 2.911330E-013, -2.534262E-011, -7.476810E-014, 2.150400E+004 1.570926E+074 2.150400E+004, Sun Oct 11 02:21:54 2015
0.40, 0.00, 0.38, 0.00 , -2.262827E-011, -2.221470E-013, -2.953557E-011, -9.719130E-014, 2.150400E+004 1.570926E+074 2.150400E+004, Sun Oct 11 02:22:03 2015
0.40, 0.00, 0.40, 0.00 , -2.267046E-011, 3.616090E-013, -3.326728E-011, -1.056080E-013, 2.150400E+004 1.570926E+074 2.150400E+004, Sun Oct 11 02:22:18 2015
0.40, 0.00, 0.42, 0.00 , -2.777678E-011, -1.422870E-012, -2.383316E-011, -9.050370E-014, 2.150400E+004 1.570926E+074 2.150400E+004, Sun Oct 11 02:23:00 2015
0.40, 0.00, 0.44, 0.00 , -2.456951E-011, -1.282870E-012, -2.978714E-011, -9.489060E-014, 2.150400E+004 1.570926E+074 2.150400E+004, Sun Oct 11 02:23:30 2015
0.40, 0.00, 0.46, 0.00 , -2.060262E-011, -1.796450E-012, -3.200941E-011, -7.455350E-014, 2.150400E+004 1.570926E+074 2.150400E+004, Sun Oct 11 02:25:06 2015
0.40, 0.00, 0.48, 0.00 , -1.980083E-011, -1.658390E-012, -2.886470E-011, -1.030560E-013, 2.150400E+004 1.570926E+074 2.150400E+004, Sun Oct 11 02:25:35 2015
0.40, 0.00, 0.50, 0.00 , -2.739697E-011, 2.496120E-013, -2.727138E-011, -8.766650E-014, 2.150400E+004 1.570926E+074 2.150400E+004, Sun Oct 11 02:25:57 2015
0.40, 0.00, 0.52, 0.00 , -2.444291E-011, -1.812200E-012, -2.823576E-011, -7.655620E-014, 2.150400E+004 1.570926E+074 2.150400E+004, Sun Oct 11 02:27:37 2015
0.40, 0.00, 0.54, 0.00 , -2.642638E-011, -1.631320E-012, -2.806804E-011, -1.164560E-013, 2.150400E+004 1.570926E+074 2.150400E+004, Sun Oct 11 02:27:51 2015
0.40, 0.00, 0.56, 0.00 , -2.250167E-011, 4.056330E-013, -3.066766E-011, -9.930130E-014, 2.150400E+004 1.570926E+074 2.150400E+004, Sun Oct 11 02:28:00 2015
0.40, 0.00, 0.58, 0.00 , -2.254386E-011, 2.621770E-013, -2.773260E-011, -9.453300E-014, 2.150400E+004 1.570926E+074 2.150400E+004, Sun Oct 11 02:28:50 2015
0.40, 0.00, 0.60, 0.00 , -2.368329E-011, -1.217140E-012, -3.205134E-011, -8.796450E-014, 2.150400E+004 1.570926E+074 2.150400E+004, Sun Oct 11 02:30:59 2015
0.40, 0.00, 0.62, 0.00 , -2.659517E-011, 2.714990E-013, -2.848733E-011, -7.783170E-014, 2.150400E+004 1.570926E+074 2.150400E+004, Sun Oct 11 02:31:24 2015
0.40, 0.00, 0.64, 0.00 , -2.566676E-011, 5.542040E-013, -2.949364E-011, -8.172990E-014, 2.150400E+004 1.570926E+074 2.150400E+004, Sun Oct 11 02:31:38 2015
0.40, 0.00, 0.66, 0.00 , -2.786120E-011, 1.903060E-013, -2.605542E-011, -1.050110E-013, 2.150400E+004 1.570926E+074 2.150400E+004, Sun Oct 11 02:32:04 2015
0.40, 0.00, 0.68, 0.00 , -8.744173E-012, -2.571560E-012, -2.643279E-011, -8.424520E-014, 2.150400E+004 1.570926E+074 2.150400E+004, Sun Oct 11 02:33:12 2015
0.40, 0.00, 0.70, 0.00 , 3.007842E-011, -5.459550E-011, -2.894856E-011, -8.703470E-014, 2.150400E+004 1.570926E+074 2.150400E+004, Sun Oct 11 02:33:44 2015
0.40, 0.00, 0.72, 0.00 , 8.011956E-010, -8.253730E-010, -2.882277E-011, -1.066680E-013, 2.150400E+004 1.570926E+074 2.150400E+004, Sun Oct 11 02:33:51 2015
0.40, 0.00, 0.74, 0.00 , 1.106494E-008, -1.115040E-008, -2.991293E-011, -1.050000E-013, 2.150400E+004 1.570926E+074 2.150400E+004, Sun Oct 11 02:33:56 2015
0.40, 0.00, 0.76, 0.00 , 6.276729E-008, -6.281370E-008, -2.991294E-011, -8.670090E-014, 2.150400E+004 1.570926E+074 2.150400E+004, Sun Oct 11 02:34:00 2015
0.40, 0.00, 0.78, 0.00 , 2.201643E-007, -2.205430E-007, -2.731330E-011, -9.341240E-014, 2.150400E+004 1.570926E+074 2.150400E+004, Sun Oct 11 02:34:03 2015
0.40, 0.00, 0.80, 0.00 , 5.363355E-007, -5.356850E-007, -1.926323E-011, -1.156090E-013, 2.150400E+004 1.570926E+074 2.150400E+004, Sun Oct 11 02:34:07 2015
0.40, 0.00, 0.82, 0.00 , 1.054887E-006, -1.055640E-006, -2.928399E-011, -1.005770E-013, 2.150400E+004 1.570926E+074 2.150400E+004, Sun Oct 11 02:34:10 2015
0.40, 0.00, 0.84, 0.00 , 1.813953E-006, -1.814790E-006, -2.676822E-011, -1.017210E-013, 2.150400E+004 1.570926E+074 2.150400E+004, Sun Oct 11 02:34:14 2015
0.40, 0.00, 0.86, 0.00 , 2.816276E-006, -2.815660E-006, -2.760681E-011, -9.698870E-014, 2.150400E+004 1.570926E+074 2.150400E+004, Sun Oct 11 02:34:17 2015
0.40, 0.00, 0.88, 0.00 , 4.085598E-006, -4.082680E-006, -2.353965E-011, -1.055600E-013, 2.150400E+004 1.570926E+074 2.150400E+004, Sun Oct 11 02:34:21 2015
0.40, 0.00, 0.90, 0.00 , 5.618483E-006, -5.614070E-006, -2.135949E-011, -8.488890E-014, 2.150400E+004 1.570926E+074 2.150400E+004, Sun Oct 11 02:34:25 2015
0.40, 0.00, 0.92, 0.00 , 7.438104E-006, -7.433840E-006, -2.169489E-011, -1.037480E-013, 2.150400E+004 1.570926E+074 2.150400E+004, Sun Oct 11 02:34:28 2015
0.40, 0.00, 0.94, 0.00 , 9.553649E-006, -9.547070E-006, -1.829894E-011, -9.901520E-014, 2.150400E+004 1.570926E+074 2.150400E+004, Sun Oct 11 02:34:32 2015
0.40, 0.00, 0.96, 0.00 , 1.218841E-005, -1.217070E-005, -2.005981E-011, -1.215220E-013, 2.150400E+004 1.570926E+074 2.150400E+004, Sun Oct 11 02:34:36 2015
0.40, 0.00, 0.98, 0.00 , 1.488233E-005, -1.487250E-005, -2.660050E-011, -8.844140E-014, 2.150400E+004 1.570926E+074 2.150400E+004, Sun Oct 11 02:34:40 2015
0.40, 0.00, 1.00, 0.00 , 1.792534E-005, -1.791680E-005, -2.517490E-011, -1.096130E-013, 2.150400E+004 1.570926E+074 2.150400E+004, Sun Oct 11 02:34:44 2015
0.40, 0.00, 1.02, 0.00 , 2.131465E-005, -2.130450E-005, -3.058381E-011, -1.019480E-013, 2.150400E+004 1.570926E+074 2.150400E+004, Sun Oct 11 02:34:47 2015
0.40, 0.00, 1.04, 0.00 , 2.504096E-005, -2.503280E-005, -2.731330E-011, -9.294750E-014, 2.150400E+004 1.570926E+074 2.150400E+004, Sun Oct 11 02:34:51 2015
0.40, 0.00, 1.06, 0.00 , 2.908883E-005, -2.907730E-005, -2.873891E-011, -9.714370E-014, 2.150400E+004 1.570926E+074 2.150400E+004, Sun Oct 11 02:34:54 2015
0.40, 0.00, 1.08, 0.00 , 3.345073E-005, -3.344070E-005, -2.383316E-011, -8.958580E-014, 2.150400E+004 1.570926E+074 2.150400E+004, Sun Oct 11 02:34:58 2015
0.40, 0.00, 1.10, 0.00 , 3.809089E-005, -3.808010E-005, -3.049995E-011, -1.050950E-013, 2.150400E+004 1.570926E+074 2.150400E+004, Sun Oct 11 02:35:01 2015
0.40, 0.00, 1.12, 0.00 , 4.296141E-005, -4.295030E-005, -2.672629E-011, -9.555820E-014, 2.150400E+004 1.570926E+074 2.150400E+004, Sun Oct 11 02:35:05 2015
0.40, 0.00, 1.14, 0.00 , 4.804504E-005, -4.802730E-005, -2.605542E-011, -8.149150E-014, 2.150400E+004 1.570926E+074 2.150400E+004, Sun Oct 11 02:35:08 2015
0.40, 0.00, 1.16, 0.00 , 5.333234E-005, -5.332010E-005, -3.087730E-011, -9.821650E-014, 2.150400E+004 1.570926E+074 2.150400E+004, Sun Oct 11 02:35:12 2015
0.40, 0.00, 1.18, 0.00 , 5.877575E-005, -5.876360E-005, -2.857119E-011, -9.713170E-014, 2.150400E+004 1.570926E+074 2.150400E+004, Sun Oct 11 02:35:16 2015
0.40, 0.00, 1.20, 0.00 , 6.435376E-005, -6.433830E-005, -2.483947E-011, -9.276870E-014, 2.150400E+004 1.570926E+074 2.150400E+004, Sun Oct 11 02:35:19 2015
0.40, 0.00, 1.22, 0.00 , 7.004132E-005, -7.002110E-005, -2.232377E-011, -9.241100E-014, 2.150400E+004 1.570926E+074 2.150400E+004, Sun Oct 11 02:35:23 2015
0.40, 0.00, 1.24, 0.00 , 7.579124E-005, -7.577450E-005, -2.211415E-011, -9.438990E-014, 2.150400E+004 1.570926E+074 2.150400E+004, Sun Oct 11 02:35:26 2015
0.40, 0.00, 1.26, 0.00 , 8.160050E-005, -8.157850E-005, -2.005981E-011, -9.523630E-014, 2.150400E+004 1.570926E+074 2.150400E+004, Sun Oct 11 02:35:30 2015
0.40, 0.00, 1.28, 0.00 , 8.744165E-005, -8.741710E-005, -1.926322E-011, -9.393690E-014, 2.150400E+004 1.570926E+074 2.150400E+004, Sun Oct 11 02:35:33 2015
0.40, 0.00, 1.30, 0.00 , 9.330283E-005, -9.327920E-005, -2.194644E-011, -8.465050E-014, 2.150400E+004 1.570926E+074 2.150400E+004, Sun Oct 11 02:35:37 2015
0.40, 0.00, 1.32, 0.00 , 9.916594E-005, -9.915100E-005, -2.232377E-011, -1.020910E-013, 2.150400E+004 1.570926E+074 2.150400E+004, Sun Oct 11 02:35:40 2015
0.40, 0.00, 1.34, 0.00 , 1.050331E-004, -1.050160E-004, -2.496526E-011, -7.545950E-014, 2.150400E+004 1.570926E+074 2.150400E+004, Sun Oct 11 02:35:44 2015
0.40, 0.00, 1.36, 0.00 , 1.108819E-004, -1.108690E-004, -2.697787E-011, -9.093280E-014, 2.150400E+004 1.570926E+074 2.150400E+004, Sun Oct 11 02:35:48 2015
0.40, 0.00, 1.38, 0.00 , 1.166928E-004, -1.166770E-004, -2.257532E-011, -9.024140E-014, 2.150400E+004 1.570926E+074 2.150400E+004, Sun Oct 11 02:35:51 2015
0.40, 0.00, 1.40, 0.00 , 1.224805E-004, -1.224620E-004, -2.492333E-011, -9.620190E-014, 2.150400E+004 1.570926E+074 2.150400E+004, Sun Oct 11 02:35:55 2015
0.40, 0.00, 1.42, 0.00 , 1.281987E-004, -1.281820E-004, -2.345579E-011, -1.016380E-013, 2.150400E+004 1.570926E+074 2.150400E+004, Sun Oct 11 02:35:58 2015
0.40, 0.00, 1.44, 0.00 , 1.338828E-004, -1.338660E-004, -2.253340E-011, -9.374620E-014, 2.150400E+004 1.570926E+074 2.150400E+004, Sun Oct 11 02:36:02 2015
0.40, 0.00, 1.46, 0.00 , 1.394864E-004, -1.394730E-004, -2.433631E-011, -1.122590E-013, 2.150400E+004 1.570926E+074 2.150400E+004, Sun Oct 11 02:36:05 2015
0.40, 0.00, 1.48, 0.00 , 1.450314E-004, -1.450180E-004, -2.026943E-011, -8.499620E-014, 2.150400E+004 1.570926E+074 2.150400E+004, Sun Oct 11 02:36:09 2015
0.40, 0.00, 1.50, 0.00 , 1.505146E-004, -1.504920E-004, -1.800547E-011, -9.735820E-014, 2.150400E+004 1.570926E+074 2.150400E+004, Sun Oct 11 02:36:13 2015
0.40, 0.00, 1.52, 0.00 , 1.559099E-004, -1.558940E-004, -1.674771E-011, -8.875130E-014, 2.150400E+004 1.570926E+074 2.150400E+004, Sun Oct 11 02:36:16 2015
0.40, 0.00, 1.54, 0.00 , 1.612358E-004, -1.612160E-004, -1.771199E-011, -9.357930E-014, 2.150400E+004 1.570926E+074 2.150400E+004, Sun Oct 11 02:36:20 2015
0.40, 0.00, 1.56, 0.00 , 1.664868E-004, -1.664670E-004, -1.901167E-011, -9.332900E-014, 2.150400E+004 1.570926E+074 2.150400E+004, Sun Oct 11 02:36:23 2015
0.40, 0.00, 1.58, 0.00 , 1.716459E-004, -1.716320E-004, -2.005981E-011, -9.722710E-014, 2.150400E+004 1.570926E+074 2.150400E+004, Sun Oct 11 02:36:27 2015
0.40, 0.00, 1.60, 0.00 , 1.767183E-004, -1.767070E-004, -2.228185E-011, -9.781120E-014, 2.150400E+004 1.570926E+074 2.150400E+004, Sun Oct 11 02:36:30 2015
0.40, 0.00, 1.62, 0.00 , 1.817112E-004, -1.816870E-004, -1.855049E-011, -1.061800E-013, 2.150400E+004 1.570926E+074 2.150400E+004, Sun Oct 11 02:36:34 2015
0.40, 0.00, 1.64, 0.00 , 1.866039E-004, -1.865810E-004, -1.846664E-011, -8.287430E-014, 2.150400E+004 1.570926E+074 2.150400E+004, Sun Oct 11 02:36:37 2015
0.40, 0.00, 1.66, 0.00 , 1.914050E-004, -1.913780E-004, -1.704118E-011, -8.533000E-014, 2.150400E+004 1.570926E+074 2.150400E+004, Sun Oct 11 02:36:41 2015
0.40, 0.00, 1.68, 0.00 , 1.961108E-004, -1.960980E-004, -2.140142E-011, -1.228570E-013, 2.150400E+004 1.570926E+074 2.150400E+004, Sun Oct 11 02:36:44 2015
0.40, 0.00, 1.70, 0.00 , 2.007169E-004, -2.006950E-004, -2.588770E-011, -9.032490E-014, 2.150400E+004 1.570926E+074 2.150400E+004, Sun Oct 11 02:36:48 2015
0.40, 0.00, 1.72, 0.00 , 2.052377E-004, -2.052130E-004, -2.446210E-011, -1.065250E-013, 2.150400E+004 1.570926E+074 2.150400E+004, Sun Oct 11 02:36:52 2015
0.40, 0.00, 1.74, 0.00 , 2.096679E-004, -2.096410E-004, -2.328808E-011, -1.249910E-013, 2.150400E+004 1.570926E+074 2.150400E+004, Sun Oct 11 02:36:55 2015
0.40, 0.00, 1.76, 0.00 , 2.139900E-004, -2.139540E-004, -2.496525E-011, -1.104000E-013, 2.150400E+004 1.570926E+074 2.150400E+004, Sun Oct 11 02:36:59 2015
0.40, 0.00, 1.78, 0.00 , 2.182208E-004, -2.181970E-004, -2.534262E-011, -8.952620E-014, 2.150400E+004 1.570926E+074 2.150400E+004, Sun Oct 11 02:37:02 2015
0.40, 0.00, 1.80, 0.00 , 2.223557E-004, -2.223310E-004, -2.462982E-011, -1.004700E-013, 2.150400E+004 1.570926E+074 2.150400E+004, Sun Oct 11 02:37:06 2015
0.40, 0.00, 1.82, 0.00 , 2.264058E-004, -2.263770E-004, -2.307843E-011, -1.004100E-013, 2.150400E+004 1.570926E+074 2.150400E+004, Sun Oct 11 02:37:09 2015
0.40, 0.00, 1.84, 0.00 , 2.303553E-004, -2.303330E-004, -2.609735E-011, -1.040820E-013, 2.150400E+004 1.570926E+074 2.150400E+004, Sun Oct 11 02:37:13 2015
0.40, 0.00, 1.86, 0.00 , 2.342189E-004, -2.341970E-004, -2.240762E-011, -9.000300E-014, 2.150400E+004 1.570926E+074 2.150400E+004, Sun Oct 11 02:37:16 2015
0.40, 0.00, 1.88, 0.00 , 2.379756E-004, -2.379420E-004, -1.871820E-011, -1.125810E-013, 2.150400E+004 1.570926E+074 2.150400E+004, Sun Oct 11 02:37:20 2015
0.40, 0.00, 1.90, 0.00 , 2.416460E-004, -2.416170E-004, -1.985018E-011, -8.918050E-014, 2.150400E+004 1.570926E+074 2.150400E+004, Sun Oct 11 02:37:24 2015
0.40, 0.00, 1.92, 0.00 , 2.452521E-004, -2.452240E-004, -2.005981E-011, -8.993150E-014, 2.150400E+004 1.570926E+074 2.150400E+004, Sun Oct 11 02:37:27 2015
0.40, 0.00, 1.94, 0.00 , 2.487401E-004, -2.487080E-004, -2.630700E-011, -1.028420E-013, 2.150400E+004 1.570926E+074 2.150400E+004, Sun Oct 11 02:37:31 2015
0.40, 0.00, 1.96, 0.00 , 2.521552E-004, -2.521300E-004, -1.817317E-011, -9.620190E-014, 2.150400E+004 1.570926E+074 2.150400E+004, Sun Oct 11 02:37:34 2015
0.40, 0.00, 1.98, 0.00 , 2.554881E-004, -2.554630E-004, -1.964055E-011, -1.111390E-013, 2.150400E+004 1.570926E+074 2.150400E+004, Sun Oct 11 02:37:38 2015
0.40, 0.00, 2.00, 0.00 , 2.587218E-004, -2.586870E-004, -1.825702E-011, -1.180890E-013, 2.150400E+004 1.570926E+074 2.150400E+004, Sun Oct 11 02:37:41 2015
