1.80, 0.00, 0.00, 0.00 , 7.582606E-014, -8.265500E-013, -3.460908E-011, -8.678440E-014, 2.150400E+004 1.570926E+074 2.150400E+004, Sun Oct 11 01:37:06 2015
1.80, 0.00, 0.02, 0.00 , -1.587622E-011, -2.369590E-012, -3.079348E-011, -8.026360E-014, 2.150400E+004 1.570926E+074 2.150400E+004, Sun Oct 11 01:37:40 2015
1.80, 0.00, 0.04, 0.00 , -8.153393E-012, -2.398980E-012, -3.536381E-011, -9.440180E-014, 2.150400E+004 1.570926E+074 2.150400E+004, Sun Oct 11 01:37:45 2015
1.80, 0.00, 0.06, 0.00 , -9.208414E-012, -2.243390E-012, -2.861314E-011, -1.023890E-013, 2.150400E+004 1.570926E+074 2.150400E+004, Sun Oct 11 01:37:56 2015
1.80, 0.00, 0.08, 0.00 , -1.612941E-011, 1.010060E-013, -3.368662E-011, -6.791350E-014, 2.150400E+004 1.570926E+074 2.150400E+004, Sun Oct 11 01:38:08 2015
1.80, 0.00, 0.10, 0.00 , -9.039612E-012, -2.380720E-012, -2.857121E-011, -7.395740E-014, 2.150400E+004 1.570926E+074 2.150400E+004, Sun Oct 11 01:38:18 2015
1.80, 0.00, 0.12, 0.00 , -1.342853E-011, -2.471040E-012, -3.037418E-011, -8.910890E-014, 2.150400E+004 1.570926E+074 2.150400E+004, Sun Oct 11 01:39:33 2015
1.80, 0.00, 0.14, 0.00 , -1.562298E-011, -2.212110E-012, -2.555228E-011, -7.728340E-014, 2.150400E+004 1.570926E+074 2.150400E+004, Sun Oct 11 01:39:44 2015
1.80, 0.00, 0.16, 0.00 , -1.579179E-011, -1.430180E-012, -2.982909E-011, -9.779930E-014, 2.150400E+004 1.570926E+074 2.150400E+004, Sun Oct 11 01:39:59 2015
1.80, 0.00, 0.18, 0.00 , -1.545418E-011, -2.096800E-012, -3.100312E-011, -6.518360E-014, 2.150400E+004 1.570926E+074 2.150400E+004, Sun Oct 11 01:40:16 2015
1.80, 0.00, 0.20, 0.00 , -9.419417E-012, -2.264700E-012, -2.609736E-011, -7.290840E-014, 2.150400E+004 1.570926E+074 2.150400E+004, Sun Oct 11 01:40:30 2015
1.80, 0.00, 0.22, 0.00 , -2.115133E-011, 1.500730E-013, -3.117084E-011, -8.971690E-014, 2.150400E+004 1.570926E+074 2.150400E+004, Sun Oct 11 01:41:00 2015
1.80, 0.00, 0.24, 0.00 , -1.984309E-011, 1.006480E-013, -3.159014E-011, -8.319620E-014, 2.150400E+004 1.570926E+074 2.150400E+004, Sun Oct 11 01:41:15 2015
1.80, 0.00, 0.26, 0.00 , -1.650921E-011, -1.517680E-012, -3.142241E-011, -8.426900E-014, 2.150400E+004 1.570926E+074 2.150400E+004, Sun Oct 11 01:41:22 2015
1.80, 0.00, 0.28, 0.00 , -2.224852E-011, -1.394060E-012, -3.339309E-011, -8.236170E-014, 2.150400E+004 1.570926E+074 2.150400E+004, Sun Oct 11 01:42:55 2015
1.80, 0.00, 0.30, 0.00 , -5.705718E-012, 7.768870E-014, -4.035339E-011, -8.121730E-014, 2.150400E+004 1.570926E+074 2.150400E+004, Sun Oct 11 01:43:42 2015
1.80, 0.00, 0.32, 0.00 , -2.005407E-011, -2.479090E-012, -2.823576E-011, -1.003620E-013, 2.150400E+004 1.570926E+074 2.150400E+004, Sun Oct 11 01:44:23 2015
1.80, 0.00, 0.34, 0.00 , -2.026507E-011, -1.017570E-013, -3.205134E-011, -8.825060E-014, 2.150400E+004 1.570926E+074 2.150400E+004, Sun Oct 11 01:45:52 2015
1.80, 0.00, 0.36, 0.00 , -9.757014E-012, -2.125390E-012, -3.343501E-011, -1.030090E-013, 2.150400E+004 1.570926E+074 2.150400E+004, Sun Oct 11 01:46:31 2015
1.80, 0.00, 0.38, 0.00 , -1.798621E-011, -2.272530E-012, -2.987100E-011, -9.278060E-014, 2.150400E+004 1.570926E+074 2.150400E+004, Sun Oct 11 01:47:00 2015
1.80, 0.00, 0.40, 0.00 , -1.672016E-011, -8.522390E-013, -3.217712E-011, -8.392330E-014, 2.150400E+004 1.570926E+074 2.150400E+004, Sun Oct 11 01:47:07 2015
1.80, 0.00, 0.42, 0.00 , -1.722659E-011, -2.459450E-012, -2.932592E-011, -8.938310E-014, 2.150400E+004 1.570926E+074 2.150400E+004, Sun Oct 11 01:47:32 2015
1.80, 0.00, 0.44, 0.00 , -9.841398E-012, -2.219640E-012, -3.255449E-011, -9.435420E-014, 2.150400E+004 1.570926E+074 2.150400E+004, Sun Oct 11 01:48:47 2015
1.80, 0.00, 0.46, 0.00 , -1.541192E-011, -1.645770E-012, -3.351885E-011, -9.367470E-014, 2.150400E+004 1.570926E+074 2.150400E+004, Sun Oct 11 01:49:45 2015
1.80, 0.00, 0.48, 0.00 , -1.726877E-011, -8.046150E-013, -3.557340E-011, -6.908180E-014, 2.150400E+004 1.570926E+074 2.150400E+004, Sun Oct 11 01:49:54 2015
1.80, 0.00, 0.50, 0.00 , -1.849259E-011, -1.294970E-012, -3.465096E-011, -9.145740E-014, 2.150400E+004 1.570926E+074 2.150400E+004, Sun Oct 11 01:50:51 2015
1.80, 0.00, 0.52, 0.00 , -2.144666E-011, 6.980900E-014, -3.167396E-011, -9.448530E-014, 2.150400E+004 1.570926E+074 2.150400E+004, Sun Oct 11 01:52:31 2015
1.80, 0.00, 0.54, 0.00 , -2.229067E-011, -1.374210E-012, -3.779566E-011, -9.080170E-014, 2.150400E+004 1.570926E+074 2.150400E+004, Sun Oct 11 01:53:14 2015
1.80, 0.00, 0.56, 0.00 , -1.950541E-011, -1.305880E-012, -2.337193E-011, -8.639100E-014, 2.150400E+004 1.570926E+074 2.150400E+004, Sun Oct 11 01:54:52 2015
1.80, 0.00, 0.58, 0.00 , -1.866138E-011, -2.002500E-012, -2.668436E-011, -9.734630E-014, 2.150400E+004 1.570926E+074 2.150400E+004, Sun Oct 11 01:55:01 2015
1.80, 0.00, 0.60, 0.00 , -2.241726E-011, -1.084320E-012, -2.458789E-011, -1.057740E-013, 2.150400E+004 1.570926E+074 2.150400E+004, Sun Oct 11 01:56:12 2015
1.80, 0.00, 0.62, 0.00 , -1.494770E-011, -2.173520E-012, -3.251254E-011, -1.053930E-013, 2.150400E+004 1.570926E+074 2.150400E+004, Sun Oct 11 01:56:19 2015
1.80, 0.00, 0.64, 0.00 , -2.018060E-011, -2.227990E-012, -2.676822E-011, -8.525850E-014, 2.150400E+004 1.570926E+074 2.150400E+004, Sun Oct 11 01:56:36 2015
1.80, 0.00, 0.66, 0.00 , -1.895678E-011, -2.291670E-012, -2.681014E-011, -8.502010E-014, 2.150400E+004 1.570926E+074 2.150400E+004, Sun Oct 11 01:56:56 2015
1.80, 0.00, 0.68, 0.00 , -8.279944E-012, -2.962200E-012, -2.739716E-011, -8.900170E-014, 2.150400E+004 1.570926E+074 2.150400E+004, Sun Oct 11 01:58:43 2015
1.80, 0.00, 0.70, 0.00 , 3.614482E-006, -3.643390E-006, -2.819382E-011, -8.665320E-014, 2.150400E+004 1.570926E+074 2.150400E+004, Sun Oct 11 01:58:53 2015
1.80, 0.00, 0.72, 0.00 , 6.387553E-006, -6.404350E-006, -2.571998E-011, -9.076600E-014, 2.150400E+004 1.570926E+074 2.150400E+004, Sun Oct 11 01:58:57 2015
1.80, 0.00, 0.74, 0.00 , 9.484748E-006, -9.483640E-006, -2.353965E-011, -7.529260E-014, 2.150400E+004 1.570926E+074 2.150400E+004, Sun Oct 11 01:59:00 2015
1.80, 0.00, 0.76, 0.00 , 1.303516E-005, -1.304530E-005, -2.483946E-011, -1.018400E-013, 2.150400E+004 1.570926E+074 2.150400E+004, Sun Oct 11 01:59:04 2015
1.80, 0.00, 0.78, 0.00 , 1.647523E-005, -1.647590E-005, -2.228185E-011, -9.565350E-014, 2.150400E+004 1.570926E+074 2.150400E+004, Sun Oct 11 01:59:08 2015
1.80, 0.00, 0.80, 0.00 , 1.980051E-005, -1.979980E-005, -2.286880E-011, -8.059740E-014, 2.150400E+004 1.570926E+074 2.150400E+004, Sun Oct 11 01:59:11 2015
1.80, 0.00, 0.82, 0.00 , 2.311837E-005, -2.312100E-005, -2.454596E-011, -1.033900E-013, 2.150400E+004 1.570926E+074 2.150400E+004, Sun Oct 11 01:59:15 2015
1.80, 0.00, 0.84, 0.00 , 2.638274E-005, -2.639290E-005, -2.681015E-011, -9.078980E-014, 2.150400E+004 1.570926E+074 2.150400E+004, Sun Oct 11 01:59:18 2015
1.80, 0.00, 0.86, 0.00 , 2.971491E-005, -2.971290E-005, -2.676821E-011, -1.030090E-013, 2.150400E+004 1.570926E+074 2.150400E+004, Sun Oct 11 01:59:22 2015
1.80, 0.00, 0.88, 0.00 , 3.309745E-005, -3.309430E-005, -2.613927E-011, -1.069660E-013, 2.150400E+004 1.570926E+074 2.150400E+004, Sun Oct 11 01:59:25 2015
1.80, 0.00, 0.90, 0.00 , 3.660556E-005, -3.660950E-005, -2.144335E-011, -1.031760E-013, 2.150400E+004 1.570926E+074 2.150400E+004, Sun Oct 11 01:59:29 2015
1.80, 0.00, 0.92, 0.00 , 4.025925E-005, -4.025550E-005, -2.664243E-011, -8.225440E-014, 2.150400E+004 1.570926E+074 2.150400E+004, Sun Oct 11 01:59:32 2015
1.80, 0.00, 0.94, 0.00 , 4.400567E-005, -4.399930E-005, -2.244955E-011, -7.234810E-014, 2.150400E+004 1.570926E+074 2.150400E+004, Sun Oct 11 01:59:36 2015
1.80, 0.00, 0.96, 0.00 , 4.774907E-005, -4.774550E-005, -2.769066E-011, -1.175400E-013, 2.150400E+004 1.570926E+074 2.150400E+004, Sun Oct 11 01:59:40 2015
1.80, 0.00, 0.98, 0.00 , 5.161392E-005, -5.160980E-005, -2.953555E-011, -1.049640E-013, 2.150400E+004 1.570926E+074 2.150400E+004, Sun Oct 11 01:59:43 2015
1.80, 0.00, 1.00, 0.00 , 5.552450E-005, -5.551310E-005, -2.626506E-011, -8.867980E-014, 2.150400E+004 1.570926E+074 2.150400E+004, Sun Oct 11 01:59:47 2015
1.80, 0.00, 1.02, 0.00 , 5.943236E-005, -5.943150E-005, -2.483946E-011, -1.090290E-013, 2.150400E+004 1.570926E+074 2.150400E+004, Sun Oct 11 01:59:50 2015
1.80, 0.00, 1.04, 0.00 , 6.338026E-005, -6.338180E-005, -3.171588E-011, -1.053330E-013, 2.150400E+004 1.570926E+074 2.150400E+004, Sun Oct 11 01:59:54 2015
1.80, 0.00, 1.06, 0.00 , 6.731238E-005, -6.729110E-005, -3.070958E-011, -1.091840E-013, 2.150400E+004 1.570926E+074 2.150400E+004, Sun Oct 11 01:59:57 2015
1.80, 0.00, 1.08, 0.00 , 7.130020E-005, -7.129420E-005, -2.509104E-011, -1.032350E-013, 2.150400E+004 1.570926E+074 2.150400E+004, Sun Oct 11 02:00:01 2015
1.80, 0.00, 1.10, 0.00 , 7.549935E-005, -7.548420E-005, -3.381236E-011, -1.014590E-013, 2.150400E+004 1.570926E+074 2.150400E+004, Sun Oct 11 02:00:04 2015
1.80, 0.00, 1.12, 0.00 , 8.008574E-005, -8.007930E-005, -2.903240E-011, -9.722710E-014, 2.150400E+004 1.570926E+074 2.150400E+004, Sun Oct 11 02:00:08 2015
1.80, 0.00, 1.14, 0.00 , 8.486451E-005, -8.485160E-005, -2.886468E-011, -8.456710E-014, 2.150400E+004 1.570926E+074 2.150400E+004, Sun Oct 11 02:00:12 2015
1.80, 0.00, 1.16, 0.00 , 8.959735E-005, -8.959070E-005, -2.479753E-011, -8.884670E-014, 2.150400E+004 1.570926E+074 2.150400E+004, Sun Oct 11 02:00:15 2015
1.80, 0.00, 1.18, 0.00 , 9.447279E-005, -9.446070E-005, -2.442017E-011, -8.021590E-014, 2.150400E+004 1.570926E+074 2.150400E+004, Sun Oct 11 02:00:19 2015
1.80, 0.00, 1.20, 0.00 , 9.979084E-005, -9.979590E-005, -2.974520E-011, -7.110830E-014, 2.150400E+004 1.570926E+074 2.150400E+004, Sun Oct 11 02:00:22 2015
1.80, 0.00, 1.22, 0.00 , 1.055179E-004, -1.055250E-004, -2.551033E-011, -1.006960E-013, 2.150400E+004 1.570926E+074 2.150400E+004, Sun Oct 11 02:00:26 2015
1.80, 0.00, 1.24, 0.00 , 1.117632E-004, -1.117600E-004, -2.307843E-011, -9.560580E-014, 2.150400E+004 1.570926E+074 2.150400E+004, Sun Oct 11 02:00:29 2015
1.80, 0.00, 1.26, 0.00 , 1.183728E-004, -1.183640E-004, -3.301569E-011, -8.143190E-014, 2.150400E+004 1.570926E+074 2.150400E+004, Sun Oct 11 02:00:33 2015
1.80, 0.00, 1.28, 0.00 , 1.254313E-004, -1.254300E-004, -2.743908E-011, -7.766490E-014, 2.150400E+004 1.570926E+074 2.150400E+004, Sun Oct 11 02:00:36 2015
1.80, 0.00, 1.30, 0.00 , 1.329640E-004, -1.329300E-004, -3.054186E-011, -8.473400E-014, 2.150400E+004 1.570926E+074 2.150400E+004, Sun Oct 11 02:00:40 2015
1.80, 0.00, 1.32, 0.00 , 1.409660E-004, -1.409480E-004, -2.748101E-011, -8.918050E-014, 2.150400E+004 1.570926E+074 2.150400E+004, Sun Oct 11 02:00:44 2015
1.80, 0.00, 1.34, 0.00 , 1.493986E-004, -1.494140E-004, -2.437824E-011, -8.803610E-014, 2.150400E+004 1.570926E+074 2.150400E+004, Sun Oct 11 02:00:47 2015
1.80, 0.00, 1.36, 0.00 , 1.583217E-004, -1.582820E-004, -2.496525E-011, -1.105310E-013, 2.150400E+004 1.570926E+074 2.150400E+004, Sun Oct 11 02:00:51 2015
1.80, 0.00, 1.38, 0.00 , 1.674950E-004, -1.674690E-004, -2.123372E-011, -9.548660E-014, 2.150400E+004 1.570926E+074 2.150400E+004, Sun Oct 11 02:00:54 2015
1.80, 0.00, 1.40, 0.00 , 1.771713E-004, -1.771330E-004, -2.907433E-011, -7.345680E-014, 2.150400E+004 1.570926E+074 2.150400E+004, Sun Oct 11 02:00:58 2015
1.80, 0.00, 1.42, 0.00 , 1.872373E-004, -1.871740E-004, -2.165297E-011, -9.269710E-014, 2.150400E+004 1.570926E+074 2.150400E+004, Sun Oct 11 02:01:01 2015
1.80, 0.00, 1.44, 0.00 , 1.976499E-004, -1.976340E-004, -2.722944E-011, -9.953980E-014, 2.150400E+004 1.570926E+074 2.150400E+004, Sun Oct 11 02:01:05 2015
1.80, 0.00, 1.46, 0.00 , 2.083218E-004, -2.083410E-004, -2.391702E-011, -7.716420E-014, 2.150400E+004 1.570926E+074 2.150400E+004, Sun Oct 11 02:01:08 2015
1.80, 0.00, 1.48, 0.00 , 2.192765E-004, -2.192360E-004, -2.215607E-011, -6.729360E-014, 2.150400E+004 1.570926E+074 2.150400E+004, Sun Oct 11 02:01:12 2015
1.80, 0.00, 1.50, 0.00 , 2.305693E-004, -2.305400E-004, -1.829895E-011, -9.298320E-014, 2.150400E+004 1.570926E+074 2.150400E+004, Sun Oct 11 02:01:16 2015
1.80, 0.00, 1.52, 0.00 , 2.421841E-004, -2.421520E-004, -2.102409E-011, -6.532670E-014, 2.150400E+004 1.570926E+074 2.150400E+004, Sun Oct 11 02:01:19 2015
1.80, 0.00, 1.54, 0.00 , 2.540688E-004, -2.540290E-004, -2.043714E-011, -9.644030E-014, 2.150400E+004 1.570926E+074 2.150400E+004, Sun Oct 11 02:01:23 2015
1.80, 0.00, 1.56, 0.00 , 2.662815E-004, -2.662660E-004, -2.240762E-011, -1.098630E-013, 2.150400E+004 1.570926E+074 2.150400E+004, Sun Oct 11 02:01:26 2015
1.80, 0.00, 1.58, 0.00 , 2.788519E-004, -2.787750E-004, -2.026944E-011, -1.070380E-013, 2.150400E+004 1.570926E+074 2.150400E+004, Sun Oct 11 02:01:30 2015
1.80, 0.00, 1.60, 0.00 , 2.916780E-004, -2.916100E-004, -1.746045E-011, -8.988380E-014, 2.150400E+004 1.570926E+074 2.150400E+004, Sun Oct 11 02:01:33 2015
1.80, 0.00, 1.62, 0.00 , 3.047268E-004, -3.046450E-004, -1.985019E-011, -8.057360E-014, 2.150400E+004 1.570926E+074 2.150400E+004, Sun Oct 11 02:01:37 2015
1.80, 0.00, 1.64, 0.00 , 3.181035E-004, -3.180640E-004, -1.825703E-011, -7.493500E-014, 2.150400E+004 1.570926E+074 2.150400E+004, Sun Oct 11 02:01:40 2015
1.80, 0.00, 1.66, 0.00 , 3.316833E-004, -3.316560E-004, -2.408473E-011, -8.255240E-014, 2.150400E+004 1.570926E+074 2.150400E+004, Sun Oct 11 02:01:44 2015
1.80, 0.00, 1.68, 0.00 , 3.455669E-004, -3.455160E-004, -2.525876E-011, -9.437800E-014, 2.150400E+004 1.570926E+074 2.150400E+004, Sun Oct 11 02:01:48 2015
1.80, 0.00, 1.70, 0.00 , 3.596283E-004, -3.595650E-004, -1.896976E-011, -9.555820E-014, 2.150400E+004 1.570926E+074 2.150400E+004, Sun Oct 11 02:01:51 2015
1.80, 0.00, 1.72, 0.00 , 3.739704E-004, -3.739480E-004, -2.324615E-011, -8.425710E-014, 2.150400E+004 1.570926E+074 2.150400E+004, Sun Oct 11 02:01:55 2015
1.80, 0.00, 1.74, 0.00 , 3.885114E-004, -3.884380E-004, -2.211415E-011, -9.782310E-014, 2.150400E+004 1.570926E+074 2.150400E+004, Sun Oct 11 02:01:58 2015
1.80, 0.00, 1.76, 0.00 , 4.032926E-004, -4.032500E-004, -2.341386E-011, -9.671450E-014, 2.150400E+004 1.570926E+074 2.150400E+004, Sun Oct 11 02:02:02 2015
1.80, 0.00, 1.78, 0.00 , 4.183916E-004, -4.183250E-004, -3.519603E-011, -8.741620E-014, 2.150400E+004 1.570926E+074 2.150400E+004, Sun Oct 11 02:02:05 2015
1.80, 0.00, 1.80, 0.00 , 4.337399E-004, -4.336840E-004, -2.320422E-011, -9.295940E-014, 2.150400E+004 1.570926E+074 2.150400E+004, Sun Oct 11 02:02:09 2015
1.80, 0.00, 1.82, 0.00 , 4.493491E-004, -4.492710E-004, -2.735523E-011, -9.706020E-014, 2.150400E+004 1.570926E+074 2.150400E+004, Sun Oct 11 02:02:12 2015
1.80, 0.00, 1.84, 0.00 , 4.651457E-004, -4.650750E-004, -2.538455E-011, -1.011250E-013, 2.150400E+004 1.570926E+074 2.150400E+004, Sun Oct 11 02:02:16 2015
1.80, 0.00, 1.86, 0.00 , 4.812261E-004, -4.811720E-004, -1.825703E-011, -8.453130E-014, 2.150400E+004 1.570926E+074 2.150400E+004, Sun Oct 11 02:02:19 2015
1.80, 0.00, 1.88, 0.00 , 4.974987E-004, -4.974390E-004, -2.379123E-011, -7.821320E-014, 2.150400E+004 1.570926E+074 2.150400E+004, Sun Oct 11 02:02:23 2015
1.80, 0.00, 1.90, 0.00 , 5.139930E-004, -5.139100E-004, -2.613927E-011, -9.813310E-014, 2.150400E+004 1.570926E+074 2.150400E+004, Sun Oct 11 02:02:27 2015
1.80, 0.00, 1.92, 0.00 , 5.306962E-004, -5.306230E-004, -2.064677E-011, -9.069440E-014, 2.150400E+004 1.570926E+074 2.150400E+004, Sun Oct 11 02:02:30 2015
1.80, 0.00, 1.94, 0.00 , 5.475900E-004, -5.474990E-004, -2.689400E-011, -1.035690E-013, 2.150400E+004 1.570926E+074 2.150400E+004, Sun Oct 11 02:02:34 2015
1.80, 0.00, 1.96, 0.00 , 5.646080E-004, -5.645120E-004, -1.905361E-011, -9.150510E-014, 2.150400E+004 1.570926E+074 2.150400E+004, Sun Oct 11 02:02:37 2015
1.80, 0.00, 1.98, 0.00 , 5.817612E-004, -5.816860E-004, -1.985019E-011, -5.857940E-014, 2.150400E+004 1.570926E+074 2.150400E+004, Sun Oct 11 02:02:41 2015
1.80, 0.00, 2.00, 0.00 , 5.990977E-004, -5.990040E-004, -1.871821E-011, -8.386370E-014, 2.150400E+004 1.570926E+074 2.150400E+004, Sun Oct 11 02:02:44 2015
