0.00, 0.00, 0.05, 0.00 , -3.136296E-011, -8.369920E-013, -3.452489E-011, -1.074550E-013, 2.150400E+004 1.570926E+074 2.150400E+004, Tue Oct 13 00:52:57 2015
0.02, 0.00, 0.05, 0.00 , -2.739618E-011, -7.110480E-013, -3.771145E-011, -1.100060E-013, 2.150400E+004 1.570926E+074 2.150400E+004, Tue Oct 13 00:53:10 2015
0.04, 0.00, 0.05, 0.00 , -2.452660E-011, -6.995680E-013, -3.645359E-011, -1.041410E-013, 2.150400E+004 1.570926E+074 2.150400E+004, Tue Oct 13 00:53:46 2015
0.06, 0.00, 0.05, 0.00 , -2.756498E-011, -2.362610E-013, -3.653746E-011, -8.741620E-014, 2.150400E+004 1.570926E+074 2.150400E+004, Tue Oct 13 00:55:47 2015
0.08, 0.00, 0.05, 0.00 , -3.283994E-011, -8.700730E-013, -3.624396E-011, -9.725090E-014, 2.150400E+004 1.570926E+074 2.150400E+004, Tue Oct 13 00:56:44 2015
0.10, 0.00, 0.05, 0.00 , -2.465319E-011, -6.474970E-013, -3.444104E-011, -9.813310E-014, 2.150400E+004 1.570926E+074 2.150400E+004, Tue Oct 13 00:58:22 2015
0.12, 0.00, 0.05, 0.00 , -2.680537E-011, -9.604810E-013, -3.620202E-011, -7.717610E-014, 2.150400E+004 1.570926E+074 2.150400E+004, Tue Oct 13 00:58:30 2015
0.14, 0.00, 0.05, 0.00 , -2.946398E-011, -3.830670E-013, -3.762760E-011, -1.042250E-013, 2.150400E+004 1.570926E+074 2.150400E+004, Tue Oct 13 00:59:21 2015
0.16, 0.00, 0.05, 0.00 , -2.680538E-011, -4.106280E-013, -3.716638E-011, -8.690360E-014, 2.150400E+004 1.570926E+074 2.150400E+004, Tue Oct 13 00:59:27 2015
0.18, 0.00, 0.05, 0.00 , -2.486419E-011, -7.663490E-013, -3.599238E-011, -1.015900E-013, 2.150400E+004 1.570926E+074 2.150400E+004, Tue Oct 13 00:59:50 2015
0.20, 0.00, 0.05, 0.00 , -2.883095E-011, -9.235380E-013, -3.745989E-011, -7.815360E-014, 2.150400E+004 1.570926E+074 2.150400E+004, Tue Oct 13 01:01:12 2015
0.22, 0.00, 0.05, 0.00 , -2.663659E-011, -5.462770E-013, -3.628589E-011, -7.709260E-014, 2.150400E+004 1.570926E+074 2.150400E+004, Tue Oct 13 01:01:48 2015
0.24, 0.00, 0.05, 0.00 , -2.629898E-011, -8.260010E-013, -3.603432E-011, -1.035330E-013, 2.150400E+004 1.570926E+074 2.150400E+004, Tue Oct 13 01:01:57 2015
0.26, 0.00, 0.05, 0.00 , -3.511873E-011, -5.132680E-013, -3.452489E-011, -1.004340E-013, 2.150400E+004 1.570926E+074 2.150400E+004, Tue Oct 13 01:02:47 2015
0.28, 0.00, 0.05, 0.00 , -3.355735E-011, -6.344680E-013, -3.871773E-011, -8.624790E-014, 2.150400E+004 1.570926E+074 2.150400E+004, Tue Oct 13 01:02:58 2015
0.30, 0.00, 0.05, 0.00 , -2.537059E-011, -8.975150E-013, -3.725024E-011, -1.093390E-013, 2.150400E+004 1.570926E+074 2.150400E+004, Tue Oct 13 01:03:40 2015
0.32, 0.00, 0.05, 0.00 , -3.537192E-011, -8.268480E-013, -3.687289E-011, -1.086240E-013, 2.150400E+004 1.570926E+074 2.150400E+004, Tue Oct 13 01:03:58 2015
0.34, 0.00, 0.05, 0.00 , -2.587699E-011, -3.886220E-013, -3.544732E-011, -8.773800E-014, 2.150400E+004 1.570926E+074 2.150400E+004, Tue Oct 13 01:04:39 2015
0.36, 0.00, 0.05, 0.00 , -2.980160E-011, -5.894070E-013, -3.901124E-011, -9.510520E-014, 2.150400E+004 1.570926E+074 2.150400E+004, Tue Oct 13 01:04:53 2015
0.38, 0.00, 0.05, 0.00 , -2.684760E-011, -8.835550E-013, -3.641168E-011, -1.009350E-013, 2.150400E+004 1.570926E+074 2.150400E+004, Tue Oct 13 01:05:43 2015
0.40, 0.00, 0.05, 0.00 , -2.866219E-011, -7.135390E-013, -3.641168E-011, -9.355550E-014, 2.150400E+004 1.570926E+074 2.150400E+004, Tue Oct 13 01:05:54 2015
0.42, 0.00, 0.05, 0.00 , -2.781820E-011, -9.253140E-013, -3.578275E-011, -1.014950E-013, 2.150400E+004 1.570926E+074 2.150400E+004, Tue Oct 13 01:07:17 2015
0.44, 0.00, 0.05, 0.00 , -2.144603E-011, -5.799290E-013, -3.771147E-011, -9.006260E-014, 2.150400E+004 1.570926E+074 2.150400E+004, Tue Oct 13 01:07:33 2015
0.46, 0.00, 0.05, 0.00 , -2.178362E-011, -9.449360E-013, -3.607625E-011, -1.045700E-013, 2.150400E+004 1.570926E+074 2.150400E+004, Tue Oct 13 01:08:18 2015
0.48, 0.00, 0.05, 0.00 , -2.220565E-011, -9.026650E-013, -3.410562E-011, -1.003740E-013, 2.150400E+004 1.570926E+074 2.150400E+004, Tue Oct 13 01:10:11 2015
0.50, 0.00, 0.05, 0.00 , -3.119419E-011, -7.900830E-013, -3.402176E-011, -9.347200E-014, 2.150400E+004 1.570926E+074 2.150400E+004, Tue Oct 13 01:11:37 2015
0.52, 0.00, 0.05, 0.00 , -2.448442E-011, -8.395200E-013, -3.636974E-011, -1.025680E-013, 2.150400E+004 1.570926E+074 2.150400E+004, Tue Oct 13 01:12:29 2015
0.54, 0.00, 0.05, 0.00 , -3.094100E-011, -8.322480E-013, -3.506996E-011, -7.733110E-014, 2.150400E+004 1.570926E+074 2.150400E+004, Tue Oct 13 01:14:09 2015
0.56, 0.00, 0.05, 0.00 , -2.975939E-011, -6.585600E-013, -3.683097E-011, -1.038790E-013, 2.150400E+004 1.570926E+074 2.150400E+004, Tue Oct 13 01:14:15 2015
0.58, 0.00, 0.05, 0.00 , -2.849339E-011, -4.457120E-013, -3.595045E-011, -9.865760E-014, 2.150400E+004 1.570926E+074 2.150400E+004, Tue Oct 13 01:15:01 2015
0.60, 0.00, 0.05, 0.00 , -3.056118E-011, -5.364660E-013, -3.808882E-011, -9.921790E-014, 2.150400E+004 1.570926E+074 2.150400E+004, Tue Oct 13 01:15:09 2015
0.62, 0.00, 0.05, 0.00 , -3.381059E-011, -8.659240E-013, -3.389598E-011, -1.030680E-013, 2.150400E+004 1.570926E+074 2.150400E+004, Tue Oct 13 01:15:27 2015
0.64, 0.00, 0.05, 0.00 , -2.714303E-011, -1.142630E-012, -3.565697E-011, -8.157490E-014, 2.150400E+004 1.570926E+074 2.150400E+004, Tue Oct 13 01:15:36 2015
0.66, 0.00, 0.05, 0.00 , -2.191023E-011, -1.139270E-012, -3.532155E-011, -8.389950E-014, 2.150400E+004 1.570926E+074 2.150400E+004, Tue Oct 13 01:15:41 2015
0.68, 0.00, 0.05, 0.00 , 2.312444E-012, -1.290940E-011, -3.699869E-011, -9.973050E-014, 2.150400E+004 1.570926E+074 2.150400E+004, Tue Oct 13 01:15:45 2015
0.70, 0.00, 0.05, 0.00 , 2.806399E-010, -3.045860E-010, -3.599240E-011, -9.753700E-014, 2.150400E+004 1.570926E+074 2.150400E+004, Tue Oct 13 01:15:51 2015
0.72, 0.00, 0.05, 0.00 , 4.740965E-009, -4.764470E-009, -3.486033E-011, -1.025560E-013, 2.150400E+004 1.570926E+074 2.150400E+004, Tue Oct 13 01:15:58 2015
0.74, 0.00, 0.05, 0.00 , 3.526123E-008, -3.511350E-008, -3.557311E-011, -6.933210E-014, 2.150400E+004 1.570926E+074 2.150400E+004, Tue Oct 13 01:16:01 2015
0.76, 0.00, 0.05, 0.00 , 1.475274E-007, -1.476340E-007, -3.657940E-011, -8.656980E-014, 2.150400E+004 1.570926E+074 2.150400E+004, Tue Oct 13 01:16:05 2015
0.78, 0.00, 0.05, 0.00 , 4.012083E-007, -4.009250E-007, -3.704060E-011, -9.598730E-014, 2.150400E+004 1.570926E+074 2.150400E+004, Tue Oct 13 01:16:09 2015
0.80, 0.00, 0.05, 0.00 , 8.304034E-007, -8.285310E-007, -3.628589E-011, -9.177920E-014, 2.150400E+004 1.570926E+074 2.150400E+004, Tue Oct 13 01:16:12 2015
0.82, 0.00, 0.05, 0.00 , 1.485129E-006, -1.483220E-006, -3.737603E-011, -1.115440E-013, 2.150400E+004 1.570926E+074 2.150400E+004, Tue Oct 13 01:16:16 2015
0.84, 0.00, 0.05, 0.00 , 2.375583E-006, -2.372600E-006, -3.687289E-011, -9.245870E-014, 2.150400E+004 1.570926E+074 2.150400E+004, Tue Oct 13 01:16:19 2015
0.86, 0.00, 0.05, 0.00 , 3.512979E-006, -3.506290E-006, -3.469261E-011, -8.646250E-014, 2.150400E+004 1.570926E+074 2.150400E+004, Tue Oct 13 01:16:23 2015
0.88, 0.00, 0.05, 0.00 , 4.882027E-006, -4.873390E-006, -3.783725E-011, -9.106400E-014, 2.150400E+004 1.570926E+074 2.150400E+004, Tue Oct 13 01:16:26 2015
0.90, 0.00, 0.05, 0.00 , 6.495589E-006, -6.480490E-006, -3.687289E-011, -9.189840E-014, 2.150400E+004 1.570926E+074 2.150400E+004, Tue Oct 13 01:16:30 2015
0.92, 0.00, 0.05, 0.00 , 8.296551E-006, -8.281480E-006, -3.783725E-011, -6.868840E-014, 2.150400E+004 1.570926E+074 2.150400E+004, Tue Oct 13 01:16:35 2015
0.94, 0.00, 0.05, 0.00 , 1.003805E-005, -1.002850E-005, -3.624397E-011, -7.723570E-014, 2.150400E+004 1.570926E+074 2.150400E+004, Tue Oct 13 01:16:38 2015
0.96, 0.00, 0.05, 0.00 , 1.257391E-005, -1.256540E-005, -3.628589E-011, -9.381770E-014, 2.150400E+004 1.570926E+074 2.150400E+004, Tue Oct 13 01:16:42 2015
0.98, 0.00, 0.05, 0.00 , 1.542786E-005, -1.541390E-005, -3.548925E-011, -9.406810E-014, 2.150400E+004 1.570926E+074 2.150400E+004, Tue Oct 13 01:16:45 2015
1.00, 0.00, 0.05, 0.00 , 1.859414E-005, -1.857920E-005, -3.611818E-011, -8.559230E-014, 2.150400E+004 1.570926E+074 2.150400E+004, Tue Oct 13 01:16:49 2015
1.02, 0.00, 0.05, 0.00 , 2.208271E-005, -2.206330E-005, -3.599240E-011, -8.438830E-014, 2.150400E+004 1.570926E+074 2.150400E+004, Tue Oct 13 01:16:53 2015
1.04, 0.00, 0.05, 0.00 , 2.592914E-005, -2.591060E-005, -3.649555E-011, -1.002070E-013, 2.150400E+004 1.570926E+074 2.150400E+004, Tue Oct 13 01:16:56 2015
1.06, 0.00, 0.05, 0.00 , 3.019310E-005, -3.017020E-005, -3.611819E-011, -9.380580E-014, 2.150400E+004 1.570926E+074 2.150400E+004, Tue Oct 13 01:17:00 2015
1.08, 0.00, 0.05, 0.00 , 3.485418E-005, -3.483500E-005, -3.620204E-011, -8.658170E-014, 2.150400E+004 1.570926E+074 2.150400E+004, Tue Oct 13 01:17:03 2015
1.10, 0.00, 0.05, 0.00 , 3.989564E-005, -3.987020E-005, -3.695676E-011, -9.785890E-014, 2.150400E+004 1.570926E+074 2.150400E+004, Tue Oct 13 01:17:07 2015
1.12, 0.00, 0.05, 0.00 , 4.530784E-005, -4.528080E-005, -3.599240E-011, -1.037600E-013, 2.150400E+004 1.570926E+074 2.150400E+004, Tue Oct 13 01:17:10 2015
1.14, 0.00, 0.05, 0.00 , 5.112833E-005, -5.110040E-005, -3.817268E-011, -1.007080E-013, 2.150400E+004 1.570926E+074 2.150400E+004, Tue Oct 13 01:17:14 2015
1.16, 0.00, 0.05, 0.00 , 5.734758E-005, -5.731560E-005, -3.628589E-011, -8.918050E-014, 2.150400E+004 1.570926E+074 2.150400E+004, Tue Oct 13 01:17:17 2015
1.18, 0.00, 0.05, 0.00 , 6.396796E-005, -6.393120E-005, -3.666325E-011, -1.054760E-013, 2.150400E+004 1.570926E+074 2.150400E+004, Tue Oct 13 01:17:21 2015
1.20, 0.00, 0.05, 0.00 , 7.095103E-005, -7.091530E-005, -3.511191E-011, -1.144650E-013, 2.150400E+004 1.570926E+074 2.150400E+004, Tue Oct 13 01:17:24 2015
1.22, 0.00, 0.05, 0.00 , 7.830375E-005, -7.826340E-005, -3.624397E-011, -9.731050E-014, 2.150400E+004 1.570926E+074 2.150400E+004, Tue Oct 13 01:17:28 2015
1.24, 0.00, 0.05, 0.00 , 8.602361E-005, -8.598170E-005, -3.603432E-011, -8.759500E-014, 2.150400E+004 1.570926E+074 2.150400E+004, Tue Oct 13 01:17:32 2015
1.26, 0.00, 0.05, 0.00 , 9.413000E-005, -9.408300E-005, -3.553118E-011, -9.825230E-014, 2.150400E+004 1.570926E+074 2.150400E+004, Tue Oct 13 01:17:35 2015
1.28, 0.00, 0.05, 0.00 , 1.025708E-004, -1.025210E-004, -3.616010E-011, -8.486510E-014, 2.150400E+004 1.570926E+074 2.150400E+004, Tue Oct 13 01:17:39 2015
1.30, 0.00, 0.05, 0.00 , 1.111889E-004, -1.111420E-004, -3.548926E-011, -8.059740E-014, 2.150400E+004 1.570926E+074 2.150400E+004, Tue Oct 13 01:17:42 2015
1.32, 0.00, 0.05, 0.00 , 1.202612E-004, -1.202160E-004, -3.544733E-011, -1.030680E-013, 2.150400E+004 1.570926E+074 2.150400E+004, Tue Oct 13 01:17:46 2015
1.34, 0.00, 0.05, 0.00 , 1.297601E-004, -1.297140E-004, -3.699867E-011, -9.624960E-014, 2.150400E+004 1.570926E+074 2.150400E+004, Tue Oct 13 01:17:49 2015
1.36, 0.00, 0.05, 0.00 , 1.396454E-004, -1.396010E-004, -3.607625E-011, -1.068230E-013, 2.150400E+004 1.570926E+074 2.150400E+004, Tue Oct 13 01:17:53 2015
1.38, 0.00, 0.05, 0.00 , 1.499046E-004, -1.498590E-004, -3.578275E-011, -8.815530E-014, 2.150400E+004 1.570926E+074 2.150400E+004, Tue Oct 13 01:17:56 2015
1.40, 0.00, 0.05, 0.00 , 1.605036E-004, -1.604650E-004, -3.779533E-011, -6.273990E-014, 2.150400E+004 1.570926E+074 2.150400E+004, Tue Oct 13 01:18:00 2015
1.42, 0.00, 0.05, 0.00 , 1.714631E-004, -1.714260E-004, -3.553118E-011, -8.828640E-014, 2.150400E+004 1.570926E+074 2.150400E+004, Tue Oct 13 01:18:04 2015
1.44, 0.00, 0.05, 0.00 , 1.827673E-004, -1.827220E-004, -3.762761E-011, -9.688140E-014, 2.150400E+004 1.570926E+074 2.150400E+004, Tue Oct 13 01:18:07 2015
1.46, 0.00, 0.05, 0.00 , 1.944029E-004, -1.943490E-004, -3.473455E-011, -9.160040E-014, 2.150400E+004 1.570926E+074 2.150400E+004, Tue Oct 13 01:18:11 2015
1.48, 0.00, 0.05, 0.00 , 2.063300E-004, -2.062840E-004, -3.699868E-011, -9.335280E-014, 2.150400E+004 1.570926E+074 2.150400E+004, Tue Oct 13 01:18:14 2015
1.50, 0.00, 0.05, 0.00 , 2.185769E-004, -2.185190E-004, -3.678903E-011, -8.683200E-014, 2.150400E+004 1.570926E+074 2.150400E+004, Tue Oct 13 01:18:18 2015
1.52, 0.00, 0.05, 0.00 , 2.311083E-004, -2.310600E-004, -3.670518E-011, -7.830860E-014, 2.150400E+004 1.570926E+074 2.150400E+004, Tue Oct 13 01:18:21 2015
1.54, 0.00, 0.05, 0.00 , 2.439341E-004, -2.438900E-004, -3.649554E-011, -8.891820E-014, 2.150400E+004 1.570926E+074 2.150400E+004, Tue Oct 13 01:18:25 2015
1.56, 0.00, 0.05, 0.00 , 2.570517E-004, -2.569920E-004, -3.578276E-011, -9.989740E-014, 2.150400E+004 1.570926E+074 2.150400E+004, Tue Oct 13 01:18:28 2015
1.58, 0.00, 0.05, 0.00 , 2.704390E-004, -2.703790E-004, -3.720833E-011, -1.167770E-013, 2.150400E+004 1.570926E+074 2.150400E+004, Tue Oct 13 01:18:32 2015
1.60, 0.00, 0.05, 0.00 , 2.840936E-004, -2.840270E-004, -3.569890E-011, -1.002070E-013, 2.150400E+004 1.570926E+074 2.150400E+004, Tue Oct 13 01:18:35 2015
1.62, 0.00, 0.05, 0.00 , 2.979644E-004, -2.978890E-004, -3.662133E-011, -8.383990E-014, 2.150400E+004 1.570926E+074 2.150400E+004, Tue Oct 13 01:18:39 2015
1.64, 0.00, 0.05, 0.00 , 3.121012E-004, -3.120490E-004, -3.574083E-011, -7.674690E-014, 2.150400E+004 1.570926E+074 2.150400E+004, Tue Oct 13 01:18:43 2015
1.66, 0.00, 0.05, 0.00 , 3.265245E-004, -3.264500E-004, -3.670518E-011, -9.372230E-014, 2.150400E+004 1.570926E+074 2.150400E+004, Tue Oct 13 01:18:46 2015
1.68, 0.00, 0.05, 0.00 , 3.411626E-004, -3.410910E-004, -3.582469E-011, -1.025560E-013, 2.150400E+004 1.570926E+074 2.150400E+004, Tue Oct 13 01:18:50 2015
1.70, 0.00, 0.05, 0.00 , 3.560319E-004, -3.559620E-004, -3.574084E-011, -8.803610E-014, 2.150400E+004 1.570926E+074 2.150400E+004, Tue Oct 13 01:18:53 2015
1.72, 0.00, 0.05, 0.00 , 3.711715E-004, -3.711220E-004, -3.578274E-011, -9.959940E-014, 2.150400E+004 1.570926E+074 2.150400E+004, Tue Oct 13 01:18:57 2015
1.74, 0.00, 0.05, 0.00 , 3.865286E-004, -3.864810E-004, -3.532154E-011, -8.271930E-014, 2.150400E+004 1.570926E+074 2.150400E+004, Tue Oct 13 01:19:00 2015
1.76, 0.00, 0.05, 0.00 , 4.020649E-004, -4.020030E-004, -3.632782E-011, -9.331700E-014, 2.150400E+004 1.570926E+074 2.150400E+004, Tue Oct 13 01:19:04 2015
1.78, 0.00, 0.05, 0.00 , 4.178366E-004, -4.177380E-004, -3.754374E-011, -9.613040E-014, 2.150400E+004 1.570926E+074 2.150400E+004, Tue Oct 13 01:19:07 2015
1.80, 0.00, 0.05, 0.00 , 4.337980E-004, -4.337000E-004, -3.825654E-011, -8.623600E-014, 2.150400E+004 1.570926E+074 2.150400E+004, Tue Oct 13 01:19:11 2015
1.82, 0.00, 0.05, 0.00 , 4.499106E-004, -4.498320E-004, -3.532154E-011, -1.035810E-013, 2.150400E+004 1.570926E+074 2.150400E+004, Tue Oct 13 01:19:15 2015
1.84, 0.00, 0.05, 0.00 , 4.662089E-004, -4.661090E-004, -3.704060E-011, -7.729530E-014, 2.150400E+004 1.570926E+074 2.150400E+004, Tue Oct 13 01:19:18 2015
1.86, 0.00, 0.05, 0.00 , 4.826314E-004, -4.825440E-004, -3.586662E-011, -7.354020E-014, 2.150400E+004 1.570926E+074 2.150400E+004, Tue Oct 13 01:19:22 2015
1.88, 0.00, 0.05, 0.00 , 4.992060E-004, -4.991060E-004, -3.574083E-011, -8.841750E-014, 2.150400E+004 1.570926E+074 2.150400E+004, Tue Oct 13 01:19:25 2015
1.90, 0.00, 0.05, 0.00 , 5.159311E-004, -5.158490E-004, -3.641168E-011, -7.526870E-014, 2.150400E+004 1.570926E+074 2.150400E+004, Tue Oct 13 01:19:29 2015
1.92, 0.00, 0.05, 0.00 , 5.328236E-004, -5.327090E-004, -3.506997E-011, -8.014440E-014, 2.150400E+004 1.570926E+074 2.150400E+004, Tue Oct 13 01:19:32 2015
1.94, 0.00, 0.05, 0.00 , 5.498404E-004, -5.497090E-004, -3.834040E-011, -9.334090E-014, 2.150400E+004 1.570926E+074 2.150400E+004, Tue Oct 13 01:19:36 2015
1.96, 0.00, 0.05, 0.00 , 5.669441E-004, -5.668420E-004, -3.636976E-011, -7.277730E-014, 2.150400E+004 1.570926E+074 2.150400E+004, Tue Oct 13 01:19:39 2015
1.98, 0.00, 0.05, 0.00 , 5.842040E-004, -5.841270E-004, -3.645361E-011, -9.890790E-014, 2.150400E+004 1.570926E+074 2.150400E+004, Tue Oct 13 01:19:43 2015
2.00, 0.00, 0.05, 0.00 , 6.017243E-004, -6.016390E-004, -3.494419E-011, -9.788270E-014, 2.150400E+004 1.570926E+074 2.150400E+004, Tue Oct 13 01:19:46 2015
