0.00, 0.00, 0.00, 0.00 , -2.170078E-011, 2.843980E-013, -1.947265E-011, -1.038550E-013, 2.150400E+004 1.570926E+074 2.150400E+004, Wed Oct 07 14:03:28 2015
0.05, 0.00, 0.00, 0.00 , -1.579240E-011, -9.529590E-014, -2.504923E-011, -9.491440E-014, 2.150400E+004 1.570926E+074 2.150400E+004, Wed Oct 07 14:03:46 2015
0.10, 0.00, 0.00, 0.00 , -1.937963E-011, -2.613900E-013, -2.182060E-011, -1.043440E-013, 2.150400E+004 1.570926E+074 2.150400E+004, Wed Oct 07 14:03:56 2015
0.15, 0.00, 0.00, 0.00 , -8.955582E-012, -5.209450E-013, -2.509115E-011, -1.171950E-013, 2.150400E+004 1.570926E+074 2.150400E+004, Wed Oct 07 14:04:25 2015
0.20, 0.00, 0.00, 0.00 , -1.845115E-011, -5.589600E-013, -2.190446E-011, -8.682010E-014, 2.150400E+004 1.570926E+074 2.150400E+004, Wed Oct 07 14:04:37 2015
0.25, 0.00, 0.00, 0.00 , -4.904127E-012, -6.178740E-013, -2.693615E-011, -1.048450E-013, 2.150400E+004 1.570926E+074 2.150400E+004, Wed Oct 07 14:05:02 2015
0.30, 0.00, 0.00, 0.00 , -1.676300E-011, -8.553510E-013, -2.223988E-011, -9.906290E-014, 2.150400E+004 1.570926E+074 2.150400E+004, Wed Oct 07 14:06:15 2015
0.35, 0.00, 0.00, 0.00 , -1.769145E-011, -9.702320E-013, -2.341388E-011, -1.042490E-013, 2.150400E+004 1.570926E+074 2.150400E+004, Wed Oct 07 14:06:19 2015
0.40, 0.00, 0.00, 0.00 , -1.764922E-011, -1.012220E-012, -2.580398E-011, -1.056910E-013, 2.150400E+004 1.570926E+074 2.150400E+004, Wed Oct 07 14:07:22 2015
0.45, 0.00, 0.00, 0.00 , -1.621431E-011, -1.131010E-012, -2.274301E-011, -9.270910E-014, 2.150400E+004 1.570926E+074 2.150400E+004, Wed Oct 07 14:08:04 2015
0.50, 0.00, 0.00, 0.00 , -1.735375E-011, -1.101290E-012, -2.244952E-011, -8.976460E-014, 2.150400E+004 1.570926E+074 2.150400E+004, Wed Oct 07 14:08:43 2015
0.55, 0.00, 0.00, 0.00 , -1.566566E-011, -1.299000E-012, -2.454603E-011, -9.170770E-014, 2.150400E+004 1.570926E+074 2.150400E+004, Wed Oct 07 14:08:52 2015
0.60, 0.00, 0.00, 0.00 , -1.625646E-011, -1.449130E-012, -2.320422E-011, -9.391310E-014, 2.150400E+004 1.570926E+074 2.150400E+004, Wed Oct 07 14:09:39 2015
0.65, 0.00, 0.00, 0.00 , -1.794454E-011, -1.330270E-012, -2.320422E-011, -1.089690E-013, 2.150400E+004 1.570926E+074 2.150400E+004, Wed Oct 07 14:10:30 2015
0.70, 0.00, 0.00, 0.00 , -2.056104E-011, -1.431890E-012, -2.374933E-011, -1.011010E-013, 2.150400E+004 1.570926E+074 2.150400E+004, Wed Oct 07 14:11:20 2015
0.75, 0.00, 0.00, 0.00 , -1.494814E-011, -1.449060E-012, -2.408478E-011, -1.133680E-013, 2.150400E+004 1.570926E+074 2.150400E+004, Wed Oct 07 14:12:28 2015
0.80, 0.00, 0.00, 0.00 , -4.819640E-012, -1.646130E-012, -3.062604E-011, -9.719130E-014, 2.150400E+004 1.570926E+074 2.150400E+004, Wed Oct 07 14:13:02 2015
0.85, 0.00, 0.00, 0.00 , -7.647169E-012, -1.639350E-012, -2.500726E-011, -1.137260E-013, 2.150400E+004 1.570926E+074 2.150400E+004, Wed Oct 07 14:13:11 2015
0.90, 0.00, 0.00, 0.00 , -1.874630E-011, -1.841660E-012, -2.345581E-011, -1.325130E-013, 2.150400E+004 1.570926E+074 2.150400E+004, Wed Oct 07 14:13:19 2015
0.95, 0.00, 0.00, 0.00 , -7.815965E-012, -1.992710E-012, -2.865527E-011, -9.126660E-014, 2.150400E+004 1.570926E+074 2.150400E+004, Wed Oct 07 14:13:42 2015
1.00, 0.00, 0.00, 0.00 , -9.841660E-012, -1.745670E-012, -2.764892E-011, -1.115560E-013, 2.150400E+004 1.570926E+074 2.150400E+004, Wed Oct 07 14:13:47 2015
1.05, 0.00, 0.00, 0.00 , -7.140738E-012, -2.023420E-012, -2.240760E-011, -1.080870E-013, 2.150400E+004 1.570926E+074 2.150400E+004, Wed Oct 07 14:13:57 2015
1.10, 0.00, 0.00, 0.00 , -1.604533E-011, -1.958800E-012, -2.345581E-011, -9.248260E-014, 2.150400E+004 1.570926E+074 2.150400E+004, Wed Oct 07 14:14:18 2015
1.15, 0.00, 0.00, 0.00 , -1.482147E-011, -2.000070E-012, -2.685223E-011, -8.032320E-014, 2.150400E+004 1.570926E+074 2.150400E+004, Wed Oct 07 14:14:27 2015
1.20, 0.00, 0.00, 0.00 , -1.574991E-011, -2.142500E-012, -2.458795E-011, -9.675030E-014, 2.150400E+004 1.570926E+074 2.150400E+004, Wed Oct 07 14:14:37 2015
1.25, 0.00, 0.00, 0.00 , -9.799447E-012, -2.308930E-012, -2.639099E-011, -9.479520E-014, 2.150400E+004 1.570926E+074 2.150400E+004, Wed Oct 07 14:14:41 2015
1.30, 0.00, 0.00, 0.00 , -9.370508E-013, -2.533890E-012, -2.634905E-011, -1.040940E-013, 2.150400E+004 1.570926E+074 2.150400E+004, Wed Oct 07 14:14:44 2015
1.35, 0.00, 0.00, 0.00 , -1.288018E-011, -2.641130E-012, -2.513305E-011, -1.098040E-013, 2.150400E+004 1.570926E+074 2.150400E+004, Wed Oct 07 14:14:49 2015
1.40, 0.00, 0.00, 0.00 , -1.444165E-011, -2.578620E-012, -2.563623E-011, -8.735660E-014, 2.150400E+004 1.570926E+074 2.150400E+004, Wed Oct 07 14:14:57 2015
1.45, 0.00, 0.00, 0.00 , -7.858156E-012, -2.791360E-012, -2.584588E-011, -1.001360E-013, 2.150400E+004 1.570926E+074 2.150400E+004, Wed Oct 07 14:15:01 2015
1.50, 0.00, 0.00, 0.00 , -9.250815E-012, -2.748740E-012, -2.685223E-011, -1.099470E-013, 2.150400E+004 1.570926E+074 2.150400E+004, Wed Oct 07 14:15:06 2015
1.55, 0.00, 0.00, 0.00 , -9.588430E-012, -2.918570E-012, -2.613940E-011, -1.120090E-013, 2.150400E+004 1.570926E+074 2.150400E+004, Wed Oct 07 14:15:09 2015
1.60, 0.00, 0.00, 0.00 , -9.883837E-012, -3.083570E-012, -2.681030E-011, -9.380580E-014, 2.150400E+004 1.570926E+074 2.150400E+004, Wed Oct 07 14:15:13 2015
1.65, 0.00, 0.00, 0.00 , -9.124204E-012, -3.098450E-012, -2.576202E-011, -8.599760E-014, 2.150400E+004 1.570926E+074 2.150400E+004, Wed Oct 07 14:15:17 2015
1.70, 0.00, 0.00, 0.00 , -9.883845E-012, -3.158800E-012, -2.731347E-011, -1.011250E-013, 2.150400E+004 1.570926E+074 2.150400E+004, Wed Oct 07 14:15:20 2015
1.75, 0.00, 0.00, 0.00 , -9.124214E-012, -3.140740E-012, -2.655870E-011, -9.039640E-014, 2.150400E+004 1.570926E+074 2.150400E+004, Wed Oct 07 14:15:26 2015
1.80, 0.00, 0.00, 0.00 , -9.715025E-012, -3.210960E-012, -2.525884E-011, -1.108880E-013, 2.150400E+004 1.570926E+074 2.150400E+004, Wed Oct 07 14:15:32 2015
1.85, 0.00, 0.00, 0.00 , -9.672835E-012, -3.386910E-012, -2.563622E-011, -1.064180E-013, 2.150400E+004 1.570926E+074 2.150400E+004, Wed Oct 07 14:15:37 2015
1.90, 0.00, 0.00, 0.00 , -9.757224E-012, -3.275020E-012, -2.655870E-011, -1.082900E-013, 2.150400E+004 1.570926E+074 2.150400E+004, Wed Oct 07 14:15:46 2015
1.95, 0.00, 0.00, 0.00 , -9.377419E-012, -3.537790E-012, -2.731346E-011, -9.639260E-014, 2.150400E+004 1.570926E+074 2.150400E+004, Wed Oct 07 14:15:49 2015
2.00, 0.00, 0.00, 0.00 , -9.377419E-012, -3.526710E-012, -2.517498E-011, -1.047250E-013, 2.150400E+004 1.570926E+074 2.150400E+004, Wed Oct 07 14:15:54 2015
