0.00, 0.00, 1.20, 0.00 , 2.561616E-008, -2.472990E-008, -1.507046E-011, -1.121640E-013, 2.150400E+004 1.570926E+074 2.150400E+004, Wed Oct 07 14:21:54 2015
0.05, 0.00, 1.20, 0.00 , 8.033665E-006, -8.034340E-006, -1.519624E-011, -1.137730E-013, 2.150400E+004 1.570926E+074 2.150400E+004, Wed Oct 07 14:21:57 2015
0.10, 0.00, 1.20, 0.00 , 1.522680E-005, -1.523310E-005, -1.259680E-011, -1.077410E-013, 2.150400E+004 1.570926E+074 2.150400E+004, Wed Oct 07 14:22:01 2015
0.15, 0.00, 1.20, 0.00 , 2.158462E-005, -2.158810E-005, -1.465120E-011, -1.104240E-013, 2.150400E+004 1.570926E+074 2.150400E+004, Wed Oct 07 14:22:04 2015
0.20, 0.00, 1.20, 0.00 , 2.710642E-005, -2.710890E-005, -1.599285E-011, -8.835790E-014, 2.150400E+004 1.570926E+074 2.150400E+004, Wed Oct 07 14:22:08 2015
0.25, 0.00, 1.20, 0.00 , 3.181331E-005, -3.181450E-005, -1.607670E-011, -1.064060E-013, 2.150400E+004 1.570926E+074 2.150400E+004, Wed Oct 07 14:22:12 2015
0.30, 0.00, 1.20, 0.00 , 3.573301E-005, -3.573280E-005, -1.574129E-011, -9.893180E-014, 2.150400E+004 1.570926E+074 2.150400E+004, Wed Oct 07 14:22:15 2015
0.35, 0.00, 1.20, 0.00 , 3.888143E-005, -3.888260E-005, -1.507046E-011, -9.865760E-014, 2.150400E+004 1.570926E+074 2.150400E+004, Wed Oct 07 14:22:19 2015
0.40, 0.00, 1.20, 0.00 , 4.131110E-005, -4.130740E-005, -1.657982E-011, -1.031040E-013, 2.150400E+004 1.570926E+074 2.150400E+004, Wed Oct 07 14:22:22 2015
0.45, 0.00, 1.20, 0.00 , 4.307210E-005, -4.307250E-005, -1.766991E-011, -1.307610E-013, 2.150400E+004 1.570926E+074 2.150400E+004, Wed Oct 07 14:22:26 2015
0.50, 0.00, 1.20, 0.00 , 4.426343E-005, -4.426160E-005, -1.444157E-011, -1.183150E-013, 2.150400E+004 1.570926E+074 2.150400E+004, Wed Oct 07 14:22:29 2015
0.55, 0.00, 1.20, 0.00 , 4.499631E-005, -4.499380E-005, -1.293221E-011, -9.872910E-014, 2.150400E+004 1.570926E+074 2.150400E+004, Wed Oct 07 14:22:33 2015
0.60, 0.00, 1.20, 0.00 , 4.541460E-005, -4.541290E-005, -1.599285E-011, -1.013280E-013, 2.150400E+004 1.570926E+074 2.150400E+004, Wed Oct 07 14:22:36 2015
0.65, 0.00, 1.20, 0.00 , 4.563265E-005, -4.563220E-005, -1.917927E-011, -7.956030E-014, 2.150400E+004 1.570926E+074 2.150400E+004, Wed Oct 07 14:22:40 2015
0.70, 0.00, 1.20, 0.00 , 4.574870E-005, -4.574820E-005, -1.741835E-011, -9.415150E-014, 2.150400E+004 1.570926E+074 2.150400E+004, Wed Oct 07 14:22:43 2015
0.75, 0.00, 1.20, 0.00 , 4.581856E-005, -4.581540E-005, -1.821495E-011, -1.011010E-013, 2.150400E+004 1.570926E+074 2.150400E+004, Wed Oct 07 14:22:47 2015
0.80, 0.00, 1.20, 0.00 , 4.586263E-005, -4.586370E-005, -1.465121E-011, -9.213690E-014, 2.150400E+004 1.570926E+074 2.150400E+004, Wed Oct 07 14:22:51 2015
0.85, 0.00, 1.20, 0.00 , 4.590120E-005, -4.590050E-005, -1.951468E-011, -7.687810E-014, 2.150400E+004 1.570926E+074 2.150400E+004, Wed Oct 07 14:22:54 2015
0.90, 0.00, 1.20, 0.00 , 4.593244E-005, -4.592850E-005, -1.955661E-011, -9.654760E-014, 2.150400E+004 1.570926E+074 2.150400E+004, Wed Oct 07 14:22:58 2015
0.95, 0.00, 1.20, 0.00 , 4.595833E-005, -4.595820E-005, -2.018550E-011, -1.032230E-013, 2.150400E+004 1.570926E+074 2.150400E+004, Wed Oct 07 14:23:01 2015
1.00, 0.00, 1.20, 0.00 , 4.598268E-005, -4.598240E-005, -1.695716E-011, -1.010890E-013, 2.150400E+004 1.570926E+074 2.150400E+004, Wed Oct 07 14:23:05 2015
1.05, 0.00, 1.20, 0.00 , 4.600438E-005, -4.600300E-005, -1.896963E-011, -9.143350E-014, 2.150400E+004 1.570926E+074 2.150400E+004, Wed Oct 07 14:23:08 2015
1.10, 0.00, 1.20, 0.00 , 4.602594E-005, -4.602370E-005, -1.938890E-011, -9.233950E-014, 2.150400E+004 1.570926E+074 2.150400E+004, Wed Oct 07 14:23:12 2015
1.15, 0.00, 1.20, 0.00 , 4.604870E-005, -4.604600E-005, -1.729258E-011, -8.882280E-014, 2.150400E+004 1.570926E+074 2.150400E+004, Wed Oct 07 14:23:15 2015
1.20, 0.00, 1.20, 0.00 , 4.606779E-005, -4.606580E-005, -1.657983E-011, -1.289840E-013, 2.150400E+004 1.570926E+074 2.150400E+004, Wed Oct 07 14:23:19 2015
1.25, 0.00, 1.20, 0.00 , 4.608274E-005, -4.608090E-005, -1.817303E-011, -9.095670E-014, 2.150400E+004 1.570926E+074 2.150400E+004, Wed Oct 07 14:23:23 2015
1.30, 0.00, 1.20, 0.00 , 4.609782E-005, -4.609700E-005, -2.081440E-011, -1.139280E-013, 2.150400E+004 1.570926E+074 2.150400E+004, Wed Oct 07 14:23:26 2015
1.35, 0.00, 1.20, 0.00 , 4.611288E-005, -4.611370E-005, -1.951468E-011, -1.186610E-013, 2.150400E+004 1.570926E+074 2.150400E+004, Wed Oct 07 14:23:30 2015
1.40, 0.00, 1.20, 0.00 , 4.613239E-005, -4.613040E-005, -1.884386E-011, -1.102210E-013, 2.150400E+004 1.570926E+074 2.150400E+004, Wed Oct 07 14:23:33 2015
1.45, 0.00, 1.20, 0.00 , 4.614391E-005, -4.614450E-005, -1.771184E-011, -1.013520E-013, 2.150400E+004 1.570926E+074 2.150400E+004, Wed Oct 07 14:23:37 2015
1.50, 0.00, 1.20, 0.00 , 4.615921E-005, -4.615800E-005, -1.917927E-011, -9.549860E-014, 2.150400E+004 1.570926E+074 2.150400E+004, Wed Oct 07 14:23:40 2015
1.55, 0.00, 1.20, 0.00 , 4.617391E-005, -4.617300E-005, -2.085633E-011, -1.061440E-013, 2.150400E+004 1.570926E+074 2.150400E+004, Wed Oct 07 14:23:44 2015
1.60, 0.00, 1.20, 0.00 , 4.619409E-005, -4.619200E-005, -1.909542E-011, -1.005170E-013, 2.150400E+004 1.570926E+074 2.150400E+004, Wed Oct 07 14:23:47 2015
1.65, 0.00, 1.20, 0.00 , 4.621212E-005, -4.621210E-005, -1.930505E-011, -1.058580E-013, 2.150400E+004 1.570926E+074 2.150400E+004, Wed Oct 07 14:23:51 2015
1.70, 0.00, 1.20, 0.00 , 4.623453E-005, -4.622920E-005, -1.976624E-011, -1.054880E-013, 2.150400E+004 1.570926E+074 2.150400E+004, Wed Oct 07 14:23:54 2015
1.75, 0.00, 1.20, 0.00 , 4.625213E-005, -4.625420E-005, -1.955661E-011, -1.044150E-013, 2.150400E+004 1.570926E+074 2.150400E+004, Wed Oct 07 14:23:58 2015
1.80, 0.00, 1.20, 0.00 , 4.627972E-005, -4.627780E-005, -2.173678E-011, -9.524820E-014, 2.150400E+004 1.570926E+074 2.150400E+004, Wed Oct 07 14:24:02 2015
1.85, 0.00, 1.20, 0.00 , 4.630453E-005, -4.629900E-005, -2.119174E-011, -1.135350E-013, 2.150400E+004 1.570926E+074 2.150400E+004, Wed Oct 07 14:24:05 2015
1.90, 0.00, 1.20, 0.00 , 4.632819E-005, -4.632740E-005, -2.056284E-011, -1.016740E-013, 2.150400E+004 1.570926E+074 2.150400E+004, Wed Oct 07 14:24:09 2015
1.95, 0.00, 1.20, 0.00 , 4.635349E-005, -4.635240E-005, -2.043706E-011, -1.018050E-013, 2.150400E+004 1.570926E+074 2.150400E+004, Wed Oct 07 14:24:12 2015
2.00, 0.00, 1.20, 0.00 , 4.638381E-005, -4.638100E-005, -1.901157E-011, -1.283650E-013, 2.150400E+004 1.570926E+074 2.150400E+004, Wed Oct 07 14:24:16 2015
