0.05, 0.00, 0.00, 0.00 , -3.039235E-011, -1.219240E-012, -3.565696E-011, -8.105040E-014, 2.150400E+004 1.570926E+074 2.150400E+004, Tue Oct 13 00:48:22 2015
0.05, 0.00, 0.02, 0.00 , -2.904198E-011, -2.429720E-013, -3.766952E-011, -1.129390E-013, 2.150400E+004 1.570926E+074 2.150400E+004, Tue Oct 13 00:48:35 2015
0.05, 0.00, 0.04, 0.00 , -2.946396E-011, -2.059940E-013, -4.588750E-011, -9.163620E-014, 2.150400E+004 1.570926E+074 2.150400E+004, Tue Oct 13 00:48:40 2015
0.05, 0.00, 0.06, 0.00 , -3.098315E-011, -7.615330E-013, -4.727114E-011, -1.044990E-013, 2.150400E+004 1.570926E+074 2.150400E+004, Tue Oct 13 00:48:45 2015
0.05, 0.00, 0.08, 0.00 , -3.051896E-011, -8.195640E-013, -3.326703E-011, -1.032350E-013, 2.150400E+004 1.570926E+074 2.150400E+004, Tue Oct 13 00:48:50 2015
0.05, 0.00, 0.10, 0.00 , -3.110974E-011, -3.034710E-013, -3.959823E-011, -9.797810E-014, 2.150400E+004 1.570926E+074 2.150400E+004, Tue Oct 13 00:48:55 2015
0.05, 0.00, 0.12, 0.00 , -3.013914E-011, -2.071260E-013, -3.385404E-011, -1.058220E-013, 2.150400E+004 1.570926E+074 2.150400E+004, Tue Oct 13 00:49:03 2015
0.05, 0.00, 0.14, 0.00 , -2.984377E-011, -8.261080E-013, -3.200919E-011, -1.155610E-013, 2.150400E+004 1.570926E+074 2.150400E+004, Tue Oct 13 00:49:08 2015
0.05, 0.00, 0.16, 0.00 , -2.997035E-011, -5.853770E-013, -3.741795E-011, -1.032470E-013, 2.150400E+004 1.570926E+074 2.150400E+004, Tue Oct 13 00:49:16 2015
0.05, 0.00, 0.18, 0.00 , -3.030795E-011, -1.018360E-012, -3.964016E-011, -1.049520E-013, 2.150400E+004 1.570926E+074 2.150400E+004, Tue Oct 13 00:49:26 2015
0.05, 0.00, 0.20, 0.00 , -2.929515E-011, -3.198390E-013, -3.821459E-011, -9.675030E-014, 2.150400E+004 1.570926E+074 2.150400E+004, Tue Oct 13 00:49:42 2015
0.05, 0.00, 0.22, 0.00 , -2.988594E-011, -8.555650E-014, -3.884353E-011, -1.108530E-013, 2.150400E+004 1.570926E+074 2.150400E+004, Tue Oct 13 00:50:04 2015
0.05, 0.00, 0.24, 0.00 , -2.997036E-011, -8.265730E-013, -2.735513E-011, -1.116870E-013, 2.150400E+004 1.570926E+074 2.150400E+004, Tue Oct 13 00:50:26 2015
0.05, 0.00, 0.26, 0.00 , -3.047675E-011, -3.589030E-013, -4.064644E-011, -1.144410E-013, 2.150400E+004 1.570926E+074 2.150400E+004, Tue Oct 13 00:50:30 2015
0.05, 0.00, 0.28, 0.00 , -2.950616E-011, -9.066340E-013, -3.569889E-011, -1.016740E-013, 2.150400E+004 1.570926E+074 2.150400E+004, Tue Oct 13 00:50:37 2015
0.05, 0.00, 0.30, 0.00 , -2.984377E-011, -1.369360E-013, -3.221883E-011, -9.479520E-014, 2.150400E+004 1.570926E+074 2.150400E+004, Tue Oct 13 00:50:52 2015
0.05, 0.00, 0.32, 0.00 , -2.971717E-011, -9.742980E-013, -3.511189E-011, -8.591410E-014, 2.150400E+004 1.570926E+074 2.150400E+004, Tue Oct 13 00:50:59 2015
0.05, 0.00, 0.34, 0.00 , -2.971719E-011, -1.045230E-012, -3.108677E-011, -9.988550E-014, 2.150400E+004 1.570926E+074 2.150400E+004, Tue Oct 13 00:51:03 2015
0.05, 0.00, 0.36, 0.00 , -3.047677E-011, -9.399890E-013, -3.104483E-011, -1.000050E-013, 2.150400E+004 1.570926E+074 2.150400E+004, Tue Oct 13 00:51:08 2015
0.05, 0.00, 0.38, 0.00 , -2.942177E-011, -9.386660E-013, -3.330897E-011, -1.127840E-013, 2.150400E+004 1.570926E+074 2.150400E+004, Tue Oct 13 00:51:14 2015
