0.00, 0.00, 1.60, 0.00 , 2.045205E-008, -2.076110E-008, 2.459549E-010, -8.718970E-014, 2.150400E+004 1.570926E+074 2.150400E+004, Sun Sep 06 15:54:38 2015
0.05, 0.00, 1.60, 0.00 , 1.087616E-005, -1.088340E-005, 2.370247E-010, -9.351970E-014, 2.150400E+004 1.570926E+074 2.150400E+004, Sun Sep 06 15:54:42 2015
0.10, 0.00, 1.60, 0.00 , 2.119484E-005, -2.119620E-005, 2.275917E-010, -9.516480E-014, 2.150400E+004 1.570926E+074 2.150400E+004, Sun Sep 06 15:54:46 2015
0.15, 0.00, 1.60, 0.00 , 3.090577E-005, -3.091730E-005, 2.119956E-010, -1.299740E-013, 2.150400E+004 1.570926E+074 2.150400E+004, Sun Sep 06 15:54:49 2015
0.20, 0.00, 1.60, 0.00 , 4.000107E-005, -4.000390E-005, 2.010531E-010, -1.083140E-013, 2.150400E+004 1.570926E+074 2.150400E+004, Sun Sep 06 15:54:53 2015
0.25, 0.00, 1.60, 0.00 , 4.850710E-005, -4.849720E-005, 1.960222E-010, -9.335280E-014, 2.150400E+004 1.570926E+074 2.150400E+004, Sun Sep 06 15:54:56 2015
0.30, 0.00, 1.60, 0.00 , 5.638812E-005, -5.639920E-005, 1.908235E-010, -6.934400E-014, 2.150400E+004 1.570926E+074 2.150400E+004, Sun Sep 06 15:55:00 2015
0.35, 0.00, 1.60, 0.00 , 6.360368E-005, -6.356440E-005, 1.810130E-010, -1.126290E-013, 2.150400E+004 1.570926E+074 2.150400E+004, Sun Sep 06 15:55:03 2015
0.40, 0.00, 1.60, 0.00 , 7.020624E-005, -7.019830E-005, 1.746821E-010, -6.862880E-014, 2.150400E+004 1.570926E+074 2.150400E+004, Sun Sep 06 15:55:07 2015
0.45, 0.00, 1.60, 0.00 , 7.610951E-005, -7.611790E-005, 1.779944E-010, -9.274480E-014, 2.150400E+004 1.570926E+074 2.150400E+004, Sun Sep 06 15:55:10 2015
0.50, 0.00, 1.60, 0.00 , 8.135135E-005, -8.135870E-005, 1.699866E-010, -7.908340E-014, 2.150400E+004 1.570926E+074 2.150400E+004, Sun Sep 06 15:55:14 2015
0.55, 0.00, 1.60, 0.00 , 8.607341E-005, -8.601010E-005, 1.668423E-010, -1.000290E-013, 2.150400E+004 1.570926E+074 2.150400E+004, Sun Sep 06 15:55:18 2015
0.60, 0.00, 1.60, 0.00 , 9.011403E-005, -9.009460E-005, 1.718733E-010, -8.523460E-014, 2.150400E+004 1.570926E+074 2.150400E+004, Sun Sep 06 15:55:21 2015
0.65, 0.00, 1.60, 0.00 , 9.359149E-005, -9.358620E-005, 1.722926E-010, -1.006360E-013, 2.150400E+004 1.570926E+074 2.150400E+004, Sun Sep 06 15:55:25 2015
0.70, 0.00, 1.60, 0.00 , 9.647558E-005, -9.649180E-005, 1.738436E-010, -9.127860E-014, 2.150400E+004 1.570926E+074 2.150400E+004, Sun Sep 06 15:55:28 2015
0.75, 0.00, 1.60, 0.00 , 9.891026E-005, -9.889260E-005, 1.691061E-010, -9.018180E-014, 2.150400E+004 1.570926E+074 2.150400E+004, Sun Sep 06 15:55:32 2015
0.80, 0.00, 1.60, 0.00 , 1.009958E-004, -1.010380E-004, 1.594215E-010, -1.024250E-013, 2.150400E+004 1.570926E+074 2.150400E+004, Sun Sep 06 15:55:35 2015
0.85, 0.00, 1.60, 0.00 , 1.027543E-004, -1.027500E-004, 1.546420E-010, -9.163620E-014, 2.150400E+004 1.570926E+074 2.150400E+004, Sun Sep 06 15:55:39 2015
0.90, 0.00, 1.60, 0.00 , 1.041099E-004, -1.041200E-004, 1.564029E-010, -9.539130E-014, 2.150400E+004 1.570926E+074 2.150400E+004, Sun Sep 06 15:55:42 2015
0.95, 0.00, 1.60, 0.00 , 1.053498E-004, -1.054020E-004, 1.590442E-010, -8.171800E-014, 2.150400E+004 1.570926E+074 2.150400E+004, Sun Sep 06 15:55:46 2015
1.00, 0.00, 1.60, 0.00 , 1.064071E-004, -1.063740E-004, 1.507850E-010, -1.273040E-013, 2.150400E+004 1.570926E+074 2.150400E+004, Sun Sep 06 15:55:50 2015
1.05, 0.00, 1.60, 0.00 , 1.072214E-004, -1.072180E-004, 1.528393E-010, -9.607080E-014, 2.150400E+004 1.570926E+074 2.150400E+004, Sun Sep 06 15:55:53 2015
1.10, 0.00, 1.60, 0.00 , 1.080758E-004, -1.079850E-004, 1.488983E-010, -9.176730E-014, 2.150400E+004 1.570926E+074 2.150400E+004, Sun Sep 06 15:55:57 2015
1.15, 0.00, 1.60, 0.00 , 1.088476E-004, -1.087850E-004, 1.510784E-010, -4.236700E-014, 2.150400E+004 1.570926E+074 2.150400E+004, Sun Sep 06 15:56:00 2015
1.20, 0.00, 1.60, 0.00 , 1.093695E-004, -1.093780E-004, 1.595471E-010, -9.016990E-014, 2.150400E+004 1.570926E+074 2.150400E+004, Sun Sep 06 15:56:04 2015
1.25, 0.00, 1.60, 0.00 , 1.100277E-004, -1.100220E-004, 1.590442E-010, -9.247060E-014, 2.150400E+004 1.570926E+074 2.150400E+004, Sun Sep 06 15:56:07 2015
1.30, 0.00, 1.60, 0.00 , 1.105362E-004, -1.104740E-004, 1.468020E-010, -8.248090E-014, 2.150400E+004 1.570926E+074 2.150400E+004, Sun Sep 06 15:56:11 2015
1.35, 0.00, 1.60, 0.00 , 1.109719E-004, -1.109230E-004, 1.490241E-010, -1.093150E-013, 2.150400E+004 1.570926E+074 2.150400E+004, Sun Sep 06 15:56:14 2015
1.40, 0.00, 1.60, 0.00 , 1.114404E-004, -1.113920E-004, 1.521264E-010, -8.819100E-014, 2.150400E+004 1.570926E+074 2.150400E+004, Sun Sep 06 15:56:18 2015
1.45, 0.00, 1.60, 0.00 , 1.120417E-004, -1.119920E-004, 1.461731E-010, -8.709430E-014, 2.150400E+004 1.570926E+074 2.150400E+004, Sun Sep 06 15:56:21 2015
1.50, 0.00, 1.60, 0.00 , 1.125389E-004, -1.125020E-004, 1.385428E-010, -1.026390E-013, 2.150400E+004 1.570926E+074 2.150400E+004, Sun Sep 06 15:56:25 2015
1.55, 0.00, 1.60, 0.00 , 1.130871E-004, -1.130020E-004, 1.385428E-010, -8.111000E-014, 2.150400E+004 1.570926E+074 2.150400E+004, Sun Sep 06 15:56:29 2015
1.60, 0.00, 1.60, 0.00 , 1.133940E-004, -1.133670E-004, 1.420224E-010, -9.709600E-014, 2.150400E+004 1.570926E+074 2.150400E+004, Sun Sep 06 15:56:32 2015
1.65, 0.00, 1.60, 0.00 , 1.138673E-004, -1.138200E-004, 1.396328E-010, -8.250470E-014, 2.150400E+004 1.570926E+074 2.150400E+004, Sun Sep 06 15:56:36 2015
1.70, 0.00, 1.60, 0.00 , 1.142212E-004, -1.142730E-004, 1.341827E-010, -7.773640E-014, 2.150400E+004 1.570926E+074 2.150400E+004, Sun Sep 06 15:56:39 2015
1.75, 0.00, 1.60, 0.00 , 1.148282E-004, -1.148090E-004, 1.284808E-010, -9.766820E-014, 2.150400E+004 1.570926E+074 2.150400E+004, Sun Sep 06 15:56:43 2015
1.80, 0.00, 1.60, 0.00 , 1.152247E-004, -1.152690E-004, 1.325055E-010, -7.764100E-014, 2.150400E+004 1.570926E+074 2.150400E+004, Sun Sep 06 15:56:46 2015
1.85, 0.00, 1.60, 0.00 , 1.155969E-004, -1.155900E-004, 1.423580E-010, -1.014830E-013, 2.150400E+004 1.570926E+074 2.150400E+004, Sun Sep 06 15:56:50 2015
1.90, 0.00, 1.60, 0.00 , 1.160079E-004, -1.159960E-004, 1.331345E-010, -7.798670E-014, 2.150400E+004 1.570926E+074 2.150400E+004, Sun Sep 06 15:56:53 2015
1.95, 0.00, 1.60, 0.00 , 1.165163E-004, -1.164990E-004, 1.336795E-010, -9.220840E-014, 2.150400E+004 1.570926E+074 2.150400E+004, Sun Sep 06 15:56:57 2015
2.00, 0.00, 1.60, 0.00 , 1.169382E-004, -1.169490E-004, 1.345599E-010, -7.182360E-014, 2.150400E+004 1.570926E+074 2.150400E+004, Sun Sep 06 15:57:01 2015
