0.00, 0.00, 0.40, 0.00 , -7.786650E-011, 1.159410E-010, 9.875596E-011, -9.394880E-014, 2.150400E+004 1.570926E+074 2.150400E+004, Sun Sep 06 15:46:40 2015
0.05, 0.00, 0.40, 0.00 , 6.377843E-010, -5.781840E-010, 8.471106E-011, -8.986000E-014, 2.150400E+004 1.570926E+074 2.150400E+004, Sun Sep 06 15:46:45 2015
0.10, 0.00, 0.40, 0.00 , 8.328569E-010, -7.698380E-010, 6.710251E-011, -7.632970E-014, 2.150400E+004 1.570926E+074 2.150400E+004, Sun Sep 06 15:46:50 2015
0.15, 0.00, 0.40, 0.00 , 9.237887E-010, -8.435260E-010, 5.167413E-011, -8.168220E-014, 2.150400E+004 1.570926E+074 2.150400E+004, Sun Sep 06 15:46:54 2015
0.20, 0.00, 0.40, 0.00 , 9.752261E-010, -8.845460E-010, 4.215710E-011, -7.879730E-014, 2.150400E+004 1.570926E+074 2.150400E+004, Sun Sep 06 15:47:00 2015
0.25, 0.00, 0.40, 0.00 , 1.042782E-009, -9.259150E-010, 3.829997E-011, -8.301740E-014, 2.150400E+004 1.570926E+074 2.150400E+004, Sun Sep 06 15:47:04 2015
0.30, 0.00, 0.40, 0.00 , 1.070547E-009, -9.658360E-010, 3.373015E-011, -7.998940E-014, 2.150400E+004 1.570926E+074 2.150400E+004, Sun Sep 06 15:47:09 2015
0.35, 0.00, 0.40, 0.00 , 1.116709E-009, -9.830280E-010, 3.209508E-011, -8.553270E-014, 2.150400E+004 1.570926E+074 2.150400E+004, Sun Sep 06 15:47:13 2015
0.40, 0.00, 0.40, 0.00 , 1.143209E-009, -1.002810E-009, 3.247239E-011, -9.596350E-014, 2.150400E+004 1.570926E+074 2.150400E+004, Sun Sep 06 15:47:18 2015
0.45, 0.00, 0.40, 0.00 , 1.156204E-009, -1.028410E-009, 2.874101E-011, -8.136030E-014, 2.150400E+004 1.570926E+074 2.150400E+004, Sun Sep 06 15:47:21 2015
0.50, 0.00, 0.40, 0.00 , 1.163504E-009, -1.046250E-009, 2.760904E-011, -7.599590E-014, 2.150400E+004 1.570926E+074 2.150400E+004, Sun Sep 06 15:47:28 2015
0.55, 0.00, 0.40, 0.00 , 1.188358E-009, -1.074850E-009, 2.962148E-011, -8.891820E-014, 2.150400E+004 1.570926E+074 2.150400E+004, Sun Sep 06 15:47:32 2015
0.60, 0.00, 0.40, 0.00 , 1.216207E-009, -1.081960E-009, 2.995680E-011, -9.962320E-014, 2.150400E+004 1.570926E+074 2.150400E+004, Sun Sep 06 15:47:36 2015
0.65, 0.00, 0.40, 0.00 , 1.230384E-009, -1.098580E-009, 3.041805E-011, -8.677240E-014, 2.150400E+004 1.570926E+074 2.150400E+004, Sun Sep 06 15:47:41 2015
0.70, 0.00, 0.40, 0.00 , 1.261653E-009, -1.103460E-009, 2.861525E-011, -9.012220E-014, 2.150400E+004 1.570926E+074 2.150400E+004, Sun Sep 06 15:47:46 2015
0.75, 0.00, 0.40, 0.00 , 1.283214E-009, -1.111240E-009, 3.071149E-011, -8.275510E-014, 2.150400E+004 1.570926E+074 2.150400E+004, Sun Sep 06 15:47:50 2015
0.80, 0.00, 0.40, 0.00 , 1.293215E-009, -1.112000E-009, 2.920220E-011, -7.423160E-014, 2.150400E+004 1.570926E+074 2.150400E+004, Sun Sep 06 15:47:54 2015
0.85, 0.00, 0.40, 0.00 , 1.310894E-009, -1.137660E-009, 2.853145E-011, -9.282830E-014, 2.150400E+004 1.570926E+074 2.150400E+004, Sun Sep 06 15:47:57 2015
0.90, 0.00, 0.40, 0.00 , 1.337015E-009, -1.132590E-009, 2.848949E-011, -8.552070E-014, 2.150400E+004 1.570926E+074 2.150400E+004, Sun Sep 06 15:48:01 2015
0.95, 0.00, 0.40, 0.00 , 1.353429E-009, -1.149220E-009, 2.727361E-011, -8.395910E-014, 2.150400E+004 1.570926E+074 2.150400E+004, Sun Sep 06 15:48:04 2015
1.00, 0.00, 0.40, 0.00 , 1.378324E-009, -1.161120E-009, 2.748329E-011, -7.833240E-014, 2.150400E+004 1.570926E+074 2.150400E+004, Sun Sep 06 15:48:08 2015
1.05, 0.00, 0.40, 0.00 , 1.378029E-009, -1.166120E-009, 2.639320E-011, -8.482930E-014, 2.150400E+004 1.570926E+074 2.150400E+004, Sun Sep 06 15:48:12 2015
1.10, 0.00, 0.40, 0.00 , 1.399296E-009, -1.184270E-009, 2.425503E-011, -9.930130E-014, 2.150400E+004 1.570926E+074 2.150400E+004, Sun Sep 06 15:48:15 2015
1.15, 0.00, 0.40, 0.00 , 1.399465E-009, -1.204410E-009, 2.513544E-011, -8.151530E-014, 2.150400E+004 1.570926E+074 2.150400E+004, Sun Sep 06 15:48:20 2015
1.20, 0.00, 0.40, 0.00 , 1.408663E-009, -1.206210E-009, 1.050358E-011, -9.853840E-014, 2.150400E+004 1.570926E+074 2.150400E+004, Sun Sep 06 15:48:24 2015
1.25, 0.00, 0.40, 0.00 , 1.431069E-009, -1.247010E-009, 2.199109E-011, -9.871720E-014, 2.150400E+004 1.570926E+074 2.150400E+004, Sun Sep 06 15:48:29 2015
1.30, 0.00, 0.40, 0.00 , 1.450310E-009, -1.261170E-009, 1.922403E-011, -9.522440E-014, 2.150400E+004 1.570926E+074 2.150400E+004, Sun Sep 06 15:48:32 2015
1.35, 0.00, 0.40, 0.00 , 1.475713E-009, -1.255250E-009, 2.081717E-011, -7.848740E-014, 2.150400E+004 1.570926E+074 2.150400E+004, Sun Sep 06 15:48:36 2015
1.40, 0.00, 0.40, 0.00 , 1.498498E-009, -1.274420E-009, 2.039795E-011, -7.487540E-014, 2.150400E+004 1.570926E+074 2.150400E+004, Sun Sep 06 15:48:39 2015
1.45, 0.00, 0.40, 0.00 , 1.525462E-009, -1.283200E-009, 1.851130E-011, -1.083370E-013, 2.150400E+004 1.570926E+074 2.150400E+004, Sun Sep 06 15:48:44 2015
1.50, 0.00, 0.40, 0.00 , 1.561287E-009, -1.292840E-009, 1.834356E-011, -9.590390E-014, 2.150400E+004 1.570926E+074 2.150400E+004, Sun Sep 06 15:48:48 2015
1.55, 0.00, 0.40, 0.00 , 1.579389E-009, -1.312220E-009, 1.905632E-011, -9.599920E-014, 2.150400E+004 1.570926E+074 2.150400E+004, Sun Sep 06 15:48:51 2015
1.60, 0.00, 0.40, 0.00 , 1.594283E-009, -1.309300E-009, 1.863708E-011, -1.145840E-013, 2.150400E+004 1.570926E+074 2.150400E+004, Sun Sep 06 15:48:55 2015
1.65, 0.00, 0.40, 0.00 , 1.626986E-009, -1.323290E-009, 1.796629E-011, -9.127860E-014, 2.150400E+004 1.570926E+074 2.150400E+004, Sun Sep 06 15:48:59 2015
1.70, 0.00, 0.40, 0.00 , 1.660362E-009, -1.341060E-009, 1.595387E-011, -8.893010E-014, 2.150400E+004 1.570926E+074 2.150400E+004, Sun Sep 06 15:49:02 2015
1.75, 0.00, 0.40, 0.00 , 1.657492E-009, -1.345010E-009, 1.603772E-011, -8.662940E-014, 2.150400E+004 1.570926E+074 2.150400E+004, Sun Sep 06 15:49:06 2015
1.80, 0.00, 0.40, 0.00 , 1.642683E-009, -1.362860E-009, 1.566037E-011, -9.055140E-014, 2.150400E+004 1.570926E+074 2.150400E+004, Sun Sep 06 15:49:11 2015
1.85, 0.00, 0.40, 0.00 , 1.674371E-009, -1.379890E-009, 1.486380E-011, -1.018640E-013, 2.150400E+004 1.570926E+074 2.150400E+004, Sun Sep 06 15:49:14 2015
1.90, 0.00, 0.40, 0.00 , 1.700111E-009, -1.383250E-009, 1.268369E-011, -9.438990E-014, 2.150400E+004 1.570926E+074 2.150400E+004, Sun Sep 06 15:49:20 2015
1.95, 0.00, 0.40, 0.00 , 1.729691E-009, -1.432680E-009, 1.297715E-011, -6.465910E-014, 2.150400E+004 1.570926E+074 2.150400E+004, Sun Sep 06 15:49:24 2015
2.00, 0.00, 0.40, 0.00 , 1.744712E-009, -1.399360E-009, 1.243215E-011, -7.420780E-014, 2.150400E+004 1.570926E+074 2.150400E+004, Sun Sep 06 15:49:29 2015
