0.00, 0.00, 1.20, 0.00 , 1.171178E-008, -1.179050E-008, 1.842412E-010, -7.935760E-014, 2.150400E+004 1.570926E+074 2.150400E+004, Sun Sep 06 15:52:10 2015
0.05, 0.00, 1.20, 0.00 , 6.311105E-006, -6.309790E-006, 1.751015E-010, -9.306670E-014, 2.150400E+004 1.570926E+074 2.150400E+004, Sun Sep 06 15:52:14 2015
0.10, 0.00, 1.20, 0.00 , 1.190960E-005, -1.191530E-005, 1.668003E-010, -9.588000E-014, 2.150400E+004 1.570926E+074 2.150400E+004, Sun Sep 06 15:52:18 2015
0.15, 0.00, 1.20, 0.00 , 1.680043E-005, -1.681030E-005, 1.629852E-010, -7.930990E-014, 2.150400E+004 1.570926E+074 2.150400E+004, Sun Sep 06 15:52:21 2015
0.20, 0.00, 1.20, 0.00 , 2.102181E-005, -2.100810E-005, 1.573253E-010, -7.028580E-014, 2.150400E+004 1.570926E+074 2.150400E+004, Sun Sep 06 15:52:25 2015
0.25, 0.00, 1.20, 0.00 , 2.455541E-005, -2.454210E-005, 1.529231E-010, -9.139780E-014, 2.150400E+004 1.570926E+074 2.150400E+004, Sun Sep 06 15:52:28 2015
0.30, 0.00, 1.20, 0.00 , 2.750647E-005, -2.749770E-005, 1.526298E-010, -9.558200E-014, 2.150400E+004 1.570926E+074 2.150400E+004, Sun Sep 06 15:52:32 2015
0.35, 0.00, 1.20, 0.00 , 2.990182E-005, -2.991960E-005, 1.476824E-010, -9.717940E-014, 2.150400E+004 1.570926E+074 2.150400E+004, Sun Sep 06 15:52:35 2015
0.40, 0.00, 1.20, 0.00 , 3.178410E-005, -3.177360E-005, 1.466762E-010, -1.003860E-013, 2.150400E+004 1.570926E+074 2.150400E+004, Sun Sep 06 15:52:39 2015
0.45, 0.00, 1.20, 0.00 , 3.326908E-005, -3.326550E-005, 1.485629E-010, -9.316210E-014, 2.150400E+004 1.570926E+074 2.150400E+004, Sun Sep 06 15:52:42 2015
0.50, 0.00, 1.20, 0.00 , 3.441427E-005, -3.439770E-005, 1.445380E-010, -6.467100E-014, 2.150400E+004 1.570926E+074 2.150400E+004, Sun Sep 06 15:52:46 2015
0.55, 0.00, 1.20, 0.00 , 3.536415E-005, -3.536560E-005, 1.458378E-010, -9.671450E-014, 2.150400E+004 1.570926E+074 2.150400E+004, Sun Sep 06 15:52:50 2015
0.60, 0.00, 1.20, 0.00 , 3.608831E-005, -3.610530E-005, 1.435320E-010, -9.511710E-014, 2.150400E+004 1.570926E+074 2.150400E+004, Sun Sep 06 15:52:53 2015
0.65, 0.00, 1.20, 0.00 , 3.676906E-005, -3.672900E-005, 1.421065E-010, -8.509160E-014, 2.150400E+004 1.570926E+074 2.150400E+004, Sun Sep 06 15:52:57 2015
0.70, 0.00, 1.20, 0.00 , 3.728961E-005, -3.728940E-005, 1.427353E-010, -7.423160E-014, 2.150400E+004 1.570926E+074 2.150400E+004, Sun Sep 06 15:53:00 2015
0.75, 0.00, 1.20, 0.00 , 3.774682E-005, -3.775130E-005, 1.426933E-010, -1.072530E-013, 2.150400E+004 1.570926E+074 2.150400E+004, Sun Sep 06 15:53:04 2015
0.80, 0.00, 1.20, 0.00 , 3.817221E-005, -3.813160E-005, 1.405134E-010, -8.515120E-014, 2.150400E+004 1.570926E+074 2.150400E+004, Sun Sep 06 15:53:07 2015
0.85, 0.00, 1.20, 0.00 , 3.856503E-005, -3.848110E-005, 1.351467E-010, -7.992980E-014, 2.150400E+004 1.570926E+074 2.150400E+004, Sun Sep 06 15:53:11 2015
0.90, 0.00, 1.20, 0.00 , 3.889146E-005, -3.889010E-005, 1.320444E-010, -7.963180E-014, 2.150400E+004 1.570926E+074 2.150400E+004, Sun Sep 06 15:53:14 2015
0.95, 0.00, 1.20, 0.00 , 3.923171E-005, -3.923930E-005, 1.317510E-010, -1.010060E-013, 2.150400E+004 1.570926E+074 2.150400E+004, Sun Sep 06 15:53:18 2015
1.00, 0.00, 1.20, 0.00 , 3.954863E-005, -3.953200E-005, 1.326734E-010, -8.635520E-014, 2.150400E+004 1.570926E+074 2.150400E+004, Sun Sep 06 15:53:22 2015
1.05, 0.00, 1.20, 0.00 , 3.979096E-005, -3.981080E-005, 1.359435E-010, -1.104470E-013, 2.150400E+004 1.570926E+074 2.150400E+004, Sun Sep 06 15:53:25 2015
1.10, 0.00, 1.20, 0.00 , 4.008560E-005, -4.006840E-005, 1.332183E-010, -9.704830E-014, 2.150400E+004 1.570926E+074 2.150400E+004, Sun Sep 06 15:53:29 2015
1.15, 0.00, 1.20, 0.00 , 4.034465E-005, -4.035410E-005, 1.345600E-010, -9.493830E-014, 2.150400E+004 1.570926E+074 2.150400E+004, Sun Sep 06 15:53:32 2015
1.20, 0.00, 1.20, 0.00 , 4.062241E-005, -4.058630E-005, 1.283130E-010, -8.894210E-014, 2.150400E+004 1.570926E+074 2.150400E+004, Sun Sep 06 15:53:36 2015
1.25, 0.00, 1.20, 0.00 , 4.092646E-005, -4.085930E-005, 1.312898E-010, -1.006360E-013, 2.150400E+004 1.570926E+074 2.150400E+004, Sun Sep 06 15:53:39 2015
1.30, 0.00, 1.20, 0.00 , 4.117634E-005, -4.118060E-005, 1.302417E-010, -9.291170E-014, 2.150400E+004 1.570926E+074 2.150400E+004, Sun Sep 06 15:53:43 2015
1.35, 0.00, 1.20, 0.00 , 4.140391E-005, -4.135230E-005, 1.316670E-010, -9.157660E-014, 2.150400E+004 1.570926E+074 2.150400E+004, Sun Sep 06 15:53:46 2015
1.40, 0.00, 1.20, 0.00 , 4.168128E-005, -4.166510E-005, 1.329667E-010, -9.711980E-014, 2.150400E+004 1.570926E+074 2.150400E+004, Sun Sep 06 15:53:50 2015
1.45, 0.00, 1.20, 0.00 , 4.191034E-005, -4.191700E-005, 1.318767E-010, -8.702280E-014, 2.150400E+004 1.570926E+074 2.150400E+004, Sun Sep 06 15:53:53 2015
1.50, 0.00, 1.20, 0.00 , 4.217949E-005, -4.216890E-005, 1.269716E-010, -9.429450E-014, 2.150400E+004 1.570926E+074 2.150400E+004, Sun Sep 06 15:53:57 2015
1.55, 0.00, 1.20, 0.00 , 4.242732E-005, -4.243580E-005, 1.242883E-010, -7.901190E-014, 2.150400E+004 1.570926E+074 2.150400E+004, Sun Sep 06 15:54:01 2015
1.60, 0.00, 1.20, 0.00 , 4.272165E-005, -4.271510E-005, 1.264684E-010, -8.523460E-014, 2.150400E+004 1.570926E+074 2.150400E+004, Sun Sep 06 15:54:04 2015
1.65, 0.00, 1.20, 0.00 , 4.303455E-005, -4.305710E-005, 1.260492E-010, -1.334790E-013, 2.150400E+004 1.570926E+074 2.150400E+004, Sun Sep 06 15:54:08 2015
1.70, 0.00, 1.20, 0.00 , 4.324619E-005, -4.325540E-005, 1.222339E-010, -7.687810E-014, 2.150400E+004 1.570926E+074 2.150400E+004, Sun Sep 06 15:54:11 2015
1.75, 0.00, 1.20, 0.00 , 4.354262E-005, -4.356840E-005, 1.214792E-010, -9.437800E-014, 2.150400E+004 1.570926E+074 2.150400E+004, Sun Sep 06 15:54:15 2015
1.80, 0.00, 1.20, 0.00 , 4.385232E-005, -4.383360E-005, 1.205989E-010, -7.472040E-014, 2.150400E+004 1.570926E+074 2.150400E+004, Sun Sep 06 15:54:18 2015
1.85, 0.00, 1.20, 0.00 , 4.407946E-005, -4.408890E-005, 1.165741E-010, -7.771250E-014, 2.150400E+004 1.570926E+074 2.150400E+004, Sun Sep 06 15:54:22 2015
1.90, 0.00, 1.20, 0.00 , 4.436838E-005, -4.439860E-005, 1.168256E-010, -7.132290E-014, 2.150400E+004 1.570926E+074 2.150400E+004, Sun Sep 06 15:54:25 2015
1.95, 0.00, 1.20, 0.00 , 4.464250E-005, -4.458600E-005, 1.146455E-010, -1.044510E-013, 2.150400E+004 1.570926E+074 2.150400E+004, Sun Sep 06 15:54:29 2015
2.00, 0.00, 1.20, 0.00 , 4.492796E-005, -4.494680E-005, 1.124654E-010, -9.474750E-014, 2.150400E+004 1.570926E+074 2.150400E+004, Sun Sep 06 15:54:32 2015
