0.00, 0.00, 0.00, 0.00 , -4.047806E-011, -1.127700E-012, -3.418968E-011, -1.115680E-013, 2.150400E+004 1.570926E+074 2.150400E+004, Thu Sep 10 15:04:14 2015
0.05, 0.00, 0.00, 0.00 , -3.296648E-011, -1.462100E-012, -3.938890E-011, -1.112580E-013, 2.150400E+004 1.570926E+074 2.150400E+004, Thu Sep 10 15:04:19 2015
0.10, 0.00, 0.00, 0.00 , -3.359951E-011, -1.597480E-012, -4.014363E-011, -8.938310E-014, 2.150400E+004 1.570926E+074 2.150400E+004, Thu Sep 10 15:04:29 2015
0.15, 0.00, 0.00, 0.00 , -3.140512E-011, -1.914820E-012, -4.052100E-011, -9.908680E-014, 2.150400E+004 1.570926E+074 2.150400E+004, Thu Sep 10 15:05:08 2015
0.20, 0.00, 0.00, 0.00 , -3.102532E-011, -2.185200E-012, -3.163200E-011, -1.028900E-013, 2.150400E+004 1.570926E+074 2.150400E+004, Thu Sep 10 15:05:30 2015
0.25, 0.00, 0.00, 0.00 , -2.764933E-011, -2.327240E-012, -4.299483E-011, -7.977490E-014, 2.150400E+004 1.570926E+074 2.150400E+004, Thu Sep 10 15:05:40 2015
0.30, 0.00, 0.00, 0.00 , -2.786032E-011, -2.581020E-012, -3.934697E-011, -7.683040E-014, 2.150400E+004 1.570926E+074 2.150400E+004, Thu Sep 10 15:06:04 2015
0.35, 0.00, 0.00, 0.00 , -2.131939E-011, -2.755620E-012, -4.148537E-011, -9.779930E-014, 2.150400E+004 1.570926E+074 2.150400E+004, Thu Sep 10 15:06:14 2015
0.40, 0.00, 0.00, 0.00 , -2.292297E-011, -2.992940E-012, -4.161115E-011, -9.799000E-014, 2.150400E+004 1.570926E+074 2.150400E+004, Thu Sep 10 15:06:29 2015
0.45, 0.00, 0.00, 0.00 , -9.630054E-012, -3.217280E-012, -3.989205E-011, -9.365080E-014, 2.150400E+004 1.570926E+074 2.150400E+004, Thu Sep 10 15:07:03 2015
0.50, 0.00, 0.00, 0.00 , -1.570681E-011, -3.471350E-012, -2.882273E-011, -9.596350E-014, 2.150400E+004 1.570926E+074 2.150400E+004, Thu Sep 10 15:07:24 2015
0.55, 0.00, 0.00, 0.00 , -9.165849E-012, -3.709980E-012, -3.100306E-011, -1.127720E-013, 2.150400E+004 1.570926E+074 2.150400E+004, Thu Sep 10 15:07:29 2015
0.60, 0.00, 0.00, 0.00 , -3.468888E-012, -3.940030E-012, -3.590878E-011, -8.344650E-014, 2.150400E+004 1.570926E+074 2.150400E+004, Thu Sep 10 15:07:33 2015
0.65, 0.00, 0.00, 0.00 , -1.738697E-012, -4.158020E-012, -3.213514E-011, -9.799000E-014, 2.150400E+004 1.570926E+074 2.150400E+004, Thu Sep 10 15:07:36 2015
0.70, 0.00, 0.00, 0.00 , 5.899126E-012, -4.319940E-012, -4.320446E-011, -1.098750E-013, 2.150400E+004 1.570926E+074 2.150400E+004, Thu Sep 10 15:07:40 2015
0.75, 0.00, 0.00, 0.00 , 5.941323E-012, -4.665080E-012, -3.418968E-011, -7.337330E-014, 2.150400E+004 1.570926E+074 2.150400E+004, Thu Sep 10 15:07:45 2015
0.80, 0.00, 0.00, 0.00 , 1.395861E-011, -4.867700E-012, -4.551058E-011, -8.817910E-014, 2.150400E+004 1.570926E+074 2.150400E+004, Thu Sep 10 15:07:54 2015
0.85, 0.00, 0.00, 0.00 , 1.159562E-011, -5.127190E-012, -3.896961E-011, -1.012680E-013, 2.150400E+004 1.570926E+074 2.150400E+004, Thu Sep 10 15:08:06 2015
0.90, 0.00, 0.00, 0.00 , 2.138515E-011, -5.404620E-012, -3.519598E-011, -1.084090E-013, 2.150400E+004 1.570926E+074 2.150400E+004, Thu Sep 10 15:08:11 2015
0.95, 0.00, 0.00, 0.00 , 2.720824E-011, -5.589290E-012, -3.607650E-011, -1.059290E-013, 2.150400E+004 1.570926E+074 2.150400E+004, Thu Sep 10 15:08:38 2015
1.00, 0.00, 0.00, 0.00 , 2.763021E-011, -5.792770E-012, -4.089836E-011, -1.012330E-013, 2.150400E+004 1.570926E+074 2.150400E+004, Thu Sep 10 15:09:09 2015
1.05, 0.00, 0.00, 0.00 , 2.936025E-011, -6.008950E-012, -3.234479E-011, -1.172660E-013, 2.150400E+004 1.570926E+074 2.150400E+004, Thu Sep 10 15:09:39 2015
1.10, 0.00, 0.00, 0.00 , 3.670242E-011, -6.269840E-012, -3.578301E-011, -1.021740E-013, 2.150400E+004 1.570926E+074 2.150400E+004, Thu Sep 10 15:10:08 2015
1.15, 0.00, 0.00, 0.00 , 3.417065E-011, -6.451860E-012, -3.569914E-011, -9.433030E-014, 2.150400E+004 1.570926E+074 2.150400E+004, Thu Sep 10 15:10:32 2015
1.20, 0.00, 0.00, 0.00 , 4.050010E-011, -6.711580E-012, -4.333027E-011, -1.152750E-013, 2.150400E+004 1.570926E+074 2.150400E+004, Thu Sep 10 15:10:37 2015
1.25, 0.00, 0.00, 0.00 , 4.311625E-011, -6.959410E-012, -3.729245E-011, -9.754900E-014, 2.150400E+004 1.570926E+074 2.150400E+004, Thu Sep 10 15:11:07 2015
1.30, 0.00, 0.00, 0.00 , 4.404460E-011, -7.212650E-012, -3.662159E-011, -1.013040E-013, 2.150400E+004 1.570926E+074 2.150400E+004, Thu Sep 10 15:11:27 2015
1.35, 0.00, 0.00, 0.00 , 5.092257E-011, -7.415860E-012, -3.418969E-011, -1.195790E-013, 2.150400E+004 1.570926E+074 2.150400E+004, Thu Sep 10 15:11:36 2015
1.40, 0.00, 0.00, 0.00 , 5.007868E-011, -7.673280E-012, -3.964050E-011, -9.884830E-014, 2.150400E+004 1.570926E+074 2.150400E+004, Thu Sep 10 15:11:46 2015
1.45, 0.00, 0.00, 0.00 , 5.581735E-011, -7.906230E-012, -3.704088E-011, -9.156470E-014, 2.150400E+004 1.570926E+074 2.150400E+004, Thu Sep 10 15:12:02 2015
1.50, 0.00, 0.00, 0.00 , 5.197750E-011, -8.089290E-012, -3.536371E-011, -9.596350E-014, 2.150400E+004 1.570926E+074 2.150400E+004, Thu Sep 10 15:12:12 2015
1.55, 0.00, 0.00, 0.00 , 5.767397E-011, -8.347630E-012, -3.943085E-011, -9.138580E-014, 2.150400E+004 1.570926E+074 2.150400E+004, Thu Sep 10 15:12:21 2015
1.60, 0.00, 0.00, 0.00 , 6.109190E-011, -8.566380E-012, -4.186275E-011, -9.871720E-014, 2.150400E+004 1.570926E+074 2.150400E+004, Thu Sep 10 15:12:28 2015
1.65, 0.00, 0.00, 0.00 , 5.522664E-011, -8.936560E-012, -3.808912E-011, -8.813140E-014, 2.150400E+004 1.570926E+074 2.150400E+004, Thu Sep 10 15:13:03 2015
1.70, 0.00, 0.00, 0.00 , 5.653472E-011, -9.113770E-012, -3.704088E-011, -1.009820E-013, 2.150400E+004 1.570926E+074 2.150400E+004, Thu Sep 10 15:13:24 2015
1.75, 0.00, 0.00, 0.00 , 5.767408E-011, -9.323810E-012, -3.494442E-011, -1.034620E-013, 2.150400E+004 1.570926E+074 2.150400E+004, Thu Sep 10 15:13:39 2015
1.80, 0.00, 0.00, 0.00 , 6.058556E-011, -9.526770E-012, -3.427356E-011, -8.966920E-014, 2.150400E+004 1.570926E+074 2.150400E+004, Thu Sep 10 15:14:00 2015
1.85, 0.00, 0.00, 0.00 , 6.497398E-011, -9.788840E-012, -4.135960E-011, -7.675890E-014, 2.150400E+004 1.570926E+074 2.150400E+004, Thu Sep 10 15:14:07 2015
1.90, 0.00, 0.00, 0.00 , 6.742135E-011, -1.008970E-011, -4.261749E-011, -8.769040E-014, 2.150400E+004 1.570926E+074 2.150400E+004, Thu Sep 10 15:14:12 2015
1.95, 0.00, 0.00, 0.00 , 7.003750E-011, -1.024880E-011, -3.347689E-011, -8.971690E-014, 2.150400E+004 1.570926E+074 2.150400E+004, Thu Sep 10 15:14:17 2015
2.00, 0.00, 0.00, 0.00 , 7.105028E-011, -1.054160E-011, -3.922122E-011, -8.671280E-014, 2.150400E+004 1.570926E+074 2.150400E+004, Thu Sep 10 15:14:33 2015
