0.00, 0.00, 1.20, 0.00 , -6.820332E-011, 2.855590E-011, -2.324614E-011, -1.084690E-013, 2.150400E+004 1.570926E+074 2.150400E+004, Thu Sep 10 15:30:30 2015
0.05, 0.00, 1.20, 0.00 , 6.218725E-007, -6.180600E-007, -1.687351E-011, -1.157640E-013, 2.150400E+004 1.570926E+074 2.150400E+004, Thu Sep 10 15:30:36 2015
0.10, 0.00, 1.20, 0.00 , 2.797186E-006, -2.791870E-006, -1.691543E-011, -1.061920E-013, 2.150400E+004 1.570926E+074 2.150400E+004, Thu Sep 10 15:30:40 2015
0.15, 0.00, 1.20, 0.00 , 6.204467E-006, -6.195350E-006, -2.223993E-011, -1.065020E-013, 2.150400E+004 1.570926E+074 2.150400E+004, Thu Sep 10 15:30:43 2015
0.20, 0.00, 1.20, 0.00 , 9.996031E-006, -9.984470E-006, -1.410645E-011, -1.076220E-013, 2.150400E+004 1.570926E+074 2.150400E+004, Thu Sep 10 15:30:47 2015
0.25, 0.00, 1.20, 0.00 , 1.369479E-005, -1.363800E-005, -1.272291E-011, -9.818080E-014, 2.150400E+004 1.570926E+074 2.150400E+004, Thu Sep 10 15:30:52 2015
0.30, 0.00, 1.20, 0.00 , 1.691804E-005, -1.691140E-005, -2.525875E-011, -9.999280E-014, 2.150400E+004 1.570926E+074 2.150400E+004, Thu Sep 10 15:30:55 2015
0.35, 0.00, 1.20, 0.00 , 1.954231E-005, -1.952910E-005, -9.788160E-012, -9.570120E-014, 2.150400E+004 1.570926E+074 2.150400E+004, Thu Sep 10 15:30:59 2015
0.40, 0.00, 1.20, 0.00 , 2.155144E-005, -2.154090E-005, -1.980827E-011, -1.147150E-013, 2.150400E+004 1.570926E+074 2.150400E+004, Thu Sep 10 15:31:02 2015
0.45, 0.00, 1.20, 0.00 , 2.303708E-005, -2.301780E-005, -1.842474E-011, -9.534360E-014, 2.150400E+004 1.570926E+074 2.150400E+004, Thu Sep 10 15:31:06 2015
0.50, 0.00, 1.20, 0.00 , 2.408477E-005, -2.406290E-005, -1.964057E-011, -9.971860E-014, 2.150400E+004 1.570926E+074 2.150400E+004, Thu Sep 10 15:31:09 2015
0.55, 0.00, 1.20, 0.00 , 2.485627E-005, -2.483980E-005, -2.429438E-011, -1.141670E-013, 2.150400E+004 1.570926E+074 2.150400E+004, Thu Sep 10 15:31:13 2015
0.60, 0.00, 1.20, 0.00 , 2.546654E-005, -2.545790E-005, -1.071050E-011, -8.877520E-014, 2.150400E+004 1.570926E+074 2.150400E+004, Thu Sep 10 15:31:16 2015
0.65, 0.00, 1.20, 0.00 , 2.595070E-005, -2.592330E-005, -5.511789E-012, -9.667870E-014, 2.150400E+004 1.570926E+074 2.150400E+004, Thu Sep 10 15:31:20 2015
0.70, 0.00, 1.20, 0.00 , 2.635626E-005, -2.632960E-005, -7.230725E-012, -1.015070E-013, 2.150400E+004 1.570926E+074 2.150400E+004, Thu Sep 10 15:31:24 2015
0.75, 0.00, 1.20, 0.00 , 2.675570E-005, -2.674550E-005, -1.578346E-011, -1.023410E-013, 2.150400E+004 1.570926E+074 2.150400E+004, Thu Sep 10 15:31:27 2015
0.80, 0.00, 1.20, 0.00 , 2.709330E-005, -2.707900E-005, -1.062667E-011, -8.116960E-014, 2.150400E+004 1.570926E+074 2.150400E+004, Thu Sep 10 15:31:31 2015
0.85, 0.00, 1.20, 0.00 , 2.739233E-005, -2.736650E-005, -1.712506E-011, -7.640120E-014, 2.150400E+004 1.570926E+074 2.150400E+004, Thu Sep 10 15:31:34 2015
0.90, 0.00, 1.20, 0.00 , 2.768458E-005, -2.767110E-005, -1.917939E-011, -9.248260E-014, 2.150400E+004 1.570926E+074 2.150400E+004, Thu Sep 10 15:31:38 2015
0.95, 0.00, 1.20, 0.00 , 2.813489E-005, -2.811470E-005, -2.190452E-011, -9.138580E-014, 2.150400E+004 1.570926E+074 2.150400E+004, Thu Sep 10 15:31:41 2015
1.00, 0.00, 1.20, 0.00 , 2.857830E-005, -2.859610E-005, -1.192635E-011, -9.742980E-014, 2.150400E+004 1.570926E+074 2.150400E+004, Thu Sep 10 15:31:45 2015
1.05, 0.00, 1.20, 0.00 , 2.915114E-005, -2.912810E-005, -1.163286E-011, -7.749800E-014, 2.150400E+004 1.570926E+074 2.150400E+004, Thu Sep 10 15:31:48 2015
1.10, 0.00, 1.20, 0.00 , 2.977121E-005, -2.976570E-005, -5.972969E-012, -7.001160E-014, 2.150400E+004 1.570926E+074 2.150400E+004, Thu Sep 10 15:31:52 2015
1.15, 0.00, 1.20, 0.00 , 3.028517E-005, -3.030310E-005, -8.949645E-012, -1.141070E-013, 2.150400E+004 1.570926E+074 2.150400E+004, Thu Sep 10 15:31:55 2015
1.20, 0.00, 1.20, 0.00 , 3.079509E-005, -3.082860E-005, -7.817682E-012, -1.008870E-013, 2.150400E+004 1.570926E+074 2.150400E+004, Thu Sep 10 15:31:59 2015
1.25, 0.00, 1.20, 0.00 , 3.138198E-005, -3.133540E-005, -9.536621E-012, -9.484290E-014, 2.150400E+004 1.570926E+074 2.150400E+004, Thu Sep 10 15:32:02 2015
1.30, 0.00, 1.20, 0.00 , 3.177158E-005, -3.174320E-005, -9.578538E-012, -8.953810E-014, 2.150400E+004 1.570926E+074 2.150400E+004, Thu Sep 10 15:32:06 2015
1.35, 0.00, 1.20, 0.00 , 3.225928E-005, -3.227170E-005, -1.201020E-011, -9.448530E-014, 2.150400E+004 1.570926E+074 2.150400E+004, Thu Sep 10 15:32:10 2015
1.40, 0.00, 1.20, 0.00 , 3.269253E-005, -3.265900E-005, -4.173696E-011, -1.026150E-013, 2.150400E+004 1.570926E+074 2.150400E+004, Thu Sep 10 15:32:13 2015
1.45, 0.00, 1.20, 0.00 , 3.315021E-005, -3.310460E-005, -1.775393E-011, -9.218450E-014, 2.150400E+004 1.570926E+074 2.150400E+004, Thu Sep 10 15:32:17 2015
1.50, 0.00, 1.20, 0.00 , 3.353260E-005, -3.351130E-005, -1.569961E-011, -7.762910E-014, 2.150400E+004 1.570926E+074 2.150400E+004, Thu Sep 10 15:32:20 2015
1.55, 0.00, 1.20, 0.00 , 3.408075E-005, -3.407180E-005, -2.618976E-012, -1.273270E-013, 2.150400E+004 1.570926E+074 2.150400E+004, Thu Sep 10 15:32:24 2015
1.60, 0.00, 1.20, 0.00 , 3.457597E-005, -3.457040E-005, -1.846666E-011, -7.715230E-014, 2.150400E+004 1.570926E+074 2.150400E+004, Thu Sep 10 15:32:27 2015
1.65, 0.00, 1.20, 0.00 , 3.526168E-005, -3.523080E-005, -1.687351E-011, -9.574890E-014, 2.150400E+004 1.570926E+074 2.150400E+004, Thu Sep 10 15:32:31 2015
1.70, 0.00, 1.20, 0.00 , 3.598869E-005, -3.593350E-005, -2.228185E-011, -9.737020E-014, 2.150400E+004 1.570926E+074 2.150400E+004, Thu Sep 10 15:32:34 2015
1.75, 0.00, 1.20, 0.00 , 3.677340E-005, -3.676740E-005, -1.226175E-011, -1.005290E-013, 2.150400E+004 1.570926E+074 2.150400E+004, Thu Sep 10 15:32:38 2015
1.80, 0.00, 1.20, 0.00 , 3.745985E-005, -3.745670E-005, -2.383316E-011, -1.000640E-013, 2.150400E+004 1.570926E+074 2.150400E+004, Thu Sep 10 15:32:41 2015
1.85, 0.00, 1.20, 0.00 , 3.847299E-005, -3.833260E-005, -2.395894E-011, -9.132620E-014, 2.150400E+004 1.570926E+074 2.150400E+004, Thu Sep 10 15:32:45 2015
1.90, 0.00, 1.20, 0.00 , 3.944179E-005, -3.940090E-005, -1.616078E-011, -9.762050E-014, 2.150400E+004 1.570926E+074 2.150400E+004, Thu Sep 10 15:32:49 2015
1.95, 0.00, 1.20, 0.00 , 4.031496E-005, -4.028970E-005, -1.012355E-011, -6.586310E-014, 2.150400E+004 1.570926E+074 2.150400E+004, Thu Sep 10 15:32:52 2015
2.00, 0.00, 1.20, 0.00 , 4.106705E-005, -4.090070E-005, -7.817682E-012, -1.192450E-013, 2.150400E+004 1.570926E+074 2.150400E+004, Thu Sep 10 15:32:56 2015
