0.05, 0.00, 0.00, 0.00 , -4.250299E-011, 3.231760E-013, -4.022734E-011, -1.763280E-012, 2.150400E+004 1.570926E+074 2.150400E+004, Sun Aug 16 17:50:08 2015
0.05, 0.00, 0.02, 0.00 , -4.410659E-011, 3.895280E-013, -3.955647E-011, -1.757750E-012, 2.150400E+004 1.570926E+074 2.150400E+004, Sun Aug 16 17:50:19 2015
0.05, 0.00, 0.04, 0.00 , -4.465519E-011, 2.047060E-013, -3.670531E-011, -2.028180E-012, 2.150400E+004 1.570926E+074 2.150400E+004, Sun Aug 16 17:50:27 2015
0.05, 0.00, 0.06, 0.00 , -4.423317E-011, 1.302480E-013, -3.481851E-011, -2.006760E-012, 2.150400E+004 1.570926E+074 2.150400E+004, Sun Aug 16 17:50:32 2015
0.05, 0.00, 0.08, 0.00 , -4.360018E-011, 1.524330E-013, -3.456694E-011, -2.077380E-012, 2.150400E+004 1.570926E+074 2.150400E+004, Sun Aug 16 17:50:37 2015
0.05, 0.00, 0.10, 0.00 , -4.140583E-011, 7.861850E-014, -3.553130E-011, -2.224650E-012, 2.150400E+004 1.570926E+074 2.150400E+004, Sun Aug 16 17:50:48 2015
0.05, 0.00, 0.12, 0.00 , -4.262963E-011, -1.760600E-013, -3.108684E-011, -2.375480E-012, 2.150400E+004 1.570926E+074 2.150400E+004, Sun Aug 16 17:50:55 2015
0.05, 0.00, 0.14, 0.00 , -4.220764E-011, -1.289130E-013, -3.029019E-011, -2.447750E-012, 2.150400E+004 1.570926E+074 2.150400E+004, Sun Aug 16 17:51:00 2015
0.05, 0.00, 0.16, 0.00 , -4.495059E-011, -1.537800E-013, -3.066756E-011, -2.493370E-012, 2.150400E+004 1.570926E+074 2.150400E+004, Sun Aug 16 17:51:17 2015
0.05, 0.00, 0.18, 0.00 , -4.279843E-011, -4.045720E-013, -2.492330E-011, -2.504310E-012, 2.150400E+004 1.570926E+074 2.150400E+004, Sun Aug 16 17:51:26 2015
0.05, 0.00, 0.20, 0.00 , -4.284064E-011, -2.628090E-013, -2.312036E-011, -2.772990E-012, 2.150400E+004 1.570926E+074 2.150400E+004, Sun Aug 16 17:51:36 2015
0.05, 0.00, 0.22, 0.00 , -4.423319E-011, -5.844120E-013, -2.597152E-011, -2.936400E-012, 2.150400E+004 1.570926E+074 2.150400E+004, Sun Aug 16 17:51:41 2015
0.05, 0.00, 0.24, 0.00 , -4.288280E-011, -6.953950E-013, -2.119182E-011, -3.131830E-012, 2.150400E+004 1.570926E+074 2.150400E+004, Sun Aug 16 17:51:45 2015
0.05, 0.00, 0.26, 0.00 , -4.220768E-011, -8.430240E-013, -1.997600E-011, -3.256710E-012, 2.150400E+004 1.570926E+074 2.150400E+004, Sun Aug 16 17:52:06 2015
0.05, 0.00, 0.28, 0.00 , -4.022427E-011, -9.671090E-013, -1.645433E-011, -3.326200E-012, 2.150400E+004 1.570926E+074 2.150400E+004, Sun Aug 16 17:52:15 2015
0.05, 0.00, 0.30, 0.00 , -4.178566E-011, -1.107870E-012, -1.737667E-011, -3.535440E-012, 2.150400E+004 1.570926E+074 2.150400E+004, Sun Aug 16 17:52:24 2015
0.05, 0.00, 0.32, 0.00 , -4.216544E-011, -1.129330E-012, -1.364538E-011, -3.551450E-012, 2.150400E+004 1.570926E+074 2.150400E+004, Sun Aug 16 17:52:29 2015
0.05, 0.00, 0.34, 0.00 , -4.165905E-011, -1.235370E-012, -1.092027E-011, -3.648810E-012, 2.150400E+004 1.570926E+074 2.150400E+004, Sun Aug 16 17:52:39 2015
0.05, 0.00, 0.36, 0.00 , -4.161687E-011, -1.279410E-012, -1.066872E-011, -3.706340E-012, 2.150400E+004 1.570926E+074 2.150400E+004, Sun Aug 16 17:52:50 2015
0.05, 0.00, 0.38, 0.00 , -4.136366E-011, -1.411510E-012, -1.016563E-011, -3.943100E-012, 2.150400E+004 1.570926E+074 2.150400E+004, Sun Aug 16 17:52:58 2015
0.05, 0.00, 0.40, 0.00 , -4.051970E-011, -1.529510E-012, -5.050800E-012, -3.996010E-012, 2.150400E+004 1.570926E+074 2.150400E+004, Sun Aug 16 17:53:07 2015
0.05, 0.00, 0.42, 0.00 , -4.009770E-011, -1.590380E-012, -5.218511E-012, -4.085910E-012, 2.150400E+004 1.570926E+074 2.150400E+004, Sun Aug 16 17:53:17 2015
0.05, 0.00, 0.44, 0.00 , -4.068846E-011, -1.662580E-012, -2.954564E-012, -4.311670E-012, 2.150400E+004 1.570926E+074 2.150400E+004, Sun Aug 16 17:53:22 2015
0.05, 0.00, 0.46, 0.00 , -4.047753E-011, -1.875350E-012, -7.744777E-013, -4.547750E-012, 2.150400E+004 1.570926E+074 2.150400E+004, Sun Aug 16 17:53:33 2015
0.05, 0.00, 0.48, 0.00 , -3.853635E-011, -2.032900E-012, 4.382253E-012, -4.717680E-012, 2.150400E+004 1.570926E+074 2.150400E+004, Sun Aug 16 17:53:38 2015
0.05, 0.00, 0.50, 0.00 , -3.929592E-011, -2.111030E-012, 3.585686E-012, -4.688820E-012, 2.150400E+004 1.570926E+074 2.150400E+004, Sun Aug 16 17:53:46 2015
0.05, 0.00, 0.52, 0.00 , -3.916930E-011, -2.548480E-012, 3.208376E-012, -4.971270E-012, 2.150400E+004 1.570926E+074 2.150400E+004, Sun Aug 16 17:53:58 2015
0.05, 0.00, 0.54, 0.00 , -3.971790E-011, -2.531390E-012, 1.100637E-011, -5.109990E-012, 2.150400E+004 1.570926E+074 2.150400E+004, Sun Aug 16 17:54:02 2015
0.05, 0.00, 0.56, 0.00 , -3.857856E-011, -2.269290E-012, 1.020980E-011, -5.031820E-012, 2.150400E+004 1.570926E+074 2.150400E+004, Sun Aug 16 17:54:10 2015
0.05, 0.00, 0.58, 0.00 , -4.043533E-011, -2.344640E-012, 9.245514E-012, -5.259980E-012, 2.150400E+004 1.570926E+074 2.150400E+004, Sun Aug 16 17:54:16 2015
0.05, 0.00, 0.60, 0.00 , -3.870513E-011, -2.705620E-012, 1.775626E-011, -5.621730E-012, 2.150400E+004 1.570926E+074 2.150400E+004, Sun Aug 16 17:54:39 2015
0.05, 0.00, 0.62, 0.00 , -3.912711E-011, -2.994800E-012, 1.913976E-011, -6.032420E-012, 2.150400E+004 1.570926E+074 2.150400E+004, Sun Aug 16 17:54:47 2015
0.05, 0.00, 0.64, 0.00 , -3.832534E-011, -3.030070E-012, 1.851086E-011, -5.893970E-012, 2.150400E+004 1.570926E+074 2.150400E+004, Sun Aug 16 17:54:54 2015
0.05, 0.00, 0.66, 0.00 , -3.887394E-011, -3.338620E-012, 2.266146E-011, -6.138190E-012, 2.150400E+004 1.570926E+074 2.150400E+004, Sun Aug 16 17:55:05 2015
0.05, 0.00, 0.68, 0.00 , -3.794553E-011, -3.794060E-012, 2.345800E-011, -6.392620E-012, 2.150400E+004 1.570926E+074 2.150400E+004, Sun Aug 16 17:55:18 2015
0.05, 0.00, 0.70, 0.00 , -3.554020E-011, -4.359590E-012, 2.211643E-011, -6.597640E-012, 2.150400E+004 1.570926E+074 2.150400E+004, Sun Aug 16 17:55:24 2015
0.05, 0.00, 0.72, 0.00 , -3.608881E-011, -5.425860E-012, 3.062714E-011, -6.717190E-012, 2.150400E+004 1.570926E+074 2.150400E+004, Sun Aug 16 17:55:30 2015
0.05, 0.00, 0.74, 0.00 , -3.511822E-011, -7.474280E-012, 2.941132E-011, -6.815350E-012, 2.150400E+004 1.570926E+074 2.150400E+004, Sun Aug 16 17:55:44 2015
0.05, 0.00, 0.76, 0.00 , -3.182665E-011, -1.114770E-011, 3.217838E-011, -7.593980E-012, 2.150400E+004 1.570926E+074 2.150400E+004, Sun Aug 16 17:56:03 2015
0.05, 0.00, 0.78, 0.00 , -2.406203E-011, -1.710200E-011, 3.607736E-011, -7.354840E-012, 2.150400E+004 1.570926E+074 2.150400E+004, Sun Aug 16 17:56:09 2015
0.05, 0.00, 0.80, 0.00 , -1.397641E-011, -2.824700E-011, 3.741892E-011, -7.613430E-012, 2.150400E+004 1.570926E+074 2.150400E+004, Sun Aug 16 17:56:20 2015
0.05, 0.00, 0.82, 0.00 , 5.477117E-012, -4.837530E-011, 4.148562E-011, -7.787510E-012, 2.150400E+004 1.570926E+074 2.150400E+004, Sun Aug 16 17:56:24 2015
0.05, 0.00, 0.84, 0.00 , 4.214521E-011, -8.532540E-011, 4.626505E-011, -8.366880E-012, 2.150400E+004 1.570926E+074 2.150400E+004, Sun Aug 16 17:56:29 2015
0.05, 0.00, 0.86, 0.00 , 1.094474E-010, -1.513250E-010, 5.024789E-011, -8.706860E-012, 2.150400E+004 1.570926E+074 2.150400E+004, Sun Aug 16 17:56:36 2015
0.05, 0.00, 0.88, 0.00 , 2.263718E-010, -2.680920E-010, 5.343418E-011, -8.618700E-012, 2.150400E+004 1.570926E+074 2.150400E+004, Sun Aug 16 17:56:40 2015
0.05, 0.00, 0.90, 0.00 , 4.256623E-010, -4.691570E-010, 5.750089E-011, -8.711140E-012, 2.150400E+004 1.570926E+074 2.150400E+004, Sun Aug 16 17:56:45 2015
0.05, 0.00, 0.92, 0.00 , 7.531438E-010, -7.986570E-010, 6.106451E-011, -8.966480E-012, 2.150400E+004 1.570926E+074 2.150400E+004, Sun Aug 16 17:56:49 2015
0.05, 0.00, 0.94, 0.00 , 1.276287E-009, -1.320900E-009, 6.462811E-011, -9.239640E-012, 2.150400E+004 1.570926E+074 2.150400E+004, Sun Aug 16 17:56:54 2015
0.05, 0.00, 0.96, 0.00 , 2.056569E-009, -2.099360E-009, 6.219646E-011, -9.319630E-012, 2.150400E+004 1.570926E+074 2.150400E+004, Sun Aug 16 17:56:57 2015
0.05, 0.00, 0.98, 0.00 , 3.172394E-009, -3.210390E-009, 6.215459E-011, -9.622720E-012, 2.150400E+004 1.570926E+074 2.150400E+004, Sun Aug 16 17:57:01 2015
0.05, 0.00, 1.00, 0.00 , 4.688529E-009, -4.732070E-009, 6.923986E-011, -9.646120E-012, 2.150400E+004 1.570926E+074 2.150400E+004, Sun Aug 16 17:57:05 2015
0.05, 0.00, 1.02, 0.00 , 6.670294E-009, -6.713920E-009, 7.028792E-011, -1.006920E-011, 2.150400E+004 1.570926E+074 2.150400E+004, Sun Aug 16 17:57:08 2015
0.05, 0.00, 1.04, 0.00 , 9.159256E-009, -9.202050E-009, 7.250999E-011, -1.036750E-011, 2.150400E+004 1.570926E+074 2.150400E+004, Sun Aug 16 17:57:12 2015
0.05, 0.00, 1.06, 0.00 , 1.217967E-008, -1.222530E-008, 7.842134E-011, -1.036820E-011, 2.150400E+004 1.570926E+074 2.150400E+004, Sun Aug 16 17:57:16 2015
0.05, 0.00, 1.08, 0.00 , 1.576563E-008, -1.580690E-008, 7.691204E-011, -1.049070E-011, 2.150400E+004 1.570926E+074 2.150400E+004, Sun Aug 16 17:57:19 2015
0.05, 0.00, 1.10, 0.00 , 1.989401E-008, -1.994140E-008, 7.607360E-011, -1.079490E-011, 2.150400E+004 1.570926E+074 2.150400E+004, Sun Aug 16 17:57:23 2015
0.05, 0.00, 1.12, 0.00 , 2.459396E-008, -2.462670E-008, 8.097876E-011, -1.092160E-011, 2.150400E+004 1.570926E+074 2.150400E+004, Sun Aug 16 17:57:26 2015
0.05, 0.00, 1.14, 0.00 , 2.978351E-008, -2.982280E-008, 8.391347E-011, -1.135890E-011, 2.150400E+004 1.570926E+074 2.150400E+004, Sun Aug 16 17:57:30 2015
0.05, 0.00, 1.16, 0.00 , 3.547317E-008, -3.551960E-008, 8.886060E-011, -1.170200E-011, 2.150400E+004 1.570926E+074 2.150400E+004, Sun Aug 16 17:57:33 2015
0.05, 0.00, 1.18, 0.00 , 4.163231E-008, -4.166730E-008, 8.739321E-011, -1.147220E-011, 2.150400E+004 1.570926E+074 2.150400E+004, Sun Aug 16 17:57:37 2015
0.05, 0.00, 1.20, 0.00 , 4.822991E-008, -4.827120E-008, 8.718355E-011, -1.179130E-011, 2.150400E+004 1.570926E+074 2.150400E+004, Sun Aug 16 17:57:41 2015
0.05, 0.00, 1.22, 0.00 , 5.522671E-008, -5.528000E-008, 9.607171E-011, -1.240360E-011, 2.150400E+004 1.570926E+074 2.150400E+004, Sun Aug 16 17:57:44 2015
0.05, 0.00, 1.24, 0.00 , 6.260887E-008, -6.264860E-008, 9.888067E-011, -1.225510E-011, 2.150400E+004 1.570926E+074 2.150400E+004, Sun Aug 16 17:57:48 2015
0.05, 0.00, 1.26, 0.00 , 7.033932E-008, -7.038770E-008, 1.000126E-010, -1.225010E-011, 2.150400E+004 1.570926E+074 2.150400E+004, Sun Aug 16 17:57:51 2015
0.05, 0.00, 1.28, 0.00 , 7.840062E-008, -7.843730E-008, 1.005576E-010, -1.280820E-011, 2.150400E+004 1.570926E+074 2.150400E+004, Sun Aug 16 17:57:55 2015
0.05, 0.00, 1.30, 0.00 , 8.677775E-008, -8.680210E-008, 1.107453E-010, -1.357700E-011, 2.150400E+004 1.570926E+074 2.150400E+004, Sun Aug 16 17:57:58 2015
0.05, 0.00, 1.32, 0.00 , 9.538475E-008, -9.543410E-008, 1.130931E-010, -1.381080E-011, 2.150400E+004 1.570926E+074 2.150400E+004, Sun Aug 16 17:58:02 2015
0.05, 0.00, 1.34, 0.00 , 1.042457E-007, -1.042930E-007, 1.102003E-010, -1.374770E-011, 2.150400E+004 1.570926E+074 2.150400E+004, Sun Aug 16 17:58:06 2015
0.05, 0.00, 1.36, 0.00 , 1.133506E-007, -1.133840E-007, 1.178726E-010, -1.450570E-011, 2.150400E+004 1.570926E+074 2.150400E+004, Sun Aug 16 17:58:09 2015
0.05, 0.00, 1.38, 0.00 , 1.226030E-007, -1.226370E-007, 1.217714E-010, -1.448170E-011, 2.150400E+004 1.570926E+074 2.150400E+004, Sun Aug 16 17:58:13 2015
0.05, 0.00, 1.40, 0.00 , 1.320816E-007, -1.321260E-007, 1.164051E-010, -1.471110E-011, 2.150400E+004 1.570926E+074 2.150400E+004, Sun Aug 16 17:58:16 2015
0.05, 0.00, 1.42, 0.00 , 1.416774E-007, -1.417220E-007, 1.170759E-010, -1.381330E-011, 2.150400E+004 1.570926E+074 2.150400E+004, Sun Aug 16 17:58:20 2015
0.05, 0.00, 1.44, 0.00 , 1.513817E-007, -1.514610E-007, 1.195495E-010, -1.412700E-011, 2.150400E+004 1.570926E+074 2.150400E+004, Sun Aug 16 17:58:23 2015
0.05, 0.00, 1.46, 0.00 , 1.613344E-007, -1.613590E-007, 1.211426E-010, -1.443490E-011, 2.150400E+004 1.570926E+074 2.150400E+004, Sun Aug 16 17:58:27 2015
0.05, 0.00, 1.48, 0.00 , 1.713026E-007, -1.715090E-007, 1.155666E-010, -1.461610E-011, 2.150400E+004 1.570926E+074 2.150400E+004, Sun Aug 16 17:58:30 2015
0.05, 0.00, 1.50, 0.00 , 1.814013E-007, -1.814120E-007, 1.187949E-010, -1.442720E-011, 2.150400E+004 1.570926E+074 2.150400E+004, Sun Aug 16 17:58:34 2015
0.05, 0.00, 1.52, 0.00 , 1.915458E-007, -1.916180E-007, 1.273056E-010, -1.515600E-011, 2.150400E+004 1.570926E+074 2.150400E+004, Sun Aug 16 17:58:38 2015
0.05, 0.00, 1.54, 0.00 , 2.018071E-007, -2.018780E-007, 1.251674E-010, -1.501330E-011, 2.150400E+004 1.570926E+074 2.150400E+004, Sun Aug 16 17:58:41 2015
0.05, 0.00, 1.56, 0.00 , 2.121776E-007, -2.122500E-007, 1.323364E-010, -1.532310E-011, 2.150400E+004 1.570926E+074 2.150400E+004, Sun Aug 16 17:58:45 2015
0.05, 0.00, 1.58, 0.00 , 2.225969E-007, -2.226600E-007, 1.312465E-010, -1.553810E-011, 2.150400E+004 1.570926E+074 2.150400E+004, Sun Aug 16 17:58:48 2015
0.05, 0.00, 1.60, 0.00 , 2.330361E-007, -2.331160E-007, 1.360678E-010, -1.574770E-011, 2.150400E+004 1.570926E+074 2.150400E+004, Sun Aug 16 17:58:52 2015
0.05, 0.00, 1.62, 0.00 , 2.435502E-007, -2.436020E-007, 1.367386E-010, -1.442660E-011, 2.150400E+004 1.570926E+074 2.150400E+004, Sun Aug 16 17:58:55 2015
0.05, 0.00, 1.64, 0.00 , 2.541583E-007, -2.541730E-007, 1.026119E-010, -1.124420E-011, 2.150400E+004 1.570926E+074 2.150400E+004, Sun Aug 16 17:58:59 2015
0.05, 0.00, 1.66, 0.00 , 2.647153E-007, -2.647820E-007, 9.766479E-011, -1.215370E-011, 2.150400E+004 1.570926E+074 2.150400E+004, Sun Aug 16 17:59:03 2015
0.05, 0.00, 1.68, 0.00 , 2.752306E-007, -2.752830E-007, 9.540090E-011, -1.184920E-011, 2.150400E+004 1.570926E+074 2.150400E+004, Sun Aug 16 17:59:06 2015
0.05, 0.00, 1.70, 0.00 , 2.857760E-007, -2.858240E-007, 1.106195E-010, -1.454340E-011, 2.150400E+004 1.570926E+074 2.150400E+004, Sun Aug 16 17:59:10 2015
0.05, 0.00, 1.72, 0.00 , 2.963861E-007, -2.964030E-007, 1.002221E-010, -1.187690E-011, 2.150400E+004 1.570926E+074 2.150400E+004, Sun Aug 16 17:59:13 2015
0.05, 0.00, 1.74, 0.00 , 3.069882E-007, -3.069990E-007, 1.005156E-010, -1.230580E-011, 2.150400E+004 1.570926E+074 2.150400E+004, Sun Aug 16 17:59:17 2015
0.05, 0.00, 1.76, 0.00 , 3.176010E-007, -3.176310E-007, 1.132188E-010, -1.468550E-011, 2.150400E+004 1.570926E+074 2.150400E+004, Sun Aug 16 17:59:20 2015
0.05, 0.00, 1.78, 0.00 , 3.281152E-007, -3.281500E-007, 1.072655E-010, -1.345470E-011, 2.150400E+004 1.570926E+074 2.150400E+004, Sun Aug 16 17:59:24 2015
0.05, 0.00, 1.80, 0.00 , 3.386709E-007, -3.387050E-007, 1.076429E-010, -1.234910E-011, 2.150400E+004 1.570926E+074 2.150400E+004, Sun Aug 16 17:59:27 2015
0.05, 0.00, 1.82, 0.00 , 3.492163E-007, -3.492960E-007, 9.145990E-011, -1.055900E-011, 2.150400E+004 1.570926E+074 2.150400E+004, Sun Aug 16 17:59:31 2015
0.05, 0.00, 1.84, 0.00 , 3.597484E-007, -3.598830E-007, 9.405930E-011, -1.273720E-011, 2.150400E+004 1.570926E+074 2.150400E+004, Sun Aug 16 17:59:34 2015
0.05, 0.00, 1.86, 0.00 , 3.703172E-007, -3.703630E-007, 9.720361E-011, -1.129700E-011, 2.150400E+004 1.570926E+074 2.150400E+004, Sun Aug 16 17:59:38 2015
0.05, 0.00, 1.88, 0.00 , 3.808179E-007, -3.808510E-007, 1.027796E-010, -1.332430E-011, 2.150400E+004 1.570926E+074 2.150400E+004, Sun Aug 16 17:59:42 2015
0.05, 0.00, 1.90, 0.00 , 3.913098E-007, -3.912980E-007, 1.438239E-010, -1.590270E-011, 2.150400E+004 1.570926E+074 2.150400E+004, Sun Aug 16 17:59:45 2015
0.05, 0.00, 1.92, 0.00 , 4.017200E-007, -4.017390E-007, 1.275991E-010, -1.417060E-011, 2.150400E+004 1.570926E+074 2.150400E+004, Sun Aug 16 17:59:49 2015
0.05, 0.00, 1.94, 0.00 , 4.121927E-007, -4.122420E-007, 1.217297E-010, -1.254270E-011, 2.150400E+004 1.570926E+074 2.150400E+004, Sun Aug 16 17:59:52 2015
0.05, 0.00, 1.96, 0.00 , 4.226245E-007, -4.226380E-007, 9.816788E-011, -1.302720E-011, 2.150400E+004 1.570926E+074 2.150400E+004, Sun Aug 16 17:59:56 2015
0.05, 0.00, 1.98, 0.00 , 4.330674E-007, -4.330630E-007, 1.551436E-010, -1.952690E-011, 2.150400E+004 1.570926E+074 2.150400E+004, Sun Aug 16 17:59:59 2015
0.05, 0.00, 2.00, 0.00 , 4.433176E-007, -4.433900E-007, 1.418534E-010, -1.733690E-011, 2.150400E+004 1.570926E+074 2.150400E+004, Sun Aug 16 18:00:03 2015
