0.00, 0.00, 0.00, 0.00 , -5.773697E-011, -7.492780E-013, -4.421062E-011, -1.803730E-012, 2.150400E+004 1.570926E+074 2.150400E+004, Sun Aug 16 18:09:34 2015
0.05, 0.00, 0.00, 0.00 , -4.976134E-011, -1.119470E-012, -4.639092E-011, -2.371590E-012, 2.150400E+004 1.570926E+074 2.150400E+004, Sun Aug 16 18:09:47 2015
0.10, 0.00, 0.00, 0.00 , -4.149027E-011, -1.750840E-012, -4.546848E-011, -3.267190E-012, 2.150400E+004 1.570926E+074 2.150400E+004, Sun Aug 16 18:09:59 2015
0.15, 0.00, 0.00, 0.00 , -3.566683E-011, -1.546450E-012, -4.240768E-011, -3.658760E-012, 2.150400E+004 1.570926E+074 2.150400E+004, Sun Aug 16 18:10:09 2015
0.20, 0.00, 0.00, 0.00 , -3.191108E-011, -1.580730E-012, -4.236574E-011, -4.449810E-012, 2.150400E+004 1.570926E+074 2.150400E+004, Sun Aug 16 18:10:42 2015
0.25, 0.00, 0.00, 0.00 , -2.845074E-011, -1.491610E-012, -4.450411E-011, -4.812420E-012, 2.150400E+004 1.570926E+074 2.150400E+004, Sun Aug 16 18:11:00 2015
0.30, 0.00, 0.00, 0.00 , -2.663619E-011, -1.372370E-012, -4.328818E-011, -5.183390E-012, 2.150400E+004 1.570926E+074 2.150400E+004, Sun Aug 16 18:11:35 2015
0.35, 0.00, 0.00, 0.00 , -2.077049E-011, -1.542220E-012, -4.223995E-011, -5.718660E-012, 2.150400E+004 1.570926E+074 2.150400E+004, Sun Aug 16 18:11:46 2015
0.40, 0.00, 0.00, 0.00 , -8.152929E-012, -2.026310E-012, -4.169488E-011, -6.159520E-012, 2.150400E+004 1.570926E+074 2.150400E+004, Sun Aug 16 18:11:50 2015
0.45, 0.00, 0.00, 0.00 , -1.316663E-012, -2.090320E-012, -4.479761E-011, -6.428850E-012, 2.150400E+004 1.570926E+074 2.150400E+004, Sun Aug 16 18:11:53 2015
0.50, 0.00, 0.00, 0.00 , 3.704897E-012, -2.417600E-012, -4.228186E-011, -6.902830E-012, 2.150400E+004 1.570926E+074 2.150400E+004, Sun Aug 16 18:11:57 2015
0.55, 0.00, 0.00, 0.00 , 5.012966E-012, -2.410340E-012, -4.295274E-011, -7.512410E-012, 2.150400E+004 1.570926E+074 2.150400E+004, Sun Aug 16 18:12:02 2015
0.60, 0.00, 0.00, 0.00 , 7.291535E-012, -2.237340E-012, -4.156908E-011, -7.726810E-012, 2.150400E+004 1.570926E+074 2.150400E+004, Sun Aug 16 18:12:06 2015
0.65, 0.00, 0.00, 0.00 , 9.823272E-012, -2.409840E-012, -4.094016E-011, -8.379950E-012, 2.150400E+004 1.570926E+074 2.150400E+004, Sun Aug 16 18:12:12 2015
0.70, 0.00, 0.00, 0.00 , 1.239722E-011, -2.570750E-012, -4.270116E-011, -9.005860E-012, 2.150400E+004 1.570926E+074 2.150400E+004, Sun Aug 16 18:12:20 2015
0.75, 0.00, 0.00, 0.00 , 9.359128E-012, -2.258400E-012, -4.064665E-011, -9.498720E-012, 2.150400E+004 1.570926E+074 2.150400E+004, Sun Aug 16 18:12:42 2015
0.80, 0.00, 0.00, 0.00 , 1.252380E-011, -1.107180E-012, -4.127559E-011, -1.011060E-011, 2.150400E+004 1.570926E+074 2.150400E+004, Sun Aug 16 18:13:05 2015
0.85, 0.00, 0.00, 0.00 , 1.851558E-011, -2.123310E-012, -4.253345E-011, -1.025280E-011, 2.150400E+004 1.570926E+074 2.150400E+004, Sun Aug 16 18:13:14 2015
0.90, 0.00, 0.00, 0.00 , 2.459179E-011, -2.738820E-012, -4.236574E-011, -1.084180E-011, 2.150400E+004 1.570926E+074 2.150400E+004, Sun Aug 16 18:13:21 2015
0.95, 0.00, 0.00, 0.00 , 2.657498E-011, -2.480610E-012, -4.278503E-011, -1.087030E-011, 2.150400E+004 1.570926E+074 2.150400E+004, Sun Aug 16 18:13:29 2015
1.00, 0.00, 0.00, 0.00 , 2.729230E-011, -2.502420E-012, -4.203031E-011, -1.150070E-011, 2.150400E+004 1.570926E+074 2.150400E+004, Sun Aug 16 18:14:11 2015
1.05, 0.00, 0.00, 0.00 , 3.438119E-011, -3.061440E-012, -3.662146E-011, -1.225410E-011, 2.150400E+004 1.570926E+074 2.150400E+004, Sun Aug 16 18:14:27 2015
1.10, 0.00, 0.00, 0.00 , 3.678636E-011, -3.128850E-012, -3.901142E-011, -1.255270E-011, 2.150400E+004 1.570926E+074 2.150400E+004, Sun Aug 16 18:14:38 2015
1.15, 0.00, 0.00, 0.00 , 4.720869E-011, -3.696000E-012, -4.240768E-011, -1.326760E-011, 2.150400E+004 1.570926E+074 2.150400E+004, Sun Aug 16 18:14:54 2015
1.20, 0.00, 0.00, 0.00 , 5.374901E-011, -4.103210E-012, -4.119174E-011, -1.399370E-011, 2.150400E+004 1.570926E+074 2.150400E+004, Sun Aug 16 18:15:02 2015
1.25, 0.00, 0.00, 0.00 , 5.674493E-011, -4.298910E-012, -3.452503E-011, -1.462000E-011, 2.150400E+004 1.570926E+074 2.150400E+004, Sun Aug 16 18:15:16 2015
1.30, 0.00, 0.00, 0.00 , 6.282108E-011, -4.581610E-012, -4.249152E-011, -1.543230E-011, 2.150400E+004 1.570926E+074 2.150400E+004, Sun Aug 16 18:15:24 2015
1.35, 0.00, 0.00, 0.00 , 6.539497E-011, -4.078950E-012, -4.479763E-011, -1.558550E-011, 2.150400E+004 1.570926E+074 2.150400E+004, Sun Aug 16 18:15:33 2015
1.40, 0.00, 0.00, 0.00 , 7.168213E-011, -5.426450E-012, -4.039508E-011, -1.647010E-011, 2.150400E+004 1.570926E+074 2.150400E+004, Sun Aug 16 18:15:47 2015
1.45, 0.00, 0.00, 0.00 , 8.020574E-011, -5.713190E-012, -4.031122E-011, -1.698180E-011, 2.150400E+004 1.570926E+074 2.150400E+004, Sun Aug 16 18:15:53 2015
1.50, 0.00, 0.00, 0.00 , 8.737901E-011, -6.262840E-012, -4.353975E-011, -1.748990E-011, 2.150400E+004 1.570926E+074 2.150400E+004, Sun Aug 16 18:16:00 2015
1.55, 0.00, 0.00, 0.00 , 9.303329E-011, -6.421140E-012, -3.766970E-011, -1.829500E-011, 2.150400E+004 1.570926E+074 2.150400E+004, Sun Aug 16 18:16:06 2015
1.60, 0.00, 0.00, 0.00 , 9.636675E-011, -6.844390E-012, -4.672635E-011, -1.869660E-011, 2.150400E+004 1.570926E+074 2.150400E+004, Sun Aug 16 18:16:13 2015
1.65, 0.00, 0.00, 0.00 , 1.035822E-010, -7.249800E-012, -4.307855E-011, -1.954200E-011, 2.150400E+004 1.570926E+074 2.150400E+004, Sun Aug 16 18:16:20 2015
1.70, 0.00, 0.00, 0.00 , 1.136248E-010, -7.512920E-012, -4.043700E-011, -1.997960E-011, 2.150400E+004 1.570926E+074 2.150400E+004, Sun Aug 16 18:16:28 2015
1.75, 0.00, 0.00, 0.00 , 1.122745E-010, -7.885970E-012, -4.265925E-011, -2.055740E-011, 2.150400E+004 1.570926E+074 2.150400E+004, Sun Aug 16 18:16:35 2015
1.80, 0.00, 0.00, 0.00 , 1.218952E-010, -8.205780E-012, -4.299467E-011, -2.111510E-011, 2.150400E+004 1.570926E+074 2.150400E+004, Sun Aug 16 18:16:41 2015
1.85, 0.00, 0.00, 0.00 , 1.266211E-010, -9.312980E-012, -3.955651E-011, -2.172140E-011, 2.150400E+004 1.570926E+074 2.150400E+004, Sun Aug 16 18:16:48 2015
1.90, 0.00, 0.00, 0.00 , 1.332880E-010, -9.674510E-012, -4.253347E-011, -2.254800E-011, 2.150400E+004 1.570926E+074 2.150400E+004, Sun Aug 16 18:16:57 2015
1.95, 0.00, 0.00, 0.00 , 1.392375E-010, -1.031300E-011, -4.467183E-011, -2.298460E-011, 2.150400E+004 1.570926E+074 2.150400E+004, Sun Aug 16 18:17:03 2015
2.00, 0.00, 0.00, 0.00 , 1.511368E-010, -1.133470E-011, -4.282696E-011, -2.360210E-011, 2.150400E+004 1.570926E+074 2.150400E+004, Sun Aug 16 18:17:12 2015
