0.00, 0.00, 1.60, 0.00 , 5.150821E-010, -5.409640E-010, -3.188361E-011, -4.015800E-013, 2.150400E+004 1.570926E+074 2.150400E+004, Tue Aug 04 23:36:31 2015
0.05, 0.00, 1.60, 0.00 , 2.375947E-007, -2.375330E-007, -3.263834E-011, -6.587030E-013, 2.150400E+004 1.570926E+074 2.150400E+004, Tue Aug 04 23:36:35 2015
0.10, 0.00, 1.60, 0.00 , 4.461729E-007, -4.461770E-007, -3.234484E-011, -9.159920E-013, 2.150400E+004 1.570926E+074 2.150400E+004, Tue Aug 04 23:36:39 2015
0.15, 0.00, 1.60, 0.00 , 6.272001E-007, -6.272580E-007, -3.175782E-011, -1.172380E-012, 2.150400E+004 1.570926E+074 2.150400E+004, Tue Aug 04 23:36:42 2015
0.20, 0.00, 1.60, 0.00 , 7.818853E-007, -7.817910E-007, -3.318342E-011, -1.399410E-012, 2.150400E+004 1.570926E+074 2.150400E+004, Tue Aug 04 23:36:46 2015
0.25, 0.00, 1.60, 0.00 , 9.115033E-007, -9.113910E-007, -3.276412E-011, -1.643120E-012, 2.150400E+004 1.570926E+074 2.150400E+004, Tue Aug 04 23:36:49 2015
0.30, 0.00, 1.60, 0.00 , 1.017866E-006, -1.017890E-006, -3.104502E-011, -1.869750E-012, 2.150400E+004 1.570926E+074 2.150400E+004, Tue Aug 04 23:36:53 2015
0.35, 0.00, 1.60, 0.00 , 1.102177E-006, -1.102130E-006, -3.192553E-011, -2.098880E-012, 2.150400E+004 1.570926E+074 2.150400E+004, Tue Aug 04 23:36:57 2015
0.40, 0.00, 1.60, 0.00 , 1.166580E-006, -1.166790E-006, -3.184168E-011, -2.306430E-012, 2.150400E+004 1.570926E+074 2.150400E+004, Tue Aug 04 23:37:00 2015
0.45, 0.00, 1.60, 0.00 , 1.214013E-006, -1.214130E-006, -3.196747E-011, -2.532770E-012, 2.150400E+004 1.570926E+074 2.150400E+004, Tue Aug 04 23:37:04 2015
0.50, 0.00, 1.60, 0.00 , 1.246360E-006, -1.246430E-006, -3.326727E-011, -2.808070E-012, 2.150400E+004 1.570926E+074 2.150400E+004, Tue Aug 04 23:37:07 2015
0.55, 0.00, 1.60, 0.00 , 1.267736E-006, -1.267630E-006, -3.175782E-011, -3.011290E-012, 2.150400E+004 1.570926E+074 2.150400E+004, Tue Aug 04 23:37:11 2015
0.60, 0.00, 1.60, 0.00 , 1.281009E-006, -1.280890E-006, -3.129660E-011, -3.227350E-012, 2.150400E+004 1.570926E+074 2.150400E+004, Tue Aug 04 23:37:14 2015
0.65, 0.00, 1.60, 0.00 , 1.288653E-006, -1.288390E-006, -3.259640E-011, -3.447160E-012, 2.150400E+004 1.570926E+074 2.150400E+004, Tue Aug 04 23:37:18 2015
0.70, 0.00, 1.60, 0.00 , 1.292777E-006, -1.293000E-006, -3.364464E-011, -3.689470E-012, 2.150400E+004 1.570926E+074 2.150400E+004, Tue Aug 04 23:37:22 2015
0.75, 0.00, 1.60, 0.00 , 1.295743E-006, -1.295440E-006, -3.230291E-011, -3.868990E-012, 2.150400E+004 1.570926E+074 2.150400E+004, Tue Aug 04 23:37:25 2015
0.80, 0.00, 1.60, 0.00 , 1.297110E-006, -1.297240E-006, -3.221904E-011, -4.120200E-012, 2.150400E+004 1.570926E+074 2.150400E+004, Tue Aug 04 23:37:29 2015
0.85, 0.00, 1.60, 0.00 , 1.298410E-006, -1.298270E-006, -3.251255E-011, -4.317920E-012, 2.150400E+004 1.570926E+074 2.150400E+004, Tue Aug 04 23:37:32 2015
0.90, 0.00, 1.60, 0.00 , 1.299621E-006, -1.299500E-006, -3.247062E-011, -4.598430E-012, 2.150400E+004 1.570926E+074 2.150400E+004, Tue Aug 04 23:37:36 2015
0.95, 0.00, 1.60, 0.00 , 1.301062E-006, -1.300650E-006, -3.301570E-011, -4.660550E-012, 2.150400E+004 1.570926E+074 2.150400E+004, Tue Aug 04 23:37:39 2015
1.00, 0.00, 1.60, 0.00 , 1.302351E-006, -1.302150E-006, -3.272220E-011, -4.995540E-012, 2.150400E+004 1.570926E+074 2.150400E+004, Tue Aug 04 23:37:43 2015
1.05, 0.00, 1.60, 0.00 , 1.303304E-006, -1.303660E-006, -3.242869E-011, -5.264970E-012, 2.150400E+004 1.570926E+074 2.150400E+004, Tue Aug 04 23:37:46 2015
1.10, 0.00, 1.60, 0.00 , 1.304800E-006, -1.304830E-006, -3.255448E-011, -5.485940E-012, 2.150400E+004 1.570926E+074 2.150400E+004, Tue Aug 04 23:37:50 2015
1.15, 0.00, 1.60, 0.00 , 1.306215E-006, -1.306120E-006, -3.242869E-011, -9.759410E-012, 2.150400E+004 1.570926E+074 2.150400E+004, Tue Aug 04 23:37:53 2015
1.20, 0.00, 1.60, 0.00 , 1.299658E-006, -1.300000E-006, -3.318342E-011, -5.987790E-012, 2.150400E+004 1.570926E+074 2.150400E+004, Tue Aug 04 23:37:57 2015
1.25, 0.00, 1.60, 0.00 , 1.301696E-006, -1.301900E-006, -3.129659E-011, -6.055190E-012, 2.150400E+004 1.570926E+074 2.150400E+004, Tue Aug 04 23:38:01 2015
1.30, 0.00, 1.60, 0.00 , 1.304127E-006, -1.304130E-006, -3.188361E-011, -6.293360E-012, 2.150400E+004 1.570926E+074 2.150400E+004, Tue Aug 04 23:38:04 2015
1.35, 0.00, 1.60, 0.00 , 1.306371E-006, -1.306330E-006, -3.247062E-011, -6.546200E-012, 2.150400E+004 1.570926E+074 2.150400E+004, Tue Aug 04 23:38:08 2015
1.40, 0.00, 1.60, 0.00 , 1.308925E-006, -1.308820E-006, -3.221904E-011, -6.753500E-012, 2.150400E+004 1.570926E+074 2.150400E+004, Tue Aug 04 23:38:11 2015
1.45, 0.00, 1.60, 0.00 , 1.310948E-006, -1.310960E-006, -3.230290E-011, -7.191670E-012, 2.150400E+004 1.570926E+074 2.150400E+004, Tue Aug 04 23:38:15 2015
1.50, 0.00, 1.60, 0.00 , 1.308322E-006, -1.308230E-006, -3.146431E-011, -7.669900E-012, 2.150400E+004 1.570926E+074 2.150400E+004, Tue Aug 04 23:38:18 2015
1.55, 0.00, 1.60, 0.00 , 1.311121E-006, -1.310830E-006, -3.368657E-011, -7.785170E-012, 2.150400E+004 1.570926E+074 2.150400E+004, Tue Aug 04 23:38:22 2015
1.60, 0.00, 1.60, 0.00 , 1.313439E-006, -1.313750E-006, -3.259641E-011, -7.932090E-012, 2.150400E+004 1.570926E+074 2.150400E+004, Tue Aug 04 23:38:25 2015
1.65, 0.00, 1.60, 0.00 , 1.316507E-006, -1.316760E-006, -3.314149E-011, -8.304160E-012, 2.150400E+004 1.570926E+074 2.150400E+004, Tue Aug 04 23:38:29 2015
1.70, 0.00, 1.60, 0.00 , 1.319743E-006, -1.319680E-006, -3.125467E-011, -8.401670E-012, 2.150400E+004 1.570926E+074 2.150400E+004, Tue Aug 04 23:38:32 2015
1.75, 0.00, 1.60, 0.00 , 1.322488E-006, -1.322300E-006, -3.221905E-011, -8.720620E-012, 2.150400E+004 1.570926E+074 2.150400E+004, Tue Aug 04 23:38:36 2015
1.80, 0.00, 1.60, 0.00 , 1.325313E-006, -1.325350E-006, -3.272220E-011, -8.895990E-012, 2.150400E+004 1.570926E+074 2.150400E+004, Tue Aug 04 23:38:40 2015
1.85, 0.00, 1.60, 0.00 , 1.328336E-006, -1.328280E-006, -3.196747E-011, -9.167020E-012, 2.150400E+004 1.570926E+074 2.150400E+004, Tue Aug 04 23:38:43 2015
1.90, 0.00, 1.60, 0.00 , 1.331414E-006, -1.331650E-006, -3.410587E-011, -9.358670E-012, 2.150400E+004 1.570926E+074 2.150400E+004, Tue Aug 04 23:38:47 2015
1.95, 0.00, 1.60, 0.00 , 1.334391E-006, -1.334020E-006, -3.167396E-011, -9.922840E-012, 2.150400E+004 1.570926E+074 2.150400E+004, Tue Aug 04 23:38:50 2015
2.00, 0.00, 1.60, 0.00 , 1.337463E-006, -1.337860E-006, -3.381237E-011, -1.051130E-011, 2.150400E+004 1.570926E+074 2.150400E+004, Tue Aug 04 23:38:54 2015
