1.80, 0.00, 0.00, 0.00 , 5.957249E-011, 4.189030E-012, -4.253363E-011, -1.079960E-011, 2.150400E+004 1.570926E+074 2.150400E+004, Sun Aug 23 02:00:51 2015
1.80, 0.00, 0.02, 0.00 , 5.674534E-011, 4.258490E-012, -3.808913E-011, -1.101610E-011, 2.150400E+004 1.570926E+074 2.150400E+004, Sun Aug 23 02:00:58 2015
1.80, 0.00, 0.04, 0.00 , 5.379162E-011, 4.351280E-012, -3.859228E-011, -1.089880E-011, 2.150400E+004 1.570926E+074 2.150400E+004, Sun Aug 23 02:01:08 2015
1.80, 0.00, 0.06, 0.00 , 5.201940E-011, 4.287450E-012, -3.456706E-011, -1.079160E-011, 2.150400E+004 1.570926E+074 2.150400E+004, Sun Aug 23 02:01:16 2015
1.80, 0.00, 0.08, 0.00 , 5.117548E-011, 4.270660E-012, -3.737633E-011, -1.113350E-011, 2.150400E+004 1.570926E+074 2.150400E+004, Sun Aug 23 02:01:22 2015
1.80, 0.00, 0.10, 0.00 , 4.969860E-011, 4.341820E-012, -3.708283E-011, -1.082880E-011, 2.150400E+004 1.570926E+074 2.150400E+004, Sun Aug 23 02:01:30 2015
1.80, 0.00, 0.12, 0.00 , 4.855934E-011, 4.167500E-012, -3.486057E-011, -1.096730E-011, 2.150400E+004 1.570926E+074 2.150400E+004, Sun Aug 23 02:01:36 2015
1.80, 0.00, 0.14, 0.00 , 4.826391E-011, 4.448100E-012, -3.548951E-011, -1.100390E-011, 2.150400E+004 1.570926E+074 2.150400E+004, Sun Aug 23 02:01:42 2015
1.80, 0.00, 0.16, 0.00 , 4.522582E-011, 4.359790E-012, -3.766982E-011, -1.118890E-011, 2.150400E+004 1.570926E+074 2.150400E+004, Sun Aug 23 02:01:50 2015
1.80, 0.00, 0.18, 0.00 , 4.484606E-011, 4.315960E-012, -3.590879E-011, -1.114370E-011, 2.150400E+004 1.570926E+074 2.150400E+004, Sun Aug 23 02:01:55 2015
1.80, 0.00, 0.20, 0.00 , 4.366460E-011, 4.413150E-012, -3.167394E-011, -1.096440E-011, 2.150400E+004 1.570926E+074 2.150400E+004, Sun Aug 23 02:02:01 2015
1.80, 0.00, 0.22, 0.00 , 4.379115E-011, 4.528570E-012, -3.083534E-011, -1.134690E-011, 2.150400E+004 1.570926E+074 2.150400E+004, Sun Aug 23 02:02:06 2015
1.80, 0.00, 0.24, 0.00 , 4.294723E-011, 4.422630E-012, -3.280603E-011, -1.085250E-011, 2.150400E+004 1.570926E+074 2.150400E+004, Sun Aug 23 02:02:12 2015
1.80, 0.00, 0.26, 0.00 , 4.206112E-011, 4.443800E-012, -3.574108E-011, -1.130060E-011, 2.150400E+004 1.570926E+074 2.150400E+004, Sun Aug 23 02:02:17 2015
1.80, 0.00, 0.28, 0.00 , 4.256748E-011, 4.447760E-012, -3.121272E-011, -1.084450E-011, 2.150400E+004 1.570926E+074 2.150400E+004, Sun Aug 23 02:02:23 2015
1.80, 0.00, 0.30, 0.00 , 4.235649E-011, 4.513960E-012, -3.003870E-011, -1.130820E-011, 2.150400E+004 1.570926E+074 2.150400E+004, Sun Aug 23 02:02:27 2015
1.80, 0.00, 0.32, 0.00 , 4.484605E-011, 4.408820E-012, -3.184165E-011, -1.102390E-011, 2.150400E+004 1.570926E+074 2.150400E+004, Sun Aug 23 02:02:34 2015
1.80, 0.00, 0.34, 0.00 , 4.915008E-011, 4.437780E-012, -3.435741E-011, -1.096100E-011, 2.150400E+004 1.570926E+074 2.150400E+004, Sun Aug 23 02:02:41 2015
1.80, 0.00, 0.36, 0.00 , 4.691367E-011, 4.518580E-012, -2.697786E-011, -1.119970E-011, 2.150400E+004 1.570926E+074 2.150400E+004, Sun Aug 23 02:02:47 2015
1.80, 0.00, 0.38, 0.00 , 4.636512E-011, 4.491790E-012, -2.873889E-011, -1.093520E-011, 2.150400E+004 1.570926E+074 2.150400E+004, Sun Aug 23 02:02:54 2015
1.80, 0.00, 0.40, 0.00 , 4.623850E-011, 4.600370E-012, -2.974519E-011, -1.129090E-011, 2.150400E+004 1.570926E+074 2.150400E+004, Sun Aug 23 02:03:00 2015
1.80, 0.00, 0.42, 0.00 , 4.602754E-011, 4.516110E-012, -2.777451E-011, -1.098960E-011, 2.150400E+004 1.570926E+074 2.150400E+004, Sun Aug 23 02:03:05 2015
1.80, 0.00, 0.44, 0.00 , 4.556339E-011, 4.647770E-012, -2.852924E-011, -1.143900E-011, 2.150400E+004 1.570926E+074 2.150400E+004, Sun Aug 23 02:03:10 2015
1.80, 0.00, 0.46, 0.00 , 4.421312E-011, 4.501040E-012, -3.393812E-011, -1.082250E-011, 2.150400E+004 1.570926E+074 2.150400E+004, Sun Aug 23 02:03:15 2015
1.80, 0.00, 0.48, 0.00 , 4.421313E-011, 4.603520E-012, -2.634892E-011, -1.123370E-011, 2.150400E+004 1.570926E+074 2.150400E+004, Sun Aug 23 02:03:21 2015
1.80, 0.00, 0.50, 0.00 , 4.362234E-011, 4.473160E-012, -2.429438E-011, -1.101360E-011, 2.150400E+004 1.570926E+074 2.150400E+004, Sun Aug 23 02:03:27 2015
1.80, 0.00, 0.52, 0.00 , 4.311602E-011, 4.645960E-012, -2.429438E-011, -1.143240E-011, 2.150400E+004 1.570926E+074 2.150400E+004, Sun Aug 23 02:03:36 2015
1.80, 0.00, 0.54, 0.00 , 4.518362E-011, 4.580320E-012, -2.978711E-011, -1.120160E-011, 2.150400E+004 1.570926E+074 2.150400E+004, Sun Aug 23 02:03:41 2015
1.80, 0.00, 0.56, 0.00 , 4.324259E-011, 4.598000E-012, -2.693593E-011, -1.116900E-011, 2.150400E+004 1.570926E+074 2.150400E+004, Sun Aug 23 02:03:47 2015
1.80, 0.00, 0.58, 0.00 , 4.260969E-011, 4.572220E-012, -2.442017E-011, -1.139830E-011, 2.150400E+004 1.570926E+074 2.150400E+004, Sun Aug 23 02:03:52 2015
1.80, 0.00, 0.60, 0.00 , 4.168134E-011, 4.664080E-012, -3.108693E-011, -1.143480E-011, 2.150400E+004 1.570926E+074 2.150400E+004, Sun Aug 23 02:03:56 2015
1.80, 0.00, 0.62, 0.00 , 4.222990E-011, 4.587720E-012, -2.655856E-011, -1.145140E-011, 2.150400E+004 1.570926E+074 2.150400E+004, Sun Aug 23 02:04:02 2015
1.80, 0.00, 0.64, 0.00 , 4.117497E-011, 4.612300E-012, -2.471367E-011, -1.114760E-011, 2.150400E+004 1.570926E+074 2.150400E+004, Sun Aug 23 02:04:11 2015
1.80, 0.00, 0.66, 0.00 , 4.286284E-011, 4.835500E-012, -2.458788E-011, -1.140070E-011, 2.150400E+004 1.570926E+074 2.150400E+004, Sun Aug 23 02:04:16 2015
1.80, 0.00, 0.68, 0.00 , 4.197672E-011, 4.721930E-012, -2.249148E-011, -1.117200E-011, 2.150400E+004 1.570926E+074 2.150400E+004, Sun Aug 23 02:04:21 2015
1.80, 0.00, 0.70, 0.00 , 4.037329E-011, 4.654500E-012, -2.165297E-011, -1.112620E-011, 2.150400E+004 1.570926E+074 2.150400E+004, Sun Aug 23 02:04:32 2015
1.80, 0.00, 0.72, 0.00 , 4.079525E-011, 4.834510E-012, -2.307843E-011, -1.133310E-011, 2.150400E+004 1.570926E+074 2.150400E+004, Sun Aug 23 02:04:37 2015
1.80, 0.00, 0.74, 0.00 , 4.066866E-011, 4.695490E-012, -2.710365E-011, -1.125080E-011, 2.150400E+004 1.570926E+074 2.150400E+004, Sun Aug 23 02:04:42 2015
1.80, 0.00, 0.76, 0.00 , 4.045765E-011, 4.797770E-012, -2.236570E-011, -1.146300E-011, 2.150400E+004 1.570926E+074 2.150400E+004, Sun Aug 23 02:04:49 2015
1.80, 0.00, 0.78, 0.00 , 4.012011E-011, 4.772650E-012, -2.085640E-011, -1.112640E-011, 2.150400E+004 1.570926E+074 2.150400E+004, Sun Aug 23 02:04:58 2015
1.80, 0.00, 0.80, 0.00 , 4.045767E-011, 4.865780E-012, -2.253340E-011, -1.128460E-011, 2.150400E+004 1.570926E+074 2.150400E+004, Sun Aug 23 02:05:03 2015
1.80, 0.00, 0.82, 0.00 , 4.016230E-011, 4.867910E-012, -2.161105E-011, -1.156810E-011, 2.150400E+004 1.570926E+074 2.150400E+004, Sun Aug 23 02:05:11 2015
1.80, 0.00, 0.84, 0.00 , 4.033106E-011, 4.726490E-012, -2.391701E-011, -1.119120E-011, 2.150400E+004 1.570926E+074 2.150400E+004, Sun Aug 23 02:05:18 2015
1.80, 0.00, 0.86, 0.00 , 3.948717E-011, 4.800780E-012, -2.689400E-011, -1.133010E-011, 2.150400E+004 1.570926E+074 2.150400E+004, Sun Aug 23 02:05:26 2015
1.80, 0.00, 0.88, 0.00 , 3.931837E-011, 4.853760E-012, -2.177875E-011, -1.130030E-011, 2.150400E+004 1.570926E+074 2.150400E+004, Sun Aug 23 02:05:32 2015
1.80, 0.00, 0.90, 0.00 , 3.990911E-011, 4.792880E-012, -2.110795E-011, -1.146560E-011, 2.150400E+004 1.570926E+074 2.150400E+004, Sun Aug 23 02:05:36 2015
1.80, 0.00, 0.92, 0.00 , 3.881201E-011, 4.959660E-012, -1.884399E-011, -1.142050E-011, 2.150400E+004 1.570926E+074 2.150400E+004, Sun Aug 23 02:05:44 2015
1.80, 0.00, 0.94, 0.00 , 3.914957E-011, 4.887910E-012, -1.876014E-011, -1.123720E-011, 2.150400E+004 1.570926E+074 2.150400E+004, Sun Aug 23 02:05:52 2015
1.80, 0.00, 0.96, 0.00 , 3.834784E-011, 4.854010E-012, -2.253340E-011, -1.147400E-011, 2.150400E+004 1.570926E+074 2.150400E+004, Sun Aug 23 02:05:58 2015
1.80, 0.00, 0.98, 0.00 , 4.037327E-011, 4.989160E-012, -1.364527E-011, -1.127710E-011, 2.150400E+004 1.570926E+074 2.150400E+004, Sun Aug 23 02:06:14 2015
1.80, 0.00, 1.00, 0.00 , 3.936057E-011, 4.920950E-012, -1.716698E-011, -1.158460E-011, 2.150400E+004 1.570926E+074 2.150400E+004, Sun Aug 23 02:06:19 2015
1.80, 0.00, 1.02, 0.00 , 3.952937E-011, 4.896370E-012, -1.678966E-011, -1.118490E-011, 2.150400E+004 1.570926E+074 2.150400E+004, Sun Aug 23 02:06:29 2015
1.80, 0.00, 1.04, 0.00 , 4.201892E-011, 4.978350E-012, -2.249148E-011, -1.158080E-011, 2.150400E+004 1.570926E+074 2.150400E+004, Sun Aug 23 02:06:39 2015
1.80, 0.00, 1.06, 0.00 , 4.037328E-011, 4.775690E-012, -2.240763E-011, -1.136670E-011, 2.150400E+004 1.570926E+074 2.150400E+004, Sun Aug 23 02:06:45 2015
1.80, 0.00, 1.08, 0.00 , 4.045765E-011, 4.281500E-012, -1.943094E-011, -1.136500E-011, 2.150400E+004 1.570926E+074 2.150400E+004, Sun Aug 23 02:06:51 2015
1.80, 0.00, 1.10, 0.00 , 4.320041E-011, 1.286720E-012, -1.955672E-011, -1.133350E-011, 2.150400E+004 1.570926E+074 2.150400E+004, Sun Aug 23 02:06:56 2015
1.80, 0.00, 1.12, 0.00 , 5.396040E-011, -1.019370E-011, -2.261725E-011, -1.174400E-011, 2.150400E+004 1.570926E+074 2.150400E+004, Sun Aug 23 02:07:04 2015
1.80, 0.00, 1.14, 0.00 , 8.932068E-011, -4.424910E-011, -1.641233E-011, -1.184400E-011, 2.150400E+004 1.570926E+074 2.150400E+004, Sun Aug 23 02:07:15 2015
1.80, 0.00, 1.16, 0.00 , 1.953593E-010, -1.525730E-010, -1.301639E-011, -1.148420E-011, 2.150400E+004 1.570926E+074 2.150400E+004, Sun Aug 23 02:07:23 2015
1.80, 0.00, 1.18, 0.00 , 5.195094E-010, -4.859420E-010, -1.293255E-011, -1.150280E-011, 2.150400E+004 1.570926E+074 2.150400E+004, Sun Aug 23 02:07:28 2015
1.80, 0.00, 1.20, 0.00 , 1.669816E-009, -1.657490E-009, -1.821511E-011, -1.136890E-011, 2.150400E+004 1.570926E+074 2.150400E+004, Sun Aug 23 02:07:33 2015
1.80, 0.00, 1.22, 0.00 , 5.345687E-009, -5.299490E-009, -1.880206E-011, -1.168450E-011, 2.150400E+004 1.570926E+074 2.150400E+004, Sun Aug 23 02:07:36 2015
1.80, 0.00, 1.24, 0.00 , 1.376485E-008, -1.374360E-008, -1.305832E-011, -1.167330E-011, 2.150400E+004 1.570926E+074 2.150400E+004, Sun Aug 23 02:07:40 2015
1.80, 0.00, 1.26, 0.00 , 2.744882E-008, -2.733100E-008, -1.834089E-011, -1.162910E-011, 2.150400E+004 1.570926E+074 2.150400E+004, Sun Aug 23 02:07:43 2015
1.80, 0.00, 1.28, 0.00 , 4.972719E-008, -4.954500E-008, -1.507072E-011, -1.135560E-011, 2.150400E+004 1.570926E+074 2.150400E+004, Sun Aug 23 02:07:47 2015
1.80, 0.00, 1.30, 0.00 , 7.945953E-008, -7.956930E-008, -1.180056E-011, -1.128080E-011, 2.150400E+004 1.570926E+074 2.150400E+004, Sun Aug 23 02:07:51 2015
1.80, 0.00, 1.32, 0.00 , 1.187648E-007, -1.186440E-007, -1.159094E-011, -1.134860E-011, 2.150400E+004 1.570926E+074 2.150400E+004, Sun Aug 23 02:07:54 2015
1.80, 0.00, 1.34, 0.00 , 1.669120E-007, -1.673300E-007, -1.557383E-011, -1.147350E-011, 2.150400E+004 1.570926E+074 2.150400E+004, Sun Aug 23 02:07:58 2015
1.80, 0.00, 1.36, 0.00 , 2.277816E-007, -2.274220E-007, -1.431608E-011, -1.153380E-011, 2.150400E+004 1.570926E+074 2.150400E+004, Sun Aug 23 02:08:01 2015
1.80, 0.00, 1.38, 0.00 , 3.002838E-007, -3.000050E-007, -1.154902E-011, -1.145990E-011, 2.150400E+004 1.570926E+074 2.150400E+004, Sun Aug 23 02:08:05 2015
1.80, 0.00, 1.40, 0.00 , 3.843352E-007, -3.844720E-007, -1.863436E-011, -1.164380E-011, 2.150400E+004 1.570926E+074 2.150400E+004, Sun Aug 23 02:08:08 2015
1.80, 0.00, 1.42, 0.00 , 4.792292E-007, -4.789360E-007, -1.188442E-011, -1.183880E-011, 2.150400E+004 1.570926E+074 2.150400E+004, Sun Aug 23 02:08:12 2015
1.80, 0.00, 1.44, 0.00 , 5.855457E-007, -5.850160E-007, -1.586731E-011, -1.185950E-011, 2.150400E+004 1.570926E+074 2.150400E+004, Sun Aug 23 02:08:16 2015
1.80, 0.00, 1.46, 0.00 , 7.001459E-007, -6.996110E-007, -1.444186E-011, -1.181500E-011, 2.150400E+004 1.570926E+074 2.150400E+004, Sun Aug 23 02:08:19 2015
1.80, 0.00, 1.48, 0.00 , 8.245430E-007, -8.247330E-007, -1.242945E-011, -1.181610E-011, 2.150400E+004 1.570926E+074 2.150400E+004, Sun Aug 23 02:08:23 2015
1.80, 0.00, 1.50, 0.00 , 9.579978E-007, -9.577480E-007, -1.398069E-011, -1.182970E-011, 2.150400E+004 1.570926E+074 2.150400E+004, Sun Aug 23 02:08:26 2015
1.80, 0.00, 1.52, 0.00 , 1.093963E-006, -1.092800E-006, -1.213597E-011, -1.145630E-011, 2.150400E+004 1.570926E+074 2.150400E+004, Sun Aug 23 02:08:31 2015
1.80, 0.00, 1.54, 0.00 , 1.253807E-006, -1.252530E-006, -5.889123E-012, -1.140950E-011, 2.150400E+004 1.570926E+074 2.150400E+004, Sun Aug 23 02:08:35 2015
1.80, 0.00, 1.56, 0.00 , 1.422136E-006, -1.422060E-006, -8.656178E-012, -1.146630E-011, 2.150400E+004 1.570926E+074 2.150400E+004, Sun Aug 23 02:08:38 2015
1.80, 0.00, 1.58, 0.00 , 1.601657E-006, -1.601850E-006, -1.083629E-011, -1.157740E-011, 2.150400E+004 1.570926E+074 2.150400E+004, Sun Aug 23 02:08:42 2015
1.80, 0.00, 1.60, 0.00 , 1.786249E-006, -1.786370E-006, -7.398426E-012, -1.141870E-011, 2.150400E+004 1.570926E+074 2.150400E+004, Sun Aug 23 02:08:45 2015
1.80, 0.00, 1.62, 0.00 , 1.979605E-006, -1.978890E-006, -8.907743E-012, -1.173860E-011, 2.150400E+004 1.570926E+074 2.150400E+004, Sun Aug 23 02:08:49 2015
1.80, 0.00, 1.64, 0.00 , 2.189312E-006, -2.188170E-006, -6.056823E-012, -1.184430E-011, 2.150400E+004 1.570926E+074 2.150400E+004, Sun Aug 23 02:08:52 2015
1.80, 0.00, 1.66, 0.00 , 2.408977E-006, -2.407920E-006, -3.876725E-012, -1.183660E-011, 2.150400E+004 1.570926E+074 2.150400E+004, Sun Aug 23 02:08:56 2015
1.80, 0.00, 1.68, 0.00 , 2.641540E-006, -2.641810E-006, -1.117169E-011, -1.194830E-011, 2.150400E+004 1.570926E+074 2.150400E+004, Sun Aug 23 02:08:59 2015
1.80, 0.00, 1.70, 0.00 , 2.881891E-006, -2.879410E-006, -7.398427E-012, -1.198960E-011, 2.150400E+004 1.570926E+074 2.150400E+004, Sun Aug 23 02:09:03 2015
1.80, 0.00, 1.72, 0.00 , 3.132338E-006, -3.131310E-006, -2.912438E-012, -1.187150E-011, 2.150400E+004 1.570926E+074 2.150400E+004, Sun Aug 23 02:09:07 2015
1.80, 0.00, 1.74, 0.00 , 3.393759E-006, -3.391210E-006, -5.931030E-012, -1.189470E-011, 2.150400E+004 1.570926E+074 2.150400E+004, Sun Aug 23 02:09:10 2015
1.80, 0.00, 1.76, 0.00 , 3.666237E-006, -3.664030E-006, -6.182593E-012, -1.178380E-011, 2.150400E+004 1.570926E+074 2.150400E+004, Sun Aug 23 02:09:14 2015
1.80, 0.00, 1.78, 0.00 , 3.952437E-006, -3.951770E-006, -4.547506E-012, -1.191000E-011, 2.150400E+004 1.570926E+074 2.150400E+004, Sun Aug 23 02:09:17 2015
1.80, 0.00, 1.80, 0.00 , 4.255644E-006, -4.255290E-006, -3.205936E-012, -1.181970E-011, 2.150400E+004 1.570926E+074 2.150400E+004, Sun Aug 23 02:09:21 2015
1.80, 0.00, 1.82, 0.00 , 4.570518E-006, -4.568970E-006, -1.033319E-011, -1.169970E-011, 2.150400E+004 1.570926E+074 2.150400E+004, Sun Aug 23 02:09:24 2015
1.80, 0.00, 1.84, 0.00 , 4.895765E-006, -4.894710E-006, -3.080151E-012, -1.170780E-011, 2.150400E+004 1.570926E+074 2.150400E+004, Sun Aug 23 02:09:28 2015
1.80, 0.00, 1.86, 0.00 , 5.230916E-006, -5.229900E-006, -8.530409E-012, -1.170340E-011, 2.150400E+004 1.570926E+074 2.150400E+004, Sun Aug 23 02:09:31 2015
1.80, 0.00, 1.88, 0.00 , 5.580408E-006, -5.579200E-006, -5.050609E-012, -1.175180E-011, 2.150400E+004 1.570926E+074 2.150400E+004, Sun Aug 23 02:09:35 2015
1.80, 0.00, 1.90, 0.00 , 5.936899E-006, -5.935580E-006, -2.744728E-012, -1.178230E-011, 2.150400E+004 1.570926E+074 2.150400E+004, Sun Aug 23 02:09:39 2015
1.80, 0.00, 1.92, 0.00 , 6.302942E-006, -6.302140E-006, -3.205920E-012, -1.180570E-011, 2.150400E+004 1.570926E+074 2.150400E+004, Sun Aug 23 02:09:42 2015
1.80, 0.00, 1.94, 0.00 , 6.679063E-006, -6.677170E-006, -2.660901E-012, -1.177690E-011, 2.150400E+004 1.570926E+074 2.150400E+004, Sun Aug 23 02:09:46 2015
1.80, 0.00, 1.96, 0.00 , 7.068092E-006, -7.066850E-006, -1.570830E-012, -1.182680E-011, 2.150400E+004 1.570926E+074 2.150400E+004, Sun Aug 23 02:09:49 2015
1.80, 0.00, 1.98, 0.00 , 7.469072E-006, -7.467590E-006, -1.570830E-012, -1.161980E-011, 2.150400E+004 1.570926E+074 2.150400E+004, Sun Aug 23 02:09:53 2015
1.80, 0.00, 2.00, 0.00 , 7.880414E-006, -7.879070E-006, -5.721420E-012, -1.160430E-011, 2.150400E+004 1.570926E+074 2.150400E+004, Sun Aug 23 02:09:56 2015
