0.00, 0.00, 0.00, 0.00 , -6.043777E-011, 5.669140E-012, -4.760688E-011, 7.207240E-012, 2.150400E+004 1.570926E+074 2.150400E+004, Sun Aug 16 18:38:44 2015
0.05, 0.00, 0.00, 0.00 , -4.870638E-011, 4.811870E-012, -5.221906E-011, 5.691620E-012, 2.150400E+004 1.570926E+074 2.150400E+004, Sun Aug 16 18:38:51 2015
0.10, 0.00, 0.00, 0.00 , -4.115276E-011, 4.280510E-012, -4.752303E-011, 4.783270E-012, 2.150400E+004 1.570926E+074 2.150400E+004, Sun Aug 16 18:38:59 2015
0.15, 0.00, 0.00, 0.00 , -3.292389E-011, 3.772970E-012, -4.886474E-011, 3.983620E-012, 2.150400E+004 1.570926E+074 2.150400E+004, Sun Aug 16 18:39:05 2015
0.20, 0.00, 0.00, 0.00 , -2.996994E-011, 3.471220E-012, -4.685215E-011, 2.919510E-012, 2.150400E+004 1.570926E+074 2.150400E+004, Sun Aug 16 18:39:18 2015
0.25, 0.00, 0.00, 0.00 , -2.553903E-011, 3.182600E-012, -4.244962E-011, 1.514710E-012, 2.150400E+004 1.570926E+074 2.150400E+004, Sun Aug 16 18:39:42 2015
0.30, 0.00, 0.00, 0.00 , -1.768996E-011, 2.771000E-012, -4.320435E-011, 8.486030E-013, 2.150400E+004 1.570926E+074 2.150400E+004, Sun Aug 16 18:39:49 2015
0.35, 0.00, 0.00, 0.00 , -6.253970E-012, 2.299520E-012, -4.353976E-011, 2.181290E-013, 2.150400E+004 1.570926E+074 2.150400E+004, Sun Aug 16 18:39:53 2015
0.40, 0.00, 0.00, 0.00 , 8.776958E-013, 1.980660E-012, -4.236576E-011, -1.877550E-013, 2.150400E+004 1.570926E+074 2.150400E+004, Sun Aug 16 18:39:56 2015
0.45, 0.00, 0.00, 0.00 , 6.996168E-012, 1.689660E-012, -4.215611E-011, -1.100650E-012, 2.150400E+004 1.570926E+074 2.150400E+004, Sun Aug 16 18:40:00 2015
0.50, 0.00, 0.00, 0.00 , 7.882280E-012, 1.677640E-012, -4.094016E-011, -1.687110E-012, 2.150400E+004 1.570926E+074 2.150400E+004, Sun Aug 16 18:40:05 2015
0.55, 0.00, 0.00, 0.00 , 8.008867E-012, 1.735500E-012, -4.295277E-011, -2.588430E-012, 2.150400E+004 1.570926E+074 2.150400E+004, Sun Aug 16 18:40:12 2015
0.60, 0.00, 0.00, 0.00 , 1.121574E-011, 1.662610E-012, -4.198840E-011, -3.684060E-012, 2.150400E+004 1.570926E+074 2.150400E+004, Sun Aug 16 18:40:24 2015
0.65, 0.00, 0.00, 0.00 , 1.130014E-011, 1.609370E-012, -3.968230E-011, -6.749530E-012, 2.150400E+004 1.570926E+074 2.150400E+004, Sun Aug 16 18:41:00 2015
0.70, 0.00, 0.00, 0.00 , 1.864220E-011, 1.438300E-012, -3.796321E-011, -7.106420E-012, 2.150400E+004 1.570926E+074 2.150400E+004, Sun Aug 16 18:41:11 2015
0.75, 0.00, 0.00, 0.00 , 2.632183E-011, 1.202520E-012, -3.863408E-011, -7.732640E-012, 2.150400E+004 1.570926E+074 2.150400E+004, Sun Aug 16 18:41:20 2015
0.80, 0.00, 0.00, 0.00 , 3.163850E-011, 9.691120E-013, -3.964038E-011, -8.224140E-012, 2.150400E+004 1.570926E+074 2.150400E+004, Sun Aug 16 18:41:41 2015
0.85, 0.00, 0.00, 0.00 , 4.218747E-011, 3.898380E-013, -3.813093E-011, -8.923240E-012, 2.150400E+004 1.570926E+074 2.150400E+004, Sun Aug 16 18:41:48 2015
0.90, 0.00, 0.00, 0.00 , 4.585849E-011, 5.941630E-013, -3.553133E-011, -9.682600E-012, 2.150400E+004 1.570926E+074 2.150400E+004, Sun Aug 16 18:42:00 2015
0.95, 0.00, 0.00, 0.00 , 5.012025E-011, 4.728680E-013, -3.783743E-011, -9.849380E-012, 2.150400E+004 1.570926E+074 2.150400E+004, Sun Aug 16 18:42:12 2015
1.00, 0.00, 0.00, 0.00 , 6.092236E-011, -1.225950E-013, -3.624413E-011, -1.066100E-011, 2.150400E+004 1.570926E+074 2.150400E+004, Sun Aug 16 18:42:18 2015
1.05, 0.00, 0.00, 0.00 , 6.564831E-011, -3.562210E-013, -3.729235E-011, -1.100390E-011, 2.150400E+004 1.570926E+074 2.150400E+004, Sun Aug 16 18:42:28 2015
1.10, 0.00, 0.00, 0.00 , 7.180885E-011, -7.807140E-013, -3.649570E-011, -1.157370E-011, 2.150400E+004 1.570926E+074 2.150400E+004, Sun Aug 16 18:42:37 2015
1.15, 0.00, 0.00, 0.00 , 8.041681E-011, -9.908560E-013, -3.758586E-011, -1.217420E-011, 2.150400E+004 1.570926E+074 2.150400E+004, Sun Aug 16 18:42:44 2015
1.20, 0.00, 0.00, 0.00 , 8.615548E-011, -1.374920E-012, -3.674728E-011, -1.292940E-011, 2.150400E+004 1.570926E+074 2.150400E+004, Sun Aug 16 18:42:51 2015
1.25, 0.00, 0.00, 0.00 , 9.189408E-011, -1.743210E-012, -3.695692E-011, -1.336820E-011, 2.150400E+004 1.570926E+074 2.150400E+004, Sun Aug 16 18:43:00 2015
1.30, 0.00, 0.00, 0.00 , 1.018101E-010, -2.643730E-012, -3.477661E-011, -1.428450E-011, 2.150400E+004 1.570926E+074 2.150400E+004, Sun Aug 16 18:43:07 2015
1.35, 0.00, 0.00, 0.00 , 1.075908E-010, -2.704500E-012, -3.712463E-011, -1.471660E-011, 2.150400E+004 1.570926E+074 2.150400E+004, Sun Aug 16 18:43:13 2015
1.40, 0.00, 0.00, 0.00 , 1.007974E-010, -1.045110E-012, -3.515396E-011, -1.567970E-011, 2.150400E+004 1.570926E+074 2.150400E+004, Sun Aug 16 18:43:26 2015
1.45, 0.00, 0.00, 0.00 , 1.115573E-010, -1.815510E-012, -3.582483E-011, -1.600840E-011, 2.150400E+004 1.570926E+074 2.150400E+004, Sun Aug 16 18:43:32 2015
1.50, 0.00, 0.00, 0.00 , 1.227392E-010, -2.573160E-012, -3.402189E-011, -1.669270E-011, 2.150400E+004 1.570926E+074 2.150400E+004, Sun Aug 16 18:43:39 2015
1.55, 0.00, 0.00, 0.00 , 1.284356E-010, -3.083860E-012, -3.255438E-011, -1.766690E-011, 2.150400E+004 1.570926E+074 2.150400E+004, Sun Aug 16 18:43:49 2015
1.60, 0.00, 0.00, 0.00 , 1.295749E-010, -2.553220E-012, -3.284788E-011, -1.872570E-011, 2.150400E+004 1.570926E+074 2.150400E+004, Sun Aug 16 18:43:59 2015
1.65, 0.00, 0.00, 0.00 , 1.398285E-010, -3.728620E-012, -3.569905E-011, -1.893300E-011, 2.150400E+004 1.570926E+074 2.150400E+004, Sun Aug 16 18:44:06 2015
1.70, 0.00, 0.00, 0.00 , 1.524873E-010, -5.017770E-012, -3.599255E-011, -1.946610E-011, 2.150400E+004 1.570926E+074 2.150400E+004, Sun Aug 16 18:44:13 2015
1.75, 0.00, 0.00, 0.00 , 1.632473E-010, -4.625930E-012, -3.259630E-011, -2.050850E-011, 2.150400E+004 1.570926E+074 2.150400E+004, Sun Aug 16 18:44:18 2015
1.80, 0.00, 0.00, 0.00 , 1.542594E-010, -3.347860E-012, -3.364454E-011, -2.071060E-011, 2.150400E+004 1.570926E+074 2.150400E+004, Sun Aug 16 18:44:27 2015
1.85, 0.00, 0.00, 0.00 , 1.654414E-010, -4.811350E-012, -3.507012E-011, -2.126680E-011, 2.150400E+004 1.570926E+074 2.150400E+004, Sun Aug 16 18:44:34 2015
1.90, 0.00, 0.00, 0.00 , 1.767076E-010, -5.948630E-012, -3.507011E-011, -2.227990E-011, 2.150400E+004 1.570926E+074 2.150400E+004, Sun Aug 16 18:44:40 2015
1.95, 0.00, 0.00, 0.00 , 1.860329E-010, -6.557260E-012, -3.364453E-011, -2.362490E-011, 2.150400E+004 1.570926E+074 2.150400E+004, Sun Aug 16 18:44:47 2015
2.00, 0.00, 0.00, 0.00 , 2.007592E-010, -6.158340E-012, -3.494433E-011, -2.482600E-011, 2.150400E+004 1.570926E+074 2.150400E+004, Sun Aug 16 18:44:53 2015
