0.05, 0.00, 0.00, 0.00 , -3.034995E-011, -7.077570E-013, -3.410580E-011, -9.906290E-014, 2.150400E+004 1.570926E+074 2.150400E+004, Mon Aug 31 00:41:58 2015
0.05, 0.00, 0.02, 0.00 , -3.106736E-011, -5.120990E-013, -3.704085E-011, -9.365080E-014, 2.150400E+004 1.570926E+074 2.150400E+004, Mon Aug 31 00:42:17 2015
0.05, 0.00, 0.04, 0.00 , -3.026555E-011, -7.743600E-013, -3.611841E-011, -1.080750E-013, 2.150400E+004 1.570926E+074 2.150400E+004, Mon Aug 31 00:42:37 2015
0.05, 0.00, 0.06, 0.00 , -3.094076E-011, -7.445220E-013, -3.272214E-011, -9.491440E-014, 2.150400E+004 1.570926E+074 2.150400E+004, Mon Aug 31 00:42:45 2015
0.05, 0.00, 0.08, 0.00 , -3.115174E-011, -7.785800E-013, -3.049989E-011, -1.263740E-013, 2.150400E+004 1.570926E+074 2.150400E+004, Mon Aug 31 00:42:49 2015
0.05, 0.00, 0.10, 0.00 , -3.110955E-011, -1.040430E-012, -3.024832E-011, -1.068710E-013, 2.150400E+004 1.570926E+074 2.150400E+004, Mon Aug 31 00:42:54 2015
0.05, 0.00, 0.12, 0.00 , -3.039217E-011, -1.286160E-012, -3.242863E-011, -9.427070E-014, 2.150400E+004 1.570926E+074 2.150400E+004, Mon Aug 31 00:43:13 2015
0.05, 0.00, 0.14, 0.00 , -3.043433E-011, -2.005540E-012, -3.167391E-011, -8.916850E-014, 2.150400E+004 1.570926E+074 2.150400E+004, Mon Aug 31 00:43:23 2015
0.05, 0.00, 0.16, 0.00 , -2.967475E-011, -3.269610E-012, -2.857115E-011, -1.261590E-013, 2.150400E+004 1.570926E+074 2.150400E+004, Mon Aug 31 00:43:36 2015
0.05, 0.00, 0.18, 0.00 , -2.781801E-011, -6.009200E-012, -2.760678E-011, -9.971860E-014, 2.150400E+004 1.570926E+074 2.150400E+004, Mon Aug 31 00:43:41 2015
0.05, 0.00, 0.20, 0.00 , -2.157247E-011, -1.111440E-011, -2.857115E-011, -7.454160E-014, 2.150400E+004 1.570926E+074 2.150400E+004, Mon Aug 31 00:43:50 2015
0.05, 0.00, 0.22, 0.00 , -1.195097E-011, -2.140950E-011, -3.062568E-011, -8.511540E-014, 2.150400E+004 1.570926E+074 2.150400E+004, Mon Aug 31 00:44:10 2015
0.05, 0.00, 0.24, 0.00 , 8.937228E-012, -4.217290E-011, -2.626505E-011, -1.083250E-013, 2.150400E+004 1.570926E+074 2.150400E+004, Mon Aug 31 00:44:13 2015
0.05, 0.00, 0.26, 0.00 , 5.163969E-011, -8.379670E-011, -2.567804E-011, -1.115080E-013, 2.150400E+004 1.570926E+074 2.150400E+004, Mon Aug 31 00:44:25 2015
0.05, 0.00, 0.28, 0.00 , 1.334156E-010, -1.689660E-010, -2.592961E-011, -1.077060E-013, 2.150400E+004 1.570926E+074 2.150400E+004, Mon Aug 31 00:44:32 2015
0.05, 0.00, 0.30, 0.00 , 3.012293E-010, -3.356430E-010, -1.980828E-011, -7.737880E-014, 2.150400E+004 1.570926E+074 2.150400E+004, Mon Aug 31 00:44:36 2015
0.05, 0.00, 0.32, 0.00 , 6.438193E-010, -6.776750E-010, -2.333000E-011, -1.170750E-013, 2.150400E+004 1.570926E+074 2.150400E+004, Mon Aug 31 00:44:41 2015
0.05, 0.00, 0.34, 0.00 , 1.337144E-009, -1.377480E-009, -2.282688E-011, -9.623770E-014, 2.150400E+004 1.570926E+074 2.150400E+004, Mon Aug 31 00:44:46 2015
0.05, 0.00, 0.36, 0.00 , 2.726661E-009, -2.768450E-009, -2.312036E-011, -1.172420E-013, 2.150400E+004 1.570926E+074 2.150400E+004, Mon Aug 31 00:44:49 2015
0.05, 0.00, 0.38, 0.00 , 5.520799E-009, -5.547040E-009, -1.813128E-011, -9.932520E-014, 2.150400E+004 1.570926E+074 2.150400E+004, Mon Aug 31 00:44:53 2015
0.05, 0.00, 0.40, 0.00 , 1.099936E-008, -1.102240E-008, -2.031138E-011, -1.007200E-013, 2.150400E+004 1.570926E+074 2.150400E+004, Mon Aug 31 00:44:57 2015
0.05, 0.00, 0.42, 0.00 , 2.158370E-008, -2.167110E-008, -1.532230E-011, -9.307860E-014, 2.150400E+004 1.570926E+074 2.150400E+004, Mon Aug 31 00:45:00 2015
0.05, 0.00, 0.44, 0.00 , 4.207667E-008, -4.194660E-008, -1.838283E-011, -1.089330E-013, 2.150400E+004 1.570926E+074 2.150400E+004, Mon Aug 31 00:45:04 2015
0.05, 0.00, 0.46, 0.00 , 7.872639E-008, -7.921620E-008, -2.018560E-011, -1.145010E-013, 2.150400E+004 1.570926E+074 2.150400E+004, Mon Aug 31 00:45:07 2015
0.05, 0.00, 0.48, 0.00 , 1.453897E-007, -1.460830E-007, -1.339376E-011, -9.000300E-014, 2.150400E+004 1.570926E+074 2.150400E+004, Mon Aug 31 00:45:11 2015
0.05, 0.00, 0.50, 0.00 , 2.599162E-007, -2.593080E-007, -1.377108E-011, -1.054530E-013, 2.150400E+004 1.570926E+074 2.150400E+004, Mon Aug 31 00:45:14 2015
0.05, 0.00, 0.52, 0.00 , 4.482242E-007, -4.492710E-007, -1.423226E-011, -9.469990E-014, 2.150400E+004 1.570926E+074 2.150400E+004, Mon Aug 31 00:45:18 2015
0.05, 0.00, 0.54, 0.00 , 7.475089E-007, -7.448440E-007, -1.326798E-011, -1.049400E-013, 2.150400E+004 1.570926E+074 2.150400E+004, Mon Aug 31 00:45:21 2015
0.05, 0.00, 0.56, 0.00 , 1.194361E-006, -1.193270E-006, -1.150713E-011, -9.666680E-014, 2.150400E+004 1.570926E+074 2.150400E+004, Mon Aug 31 00:45:25 2015
0.05, 0.00, 0.58, 0.00 , 1.832708E-006, -1.832770E-006, -1.209408E-011, -9.075400E-014, 2.150400E+004 1.570926E+074 2.150400E+004, Mon Aug 31 00:45:29 2015
0.05, 0.00, 0.60, 0.00 , 2.683791E-006, -2.682470E-006, -1.050094E-011, -9.721520E-014, 2.150400E+004 1.570926E+074 2.150400E+004, Mon Aug 31 00:45:32 2015
0.05, 0.00, 0.62, 0.00 , 3.782774E-006, -3.782780E-006, -6.140735E-012, -9.993320E-014, 2.150400E+004 1.570926E+074 2.150400E+004, Mon Aug 31 00:45:36 2015
0.05, 0.00, 0.64, 0.00 , 5.133193E-006, -5.131490E-006, -5.553790E-012, -1.127360E-013, 2.150400E+004 1.570926E+074 2.150400E+004, Mon Aug 31 00:45:39 2015
0.05, 0.00, 0.66, 0.00 , 6.704105E-006, -6.703480E-006, -4.589516E-012, -6.895070E-014, 2.150400E+004 1.570926E+074 2.150400E+004, Mon Aug 31 00:45:43 2015
0.05, 0.00, 0.68, 0.00 , 8.466015E-006, -8.468070E-006, -5.260313E-012, -8.894210E-014, 2.150400E+004 1.570926E+074 2.150400E+004, Mon Aug 31 00:45:47 2015
0.05, 0.00, 0.70, 0.00 , 1.040570E-005, -1.040970E-005, -8.782009E-012, -9.765630E-014, 2.150400E+004 1.570926E+074 2.150400E+004, Mon Aug 31 00:45:50 2015
0.05, 0.00, 0.72, 0.00 , 1.246321E-005, -1.246810E-005, -4.505653E-012, -8.575920E-014, 2.150400E+004 1.570926E+074 2.150400E+004, Mon Aug 31 00:45:54 2015
0.05, 0.00, 0.74, 0.00 , 1.461951E-005, -1.462370E-005, -2.577112E-012, -1.012330E-013, 2.150400E+004 1.570926E+074 2.150400E+004, Mon Aug 31 00:45:57 2015
0.05, 0.00, 0.76, 0.00 , 1.681190E-005, -1.681010E-005, -2.828664E-012, -1.049160E-013, 2.150400E+004 1.570926E+074 2.150400E+004, Mon Aug 31 00:46:01 2015
0.05, 0.00, 0.78, 0.00 , 1.902160E-005, -1.902360E-005, 1.070357E-012, -9.276870E-014, 2.150400E+004 1.570926E+074 2.150400E+004, Mon Aug 31 00:46:04 2015
0.05, 0.00, 0.80, 0.00 , 2.124457E-005, -2.124980E-005, 1.489617E-012, -1.169800E-013, 2.150400E+004 1.570926E+074 2.150400E+004, Mon Aug 31 00:46:08 2015
0.05, 0.00, 0.82, 0.00 , 2.343874E-005, -2.344720E-005, 4.508229E-012, -8.769040E-014, 2.150400E+004 1.570926E+074 2.150400E+004, Mon Aug 31 00:46:11 2015
0.05, 0.00, 0.84, 0.00 , 2.559770E-005, -2.559150E-005, 2.621606E-012, -9.313820E-014, 2.150400E+004 1.570926E+074 2.150400E+004, Mon Aug 31 00:46:15 2015
0.05, 0.00, 0.86, 0.00 , 2.772019E-005, -2.771770E-005, 5.807896E-012, -9.239910E-014, 2.150400E+004 1.570926E+074 2.150400E+004, Mon Aug 31 00:46:19 2015
0.05, 0.00, 0.88, 0.00 , 2.977409E-005, -2.977300E-005, 1.899505E-013, -8.231400E-014, 2.150400E+004 1.570926E+074 2.150400E+004, Mon Aug 31 00:46:22 2015
0.05, 0.00, 0.90, 0.00 , 3.177089E-005, -3.177640E-005, 6.185202E-012, -8.416180E-014, 2.150400E+004 1.570926E+074 2.150400E+004, Mon Aug 31 00:46:26 2015
0.05, 0.00, 0.92, 0.00 , 3.372317E-005, -3.372150E-005, 8.239538E-012, -8.524660E-014, 2.150400E+004 1.570926E+074 2.150400E+004, Mon Aug 31 00:46:29 2015
0.05, 0.00, 0.94, 0.00 , 3.559350E-005, -3.560320E-005, 8.742614E-012, -9.764430E-014, 2.150400E+004 1.570926E+074 2.150400E+004, Mon Aug 31 00:46:33 2015
0.05, 0.00, 0.96, 0.00 , 3.741989E-005, -3.742250E-005, 7.987971E-012, -1.035090E-013, 2.150400E+004 1.570926E+074 2.150400E+004, Mon Aug 31 00:46:36 2015
0.05, 0.00, 0.98, 0.00 , 3.916868E-005, -3.915970E-005, 1.050349E-011, -1.055720E-013, 2.150400E+004 1.570926E+074 2.150400E+004, Mon Aug 31 00:46:40 2015
0.05, 0.00, 1.00, 0.00 , 4.085326E-005, -4.086100E-005, 1.280935E-011, -8.893010E-014, 2.150400E+004 1.570926E+074 2.150400E+004, Mon Aug 31 00:46:43 2015
0.05, 0.00, 1.02, 0.00 , 4.248512E-005, -4.248550E-005, 1.280937E-011, -9.340050E-014, 2.150400E+004 1.570926E+074 2.150400E+004, Mon Aug 31 00:46:47 2015
0.05, 0.00, 1.04, 0.00 , 4.405386E-005, -4.405060E-005, 1.100656E-011, -8.738040E-014, 2.150400E+004 1.570926E+074 2.150400E+004, Mon Aug 31 00:46:51 2015
0.05, 0.00, 1.06, 0.00 , 4.557097E-005, -4.557460E-005, 1.494752E-011, -9.377000E-014, 2.150400E+004 1.570926E+074 2.150400E+004, Mon Aug 31 00:46:54 2015
0.05, 0.00, 1.08, 0.00 , 4.702575E-005, -4.701680E-005, 1.469600E-011, -9.895560E-014, 2.150400E+004 1.570926E+074 2.150400E+004, Mon Aug 31 00:46:58 2015
0.05, 0.00, 1.10, 0.00 , 4.842445E-005, -4.841810E-005, 1.905616E-011, -8.515120E-014, 2.150400E+004 1.570926E+074 2.150400E+004, Mon Aug 31 00:47:01 2015
0.05, 0.00, 1.12, 0.00 , 4.976856E-005, -4.976540E-005, 1.930775E-011, -6.933210E-014, 2.150400E+004 1.570926E+074 2.150400E+004, Mon Aug 31 00:47:05 2015
0.05, 0.00, 1.14, 0.00 , 5.104747E-005, -5.104790E-005, 1.901426E-011, -1.081940E-013, 2.150400E+004 1.570926E+074 2.150400E+004, Mon Aug 31 00:47:08 2015
0.05, 0.00, 1.16, 0.00 , 5.230098E-005, -5.229230E-005, 1.947540E-011, -8.084770E-014, 2.150400E+004 1.570926E+074 2.150400E+004, Mon Aug 31 00:47:12 2015
0.05, 0.00, 1.18, 0.00 , 5.350376E-005, -5.350320E-005, 1.893043E-011, -5.912780E-014, 2.150400E+004 1.570926E+074 2.150400E+004, Mon Aug 31 00:47:15 2015
0.05, 0.00, 1.20, 0.00 , 5.466301E-005, -5.465500E-005, 1.909811E-011, -1.018050E-013, 2.150400E+004 1.570926E+074 2.150400E+004, Mon Aug 31 00:47:19 2015
0.05, 0.00, 1.22, 0.00 , 5.577354E-005, -5.576810E-005, 2.500954E-011, -1.012800E-013, 2.150400E+004 1.570926E+074 2.150400E+004, Mon Aug 31 00:47:22 2015
0.05, 0.00, 1.24, 0.00 , 5.685555E-005, -5.685430E-005, 2.547070E-011, -8.097890E-014, 2.150400E+004 1.570926E+074 2.150400E+004, Mon Aug 31 00:47:26 2015
0.05, 0.00, 1.26, 0.00 , 5.789824E-005, -5.788930E-005, 2.710576E-011, -9.477140E-014, 2.150400E+004 1.570926E+074 2.150400E+004, Mon Aug 31 00:47:30 2015
0.05, 0.00, 1.28, 0.00 , 5.889346E-005, -5.888440E-005, 2.500956E-011, -9.214880E-014, 2.150400E+004 1.570926E+074 2.150400E+004, Mon Aug 31 00:47:33 2015
0.05, 0.00, 1.30, 0.00 , 5.986578E-005, -5.986320E-005, 2.970514E-011, -7.926230E-014, 2.150400E+004 1.570926E+074 2.150400E+004, Mon Aug 31 00:47:37 2015
0.05, 0.00, 1.32, 0.00 , 6.080589E-005, -6.079670E-005, 3.008251E-011, -1.026870E-013, 2.150400E+004 1.570926E+074 2.150400E+004, Mon Aug 31 00:47:40 2015
0.05, 0.00, 1.34, 0.00 , 6.171030E-005, -6.170890E-005, 2.899245E-011, -8.339880E-014, 2.150400E+004 1.570926E+074 2.150400E+004, Mon Aug 31 00:47:44 2015
0.05, 0.00, 1.36, 0.00 , 6.258112E-005, -6.257100E-005, 3.217868E-011, -9.659530E-014, 2.150400E+004 1.570926E+074 2.150400E+004, Mon Aug 31 00:47:47 2015
0.05, 0.00, 1.38, 0.00 , 6.342446E-005, -6.341490E-005, 3.473612E-011, -8.316040E-014, 2.150400E+004 1.570926E+074 2.150400E+004, Mon Aug 31 00:47:51 2015
0.05, 0.00, 1.40, 0.00 , 6.424366E-005, -6.424080E-005, 3.469420E-011, -7.605550E-014, 2.150400E+004 1.570926E+074 2.150400E+004, Mon Aug 31 00:47:54 2015
0.05, 0.00, 1.42, 0.00 , 6.503506E-005, -6.502440E-005, 3.578426E-011, -7.562640E-014, 2.150400E+004 1.570926E+074 2.150400E+004, Mon Aug 31 00:47:58 2015
0.05, 0.00, 1.44, 0.00 , 6.580160E-005, -6.579510E-005, 3.687427E-011, -1.125220E-013, 2.150400E+004 1.570926E+074 2.150400E+004, Mon Aug 31 00:48:02 2015
0.05, 0.00, 1.46, 0.00 , 6.654146E-005, -6.653390E-005, 4.047983E-011, -9.176730E-014, 2.150400E+004 1.570926E+074 2.150400E+004, Mon Aug 31 00:48:05 2015
0.05, 0.00, 1.48, 0.00 , 6.725112E-005, -6.724410E-005, 3.980900E-011, -1.071930E-013, 2.150400E+004 1.570926E+074 2.150400E+004, Mon Aug 31 00:48:09 2015
0.05, 0.00, 1.50, 0.00 , 6.796046E-005, -6.795300E-005, 3.951549E-011, -7.839200E-014, 2.150400E+004 1.570926E+074 2.150400E+004, Mon Aug 31 00:48:12 2015
0.05, 0.00, 1.52, 0.00 , 6.862768E-005, -6.861860E-005, 4.504967E-011, -8.069280E-014, 2.150400E+004 1.570926E+074 2.150400E+004, Mon Aug 31 00:48:16 2015
0.05, 0.00, 1.54, 0.00 , 6.927565E-005, -6.927150E-005, 4.429503E-011, -8.553270E-014, 2.150400E+004 1.570926E+074 2.150400E+004, Mon Aug 31 00:48:19 2015
0.05, 0.00, 1.56, 0.00 , 6.991252E-005, -6.990220E-005, 4.240838E-011, -1.116510E-013, 2.150400E+004 1.570926E+074 2.150400E+004, Mon Aug 31 00:48:23 2015
0.05, 0.00, 1.58, 0.00 , 7.052990E-005, -7.052220E-005, 4.416927E-011, -1.002670E-013, 2.150400E+004 1.570926E+074 2.150400E+004, Mon Aug 31 00:48:26 2015
0.05, 0.00, 1.60, 0.00 , 7.114300E-005, -7.113440E-005, 4.773289E-011, -1.054050E-013, 2.150400E+004 1.570926E+074 2.150400E+004, Mon Aug 31 00:48:30 2015
0.05, 0.00, 1.62, 0.00 , 7.170868E-005, -7.169930E-005, 5.003881E-011, -1.041650E-013, 2.150400E+004 1.570926E+074 2.150400E+004, Mon Aug 31 00:48:34 2015
0.05, 0.00, 1.64, 0.00 , 7.227421E-005, -7.226730E-005, 5.121265E-011, -8.825060E-014, 2.150400E+004 1.570926E+074 2.150400E+004, Mon Aug 31 00:48:37 2015
0.05, 0.00, 1.66, 0.00 , 7.283845E-005, -7.283110E-005, 5.142232E-011, -1.067640E-013, 2.150400E+004 1.570926E+074 2.150400E+004, Mon Aug 31 00:48:41 2015
0.05, 0.00, 1.68, 0.00 , 7.336691E-005, -7.336330E-005, 5.221885E-011, -8.499620E-014, 2.150400E+004 1.570926E+074 2.150400E+004, Mon Aug 31 00:48:44 2015
0.05, 0.00, 1.70, 0.00 , 7.388295E-005, -7.387290E-005, 5.481817E-011, -9.956360E-014, 2.150400E+004 1.570926E+074 2.150400E+004, Mon Aug 31 00:48:48 2015
0.05, 0.00, 1.72, 0.00 , 7.438326E-005, -7.437880E-005, 5.406352E-011, -9.133820E-014, 2.150400E+004 1.570926E+074 2.150400E+004, Mon Aug 31 00:48:51 2015
0.05, 0.00, 1.74, 0.00 , 7.487729E-005, -7.487050E-005, 5.741751E-011, -1.055000E-013, 2.150400E+004 1.570926E+074 2.150400E+004, Mon Aug 31 00:48:55 2015
0.05, 0.00, 1.76, 0.00 , 7.535098E-005, -7.534540E-005, 5.963956E-011, -8.567570E-014, 2.150400E+004 1.570926E+074 2.150400E+004, Mon Aug 31 00:48:58 2015
0.05, 0.00, 1.78, 0.00 , 7.582169E-005, -7.581600E-005, 6.106500E-011, -1.065970E-013, 2.150400E+004 1.570926E+074 2.150400E+004, Mon Aug 31 00:49:02 2015
0.05, 0.00, 1.80, 0.00 , 7.628120E-005, -7.627530E-005, 6.546713E-011, -6.467100E-014, 2.150400E+004 1.570926E+074 2.150400E+004, Mon Aug 31 00:49:05 2015
0.05, 0.00, 1.82, 0.00 , 7.671607E-005, -7.670430E-005, 7.125277E-011, -8.844140E-014, 2.150400E+004 1.570926E+074 2.150400E+004, Mon Aug 31 00:49:09 2015
0.05, 0.00, 1.84, 0.00 , 7.714112E-005, -7.712830E-005, 6.827609E-011, -8.343460E-014, 2.150400E+004 1.570926E+074 2.150400E+004, Mon Aug 31 00:49:13 2015
0.05, 0.00, 1.86, 0.00 , 7.757054E-005, -7.756220E-005, 7.272016E-011, -9.036060E-014, 2.150400E+004 1.570926E+074 2.150400E+004, Mon Aug 31 00:49:16 2015
0.05, 0.00, 1.88, 0.00 , 7.797167E-005, -7.796560E-005, 7.175581E-011, -9.056330E-014, 2.150400E+004 1.570926E+074 2.150400E+004, Mon Aug 31 00:49:20 2015
0.05, 0.00, 1.90, 0.00 , 7.837497E-005, -7.836390E-005, 7.158812E-011, -9.341240E-014, 2.150400E+004 1.570926E+074 2.150400E+004, Mon Aug 31 00:49:23 2015
0.05, 0.00, 1.92, 0.00 , 7.874952E-005, -7.873850E-005, 6.773105E-011, -7.580520E-014, 2.150400E+004 1.570926E+074 2.150400E+004, Mon Aug 31 00:49:27 2015
0.05, 0.00, 1.94, 0.00 , 7.914006E-005, -7.913090E-005, 7.770923E-011, -7.562640E-014, 2.150400E+004 1.570926E+074 2.150400E+004, Mon Aug 31 00:49:30 2015
0.05, 0.00, 1.96, 0.00 , 7.950861E-005, -7.949950E-005, 7.439714E-011, -7.387400E-014, 2.150400E+004 1.570926E+074 2.150400E+004, Mon Aug 31 00:49:34 2015
0.05, 0.00, 1.98, 0.00 , 7.988392E-005, -7.988150E-005, 7.762535E-011, -8.732080E-014, 2.150400E+004 1.570926E+074 2.150400E+004, Mon Aug 31 00:49:37 2015
0.05, 0.00, 2.00, 0.00 , 8.023027E-005, -8.021340E-005, 8.076974E-011, -9.820460E-014, 2.150400E+004 1.570926E+074 2.150400E+004, Mon Aug 31 00:49:41 2015
