0.00, 0.00, 1.60, 0.00 , 6.700891E-012, 3.797670E-010, -1.012344E-011, -1.031400E-013, 2.150400E+004 1.570926E+074 2.150400E+004, Wed Sep 02 23:05:57 2015
0.05, 0.00, 1.60, 0.00 , 6.553232E-006, -6.531700E-006, -4.170025E-012, -8.517500E-014, 2.150400E+004 1.570926E+074 2.150400E+004, Wed Sep 02 23:06:02 2015
0.10, 0.00, 1.60, 0.00 , 4.160444E-005, -4.152800E-005, -1.041691E-011, -9.624960E-014, 2.150400E+004 1.570926E+074 2.150400E+004, Wed Sep 02 23:06:05 2015
0.15, 0.00, 1.60, 0.00 , 1.049346E-004, -1.048070E-004, -1.599302E-011, -1.007080E-013, 2.150400E+004 1.570926E+074 2.150400E+004, Wed Sep 02 23:06:09 2015
0.20, 0.00, 1.60, 0.00 , 1.813423E-004, -1.811890E-004, -1.121351E-011, -8.190870E-014, 2.150400E+004 1.570926E+074 2.150400E+004, Wed Sep 02 23:06:12 2015
0.25, 0.00, 1.60, 0.00 , 2.632214E-004, -2.630410E-004, -1.691538E-011, -8.133650E-014, 2.150400E+004 1.570926E+074 2.150400E+004, Wed Sep 02 23:06:16 2015
0.30, 0.00, 1.60, 0.00 , 3.474176E-004, -3.472590E-004, -1.361017E-012, -9.535550E-014, 2.150400E+004 1.570926E+074 2.150400E+004, Wed Sep 02 23:06:20 2015
0.35, 0.00, 1.60, 0.00 , 4.318178E-004, -4.316230E-004, -1.540606E-011, -1.118540E-013, 2.150400E+004 1.570926E+074 2.150400E+004, Wed Sep 02 23:06:23 2015
0.40, 0.00, 1.60, 0.00 , 5.153163E-004, -5.151000E-004, -1.867625E-011, -9.435420E-014, 2.150400E+004 1.570926E+074 2.150400E+004, Wed Sep 02 23:06:27 2015
0.45, 0.00, 1.60, 0.00 , 5.966511E-004, -5.964170E-004, -1.876010E-011, -9.797810E-014, 2.150400E+004 1.570926E+074 2.150400E+004, Wed Sep 02 23:06:30 2015
0.50, 0.00, 1.60, 0.00 , 6.752287E-004, -6.750080E-004, -9.410710E-012, -7.976290E-014, 2.150400E+004 1.570926E+074 2.150400E+004, Wed Sep 02 23:06:34 2015
0.55, 0.00, 1.60, 0.00 , 7.502792E-004, -7.500110E-004, -5.888961E-012, -8.519890E-014, 2.150400E+004 1.570926E+074 2.150400E+004, Wed Sep 02 23:06:37 2015
0.60, 0.00, 1.60, 0.00 , 8.210313E-004, -8.207390E-004, -4.123399E-011, -9.034870E-014, 2.150400E+004 1.570926E+074 2.150400E+004, Wed Sep 02 23:06:41 2015
0.65, 0.00, 1.60, 0.00 , 8.867235E-004, -8.864190E-004, -1.242934E-011, -7.201430E-014, 2.150400E+004 1.570926E+074 2.150400E+004, Wed Sep 02 23:06:44 2015
0.70, 0.00, 1.60, 0.00 , 9.463656E-004, -9.460770E-004, -1.024922E-011, -1.042600E-013, 2.150400E+004 1.570926E+074 2.150400E+004, Wed Sep 02 23:06:48 2015
0.75, 0.00, 1.60, 0.00 , 9.994403E-004, -9.991460E-004, -9.243016E-012, -9.133820E-014, 2.150400E+004 1.570926E+074 2.150400E+004, Wed Sep 02 23:06:51 2015
0.80, 0.00, 1.60, 0.00 , 1.045455E-003, -1.046140E-003, -6.979030E-012, -7.770060E-014, 2.150400E+004 1.570926E+074 2.150400E+004, Wed Sep 02 23:06:55 2015
0.85, 0.00, 1.60, 0.00 , 1.086550E-003, -1.087100E-003, -8.152944E-012, -1.047490E-013, 2.150400E+004 1.570926E+074 2.150400E+004, Wed Sep 02 23:06:59 2015
0.90, 0.00, 1.60, 0.00 , 1.117483E-003, -1.118090E-003, -8.111017E-012, -8.335110E-014, 2.150400E+004 1.570926E+074 2.150400E+004, Wed Sep 02 23:07:02 2015
0.95, 0.00, 1.60, 0.00 , 1.142740E-003, -1.143350E-003, -9.788035E-012, -8.118150E-014, 2.150400E+004 1.570926E+074 2.150400E+004, Wed Sep 02 23:07:06 2015
1.00, 0.00, 1.60, 0.00 , 1.162700E-003, -1.163280E-003, -1.595109E-011, -7.987020E-014, 2.150400E+004 1.570926E+074 2.150400E+004, Wed Sep 02 23:07:09 2015
1.05, 0.00, 1.60, 0.00 , 1.178231E-003, -1.178850E-003, -2.349772E-011, -9.260180E-014, 2.150400E+004 1.570926E+074 2.150400E+004, Wed Sep 02 23:07:13 2015
1.10, 0.00, 1.60, 0.00 , 1.190027E-003, -1.190670E-003, -1.494488E-011, -9.737020E-014, 2.150400E+004 1.570926E+074 2.150400E+004, Wed Sep 02 23:07:16 2015
1.15, 0.00, 1.60, 0.00 , 1.198822E-003, -1.199540E-003, -1.494488E-011, -1.267190E-013, 2.150400E+004 1.570926E+074 2.150400E+004, Wed Sep 02 23:07:20 2015
1.20, 0.00, 1.60, 0.00 , 1.205693E-003, -1.206430E-003, -1.188432E-011, -1.026270E-013, 2.150400E+004 1.570926E+074 2.150400E+004, Wed Sep 02 23:07:23 2015
1.25, 0.00, 1.60, 0.00 , 1.211349E-003, -1.212020E-003, -1.523836E-011, -8.934740E-014, 2.150400E+004 1.570926E+074 2.150400E+004, Wed Sep 02 23:07:27 2015
1.30, 0.00, 1.60, 0.00 , 1.215678E-003, -1.216420E-003, -2.207222E-011, -8.757110E-014, 2.150400E+004 1.570926E+074 2.150400E+004, Wed Sep 02 23:07:31 2015
1.35, 0.00, 1.60, 0.00 , 1.219508E-003, -1.220190E-003, -8.991454E-012, -9.628530E-014, 2.150400E+004 1.570926E+074 2.150400E+004, Wed Sep 02 23:07:34 2015
1.40, 0.00, 1.60, 0.00 , 1.223960E-003, -1.224670E-003, -1.343556E-011, -9.838340E-014, 2.150400E+004 1.570926E+074 2.150400E+004, Wed Sep 02 23:07:38 2015
1.45, 0.00, 1.60, 0.00 , 1.230491E-003, -1.231090E-003, -1.167469E-011, -1.111390E-013, 2.150400E+004 1.570926E+074 2.150400E+004, Wed Sep 02 23:07:41 2015
1.50, 0.00, 1.60, 0.00 , 1.235549E-003, -1.236570E-003, -1.599302E-011, -1.048800E-013, 2.150400E+004 1.570926E+074 2.150400E+004, Wed Sep 02 23:07:45 2015
1.55, 0.00, 1.60, 0.00 , 1.240322E-003, -1.241090E-003, -1.343556E-011, -8.783340E-014, 2.150400E+004 1.570926E+074 2.150400E+004, Wed Sep 02 23:07:48 2015
1.60, 0.00, 1.60, 0.00 , 1.245008E-003, -1.245740E-003, -2.056290E-011, -7.858280E-014, 2.150400E+004 1.570926E+074 2.150400E+004, Wed Sep 02 23:07:52 2015
1.65, 0.00, 1.60, 0.00 , 1.249470E-003, -1.250280E-003, -2.001787E-011, -9.846690E-014, 2.150400E+004 1.570926E+074 2.150400E+004, Wed Sep 02 23:07:55 2015
1.70, 0.00, 1.60, 0.00 , 1.253876E-003, -1.254550E-003, -1.330978E-011, -1.143690E-013, 2.150400E+004 1.570926E+074 2.150400E+004, Wed Sep 02 23:07:59 2015
1.75, 0.00, 1.60, 0.00 , 1.258235E-003, -1.258830E-003, -1.372904E-011, -8.716580E-014, 2.150400E+004 1.570926E+074 2.150400E+004, Wed Sep 02 23:08:02 2015
1.80, 0.00, 1.60, 0.00 , 1.262564E-003, -1.263260E-003, -1.951476E-011, -9.942050E-014, 2.150400E+004 1.570926E+074 2.150400E+004, Wed Sep 02 23:08:06 2015
1.85, 0.00, 1.60, 0.00 , 1.266638E-003, -1.267330E-003, -1.381289E-011, -8.573530E-014, 2.150400E+004 1.570926E+074 2.150400E+004, Wed Sep 02 23:08:10 2015
1.90, 0.00, 1.60, 0.00 , 1.270390E-003, -1.270960E-003, -2.119178E-011, -8.568760E-014, 2.150400E+004 1.570926E+074 2.150400E+004, Wed Sep 02 23:08:13 2015
1.95, 0.00, 1.60, 0.00 , 1.274121E-003, -1.274800E-003, -5.595486E-012, -7.706880E-014, 2.150400E+004 1.570926E+074 2.150400E+004, Wed Sep 02 23:08:17 2015
2.00, 0.00, 1.60, 0.00 , 1.278055E-003, -1.278660E-003, -8.530264E-012, -8.382800E-014, 2.150400E+004 1.570926E+074 2.150400E+004, Wed Sep 02 23:08:20 2015
