0.00, 0.00, 1.20, 0.00 , 1.175746E-007, -1.136300E-007, 3.997670E-011, -8.002520E-014, 2.150400E+004 1.570926E+074 2.150400E+004, Mon Aug 31 01:08:07 2015
0.05, 0.00, 1.20, 0.00 , 5.465643E-005, -5.466510E-005, 3.045974E-011, -6.653070E-014, 2.150400E+004 1.570926E+074 2.150400E+004, Mon Aug 31 01:08:11 2015
0.10, 0.00, 1.20, 0.00 , 1.062213E-004, -1.062200E-004, 3.041784E-011, -7.423160E-014, 2.150400E+004 1.570926E+074 2.150400E+004, Mon Aug 31 01:08:15 2015
0.15, 0.00, 1.20, 0.00 , 1.544575E-004, -1.544360E-004, 2.224244E-011, -7.095340E-014, 2.150400E+004 1.570926E+074 2.150400E+004, Mon Aug 31 01:08:18 2015
0.20, 0.00, 1.20, 0.00 , 1.990819E-004, -1.990700E-004, 2.278746E-011, -7.714030E-014, 2.150400E+004 1.570926E+074 2.150400E+004, Mon Aug 31 01:08:22 2015
0.25, 0.00, 1.20, 0.00 , 2.399636E-004, -2.399460E-004, 2.488369E-011, -9.672640E-014, 2.150400E+004 1.570926E+074 2.150400E+004, Mon Aug 31 01:08:25 2015
0.30, 0.00, 1.20, 0.00 , 2.768950E-004, -2.768620E-004, 2.350018E-011, -7.213350E-014, 2.150400E+004 1.570926E+074 2.150400E+004, Mon Aug 31 01:08:29 2015
0.35, 0.00, 1.20, 0.00 , 3.096865E-004, -3.096130E-004, 1.939150E-011, -8.617640E-014, 2.150400E+004 1.570926E+074 2.150400E+004, Mon Aug 31 01:08:32 2015
0.40, 0.00, 1.20, 0.00 , 3.380337E-004, -3.380160E-004, 2.245206E-011, -7.162090E-014, 2.150400E+004 1.570926E+074 2.150400E+004, Mon Aug 31 01:08:36 2015
0.45, 0.00, 1.20, 0.00 , 3.621823E-004, -3.621610E-004, 2.056543E-011, -7.309910E-014, 2.150400E+004 1.570926E+074 2.150400E+004, Mon Aug 31 01:08:39 2015
0.50, 0.00, 1.20, 0.00 , 3.819593E-004, -3.819430E-004, 2.303902E-011, -8.357760E-014, 2.150400E+004 1.570926E+074 2.150400E+004, Mon Aug 31 01:08:43 2015
0.55, 0.00, 1.20, 0.00 , 3.977705E-004, -3.977730E-004, 2.144586E-011, -9.404420E-014, 2.150400E+004 1.570926E+074 2.150400E+004, Mon Aug 31 01:08:47 2015
0.60, 0.00, 1.20, 0.00 , 4.100283E-004, -4.099460E-004, 2.199087E-011, -8.451940E-014, 2.150400E+004 1.570926E+074 2.150400E+004, Mon Aug 31 01:08:50 2015
0.65, 0.00, 1.20, 0.00 , 4.194403E-004, -4.193980E-004, 2.450638E-011, -9.353160E-014, 2.150400E+004 1.570926E+074 2.150400E+004, Mon Aug 31 01:08:54 2015
0.70, 0.00, 1.20, 0.00 , 4.264558E-004, -4.263660E-004, 2.102661E-011, -8.955000E-014, 2.150400E+004 1.570926E+074 2.150400E+004, Mon Aug 31 01:08:57 2015
0.75, 0.00, 1.20, 0.00 , 4.317414E-004, -4.317470E-004, 2.119429E-011, -6.860490E-014, 2.150400E+004 1.570926E+074 2.150400E+004, Mon Aug 31 01:09:01 2015
0.80, 0.00, 1.20, 0.00 , 4.359173E-004, -4.357560E-004, 2.115238E-011, -6.577970E-014, 2.150400E+004 1.570926E+074 2.150400E+004, Mon Aug 31 01:09:04 2015
0.85, 0.00, 1.20, 0.00 , 4.392252E-004, -4.392060E-004, 2.140392E-011, -9.713170E-014, 2.150400E+004 1.570926E+074 2.150400E+004, Mon Aug 31 01:09:08 2015
0.90, 0.00, 1.20, 0.00 , 4.421321E-004, -4.420370E-004, 2.727341E-011, -7.922650E-014, 2.150400E+004 1.570926E+074 2.150400E+004, Mon Aug 31 01:09:11 2015
0.95, 0.00, 1.20, 0.00 , 4.445985E-004, -4.444560E-004, 2.077507E-011, -7.538800E-014, 2.150400E+004 1.570926E+074 2.150400E+004, Mon Aug 31 01:09:15 2015
1.00, 0.00, 1.20, 0.00 , 4.468037E-004, -4.467670E-004, 2.106854E-011, -7.501840E-014, 2.150400E+004 1.570926E+074 2.150400E+004, Mon Aug 31 01:09:18 2015
1.05, 0.00, 1.20, 0.00 , 4.487940E-004, -4.488210E-004, 2.039772E-011, -6.630420E-014, 2.150400E+004 1.570926E+074 2.150400E+004, Mon Aug 31 01:09:22 2015
1.10, 0.00, 1.20, 0.00 , 4.507865E-004, -4.506470E-004, 1.951729E-011, -7.157330E-014, 2.150400E+004 1.570926E+074 2.150400E+004, Mon Aug 31 01:09:25 2015
1.15, 0.00, 1.20, 0.00 , 4.524710E-004, -4.524710E-004, 2.643491E-011, -7.591250E-014, 2.150400E+004 1.570926E+074 2.150400E+004, Mon Aug 31 01:09:29 2015
1.20, 0.00, 1.20, 0.00 , 4.542207E-004, -4.542250E-004, 1.955922E-011, -7.361170E-014, 2.150400E+004 1.570926E+074 2.150400E+004, Mon Aug 31 01:09:33 2015
1.25, 0.00, 1.20, 0.00 , 4.557958E-004, -4.557060E-004, 1.964304E-011, -8.521080E-014, 2.150400E+004 1.570926E+074 2.150400E+004, Mon Aug 31 01:09:36 2015
1.30, 0.00, 1.20, 0.00 , 4.572459E-004, -4.574550E-004, 1.846914E-011, -9.453300E-014, 2.150400E+004 1.570926E+074 2.150400E+004, Mon Aug 31 01:09:40 2015
1.35, 0.00, 1.20, 0.00 , 4.587950E-004, -4.587760E-004, 1.809182E-011, -9.889600E-014, 2.150400E+004 1.570926E+074 2.150400E+004, Mon Aug 31 01:09:43 2015
1.40, 0.00, 1.20, 0.00 , 4.604303E-004, -4.603370E-004, 1.641483E-011, -8.493660E-014, 2.150400E+004 1.570926E+074 2.150400E+004, Mon Aug 31 01:09:47 2015
1.45, 0.00, 1.20, 0.00 , 4.617709E-004, -4.616790E-004, 1.855306E-011, -9.582040E-014, 2.150400E+004 1.570926E+074 2.150400E+004, Mon Aug 31 01:09:50 2015
1.50, 0.00, 1.20, 0.00 , 4.631528E-004, -4.631260E-004, 2.027192E-011, -8.615260E-014, 2.150400E+004 1.570926E+074 2.150400E+004, Mon Aug 31 01:09:54 2015
1.55, 0.00, 1.20, 0.00 , 4.644463E-004, -4.644020E-004, 1.327049E-011, -9.214880E-014, 2.150400E+004 1.570926E+074 2.150400E+004, Mon Aug 31 01:09:57 2015
1.60, 0.00, 1.20, 0.00 , 4.656969E-004, -4.656630E-004, 1.666641E-011, -8.783340E-014, 2.150400E+004 1.570926E+074 2.150400E+004, Mon Aug 31 01:10:01 2015
1.65, 0.00, 1.20, 0.00 , 4.671902E-004, -4.670190E-004, 1.670832E-011, -8.019210E-014, 2.150400E+004 1.570926E+074 2.150400E+004, Mon Aug 31 01:10:04 2015
1.70, 0.00, 1.20, 0.00 , 4.685369E-004, -4.683510E-004, 1.364779E-011, -9.078980E-014, 2.150400E+004 1.570926E+074 2.150400E+004, Mon Aug 31 01:10:08 2015
1.75, 0.00, 1.20, 0.00 , 4.698102E-004, -4.698090E-004, 1.389934E-011, -7.097720E-014, 2.150400E+004 1.570926E+074 2.150400E+004, Mon Aug 31 01:10:12 2015
1.80, 0.00, 1.20, 0.00 , 4.715107E-004, -4.713100E-004, 1.905610E-011, -8.206370E-014, 2.150400E+004 1.570926E+074 2.150400E+004, Mon Aug 31 01:10:15 2015
1.85, 0.00, 1.20, 0.00 , 4.733231E-004, -4.733430E-004, 1.750490E-011, -6.767510E-014, 2.150400E+004 1.570926E+074 2.150400E+004, Mon Aug 31 01:10:19 2015
1.90, 0.00, 1.20, 0.00 , 4.753656E-004, -4.752440E-004, 1.503132E-011, -7.299190E-014, 2.150400E+004 1.570926E+074 2.150400E+004, Mon Aug 31 01:10:22 2015
1.95, 0.00, 1.20, 0.00 , 4.776315E-004, -4.776210E-004, 1.570212E-011, -8.356570E-014, 2.150400E+004 1.570926E+074 2.150400E+004, Mon Aug 31 01:10:26 2015
2.00, 0.00, 1.20, 0.00 , 4.804621E-004, -4.805150E-004, 1.708563E-011, -7.703300E-014, 2.150400E+004 1.570926E+074 2.150400E+004, Mon Aug 31 01:10:29 2015
