0.00, 0.00, 0.00, 0.00 , -3.402175E-011, 1.850250E-013, -2.920017E-011, -8.577110E-014, 2.150400E+004 1.570926E+074 2.150400E+004, Wed Sep 02 22:37:02 2015
0.05, 0.00, 0.00, 0.00 , -2.891554E-011, 1.184820E-013, -3.066771E-011, -7.479190E-014, 2.150400E+004 1.570926E+074 2.150400E+004, Wed Sep 02 22:37:10 2015
0.10, 0.00, 0.00, 0.00 , -3.174291E-011, 1.744990E-013, -2.303650E-011, -9.264950E-014, 2.150400E+004 1.570926E+074 2.150400E+004, Wed Sep 02 22:37:33 2015
0.15, 0.00, 0.00, 0.00 , -1.147924E-012, 1.623870E-013, -5.595131E-011, -7.783170E-014, 2.150400E+004 1.570926E+074 2.150400E+004, Wed Sep 02 22:37:57 2015
0.20, 0.00, 0.00, 0.00 , -2.241674E-011, 1.628400E-014, -2.559421E-011, -8.993150E-014, 2.150400E+004 1.570926E+074 2.150400E+004, Wed Sep 02 22:39:01 2015
0.25, 0.00, 0.00, 0.00 , -2.338733E-011, -1.167060E-013, -2.731333E-011, -8.296970E-014, 2.150400E+004 1.570926E+074 2.150400E+004, Wed Sep 02 22:39:07 2015
0.30, 0.00, 0.00, 0.00 , -2.174153E-011, 3.185270E-014, -3.762804E-011, -1.101970E-013, 2.150400E+004 1.570926E+074 2.150400E+004, Wed Sep 02 22:39:26 2015
0.35, 0.00, 0.00, 0.00 , -2.060214E-011, -2.177000E-013, -3.444138E-011, -9.610650E-014, 2.150400E+004 1.570926E+074 2.150400E+004, Wed Sep 02 22:39:35 2015
0.40, 0.00, 0.00, 0.00 , -1.832333E-011, 2.496240E-014, -4.047925E-011, -1.071450E-013, 2.150400E+004 1.570926E+074 2.150400E+004, Wed Sep 02 22:39:45 2015
0.45, 0.00, 0.00, 0.00 , -8.617329E-012, 1.602410E-013, -2.953560E-011, -1.181480E-013, 2.150400E+004 1.570926E+074 2.150400E+004, Wed Sep 02 22:40:25 2015
0.50, 0.00, 0.00, 0.00 , -1.511613E-011, 6.885530E-014, -3.586699E-011, -8.428100E-014, 2.150400E+004 1.570926E+074 2.150400E+004, Wed Sep 02 22:40:32 2015
0.55, 0.00, 0.00, 0.00 , -9.376931E-012, -6.011720E-014, -3.486067E-011, -1.022700E-013, 2.150400E+004 1.570926E+074 2.150400E+004, Wed Sep 02 22:40:40 2015
0.60, 0.00, 0.00, 0.00 , -7.731130E-012, -2.589820E-013, -2.999683E-011, -1.069550E-013, 2.150400E+004 1.570926E+074 2.150400E+004, Wed Sep 02 22:40:46 2015
0.65, 0.00, 0.00, 0.00 , -9.081530E-012, 3.092170E-013, -2.915823E-011, -8.291010E-014, 2.150400E+004 1.570926E+074 2.150400E+004, Wed Sep 02 22:40:50 2015
0.70, 0.00, 0.00, 0.00 , -2.920325E-012, -6.995200E-014, -3.972452E-011, -7.984640E-014, 2.150400E+004 1.570926E+074 2.150400E+004, Wed Sep 02 22:40:55 2015
0.75, 0.00, 0.00, 0.00 , -9.419123E-012, 3.892300E-013, -4.106626E-011, -9.438990E-014, 2.150400E+004 1.570926E+074 2.150400E+004, Wed Sep 02 22:40:59 2015
0.80, 0.00, 0.00, 0.00 , -1.612126E-012, -6.958250E-014, -3.356085E-011, -8.461480E-014, 2.150400E+004 1.570926E+074 2.150400E+004, Wed Sep 02 22:41:02 2015
0.85, 0.00, 0.00, 0.00 , -1.569925E-012, -2.119060E-013, -3.884400E-011, -1.153950E-013, 2.150400E+004 1.570926E+074 2.150400E+004, Wed Sep 02 22:41:06 2015
0.90, 0.00, 0.00, 0.00 , -2.287327E-012, -1.510500E-013, -3.905364E-011, -1.044750E-013, 2.150400E+004 1.570926E+074 2.150400E+004, Wed Sep 02 22:41:10 2015
0.95, 0.00, 0.00, 0.00 , 4.042503E-012, -1.784560E-014, -4.446258E-011, -7.916690E-014, 2.150400E+004 1.570926E+074 2.150400E+004, Wed Sep 02 22:41:13 2015
1.00, 0.00, 0.00, 0.00 , 6.244757E-013, 7.386210E-014, -3.565735E-011, -8.840560E-014, 2.150400E+004 1.570926E+074 2.150400E+004, Wed Sep 02 22:41:17 2015
1.05, 0.00, 0.00, 0.00 , 8.051180E-012, 3.683690E-013, -3.054191E-011, -1.077410E-013, 2.150400E+004 1.570926E+074 2.150400E+004, Wed Sep 02 22:41:21 2015
1.10, 0.00, 0.00, 0.00 , 6.067939E-012, -2.321000E-013, -4.127592E-011, -8.088350E-014, 2.150400E+004 1.570926E+074 2.150400E+004, Wed Sep 02 22:41:26 2015
1.15, 0.00, 0.00, 0.00 , 7.333838E-012, 4.236460E-013, -3.234489E-011, -7.622240E-014, 2.150400E+004 1.570926E+074 2.150400E+004, Wed Sep 02 22:41:31 2015
1.20, 0.00, 0.00, 0.00 , 8.346554E-012, 3.625150E-014, -4.152750E-011, -7.719990E-014, 2.150400E+004 1.570926E+074 2.150400E+004, Wed Sep 02 22:41:42 2015
1.25, 0.00, 0.00, 0.00 , 7.924588E-012, 4.977580E-013, -4.110820E-011, -9.218450E-014, 2.150400E+004 1.570926E+074 2.150400E+004, Wed Sep 02 22:41:54 2015
1.30, 0.00, 0.00, 0.00 , 1.404309E-011, 4.279730E-013, -1.884395E-011, -6.227490E-014, 2.150400E+004 1.570926E+074 2.150400E+004, Wed Sep 02 22:42:11 2015
1.35, 0.00, 0.00, 0.00 , 8.768516E-012, -2.082470E-013, -2.144333E-011, -8.016820E-014, 2.150400E+004 1.570926E+074 2.150400E+004, Wed Sep 02 22:42:25 2015
1.40, 0.00, 0.00, 0.00 , 1.995062E-011, 1.773600E-013, -3.498647E-011, -7.497070E-014, 2.150400E+004 1.570926E+074 2.150400E+004, Wed Sep 02 22:42:44 2015
1.45, 0.00, 0.00, 0.00 , 2.412806E-011, 1.049280E-013, -2.869701E-011, -1.017570E-013, 2.150400E+004 1.570926E+074 2.150400E+004, Wed Sep 02 22:43:11 2015
1.50, 0.00, 0.00, 0.00 , 2.539396E-011, -1.038910E-013, -3.876014E-011, -8.642670E-014, 2.150400E+004 1.570926E+074 2.150400E+004, Wed Sep 02 22:44:11 2015
1.55, 0.00, 0.00, 0.00 , 3.210323E-011, 3.919600E-014, -3.657980E-011, -9.051560E-014, 2.150400E+004 1.570926E+074 2.150400E+004, Wed Sep 02 22:44:45 2015
1.60, 0.00, 0.00, 0.00 , 2.969800E-011, 3.075240E-013, -3.955681E-011, -8.555650E-014, 2.150400E+004 1.570926E+074 2.150400E+004, Wed Sep 02 22:45:00 2015
1.65, 0.00, 0.00, 0.00 , 2.999337E-011, 6.100890E-013, -4.194680E-011, -7.591250E-014, 2.150400E+004 1.570926E+074 2.150400E+004, Wed Sep 02 22:45:12 2015
1.70, 0.00, 0.00, 0.00 , 3.003557E-011, 2.125620E-013, -3.247069E-011, -7.742640E-014, 2.150400E+004 1.570926E+074 2.150400E+004, Wed Sep 02 22:45:28 2015
1.75, 0.00, 0.00, 0.00 , 3.467719E-011, 2.943870E-013, -3.578313E-011, -8.041860E-014, 2.150400E+004 1.570926E+074 2.150400E+004, Wed Sep 02 22:45:36 2015
1.80, 0.00, 0.00, 0.00 , 3.750437E-011, -8.141990E-014, -3.507033E-011, -9.406810E-014, 2.150400E+004 1.570926E+074 2.150400E+004, Wed Sep 02 22:45:41 2015
1.85, 0.00, 0.00, 0.00 , 4.121766E-011, 1.156450E-013, -3.037420E-011, -9.930130E-014, 2.150400E+004 1.570926E+074 2.150400E+004, Wed Sep 02 22:46:10 2015
1.90, 0.00, 0.00, 0.00 , 3.902342E-011, 1.639250E-013, -4.026962E-011, -8.043050E-014, 2.150400E+004 1.570926E+074 2.150400E+004, Wed Sep 02 22:46:23 2015
1.95, 0.00, 0.00, 0.00 , 4.045812E-011, 4.194740E-013, -3.179981E-011, -9.129050E-014, 2.150400E+004 1.570926E+074 2.150400E+004, Wed Sep 02 22:46:28 2015
2.00, 0.00, 0.00, 0.00 , 4.547948E-011, 2.183800E-013, -2.890666E-011, -8.282660E-014, 2.150400E+004 1.570926E+074 2.150400E+004, Wed Sep 02 22:46:44 2015
