1.80, 0.00, 0.00, 0.00 , 8.172540E-011, -6.971000E-013, -8.873949E-011, -8.491280E-014, 2.150400E+004 1.570926E+074 2.150400E+004, Mon Aug 31 00:50:01 2015
1.80, 0.00, 0.02, 0.00 , 7.210461E-011, -6.791950E-013, -7.184205E-011, -1.115680E-013, 2.150400E+004 1.570926E+074 2.150400E+004, Mon Aug 31 00:50:08 2015
1.80, 0.00, 0.04, 0.00 , 6.657697E-011, -8.609650E-013, -6.534299E-011, -7.684230E-014, 2.150400E+004 1.570926E+074 2.150400E+004, Mon Aug 31 00:50:16 2015
1.80, 0.00, 0.06, 0.00 , 6.408740E-011, -9.680990E-013, -6.022765E-011, -9.830000E-014, 2.150400E+004 1.570926E+074 2.150400E+004, Mon Aug 31 00:50:23 2015
1.80, 0.00, 0.08, 0.00 , 5.792678E-011, -1.049460E-012, -5.146446E-011, -7.789140E-014, 2.150400E+004 1.570926E+074 2.150400E+004, Mon Aug 31 00:50:32 2015
1.80, 0.00, 0.10, 0.00 , 5.573261E-011, -1.407230E-012, -5.041624E-011, -1.015900E-013, 2.150400E+004 1.570926E+074 2.150400E+004, Mon Aug 31 00:50:42 2015
1.80, 0.00, 0.12, 0.00 , 5.590139E-011, -2.097230E-012, -4.496543E-011, -9.255410E-014, 2.150400E+004 1.570926E+074 2.150400E+004, Mon Aug 31 00:50:47 2015
1.80, 0.00, 0.14, 0.00 , 5.708290E-011, -3.308330E-012, -4.907450E-011, -1.121040E-013, 2.150400E+004 1.570926E+074 2.150400E+004, Mon Aug 31 00:50:58 2015
1.80, 0.00, 0.16, 0.00 , 5.712510E-011, -5.983880E-012, -4.295286E-011, -7.245540E-014, 2.150400E+004 1.570926E+074 2.150400E+004, Mon Aug 31 00:51:03 2015
1.80, 0.00, 0.18, 0.00 , 5.695634E-011, -1.081700E-011, -4.144339E-011, -8.790490E-014, 2.150400E+004 1.570926E+074 2.150400E+004, Mon Aug 31 00:51:18 2015
1.80, 0.00, 0.20, 0.00 , 6.640818E-011, -2.094140E-011, -4.060481E-011, -8.454320E-014, 2.150400E+004 1.570926E+074 2.150400E+004, Mon Aug 31 00:51:25 2015
1.80, 0.00, 0.22, 0.00 , 8.894088E-011, -4.110560E-011, -3.800521E-011, -8.255240E-014, 2.150400E+004 1.570926E+074 2.150400E+004, Mon Aug 31 00:51:30 2015
1.80, 0.00, 0.24, 0.00 , 1.299132E-010, -8.244650E-011, -3.578296E-011, -1.046420E-013, 2.150400E+004 1.570926E+074 2.150400E+004, Mon Aug 31 00:51:35 2015
1.80, 0.00, 0.26, 0.00 , 2.103389E-010, -1.659010E-010, -3.322528E-011, -9.088520E-014, 2.150400E+004 1.570926E+074 2.150400E+004, Mon Aug 31 00:51:41 2015
1.80, 0.00, 0.28, 0.00 , 3.798404E-010, -3.337640E-010, -3.469280E-011, -9.306670E-014, 2.150400E+004 1.570926E+074 2.150400E+004, Mon Aug 31 00:51:46 2015
1.80, 0.00, 0.30, 0.00 , 7.180838E-010, -6.784250E-010, -2.915815E-011, -9.236340E-014, 2.150400E+004 1.570926E+074 2.150400E+004, Mon Aug 31 00:51:50 2015
1.80, 0.00, 0.32, 0.00 , 1.418369E-009, -1.378710E-009, -2.844536E-011, -9.136200E-014, 2.150400E+004 1.570926E+074 2.150400E+004, Mon Aug 31 00:51:55 2015
1.80, 0.00, 0.34, 0.00 , 2.831007E-009, -2.815790E-009, -3.087725E-011, -8.615260E-014, 2.150400E+004 1.570926E+074 2.150400E+004, Mon Aug 31 00:51:58 2015
1.80, 0.00, 0.36, 0.00 , 5.717802E-009, -5.690020E-009, -3.247055E-011, -9.204150E-014, 2.150400E+004 1.570926E+074 2.150400E+004, Mon Aug 31 00:52:02 2015
1.80, 0.00, 0.38, 0.00 , 1.154946E-008, -1.144380E-008, -2.651662E-011, -1.211520E-013, 2.150400E+004 1.570926E+074 2.150400E+004, Mon Aug 31 00:52:06 2015
1.80, 0.00, 0.40, 0.00 , 2.291746E-008, -2.285340E-008, -2.718748E-011, -8.479360E-014, 2.150400E+004 1.570926E+074 2.150400E+004, Mon Aug 31 00:52:09 2015
1.80, 0.00, 0.42, 0.00 , 4.522624E-008, -4.515710E-008, -2.928394E-011, -9.739400E-014, 2.150400E+004 1.570926E+074 2.150400E+004, Mon Aug 31 00:52:13 2015
1.80, 0.00, 0.44, 0.00 , 8.787653E-008, -8.770630E-008, -2.655855E-011, -7.791520E-014, 2.150400E+004 1.570926E+074 2.150400E+004, Mon Aug 31 00:52:16 2015
1.80, 0.00, 0.46, 0.00 , 1.666013E-007, -1.665650E-007, -2.676819E-011, -9.992120E-014, 2.150400E+004 1.570926E+074 2.150400E+004, Mon Aug 31 00:52:20 2015
1.80, 0.00, 0.48, 0.00 , 3.083739E-007, -3.070600E-007, -2.605540E-011, -8.523460E-014, 2.150400E+004 1.570926E+074 2.150400E+004, Mon Aug 31 00:52:24 2015
1.80, 0.00, 0.50, 0.00 , 5.531986E-007, -5.528230E-007, -2.223993E-011, -8.631940E-014, 2.150400E+004 1.570926E+074 2.150400E+004, Mon Aug 31 00:52:27 2015
1.80, 0.00, 0.52, 0.00 , 9.662352E-007, -9.703980E-007, -2.249148E-011, -1.039500E-013, 2.150400E+004 1.570926E+074 2.150400E+004, Mon Aug 31 00:52:31 2015
1.80, 0.00, 0.54, 0.00 , 1.631201E-006, -1.632820E-006, -1.922134E-011, -7.692580E-014, 2.150400E+004 1.570926E+074 2.150400E+004, Mon Aug 31 00:52:34 2015
1.80, 0.00, 0.56, 0.00 , 2.655275E-006, -2.657280E-006, -1.892786E-011, -9.471180E-014, 2.150400E+004 1.570926E+074 2.150400E+004, Mon Aug 31 00:52:38 2015
1.80, 0.00, 0.58, 0.00 , 4.175233E-006, -4.177980E-006, -1.825706E-011, -9.080170E-014, 2.150400E+004 1.570926E+074 2.150400E+004, Mon Aug 31 00:52:41 2015
1.80, 0.00, 0.60, 0.00 , 6.319121E-006, -6.316440E-006, -2.156913E-011, -8.476970E-014, 2.150400E+004 1.570926E+074 2.150400E+004, Mon Aug 31 00:52:45 2015
1.80, 0.00, 0.62, 0.00 , 9.216451E-006, -9.224830E-006, -1.808936E-011, -9.071830E-014, 2.150400E+004 1.570926E+074 2.150400E+004, Mon Aug 31 00:52:49 2015
1.80, 0.00, 0.64, 0.00 , 1.297448E-005, -1.298930E-005, -1.834091E-011, -8.499620E-014, 2.150400E+004 1.570926E+074 2.150400E+004, Mon Aug 31 00:52:52 2015
1.80, 0.00, 0.66, 0.00 , 1.771830E-005, -1.770840E-005, -1.574157E-011, -7.344480E-014, 2.150400E+004 1.570926E+074 2.150400E+004, Mon Aug 31 00:52:56 2015
1.80, 0.00, 0.68, 0.00 , 2.343923E-005, -2.344530E-005, -1.402264E-011, -8.026360E-014, 2.150400E+004 1.570926E+074 2.150400E+004, Mon Aug 31 00:52:59 2015
1.80, 0.00, 0.70, 0.00 , 3.025897E-005, -3.026110E-005, -1.196832E-011, -8.265970E-014, 2.150400E+004 1.570926E+074 2.150400E+004, Mon Aug 31 00:53:03 2015
1.80, 0.00, 0.72, 0.00 , 3.810574E-005, -3.811230E-005, -1.163291E-011, -9.042020E-014, 2.150400E+004 1.570926E+074 2.150400E+004, Mon Aug 31 00:53:06 2015
1.80, 0.00, 0.74, 0.00 , 4.709499E-005, -4.707430E-005, -1.100403E-011, -9.155270E-014, 2.150400E+004 1.570926E+074 2.150400E+004, Mon Aug 31 00:53:10 2015
1.80, 0.00, 0.76, 0.00 , 5.710832E-005, -5.709730E-005, -1.133944E-011, -9.469990E-014, 2.150400E+004 1.570926E+074 2.150400E+004, Mon Aug 31 00:53:14 2015
1.80, 0.00, 0.78, 0.00 , 6.811044E-005, -6.811230E-005, -9.662438E-012, -7.379050E-014, 2.150400E+004 1.570926E+074 2.150400E+004, Mon Aug 31 00:53:17 2015
1.80, 0.00, 0.80, 0.00 , 8.011992E-005, -8.009300E-005, -7.943530E-012, -6.334780E-014, 2.150400E+004 1.570926E+074 2.150400E+004, Mon Aug 31 00:53:21 2015
1.80, 0.00, 0.82, 0.00 , 9.308555E-005, -9.307530E-005, -8.320832E-012, -8.491280E-014, 2.150400E+004 1.570926E+074 2.150400E+004, Mon Aug 31 00:53:24 2015
1.80, 0.00, 0.84, 0.00 , 1.069489E-004, -1.069450E-004, -9.997840E-012, -7.307530E-014, 2.150400E+004 1.570926E+074 2.150400E+004, Mon Aug 31 00:53:28 2015
1.80, 0.00, 0.86, 0.00 , 1.217477E-004, -1.216970E-004, -6.014963E-012, -9.737020E-014, 2.150400E+004 1.570926E+074 2.150400E+004, Mon Aug 31 00:53:31 2015
1.80, 0.00, 0.88, 0.00 , 1.373396E-004, -1.372950E-004, -9.746298E-012, -9.620190E-014, 2.150400E+004 1.570926E+074 2.150400E+004, Mon Aug 31 00:53:35 2015
1.80, 0.00, 0.90, 0.00 , 1.536517E-004, -1.536230E-004, -6.392296E-012, -8.425710E-014, 2.150400E+004 1.570926E+074 2.150400E+004, Mon Aug 31 00:53:39 2015
1.80, 0.00, 0.92, 0.00 , 1.707568E-004, -1.707340E-004, -6.140760E-012, -8.072850E-014, 2.150400E+004 1.570926E+074 2.150400E+004, Mon Aug 31 00:53:42 2015
1.80, 0.00, 0.94, 0.00 , 1.884631E-004, -1.884930E-004, -2.954451E-012, -8.711820E-014, 2.150400E+004 1.570926E+074 2.150400E+004, Mon Aug 31 00:53:46 2015
1.80, 0.00, 0.96, 0.00 , 2.071244E-004, -2.071120E-004, 1.699210E-012, -1.008990E-013, 2.150400E+004 1.570926E+074 2.150400E+004, Mon Aug 31 00:53:49 2015
1.80, 0.00, 0.98, 0.00 , 2.262391E-004, -2.262720E-004, -4.128340E-012, -9.367470E-014, 2.150400E+004 1.570926E+074 2.150400E+004, Mon Aug 31 00:53:53 2015
1.80, 0.00, 1.00, 0.00 , 2.460276E-004, -2.459960E-004, 1.060679E-013, -8.347030E-014, 2.150400E+004 1.570926E+074 2.150400E+004, Mon Aug 31 00:53:56 2015
1.80, 0.00, 1.02, 0.00 , 2.664250E-004, -2.663990E-004, -3.550892E-013, -9.185080E-014, 2.150400E+004 1.570926E+074 2.150400E+004, Mon Aug 31 00:54:00 2015
1.80, 0.00, 1.04, 0.00 , 2.874463E-004, -2.874510E-004, 2.318510E-013, -7.784370E-014, 2.150400E+004 1.570926E+074 2.150400E+004, Mon Aug 31 00:54:03 2015
1.80, 0.00, 1.06, 0.00 , 3.088821E-004, -3.088600E-004, 1.657299E-012, -7.575750E-014, 2.150400E+004 1.570926E+074 2.150400E+004, Mon Aug 31 00:54:07 2015
1.80, 0.00, 1.08, 0.00 , 3.308481E-004, -3.309220E-004, 2.370031E-012, -9.429450E-014, 2.150400E+004 1.570926E+074 2.150400E+004, Mon Aug 31 00:54:11 2015
1.80, 0.00, 1.10, 0.00 , 3.532822E-004, -3.532500E-004, 3.292377E-012, -8.381610E-014, 2.150400E+004 1.570926E+074 2.150400E+004, Mon Aug 31 00:54:14 2015
1.80, 0.00, 1.12, 0.00 , 3.761155E-004, -3.760610E-004, 4.256640E-012, -7.917880E-014, 2.150400E+004 1.570926E+074 2.150400E+004, Mon Aug 31 00:54:18 2015
1.80, 0.00, 1.14, 0.00 , 3.995113E-004, -3.994050E-004, 3.963184E-012, -9.512900E-014, 2.150400E+004 1.570926E+074 2.150400E+004, Mon Aug 31 00:54:21 2015
1.80, 0.00, 1.16, 0.00 , 4.231004E-004, -4.231350E-004, 5.053201E-012, -7.954840E-014, 2.150400E+004 1.570926E+074 2.150400E+004, Mon Aug 31 00:54:25 2015
1.80, 0.00, 1.18, 0.00 , 4.472804E-004, -4.471470E-004, 6.939834E-012, -7.674690E-014, 2.150400E+004 1.570926E+074 2.150400E+004, Mon Aug 31 00:54:28 2015
1.80, 0.00, 1.20, 0.00 , 4.717003E-004, -4.716070E-004, 1.138388E-011, -8.231400E-014, 2.150400E+004 1.570926E+074 2.150400E+004, Mon Aug 31 00:54:32 2015
1.80, 0.00, 1.22, 0.00 , 4.964718E-004, -4.964840E-004, 9.958437E-012, -7.961990E-014, 2.150400E+004 1.570926E+074 2.150400E+004, Mon Aug 31 00:54:35 2015
1.80, 0.00, 1.24, 0.00 , 5.215830E-004, -5.215300E-004, 1.012612E-011, -7.712840E-014, 2.150400E+004 1.570926E+074 2.150400E+004, Mon Aug 31 00:54:39 2015
1.80, 0.00, 1.26, 0.00 , 5.471509E-004, -5.470640E-004, 1.259970E-011, -6.675720E-014, 2.150400E+004 1.570926E+074 2.150400E+004, Mon Aug 31 00:54:43 2015
1.80, 0.00, 1.28, 0.00 , 5.728623E-004, -5.728040E-004, 1.620526E-011, -9.744170E-014, 2.150400E+004 1.570926E+074 2.150400E+004, Mon Aug 31 00:54:46 2015
1.80, 0.00, 1.30, 0.00 , 5.990228E-004, -5.989410E-004, 1.410901E-011, -1.129750E-013, 2.150400E+004 1.570926E+074 2.150400E+004, Mon Aug 31 00:54:50 2015
1.80, 0.00, 1.32, 0.00 , 6.252225E-004, -6.252220E-004, 1.310278E-011, -9.938480E-014, 2.150400E+004 1.570926E+074 2.150400E+004, Mon Aug 31 00:54:53 2015
1.80, 0.00, 1.34, 0.00 , 6.518034E-004, -6.517990E-004, 2.136203E-011, -7.528070E-014, 2.150400E+004 1.570926E+074 2.150400E+004, Mon Aug 31 00:54:57 2015
1.80, 0.00, 1.36, 0.00 , 6.785287E-004, -6.786170E-004, 1.821766E-011, -8.506770E-014, 2.150400E+004 1.570926E+074 2.150400E+004, Mon Aug 31 00:55:00 2015
1.80, 0.00, 1.38, 0.00 , 7.056767E-004, -7.055830E-004, 1.830149E-011, -9.633300E-014, 2.150400E+004 1.570926E+074 2.150400E+004, Mon Aug 31 00:55:04 2015
1.80, 0.00, 1.40, 0.00 , 7.328878E-004, -7.327910E-004, 2.157166E-011, -9.402040E-014, 2.150400E+004 1.570926E+074 2.150400E+004, Mon Aug 31 00:55:07 2015
1.80, 0.00, 1.42, 0.00 , 7.602210E-004, -7.603390E-004, 2.064925E-011, -7.545950E-014, 2.150400E+004 1.570926E+074 2.150400E+004, Mon Aug 31 00:55:11 2015
1.80, 0.00, 1.44, 0.00 , 7.880147E-004, -7.879090E-004, 2.287129E-011, -6.833080E-014, 2.150400E+004 1.570926E+074 2.150400E+004, Mon Aug 31 00:55:14 2015
1.80, 0.00, 1.46, 0.00 , 8.157570E-004, -8.156960E-004, 2.660263E-011, -1.003980E-013, 2.150400E+004 1.570926E+074 2.150400E+004, Mon Aug 31 00:55:18 2015
1.80, 0.00, 1.48, 0.00 , 8.438248E-004, -8.436240E-004, 2.618337E-011, -7.516150E-014, 2.150400E+004 1.570926E+074 2.150400E+004, Mon Aug 31 00:55:22 2015
1.80, 0.00, 1.50, 0.00 , 8.719915E-004, -8.718950E-004, 2.697994E-011, -9.496210E-014, 2.150400E+004 1.570926E+074 2.150400E+004, Mon Aug 31 00:55:25 2015
1.80, 0.00, 1.52, 0.00 , 9.002002E-004, -9.001560E-004, 2.895041E-011, -7.690190E-014, 2.150400E+004 1.570926E+074 2.150400E+004, Mon Aug 31 00:55:29 2015
1.80, 0.00, 1.54, 0.00 , 9.286914E-004, -9.285800E-004, 2.857310E-011, -9.816880E-014, 2.150400E+004 1.570926E+074 2.150400E+004, Mon Aug 31 00:55:32 2015
1.80, 0.00, 1.56, 0.00 , 9.572306E-004, -9.571410E-004, 2.945350E-011, -8.703470E-014, 2.150400E+004 1.570926E+074 2.150400E+004, Mon Aug 31 00:55:36 2015
1.80, 0.00, 1.58, 0.00 , 9.859388E-004, -9.858700E-004, 3.603576E-011, -8.409020E-014, 2.150400E+004 1.570926E+074 2.150400E+004, Mon Aug 31 00:55:39 2015
1.80, 0.00, 1.60, 0.00 , 1.014769E-003, -1.015710E-003, 3.679036E-011, -9.170770E-014, 2.150400E+004 1.570926E+074 2.150400E+004, Mon Aug 31 00:55:43 2015
1.80, 0.00, 1.62, 0.00 , 1.043730E-003, -1.044450E-003, 3.360408E-011, -7.485150E-014, 2.150400E+004 1.570926E+074 2.150400E+004, Mon Aug 31 00:55:46 2015
1.80, 0.00, 1.64, 0.00 , 1.072854E-003, -1.073710E-003, 3.674844E-011, -8.158680E-014, 2.150400E+004 1.570926E+074 2.150400E+004, Mon Aug 31 00:55:50 2015
1.80, 0.00, 1.66, 0.00 , 1.102155E-003, -1.103110E-003, 3.913814E-011, -7.647280E-014, 2.150400E+004 1.570926E+074 2.150400E+004, Mon Aug 31 00:55:54 2015
1.80, 0.00, 1.68, 0.00 , 1.131434E-003, -1.132130E-003, 4.102477E-011, -8.738040E-014, 2.150400E+004 1.570926E+074 2.150400E+004, Mon Aug 31 00:55:57 2015
1.80, 0.00, 1.70, 0.00 , 1.160650E-003, -1.161530E-003, 4.387569E-011, -7.354020E-014, 2.150400E+004 1.570926E+074 2.150400E+004, Mon Aug 31 00:56:01 2015
1.80, 0.00, 1.72, 0.00 , 1.190014E-003, -1.190840E-003, 3.729345E-011, -1.004930E-013, 2.150400E+004 1.570926E+074 2.150400E+004, Mon Aug 31 00:56:04 2015
1.80, 0.00, 1.74, 0.00 , 1.219419E-003, -1.220210E-003, 4.731354E-011, -8.786920E-014, 2.150400E+004 1.570926E+074 2.150400E+004, Mon Aug 31 00:56:08 2015
1.80, 0.00, 1.76, 0.00 , 1.248938E-003, -1.249770E-003, 4.777471E-011, -9.450910E-014, 2.150400E+004 1.570926E+074 2.150400E+004, Mon Aug 31 00:56:11 2015
1.80, 0.00, 1.78, 0.00 , 1.278567E-003, -1.279360E-003, 5.058364E-011, -1.010420E-013, 2.150400E+004 1.570926E+074 2.150400E+004, Mon Aug 31 00:56:15 2015
1.80, 0.00, 1.80, 0.00 , 1.308025E-003, -1.308990E-003, 5.012251E-011, -9.262560E-014, 2.150400E+004 1.570926E+074 2.150400E+004, Mon Aug 31 00:56:18 2015
1.80, 0.00, 1.82, 0.00 , 1.337791E-003, -1.338550E-003, 5.142215E-011, -9.225610E-014, 2.150400E+004 1.570926E+074 2.150400E+004, Mon Aug 31 00:56:22 2015
1.80, 0.00, 1.84, 0.00 , 1.367541E-003, -1.368380E-003, 5.544692E-011, -8.132460E-014, 2.150400E+004 1.570926E+074 2.150400E+004, Mon Aug 31 00:56:25 2015
1.80, 0.00, 1.86, 0.00 , 1.397284E-003, -1.398130E-003, 5.435692E-011, -8.505580E-014, 2.150400E+004 1.570926E+074 2.150400E+004, Mon Aug 31 00:56:29 2015
1.80, 0.00, 1.88, 0.00 , 1.427051E-003, -1.427820E-003, 5.813017E-011, -9.206530E-014, 2.150400E+004 1.570926E+074 2.150400E+004, Mon Aug 31 00:56:33 2015
1.80, 0.00, 1.90, 0.00 , 1.456854E-003, -1.457600E-003, 6.337074E-011, -8.534190E-014, 2.150400E+004 1.570926E+074 2.150400E+004, Mon Aug 31 00:56:36 2015
1.80, 0.00, 1.92, 0.00 , 1.486707E-003, -1.487450E-003, 6.186147E-011, -1.103400E-013, 2.150400E+004 1.570926E+074 2.150400E+004, Mon Aug 31 00:56:40 2015
1.80, 0.00, 1.94, 0.00 , 1.516577E-003, -1.517290E-003, 6.588628E-011, -9.877680E-014, 2.150400E+004 1.570926E+074 2.150400E+004, Mon Aug 31 00:56:43 2015
1.80, 0.00, 1.96, 0.00 , 1.546290E-003, -1.547040E-003, 6.546700E-011, -9.322170E-014, 2.150400E+004 1.570926E+074 2.150400E+004, Mon Aug 31 00:56:47 2015
1.80, 0.00, 1.98, 0.00 , 1.576072E-003, -1.576840E-003, 7.007880E-011, -9.669070E-014, 2.150400E+004 1.570926E+074 2.150400E+004, Mon Aug 31 00:56:50 2015
1.80, 0.00, 2.00, 0.00 , 1.605658E-003, -1.606510E-003, 6.840180E-011, -8.490090E-014, 2.150400E+004 1.570926E+074 2.150400E+004, Mon Aug 31 00:56:54 2015
