0.00, 0.00, 0.80, 0.00 , 5.107894E-008, -5.283210E-008, 1.503137E-011, -8.037090E-014, 2.150400E+004 1.570926E+074 2.150400E+004, Mon Aug 31 01:05:37 2015
0.05, 0.00, 0.80, 0.00 , 2.121877E-005, -2.123300E-005, 7.946047E-012, -1.142260E-013, 2.150400E+004 1.570926E+074 2.150400E+004, Mon Aug 31 01:05:41 2015
0.10, 0.00, 0.80, 0.00 , 3.702577E-005, -3.700550E-005, 6.520576E-012, -8.192060E-014, 2.150400E+004 1.570926E+074 2.150400E+004, Mon Aug 31 01:05:45 2015
0.15, 0.00, 0.80, 0.00 , 4.791313E-005, -4.790010E-005, 2.789250E-012, -7.845160E-014, 2.150400E+004 1.570926E+074 2.150400E+004, Mon Aug 31 01:05:48 2015
0.20, 0.00, 0.80, 0.00 , 5.491200E-005, -5.491060E-005, 5.807839E-012, -9.058710E-014, 2.150400E+004 1.570926E+074 2.150400E+004, Mon Aug 31 01:05:52 2015
0.25, 0.00, 0.80, 0.00 , 5.911558E-005, -5.912530E-005, 5.682087E-012, -7.662770E-014, 2.150400E+004 1.570926E+074 2.150400E+004, Mon Aug 31 01:05:55 2015
0.30, 0.00, 0.80, 0.00 , 6.166592E-005, -6.166240E-005, 2.286159E-012, -8.873940E-014, 2.150400E+004 1.570926E+074 2.150400E+004, Mon Aug 31 01:05:59 2015
0.35, 0.00, 0.80, 0.00 , 6.326754E-005, -6.324470E-005, 4.046962E-012, -8.364920E-014, 2.150400E+004 1.570926E+074 2.150400E+004, Mon Aug 31 01:06:02 2015
0.40, 0.00, 0.80, 0.00 , 6.440799E-005, -6.441280E-005, 2.915028E-012, -7.590060E-014, 2.150400E+004 1.570926E+074 2.150400E+004, Mon Aug 31 01:06:06 2015
0.45, 0.00, 0.80, 0.00 , 6.527489E-005, -6.526470E-005, -2.870613E-012, -7.201430E-014, 2.150400E+004 1.570926E+074 2.150400E+004, Mon Aug 31 01:06:09 2015
0.50, 0.00, 0.80, 0.00 , 6.601300E-005, -6.602300E-005, -3.206019E-012, -9.953980E-014, 2.150400E+004 1.570926E+074 2.150400E+004, Mon Aug 31 01:06:13 2015
0.55, 0.00, 0.80, 0.00 , 6.668211E-005, -6.667320E-005, -1.780555E-012, -8.089540E-014, 2.150400E+004 1.570926E+074 2.150400E+004, Mon Aug 31 01:06:17 2015
0.60, 0.00, 0.80, 0.00 , 6.728681E-005, -6.727910E-005, -3.970383E-013, -7.497070E-014, 2.150400E+004 1.570926E+074 2.150400E+004, Mon Aug 31 01:06:20 2015
0.65, 0.00, 0.80, 0.00 , 6.787931E-005, -6.789110E-005, 1.060384E-013, -8.393530E-014, 2.150400E+004 1.570926E+074 2.150400E+004, Mon Aug 31 01:06:24 2015
0.70, 0.00, 0.80, 0.00 , 6.842305E-005, -6.841040E-005, -4.883007E-012, -8.863210E-014, 2.150400E+004 1.570926E+074 2.150400E+004, Mon Aug 31 01:06:27 2015
0.75, 0.00, 0.80, 0.00 , 6.894470E-005, -6.891670E-005, -1.612866E-012, -6.212000E-014, 2.150400E+004 1.570926E+074 2.150400E+004, Mon Aug 31 01:06:31 2015
0.80, 0.00, 0.80, 0.00 , 6.947162E-005, -6.942090E-005, -4.966853E-012, -9.268520E-014, 2.150400E+004 1.570926E+074 2.150400E+004, Mon Aug 31 01:06:34 2015
0.85, 0.00, 0.80, 0.00 , 6.994995E-005, -6.994020E-005, 6.510625E-013, -1.010890E-013, 2.150400E+004 1.570926E+074 2.150400E+004, Mon Aug 31 01:06:38 2015
0.90, 0.00, 0.80, 0.00 , 7.040466E-005, -7.041660E-005, -9.420711E-013, -8.186100E-014, 2.150400E+004 1.570926E+074 2.150400E+004, Mon Aug 31 01:06:41 2015
0.95, 0.00, 0.80, 0.00 , 7.084139E-005, -7.086390E-005, -5.176477E-012, -7.461310E-014, 2.150400E+004 1.570926E+074 2.150400E+004, Mon Aug 31 01:06:45 2015
1.00, 0.00, 0.80, 0.00 , 7.130871E-005, -7.131210E-005, -5.595734E-012, -7.792710E-014, 2.150400E+004 1.570926E+074 2.150400E+004, Mon Aug 31 01:06:49 2015
1.05, 0.00, 0.80, 0.00 , 7.172870E-005, -7.171810E-005, -7.314656E-012, -7.301570E-014, 2.150400E+004 1.570926E+074 2.150400E+004, Mon Aug 31 01:06:52 2015
1.10, 0.00, 0.80, 0.00 , 7.217146E-005, -7.213490E-005, -5.092638E-012, -7.879730E-014, 2.150400E+004 1.570926E+074 2.150400E+004, Mon Aug 31 01:06:56 2015
1.15, 0.00, 0.80, 0.00 , 7.253131E-005, -7.257130E-005, -9.117439E-012, -1.109480E-013, 2.150400E+004 1.570926E+074 2.150400E+004, Mon Aug 31 01:06:59 2015
1.20, 0.00, 0.80, 0.00 , 7.299082E-005, -7.298120E-005, -8.572396E-012, -8.815530E-014, 2.150400E+004 1.570926E+074 2.150400E+004, Mon Aug 31 01:07:03 2015
1.25, 0.00, 0.80, 0.00 , 7.338660E-005, -7.338040E-005, -6.392315E-012, -1.018050E-013, 2.150400E+004 1.570926E+074 2.150400E+004, Mon Aug 31 01:07:06 2015
1.30, 0.00, 0.80, 0.00 , 7.380972E-005, -7.381580E-005, -5.637636E-012, -9.005070E-014, 2.150400E+004 1.570926E+074 2.150400E+004, Mon Aug 31 01:07:10 2015
1.35, 0.00, 0.80, 0.00 , 7.425517E-005, -7.423220E-005, -1.008169E-011, -8.929970E-014, 2.150400E+004 1.570926E+074 2.150400E+004, Mon Aug 31 01:07:13 2015
1.40, 0.00, 0.80, 0.00 , 7.469523E-005, -7.469630E-005, -8.320846E-012, -6.775860E-014, 2.150400E+004 1.570926E+074 2.150400E+004, Mon Aug 31 01:07:17 2015
1.45, 0.00, 0.80, 0.00 , 7.512241E-005, -7.509760E-005, -8.446618E-012, -7.563830E-014, 2.150400E+004 1.570926E+074 2.150400E+004, Mon Aug 31 01:07:20 2015
1.50, 0.00, 0.80, 0.00 , 7.558825E-005, -7.556150E-005, -1.129751E-011, -6.233450E-014, 2.150400E+004 1.570926E+074 2.150400E+004, Mon Aug 31 01:07:24 2015
1.55, 0.00, 0.80, 0.00 , 7.608163E-005, -7.608450E-005, -1.071057E-011, -6.657840E-014, 2.150400E+004 1.570926E+074 2.150400E+004, Mon Aug 31 01:07:27 2015
1.60, 0.00, 0.80, 0.00 , 7.664887E-005, -7.664900E-005, -9.243190E-012, -8.443590E-014, 2.150400E+004 1.570926E+074 2.150400E+004, Mon Aug 31 01:07:31 2015
1.65, 0.00, 0.80, 0.00 , 7.735284E-005, -7.734470E-005, -1.020748E-011, -8.226630E-014, 2.150400E+004 1.570926E+074 2.150400E+004, Mon Aug 31 01:07:35 2015
1.70, 0.00, 0.80, 0.00 , 7.809618E-005, -7.811040E-005, -1.112982E-011, -9.176730E-014, 2.150400E+004 1.570926E+074 2.150400E+004, Mon Aug 31 01:07:38 2015
1.75, 0.00, 0.80, 0.00 , 7.900348E-005, -7.900070E-005, -1.297452E-011, -8.909700E-014, 2.150400E+004 1.570926E+074 2.150400E+004, Mon Aug 31 01:07:42 2015
1.80, 0.00, 0.80, 0.00 , 8.002912E-005, -8.002000E-005, -1.347762E-011, -9.438990E-014, 2.150400E+004 1.570926E+074 2.150400E+004, Mon Aug 31 01:07:45 2015
1.85, 0.00, 0.80, 0.00 , 8.115217E-005, -8.116830E-005, -1.201024E-011, -1.218800E-013, 2.150400E+004 1.570926E+074 2.150400E+004, Mon Aug 31 01:07:49 2015
1.90, 0.00, 0.80, 0.00 , 8.253262E-005, -8.253450E-005, -1.322606E-011, -7.243160E-014, 2.150400E+004 1.570926E+074 2.150400E+004, Mon Aug 31 01:07:52 2015
1.95, 0.00, 0.80, 0.00 , 8.407107E-005, -8.408480E-005, -9.830143E-012, -9.175540E-014, 2.150400E+004 1.570926E+074 2.150400E+004, Mon Aug 31 01:07:56 2015
2.00, 0.00, 0.80, 0.00 , 8.585554E-005, -8.585500E-005, -1.180063E-011, -8.180140E-014, 2.150400E+004 1.570926E+074 2.150400E+004, Mon Aug 31 01:07:59 2015
