0.00, 0.00, 2.00, 0.00 , -4.144016E-012, 7.069470E-011, 3.658052E-011, -2.167360E-012, 2.150400E+004 1.570926E+074 2.150400E+004, Sun Aug 23 14:45:07 2015
0.05, 0.00, 2.00, 0.00 , 6.411946E-007, -6.411010E-007, 3.716751E-011, -2.650630E-012, 2.150400E+004 1.570926E+074 2.150400E+004, Sun Aug 23 14:45:13 2015
0.10, 0.00, 2.00, 0.00 , 1.439467E-006, -1.438910E-006, 4.073108E-011, -3.206360E-012, 2.150400E+004 1.570926E+074 2.150400E+004, Sun Aug 23 14:45:17 2015
0.15, 0.00, 2.00, 0.00 , 2.225775E-006, -2.225070E-006, 3.666439E-011, -2.967270E-012, 2.150400E+004 1.570926E+074 2.150400E+004, Sun Aug 23 14:45:20 2015
0.20, 0.00, 2.00, 0.00 , 2.987510E-006, -2.986700E-006, 3.511316E-011, -3.414110E-012, 2.150400E+004 1.570926E+074 2.150400E+004, Sun Aug 23 14:45:24 2015
0.25, 0.00, 2.00, 0.00 , 3.710707E-006, -3.709870E-006, 3.431663E-011, -3.516330E-012, 2.150400E+004 1.570926E+074 2.150400E+004, Sun Aug 23 14:45:27 2015
0.30, 0.00, 2.00, 0.00 , 4.380292E-006, -4.379320E-006, 3.108840E-011, -3.874430E-012, 2.150400E+004 1.570926E+074 2.150400E+004, Sun Aug 23 14:45:31 2015
0.35, 0.00, 2.00, 0.00 , 4.987372E-006, -4.986500E-006, 3.079492E-011, -4.222760E-012, 2.150400E+004 1.570926E+074 2.150400E+004, Sun Aug 23 14:45:35 2015
0.40, 0.00, 2.00, 0.00 , 5.529851E-006, -5.528370E-006, 2.811170E-011, -4.284880E-012, 2.150400E+004 1.570926E+074 2.150400E+004, Sun Aug 23 14:45:38 2015
0.45, 0.00, 2.00, 0.00 , 6.002882E-006, -6.001410E-006, 2.932755E-011, -4.743740E-012, 2.150400E+004 1.570926E+074 2.150400E+004, Sun Aug 23 14:45:42 2015
0.50, 0.00, 2.00, 0.00 , 6.406766E-006, -6.405690E-006, 2.832131E-011, -4.722550E-012, 2.150400E+004 1.570926E+074 2.150400E+004, Sun Aug 23 14:45:45 2015
0.55, 0.00, 2.00, 0.00 , 6.741492E-006, -6.739830E-006, 2.848905E-011, -5.274730E-012, 2.150400E+004 1.570926E+074 2.150400E+004, Sun Aug 23 14:45:49 2015
0.60, 0.00, 2.00, 0.00 , 7.011657E-006, -7.009690E-006, 2.622511E-011, -5.834900E-012, 2.150400E+004 1.570926E+074 2.150400E+004, Sun Aug 23 14:45:52 2015
0.65, 0.00, 2.00, 0.00 , 7.226135E-006, -7.224360E-006, 2.932755E-011, -5.713450E-012, 2.150400E+004 1.570926E+074 2.150400E+004, Sun Aug 23 14:45:56 2015
0.70, 0.00, 2.00, 0.00 , 7.392600E-006, -7.391000E-006, 2.899214E-011, -6.338390E-012, 2.150400E+004 1.570926E+074 2.150400E+004, Sun Aug 23 14:45:59 2015
0.75, 0.00, 2.00, 0.00 , 7.518637E-006, -7.517400E-006, 2.853093E-011, -6.095860E-012, 2.150400E+004 1.570926E+074 2.150400E+004, Sun Aug 23 14:46:03 2015
0.80, 0.00, 2.00, 0.00 , 7.610068E-006, -7.608220E-006, 2.681204E-011, -6.737900E-012, 2.150400E+004 1.570926E+074 2.150400E+004, Sun Aug 23 14:46:06 2015
0.85, 0.00, 2.00, 0.00 , 7.675984E-006, -7.674450E-006, 2.844708E-011, -7.240090E-012, 2.150400E+004 1.570926E+074 2.150400E+004, Sun Aug 23 14:46:10 2015
0.90, 0.00, 2.00, 0.00 , 7.721128E-006, -7.719340E-006, 2.974677E-011, -7.099970E-012, 2.150400E+004 1.570926E+074 2.150400E+004, Sun Aug 23 14:46:13 2015
0.95, 0.00, 2.00, 0.00 , 7.750133E-006, -7.749110E-006, 2.836327E-011, -7.434360E-012, 2.150400E+004 1.570926E+074 2.150400E+004, Sun Aug 23 14:46:17 2015
1.00, 0.00, 2.00, 0.00 , 7.769346E-006, -7.767320E-006, 2.857290E-011, -7.501450E-012, 2.150400E+004 1.570926E+074 2.150400E+004, Sun Aug 23 14:46:21 2015
1.05, 0.00, 2.00, 0.00 , 7.781956E-006, -7.780480E-006, 2.857287E-011, -8.034130E-012, 2.150400E+004 1.570926E+074 2.150400E+004, Sun Aug 23 14:46:24 2015
1.10, 0.00, 2.00, 0.00 , 7.790461E-006, -7.788740E-006, 3.079492E-011, -8.472240E-012, 2.150400E+004 1.570926E+074 2.150400E+004, Sun Aug 23 14:46:28 2015
1.15, 0.00, 2.00, 0.00 , 7.794762E-006, -7.793170E-006, 3.029180E-011, -8.460350E-012, 2.150400E+004 1.570926E+074 2.150400E+004, Sun Aug 23 14:46:31 2015
1.20, 0.00, 2.00, 0.00 , 7.797970E-006, -7.796470E-006, 3.205267E-011, -8.881900E-012, 2.150400E+004 1.570926E+074 2.150400E+004, Sun Aug 23 14:46:35 2015
1.25, 0.00, 2.00, 0.00 , 7.799717E-006, -7.798850E-006, 3.209457E-011, -9.153850E-012, 2.150400E+004 1.570926E+074 2.150400E+004, Sun Aug 23 14:46:38 2015
1.30, 0.00, 2.00, 0.00 , 7.801636E-006, -7.800620E-006, 3.033371E-011, -9.376030E-012, 2.150400E+004 1.570926E+074 2.150400E+004, Sun Aug 23 14:46:42 2015
1.35, 0.00, 2.00, 0.00 , 7.802201E-006, -7.800920E-006, 3.054332E-011, -9.825410E-012, 2.150400E+004 1.570926E+074 2.150400E+004, Sun Aug 23 14:46:45 2015
1.40, 0.00, 2.00, 0.00 , 7.803541E-006, -7.802740E-006, 3.314267E-011, -9.825870E-012, 2.150400E+004 1.570926E+074 2.150400E+004, Sun Aug 23 14:46:49 2015
1.45, 0.00, 2.00, 0.00 , 7.804673E-006, -7.803070E-006, 3.062719E-011, -1.036140E-011, 2.150400E+004 1.570926E+074 2.150400E+004, Sun Aug 23 14:46:52 2015
1.50, 0.00, 2.00, 0.00 , 7.805535E-006, -7.804920E-006, 3.440044E-011, -1.034220E-011, 2.150400E+004 1.570926E+074 2.150400E+004, Sun Aug 23 14:46:56 2015
1.55, 0.00, 2.00, 0.00 , 7.806792E-006, -7.805310E-006, 3.129799E-011, -1.078810E-011, 2.150400E+004 1.570926E+074 2.150400E+004, Sun Aug 23 14:47:00 2015
1.60, 0.00, 2.00, 0.00 , 7.808049E-006, -7.806760E-006, 3.133992E-011, -1.112610E-011, 2.150400E+004 1.570926E+074 2.150400E+004, Sun Aug 23 14:47:03 2015
1.65, 0.00, 2.00, 0.00 , 7.808851E-006, -7.807350E-006, 3.238805E-011, -1.127870E-011, 2.150400E+004 1.570926E+074 2.150400E+004, Sun Aug 23 14:47:07 2015
1.70, 0.00, 2.00, 0.00 , 7.810230E-006, -7.809000E-006, 3.364578E-011, -1.175330E-011, 2.150400E+004 1.570926E+074 2.150400E+004, Sun Aug 23 14:47:10 2015
1.75, 0.00, 2.00, 0.00 , 7.815070E-006, -7.814480E-006, 3.494544E-011, -1.179780E-011, 2.150400E+004 1.570926E+074 2.150400E+004, Sun Aug 23 14:47:14 2015
1.80, 0.00, 2.00, 0.00 , 7.824824E-006, -7.823770E-006, 3.192687E-011, -1.215880E-011, 2.150400E+004 1.570926E+074 2.150400E+004, Sun Aug 23 14:47:17 2015
1.85, 0.00, 2.00, 0.00 , 7.847419E-006, -7.846400E-006, 2.974678E-011, -1.253160E-011, 2.150400E+004 1.570926E+074 2.150400E+004, Sun Aug 23 14:47:21 2015
1.90, 0.00, 2.00, 0.00 , 7.882642E-006, -7.881280E-006, 3.272346E-011, -1.272520E-011, 2.150400E+004 1.570926E+074 2.150400E+004, Sun Aug 23 14:47:24 2015
1.95, 0.00, 2.00, 0.00 , 7.924104E-006, -7.920980E-006, 3.247188E-011, -1.310830E-011, 2.150400E+004 1.570926E+074 2.150400E+004, Sun Aug 23 14:47:28 2015
2.00, 0.00, 2.00, 0.00 , 7.956638E-006, -7.956170E-006, 3.289116E-011, -1.340850E-011, 2.150400E+004 1.570926E+074 2.150400E+004, Sun Aug 23 14:47:31 2015
