0.00, 0.00, 0.00, 0.00 , -5.478347E-011, 5.201010E-012, -3.020641E-011, -1.454890E-012, 2.150400E+004 1.570926E+074 2.150400E+004, Sun Aug 23 02:11:52 2015
0.05, 0.00, 0.00, 0.00 , -4.904436E-011, 5.211190E-012, -3.800527E-011, -1.941140E-012, 2.150400E+004 1.570926E+074 2.150400E+004, Sun Aug 23 02:12:01 2015
0.10, 0.00, 0.00, 0.00 , -4.452900E-011, 5.103520E-012, -3.205130E-011, -1.902410E-012, 2.150400E+004 1.570926E+074 2.150400E+004, Sun Aug 23 02:12:06 2015
0.15, 0.00, 0.00, 0.00 , -4.246122E-011, 5.287530E-012, -4.303678E-011, -2.609540E-012, 2.150400E+004 1.570926E+074 2.150400E+004, Sun Aug 23 02:12:11 2015
0.20, 0.00, 0.00, 0.00 , -3.891647E-011, 4.994090E-012, -3.565722E-011, -2.652490E-012, 2.150400E+004 1.570926E+074 2.150400E+004, Sun Aug 23 02:12:17 2015
0.25, 0.00, 0.00, 0.00 , -3.646887E-011, 5.161910E-012, -3.787948E-011, -2.738230E-012, 2.150400E+004 1.570926E+074 2.150400E+004, Sun Aug 23 02:12:37 2015
0.30, 0.00, 0.00, 0.00 , -3.351493E-011, 5.108650E-012, -3.385426E-011, -3.315200E-012, 2.150400E+004 1.570926E+074 2.150400E+004, Sun Aug 23 02:12:45 2015
0.35, 0.00, 0.00, 0.00 , -2.874635E-011, 5.133340E-012, -3.729245E-011, -3.349540E-012, 2.150400E+004 1.570926E+074 2.150400E+004, Sun Aug 23 02:12:52 2015
0.40, 0.00, 0.00, 0.00 , -2.625660E-011, 5.094410E-012, -3.293182E-011, -3.866800E-012, 2.150400E+004 1.570926E+074 2.150400E+004, Sun Aug 23 02:12:58 2015
0.45, 0.00, 0.00, 0.00 , -2.334487E-011, 5.021740E-012, -3.616037E-011, -3.753330E-012, 2.150400E+004 1.570926E+074 2.150400E+004, Sun Aug 23 02:13:15 2015
0.50, 0.00, 0.00, 0.00 , -2.093946E-011, 4.974390E-012, -4.152733E-011, -4.306550E-012, 2.150400E+004 1.570926E+074 2.150400E+004, Sun Aug 23 02:13:24 2015
0.55, 0.00, 0.00, 0.00 , -1.498933E-011, 5.131720E-012, -3.733440E-011, -4.759930E-012, 2.150400E+004 1.570926E+074 2.150400E+004, Sun Aug 23 02:13:30 2015
0.60, 0.00, 0.00, 0.00 , -1.418753E-011, 5.123940E-012, -3.620231E-011, -4.927490E-012, 2.150400E+004 1.570926E+074 2.150400E+004, Sun Aug 23 02:13:41 2015
0.65, 0.00, 0.00, 0.00 , -7.857614E-012, 5.039240E-012, -3.515407E-011, -4.949500E-012, 2.150400E+004 1.570926E+074 2.150400E+004, Sun Aug 23 02:13:45 2015
0.70, 0.00, 0.00, 0.00 , -4.270651E-012, 5.073960E-012, -4.156926E-011, -5.198940E-012, 2.150400E+004 1.570926E+074 2.150400E+004, Sun Aug 23 02:13:49 2015
0.75, 0.00, 0.00, 0.00 , -7.258935E-013, 5.157450E-012, -3.611845E-011, -5.447070E-012, 2.150400E+004 1.570926E+074 2.150400E+004, Sun Aug 23 02:13:52 2015
0.80, 0.00, 0.00, 0.00 , 3.114167E-012, 5.097080E-012, -3.641195E-011, -6.032840E-012, 2.150400E+004 1.570926E+074 2.150400E+004, Sun Aug 23 02:13:56 2015
0.85, 0.00, 0.00, 0.00 , 7.460361E-012, 4.902940E-012, -3.641196E-011, -5.917000E-012, 2.150400E+004 1.570926E+074 2.150400E+004, Sun Aug 23 02:14:00 2015
0.90, 0.00, 0.00, 0.00 , 9.781138E-012, 5.003630E-012, -3.657967E-011, -6.436090E-012, 2.150400E+004 1.570926E+074 2.150400E+004, Sun Aug 23 02:14:04 2015
0.95, 0.00, 0.00, 0.00 , 1.079385E-011, 4.999070E-012, -4.022752E-011, -6.750270E-012, 2.150400E+004 1.570926E+074 2.150400E+004, Sun Aug 23 02:14:17 2015
1.00, 0.00, 0.00, 0.00 , 1.374757E-011, 5.028020E-012, -3.569915E-011, -7.022610E-012, 2.150400E+004 1.570926E+074 2.150400E+004, Sun Aug 23 02:14:29 2015
1.05, 0.00, 0.00, 0.00 , 1.573080E-011, 4.885230E-012, -4.014365E-011, -7.140570E-012, 2.150400E+004 1.570926E+074 2.150400E+004, Sun Aug 23 02:14:44 2015
1.10, 0.00, 0.00, 0.00 , 1.897988E-011, 4.839110E-012, -3.196745E-011, -7.410800E-012, 2.150400E+004 1.570926E+074 2.150400E+004, Sun Aug 23 02:14:50 2015
1.15, 0.00, 0.00, 0.00 , 1.615275E-011, 4.771520E-012, -3.691510E-011, -7.627520E-012, 2.150400E+004 1.570926E+074 2.150400E+004, Sun Aug 23 02:15:23 2015
1.20, 0.00, 0.00, 0.00 , 1.995040E-011, 4.813530E-012, -3.779561E-011, -8.068290E-012, 2.150400E+004 1.570926E+074 2.150400E+004, Sun Aug 23 02:15:28 2015
1.25, 0.00, 0.00, 0.00 , 2.168043E-011, 4.838100E-012, -3.616038E-011, -8.060100E-012, 2.150400E+004 1.570926E+074 2.150400E+004, Sun Aug 23 02:15:35 2015
1.30, 0.00, 0.00, 0.00 , 2.341047E-011, 4.870500E-012, -3.444127E-011, -8.483820E-012, 2.150400E+004 1.570926E+074 2.150400E+004, Sun Aug 23 02:15:41 2015
1.35, 0.00, 0.00, 0.00 , 2.412782E-011, 4.839930E-012, -3.557338E-011, -8.790040E-012, 2.150400E+004 1.570926E+074 2.150400E+004, Sun Aug 23 02:15:53 2015
1.40, 0.00, 0.00, 0.00 , 2.421220E-011, 4.674460E-012, -3.527986E-011, -9.117470E-012, 2.150400E+004 1.570926E+074 2.150400E+004, Sun Aug 23 02:16:10 2015
1.45, 0.00, 0.00, 0.00 , 2.590005E-011, 4.639080E-012, -3.683125E-011, -9.068610E-012, 2.150400E+004 1.570926E+074 2.150400E+004, Sun Aug 23 02:16:23 2015
1.50, 0.00, 0.00, 0.00 , 2.843182E-011, 4.708610E-012, -3.632810E-011, -9.338570E-012, 2.150400E+004 1.570926E+074 2.150400E+004, Sun Aug 23 02:16:30 2015
1.55, 0.00, 0.00, 0.00 , 3.033063E-011, 4.606080E-012, -3.691511E-011, -9.720970E-012, 2.150400E+004 1.570926E+074 2.150400E+004, Sun Aug 23 02:16:37 2015
1.60, 0.00, 0.00, 0.00 , 3.142774E-011, 4.691800E-012, -3.695703E-011, -1.025590E-011, 2.150400E+004 1.570926E+074 2.150400E+004, Sun Aug 23 02:16:50 2015
1.65, 0.00, 0.00, 0.00 , 3.227166E-011, 4.591370E-012, -2.953554E-011, -1.032700E-011, 2.150400E+004 1.570926E+074 2.150400E+004, Sun Aug 23 02:17:00 2015
1.70, 0.00, 0.00, 0.00 , 3.543636E-011, 4.545650E-012, -3.729247E-011, -1.044290E-011, 2.150400E+004 1.570926E+074 2.150400E+004, Sun Aug 23 02:17:07 2015
1.75, 0.00, 0.00, 0.00 , 3.779934E-011, 4.535270E-012, -3.372847E-011, -1.049970E-011, 2.150400E+004 1.570926E+074 2.150400E+004, Sun Aug 23 02:17:16 2015
1.80, 0.00, 0.00, 0.00 , 3.936059E-011, 4.485980E-012, -3.968244E-011, -1.110390E-011, 2.150400E+004 1.570926E+074 2.150400E+004, Sun Aug 23 02:17:22 2015
1.85, 0.00, 0.00, 0.00 , 4.092183E-011, 4.480270E-012, -3.901156E-011, -1.146940E-011, 2.150400E+004 1.570926E+074 2.150400E+004, Sun Aug 23 02:17:32 2015
1.90, 0.00, 0.00, 0.00 , 4.505706E-011, 4.412410E-012, -4.337223E-011, -1.140480E-011, 2.150400E+004 1.570926E+074 2.150400E+004, Sun Aug 23 02:17:38 2015
1.95, 0.00, 0.00, 0.00 , 4.602757E-011, 4.351700E-012, -4.052103E-011, -1.160750E-011, 2.150400E+004 1.570926E+074 2.150400E+004, Sun Aug 23 02:17:49 2015
2.00, 0.00, 0.00, 0.00 , 4.822176E-011, 4.520770E-012, -3.544758E-011, -1.248940E-011, 2.150400E+004 1.570926E+074 2.150400E+004, Sun Aug 23 02:17:54 2015
