1.80, 1.80, 0.60, 1.80 , 5.838944E-009, -5.826730E-009, -3.745987E-011, -8.894210E-014, 2.150400E+004 1.570926E+074 2.150400E+004, Tue Oct 13 00:34:58 2015
1.75, 1.80, 0.60, 1.80 , -3.403460E-007, 3.411660E-007, -3.234461E-011, -1.183990E-013, 2.150400E+004 1.570926E+074 2.150400E+004, Tue Oct 13 00:35:02 2015
1.70, 1.80, 0.60, 1.80 , -1.284636E-006, 1.285450E-006, -3.469260E-011, -9.690520E-014, 2.150400E+004 1.570926E+074 2.150400E+004, Tue Oct 13 00:35:06 2015
1.65, 1.80, 0.60, 1.80 , -3.042082E-006, 3.043280E-006, -3.553117E-011, -8.651020E-014, 2.150400E+004 1.570926E+074 2.150400E+004, Tue Oct 13 00:35:09 2015
1.60, 1.80, 0.60, 1.80 , -5.834575E-006, 5.836230E-006, -3.356053E-011, -8.146760E-014, 2.150400E+004 1.570926E+074 2.150400E+004, Tue Oct 13 00:35:13 2015
1.55, 1.80, 0.60, 1.80 , -9.594024E-006, 9.596900E-006, -3.486031E-011, -8.656980E-014, 2.150400E+004 1.570926E+074 2.150400E+004, Tue Oct 13 00:35:16 2015
1.50, 1.80, 0.60, 1.80 , -1.389662E-005, 1.389190E-005, -3.557309E-011, -1.040220E-013, 2.150400E+004 1.570926E+074 2.150400E+004, Tue Oct 13 00:35:20 2015
1.45, 1.80, 0.60, 1.80 , -1.827372E-005, 1.826570E-005, -3.397981E-011, -9.593960E-014, 2.150400E+004 1.570926E+074 2.150400E+004, Tue Oct 13 00:35:24 2015
1.40, 1.80, 0.60, 1.80 , -2.235776E-005, 2.234610E-005, -3.557308E-011, -9.964700E-014, 2.150400E+004 1.570926E+074 2.150400E+004, Tue Oct 13 00:35:27 2015
1.35, 1.80, 0.60, 1.80 , -2.602871E-005, 2.601890E-005, -3.309932E-011, -8.749960E-014, 2.150400E+004 1.570926E+074 2.150400E+004, Tue Oct 13 00:35:31 2015
1.30, 1.80, 0.60, 1.80 , -2.922178E-005, 2.921500E-005, -3.523766E-011, -1.092200E-013, 2.150400E+004 1.570926E+074 2.150400E+004, Tue Oct 13 00:35:34 2015
1.25, 1.80, 0.60, 1.80 , -3.192173E-005, 3.191070E-005, -3.498609E-011, -1.028060E-013, 2.150400E+004 1.570926E+074 2.150400E+004, Tue Oct 13 00:35:38 2015
1.20, 1.80, 0.60, 1.80 , -3.411305E-005, 3.409870E-005, -3.284775E-011, -1.133680E-013, 2.150400E+004 1.570926E+074 2.150400E+004, Tue Oct 13 00:35:41 2015
1.15, 1.80, 0.60, 1.80 , -3.578022E-005, 3.576680E-005, -3.381210E-011, -9.883640E-014, 2.150400E+004 1.570926E+074 2.150400E+004, Tue Oct 13 00:35:45 2015
1.10, 1.80, 0.60, 1.80 , -3.698952E-005, 3.697570E-005, -3.456681E-011, -8.884670E-014, 2.150400E+004 1.570926E+074 2.150400E+004, Tue Oct 13 00:35:48 2015
1.05, 1.80, 0.60, 1.80 , -3.782445E-005, 3.781310E-005, -3.645359E-011, -8.562800E-014, 2.150400E+004 1.570926E+074 2.150400E+004, Tue Oct 13 00:35:52 2015
1.00, 1.80, 0.60, 1.80 , -3.837993E-005, 3.836660E-005, -3.527960E-011, -9.683370E-014, 2.150400E+004 1.570926E+074 2.150400E+004, Tue Oct 13 00:35:55 2015
0.95, 1.80, 0.60, 1.80 , -3.874788E-005, 3.873510E-005, -3.511188E-011, -9.620190E-014, 2.150400E+004 1.570926E+074 2.150400E+004, Tue Oct 13 00:35:59 2015
0.90, 1.80, 0.60, 1.80 , -3.899840E-005, 3.898820E-005, -3.636974E-011, -1.058940E-013, 2.150400E+004 1.570926E+074 2.150400E+004, Tue Oct 13 00:36:03 2015
0.85, 1.80, 0.60, 1.80 , -3.917480E-005, 3.916000E-005, -3.335089E-011, -8.072850E-014, 2.150400E+004 1.570926E+074 2.150400E+004, Tue Oct 13 00:36:06 2015
0.80, 1.80, 0.60, 1.80 , -3.932000E-005, 3.931020E-005, -4.538434E-011, -9.171960E-014, 2.150400E+004 1.570926E+074 2.150400E+004, Tue Oct 13 00:36:10 2015
0.75, 1.80, 0.60, 1.80 , -3.943995E-005, 3.942840E-005, -3.280582E-011, -9.937290E-014, 2.150400E+004 1.570926E+074 2.150400E+004, Tue Oct 13 00:36:13 2015
0.70, 1.80, 0.60, 1.80 , -3.955153E-005, 3.954310E-005, -3.234460E-011, -1.016740E-013, 2.150400E+004 1.570926E+074 2.150400E+004, Tue Oct 13 00:36:17 2015
0.65, 1.80, 0.60, 1.80 , -3.965359E-005, 3.964470E-005, -3.335089E-011, -1.061080E-013, 2.150400E+004 1.570926E+074 2.150400E+004, Tue Oct 13 00:36:20 2015
0.60, 1.80, 0.60, 1.80 , -3.973467E-005, 3.972820E-005, -3.272196E-011, -1.040100E-013, 2.150400E+004 1.570926E+074 2.150400E+004, Tue Oct 13 00:36:24 2015
0.55, 1.80, 0.60, 1.80 , -3.981952E-005, 3.980690E-005, -3.657937E-011, -8.825060E-014, 2.150400E+004 1.570926E+074 2.150400E+004, Tue Oct 13 00:36:27 2015
0.50, 1.80, 0.60, 1.80 , -3.989881E-005, 3.988870E-005, -3.490224E-011, -1.003740E-013, 2.150400E+004 1.570926E+074 2.150400E+004, Tue Oct 13 00:36:31 2015
0.45, 1.80, 0.60, 1.80 , -3.998527E-005, 3.997250E-005, -3.305738E-011, -1.017690E-013, 2.150400E+004 1.570926E+074 2.150400E+004, Tue Oct 13 00:36:34 2015
0.40, 1.80, 0.60, 1.80 , -4.006647E-005, 4.005890E-005, -3.397981E-011, -1.050950E-013, 2.150400E+004 1.570926E+074 2.150400E+004, Tue Oct 13 00:36:38 2015
0.35, 1.80, 0.60, 1.80 , -4.021870E-005, 4.020450E-005, -3.175761E-011, -9.603500E-014, 2.150400E+004 1.570926E+074 2.150400E+004, Tue Oct 13 00:36:42 2015
0.30, 1.80, 0.60, 1.80 , -4.043432E-005, 4.043090E-005, -3.293160E-011, -9.073020E-014, 2.150400E+004 1.570926E+074 2.150400E+004, Tue Oct 13 00:36:45 2015
0.25, 1.80, 0.60, 1.80 , -4.063820E-005, 4.061350E-005, -3.502802E-011, -1.046660E-013, 2.150400E+004 1.570926E+074 2.150400E+004, Tue Oct 13 00:36:49 2015
0.20, 1.80, 0.60, 1.80 , -4.082789E-005, 4.085160E-005, -3.184147E-011, -9.990930E-014, 2.150400E+004 1.570926E+074 2.150400E+004, Tue Oct 13 00:36:52 2015
0.15, 1.80, 0.60, 1.80 , -4.104063E-005, 4.105340E-005, -3.234461E-011, -9.498600E-014, 2.150400E+004 1.570926E+074 2.150400E+004, Tue Oct 13 00:36:56 2015
0.10, 1.80, 0.60, 1.80 , -4.125087E-005, 4.124050E-005, -3.444102E-011, -1.168970E-013, 2.150400E+004 1.570926E+074 2.150400E+004, Tue Oct 13 00:36:59 2015
0.05, 1.80, 0.60, 1.80 , -4.145260E-005, 4.144920E-005, -3.272196E-011, -1.151080E-013, 2.150400E+004 1.570926E+074 2.150400E+004, Tue Oct 13 00:37:03 2015
0.00, 1.80, 0.60, 1.80 , -4.165437E-005, 4.163790E-005, -3.309931E-011, -9.000300E-014, 2.150400E+004 1.570926E+074 2.150400E+004, Tue Oct 13 00:37:06 2015
-0.05, 1.80, 0.60, 1.80 , -4.186348E-005, 4.185500E-005, -3.553116E-011, -1.038190E-013, 2.150400E+004 1.570926E+074 2.150400E+004, Tue Oct 13 00:37:10 2015
-0.10, 1.80, 0.60, 1.80 , -4.204761E-005, 4.203390E-005, -3.527959E-011, -1.096960E-013, 2.150400E+004 1.570926E+074 2.150400E+004, Tue Oct 13 00:37:13 2015
-0.15, 1.80, 0.60, 1.80 , -4.223612E-005, 4.222190E-005, -3.544730E-011, -9.055140E-014, 2.150400E+004 1.570926E+074 2.150400E+004, Tue Oct 13 00:37:17 2015
-0.20, 1.80, 0.60, 1.80 , -4.240187E-005, 4.238550E-005, -3.481838E-011, -1.047610E-013, 2.150400E+004 1.570926E+074 2.150400E+004, Tue Oct 13 00:37:21 2015
