1.30, 1.80, 1.80, 1.80 , -3.630076E-011, -1.591580E-012, 1.394173E-011, -7.629390E-014, 2.150400E+004 1.570926E+074 2.150400E+004, Wed Oct 07 22:18:03 2015
1.30, 1.80, 1.78, 1.80 , -3.250276E-011, 3.907680E-013, -5.763215E-012, -1.054530E-013, 2.150400E+004 1.570926E+074 2.150400E+004, Wed Oct 07 22:18:08 2015
1.30, 1.80, 1.76, 1.80 , -3.102574E-011, 1.364550E-012, -9.620360E-012, -1.173620E-013, 2.150400E+004 1.570926E+074 2.150400E+004, Wed Oct 07 22:18:14 2015
1.30, 1.80, 1.74, 1.80 , -2.912675E-011, 1.993180E-012, -1.330980E-011, -1.073240E-013, 2.150400E+004 1.570926E+074 2.150400E+004, Wed Oct 07 22:18:23 2015
1.30, 1.80, 1.72, 1.80 , -2.971754E-011, 2.481600E-012, -1.687347E-011, -9.026530E-014, 2.150400E+004 1.570926E+074 2.150400E+004, Wed Oct 07 22:18:28 2015
1.30, 1.80, 1.70, 1.80 , -2.959094E-011, 2.910780E-012, -1.666383E-011, -8.863210E-014, 2.150400E+004 1.570926E+074 2.150400E+004, Wed Oct 07 22:18:38 2015
1.30, 1.80, 1.68, 1.80 , -2.988634E-011, 3.571470E-012, -1.792160E-011, -1.091600E-013, 2.150400E+004 1.570926E+074 2.150400E+004, Wed Oct 07 22:18:46 2015
1.30, 1.80, 1.66, 1.80 , -3.001294E-011, 4.677950E-012, -1.947284E-011, -1.034740E-013, 2.150400E+004 1.570926E+074 2.150400E+004, Wed Oct 07 22:18:54 2015
1.30, 1.80, 1.64, 1.80 , -3.085695E-011, 6.763520E-012, -2.047905E-011, -1.225590E-013, 2.150400E+004 1.570926E+074 2.150400E+004, Wed Oct 07 22:19:03 2015
1.30, 1.80, 1.62, 1.80 , -3.570997E-011, 1.098770E-011, -2.131756E-011, -8.921620E-014, 2.150400E+004 1.570926E+074 2.150400E+004, Wed Oct 07 22:19:08 2015
1.30, 1.80, 1.60, 1.80 , -4.410785E-011, 1.941250E-011, -2.140141E-011, -1.227380E-013, 2.150400E+004 1.570926E+074 2.150400E+004, Wed Oct 07 22:19:24 2015
1.30, 1.80, 1.58, 1.80 , -6.191638E-011, 3.707760E-011, -2.228184E-011, -9.838340E-014, 2.150400E+004 1.570926E+074 2.150400E+004, Wed Oct 07 22:19:31 2015
1.30, 1.80, 1.56, 1.80 , -9.803985E-011, 7.350320E-011, -2.282688E-011, -1.107100E-013, 2.150400E+004 1.570926E+074 2.150400E+004, Wed Oct 07 22:19:36 2015
1.30, 1.80, 1.54, 1.80 , -1.737894E-010, 1.490240E-010, -2.404281E-011, -9.460450E-014, 2.150400E+004 1.570926E+074 2.150400E+004, Wed Oct 07 22:19:43 2015
1.30, 1.80, 1.52, 1.80 , -3.302259E-010, 3.067890E-010, -2.454596E-011, -1.055960E-013, 2.150400E+004 1.570926E+074 2.150400E+004, Wed Oct 07 22:19:47 2015
1.30, 1.80, 1.50, 1.80 , -6.587975E-010, 6.281180E-010, -2.249147E-011, -1.152040E-013, 2.150400E+004 1.570926E+074 2.150400E+004, Wed Oct 07 22:19:51 2015
1.30, 1.80, 1.48, 1.80 , -1.316827E-009, 1.291880E-009, -2.710368E-011, -1.130580E-013, 2.150400E+004 1.570926E+074 2.150400E+004, Wed Oct 07 22:19:56 2015
1.30, 1.80, 1.46, 1.80 , -2.672513E-009, 2.648820E-009, -2.697789E-011, -1.071100E-013, 2.150400E+004 1.570926E+074 2.150400E+004, Wed Oct 07 22:20:00 2015
1.30, 1.80, 1.44, 1.80 , -5.372023E-009, 5.350160E-009, -2.752297E-011, -1.150610E-013, 2.150400E+004 1.570926E+074 2.150400E+004, Wed Oct 07 22:20:03 2015
1.30, 1.80, 1.42, 1.80 , -1.063604E-008, 1.060720E-008, -2.685209E-011, -1.123190E-013, 2.150400E+004 1.570926E+074 2.150400E+004, Wed Oct 07 22:20:07 2015
1.30, 1.80, 1.40, 1.80 , -2.044665E-008, 2.035420E-008, -2.609736E-011, -1.205090E-013, 2.150400E+004 1.570926E+074 2.150400E+004, Wed Oct 07 22:20:11 2015
1.30, 1.80, 1.38, 1.80 , -3.756040E-008, 3.756470E-008, -2.836156E-011, -9.156470E-014, 2.150400E+004 1.570926E+074 2.150400E+004, Wed Oct 07 22:20:14 2015
1.30, 1.80, 1.36, 1.80 , -6.612589E-008, 6.608580E-008, -2.735525E-011, -1.163130E-013, 2.150400E+004 1.570926E+074 2.150400E+004, Wed Oct 07 22:20:18 2015
1.30, 1.80, 1.34, 1.80 , -1.106484E-007, 1.106180E-007, -2.748103E-011, -1.024840E-013, 2.150400E+004 1.570926E+074 2.150400E+004, Wed Oct 07 22:20:21 2015
1.30, 1.80, 1.32, 1.80 , -1.762159E-007, 1.761350E-007, -2.718753E-011, -9.882450E-014, 2.150400E+004 1.570926E+074 2.150400E+004, Wed Oct 07 22:20:25 2015
1.30, 1.80, 1.30, 1.80 , -2.676938E-007, 2.676450E-007, -3.037418E-011, -1.268510E-013, 2.150400E+004 1.570926E+074 2.150400E+004, Wed Oct 07 22:20:28 2015
1.30, 1.80, 1.28, 1.80 , -3.895826E-007, 3.895490E-007, -2.731332E-011, -1.088020E-013, 2.150400E+004 1.570926E+074 2.150400E+004, Wed Oct 07 22:20:32 2015
1.30, 1.80, 1.26, 1.80 , -5.457422E-007, 5.455910E-007, -2.953559E-011, -1.057510E-013, 2.150400E+004 1.570926E+074 2.150400E+004, Wed Oct 07 22:20:36 2015
1.30, 1.80, 1.24, 1.80 , -7.385959E-007, 7.389960E-007, -3.070962E-011, -1.109120E-013, 2.150400E+004 1.570926E+074 2.150400E+004, Wed Oct 07 22:20:39 2015
1.30, 1.80, 1.22, 1.80 , -9.699203E-007, 9.703030E-007, -3.058383E-011, -1.064780E-013, 2.150400E+004 1.570926E+074 2.150400E+004, Wed Oct 07 22:20:43 2015
1.30, 1.80, 1.20, 1.80 , -1.243842E-006, 1.244000E-006, -2.915822E-011, -1.000520E-013, 2.150400E+004 1.570926E+074 2.150400E+004, Wed Oct 07 22:20:46 2015
1.30, 1.80, 1.18, 1.80 , -1.559674E-006, 1.559780E-006, -3.083541E-011, -1.059170E-013, 2.150400E+004 1.570926E+074 2.150400E+004, Wed Oct 07 22:20:50 2015
1.30, 1.80, 1.16, 1.80 , -1.917858E-006, 1.917470E-006, -3.024840E-011, -1.029250E-013, 2.150400E+004 1.570926E+074 2.150400E+004, Wed Oct 07 22:20:54 2015
1.30, 1.80, 1.14, 1.80 , -2.320714E-006, 2.320070E-006, -2.915822E-011, -1.164560E-013, 2.150400E+004 1.570926E+074 2.150400E+004, Wed Oct 07 22:20:57 2015
1.30, 1.80, 1.12, 1.80 , -2.765542E-006, 2.764880E-006, -3.083541E-011, -1.152870E-013, 2.150400E+004 1.570926E+074 2.150400E+004, Wed Oct 07 22:21:01 2015
1.30, 1.80, 1.10, 1.80 , -3.254324E-006, 3.254790E-006, -3.054191E-011, -1.075270E-013, 2.150400E+004 1.570926E+074 2.150400E+004, Wed Oct 07 22:21:04 2015
1.30, 1.80, 1.08, 1.80 , -3.788412E-006, 3.787570E-006, -3.012261E-011, -9.956360E-014, 2.150400E+004 1.570926E+074 2.150400E+004, Wed Oct 07 22:21:08 2015
1.30, 1.80, 1.06, 1.80 , -4.365948E-006, 4.365130E-006, -3.133857E-011, -1.039390E-013, 2.150400E+004 1.570926E+074 2.150400E+004, Wed Oct 07 22:21:11 2015
1.30, 1.80, 1.04, 1.80 , -4.983083E-006, 4.982430E-006, -3.070962E-011, -1.046780E-013, 2.150400E+004 1.570926E+074 2.150400E+004, Wed Oct 07 22:21:15 2015
1.30, 1.80, 1.02, 1.80 , -5.642446E-006, 5.641870E-006, -3.108699E-011, -1.014830E-013, 2.150400E+004 1.570926E+074 2.150400E+004, Wed Oct 07 22:21:18 2015
1.30, 1.80, 1.00, 1.80 , -6.340838E-006, 6.339780E-006, -3.154821E-011, -9.926560E-014, 2.150400E+004 1.570926E+074 2.150400E+004, Wed Oct 07 22:21:22 2015
1.30, 1.80, 0.98, 1.80 , -7.079424E-006, 7.077220E-006, -3.523802E-011, -1.066330E-013, 2.150400E+004 1.570926E+074 2.150400E+004, Wed Oct 07 22:21:25 2015
1.30, 1.80, 0.96, 1.80 , -7.850414E-006, 7.851780E-006, -3.121278E-011, -1.051190E-013, 2.150400E+004 1.570926E+074 2.150400E+004, Wed Oct 07 22:21:29 2015
1.30, 1.80, 0.94, 1.80 , -8.659121E-006, 8.659140E-006, -3.494452E-011, -1.139520E-013, 2.150400E+004 1.570926E+074 2.150400E+004, Wed Oct 07 22:21:33 2015
1.30, 1.80, 0.92, 1.80 , -9.498892E-006, 9.494350E-006, -3.297381E-011, -9.915830E-014, 2.150400E+004 1.570926E+074 2.150400E+004, Wed Oct 07 22:21:36 2015
1.30, 1.80, 0.90, 1.80 , -1.036994E-005, 1.035740E-005, -3.221909E-011, -1.126530E-013, 2.150400E+004 1.570926E+074 2.150400E+004, Wed Oct 07 22:21:40 2015
1.30, 1.80, 0.88, 1.80 , -1.126278E-005, 1.125390E-005, -3.209330E-011, -9.436610E-014, 2.150400E+004 1.570926E+074 2.150400E+004, Wed Oct 07 22:21:43 2015
1.30, 1.80, 0.86, 1.80 , -1.217564E-005, 1.216830E-005, -3.280611E-011, -1.155380E-013, 2.150400E+004 1.570926E+074 2.150400E+004, Wed Oct 07 22:21:47 2015
1.30, 1.80, 0.84, 1.80 , -1.310797E-005, 1.310060E-005, -3.234488E-011, -1.175520E-013, 2.150400E+004 1.570926E+074 2.150400E+004, Wed Oct 07 22:21:51 2015
1.30, 1.80, 0.82, 1.80 , -1.405916E-005, 1.405040E-005, -3.163208E-011, -1.030800E-013, 2.150400E+004 1.570926E+074 2.150400E+004, Wed Oct 07 22:21:54 2015
1.30, 1.80, 0.80, 1.80 , -1.501721E-005, 1.500600E-005, -3.372856E-011, -8.928780E-014, 2.150400E+004 1.570926E+074 2.150400E+004, Wed Oct 07 22:21:58 2015
1.30, 1.80, 0.78, 1.80 , -1.597872E-005, 1.596910E-005, -3.381241E-011, -1.290080E-013, 2.150400E+004 1.570926E+074 2.150400E+004, Wed Oct 07 22:22:01 2015
1.30, 1.80, 0.76, 1.80 , -1.694811E-005, 1.693280E-005, -3.351891E-011, -9.773970E-014, 2.150400E+004 1.570926E+074 2.150400E+004, Wed Oct 07 22:22:05 2015
1.30, 1.80, 0.74, 1.80 , -1.791353E-005, 1.790270E-005, -3.188365E-011, -1.070860E-013, 2.150400E+004 1.570926E+074 2.150400E+004, Wed Oct 07 22:22:08 2015
1.30, 1.80, 0.72, 1.80 , -1.888597E-005, 1.887610E-005, -3.301576E-011, -1.093270E-013, 2.150400E+004 1.570926E+074 2.150400E+004, Wed Oct 07 22:22:12 2015
1.30, 1.80, 0.70, 1.80 , -1.984488E-005, 1.983580E-005, -3.209329E-011, -8.926390E-014, 2.150400E+004 1.570926E+074 2.150400E+004, Wed Oct 07 22:22:15 2015
1.30, 1.80, 0.68, 1.80 , -2.080549E-005, 2.079150E-005, -3.221908E-011, -1.081230E-013, 2.150400E+004 1.570926E+074 2.150400E+004, Wed Oct 07 22:22:19 2015
1.30, 1.80, 0.66, 1.80 , -2.175196E-005, 2.174250E-005, -3.247066E-011, -1.125930E-013, 2.150400E+004 1.570926E+074 2.150400E+004, Wed Oct 07 22:22:23 2015
1.30, 1.80, 0.64, 1.80 , -2.269967E-005, 2.268950E-005, -3.356083E-011, -1.044150E-013, 2.150400E+004 1.570926E+074 2.150400E+004, Wed Oct 07 22:22:26 2015
1.30, 1.80, 0.62, 1.80 , -2.363683E-005, 2.362500E-005, -3.435751E-011, -1.206400E-013, 2.150400E+004 1.570926E+074 2.150400E+004, Wed Oct 07 22:22:30 2015
1.30, 1.80, 0.60, 1.80 , -2.456250E-005, 2.454790E-005, -3.385435E-011, -1.313450E-013, 2.150400E+004 1.570926E+074 2.150400E+004, Wed Oct 07 22:22:33 2015
1.30, 1.80, 0.58, 1.80 , -2.548360E-005, 2.547330E-005, -3.590889E-011, -1.211520E-013, 2.150400E+004 1.570926E+074 2.150400E+004, Wed Oct 07 22:22:37 2015
1.30, 1.80, 0.56, 1.80 , -2.639156E-005, 2.637760E-005, -3.460908E-011, -1.204250E-013, 2.150400E+004 1.570926E+074 2.150400E+004, Wed Oct 07 22:22:40 2015
1.30, 1.80, 0.54, 1.80 , -2.728553E-005, 2.727440E-005, -3.565732E-011, -1.024720E-013, 2.150400E+004 1.570926E+074 2.150400E+004, Wed Oct 07 22:22:44 2015
1.30, 1.80, 0.52, 1.80 , -2.817545E-005, 2.816600E-005, -3.502838E-011, -9.208920E-014, 2.150400E+004 1.570926E+074 2.150400E+004, Wed Oct 07 22:22:47 2015
1.30, 1.80, 0.50, 1.80 , -2.905953E-005, 2.904260E-005, -3.502837E-011, -1.120920E-013, 2.150400E+004 1.570926E+074 2.150400E+004, Wed Oct 07 22:22:51 2015
1.30, 1.80, 0.48, 1.80 , -2.992058E-005, 2.990390E-005, -3.356084E-011, -1.018880E-013, 2.150400E+004 1.570926E+074 2.150400E+004, Wed Oct 07 22:22:54 2015
1.30, 1.80, 0.46, 1.80 , -3.077946E-005, 3.076490E-005, -3.301575E-011, -1.115200E-013, 2.150400E+004 1.570926E+074 2.150400E+004, Wed Oct 07 22:22:58 2015
1.30, 1.80, 0.44, 1.80 , -3.162416E-005, 3.161240E-005, -3.532188E-011, -1.061800E-013, 2.150400E+004 1.570926E+074 2.150400E+004, Wed Oct 07 22:23:02 2015
1.30, 1.80, 0.42, 1.80 , -3.246531E-005, 3.244850E-005, -3.687328E-011, -8.901360E-014, 2.150400E+004 1.570926E+074 2.150400E+004, Wed Oct 07 22:23:05 2015
1.30, 1.80, 0.40, 1.80 , -3.328116E-005, 3.327210E-005, -3.657977E-011, -1.267430E-013, 2.150400E+004 1.570926E+074 2.150400E+004, Wed Oct 07 22:23:09 2015
1.30, 1.80, 0.38, 1.80 , -3.408586E-005, 3.407860E-005, -3.641204E-011, -1.210450E-013, 2.150400E+004 1.570926E+074 2.150400E+004, Wed Oct 07 22:23:12 2015
1.30, 1.80, 0.36, 1.80 , -3.489298E-005, 3.488280E-005, -3.930521E-011, -8.232590E-014, 2.150400E+004 1.570926E+074 2.150400E+004, Wed Oct 07 22:23:16 2015
1.30, 1.80, 0.34, 1.80 , -3.567714E-005, 3.566220E-005, -3.502837E-011, -9.891990E-014, 2.150400E+004 1.570926E+074 2.150400E+004, Wed Oct 07 22:23:19 2015
1.30, 1.80, 0.32, 1.80 , -3.647007E-005, 3.645960E-005, -3.536381E-011, -1.032350E-013, 2.150400E+004 1.570926E+074 2.150400E+004, Wed Oct 07 22:23:23 2015
1.30, 1.80, 0.30, 1.80 , -3.724430E-005, 3.722610E-005, -3.666363E-011, -1.065850E-013, 2.150400E+004 1.570926E+074 2.150400E+004, Wed Oct 07 22:23:26 2015
1.30, 1.80, 0.28, 1.80 , -3.800104E-005, 3.798640E-005, -3.611854E-011, -9.882450E-014, 2.150400E+004 1.570926E+074 2.150400E+004, Wed Oct 07 22:23:30 2015
1.30, 1.80, 0.26, 1.80 , -3.875631E-005, 3.874380E-005, -3.666363E-011, -1.160860E-013, 2.150400E+004 1.570926E+074 2.150400E+004, Wed Oct 07 22:23:34 2015
1.30, 1.80, 0.24, 1.80 , -3.950203E-005, 3.948440E-005, -3.637012E-011, -1.041410E-013, 2.150400E+004 1.570926E+074 2.150400E+004, Wed Oct 07 22:23:37 2015
1.30, 1.80, 0.22, 1.80 , -4.023563E-005, 4.021860E-005, -3.595082E-011, -1.046900E-013, 2.150400E+004 1.570926E+074 2.150400E+004, Wed Oct 07 22:23:41 2015
1.30, 1.80, 0.20, 1.80 , -4.095692E-005, 4.094420E-005, -3.699906E-011, -1.105190E-013, 2.150400E+004 1.570926E+074 2.150400E+004, Wed Oct 07 22:23:44 2015
1.30, 1.80, 0.18, 1.80 , -4.167868E-005, 4.165940E-005, -3.540574E-011, -1.095060E-013, 2.150400E+004 1.570926E+074 2.150400E+004, Wed Oct 07 22:23:48 2015
1.30, 1.80, 0.16, 1.80 , -4.238517E-005, 4.236470E-005, -3.687327E-011, -1.309280E-013, 2.150400E+004 1.570926E+074 2.150400E+004, Wed Oct 07 22:23:52 2015
1.30, 1.80, 0.14, 1.80 , -4.309351E-005, 4.308320E-005, -3.787958E-011, -1.181480E-013, 2.150400E+004 1.570926E+074 2.150400E+004, Wed Oct 07 22:23:56 2015
1.30, 1.80, 0.12, 1.80 , -4.378687E-005, 4.377800E-005, -3.792152E-011, -1.102450E-013, 2.150400E+004 1.570926E+074 2.150400E+004, Wed Oct 07 22:23:59 2015
1.30, 1.80, 0.10, 1.80 , -4.448263E-005, 4.447180E-005, -3.582504E-011, -1.075740E-013, 2.150400E+004 1.570926E+074 2.150400E+004, Wed Oct 07 22:24:03 2015
1.30, 1.80, 0.08, 1.80 , -4.518208E-005, 4.516030E-005, -3.544767E-011, -1.220820E-013, 2.150400E+004 1.570926E+074 2.150400E+004, Wed Oct 07 22:24:06 2015
1.30, 1.80, 0.06, 1.80 , -4.584173E-005, 4.582060E-005, -3.628627E-011, -1.164560E-013, 2.150400E+004 1.570926E+074 2.150400E+004, Wed Oct 07 22:24:10 2015
1.30, 1.80, 0.04, 1.80 , -4.650755E-005, 4.648400E-005, -3.494451E-011, -1.024480E-013, 2.150400E+004 1.570926E+074 2.150400E+004, Wed Oct 07 22:24:13 2015
1.30, 1.80, 0.02, 1.80 , -4.715953E-005, 4.714860E-005, -3.678942E-011, -1.082420E-013, 2.150400E+004 1.570926E+074 2.150400E+004, Wed Oct 07 22:24:17 2015
1.30, 1.80, 0.00, 1.80 , -4.781340E-005, 4.779260E-005, -3.796345E-011, -9.704830E-014, 2.150400E+004 1.570926E+074 2.150400E+004, Wed Oct 07 22:24:20 2015
1.30, 1.80, -0.02, 1.80 , -4.846216E-005, 4.844400E-005, -3.628626E-011, -9.731050E-014, 2.150400E+004 1.570926E+074 2.150400E+004, Wed Oct 07 22:24:24 2015
1.30, 1.80, -0.04, 1.80 , -4.909960E-005, 4.907620E-005, -3.850853E-011, -8.468630E-014, 2.150400E+004 1.570926E+074 2.150400E+004, Wed Oct 07 22:24:28 2015
1.30, 1.80, -0.06, 1.80 , -4.972877E-005, 4.971040E-005, -3.892783E-011, -1.047730E-013, 2.150400E+004 1.570926E+074 2.150400E+004, Wed Oct 07 22:24:31 2015
1.30, 1.80, -0.08, 1.80 , -5.034162E-005, 5.032250E-005, -3.855047E-011, -7.859470E-014, 2.150400E+004 1.570926E+074 2.150400E+004, Wed Oct 07 22:24:35 2015
1.30, 1.80, -0.10, 1.80 , -5.096326E-005, 5.094600E-005, -3.922134E-011, -1.064420E-013, 2.150400E+004 1.570926E+074 2.150400E+004, Wed Oct 07 22:24:38 2015
1.30, 1.80, -0.12, 1.80 , -5.155575E-005, 5.154120E-005, -3.917941E-011, -9.406810E-014, 2.150400E+004 1.570926E+074 2.150400E+004, Wed Oct 07 22:24:42 2015
1.30, 1.80, -0.14, 1.80 , -5.216177E-005, 5.213970E-005, -3.775380E-011, -1.130340E-013, 2.150400E+004 1.570926E+074 2.150400E+004, Wed Oct 07 22:24:45 2015
1.30, 1.80, -0.16, 1.80 , -5.274926E-005, 5.273580E-005, -3.951486E-011, -1.163840E-013, 2.150400E+004 1.570926E+074 2.150400E+004, Wed Oct 07 22:24:49 2015
1.30, 1.80, -0.18, 1.80 , -5.333486E-005, 5.331660E-005, -3.917939E-011, -1.174690E-013, 2.150400E+004 1.570926E+074 2.150400E+004, Wed Oct 07 22:24:53 2015
1.30, 1.80, -0.20, 1.80 , -5.391042E-005, 5.389800E-005, -3.968257E-011, -1.029970E-013, 2.150400E+004 1.570926E+074 2.150400E+004, Wed Oct 07 22:24:57 2015
