1.80, 1.80, 1.80, 1.80 , -2.427337E-011, 5.888740E-012, 6.148773E-005, -5.239250E-014, 2.150400E+004 1.570926E+074 2.150400E+004, Tue Oct 13 00:07:10 2015
1.75, 1.80, 1.80, 1.80 , -2.431561E-011, 5.504630E-012, 6.148293E-005, -7.878540E-014, 2.150400E+004 1.570926E+074 2.150400E+004, Tue Oct 13 00:07:27 2015
1.70, 1.80, 1.80, 1.80 , -2.718515E-011, 5.126940E-012, 6.145314E-005, -7.220510E-014, 2.150400E+004 1.570926E+074 2.150400E+004, Tue Oct 13 00:08:20 2015
1.65, 1.80, 1.80, 1.80 , -2.587699E-011, 5.099250E-012, 6.145024E-005, -7.809400E-014, 2.150400E+004 1.570926E+074 2.150400E+004, Tue Oct 13 00:08:28 2015
1.60, 1.80, 1.80, 1.80 , -2.714294E-011, 4.823830E-012, 6.149129E-005, -7.696150E-014, 2.150400E+004 1.570926E+074 2.150400E+004, Tue Oct 13 00:08:41 2015
1.55, 1.80, 1.80, 1.80 , -2.570811E-011, 4.978020E-012, 6.149463E-005, -7.729530E-014, 2.150400E+004 1.570926E+074 2.150400E+004, Tue Oct 13 00:08:57 2015
1.50, 1.80, 1.80, 1.80 , -2.777595E-011, 5.130850E-012, 6.150042E-005, -8.912090E-014, 2.150400E+004 1.570926E+074 2.150400E+004, Tue Oct 13 00:09:18 2015
1.45, 1.80, 1.80, 1.80 , -2.507517E-011, 5.084050E-012, 6.142454E-005, -1.051660E-013, 2.150400E+004 1.570926E+074 2.150400E+004, Tue Oct 13 00:09:32 2015
1.40, 1.80, 1.80, 1.80 , -2.975933E-011, 4.917750E-012, 6.144692E-005, -1.060720E-013, 2.150400E+004 1.570926E+074 2.150400E+004, Tue Oct 13 00:09:59 2015
1.35, 1.80, 1.80, 1.80 , -2.870431E-011, 4.835200E-012, 6.149708E-005, -6.768700E-014, 2.150400E+004 1.570926E+074 2.150400E+004, Tue Oct 13 00:10:21 2015
1.30, 1.80, 1.80, 1.80 , -2.963271E-011, 5.006840E-012, 6.148886E-005, -9.118320E-014, 2.150400E+004 1.570926E+074 2.150400E+004, Tue Oct 13 00:10:28 2015
1.25, 1.80, 1.80, 1.80 , -2.773374E-011, 4.848430E-012, 6.147470E-005, -7.812980E-014, 2.150400E+004 1.570926E+074 2.150400E+004, Tue Oct 13 00:10:40 2015
1.20, 1.80, 1.80, 1.80 , -2.461095E-011, 5.200650E-012, 6.144934E-005, -8.918050E-014, 2.150400E+004 1.570926E+074 2.150400E+004, Tue Oct 13 00:10:48 2015
1.15, 1.80, 1.80, 1.80 , -2.541277E-011, 5.068900E-012, 6.147668E-005, -9.760860E-014, 2.150400E+004 1.570926E+074 2.150400E+004, Tue Oct 13 00:11:00 2015
1.10, 1.80, 1.80, 1.80 , -2.853551E-011, 5.282650E-012, 6.145227E-005, -8.958580E-014, 2.150400E+004 1.570926E+074 2.150400E+004, Tue Oct 13 00:11:19 2015
1.05, 1.80, 1.80, 1.80 , -2.988591E-011, 5.219550E-012, 6.145594E-005, -8.594990E-014, 2.150400E+004 1.570926E+074 2.150400E+004, Tue Oct 13 00:11:33 2015
1.00, 1.80, 1.80, 1.80 , -2.950607E-011, 4.977790E-012, 6.146672E-005, -1.136060E-013, 2.150400E+004 1.570926E+074 2.150400E+004, Tue Oct 13 00:11:46 2015
0.95, 1.80, 1.80, 1.80 , -2.739613E-011, 5.273560E-012, 6.145306E-005, -7.816550E-014, 2.150400E+004 1.570926E+074 2.150400E+004, Tue Oct 13 00:11:53 2015
0.90, 1.80, 1.80, 1.80 , -3.089871E-011, 5.262820E-012, 6.144615E-005, -9.545090E-014, 2.150400E+004 1.570926E+074 2.150400E+004, Tue Oct 13 00:11:58 2015
0.85, 1.80, 1.80, 1.80 , -3.186927E-011, 5.098630E-012, 6.146412E-005, -8.223060E-014, 2.150400E+004 1.570926E+074 2.150400E+004, Tue Oct 13 00:12:25 2015
0.80, 1.80, 1.80, 1.80 , -2.967492E-011, 5.027390E-012, 6.149092E-005, -7.197860E-014, 2.150400E+004 1.570926E+074 2.150400E+004, Tue Oct 13 00:12:36 2015
0.75, 1.80, 1.80, 1.80 , -2.959050E-011, 5.089090E-012, 6.149779E-005, -8.821490E-014, 2.150400E+004 1.570926E+074 2.150400E+004, Tue Oct 13 00:13:04 2015
0.70, 1.80, 1.80, 1.80 , -2.967491E-011, 5.298760E-012, 6.147901E-005, -8.983610E-014, 2.150400E+004 1.570926E+074 2.150400E+004, Tue Oct 13 00:13:24 2015
0.65, 1.80, 1.80, 1.80 , -2.988593E-011, 5.179230E-012, 6.147209E-005, -9.164810E-014, 2.150400E+004 1.570926E+074 2.150400E+004, Tue Oct 13 00:13:40 2015
0.60, 1.80, 1.80, 1.80 , -2.853552E-011, 5.361830E-012, 6.149448E-005, -8.927580E-014, 2.150400E+004 1.570926E+074 2.150400E+004, Tue Oct 13 00:14:01 2015
0.55, 1.80, 1.80, 1.80 , -2.988591E-011, 5.387400E-012, 6.150350E-005, -1.005170E-013, 2.150400E+004 1.570926E+074 2.150400E+004, Tue Oct 13 00:14:07 2015
0.50, 1.80, 1.80, 1.80 , -3.250230E-011, 5.080270E-012, 6.147019E-005, -9.318590E-014, 2.150400E+004 1.570926E+074 2.150400E+004, Tue Oct 13 00:14:27 2015
0.45, 1.80, 1.80, 1.80 , -3.051892E-011, 5.436960E-012, 6.151430E-005, -7.709260E-014, 2.150400E+004 1.570926E+074 2.150400E+004, Tue Oct 13 00:15:00 2015
0.40, 1.80, 1.80, 1.80 , -3.056110E-011, 5.505700E-012, 6.150700E-005, -1.134630E-013, 2.150400E+004 1.570926E+074 2.150400E+004, Tue Oct 13 00:15:09 2015
0.35, 1.80, 1.80, 1.80 , -3.305090E-011, 5.220950E-012, 6.152713E-005, -8.490090E-014, 2.150400E+004 1.570926E+074 2.150400E+004, Tue Oct 13 00:15:15 2015
0.30, 1.80, 1.80, 1.80 , -3.102530E-011, 5.491500E-012, 6.153761E-005, -9.720330E-014, 2.150400E+004 1.570926E+074 2.150400E+004, Tue Oct 13 00:15:24 2015
0.25, 1.80, 1.80, 1.80 , -2.980153E-011, 5.424240E-012, 6.152505E-005, -7.655620E-014, 2.150400E+004 1.570926E+074 2.150400E+004, Tue Oct 13 00:15:36 2015
0.20, 1.80, 1.80, 1.80 , -3.275554E-011, 5.285540E-012, 6.148809E-005, -9.261370E-014, 2.150400E+004 1.570926E+074 2.150400E+004, Tue Oct 13 00:15:57 2015
0.15, 1.80, 1.80, 1.80 , -3.220692E-011, 5.431260E-012, 6.147321E-005, -9.393690E-014, 2.150400E+004 1.570926E+074 2.150400E+004, Tue Oct 13 00:16:05 2015
0.10, 1.80, 1.80, 1.80 , -3.309309E-011, 5.422280E-012, 6.148969E-005, -7.243160E-014, 2.150400E+004 1.570926E+074 2.150400E+004, Tue Oct 13 00:16:09 2015
0.05, 1.80, 1.80, 1.80 , -3.098312E-011, 5.450790E-012, 6.148436E-005, -8.858440E-014, 2.150400E+004 1.570926E+074 2.150400E+004, Tue Oct 13 00:16:23 2015
0.00, 1.80, 1.80, 1.80 , -3.102535E-011, 5.579460E-012, 6.147847E-005, -9.845500E-014, 2.150400E+004 1.570926E+074 2.150400E+004, Tue Oct 13 00:16:54 2015
-0.05, 1.80, 1.80, 1.80 , -3.478109E-011, 5.618190E-012, 6.145517E-005, -8.910890E-014, 2.150400E+004 1.570926E+074 2.150400E+004, Tue Oct 13 00:17:02 2015
-0.10, 1.80, 1.80, 1.80 , -3.203813E-011, 5.398480E-012, 6.152762E-005, -7.784370E-014, 2.150400E+004 1.570926E+074 2.150400E+004, Tue Oct 13 00:17:26 2015
-0.15, 1.80, 1.80, 1.80 , -3.465450E-011, 5.635950E-012, 6.150239E-005, -9.636880E-014, 2.150400E+004 1.570926E+074 2.150400E+004, Tue Oct 13 00:17:53 2015
-0.20, 1.80, 1.80, 1.80 , -3.258674E-011, 5.666720E-012, 6.151361E-005, -9.465220E-014, 2.150400E+004 1.570926E+074 2.150400E+004, Tue Oct 13 00:18:05 2015
