1.80, 1.80, 1.40, 1.80 , 1.378487E-010, -1.448920E-010, -3.351892E-011, -1.223330E-013, 2.150400E+004 1.570926E+074 2.150400E+004, Wed Oct 07 22:31:21 2015
1.75, 1.80, 1.40, 1.80 , -1.620569E-008, 1.615220E-008, -3.020647E-011, -1.135470E-013, 2.150400E+004 1.570926E+074 2.150400E+004, Wed Oct 07 22:31:26 2015
1.70, 1.80, 1.40, 1.80 , -1.919065E-008, 1.917540E-008, -2.882279E-011, -1.008990E-013, 2.150400E+004 1.570926E+074 2.150400E+004, Wed Oct 07 22:31:29 2015
1.65, 1.80, 1.40, 1.80 , -1.979521E-008, 1.974520E-008, -3.054191E-011, -1.217130E-013, 2.150400E+004 1.570926E+074 2.150400E+004, Wed Oct 07 22:31:33 2015
1.60, 1.80, 1.40, 1.80 , -1.994826E-008, 1.991240E-008, -3.179980E-011, -1.075390E-013, 2.150400E+004 1.570926E+074 2.150400E+004, Wed Oct 07 22:31:36 2015
1.55, 1.80, 1.40, 1.80 , -2.002157E-008, 2.000960E-008, -3.037419E-011, -9.177920E-014, 2.150400E+004 1.570926E+074 2.150400E+004, Wed Oct 07 22:31:40 2015
1.50, 1.80, 1.40, 1.80 , -2.010821E-008, 2.008290E-008, -2.710367E-011, -1.075980E-013, 2.150400E+004 1.570926E+074 2.150400E+004, Wed Oct 07 22:31:44 2015
1.45, 1.80, 1.40, 1.80 , -2.017906E-008, 2.017550E-008, -2.790034E-011, -1.053210E-013, 2.150400E+004 1.570926E+074 2.150400E+004, Wed Oct 07 22:31:47 2015
1.40, 1.80, 1.40, 1.80 , -2.024818E-008, 2.022990E-008, -2.865507E-011, -1.139640E-013, 2.150400E+004 1.570926E+074 2.150400E+004, Wed Oct 07 22:31:51 2015
1.35, 1.80, 1.40, 1.80 , -2.030701E-008, 2.028200E-008, -2.781648E-011, -1.229170E-013, 2.150400E+004 1.570926E+074 2.150400E+004, Wed Oct 07 22:31:54 2015
1.30, 1.80, 1.40, 1.80 , -2.038112E-008, 2.033960E-008, -2.961946E-011, -1.168250E-013, 2.150400E+004 1.570926E+074 2.150400E+004, Wed Oct 07 22:31:58 2015
1.25, 1.80, 1.40, 1.80 , -2.041793E-008, 2.040270E-008, -2.890665E-011, -1.200800E-013, 2.150400E+004 1.570926E+074 2.150400E+004, Wed Oct 07 22:32:01 2015
1.20, 1.80, 1.40, 1.80 , -2.048227E-008, 2.046900E-008, -2.756490E-011, -1.022820E-013, 2.150400E+004 1.570926E+074 2.150400E+004, Wed Oct 07 22:32:05 2015
1.15, 1.80, 1.40, 1.80 , -2.051496E-008, 2.049850E-008, -2.810999E-011, -1.210690E-013, 2.150400E+004 1.570926E+074 2.150400E+004, Wed Oct 07 22:32:09 2015
1.10, 1.80, 1.40, 1.80 , -2.056954E-008, 2.055060E-008, -2.760683E-011, -1.047850E-013, 2.150400E+004 1.570926E+074 2.150400E+004, Wed Oct 07 22:32:12 2015
1.05, 1.80, 1.40, 1.80 , -2.064547E-008, 2.070690E-008, -2.693596E-011, -1.055120E-013, 2.150400E+004 1.570926E+074 2.150400E+004, Wed Oct 07 22:32:16 2015
1.00, 1.80, 1.40, 1.80 , -2.065462E-008, 2.064650E-008, -2.530070E-011, -1.267430E-013, 2.150400E+004 1.570926E+074 2.150400E+004, Wed Oct 07 22:32:19 2015
0.95, 1.80, 1.40, 1.80 , -2.069463E-008, 2.068570E-008, -2.722946E-011, -1.152400E-013, 2.150400E+004 1.570926E+074 2.150400E+004, Wed Oct 07 22:32:23 2015
0.90, 1.80, 1.40, 1.80 , -2.074778E-008, 2.075100E-008, -2.953559E-011, -1.272560E-013, 2.150400E+004 1.570926E+074 2.150400E+004, Wed Oct 07 22:32:26 2015
0.85, 1.80, 1.40, 1.80 , -2.079223E-008, 2.076250E-008, -2.479754E-011, -1.097680E-013, 2.150400E+004 1.570926E+074 2.150400E+004, Wed Oct 07 22:32:30 2015
0.80, 1.80, 1.40, 1.80 , -2.084377E-008, 2.082470E-008, -2.563614E-011, -1.164200E-013, 2.150400E+004 1.570926E+074 2.150400E+004, Wed Oct 07 22:32:34 2015
0.75, 1.80, 1.40, 1.80 , -2.090052E-008, 2.089420E-008, -2.647473E-011, -1.083850E-013, 2.150400E+004 1.570926E+074 2.150400E+004, Wed Oct 07 22:32:37 2015
0.70, 1.80, 1.40, 1.80 , -2.093526E-008, 2.090440E-008, -2.836157E-011, -1.280310E-013, 2.150400E+004 1.570926E+074 2.150400E+004, Wed Oct 07 22:32:41 2015
0.65, 1.80, 1.40, 1.80 , -2.100341E-008, 2.097960E-008, -2.391702E-011, -1.041050E-013, 2.150400E+004 1.570926E+074 2.150400E+004, Wed Oct 07 22:32:44 2015
0.60, 1.80, 1.40, 1.80 , -2.102218E-008, 2.097490E-008, -2.551035E-011, -1.125340E-013, 2.150400E+004 1.570926E+074 2.150400E+004, Wed Oct 07 22:32:48 2015
0.55, 1.80, 1.40, 1.80 , -2.106404E-008, 2.103500E-008, -2.458790E-011, -1.055360E-013, 2.150400E+004 1.570926E+074 2.150400E+004, Wed Oct 07 22:32:51 2015
0.50, 1.80, 1.40, 1.80 , -2.107017E-008, 2.112050E-008, -2.240762E-011, -1.286030E-013, 2.150400E+004 1.570926E+074 2.150400E+004, Wed Oct 07 22:32:55 2015
0.45, 1.80, 1.40, 1.80 , -2.112109E-008, 2.108680E-008, -2.408474E-011, -1.180650E-013, 2.150400E+004 1.570926E+074 2.150400E+004, Wed Oct 07 22:32:59 2015
0.40, 1.80, 1.40, 1.80 , -2.115523E-008, 2.112830E-008, -2.144333E-011, -9.744170E-014, 2.150400E+004 1.570926E+074 2.150400E+004, Wed Oct 07 22:33:02 2015
0.35, 1.80, 1.40, 1.80 , -2.126421E-008, 2.115600E-008, -2.114986E-011, -1.188990E-013, 2.150400E+004 1.570926E+074 2.150400E+004, Wed Oct 07 22:33:06 2015
0.30, 1.80, 1.40, 1.80 , -2.124721E-008, 2.120650E-008, -1.993402E-011, -1.011850E-013, 2.150400E+004 1.570926E+074 2.150400E+004, Wed Oct 07 22:33:09 2015
0.25, 1.80, 1.40, 1.80 , -2.125758E-008, 2.121870E-008, -2.085638E-011, -1.164560E-013, 2.150400E+004 1.570926E+074 2.150400E+004, Wed Oct 07 22:33:13 2015
0.20, 1.80, 1.40, 1.80 , -2.129732E-008, 2.124380E-008, -1.876011E-011, -1.194000E-013, 2.150400E+004 1.570926E+074 2.150400E+004, Wed Oct 07 22:33:16 2015
0.15, 1.80, 1.40, 1.80 , -2.133506E-008, 2.130910E-008, -1.821507E-011, -9.230380E-014, 2.150400E+004 1.570926E+074 2.150400E+004, Wed Oct 07 22:33:20 2015
0.10, 1.80, 1.40, 1.80 , -2.135815E-008, 2.136370E-008, -1.896973E-011, -1.121280E-013, 2.150400E+004 1.570926E+074 2.150400E+004, Wed Oct 07 22:33:23 2015
0.05, 1.80, 1.40, 1.80 , -2.142381E-008, 2.140970E-008, -1.863433E-011, -1.280310E-013, 2.150400E+004 1.570926E+074 2.150400E+004, Wed Oct 07 22:33:27 2015
0.00, 1.80, 1.40, 1.80 , -2.143642E-008, 2.143620E-008, -1.976632E-011, -1.165870E-013, 2.150400E+004 1.570926E+074 2.150400E+004, Wed Oct 07 22:33:31 2015
-0.05, 1.80, 1.40, 1.80 , -2.151695E-008, 2.148440E-008, -1.938899E-011, -1.047250E-013, 2.150400E+004 1.570926E+074 2.150400E+004, Wed Oct 07 22:33:34 2015
-0.10, 1.80, 1.40, 1.80 , -2.152268E-008, 2.150140E-008, -2.022750E-011, -1.015190E-013, 2.150400E+004 1.570926E+074 2.150400E+004, Wed Oct 07 22:33:38 2015
-0.15, 1.80, 1.40, 1.80 , -2.155158E-008, 2.151020E-008, -1.842470E-011, -9.520050E-014, 2.150400E+004 1.570926E+074 2.150400E+004, Wed Oct 07 22:33:41 2015
-0.20, 1.80, 1.40, 1.80 , -2.158126E-008, 2.152920E-008, -1.641228E-011, -9.999280E-014, 2.150400E+004 1.570926E+074 2.150400E+004, Wed Oct 07 22:33:45 2015
