1.80, 1.80, 1.80, 1.80 , -2.587732E-011, 1.590570E-012, 1.025230E-011, -8.682010E-014, 2.150400E+004 1.570926E+074 2.150400E+004, Wed Oct 07 22:25:25 2015
1.75, 1.80, 1.80, 1.80 , -2.676354E-011, 1.649710E-012, -7.733715E-012, -7.756950E-014, 2.150400E+004 1.570926E+074 2.150400E+004, Wed Oct 07 22:25:31 2015
1.70, 1.80, 1.80, 1.80 , -2.735433E-011, 1.743840E-012, -9.284951E-012, -1.123910E-013, 2.150400E+004 1.570926E+074 2.150400E+004, Wed Oct 07 22:25:36 2015
1.65, 1.80, 1.80, 1.80 , -2.743874E-011, 1.822010E-012, -1.092005E-011, -1.029130E-013, 2.150400E+004 1.570926E+074 2.150400E+004, Wed Oct 07 22:25:44 2015
1.60, 1.80, 1.80, 1.80 , -2.743874E-011, 1.940230E-012, -1.305824E-011, -1.078840E-013, 2.150400E+004 1.570926E+074 2.150400E+004, Wed Oct 07 22:25:58 2015
1.55, 1.80, 1.80, 1.80 , -2.916895E-011, 2.035990E-012, -1.276476E-011, -1.078370E-013, 2.150400E+004 1.570926E+074 2.150400E+004, Wed Oct 07 22:26:06 2015
1.50, 1.80, 1.80, 1.80 , -2.912676E-011, 2.121690E-012, -1.217780E-011, -1.171110E-013, 2.150400E+004 1.570926E+074 2.150400E+004, Wed Oct 07 22:26:13 2015
1.45, 1.80, 1.80, 1.80 , -2.891575E-011, 2.211900E-012, -1.242935E-011, -1.232270E-013, 2.150400E+004 1.570926E+074 2.150400E+004, Wed Oct 07 22:26:19 2015
1.40, 1.80, 1.80, 1.80 , -2.891576E-011, 2.284790E-012, -1.305824E-011, -1.090050E-013, 2.150400E+004 1.570926E+074 2.150400E+004, Wed Oct 07 22:26:40 2015
1.35, 1.80, 1.80, 1.80 , -2.764974E-011, 2.410970E-012, -1.414830E-011, -8.970500E-014, 2.150400E+004 1.570926E+074 2.150400E+004, Wed Oct 07 22:27:00 2015
1.30, 1.80, 1.80, 1.80 , -2.946434E-011, 2.469240E-012, -1.372906E-011, -1.366850E-013, 2.150400E+004 1.570926E+074 2.150400E+004, Wed Oct 07 22:27:05 2015
1.25, 1.80, 1.80, 1.80 , -2.975975E-011, 2.499690E-012, -1.305825E-011, -1.159910E-013, 2.150400E+004 1.570926E+074 2.150400E+004, Wed Oct 07 22:27:15 2015
1.20, 1.80, 1.80, 1.80 , -3.005515E-011, 2.566980E-012, -1.372906E-011, -1.252060E-013, 2.150400E+004 1.570926E+074 2.150400E+004, Wed Oct 07 22:27:31 2015
1.15, 1.80, 1.80, 1.80 , -3.035056E-011, 2.649770E-012, -1.616073E-011, -1.000400E-013, 2.150400E+004 1.570926E+074 2.150400E+004, Wed Oct 07 22:27:37 2015
1.10, 1.80, 1.80, 1.80 , -3.060377E-011, 2.657260E-012, -1.255514E-011, -1.018290E-013, 2.150400E+004 1.570926E+074 2.150400E+004, Wed Oct 07 22:27:48 2015
1.05, 1.80, 1.80, 1.80 , -3.157438E-011, 2.755950E-012, -1.343557E-011, -9.564160E-014, 2.150400E+004 1.570926E+074 2.150400E+004, Wed Oct 07 22:27:53 2015
1.00, 1.80, 1.80, 1.80 , -3.191197E-011, 2.816380E-012, -1.339365E-011, -1.095890E-013, 2.150400E+004 1.570926E+074 2.150400E+004, Wed Oct 07 22:27:58 2015
0.95, 1.80, 1.80, 1.80 , -3.157437E-011, 2.812460E-012, -1.280669E-011, -1.050950E-013, 2.150400E+004 1.570926E+074 2.150400E+004, Wed Oct 07 22:28:09 2015
0.90, 1.80, 1.80, 1.80 , -3.161658E-011, 2.886800E-012, -1.259706E-011, -1.065850E-013, 2.150400E+004 1.570926E+074 2.150400E+004, Wed Oct 07 22:28:17 2015
0.85, 1.80, 1.80, 1.80 , -3.085697E-011, 2.956330E-012, -1.108775E-011, -1.118180E-013, 2.150400E+004 1.570926E+074 2.150400E+004, Wed Oct 07 22:28:23 2015
0.80, 1.80, 1.80, 1.80 , -3.212297E-011, 2.952950E-012, -1.360327E-011, -9.855030E-014, 2.150400E+004 1.570926E+074 2.150400E+004, Wed Oct 07 22:28:36 2015
0.75, 1.80, 1.80, 1.80 , -3.284039E-011, 3.071700E-012, -1.201010E-011, -9.737020E-014, 2.150400E+004 1.570926E+074 2.150400E+004, Wed Oct 07 22:28:41 2015
0.70, 1.80, 1.80, 1.80 , -3.326239E-011, 3.081450E-012, -1.314210E-011, -1.164200E-013, 2.150400E+004 1.570926E+074 2.150400E+004, Wed Oct 07 22:28:46 2015
0.65, 1.80, 1.80, 1.80 , -3.322017E-011, 3.086280E-012, -1.108774E-011, -1.126290E-013, 2.150400E+004 1.570926E+074 2.150400E+004, Wed Oct 07 22:28:53 2015
0.60, 1.80, 1.80, 1.80 , -3.216516E-011, 3.090330E-012, -1.351942E-011, -1.038550E-013, 2.150400E+004 1.570926E+074 2.150400E+004, Wed Oct 07 22:29:14 2015
0.55, 1.80, 1.80, 1.80 , -3.309358E-011, 3.200520E-012, -1.167470E-011, -1.411560E-013, 2.150400E+004 1.570926E+074 2.150400E+004, Wed Oct 07 22:29:19 2015
0.50, 1.80, 1.80, 1.80 , -3.482380E-011, 3.226700E-012, -1.259706E-011, -8.603330E-014, 2.150400E+004 1.570926E+074 2.150400E+004, Wed Oct 07 22:29:24 2015
0.45, 1.80, 1.80, 1.80 , -3.495040E-011, 3.311780E-012, -1.083620E-011, -1.063110E-013, 2.150400E+004 1.570926E+074 2.150400E+004, Wed Oct 07 22:29:28 2015
0.40, 1.80, 1.80, 1.80 , -3.435960E-011, 3.312110E-012, -1.301631E-011, -1.142260E-013, 2.150400E+004 1.570926E+074 2.150400E+004, Wed Oct 07 22:29:41 2015
0.35, 1.80, 1.80, 1.80 , -3.440180E-011, 3.314790E-012, -1.041693E-011, -1.307850E-013, 2.150400E+004 1.570926E+074 2.150400E+004, Wed Oct 07 22:29:50 2015
0.30, 1.80, 1.80, 1.80 , -3.402202E-011, 3.378210E-012, -1.112966E-011, -1.254800E-013, 2.150400E+004 1.570926E+074 2.150400E+004, Wed Oct 07 22:30:02 2015
0.25, 1.80, 1.80, 1.80 , -3.326239E-011, 3.347300E-012, -1.087812E-011, -9.880070E-014, 2.150400E+004 1.570926E+074 2.150400E+004, Wed Oct 07 22:30:14 2015
0.20, 1.80, 1.80, 1.80 , -3.520362E-011, 3.472540E-012, -1.104582E-011, -1.096010E-013, 2.150400E+004 1.570926E+074 2.150400E+004, Wed Oct 07 22:30:18 2015
0.15, 1.80, 1.80, 1.80 , -3.583661E-011, 3.515480E-012, -1.037501E-011, -9.104010E-014, 2.150400E+004 1.570926E+074 2.150400E+004, Wed Oct 07 22:30:23 2015
0.10, 1.80, 1.80, 1.80 , -3.537242E-011, 3.497240E-012, -1.062656E-011, -1.180410E-013, 2.150400E+004 1.570926E+074 2.150400E+004, Wed Oct 07 22:30:33 2015
0.05, 1.80, 1.80, 1.80 , -3.575222E-011, 3.587930E-012, -1.163278E-011, -1.064180E-013, 2.150400E+004 1.570926E+074 2.150400E+004, Wed Oct 07 22:30:38 2015
0.00, 1.80, 1.80, 1.80 , -3.604759E-011, 3.613400E-012, -1.041693E-011, -1.093030E-013, 2.150400E+004 1.570926E+074 2.150400E+004, Wed Oct 07 22:30:45 2015
-0.05, 1.80, 1.80, 1.80 , -3.617422E-011, 3.614390E-012, -1.129737E-011, -1.037600E-013, 2.150400E+004 1.570926E+074 2.150400E+004, Wed Oct 07 22:30:55 2015
-0.10, 1.80, 1.80, 1.80 , -3.697603E-011, 3.716140E-012, -1.066849E-011, -1.033660E-013, 2.150400E+004 1.570926E+074 2.150400E+004, Wed Oct 07 22:31:00 2015
-0.15, 1.80, 1.80, 1.80 , -3.668059E-011, 3.703960E-012, -8.320669E-012, -1.266840E-013, 2.150400E+004 1.570926E+074 2.150400E+004, Wed Oct 07 22:31:06 2015
-0.20, 1.80, 1.80, 1.80 , -3.722919E-011, 3.752240E-012, -7.775622E-012, -9.838340E-014, 2.150400E+004 1.570926E+074 2.150400E+004, Wed Oct 07 22:31:13 2015
