1.80, 1.80, 0.60, 1.80 , 1.658497E-008, -1.653880E-008, -3.905364E-011, -1.171350E-013, 2.150400E+004 1.570926E+074 2.150400E+004, Wed Oct 07 22:36:18 2015
1.75, 1.80, 0.60, 1.80 , -3.491827E-006, 3.491740E-006, -3.628628E-011, -1.175280E-013, 2.150400E+004 1.570926E+074 2.150400E+004, Wed Oct 07 22:36:21 2015
1.70, 1.80, 0.60, 1.80 , -6.779487E-006, 6.778880E-006, -3.418979E-011, -1.211760E-013, 2.150400E+004 1.570926E+074 2.150400E+004, Wed Oct 07 22:36:25 2015
1.65, 1.80, 0.60, 1.80 , -9.835955E-006, 9.834130E-006, -3.519611E-011, -8.727310E-014, 2.150400E+004 1.570926E+074 2.150400E+004, Wed Oct 07 22:36:29 2015
1.60, 1.80, 0.60, 1.80 , -1.266120E-005, 1.265010E-005, -3.410593E-011, -1.045820E-013, 2.150400E+004 1.570926E+074 2.150400E+004, Wed Oct 07 22:36:32 2015
1.55, 1.80, 0.60, 1.80 , -1.525071E-005, 1.524110E-005, -3.435751E-011, -1.120210E-013, 2.150400E+004 1.570926E+074 2.150400E+004, Wed Oct 07 22:36:36 2015
1.50, 1.80, 0.60, 1.80 , -1.760461E-005, 1.759380E-005, -3.645400E-011, -9.449720E-014, 2.150400E+004 1.570926E+074 2.150400E+004, Wed Oct 07 22:36:39 2015
1.45, 1.80, 0.60, 1.80 , -1.972074E-005, 1.970900E-005, -3.339313E-011, -1.131530E-013, 2.150400E+004 1.570926E+074 2.150400E+004, Wed Oct 07 22:36:43 2015
1.40, 1.80, 0.60, 1.80 , -2.158451E-005, 2.157680E-005, -3.406400E-011, -1.054530E-013, 2.150400E+004 1.570926E+074 2.150400E+004, Wed Oct 07 22:36:47 2015
1.35, 1.80, 0.60, 1.80 , -2.319907E-005, 2.318750E-005, -3.163208E-011, -1.160620E-013, 2.150400E+004 1.570926E+074 2.150400E+004, Wed Oct 07 22:36:50 2015
1.30, 1.80, 0.60, 1.80 , -2.456790E-005, 2.455690E-005, -3.318348E-011, -9.983780E-014, 2.150400E+004 1.570926E+074 2.150400E+004, Wed Oct 07 22:36:54 2015
1.25, 1.80, 0.60, 1.80 , -2.570213E-005, 2.568890E-005, -3.242874E-011, -1.240970E-013, 2.150400E+004 1.570926E+074 2.150400E+004, Wed Oct 07 22:36:57 2015
1.20, 1.80, 0.60, 1.80 , -2.660437E-005, 2.659820E-005, -3.192559E-011, -1.247760E-013, 2.150400E+004 1.570926E+074 2.150400E+004, Wed Oct 07 22:37:01 2015
1.15, 1.80, 0.60, 1.80 , -2.731067E-005, 2.729830E-005, -3.192559E-011, -1.153470E-013, 2.150400E+004 1.570926E+074 2.150400E+004, Wed Oct 07 22:37:04 2015
1.10, 1.80, 0.60, 1.80 , -2.782385E-005, 2.781230E-005, -3.117085E-011, -1.240730E-013, 2.150400E+004 1.570926E+074 2.150400E+004, Wed Oct 07 22:37:08 2015
1.05, 1.80, 0.60, 1.80 , -2.819924E-005, 2.818550E-005, -3.012262E-011, -1.004340E-013, 2.150400E+004 1.570926E+074 2.150400E+004, Wed Oct 07 22:37:11 2015
1.00, 1.80, 0.60, 1.80 , -2.846382E-005, 2.844930E-005, -3.284804E-011, -1.191380E-013, 2.150400E+004 1.570926E+074 2.150400E+004, Wed Oct 07 22:37:15 2015
0.95, 1.80, 0.60, 1.80 , -2.865183E-005, 2.864110E-005, -3.247067E-011, -1.215220E-013, 2.150400E+004 1.570926E+074 2.150400E+004, Wed Oct 07 22:37:18 2015
0.90, 1.80, 0.60, 1.80 , -2.880014E-005, 2.878840E-005, -3.255453E-011, -1.153710E-013, 2.150400E+004 1.570926E+074 2.150400E+004, Wed Oct 07 22:37:22 2015
0.85, 1.80, 0.60, 1.80 , -2.891105E-005, 2.889650E-005, -3.075156E-011, -1.172420E-013, 2.150400E+004 1.570926E+074 2.150400E+004, Wed Oct 07 22:37:25 2015
0.80, 1.80, 0.60, 1.80 , -2.900353E-005, 2.899280E-005, -3.200944E-011, -1.132730E-013, 2.150400E+004 1.570926E+074 2.150400E+004, Wed Oct 07 22:37:29 2015
0.75, 1.80, 0.60, 1.80 , -2.908042E-005, 2.906990E-005, -3.364471E-011, -1.316910E-013, 2.150400E+004 1.570926E+074 2.150400E+004, Wed Oct 07 22:37:33 2015
0.70, 1.80, 0.60, 1.80 , -2.915007E-005, 2.913560E-005, -3.213523E-011, -1.012680E-013, 2.150400E+004 1.570926E+074 2.150400E+004, Wed Oct 07 22:37:36 2015
0.65, 1.80, 0.60, 1.80 , -2.921365E-005, 2.919850E-005, -3.389629E-011, -1.301170E-013, 2.150400E+004 1.570926E+074 2.150400E+004, Wed Oct 07 22:37:40 2015
0.60, 1.80, 0.60, 1.80 , -2.926575E-005, 2.925680E-005, -3.196752E-011, -1.210810E-013, 2.150400E+004 1.570926E+074 2.150400E+004, Wed Oct 07 22:37:43 2015
0.55, 1.80, 0.60, 1.80 , -2.933094E-005, 2.932290E-005, -3.305769E-011, -1.291630E-013, 2.150400E+004 1.570926E+074 2.150400E+004, Wed Oct 07 22:37:47 2015
0.50, 1.80, 0.60, 1.80 , -2.938686E-005, 2.937130E-005, -3.192559E-011, -9.372230E-014, 2.150400E+004 1.570926E+074 2.150400E+004, Wed Oct 07 22:37:50 2015
0.45, 1.80, 0.60, 1.80 , -2.943293E-005, 2.942190E-005, -3.402207E-011, -1.227260E-013, 2.150400E+004 1.570926E+074 2.150400E+004, Wed Oct 07 22:37:54 2015
0.40, 1.80, 0.60, 1.80 , -2.947335E-005, 2.946290E-005, -3.138050E-011, -1.246570E-013, 2.150400E+004 1.570926E+074 2.150400E+004, Wed Oct 07 22:37:57 2015
0.35, 1.80, 0.60, 1.80 , -2.952173E-005, 2.950440E-005, -3.259646E-011, -1.134280E-013, 2.150400E+004 1.570926E+074 2.150400E+004, Wed Oct 07 22:38:01 2015
0.30, 1.80, 0.60, 1.80 , -2.956399E-005, 2.955500E-005, -3.192559E-011, -1.188990E-013, 2.150400E+004 1.570926E+074 2.150400E+004, Wed Oct 07 22:38:04 2015
0.25, 1.80, 0.60, 1.80 , -2.960620E-005, 2.959380E-005, -3.096121E-011, -1.081230E-013, 2.150400E+004 1.570926E+074 2.150400E+004, Wed Oct 07 22:38:08 2015
0.20, 1.80, 0.60, 1.80 , -2.964472E-005, 2.963340E-005, -3.221910E-011, -9.154080E-014, 2.150400E+004 1.570926E+074 2.150400E+004, Wed Oct 07 22:38:12 2015
0.15, 1.80, 0.60, 1.80 , -2.968359E-005, 2.966900E-005, -3.234488E-011, -1.264210E-013, 2.150400E+004 1.570926E+074 2.150400E+004, Wed Oct 07 22:38:15 2015
0.10, 1.80, 0.60, 1.80 , -2.971983E-005, 2.970530E-005, -3.226103E-011, -1.101850E-013, 2.150400E+004 1.570926E+074 2.150400E+004, Wed Oct 07 22:38:19 2015
0.05, 1.80, 0.60, 1.80 , -2.975012E-005, 2.973600E-005, -3.091928E-011, -9.830000E-014, 2.150400E+004 1.570926E+074 2.150400E+004, Wed Oct 07 22:38:22 2015
0.00, 1.80, 0.60, 1.80 , -2.979690E-005, 2.977860E-005, -3.104507E-011, -9.471180E-014, 2.150400E+004 1.570926E+074 2.150400E+004, Wed Oct 07 22:38:26 2015
-0.05, 1.80, 0.60, 1.80 , -2.983533E-005, 2.982660E-005, -3.024840E-011, -1.017090E-013, 2.150400E+004 1.570926E+074 2.150400E+004, Wed Oct 07 22:38:29 2015
-0.10, 1.80, 0.60, 1.80 , -2.986651E-005, 2.985440E-005, -3.188366E-011, -1.034980E-013, 2.150400E+004 1.570926E+074 2.150400E+004, Wed Oct 07 22:38:33 2015
-0.15, 1.80, 0.60, 1.80 , -2.989994E-005, 2.989340E-005, -3.196752E-011, -9.267330E-014, 2.150400E+004 1.570926E+074 2.150400E+004, Wed Oct 07 22:38:36 2015
-0.20, 1.80, 0.60, 1.80 , -2.993114E-005, 2.991720E-005, -3.104506E-011, -1.236560E-013, 2.150400E+004 1.570926E+074 2.150400E+004, Wed Oct 07 22:38:40 2015
