1.40, 1.80, 1.80, 1.80 , -2.908451E-011, 2.122740E-012, 8.659136E-012, -7.779600E-014, 2.150400E+004 1.570926E+074 2.150400E+004, Wed Oct 07 22:11:04 2015
1.40, 1.80, 1.78, 1.80 , -2.680571E-011, 2.189980E-012, -1.041695E-011, -8.679630E-014, 2.150400E+004 1.570926E+074 2.150400E+004, Wed Oct 07 22:11:13 2015
1.40, 1.80, 1.76, 1.80 , -2.634151E-011, 2.470280E-012, -1.641229E-011, -7.587670E-014, 2.150400E+004 1.570926E+074 2.150400E+004, Wed Oct 07 22:11:17 2015
1.40, 1.80, 1.74, 1.80 , -2.731211E-011, 2.524940E-012, -1.733464E-011, -9.870530E-014, 2.150400E+004 1.570926E+074 2.150400E+004, Wed Oct 07 22:11:29 2015
1.40, 1.80, 1.72, 1.80 , -2.718553E-011, 2.791850E-012, -1.938899E-011, -8.735660E-014, 2.150400E+004 1.570926E+074 2.150400E+004, Wed Oct 07 22:11:38 2015
1.40, 1.80, 1.70, 1.80 , -2.676353E-011, 3.070860E-012, -1.783775E-011, -8.966920E-014, 2.150400E+004 1.570926E+074 2.150400E+004, Wed Oct 07 22:11:51 2015
1.40, 1.80, 1.68, 1.80 , -2.748092E-011, 3.691420E-012, -1.926321E-011, -9.530780E-014, 2.150400E+004 1.570926E+074 2.150400E+004, Wed Oct 07 22:11:58 2015
1.40, 1.80, 1.66, 1.80 , -2.904232E-011, 4.816110E-012, -2.265917E-011, -9.480720E-014, 2.150400E+004 1.570926E+074 2.150400E+004, Wed Oct 07 22:12:03 2015
1.40, 1.80, 1.64, 1.80 , -2.946433E-011, 6.862760E-012, -2.152719E-011, -9.474750E-014, 2.150400E+004 1.570926E+074 2.150400E+004, Wed Oct 07 22:12:10 2015
1.40, 1.80, 1.62, 1.80 , -3.448617E-011, 1.095690E-011, -2.219799E-011, -1.106860E-013, 2.150400E+004 1.570926E+074 2.150400E+004, Wed Oct 07 22:12:18 2015
1.40, 1.80, 1.60, 1.80 , -4.258861E-011, 1.949170E-011, -2.307843E-011, -1.162290E-013, 2.150400E+004 1.570926E+074 2.150400E+004, Wed Oct 07 22:12:23 2015
1.40, 1.80, 1.58, 1.80 , -5.976413E-011, 3.698170E-011, -2.286880E-011, -8.063320E-014, 2.150400E+004 1.570926E+074 2.150400E+004, Wed Oct 07 22:12:29 2015
1.40, 1.80, 1.56, 1.80 , -9.592972E-011, 7.324670E-011, -2.450403E-011, -8.642670E-014, 2.150400E+004 1.570926E+074 2.150400E+004, Wed Oct 07 22:12:33 2015
1.40, 1.80, 1.54, 1.80 , -1.711730E-010, 1.481190E-010, -2.509105E-011, -9.530780E-014, 2.150400E+004 1.570926E+074 2.150400E+004, Wed Oct 07 22:12:42 2015
1.40, 1.80, 1.52, 1.80 , -3.267652E-010, 3.040450E-010, -2.542649E-011, -1.193640E-013, 2.150400E+004 1.570926E+074 2.150400E+004, Wed Oct 07 22:12:46 2015
1.40, 1.80, 1.50, 1.80 , -6.487956E-010, 6.276940E-010, -2.538456E-011, -8.943080E-014, 2.150400E+004 1.570926E+074 2.150400E+004, Wed Oct 07 22:12:51 2015
1.40, 1.80, 1.48, 1.80 , -1.313449E-009, 1.289350E-009, -2.655859E-011, -1.179810E-013, 2.150400E+004 1.570926E+074 2.150400E+004, Wed Oct 07 22:12:55 2015
1.40, 1.80, 1.46, 1.80 , -2.653519E-009, 2.633420E-009, -2.681017E-011, -1.059410E-013, 2.150400E+004 1.570926E+074 2.150400E+004, Wed Oct 07 22:12:59 2015
1.40, 1.80, 1.44, 1.80 , -5.368346E-009, 5.322320E-009, -2.769068E-011, -1.064060E-013, 2.150400E+004 1.570926E+074 2.150400E+004, Wed Oct 07 22:13:03 2015
1.40, 1.80, 1.42, 1.80 , -1.056202E-008, 1.054990E-008, -2.966138E-011, -1.071330E-013, 2.150400E+004 1.570926E+074 2.150400E+004, Wed Oct 07 22:13:06 2015
1.40, 1.80, 1.40, 1.80 , -2.027331E-008, 2.021160E-008, -2.727139E-011, -1.055720E-013, 2.150400E+004 1.570926E+074 2.150400E+004, Wed Oct 07 22:13:10 2015
1.40, 1.80, 1.38, 1.80 , -3.738895E-008, 3.736570E-008, -2.903243E-011, -8.906130E-014, 2.150400E+004 1.570926E+074 2.150400E+004, Wed Oct 07 22:13:13 2015
1.40, 1.80, 1.36, 1.80 , -6.575691E-008, 6.572730E-008, -2.693595E-011, -1.027820E-013, 2.150400E+004 1.570926E+074 2.150400E+004, Wed Oct 07 22:13:17 2015
1.40, 1.80, 1.34, 1.80 , -1.099652E-007, 1.099630E-007, -2.869700E-011, -1.086000E-013, 2.150400E+004 1.570926E+074 2.150400E+004, Wed Oct 07 22:13:21 2015
1.40, 1.80, 1.32, 1.80 , -1.751497E-007, 1.750940E-007, -2.878086E-011, -1.110320E-013, 2.150400E+004 1.570926E+074 2.150400E+004, Wed Oct 07 22:13:24 2015
1.40, 1.80, 1.30, 1.80 , -2.662527E-007, 2.663560E-007, -2.999681E-011, -7.209780E-014, 2.150400E+004 1.570926E+074 2.150400E+004, Wed Oct 07 22:13:28 2015
1.40, 1.80, 1.28, 1.80 , -3.871734E-007, 3.872410E-007, -3.079348E-011, -8.978840E-014, 2.150400E+004 1.570926E+074 2.150400E+004, Wed Oct 07 22:13:31 2015
1.40, 1.80, 1.26, 1.80 , -5.421896E-007, 5.420490E-007, -2.823577E-011, -1.011850E-013, 2.150400E+004 1.570926E+074 2.150400E+004, Wed Oct 07 22:13:35 2015
1.40, 1.80, 1.24, 1.80 , -7.334513E-007, 7.337660E-007, -3.020647E-011, -1.004700E-013, 2.150400E+004 1.570926E+074 2.150400E+004, Wed Oct 07 22:13:38 2015
1.40, 1.80, 1.22, 1.80 , -9.646684E-007, 9.643850E-007, -2.899051E-011, -1.048330E-013, 2.150400E+004 1.570926E+074 2.150400E+004, Wed Oct 07 22:13:42 2015
1.40, 1.80, 1.20, 1.80 , -1.236244E-006, 1.236450E-006, -2.949366E-011, -9.989740E-014, 2.150400E+004 1.570926E+074 2.150400E+004, Wed Oct 07 22:13:46 2015
1.40, 1.80, 1.18, 1.80 , -1.549322E-006, 1.548560E-006, -2.920015E-011, -1.020430E-013, 2.150400E+004 1.570926E+074 2.150400E+004, Wed Oct 07 22:13:49 2015
1.40, 1.80, 1.16, 1.80 , -1.904375E-006, 1.903890E-006, -2.982910E-011, -1.072530E-013, 2.150400E+004 1.570926E+074 2.150400E+004, Wed Oct 07 22:13:53 2015
1.40, 1.80, 1.14, 1.80 , -2.302648E-006, 2.303190E-006, -2.982910E-011, -9.806160E-014, 2.150400E+004 1.570926E+074 2.150400E+004, Wed Oct 07 22:13:56 2015
1.40, 1.80, 1.12, 1.80 , -2.744696E-006, 2.743060E-006, -3.054190E-011, -9.394880E-014, 2.150400E+004 1.570926E+074 2.150400E+004, Wed Oct 07 22:14:00 2015
1.40, 1.80, 1.10, 1.80 , -3.227598E-006, 3.227500E-006, -3.138050E-011, -9.412770E-014, 2.150400E+004 1.570926E+074 2.150400E+004, Wed Oct 07 22:14:03 2015
1.40, 1.80, 1.08, 1.80 , -3.752569E-006, 3.752710E-006, -3.142242E-011, -1.232390E-013, 2.150400E+004 1.570926E+074 2.150400E+004, Wed Oct 07 22:14:07 2015
1.40, 1.80, 1.06, 1.80 , -4.317035E-006, 4.316020E-006, -3.016453E-011, -1.128670E-013, 2.150400E+004 1.570926E+074 2.150400E+004, Wed Oct 07 22:14:11 2015
1.40, 1.80, 1.04, 1.80 , -4.920659E-006, 4.920570E-006, -2.634894E-011, -9.578470E-014, 2.150400E+004 1.570926E+074 2.150400E+004, Wed Oct 07 22:14:14 2015
1.40, 1.80, 1.02, 1.80 , -5.561720E-006, 5.560720E-006, -4.354010E-011, -1.125690E-013, 2.150400E+004 1.570926E+074 2.150400E+004, Wed Oct 07 22:14:18 2015
1.40, 1.80, 1.00, 1.80 , -6.231286E-006, 6.230910E-006, -3.406399E-011, -1.017690E-013, 2.150400E+004 1.570926E+074 2.150400E+004, Wed Oct 07 22:14:21 2015
1.40, 1.80, 0.98, 1.80 , -6.934686E-006, 6.933670E-006, -3.209330E-011, -1.028300E-013, 2.150400E+004 1.570926E+074 2.150400E+004, Wed Oct 07 22:14:25 2015
1.40, 1.80, 0.96, 1.80 , -7.662311E-006, 7.661500E-006, -3.268031E-011, -1.012920E-013, 2.150400E+004 1.570926E+074 2.150400E+004, Wed Oct 07 22:14:28 2015
1.40, 1.80, 0.94, 1.80 , -8.407995E-006, 8.406510E-006, -3.238681E-011, -1.225830E-013, 2.150400E+004 1.570926E+074 2.150400E+004, Wed Oct 07 22:14:32 2015
1.40, 1.80, 0.92, 1.80 , -9.174264E-006, 9.175450E-006, -3.259645E-011, -9.117130E-014, 2.150400E+004 1.570926E+074 2.150400E+004, Wed Oct 07 22:14:35 2015
1.40, 1.80, 0.90, 1.80 , -9.954694E-006, 9.952600E-006, -2.689402E-011, -1.109600E-013, 2.150400E+004 1.570926E+074 2.150400E+004, Wed Oct 07 22:14:39 2015
1.40, 1.80, 0.88, 1.80 , -1.074270E-005, 1.073630E-005, -3.280611E-011, -1.080390E-013, 2.150400E+004 1.570926E+074 2.150400E+004, Wed Oct 07 22:14:43 2015
1.40, 1.80, 0.86, 1.80 , -1.153745E-005, 1.153050E-005, -3.129664E-011, -1.029490E-013, 2.150400E+004 1.570926E+074 2.150400E+004, Wed Oct 07 22:14:46 2015
1.40, 1.80, 0.84, 1.80 , -1.233632E-005, 1.232870E-005, -2.945173E-011, -1.094460E-013, 2.150400E+004 1.570926E+074 2.150400E+004, Wed Oct 07 22:14:50 2015
1.40, 1.80, 0.82, 1.80 , -1.313779E-005, 1.312870E-005, -3.096120E-011, -1.046060E-013, 2.150400E+004 1.570926E+074 2.150400E+004, Wed Oct 07 22:14:53 2015
1.40, 1.80, 0.80, 1.80 , -1.393484E-005, 1.392300E-005, -2.857121E-011, -1.048920E-013, 2.150400E+004 1.570926E+074 2.150400E+004, Wed Oct 07 22:14:57 2015
1.40, 1.80, 0.78, 1.80 , -1.473159E-005, 1.472250E-005, -3.142242E-011, -1.042490E-013, 2.150400E+004 1.570926E+074 2.150400E+004, Wed Oct 07 22:15:00 2015
1.40, 1.80, 0.76, 1.80 , -1.552056E-005, 1.551160E-005, -3.330926E-011, -1.041410E-013, 2.150400E+004 1.570926E+074 2.150400E+004, Wed Oct 07 22:15:04 2015
1.40, 1.80, 0.74, 1.80 , -1.630897E-005, 1.629740E-005, -3.112892E-011, -1.237990E-013, 2.150400E+004 1.570926E+074 2.150400E+004, Wed Oct 07 22:15:08 2015
1.40, 1.80, 0.72, 1.80 , -1.708660E-005, 1.707530E-005, -3.083541E-011, -1.109480E-013, 2.150400E+004 1.570926E+074 2.150400E+004, Wed Oct 07 22:15:11 2015
1.40, 1.80, 0.70, 1.80 , -1.785386E-005, 1.784380E-005, -3.360276E-011, -1.201510E-013, 2.150400E+004 1.570926E+074 2.150400E+004, Wed Oct 07 22:15:15 2015
1.40, 1.80, 0.68, 1.80 , -1.861859E-005, 1.860410E-005, -3.234488E-011, -1.011490E-013, 2.150400E+004 1.570926E+074 2.150400E+004, Wed Oct 07 22:15:18 2015
1.40, 1.80, 0.66, 1.80 , -1.936828E-005, 1.935860E-005, -3.343505E-011, -1.069550E-013, 2.150400E+004 1.570926E+074 2.150400E+004, Wed Oct 07 22:15:22 2015
1.40, 1.80, 0.64, 1.80 , -2.012193E-005, 2.010900E-005, -3.527995E-011, -8.778570E-014, 2.150400E+004 1.570926E+074 2.150400E+004, Wed Oct 07 22:15:25 2015
1.40, 1.80, 0.62, 1.80 , -2.085722E-005, 2.084570E-005, -3.519609E-011, -1.142140E-013, 2.150400E+004 1.570926E+074 2.150400E+004, Wed Oct 07 22:15:29 2015
1.40, 1.80, 0.60, 1.80 , -2.158401E-005, 2.157550E-005, -3.377049E-011, -1.159550E-013, 2.150400E+004 1.570926E+074 2.150400E+004, Wed Oct 07 22:15:32 2015
1.40, 1.80, 0.58, 1.80 , -2.230153E-005, 2.229060E-005, -3.418978E-011, -1.177190E-013, 2.150400E+004 1.570926E+074 2.150400E+004, Wed Oct 07 22:15:36 2015
1.40, 1.80, 0.56, 1.80 , -2.301243E-005, 2.300240E-005, -3.276418E-011, -9.737020E-014, 2.150400E+004 1.570926E+074 2.150400E+004, Wed Oct 07 22:15:39 2015
1.40, 1.80, 0.54, 1.80 , -2.371781E-005, 2.370430E-005, -3.356083E-011, -9.535550E-014, 2.150400E+004 1.570926E+074 2.150400E+004, Wed Oct 07 22:15:43 2015
1.40, 1.80, 0.52, 1.80 , -2.441494E-005, 2.440410E-005, -3.544767E-011, -9.278060E-014, 2.150400E+004 1.570926E+074 2.150400E+004, Wed Oct 07 22:15:47 2015
1.40, 1.80, 0.50, 1.80 , -2.510022E-005, 2.509090E-005, -3.435750E-011, -1.063230E-013, 2.150400E+004 1.570926E+074 2.150400E+004, Wed Oct 07 22:15:50 2015
1.40, 1.80, 0.48, 1.80 , -2.576829E-005, 2.576350E-005, -3.548960E-011, -1.182790E-013, 2.150400E+004 1.570926E+074 2.150400E+004, Wed Oct 07 22:15:54 2015
1.40, 1.80, 0.46, 1.80 , -2.644392E-005, 2.643400E-005, -3.599274E-011, -7.854700E-014, 2.150400E+004 1.570926E+074 2.150400E+004, Wed Oct 07 22:15:57 2015
1.40, 1.80, 0.44, 1.80 , -2.709845E-005, 2.709000E-005, -3.511223E-011, -9.548660E-014, 2.150400E+004 1.570926E+074 2.150400E+004, Wed Oct 07 22:16:01 2015
1.40, 1.80, 0.42, 1.80 , -2.774778E-005, 2.773670E-005, -3.590889E-011, -1.040220E-013, 2.150400E+004 1.570926E+074 2.150400E+004, Wed Oct 07 22:16:04 2015
1.40, 1.80, 0.40, 1.80 , -2.838643E-005, 2.837640E-005, -3.288997E-011, -1.047490E-013, 2.150400E+004 1.570926E+074 2.150400E+004, Wed Oct 07 22:16:08 2015
1.40, 1.80, 0.38, 1.80 , -2.902369E-005, 2.900840E-005, -3.511223E-011, -1.251700E-013, 2.150400E+004 1.570926E+074 2.150400E+004, Wed Oct 07 22:16:11 2015
1.40, 1.80, 0.36, 1.80 , -2.964176E-005, 2.963090E-005, -3.532188E-011, -1.015780E-013, 2.150400E+004 1.570926E+074 2.150400E+004, Wed Oct 07 22:16:15 2015
1.40, 1.80, 0.34, 1.80 , -3.026074E-005, 3.024370E-005, -3.406399E-011, -1.251340E-013, 2.150400E+004 1.570926E+074 2.150400E+004, Wed Oct 07 22:16:19 2015
1.40, 1.80, 0.32, 1.80 , -3.086494E-005, 3.085390E-005, -3.683134E-011, -1.271130E-013, 2.150400E+004 1.570926E+074 2.150400E+004, Wed Oct 07 22:16:22 2015
1.40, 1.80, 0.30, 1.80 , -3.145875E-005, 3.144810E-005, -3.364469E-011, -1.073840E-013, 2.150400E+004 1.570926E+074 2.150400E+004, Wed Oct 07 22:16:26 2015
1.40, 1.80, 0.28, 1.80 , -3.205642E-005, 3.204480E-005, -3.662168E-011, -9.875300E-014, 2.150400E+004 1.570926E+074 2.150400E+004, Wed Oct 07 22:16:29 2015
1.40, 1.80, 0.26, 1.80 , -3.264234E-005, 3.262710E-005, -3.578310E-011, -1.048210E-013, 2.150400E+004 1.570926E+074 2.150400E+004, Wed Oct 07 22:16:33 2015
1.40, 1.80, 0.24, 1.80 , -3.322333E-005, 3.320930E-005, -3.578310E-011, -1.067520E-013, 2.150400E+004 1.570926E+074 2.150400E+004, Wed Oct 07 22:16:36 2015
1.40, 1.80, 0.22, 1.80 , -3.379532E-005, 3.378130E-005, -3.523802E-011, -9.706020E-014, 2.150400E+004 1.570926E+074 2.150400E+004, Wed Oct 07 22:16:40 2015
1.40, 1.80, 0.20, 1.80 , -3.435637E-005, 3.434500E-005, -3.628626E-011, -9.639260E-014, 2.150400E+004 1.570926E+074 2.150400E+004, Wed Oct 07 22:16:43 2015
1.40, 1.80, 0.18, 1.80 , -3.492406E-005, 3.490990E-005, -3.771187E-011, -1.045230E-013, 2.150400E+004 1.570926E+074 2.150400E+004, Wed Oct 07 22:16:47 2015
1.40, 1.80, 0.16, 1.80 , -3.548149E-005, 3.547260E-005, -3.704100E-011, -1.002670E-013, 2.150400E+004 1.570926E+074 2.150400E+004, Wed Oct 07 22:16:50 2015
1.40, 1.80, 0.14, 1.80 , -3.603098E-005, 3.602110E-005, -3.561539E-011, -1.076340E-013, 2.150400E+004 1.570926E+074 2.150400E+004, Wed Oct 07 22:16:54 2015
1.40, 1.80, 0.12, 1.80 , -3.657804E-005, 3.656600E-005, -3.662170E-011, -1.070140E-013, 2.150400E+004 1.570926E+074 2.150400E+004, Wed Oct 07 22:16:58 2015
1.40, 1.80, 0.10, 1.80 , -3.711183E-005, 3.710240E-005, -3.729257E-011, -1.082180E-013, 2.150400E+004 1.570926E+074 2.150400E+004, Wed Oct 07 22:17:01 2015
1.40, 1.80, 0.08, 1.80 , -3.765286E-005, 3.763590E-005, -3.733450E-011, -1.040700E-013, 2.150400E+004 1.570926E+074 2.150400E+004, Wed Oct 07 22:17:05 2015
1.40, 1.80, 0.06, 1.80 , -3.817911E-005, 3.815600E-005, -3.771188E-011, -1.254800E-013, 2.150400E+004 1.570926E+074 2.150400E+004, Wed Oct 07 22:17:08 2015
1.40, 1.80, 0.04, 1.80 , -3.869268E-005, 3.867830E-005, -3.725065E-011, -1.115080E-013, 2.150400E+004 1.570926E+074 2.150400E+004, Wed Oct 07 22:17:12 2015
1.40, 1.80, 0.02, 1.80 , -3.920525E-005, 3.918960E-005, -3.653784E-011, -1.050950E-013, 2.150400E+004 1.570926E+074 2.150400E+004, Wed Oct 07 22:17:15 2015
1.40, 1.80, 0.00, 1.80 , -3.970963E-005, 3.969400E-005, -3.859238E-011, -1.078250E-013, 2.150400E+004 1.570926E+074 2.150400E+004, Wed Oct 07 22:17:19 2015
1.40, 1.80, -0.02, 1.80 , -4.019784E-005, 4.017510E-005, -3.507030E-011, -1.053330E-013, 2.150400E+004 1.570926E+074 2.150400E+004, Wed Oct 07 22:17:22 2015
1.40, 1.80, -0.04, 1.80 , -4.069001E-005, 4.068120E-005, -3.800538E-011, -1.079680E-013, 2.150400E+004 1.570926E+074 2.150400E+004, Wed Oct 07 22:17:26 2015
1.40, 1.80, -0.06, 1.80 , -4.119117E-005, 4.117340E-005, -3.892783E-011, -9.267330E-014, 2.150400E+004 1.570926E+074 2.150400E+004, Wed Oct 07 22:17:30 2015
1.40, 1.80, -0.08, 1.80 , -4.166602E-005, 4.165380E-005, -3.716678E-011, -1.181240E-013, 2.150400E+004 1.570926E+074 2.150400E+004, Wed Oct 07 22:17:33 2015
1.40, 1.80, -0.10, 1.80 , -4.214078E-005, 4.212350E-005, -3.985029E-011, -7.621050E-014, 2.150400E+004 1.570926E+074 2.150400E+004, Wed Oct 07 22:17:37 2015
1.40, 1.80, -0.12, 1.80 , -4.261865E-005, 4.260080E-005, -3.926325E-011, -9.797810E-014, 2.150400E+004 1.570926E+074 2.150400E+004, Wed Oct 07 22:17:40 2015
1.40, 1.80, -0.14, 1.80 , -4.307094E-005, 4.305650E-005, -3.901168E-011, -1.035930E-013, 2.150400E+004 1.570926E+074 2.150400E+004, Wed Oct 07 22:17:44 2015
1.40, 1.80, -0.16, 1.80 , -4.353672E-005, 4.352400E-005, -3.917941E-011, -1.087550E-013, 2.150400E+004 1.570926E+074 2.150400E+004, Wed Oct 07 22:17:47 2015
1.40, 1.80, -0.18, 1.80 , -4.398793E-005, 4.397010E-005, -3.880204E-011, -1.100540E-013, 2.150400E+004 1.570926E+074 2.150400E+004, Wed Oct 07 22:17:51 2015
1.40, 1.80, -0.20, 1.80 , -4.443113E-005, 4.441530E-005, -3.855045E-011, -9.505750E-014, 2.150400E+004 1.570926E+074 2.150400E+004, Wed Oct 07 22:17:54 2015
