1.80, 1.80, -0.20, 1.80 , 7.492068E-009, -6.751370E-009, -4.257515E-011, -1.033310E-013, 2.150400E+004 1.570926E+074 2.150400E+004, Tue Oct 13 00:39:53 2015
1.75, 1.80, -0.20, 1.80 , -5.051754E-007, 5.067910E-007, -4.240742E-011, -9.920600E-014, 2.150400E+004 1.570926E+074 2.150400E+004, Tue Oct 13 00:39:57 2015
1.70, 1.80, -0.20, 1.80 , -2.034143E-006, 2.036350E-006, -4.295250E-011, -7.709260E-014, 2.150400E+004 1.570926E+074 2.150400E+004, Tue Oct 13 00:40:00 2015
1.65, 1.80, -0.20, 1.80 , -5.180074E-006, 5.182140E-006, -4.244935E-011, -1.028900E-013, 2.150400E+004 1.570926E+074 2.150400E+004, Tue Oct 13 00:40:04 2015
1.60, 1.80, -0.20, 1.80 , -1.035491E-005, 1.037130E-005, -3.855001E-011, -8.804800E-014, 2.150400E+004 1.570926E+074 2.150400E+004, Tue Oct 13 00:40:07 2015
1.55, 1.80, -0.20, 1.80 , -1.719121E-005, 1.718590E-005, -4.211395E-011, -9.310250E-014, 2.150400E+004 1.570926E+074 2.150400E+004, Tue Oct 13 00:40:11 2015
1.50, 1.80, -0.20, 1.80 , -2.492114E-005, 2.491480E-005, -4.022715E-011, -1.120570E-013, 2.150400E+004 1.570926E+074 2.150400E+004, Tue Oct 13 00:40:15 2015
1.45, 1.80, -0.20, 1.80 , -3.302112E-005, 3.301270E-005, -3.880159E-011, -1.041770E-013, 2.150400E+004 1.570926E+074 2.150400E+004, Tue Oct 13 00:40:18 2015
1.40, 1.80, -0.20, 1.80 , -4.122118E-005, 4.121280E-005, -3.955630E-011, -9.193420E-014, 2.150400E+004 1.570926E+074 2.150400E+004, Tue Oct 13 00:40:22 2015
1.35, 1.80, -0.20, 1.80 , -4.937971E-005, 4.937050E-005, -3.896930E-011, -1.222130E-013, 2.150400E+004 1.570926E+074 2.150400E+004, Tue Oct 13 00:40:25 2015
1.30, 1.80, -0.20, 1.80 , -5.746105E-005, 5.744870E-005, -4.182044E-011, -7.536410E-014, 2.150400E+004 1.570926E+074 2.150400E+004, Tue Oct 13 00:40:29 2015
1.25, 1.80, -0.20, 1.80 , -6.544463E-005, 6.542630E-005, -3.938859E-011, -7.936950E-014, 2.150400E+004 1.570926E+074 2.150400E+004, Tue Oct 13 00:40:32 2015
1.20, 1.80, -0.20, 1.80 , -7.328085E-005, 7.326460E-005, -4.165272E-011, -9.850260E-014, 2.150400E+004 1.570926E+074 2.150400E+004, Tue Oct 13 00:40:36 2015
1.15, 1.80, -0.20, 1.80 , -8.093748E-005, 8.091940E-005, -4.098187E-011, -1.051780E-013, 2.150400E+004 1.570926E+074 2.150400E+004, Tue Oct 13 00:40:39 2015
1.10, 1.80, -0.20, 1.80 , -8.837663E-005, 8.835530E-005, -3.926279E-011, -9.173150E-014, 2.150400E+004 1.570926E+074 2.150400E+004, Tue Oct 13 00:40:43 2015
1.05, 1.80, -0.20, 1.80 , -9.556979E-005, 9.554830E-005, -4.081415E-011, -8.039470E-014, 2.150400E+004 1.570926E+074 2.150400E+004, Tue Oct 13 00:40:46 2015
1.00, 1.80, -0.20, 1.80 , -1.025173E-004, 1.024900E-004, -3.896930E-011, -1.050350E-013, 2.150400E+004 1.570926E+074 2.150400E+004, Tue Oct 13 00:40:50 2015
0.95, 1.80, -0.20, 1.80 , -1.091532E-004, 1.091360E-004, -3.628589E-011, -9.999280E-014, 2.150400E+004 1.570926E+074 2.150400E+004, Tue Oct 13 00:40:54 2015
0.90, 1.80, -0.20, 1.80 , -1.155360E-004, 1.155200E-004, -3.804688E-011, -1.078610E-013, 2.150400E+004 1.570926E+074 2.150400E+004, Tue Oct 13 00:40:57 2015
0.85, 1.80, -0.20, 1.80 , -1.216341E-004, 1.216130E-004, -3.871773E-011, -1.160500E-013, 2.150400E+004 1.570926E+074 2.150400E+004, Tue Oct 13 00:41:01 2015
0.80, 1.80, -0.20, 1.80 , -1.273883E-004, 1.273650E-004, -4.140113E-011, -8.598570E-014, 2.150400E+004 1.570926E+074 2.150400E+004, Tue Oct 13 00:41:04 2015
0.75, 1.80, -0.20, 1.80 , -1.328029E-004, 1.327820E-004, -3.955629E-011, -8.215900E-014, 2.150400E+004 1.570926E+074 2.150400E+004, Tue Oct 13 00:41:08 2015
0.70, 1.80, -0.20, 1.80 , -1.379083E-004, 1.378850E-004, -3.989173E-011, -1.042250E-013, 2.150400E+004 1.570926E+074 2.150400E+004, Tue Oct 13 00:41:11 2015
0.65, 1.80, -0.20, 1.80 , -1.426626E-004, 1.426340E-004, -3.930473E-011, -1.060720E-013, 2.150400E+004 1.570926E+074 2.150400E+004, Tue Oct 13 00:41:15 2015
0.60, 1.80, -0.20, 1.80 , -1.470552E-004, 1.470290E-004, -3.997558E-011, -9.738210E-014, 2.150400E+004 1.570926E+074 2.150400E+004, Tue Oct 13 00:41:19 2015
0.55, 1.80, -0.20, 1.80 , -1.510876E-004, 1.510570E-004, -4.047872E-011, -1.244660E-013, 2.150400E+004 1.570926E+074 2.150400E+004, Tue Oct 13 00:41:22 2015
0.50, 1.80, -0.20, 1.80 , -1.547412E-004, 1.547140E-004, -3.880158E-011, -9.441380E-014, 2.150400E+004 1.570926E+074 2.150400E+004, Tue Oct 13 00:41:26 2015
0.45, 1.80, -0.20, 1.80 , -1.580080E-004, 1.579800E-004, -4.320407E-011, -9.579660E-014, 2.150400E+004 1.570926E+074 2.150400E+004, Tue Oct 13 00:41:29 2015
0.40, 1.80, -0.20, 1.80 , -1.608972E-004, 1.608700E-004, -4.110765E-011, -9.298320E-014, 2.150400E+004 1.570926E+074 2.150400E+004, Tue Oct 13 00:41:33 2015
0.35, 1.80, -0.20, 1.80 , -1.634160E-004, 1.633900E-004, -4.152692E-011, -1.062750E-013, 2.150400E+004 1.570926E+074 2.150400E+004, Tue Oct 13 00:41:36 2015
0.30, 1.80, -0.20, 1.80 , -1.655714E-004, 1.655420E-004, -4.005944E-011, -1.045580E-013, 2.150400E+004 1.570926E+074 2.150400E+004, Tue Oct 13 00:41:40 2015
0.25, 1.80, -0.20, 1.80 , -1.673917E-004, 1.673640E-004, -4.110765E-011, -9.214880E-014, 2.150400E+004 1.570926E+074 2.150400E+004, Tue Oct 13 00:41:43 2015
0.20, 1.80, -0.20, 1.80 , -1.688933E-004, 1.688520E-004, -4.282674E-011, -1.062870E-013, 2.150400E+004 1.570926E+074 2.150400E+004, Tue Oct 13 00:41:47 2015
0.15, 1.80, -0.20, 1.80 , -1.700857E-004, 1.700600E-004, -4.140113E-011, -1.148700E-013, 2.150400E+004 1.570926E+074 2.150400E+004, Tue Oct 13 00:41:50 2015
0.10, 1.80, -0.20, 1.80 , -1.710520E-004, 1.710220E-004, -4.337178E-011, -9.908680E-014, 2.150400E+004 1.570926E+074 2.150400E+004, Tue Oct 13 00:41:54 2015
0.05, 1.80, -0.20, 1.80 , -1.718150E-004, 1.717760E-004, -3.968207E-011, -1.121880E-013, 2.150400E+004 1.570926E+074 2.150400E+004, Tue Oct 13 00:41:58 2015
0.00, 1.80, -0.20, 1.80 , -1.724294E-004, 1.723910E-004, -4.219778E-011, -8.398290E-014, 2.150400E+004 1.570926E+074 2.150400E+004, Tue Oct 13 00:42:01 2015
-0.05, 1.80, -0.20, 1.80 , -1.729097E-004, 1.728760E-004, -4.098186E-011, -9.968280E-014, 2.150400E+004 1.570926E+074 2.150400E+004, Tue Oct 13 00:42:05 2015
-0.10, 1.80, -0.20, 1.80 , -1.732975E-004, 1.732630E-004, -4.395878E-011, -9.781120E-014, 2.150400E+004 1.570926E+074 2.150400E+004, Tue Oct 13 00:42:08 2015
-0.15, 1.80, -0.20, 1.80 , -1.736224E-004, 1.735910E-004, -4.068836E-011, -9.773970E-014, 2.150400E+004 1.570926E+074 2.150400E+004, Tue Oct 13 00:42:12 2015
-0.20, 1.80, -0.20, 1.80 , -1.739064E-004, 1.738680E-004, -4.261706E-011, -8.281470E-014, 2.150400E+004 1.570926E+074 2.150400E+004, Tue Oct 13 00:42:15 2015
