0.00, 1.80, 1.78, 1.80 , -3.507637E-011, 5.433110E-012, 5.961594E-005, -1.030560E-013, 2.150400E+004 1.570926E+074 2.150400E+004, Mon Oct 12 22:27:42 2015
0.00, 1.80, 1.76, 1.80 , -3.364161E-011, 5.423130E-012, 5.772444E-005, -9.870530E-014, 2.150400E+004 1.570926E+074 2.150400E+004, Mon Oct 12 22:27:50 2015
0.00, 1.80, 1.74, 1.80 , -3.351509E-011, 5.500450E-012, 5.579415E-005, -8.749960E-014, 2.150400E+004 1.570926E+074 2.150400E+004, Mon Oct 12 22:28:23 2015
0.00, 1.80, 1.72, 1.80 , -3.440120E-011, 5.562190E-012, 5.390804E-005, -1.189830E-013, 2.150400E+004 1.570926E+074 2.150400E+004, Mon Oct 12 22:28:45 2015
0.00, 1.80, 1.70, 1.80 , -3.283982E-011, 5.942680E-012, 5.200301E-005, -9.456870E-014, 2.150400E+004 1.570926E+074 2.150400E+004, Mon Oct 12 22:28:50 2015
0.00, 1.80, 1.68, 1.80 , -3.440120E-011, 5.816420E-012, 5.011950E-005, -8.933540E-014, 2.150400E+004 1.570926E+074 2.150400E+004, Mon Oct 12 22:29:02 2015
0.00, 1.80, 1.66, 1.80 , -3.456998E-011, 5.927310E-012, 4.821832E-005, -1.071930E-013, 2.150400E+004 1.570926E+074 2.150400E+004, Mon Oct 12 22:29:08 2015
0.00, 1.80, 1.64, 1.80 , -3.212241E-011, 5.925110E-012, 4.636201E-005, -1.029970E-013, 2.150400E+004 1.570926E+074 2.150400E+004, Mon Oct 12 22:29:26 2015
0.00, 1.80, 1.62, 1.80 , -3.165821E-011, 5.918800E-012, 4.446740E-005, -7.567410E-014, 2.150400E+004 1.570926E+074 2.150400E+004, Mon Oct 12 22:29:43 2015
0.00, 1.80, 1.60, 1.80 , -3.081424E-011, 6.023760E-012, 4.261052E-005, -1.040580E-013, 2.150400E+004 1.570926E+074 2.150400E+004, Mon Oct 12 22:30:03 2015
0.00, 1.80, 1.58, 1.80 , -3.283984E-011, 6.306170E-012, 4.074364E-005, -1.155140E-013, 2.150400E+004 1.570926E+074 2.150400E+004, Mon Oct 12 22:30:13 2015
0.00, 1.80, 1.56, 1.80 , -3.334621E-011, 6.322100E-012, 3.888143E-005, -1.149770E-013, 2.150400E+004 1.570926E+074 2.150400E+004, Mon Oct 12 22:30:18 2015
0.00, 1.80, 1.54, 1.80 , -3.174265E-011, 6.203370E-012, 3.703788E-005, -9.772780E-014, 2.150400E+004 1.570926E+074 2.150400E+004, Mon Oct 12 22:30:27 2015
0.00, 1.80, 1.52, 1.80 , -3.110961E-011, 6.279250E-012, 3.520207E-005, -8.782150E-014, 2.150400E+004 1.570926E+074 2.150400E+004, Mon Oct 12 22:30:38 2015
0.00, 1.80, 1.50, 1.80 , -3.224903E-011, 6.252610E-012, 3.335416E-005, -8.188490E-014, 2.150400E+004 1.570926E+074 2.150400E+004, Mon Oct 12 22:30:43 2015
0.00, 1.80, 1.48, 1.80 , -3.140501E-011, 6.430670E-012, 3.152147E-005, -9.565350E-014, 2.150400E+004 1.570926E+074 2.150400E+004, Mon Oct 12 22:30:49 2015
0.00, 1.80, 1.46, 1.80 , -3.047662E-011, 6.386050E-012, 2.970610E-005, -9.479520E-014, 2.150400E+004 1.570926E+074 2.150400E+004, Mon Oct 12 22:31:06 2015
0.00, 1.80, 1.44, 1.80 , -3.064545E-011, 6.502990E-012, 2.787643E-005, -8.382800E-014, 2.150400E+004 1.570926E+074 2.150400E+004, Mon Oct 12 22:31:47 2015
0.00, 1.80, 1.42, 1.80 , -3.229119E-011, 6.657960E-012, 2.606947E-005, -7.678270E-014, 2.150400E+004 1.570926E+074 2.150400E+004, Mon Oct 12 22:32:26 2015
0.00, 1.80, 1.40, 1.80 , -3.300863E-011, 6.502470E-012, 2.425969E-005, -8.481740E-014, 2.150400E+004 1.570926E+074 2.150400E+004, Mon Oct 12 22:32:42 2015
0.00, 1.80, 1.38, 1.80 , -3.275539E-011, 6.554880E-012, 2.242619E-005, -1.074910E-013, 2.150400E+004 1.570926E+074 2.150400E+004, Mon Oct 12 22:32:55 2015
0.00, 1.80, 1.36, 1.80 , -3.081424E-011, 6.977740E-012, 2.060594E-005, -8.553270E-014, 2.150400E+004 1.570926E+074 2.150400E+004, Mon Oct 12 22:33:05 2015
0.00, 1.80, 1.34, 1.80 , -3.106749E-011, 6.894910E-012, 1.881974E-005, -8.333920E-014, 2.150400E+004 1.570926E+074 2.150400E+004, Mon Oct 12 22:33:16 2015
0.00, 1.80, 1.32, 1.80 , -3.288203E-011, 6.871090E-012, 1.700702E-005, -8.945470E-014, 2.150400E+004 1.570926E+074 2.150400E+004, Mon Oct 12 22:33:23 2015
0.00, 1.80, 1.30, 1.80 , -2.967487E-011, 6.845610E-012, 1.522656E-005, -9.814500E-014, 2.150400E+004 1.570926E+074 2.150400E+004, Mon Oct 12 22:33:57 2015
0.00, 1.80, 1.28, 1.80 , -3.216468E-011, 7.618670E-012, 1.343502E-005, -1.065370E-013, 2.150400E+004 1.570926E+074 2.150400E+004, Mon Oct 12 22:34:20 2015
0.00, 1.80, 1.26, 1.80 , -4.024250E-010, 3.450030E-010, 1.166529E-005, -9.765630E-014, 2.150400E+004 1.570926E+074 2.150400E+004, Mon Oct 12 22:34:43 2015
0.00, 1.80, 1.24, 1.80 , -2.664539E-009, 2.573140E-009, 2.805776E-010, -1.062870E-013, 2.150400E+004 1.570926E+074 2.150400E+004, Mon Oct 12 22:34:47 2015
0.00, 1.80, 1.22, 1.80 , -1.353457E-008, 1.382950E-008, -2.433627E-011, -8.440020E-014, 2.150400E+004 1.570926E+074 2.150400E+004, Mon Oct 12 22:34:51 2015
0.00, 1.80, 1.20, 1.80 , -5.131139E-008, 5.167380E-008, -2.836138E-011, -9.441380E-014, 2.150400E+004 1.570926E+074 2.150400E+004, Mon Oct 12 22:34:58 2015
0.00, 1.80, 1.18, 1.80 , -1.285244E-007, 1.308520E-007, -2.978694E-011, -8.238550E-014, 2.150400E+004 1.570926E+074 2.150400E+004, Mon Oct 12 22:35:05 2015
0.00, 1.80, 1.16, 1.80 , -2.528909E-007, 2.541820E-007, -3.154793E-011, -9.938480E-014, 2.150400E+004 1.570926E+074 2.150400E+004, Mon Oct 12 22:35:08 2015
0.00, 1.80, 1.14, 1.80 , -4.275247E-007, 4.240250E-007, -3.360241E-011, -1.001480E-013, 2.150400E+004 1.570926E+074 2.150400E+004, Mon Oct 12 22:35:12 2015
0.00, 1.80, 1.12, 1.80 , -6.527674E-007, 6.537510E-007, -3.171564E-011, -9.312630E-014, 2.150400E+004 1.570926E+074 2.150400E+004, Mon Oct 12 22:35:15 2015
0.00, 1.80, 1.10, 1.80 , -9.529419E-007, 9.547300E-007, -3.473447E-011, -9.328130E-014, 2.150400E+004 1.570926E+074 2.150400E+004, Mon Oct 12 22:35:19 2015
0.00, 1.80, 1.08, 1.80 , -1.291024E-006, 1.292740E-006, -3.263807E-011, -9.872910E-014, 2.150400E+004 1.570926E+074 2.150400E+004, Mon Oct 12 22:35:23 2015
0.00, 1.80, 1.06, 1.80 , -1.746934E-006, 1.744060E-006, -3.179950E-011, -1.260880E-013, 2.150400E+004 1.570926E+074 2.150400E+004, Mon Oct 12 22:35:26 2015
0.00, 1.80, 1.04, 1.80 , -2.307748E-006, 2.306140E-006, -3.192528E-011, -9.382960E-014, 2.150400E+004 1.570926E+074 2.150400E+004, Mon Oct 12 22:35:30 2015
0.00, 1.80, 1.02, 1.80 , -2.982576E-006, 2.986720E-006, -3.339277E-011, -9.479520E-014, 2.150400E+004 1.570926E+074 2.150400E+004, Mon Oct 12 22:35:33 2015
0.00, 1.80, 1.00, 1.80 , -3.775140E-006, 3.775750E-006, -3.297349E-011, -9.748940E-014, 2.150400E+004 1.570926E+074 2.150400E+004, Mon Oct 12 22:35:37 2015
0.00, 1.80, 0.98, 1.80 , -4.685955E-006, 4.692400E-006, -3.049973E-011, -9.125470E-014, 2.150400E+004 1.570926E+074 2.150400E+004, Mon Oct 12 22:35:40 2015
0.00, 1.80, 0.96, 1.80 , -5.712852E-006, 5.712470E-006, -3.620196E-011, -8.373260E-014, 2.150400E+004 1.570926E+074 2.150400E+004, Mon Oct 12 22:35:44 2015
0.00, 1.80, 0.94, 1.80 , -6.854868E-006, 6.852220E-006, -3.364435E-011, -1.006010E-013, 2.150400E+004 1.570926E+074 2.150400E+004, Mon Oct 12 22:35:47 2015
0.00, 1.80, 0.92, 1.80 , -8.103482E-006, 8.103940E-006, -3.565690E-011, -9.974240E-014, 2.150400E+004 1.570926E+074 2.150400E+004, Mon Oct 12 22:35:51 2015
0.00, 1.80, 0.90, 1.80 , -9.469331E-006, 9.480190E-006, -3.393785E-011, -1.068350E-013, 2.150400E+004 1.570926E+074 2.150400E+004, Mon Oct 12 22:35:55 2015
0.00, 1.80, 0.88, 1.80 , -1.083692E-005, 1.081980E-005, -3.121250E-011, -8.336310E-014, 2.150400E+004 1.570926E+074 2.150400E+004, Mon Oct 12 22:35:58 2015
0.00, 1.80, 0.86, 1.80 , -1.246324E-005, 1.245650E-005, -3.351856E-011, -9.106400E-014, 2.150400E+004 1.570926E+074 2.150400E+004, Mon Oct 12 22:36:02 2015
0.00, 1.80, 0.84, 1.80 , -1.417077E-005, 1.416240E-005, -3.452484E-011, -9.754900E-014, 2.150400E+004 1.570926E+074 2.150400E+004, Mon Oct 12 22:36:05 2015
0.00, 1.80, 0.82, 1.80 , -1.598286E-005, 1.598380E-005, -3.272192E-011, -1.068590E-013, 2.150400E+004 1.570926E+074 2.150400E+004, Mon Oct 12 22:36:09 2015
0.00, 1.80, 0.80, 1.80 , -1.790892E-005, 1.790340E-005, -3.385398E-011, -7.795100E-014, 2.150400E+004 1.570926E+074 2.150400E+004, Mon Oct 12 22:36:12 2015
0.00, 1.80, 0.78, 1.80 , -1.993289E-005, 1.992990E-005, -3.578269E-011, -8.492470E-014, 2.150400E+004 1.570926E+074 2.150400E+004, Mon Oct 12 22:36:16 2015
0.00, 1.80, 0.76, 1.80 , -2.205121E-005, 2.204700E-005, -3.460869E-011, -1.074080E-013, 2.150400E+004 1.570926E+074 2.150400E+004, Mon Oct 12 22:36:20 2015
0.00, 1.80, 0.74, 1.80 , -2.426164E-005, 2.425850E-005, -3.527954E-011, -8.184910E-014, 2.150400E+004 1.570926E+074 2.150400E+004, Mon Oct 12 22:36:23 2015
0.00, 1.80, 0.72, 1.80 , -2.655660E-005, 2.654900E-005, -3.490220E-011, -8.584260E-014, 2.150400E+004 1.570926E+074 2.150400E+004, Mon Oct 12 22:36:27 2015
0.00, 1.80, 0.70, 1.80 , -2.892639E-005, 2.891580E-005, -3.607618E-011, -8.406640E-014, 2.150400E+004 1.570926E+074 2.150400E+004, Mon Oct 12 22:36:30 2015
0.00, 1.80, 0.68, 1.80 , -3.137535E-005, 3.136120E-005, -3.301542E-011, -8.001330E-014, 2.150400E+004 1.570926E+074 2.150400E+004, Mon Oct 12 22:36:34 2015
0.00, 1.80, 0.66, 1.80 , -3.388041E-005, 3.386860E-005, -3.674703E-011, -7.950070E-014, 2.150400E+004 1.570926E+074 2.150400E+004, Mon Oct 12 22:36:37 2015
0.00, 1.80, 0.64, 1.80 , -3.647054E-005, 3.645830E-005, -3.427327E-011, -1.024960E-013, 2.150400E+004 1.570926E+074 2.150400E+004, Mon Oct 12 22:36:41 2015
0.00, 1.80, 0.62, 1.80 , -3.907225E-005, 3.907520E-005, -3.511183E-011, -9.578470E-014, 2.150400E+004 1.570926E+074 2.150400E+004, Mon Oct 12 22:36:44 2015
0.00, 1.80, 0.60, 1.80 , -4.175351E-005, 4.174820E-005, -3.779523E-011, -1.087070E-013, 2.150400E+004 1.570926E+074 2.150400E+004, Mon Oct 12 22:36:48 2015
0.00, 1.80, 0.58, 1.80 , -4.449493E-005, 4.447970E-005, -3.565690E-011, -8.584260E-014, 2.150400E+004 1.570926E+074 2.150400E+004, Mon Oct 12 22:36:51 2015
0.00, 1.80, 0.56, 1.80 , -4.727786E-005, 4.728110E-005, -3.834031E-011, -9.695290E-014, 2.150400E+004 1.570926E+074 2.150400E+004, Mon Oct 12 22:36:55 2015
0.00, 1.80, 0.54, 1.80 , -5.009944E-005, 5.009360E-005, -3.586654E-011, -9.741780E-014, 2.150400E+004 1.570926E+074 2.150400E+004, Mon Oct 12 22:36:58 2015
0.00, 1.80, 0.52, 1.80 , -5.297392E-005, 5.295460E-005, -3.632775E-011, -9.508130E-014, 2.150400E+004 1.570926E+074 2.150400E+004, Mon Oct 12 22:37:02 2015
0.00, 1.80, 0.50, 1.80 , -5.589800E-005, 5.587750E-005, -3.880153E-011, -8.548500E-014, 2.150400E+004 1.570926E+074 2.150400E+004, Mon Oct 12 22:37:06 2015
0.00, 1.80, 0.48, 1.80 , -5.883727E-005, 5.882140E-005, -3.846609E-011, -9.009840E-014, 2.150400E+004 1.570926E+074 2.150400E+004, Mon Oct 12 22:37:09 2015
0.00, 1.80, 0.46, 1.80 , -6.184987E-005, 6.182300E-005, -3.737596E-011, -9.268520E-014, 2.150400E+004 1.570926E+074 2.150400E+004, Mon Oct 12 22:37:13 2015
0.00, 1.80, 0.44, 1.80 , -6.487476E-005, 6.486530E-005, -3.913695E-011, -9.641650E-014, 2.150400E+004 1.570926E+074 2.150400E+004, Mon Oct 12 22:37:16 2015
0.00, 1.80, 0.42, 1.80 , -6.795974E-005, 6.792710E-005, -3.666318E-011, -1.100300E-013, 2.150400E+004 1.570926E+074 2.150400E+004, Mon Oct 12 22:37:20 2015
0.00, 1.80, 0.40, 1.80 , -7.104725E-005, 7.102320E-005, -3.716631E-011, -9.615420E-014, 2.150400E+004 1.570926E+074 2.150400E+004, Mon Oct 12 22:37:23 2015
0.00, 1.80, 0.38, 1.80 , -7.418259E-005, 7.417500E-005, -3.595040E-011, -9.335280E-014, 2.150400E+004 1.570926E+074 2.150400E+004, Mon Oct 12 22:37:27 2015
0.00, 1.80, 0.36, 1.80 , -7.734757E-005, 7.733090E-005, -3.909502E-011, -9.835960E-014, 2.150400E+004 1.570926E+074 2.150400E+004, Mon Oct 12 22:37:30 2015
0.00, 1.80, 0.34, 1.80 , -8.055438E-005, 8.050620E-005, -3.540533E-011, -9.673830E-014, 2.150400E+004 1.570926E+074 2.150400E+004, Mon Oct 12 22:37:34 2015
0.00, 1.80, 0.32, 1.80 , -8.372896E-005, 8.373080E-005, -3.725018E-011, -1.133080E-013, 2.150400E+004 1.570926E+074 2.150400E+004, Mon Oct 12 22:37:37 2015
0.00, 1.80, 0.30, 1.80 , -8.697593E-005, 8.694350E-005, -3.804682E-011, -1.037240E-013, 2.150400E+004 1.570926E+074 2.150400E+004, Mon Oct 12 22:37:41 2015
0.00, 1.80, 0.28, 1.80 , -9.021912E-005, 9.018940E-005, -3.934659E-011, -7.901190E-014, 2.150400E+004 1.570926E+074 2.150400E+004, Mon Oct 12 22:37:45 2015
0.00, 1.80, 0.26, 1.80 , -9.351758E-005, 9.349780E-005, -4.039480E-011, -9.855030E-014, 2.150400E+004 1.570926E+074 2.150400E+004, Mon Oct 12 22:37:48 2015
0.00, 1.80, 0.24, 1.80 , -9.681911E-005, 9.678590E-005, -4.207193E-011, -9.782310E-014, 2.150400E+004 1.570926E+074 2.150400E+004, Mon Oct 12 22:37:52 2015
0.00, 1.80, 0.22, 1.80 , -1.001478E-004, 1.001190E-004, -3.796297E-011, -1.144050E-013, 2.150400E+004 1.570926E+074 2.150400E+004, Mon Oct 12 22:37:55 2015
0.00, 1.80, 0.20, 1.80 , -1.034958E-004, 1.034840E-004, -4.194614E-011, -9.477140E-014, 2.150400E+004 1.570926E+074 2.150400E+004, Mon Oct 12 22:37:59 2015
0.00, 1.80, 0.18, 1.80 , -1.069080E-004, 1.068860E-004, -3.989167E-011, -9.112360E-014, 2.150400E+004 1.570926E+074 2.150400E+004, Mon Oct 12 22:38:02 2015
0.00, 1.80, 0.16, 1.80 , -1.102648E-004, 1.102470E-004, -3.934657E-011, -1.011850E-013, 2.150400E+004 1.570926E+074 2.150400E+004, Mon Oct 12 22:38:06 2015
0.00, 1.80, 0.14, 1.80 , -1.136788E-004, 1.136560E-004, -3.825646E-011, -8.783340E-014, 2.150400E+004 1.570926E+074 2.150400E+004, Mon Oct 12 22:38:10 2015
0.00, 1.80, 0.12, 1.80 , -1.170942E-004, 1.170680E-004, -3.750176E-011, -8.389950E-014, 2.150400E+004 1.570926E+074 2.150400E+004, Mon Oct 12 22:38:13 2015
0.00, 1.80, 0.10, 1.80 , -1.205495E-004, 1.205300E-004, -3.875959E-011, -9.516480E-014, 2.150400E+004 1.570926E+074 2.150400E+004, Mon Oct 12 22:38:17 2015
0.00, 1.80, 0.08, 1.80 , -1.239895E-004, 1.239720E-004, -3.984973E-011, -8.482930E-014, 2.150400E+004 1.570926E+074 2.150400E+004, Mon Oct 12 22:38:20 2015
0.00, 1.80, 0.06, 1.80 , -1.274650E-004, 1.274450E-004, -4.140107E-011, -9.112360E-014, 2.150400E+004 1.570926E+074 2.150400E+004, Mon Oct 12 22:38:24 2015
0.00, 1.80, 0.04, 1.80 , -1.309478E-004, 1.309200E-004, -3.980781E-011, -8.913280E-014, 2.150400E+004 1.570926E+074 2.150400E+004, Mon Oct 12 22:38:27 2015
0.00, 1.80, 0.02, 1.80 , -1.344526E-004, 1.344250E-004, -4.190421E-011, -1.056190E-013, 2.150400E+004 1.570926E+074 2.150400E+004, Mon Oct 12 22:38:31 2015
0.00, 1.80, 0.00, 1.80 , -1.379616E-004, 1.379350E-004, -3.913695E-011, -7.766490E-014, 2.150400E+004 1.570926E+074 2.150400E+004, Mon Oct 12 22:38:34 2015
0.00, 1.80, -0.02, 1.80 , -1.414882E-004, 1.414610E-004, -4.198808E-011, -7.054810E-014, 2.150400E+004 1.570926E+074 2.150400E+004, Mon Oct 12 22:38:38 2015
0.00, 1.80, -0.04, 1.80 , -1.449999E-004, 1.449760E-004, -4.320397E-011, -9.548660E-014, 2.150400E+004 1.570926E+074 2.150400E+004, Mon Oct 12 22:38:41 2015
0.00, 1.80, -0.06, 1.80 , -1.485258E-004, 1.485070E-004, -4.043673E-011, -9.741780E-014, 2.150400E+004 1.570926E+074 2.150400E+004, Mon Oct 12 22:38:45 2015
0.00, 1.80, -0.08, 1.80 , -1.520454E-004, 1.520160E-004, -4.223964E-011, -1.028180E-013, 2.150400E+004 1.570926E+074 2.150400E+004, Mon Oct 12 22:38:49 2015
0.00, 1.80, -0.10, 1.80 , -1.555449E-004, 1.555240E-004, -4.257505E-011, -9.150510E-014, 2.150400E+004 1.570926E+074 2.150400E+004, Mon Oct 12 22:38:52 2015
0.00, 1.80, -0.12, 1.80 , -1.590516E-004, 1.590230E-004, -4.215578E-011, -9.223220E-014, 2.150400E+004 1.570926E+074 2.150400E+004, Mon Oct 12 22:38:56 2015
0.00, 1.80, -0.14, 1.80 , -1.625611E-004, 1.625400E-004, -4.177842E-011, -8.217100E-014, 2.150400E+004 1.570926E+074 2.150400E+004, Mon Oct 12 22:38:59 2015
0.00, 1.80, -0.16, 1.80 , -1.660361E-004, 1.660100E-004, -4.098179E-011, -1.163840E-013, 2.150400E+004 1.570926E+074 2.150400E+004, Mon Oct 12 22:39:03 2015
0.00, 1.80, -0.18, 1.80 , -1.695015E-004, 1.694700E-004, -4.052059E-011, -9.355550E-014, 2.150400E+004 1.570926E+074 2.150400E+004, Mon Oct 12 22:39:06 2015
0.00, 1.80, -0.20, 1.80 , -1.729552E-004, 1.729240E-004, -4.135915E-011, -9.155270E-014, 2.150400E+004 1.570926E+074 2.150400E+004, Mon Oct 12 22:39:10 2015
