1.40, 1.80, 1.80, 1.80 , -2.448463E-011, 8.783660E-012, 6.560607E-005, -6.935600E-014, 2.150400E+004 1.570926E+074 2.150400E+004, Sun Oct 11 16:09:57 2015
1.40, 1.80, 1.78, 1.80 , -2.537082E-011, 7.586440E-012, 6.354122E-005, -7.653240E-014, 2.150400E+004 1.570926E+074 2.150400E+004, Sun Oct 11 16:10:02 2015
1.40, 1.80, 1.76, 1.80 , -2.629921E-011, 7.618760E-012, 6.149242E-005, -7.077460E-014, 2.150400E+004 1.570926E+074 2.150400E+004, Sun Oct 11 16:10:06 2015
1.40, 1.80, 1.74, 1.80 , -2.625701E-011, 7.928310E-012, 5.942443E-005, -7.463690E-014, 2.150400E+004 1.570926E+074 2.150400E+004, Sun Oct 11 16:10:30 2015
1.40, 1.80, 1.72, 1.80 , -2.456901E-011, 8.171110E-012, 5.736247E-005, -6.788970E-014, 2.150400E+004 1.570926E+074 2.150400E+004, Sun Oct 11 16:10:35 2015
1.40, 1.80, 1.70, 1.80 , -2.642581E-011, 8.124390E-012, 5.532739E-005, -7.669930E-014, 2.150400E+004 1.570926E+074 2.150400E+004, Sun Oct 11 16:10:43 2015
1.40, 1.80, 1.68, 1.80 , -2.705883E-011, 7.306810E-012, 5.330688E-005, -7.781980E-014, 2.150400E+004 1.570926E+074 2.150400E+004, Sun Oct 11 16:10:50 2015
1.40, 1.80, 1.66, 1.80 , -2.621480E-011, 8.225690E-012, 5.129674E-005, -6.992820E-014, 2.150400E+004 1.570926E+074 2.150400E+004, Sun Oct 11 16:10:55 2015
1.40, 1.80, 1.64, 1.80 , -2.629921E-011, 8.488330E-012, 4.926829E-005, -8.285050E-014, 2.150400E+004 1.570926E+074 2.150400E+004, Sun Oct 11 16:11:14 2015
1.40, 1.80, 1.62, 1.80 , -2.731202E-011, 8.202730E-012, 4.726013E-005, -9.703640E-014, 2.150400E+004 1.570926E+074 2.150400E+004, Sun Oct 11 16:11:34 2015
1.40, 1.80, 1.60, 1.80 , -2.520201E-011, 7.363390E-012, 4.525200E-005, -9.778740E-014, 2.150400E+004 1.570926E+074 2.150400E+004, Sun Oct 11 16:11:48 2015
1.40, 1.80, 1.58, 1.80 , -2.642582E-011, 7.201850E-012, 4.325684E-005, -9.807350E-014, 2.150400E+004 1.570926E+074 2.150400E+004, Sun Oct 11 16:11:56 2015
1.40, 1.80, 1.56, 1.80 , -2.659460E-011, 8.610320E-012, 4.126810E-005, -1.004100E-013, 2.150400E+004 1.570926E+074 2.150400E+004, Sun Oct 11 16:12:01 2015
1.40, 1.80, 1.54, 1.80 , -2.587720E-011, 8.267330E-012, 3.927719E-005, -1.018520E-013, 2.150400E+004 1.570926E+074 2.150400E+004, Sun Oct 11 16:12:17 2015
1.40, 1.80, 1.52, 1.80 , -2.600379E-011, 7.995300E-012, 3.731112E-005, -1.014110E-013, 2.150400E+004 1.570926E+074 2.150400E+004, Sun Oct 11 16:12:27 2015
1.40, 1.80, 1.50, 1.80 , -2.553961E-011, 8.180750E-012, 3.534837E-005, -1.045820E-013, 2.150400E+004 1.570926E+074 2.150400E+004, Sun Oct 11 16:12:40 2015
1.40, 1.80, 1.48, 1.80 , -2.549741E-011, 7.520760E-012, 3.338216E-005, -9.195800E-014, 2.150400E+004 1.570926E+074 2.150400E+004, Sun Oct 11 16:12:58 2015
1.40, 1.80, 1.46, 1.80 , -2.558178E-011, 8.494740E-012, 3.144683E-005, -9.940860E-014, 2.150400E+004 1.570926E+074 2.150400E+004, Sun Oct 11 16:13:08 2015
1.40, 1.80, 1.44, 1.80 , -2.672121E-011, 8.746800E-012, 2.949576E-005, -9.114740E-014, 2.150400E+004 1.570926E+074 2.150400E+004, Sun Oct 11 16:13:13 2015
1.40, 1.80, 1.42, 1.80 , -2.625699E-011, 8.698930E-012, 2.756028E-005, -8.970500E-014, 2.150400E+004 1.570926E+074 2.150400E+004, Sun Oct 11 16:13:21 2015
1.40, 1.80, 1.40, 1.80 , -2.494880E-011, 7.670240E-012, 2.561498E-005, -9.739400E-014, 2.150400E+004 1.570926E+074 2.150400E+004, Sun Oct 11 16:13:26 2015
1.40, 1.80, 1.38, 1.80 , -2.461120E-011, 7.881420E-012, 2.370033E-005, -7.356410E-014, 2.150400E+004 1.570926E+074 2.150400E+004, Sun Oct 11 16:13:34 2015
1.40, 1.80, 1.36, 1.80 , -2.646802E-011, 8.082780E-012, 2.176872E-005, -7.634160E-014, 2.150400E+004 1.570926E+074 2.150400E+004, Sun Oct 11 16:13:42 2015
1.40, 1.80, 1.34, 1.80 , -3.806537E-012, 8.745440E-012, 1.985163E-005, -1.068350E-013, 2.150400E+004 1.570926E+074 2.150400E+004, Sun Oct 11 16:14:17 2015
1.40, 1.80, 1.32, 1.80 , 7.882407E-012, 8.872650E-012, 1.786713E-005, -6.704330E-014, 2.150400E+004 1.570926E+074 2.150400E+004, Sun Oct 11 16:14:24 2015
1.40, 1.80, 1.30, 1.80 , 4.886444E-012, 1.060350E-011, 1.594855E-005, -9.573700E-014, 2.150400E+004 1.570926E+074 2.150400E+004, Sun Oct 11 16:14:32 2015
1.40, 1.80, 1.28, 1.80 , -9.798958E-012, 1.134060E-011, 1.309826E-005, -1.020790E-013, 2.150400E+004 1.570926E+074 2.150400E+004, Sun Oct 11 16:14:37 2015
1.40, 1.80, 1.26, 1.80 , -3.173539E-012, 8.940100E-013, 9.404938E-006, -1.015660E-013, 2.150400E+004 1.570926E+074 2.150400E+004, Sun Oct 11 16:15:52 2015
1.40, 1.80, 1.24, 1.80 , -2.562400E-011, 9.683450E-012, 2.056619E-010, -8.091930E-014, 2.150400E+004 1.570926E+074 2.150400E+004, Sun Oct 11 16:16:35 2015
1.40, 1.80, 1.22, 1.80 , -3.089902E-011, 1.481890E-011, 6.310671E-012, -9.968280E-014, 2.150400E+004 1.570926E+074 2.150400E+004, Sun Oct 11 16:16:43 2015
1.40, 1.80, 1.20, 1.80 , -1.388469E-010, 1.218340E-010, -1.762824E-011, -8.099080E-014, 2.150400E+004 1.570926E+074 2.150400E+004, Sun Oct 11 16:16:49 2015
1.40, 1.80, 1.18, 1.80 , -1.118522E-009, 1.103810E-009, -1.838289E-011, -7.730720E-014, 2.150400E+004 1.570926E+074 2.150400E+004, Sun Oct 11 16:16:54 2015
1.40, 1.80, 1.16, 1.80 , -6.542210E-009, 6.548090E-009, -1.846673E-011, -1.079200E-013, 2.150400E+004 1.570926E+074 2.150400E+004, Sun Oct 11 16:16:57 2015
1.40, 1.80, 1.14, 1.80 , -3.087849E-008, 3.097380E-008, -2.207224E-011, -7.767680E-014, 2.150400E+004 1.570926E+074 2.150400E+004, Sun Oct 11 16:17:01 2015
1.40, 1.80, 1.12, 1.80 , -1.103327E-007, 1.104600E-007, -1.955677E-011, -1.031520E-013, 2.150400E+004 1.570926E+074 2.150400E+004, Sun Oct 11 16:17:05 2015
1.40, 1.80, 1.10, 1.80 , -2.964113E-007, 2.969340E-007, -1.955677E-011, -7.488730E-014, 2.150400E+004 1.570926E+074 2.150400E+004, Sun Oct 11 16:17:08 2015
1.40, 1.80, 1.08, 1.80 , -6.161133E-007, 6.169490E-007, -2.043718E-011, -8.690360E-014, 2.150400E+004 1.570926E+074 2.150400E+004, Sun Oct 11 16:17:12 2015
1.40, 1.80, 1.06, 1.80 , -1.112674E-006, 1.113340E-006, -1.989216E-011, -7.780790E-014, 2.150400E+004 1.570926E+074 2.150400E+004, Sun Oct 11 16:17:15 2015
1.40, 1.80, 1.04, 1.80 , -1.780945E-006, 1.782230E-006, -2.177877E-011, -8.653400E-014, 2.150400E+004 1.570926E+074 2.150400E+004, Sun Oct 11 16:17:19 2015
1.40, 1.80, 1.02, 1.80 , -2.656227E-006, 2.658070E-006, -2.307843E-011, -8.499620E-014, 2.150400E+004 1.570926E+074 2.150400E+004, Sun Oct 11 16:17:23 2015
1.40, 1.80, 1.00, 1.80 , -3.740677E-006, 3.742540E-006, -2.366543E-011, -8.493660E-014, 2.150400E+004 1.570926E+074 2.150400E+004, Sun Oct 11 16:17:26 2015
1.40, 1.80, 0.98, 1.80 , -5.024222E-006, 5.026700E-006, -2.328807E-011, -8.960960E-014, 2.150400E+004 1.570926E+074 2.150400E+004, Sun Oct 11 16:17:30 2015
1.40, 1.80, 0.96, 1.80 , -6.503959E-006, 6.505490E-006, -2.110797E-011, -1.095530E-013, 2.150400E+004 1.570926E+074 2.150400E+004, Sun Oct 11 16:17:33 2015
1.40, 1.80, 0.94, 1.80 , -8.171673E-006, 8.174210E-006, -2.391700E-011, -8.186100E-014, 2.150400E+004 1.570926E+074 2.150400E+004, Sun Oct 11 16:17:37 2015
1.40, 1.80, 0.92, 1.80 , -1.000882E-005, 1.000760E-005, -2.672622E-011, -9.338860E-014, 2.150400E+004 1.570926E+074 2.150400E+004, Sun Oct 11 16:17:40 2015
1.40, 1.80, 0.90, 1.80 , -1.202095E-005, 1.201520E-005, -2.014371E-011, -7.667540E-014, 2.150400E+004 1.570926E+074 2.150400E+004, Sun Oct 11 16:17:44 2015
1.40, 1.80, 0.88, 1.80 , -1.413670E-005, 1.413100E-005, -2.320421E-011, -9.020570E-014, 2.150400E+004 1.570926E+074 2.150400E+004, Sun Oct 11 16:17:48 2015
1.40, 1.80, 0.86, 1.80 , -1.636821E-005, 1.636250E-005, -2.483943E-011, -8.454320E-014, 2.150400E+004 1.570926E+074 2.150400E+004, Sun Oct 11 16:17:51 2015
1.40, 1.80, 0.84, 1.80 , -1.869348E-005, 1.868740E-005, -2.551029E-011, -9.084940E-014, 2.150400E+004 1.570926E+074 2.150400E+004, Sun Oct 11 16:17:55 2015
1.40, 1.80, 0.82, 1.80 , -2.108553E-005, 2.108090E-005, -2.597151E-011, -1.122240E-013, 2.150400E+004 1.570926E+074 2.150400E+004, Sun Oct 11 16:17:58 2015
1.40, 1.80, 0.80, 1.80 , -2.352565E-005, 2.352030E-005, -2.567801E-011, -1.174090E-013, 2.150400E+004 1.570926E+074 2.150400E+004, Sun Oct 11 16:18:02 2015
1.40, 1.80, 0.78, 1.80 , -2.598745E-005, 2.598180E-005, -2.588765E-011, -8.579490E-014, 2.150400E+004 1.570926E+074 2.150400E+004, Sun Oct 11 16:18:05 2015
1.40, 1.80, 0.76, 1.80 , -2.846279E-005, 2.845650E-005, -2.450400E-011, -8.834600E-014, 2.150400E+004 1.570926E+074 2.150400E+004, Sun Oct 11 16:18:09 2015
1.40, 1.80, 0.74, 1.80 , -3.094341E-005, 3.093930E-005, -2.672623E-011, -9.362700E-014, 2.150400E+004 1.570926E+074 2.150400E+004, Sun Oct 11 16:18:12 2015
1.40, 1.80, 0.72, 1.80 , -3.342047E-005, 3.341350E-005, -2.823566E-011, -8.293390E-014, 2.150400E+004 1.570926E+074 2.150400E+004, Sun Oct 11 16:18:16 2015
1.40, 1.80, 0.70, 1.80 , -3.588364E-005, 3.587670E-005, -2.672623E-011, -9.130240E-014, 2.150400E+004 1.570926E+074 2.150400E+004, Sun Oct 11 16:18:20 2015
1.40, 1.80, 0.68, 1.80 , -3.833132E-005, 3.832350E-005, -2.685201E-011, -9.884830E-014, 2.150400E+004 1.570926E+074 2.150400E+004, Sun Oct 11 16:18:23 2015
1.40, 1.80, 0.66, 1.80 , -4.074943E-005, 4.074160E-005, -2.756480E-011, -9.142160E-014, 2.150400E+004 1.570926E+074 2.150400E+004, Sun Oct 11 16:18:27 2015
1.40, 1.80, 0.64, 1.80 , -4.313395E-005, 4.312660E-005, -2.551030E-011, -9.448530E-014, 2.150400E+004 1.570926E+074 2.150400E+004, Sun Oct 11 16:18:30 2015
1.40, 1.80, 0.62, 1.80 , -4.547729E-005, 4.547080E-005, -2.567801E-011, -1.094220E-013, 2.150400E+004 1.570926E+074 2.150400E+004, Sun Oct 11 16:18:34 2015
1.40, 1.80, 0.60, 1.80 , -4.778293E-005, 4.777630E-005, -2.668430E-011, -9.336470E-014, 2.150400E+004 1.570926E+074 2.150400E+004, Sun Oct 11 16:18:37 2015
1.40, 1.80, 0.58, 1.80 , -5.005566E-005, 5.004550E-005, -2.936773E-011, -7.491110E-014, 2.150400E+004 1.570926E+074 2.150400E+004, Sun Oct 11 16:18:41 2015
1.40, 1.80, 0.56, 1.80 , -5.228892E-005, 5.228020E-005, -2.823566E-011, -9.092090E-014, 2.150400E+004 1.570926E+074 2.150400E+004, Sun Oct 11 16:18:44 2015
1.40, 1.80, 0.54, 1.80 , -5.448598E-005, 5.447840E-005, -3.049981E-011, -9.222030E-014, 2.150400E+004 1.570926E+074 2.150400E+004, Sun Oct 11 16:18:48 2015
1.40, 1.80, 0.52, 1.80 , -5.663958E-005, 5.663090E-005, -2.932581E-011, -1.126170E-013, 2.150400E+004 1.570926E+074 2.150400E+004, Sun Oct 11 16:18:51 2015
1.40, 1.80, 0.50, 1.80 , -5.874966E-005, 5.873940E-005, -3.008052E-011, -1.094100E-013, 2.150400E+004 1.570926E+074 2.150400E+004, Sun Oct 11 16:18:55 2015
1.40, 1.80, 0.48, 1.80 , -6.081580E-005, 6.080560E-005, -3.003859E-011, -8.198020E-014, 2.150400E+004 1.570926E+074 2.150400E+004, Sun Oct 11 16:18:59 2015
1.40, 1.80, 0.46, 1.80 , -6.283358E-005, 6.282430E-005, -3.016438E-011, -6.185770E-014, 2.150400E+004 1.570926E+074 2.150400E+004, Sun Oct 11 16:19:02 2015
1.40, 1.80, 0.44, 1.80 , -6.480650E-005, 6.479540E-005, -2.899038E-011, -8.429290E-014, 2.150400E+004 1.570926E+074 2.150400E+004, Sun Oct 11 16:19:06 2015
1.40, 1.80, 0.42, 1.80 , -6.673766E-005, 6.672900E-005, -3.091910E-011, -9.585620E-014, 2.150400E+004 1.570926E+074 2.150400E+004, Sun Oct 11 16:19:09 2015
1.40, 1.80, 0.40, 1.80 , -6.861734E-005, 6.860720E-005, -3.112874E-011, -8.986000E-014, 2.150400E+004 1.570926E+074 2.150400E+004, Sun Oct 11 16:19:13 2015
1.40, 1.80, 0.38, 1.80 , -7.044738E-005, 7.043660E-005, -3.196731E-011, -7.739070E-014, 2.150400E+004 1.570926E+074 2.150400E+004, Sun Oct 11 16:19:16 2015
1.40, 1.80, 0.36, 1.80 , -7.223406E-005, 7.222240E-005, -2.886459E-011, -9.659530E-014, 2.150400E+004 1.570926E+074 2.150400E+004, Sun Oct 11 16:19:20 2015
1.40, 1.80, 0.34, 1.80 , -7.397433E-005, 7.396400E-005, -3.356061E-011, -9.356740E-014, 2.150400E+004 1.570926E+074 2.150400E+004, Sun Oct 11 16:19:23 2015
1.40, 1.80, 0.32, 1.80 , -7.566853E-005, 7.565570E-005, -3.330903E-011, -9.285210E-014, 2.150400E+004 1.570926E+074 2.150400E+004, Sun Oct 11 16:19:27 2015
1.40, 1.80, 0.30, 1.80 , -7.731883E-005, 7.730780E-005, -3.217697E-011, -1.112220E-013, 2.150400E+004 1.570926E+074 2.150400E+004, Sun Oct 11 16:19:30 2015
1.40, 1.80, 0.28, 1.80 , -7.891993E-005, 7.890900E-005, -3.234468E-011, -8.747580E-014, 2.150400E+004 1.570926E+074 2.150400E+004, Sun Oct 11 16:19:34 2015
1.40, 1.80, 0.26, 1.80 , -8.048271E-005, 8.047070E-005, -3.486040E-011, -9.299520E-014, 2.150400E+004 1.570926E+074 2.150400E+004, Sun Oct 11 16:19:38 2015
1.40, 1.80, 0.24, 1.80 , -8.199545E-005, 8.198350E-005, -3.469268E-011, -8.395910E-014, 2.150400E+004 1.570926E+074 2.150400E+004, Sun Oct 11 16:19:41 2015
1.40, 1.80, 0.22, 1.80 , -8.346447E-005, 8.345190E-005, -3.620212E-011, -7.344480E-014, 2.150400E+004 1.570926E+074 2.150400E+004, Sun Oct 11 16:19:45 2015
1.40, 1.80, 0.20, 1.80 , -8.488649E-005, 8.487450E-005, -3.268011E-011, -1.043560E-013, 2.150400E+004 1.570926E+074 2.150400E+004, Sun Oct 11 16:19:48 2015
1.40, 1.80, 0.18, 1.80 , -8.627026E-005, 8.625900E-005, -3.423147E-011, -1.005890E-013, 2.150400E+004 1.570926E+074 2.150400E+004, Sun Oct 11 16:19:52 2015
1.40, 1.80, 0.16, 1.80 , -8.760863E-005, 8.759530E-005, -3.745999E-011, -7.467270E-014, 2.150400E+004 1.570926E+074 2.150400E+004, Sun Oct 11 16:19:55 2015
1.40, 1.80, 0.14, 1.80 , -8.890472E-005, 8.889320E-005, -3.636982E-011, -7.497070E-014, 2.150400E+004 1.570926E+074 2.150400E+004, Sun Oct 11 16:19:59 2015
1.40, 1.80, 0.12, 1.80 , -9.015670E-005, 9.014510E-005, -3.540547E-011, -1.016140E-013, 2.150400E+004 1.570926E+074 2.150400E+004, Sun Oct 11 16:20:02 2015
1.40, 1.80, 0.10, 1.80 , -9.136995E-005, 9.135550E-005, -3.695683E-011, -1.022340E-013, 2.150400E+004 1.570926E+074 2.150400E+004, Sun Oct 11 16:20:06 2015
1.40, 1.80, 0.08, 1.80 , -9.254466E-005, 9.253090E-005, -3.754384E-011, -1.032830E-013, 2.150400E+004 1.570926E+074 2.150400E+004, Sun Oct 11 16:20:10 2015
1.40, 1.80, 0.06, 1.80 , -9.367494E-005, 9.366180E-005, -3.917906E-011, -8.230210E-014, 2.150400E+004 1.570926E+074 2.150400E+004, Sun Oct 11 16:20:13 2015
1.40, 1.80, 0.04, 1.80 , -9.476847E-005, 9.475730E-005, -3.838241E-011, -9.912250E-014, 2.150400E+004 1.570926E+074 2.150400E+004, Sun Oct 11 16:20:17 2015
1.40, 1.80, 0.02, 1.80 , -9.582949E-005, 9.581710E-005, -3.653753E-011, -5.764960E-014, 2.150400E+004 1.570926E+074 2.150400E+004, Sun Oct 11 16:20:20 2015
1.40, 1.80, 0.00, 1.80 , -9.685388E-005, 9.684080E-005, -3.486040E-011, -9.508130E-014, 2.150400E+004 1.570926E+074 2.150400E+004, Sun Oct 11 16:20:24 2015
1.40, 1.80, -0.02, 1.80 , -9.784334E-005, 9.783220E-005, -3.938870E-011, -8.728500E-014, 2.150400E+004 1.570926E+074 2.150400E+004, Sun Oct 11 16:20:27 2015
1.40, 1.80, -0.04, 1.80 , -9.879826E-005, 9.878520E-005, -3.704068E-011, -9.673830E-014, 2.150400E+004 1.570926E+074 2.150400E+004, Sun Oct 11 16:20:31 2015
1.40, 1.80, -0.06, 1.80 , -9.971815E-005, 9.970390E-005, -4.031113E-011, -1.102210E-013, 2.150400E+004 1.570926E+074 2.150400E+004, Sun Oct 11 16:20:34 2015
1.40, 1.80, -0.08, 1.80 , -1.006057E-004, 1.005940E-004, -4.060463E-011, -9.967090E-014, 2.150400E+004 1.570926E+074 2.150400E+004, Sun Oct 11 16:20:38 2015
1.40, 1.80, -0.10, 1.80 , -1.014627E-004, 1.014500E-004, -3.653755E-011, -7.966760E-014, 2.150400E+004 1.570926E+074 2.150400E+004, Sun Oct 11 16:20:42 2015
1.40, 1.80, -0.12, 1.80 , -1.022916E-004, 1.022810E-004, -3.892748E-011, -9.975430E-014, 2.150400E+004 1.570926E+074 2.150400E+004, Sun Oct 11 16:20:45 2015
1.40, 1.80, -0.14, 1.80 , -1.030880E-004, 1.030750E-004, -3.901134E-011, -1.075390E-013, 2.150400E+004 1.570926E+074 2.150400E+004, Sun Oct 11 16:20:49 2015
1.40, 1.80, -0.16, 1.80 , -1.038581E-004, 1.038440E-004, -3.821470E-011, -1.071210E-013, 2.150400E+004 1.570926E+074 2.150400E+004, Sun Oct 11 16:20:52 2015
1.40, 1.80, -0.18, 1.80 , -1.045992E-004, 1.045850E-004, -3.762770E-011, -7.964370E-014, 2.150400E+004 1.570926E+074 2.150400E+004, Sun Oct 11 16:20:56 2015
1.40, 1.80, -0.20, 1.80 , -1.053078E-004, 1.053040E-004, -4.052078E-011, -9.148120E-014, 2.150400E+004 1.570926E+074 2.150400E+004, Sun Oct 11 16:20:59 2015
