0.00, 1.80, 1.78, 1.80 , -3.309348E-011, 6.119480E-012, 6.361330E-005, -9.454490E-014, 2.150400E+004 1.570926E+074 2.150400E+004, Sun Oct 11 15:40:29 2015
0.00, 1.80, 1.76, 1.80 , -3.208069E-011, 6.144430E-012, 6.153297E-005, -1.026750E-013, 2.150400E+004 1.570926E+074 2.150400E+004, Sun Oct 11 15:40:36 2015
0.00, 1.80, 1.74, 1.80 , -3.123669E-011, 7.495890E-012, 5.949226E-005, -9.410380E-014, 2.150400E+004 1.570926E+074 2.150400E+004, Sun Oct 11 15:40:46 2015
0.00, 1.80, 1.72, 1.80 , -3.246048E-011, 6.725410E-012, 5.742384E-005, -1.161930E-013, 2.150400E+004 1.570926E+074 2.150400E+004, Sun Oct 11 15:40:54 2015
0.00, 1.80, 1.70, 1.80 , -3.098347E-011, 6.407610E-012, 5.540612E-005, -1.033310E-013, 2.150400E+004 1.570926E+074 2.150400E+004, Sun Oct 11 15:41:09 2015
0.00, 1.80, 1.68, 1.80 , -3.077246E-011, 7.548510E-012, 5.336426E-005, -8.649830E-014, 2.150400E+004 1.570926E+074 2.150400E+004, Sun Oct 11 15:41:22 2015
0.00, 1.80, 1.66, 1.80 , -3.030826E-011, 6.677460E-012, 5.134638E-005, -1.096130E-013, 2.150400E+004 1.570926E+074 2.150400E+004, Sun Oct 11 15:41:34 2015
0.00, 1.80, 1.64, 1.80 , -3.039268E-011, 8.173250E-012, 4.929807E-005, -1.054880E-013, 2.150400E+004 1.570926E+074 2.150400E+004, Sun Oct 11 15:41:39 2015
0.00, 1.80, 1.62, 1.80 , -3.144766E-011, 7.964540E-012, 4.731874E-005, -7.879730E-014, 2.150400E+004 1.570926E+074 2.150400E+004, Sun Oct 11 15:41:46 2015
0.00, 1.80, 1.60, 1.80 , -2.967527E-011, 7.991280E-012, 4.529256E-005, -1.068830E-013, 2.150400E+004 1.570926E+074 2.150400E+004, Sun Oct 11 15:41:50 2015
0.00, 1.80, 1.58, 1.80 , -2.904226E-011, 7.077060E-012, 4.329946E-005, -1.126410E-013, 2.150400E+004 1.570926E+074 2.150400E+004, Sun Oct 11 15:42:04 2015
0.00, 1.80, 1.56, 1.80 , -2.933766E-011, 7.293510E-012, 4.129296E-005, -1.105430E-013, 2.150400E+004 1.570926E+074 2.150400E+004, Sun Oct 11 15:42:16 2015
0.00, 1.80, 1.54, 1.80 , -3.005506E-011, 7.896010E-012, 3.932124E-005, -8.883480E-014, 2.150400E+004 1.570926E+074 2.150400E+004, Sun Oct 11 15:42:28 2015
0.00, 1.80, 1.52, 1.80 , -3.161647E-011, 8.551310E-012, 3.734948E-005, -9.436610E-014, 2.150400E+004 1.570926E+074 2.150400E+004, Sun Oct 11 15:42:40 2015
0.00, 1.80, 1.50, 1.80 , -3.089906E-011, 8.411150E-012, 3.538893E-005, -1.038190E-013, 2.150400E+004 1.570926E+074 2.150400E+004, Sun Oct 11 15:42:49 2015
0.00, 1.80, 1.48, 1.80 , -2.963304E-011, 8.446040E-012, 3.342273E-005, -8.612870E-014, 2.150400E+004 1.570926E+074 2.150400E+004, Sun Oct 11 15:42:59 2015
0.00, 1.80, 1.46, 1.80 , -2.874684E-011, 8.389770E-012, 3.146922E-005, -1.011730E-013, 2.150400E+004 1.570926E+074 2.150400E+004, Sun Oct 11 15:43:14 2015
0.00, 1.80, 1.44, 1.80 , -3.022385E-011, 7.515390E-012, 2.952813E-005, -9.249450E-014, 2.150400E+004 1.570926E+074 2.150400E+004, Sun Oct 11 15:43:45 2015
0.00, 1.80, 1.42, 1.80 , -2.963307E-011, 8.318900E-012, 2.759335E-005, -1.245140E-013, 2.150400E+004 1.570926E+074 2.150400E+004, Sun Oct 11 15:43:57 2015
0.00, 1.80, 1.40, 1.80 , -3.085690E-011, 8.523320E-012, 2.565434E-005, -1.022580E-013, 2.150400E+004 1.570926E+074 2.150400E+004, Sun Oct 11 15:44:02 2015
0.00, 1.80, 1.38, 1.80 , -2.975966E-011, 7.664800E-012, 2.372548E-005, -1.156090E-013, 2.150400E+004 1.570926E+074 2.150400E+004, Sun Oct 11 15:44:10 2015
0.00, 1.80, 1.36, 1.80 , -3.035048E-011, 7.842310E-012, 2.179869E-005, -1.042840E-013, 2.150400E+004 1.570926E+074 2.150400E+004, Sun Oct 11 15:44:40 2015
0.00, 1.80, 1.34, 1.80 , -2.853586E-011, 8.525790E-012, 1.987013E-005, -1.134510E-013, 2.150400E+004 1.570926E+074 2.150400E+004, Sun Oct 11 15:44:53 2015
0.00, 1.80, 1.32, 1.80 , -3.081465E-011, 7.646480E-012, 1.789856E-005, -9.084940E-014, 2.150400E+004 1.570926E+074 2.150400E+004, Sun Oct 11 15:45:09 2015
0.00, 1.80, 1.30, 1.80 , 9.063925E-012, 1.361580E-011, 1.568340E-005, -1.154420E-013, 2.150400E+004 1.570926E+074 2.150400E+004, Sun Oct 11 15:45:41 2015
0.00, 1.80, 1.28, 1.80 , -2.821591E-010, 2.219860E-010, 1.331349E-005, -1.079680E-013, 2.150400E+004 1.570926E+074 2.150400E+004, Sun Oct 11 15:45:57 2015
0.00, 1.80, 1.26, 1.80 , -1.834385E-008, 1.247440E-008, 9.476465E-006, -9.981390E-014, 2.150400E+004 1.570926E+074 2.150400E+004, Sun Oct 11 15:46:37 2015
0.00, 1.80, 1.24, 1.80 , -4.418789E-008, 4.548310E-008, 7.891572E-009, -1.049160E-013, 2.150400E+004 1.570926E+074 2.150400E+004, Sun Oct 11 15:46:46 2015
0.00, 1.80, 1.22, 1.80 , -2.159174E-007, 2.149540E-007, 4.488133E-011, -9.615420E-014, 2.150400E+004 1.570926E+074 2.150400E+004, Sun Oct 11 15:46:50 2015
0.00, 1.80, 1.20, 1.80 , -5.378300E-007, 5.398390E-007, -2.043718E-011, -9.640460E-014, 2.150400E+004 1.570926E+074 2.150400E+004, Sun Oct 11 15:46:54 2015
0.00, 1.80, 1.18, 1.80 , -1.029228E-006, 1.033730E-006, -1.708322E-011, -8.562800E-014, 2.150400E+004 1.570926E+074 2.150400E+004, Sun Oct 11 15:46:57 2015
0.00, 1.80, 1.16, 1.80 , -1.682413E-006, 1.682880E-006, -1.515469E-011, -1.348850E-013, 2.150400E+004 1.570926E+074 2.150400E+004, Sun Oct 11 15:47:02 2015
0.00, 1.80, 1.14, 1.80 , -2.462203E-006, 2.463660E-006, -1.817326E-011, -1.011970E-013, 2.150400E+004 1.570926E+074 2.150400E+004, Sun Oct 11 15:47:06 2015
0.00, 1.80, 1.12, 1.80 , -3.367976E-006, 3.367520E-006, -2.026948E-011, -1.029850E-013, 2.150400E+004 1.570926E+074 2.150400E+004, Sun Oct 11 15:47:09 2015
0.00, 1.80, 1.10, 1.80 , -4.405852E-006, 4.403420E-006, -2.114990E-011, -9.775160E-014, 2.150400E+004 1.570926E+074 2.150400E+004, Sun Oct 11 15:47:13 2015
0.00, 1.80, 1.08, 1.80 , -5.495879E-006, 5.498340E-006, -2.127567E-011, -9.958740E-014, 2.150400E+004 1.570926E+074 2.150400E+004, Sun Oct 11 15:47:16 2015
0.00, 1.80, 1.06, 1.80 , -6.649094E-006, 6.655990E-006, -1.943099E-011, -9.971860E-014, 2.150400E+004 1.570926E+074 2.150400E+004, Sun Oct 11 15:47:20 2015
0.00, 1.80, 1.04, 1.80 , -7.889547E-006, 7.894260E-006, -1.909559E-011, -9.162430E-014, 2.150400E+004 1.570926E+074 2.150400E+004, Sun Oct 11 15:47:23 2015
0.00, 1.80, 1.02, 1.80 , -9.314020E-006, 9.313510E-006, -1.846673E-011, -8.740430E-014, 2.150400E+004 1.570926E+074 2.150400E+004, Sun Oct 11 15:47:27 2015
0.00, 1.80, 1.00, 1.80 , -1.081137E-005, 1.078140E-005, -2.286881E-011, -1.113410E-013, 2.150400E+004 1.570926E+074 2.150400E+004, Sun Oct 11 15:47:31 2015
0.00, 1.80, 0.98, 1.80 , -1.250253E-005, 1.249350E-005, -2.089835E-011, -1.035090E-013, 2.150400E+004 1.570926E+074 2.150400E+004, Sun Oct 11 15:47:34 2015
0.00, 1.80, 0.96, 1.80 , -1.432833E-005, 1.433070E-005, -2.165299E-011, -1.098750E-013, 2.150400E+004 1.570926E+074 2.150400E+004, Sun Oct 11 15:47:38 2015
0.00, 1.80, 0.94, 1.80 , -1.630036E-005, 1.628630E-005, -2.223994E-011, -1.169680E-013, 2.150400E+004 1.570926E+074 2.150400E+004, Sun Oct 11 15:47:41 2015
0.00, 1.80, 0.92, 1.80 , -1.843346E-005, 1.840630E-005, -2.228186E-011, -9.039640E-014, 2.150400E+004 1.570926E+074 2.150400E+004, Sun Oct 11 15:47:45 2015
0.00, 1.80, 0.90, 1.80 , -2.070497E-005, 2.070910E-005, -2.198839E-011, -8.707050E-014, 2.150400E+004 1.570926E+074 2.150400E+004, Sun Oct 11 15:47:48 2015
0.00, 1.80, 0.88, 1.80 , -2.313643E-005, 2.312580E-005, -2.207224E-011, -1.113410E-013, 2.150400E+004 1.570926E+074 2.150400E+004, Sun Oct 11 15:47:52 2015
0.00, 1.80, 0.86, 1.80 , -2.568777E-005, 2.567720E-005, -2.370736E-011, -9.573700E-014, 2.150400E+004 1.570926E+074 2.150400E+004, Sun Oct 11 15:47:56 2015
0.00, 1.80, 0.84, 1.80 , -2.838914E-005, 2.839510E-005, -2.400086E-011, -8.745190E-014, 2.150400E+004 1.570926E+074 2.150400E+004, Sun Oct 11 15:47:59 2015
0.00, 1.80, 0.82, 1.80 , -3.122606E-005, 3.122240E-005, -2.479751E-011, -8.779760E-014, 2.150400E+004 1.570926E+074 2.150400E+004, Sun Oct 11 15:48:03 2015
0.00, 1.80, 0.80, 1.80 , -3.417018E-005, 3.415520E-005, -2.475558E-011, -8.858440E-014, 2.150400E+004 1.570926E+074 2.150400E+004, Sun Oct 11 15:48:06 2015
0.00, 1.80, 0.78, 1.80 , -3.721537E-005, 3.721720E-005, -2.555222E-011, -1.140710E-013, 2.150400E+004 1.570926E+074 2.150400E+004, Sun Oct 11 15:48:10 2015
0.00, 1.80, 0.76, 1.80 , -4.041330E-005, 4.039800E-005, -2.513294E-011, -9.883640E-014, 2.150400E+004 1.570926E+074 2.150400E+004, Sun Oct 11 15:48:13 2015
0.00, 1.80, 0.74, 1.80 , -4.373147E-005, 4.371980E-005, -2.676816E-011, -9.460450E-014, 2.150400E+004 1.570926E+074 2.150400E+004, Sun Oct 11 15:48:17 2015
0.00, 1.80, 0.72, 1.80 , -4.719881E-005, 4.720470E-005, -2.634887E-011, -9.402040E-014, 2.150400E+004 1.570926E+074 2.150400E+004, Sun Oct 11 15:48:20 2015
0.00, 1.80, 0.70, 1.80 , -5.075844E-005, 5.076310E-005, -2.567801E-011, -1.149770E-013, 2.150400E+004 1.570926E+074 2.150400E+004, Sun Oct 11 15:48:24 2015
0.00, 1.80, 0.68, 1.80 , -5.441251E-005, 5.442700E-005, -2.630694E-011, -1.058580E-013, 2.150400E+004 1.570926E+074 2.150400E+004, Sun Oct 11 15:48:27 2015
0.00, 1.80, 0.66, 1.80 , -5.819889E-005, 5.820790E-005, -2.618115E-011, -1.035330E-013, 2.150400E+004 1.570926E+074 2.150400E+004, Sun Oct 11 15:48:31 2015
0.00, 1.80, 0.64, 1.80 , -6.208532E-005, 6.208540E-005, -2.681009E-011, -8.150340E-014, 2.150400E+004 1.570926E+074 2.150400E+004, Sun Oct 11 15:48:34 2015
0.00, 1.80, 0.62, 1.80 , -6.609962E-005, 6.609100E-005, -2.546837E-011, -9.539130E-014, 2.150400E+004 1.570926E+074 2.150400E+004, Sun Oct 11 15:48:38 2015
0.00, 1.80, 0.60, 1.80 , -7.019936E-005, 7.017790E-005, -2.559415E-011, -9.714370E-014, 2.150400E+004 1.570926E+074 2.150400E+004, Sun Oct 11 15:48:42 2015
0.00, 1.80, 0.58, 1.80 , -7.441347E-005, 7.439650E-005, -2.890653E-011, -9.067060E-014, 2.150400E+004 1.570926E+074 2.150400E+004, Sun Oct 11 15:48:45 2015
0.00, 1.80, 0.56, 1.80 , -7.871329E-005, 7.869890E-005, -2.706166E-011, -9.059910E-014, 2.150400E+004 1.570926E+074 2.150400E+004, Sun Oct 11 15:48:49 2015
0.00, 1.80, 0.54, 1.80 , -8.308295E-005, 8.307820E-005, -3.112875E-011, -9.880070E-014, 2.150400E+004 1.570926E+074 2.150400E+004, Sun Oct 11 15:48:52 2015
0.00, 1.80, 0.52, 1.80 , -8.755864E-005, 8.752780E-005, -2.970317E-011, -1.050830E-013, 2.150400E+004 1.570926E+074 2.150400E+004, Sun Oct 11 15:48:56 2015
0.00, 1.80, 0.50, 1.80 , -9.210622E-005, 9.208950E-005, -3.091910E-011, -1.003740E-013, 2.150400E+004 1.570926E+074 2.150400E+004, Sun Oct 11 15:48:59 2015
0.00, 1.80, 0.48, 1.80 , -9.672383E-005, 9.671190E-005, -3.158996E-011, -9.987350E-014, 2.150400E+004 1.570926E+074 2.150400E+004, Sun Oct 11 15:49:03 2015
0.00, 1.80, 0.46, 1.80 , -1.014618E-004, 1.014370E-004, -2.869688E-011, -9.394880E-014, 2.150400E+004 1.570926E+074 2.150400E+004, Sun Oct 11 15:49:06 2015
0.00, 1.80, 0.44, 1.80 , -1.062802E-004, 1.062610E-004, -3.062561E-011, -8.521080E-014, 2.150400E+004 1.570926E+074 2.150400E+004, Sun Oct 11 15:49:10 2015
0.00, 1.80, 0.42, 1.80 , -1.112306E-004, 1.112080E-004, -3.154804E-011, -1.245620E-013, 2.150400E+004 1.570926E+074 2.150400E+004, Sun Oct 11 15:49:14 2015
0.00, 1.80, 0.40, 1.80 , -1.162263E-004, 1.161990E-004, -3.117068E-011, -8.032320E-014, 2.150400E+004 1.570926E+074 2.150400E+004, Sun Oct 11 15:49:17 2015
0.00, 1.80, 0.38, 1.80 , -1.212968E-004, 1.212710E-004, -3.305747E-011, -1.037480E-013, 2.150400E+004 1.570926E+074 2.150400E+004, Sun Oct 11 15:49:21 2015
0.00, 1.80, 0.36, 1.80 , -1.264681E-004, 1.264430E-004, -3.356061E-011, -1.092790E-013, 2.150400E+004 1.570926E+074 2.150400E+004, Sun Oct 11 15:49:24 2015
0.00, 1.80, 0.34, 1.80 , -1.317131E-004, 1.316870E-004, -3.234468E-011, -9.793040E-014, 2.150400E+004 1.570926E+074 2.150400E+004, Sun Oct 11 15:49:28 2015
0.00, 1.80, 0.32, 1.80 , -1.370382E-004, 1.370150E-004, -3.205118E-011, -9.092090E-014, 2.150400E+004 1.570926E+074 2.150400E+004, Sun Oct 11 15:49:31 2015
0.00, 1.80, 0.30, 1.80 , -1.424418E-004, 1.424150E-004, -3.268011E-011, -8.912090E-014, 2.150400E+004 1.570926E+074 2.150400E+004, Sun Oct 11 15:49:35 2015
0.00, 1.80, 0.28, 1.80 , -1.479047E-004, 1.478800E-004, -3.142224E-011, -7.277730E-014, 2.150400E+004 1.570926E+074 2.150400E+004, Sun Oct 11 15:49:38 2015
0.00, 1.80, 0.26, 1.80 , -1.534476E-004, 1.534220E-004, -3.314133E-011, -8.559230E-014, 2.150400E+004 1.570926E+074 2.150400E+004, Sun Oct 11 15:49:42 2015
0.00, 1.80, 0.24, 1.80 , -1.590558E-004, 1.590280E-004, -3.465076E-011, -9.623770E-014, 2.150400E+004 1.570926E+074 2.150400E+004, Sun Oct 11 15:49:45 2015
0.00, 1.80, 0.22, 1.80 , -1.647153E-004, 1.646900E-004, -3.595056E-011, -1.031520E-013, 2.150400E+004 1.570926E+074 2.150400E+004, Sun Oct 11 15:49:49 2015
0.00, 1.80, 0.20, 1.80 , -1.704250E-004, 1.704000E-004, -3.330904E-011, -1.072170E-013, 2.150400E+004 1.570926E+074 2.150400E+004, Sun Oct 11 15:49:52 2015
0.00, 1.80, 0.18, 1.80 , -1.762004E-004, 1.761750E-004, -3.322519E-011, -8.411410E-014, 2.150400E+004 1.570926E+074 2.150400E+004, Sun Oct 11 15:49:56 2015
0.00, 1.80, 0.16, 1.80 , -1.820251E-004, 1.819970E-004, -3.523777E-011, -1.058460E-013, 2.150400E+004 1.570926E+074 2.150400E+004, Sun Oct 11 15:50:00 2015
0.00, 1.80, 0.14, 1.80 , -1.878667E-004, 1.878400E-004, -3.787928E-011, -6.442070E-014, 2.150400E+004 1.570926E+074 2.150400E+004, Sun Oct 11 15:50:03 2015
0.00, 1.80, 0.12, 1.80 , -1.937479E-004, 1.937160E-004, -3.540548E-011, -1.057150E-013, 2.150400E+004 1.570926E+074 2.150400E+004, Sun Oct 11 15:50:07 2015
0.00, 1.80, 0.10, 1.80 , -1.996659E-004, 1.996350E-004, -3.527970E-011, -7.829670E-014, 2.150400E+004 1.570926E+074 2.150400E+004, Sun Oct 11 15:50:10 2015
0.00, 1.80, 0.08, 1.80 , -2.056268E-004, 2.055970E-004, -3.595055E-011, -7.917880E-014, 2.150400E+004 1.570926E+074 2.150400E+004, Sun Oct 11 15:50:14 2015
0.00, 1.80, 0.06, 1.80 , -2.116028E-004, 2.115700E-004, -3.875978E-011, -1.057620E-013, 2.150400E+004 1.570926E+074 2.150400E+004, Sun Oct 11 15:50:17 2015
0.00, 1.80, 0.04, 1.80 , -2.176222E-004, 2.175890E-004, -3.729227E-011, -9.297130E-014, 2.150400E+004 1.570926E+074 2.150400E+004, Sun Oct 11 15:50:21 2015
0.00, 1.80, 0.02, 1.80 , -2.236671E-004, 2.236350E-004, -3.745998E-011, -1.198290E-013, 2.150400E+004 1.570926E+074 2.150400E+004, Sun Oct 11 15:50:24 2015
0.00, 1.80, 0.00, 1.80 , -2.297455E-004, 2.297120E-004, -3.808893E-011, -1.042600E-013, 2.150400E+004 1.570926E+074 2.150400E+004, Sun Oct 11 15:50:28 2015
0.00, 1.80, -0.02, 1.80 , -2.358640E-004, 2.358270E-004, -3.725035E-011, -9.984970E-014, 2.150400E+004 1.570926E+074 2.150400E+004, Sun Oct 11 15:50:31 2015
0.00, 1.80, -0.04, 1.80 , -2.419942E-004, 2.419590E-004, -4.035307E-011, -9.179120E-014, 2.150400E+004 1.570926E+074 2.150400E+004, Sun Oct 11 15:50:35 2015
0.00, 1.80, -0.06, 1.80 , -2.481476E-004, 2.481110E-004, -3.729227E-011, -1.042250E-013, 2.150400E+004 1.570926E+074 2.150400E+004, Sun Oct 11 15:50:38 2015
0.00, 1.80, -0.08, 1.80 , -2.543234E-004, 2.542800E-004, -3.930485E-011, -8.163450E-014, 2.150400E+004 1.570926E+074 2.150400E+004, Sun Oct 11 15:50:42 2015
0.00, 1.80, -0.10, 1.80 , -2.605110E-004, 2.604730E-004, -3.964028E-011, -6.845000E-014, 2.150400E+004 1.570926E+074 2.150400E+004, Sun Oct 11 15:50:46 2015
0.00, 1.80, -0.12, 1.80 , -2.667287E-004, 2.666890E-004, -3.896942E-011, -9.181500E-014, 2.150400E+004 1.570926E+074 2.150400E+004, Sun Oct 11 15:50:49 2015
0.00, 1.80, -0.14, 1.80 , -2.729778E-004, 2.729330E-004, -4.039501E-011, -8.801220E-014, 2.150400E+004 1.570926E+074 2.150400E+004, Sun Oct 11 15:50:53 2015
0.00, 1.80, -0.16, 1.80 , -2.792439E-004, 2.791950E-004, -3.838242E-011, -9.422300E-014, 2.150400E+004 1.570926E+074 2.150400E+004, Sun Oct 11 15:50:56 2015
0.00, 1.80, -0.18, 1.80 , -2.855146E-004, 2.854660E-004, -4.244952E-011, -9.567740E-014, 2.150400E+004 1.570926E+074 2.150400E+004, Sun Oct 11 15:51:00 2015
0.00, 1.80, -0.20, 1.80 , -2.918059E-004, 2.917610E-004, -4.018536E-011, -8.792880E-014, 2.150400E+004 1.570926E+074 2.150400E+004, Sun Oct 11 15:51:03 2015
