1.80, 1.80, 0.20, 1.80 , 3.076975E-008, -3.034580E-008, -4.077255E-011, -1.071210E-013, 2.150400E+004 1.570926E+074 2.150400E+004, Wed Oct 07 16:15:29 2015
1.75, 1.80, 0.20, 1.80 , -5.720535E-006, 5.721360E-006, -3.976624E-011, -1.257060E-013, 2.150400E+004 1.570926E+074 2.150400E+004, Wed Oct 07 16:15:32 2015
1.70, 1.80, 0.20, 1.80 , -1.127022E-005, 1.126250E-005, -3.834066E-011, -1.241800E-013, 2.150400E+004 1.570926E+074 2.150400E+004, Wed Oct 07 16:15:36 2015
1.65, 1.80, 0.20, 1.80 , -1.660403E-005, 1.659410E-005, -3.838258E-011, -1.197930E-013, 2.150400E+004 1.570926E+074 2.150400E+004, Wed Oct 07 16:15:40 2015
1.60, 1.80, 0.20, 1.80 , -2.171725E-005, 2.170560E-005, -3.574104E-011, -1.252410E-013, 2.150400E+004 1.570926E+074 2.150400E+004, Wed Oct 07 16:15:43 2015
1.55, 1.80, 0.20, 1.80 , -2.662058E-005, 2.660820E-005, -3.712471E-011, -1.287100E-013, 2.150400E+004 1.570926E+074 2.150400E+004, Wed Oct 07 16:15:47 2015
1.50, 1.80, 0.20, 1.80 , -3.131630E-005, 3.130360E-005, -3.771171E-011, -1.206640E-013, 2.150400E+004 1.570926E+074 2.150400E+004, Wed Oct 07 16:15:50 2015
1.45, 1.80, 0.20, 1.80 , -3.578838E-005, 3.577360E-005, -3.620226E-011, -1.180530E-013, 2.150400E+004 1.570926E+074 2.150400E+004, Wed Oct 07 16:15:54 2015
1.40, 1.80, 0.20, 1.80 , -4.002331E-005, 4.000680E-005, -3.691506E-011, -1.070380E-013, 2.150400E+004 1.570926E+074 2.150400E+004, Wed Oct 07 16:15:57 2015
1.35, 1.80, 0.20, 1.80 , -4.401333E-005, 4.399470E-005, -3.657963E-011, -1.274820E-013, 2.150400E+004 1.570926E+074 2.150400E+004, Wed Oct 07 16:16:01 2015
1.30, 1.80, 0.20, 1.80 , -4.775994E-005, 4.774220E-005, -3.569911E-011, -1.243830E-013, 2.150400E+004 1.570926E+074 2.150400E+004, Wed Oct 07 16:16:04 2015
1.25, 1.80, 0.20, 1.80 , -5.126760E-005, 5.125060E-005, -3.695698E-011, -1.126050E-013, 2.150400E+004 1.570926E+074 2.150400E+004, Wed Oct 07 16:16:08 2015
1.20, 1.80, 0.20, 1.80 , -5.453004E-005, 5.451290E-005, -3.787941E-011, -1.255510E-013, 2.150400E+004 1.570926E+074 2.150400E+004, Wed Oct 07 16:16:12 2015
1.15, 1.80, 0.20, 1.80 , -5.752839E-005, 5.750830E-005, -3.704085E-011, -1.279830E-013, 2.150400E+004 1.570926E+074 2.150400E+004, Wed Oct 07 16:16:15 2015
1.10, 1.80, 0.20, 1.80 , -6.026482E-005, 6.024790E-005, -3.590876E-011, -1.192090E-013, 2.150400E+004 1.570926E+074 2.150400E+004, Wed Oct 07 16:16:19 2015
1.05, 1.80, 0.20, 1.80 , -6.273049E-005, 6.270930E-005, -3.657962E-011, -1.299140E-013, 2.150400E+004 1.570926E+074 2.150400E+004, Wed Oct 07 16:16:22 2015
1.00, 1.80, 0.20, 1.80 , -6.492191E-005, 6.489940E-005, -3.523790E-011, -1.027580E-013, 2.150400E+004 1.570926E+074 2.150400E+004, Wed Oct 07 16:16:26 2015
0.95, 1.80, 0.20, 1.80 , -6.684159E-005, 6.681880E-005, -3.758592E-011, -1.093630E-013, 2.150400E+004 1.570926E+074 2.150400E+004, Wed Oct 07 16:16:29 2015
0.90, 1.80, 0.20, 1.80 , -6.848644E-005, 6.846650E-005, -3.666348E-011, -1.129870E-013, 2.150400E+004 1.570926E+074 2.150400E+004, Wed Oct 07 16:16:33 2015
0.85, 1.80, 0.20, 1.80 , -6.985544E-005, 6.983240E-005, -3.632804E-011, -1.052500E-013, 2.150400E+004 1.570926E+074 2.150400E+004, Wed Oct 07 16:16:36 2015
0.80, 1.80, 0.20, 1.80 , -7.095017E-005, 7.092730E-005, -3.737628E-011, -1.118420E-013, 2.150400E+004 1.570926E+074 2.150400E+004, Wed Oct 07 16:16:40 2015
0.75, 1.80, 0.20, 1.80 , -7.179158E-005, 7.176820E-005, -3.574104E-011, -1.249670E-013, 2.150400E+004 1.570926E+074 2.150400E+004, Wed Oct 07 16:16:43 2015
0.70, 1.80, 0.20, 1.80 , -7.239543E-005, 7.237410E-005, -3.662156E-011, -1.183630E-013, 2.150400E+004 1.570926E+074 2.150400E+004, Wed Oct 07 16:16:47 2015
0.65, 1.80, 0.20, 1.80 , -7.280945E-005, 7.278560E-005, -3.490245E-011, -1.201630E-013, 2.150400E+004 1.570926E+074 2.150400E+004, Wed Oct 07 16:16:51 2015
0.60, 1.80, 0.20, 1.80 , -7.307574E-005, 7.305350E-005, -3.465088E-011, -1.238820E-013, 2.150400E+004 1.570926E+074 2.150400E+004, Wed Oct 07 16:16:54 2015
0.55, 1.80, 0.20, 1.80 , -7.324590E-005, 7.322200E-005, -3.653769E-011, -1.074910E-013, 2.150400E+004 1.570926E+074 2.150400E+004, Wed Oct 07 16:16:58 2015
0.50, 1.80, 0.20, 1.80 , -7.335985E-005, 7.333610E-005, -3.595068E-011, -9.630920E-014, 2.150400E+004 1.570926E+074 2.150400E+004, Wed Oct 07 16:17:01 2015
0.45, 1.80, 0.20, 1.80 , -7.343017E-005, 7.340700E-005, -3.569911E-011, -1.121880E-013, 2.150400E+004 1.570926E+074 2.150400E+004, Wed Oct 07 16:17:05 2015
0.40, 1.80, 0.20, 1.80 , -7.349083E-005, 7.346730E-005, -3.620226E-011, -1.273390E-013, 2.150400E+004 1.570926E+074 2.150400E+004, Wed Oct 07 16:17:08 2015
0.35, 1.80, 0.20, 1.80 , -7.354354E-005, 7.351920E-005, -3.569912E-011, -1.300450E-013, 2.150400E+004 1.570926E+074 2.150400E+004, Wed Oct 07 16:17:12 2015
0.30, 1.80, 0.20, 1.80 , -7.358896E-005, 7.356560E-005, -3.712470E-011, -1.112940E-013, 2.150400E+004 1.570926E+074 2.150400E+004, Wed Oct 07 16:17:15 2015
0.25, 1.80, 0.20, 1.80 , -7.362594E-005, 7.360060E-005, -3.452509E-011, -1.347060E-013, 2.150400E+004 1.570926E+074 2.150400E+004, Wed Oct 07 16:17:19 2015
0.20, 1.80, 0.20, 1.80 , -7.365767E-005, 7.363680E-005, -3.486052E-011, -1.139280E-013, 2.150400E+004 1.570926E+074 2.150400E+004, Wed Oct 07 16:17:23 2015
0.15, 1.80, 0.20, 1.80 , -7.369522E-005, 7.367210E-005, -3.427352E-011, -9.741780E-014, 2.150400E+004 1.570926E+074 2.150400E+004, Wed Oct 07 16:17:26 2015
0.10, 1.80, 0.20, 1.80 , -7.372064E-005, 7.369600E-005, -3.498631E-011, -1.175640E-013, 2.150400E+004 1.570926E+074 2.150400E+004, Wed Oct 07 16:17:30 2015
0.05, 1.80, 0.20, 1.80 , -7.374663E-005, 7.372330E-005, -3.511210E-011, -1.003740E-013, 2.150400E+004 1.570926E+074 2.150400E+004, Wed Oct 07 16:17:33 2015
0.00, 1.80, 0.20, 1.80 , -7.377741E-005, 7.375320E-005, -3.473474E-011, -1.165630E-013, 2.150400E+004 1.570926E+074 2.150400E+004, Wed Oct 07 16:17:37 2015
-0.05, 1.80, 0.20, 1.80 , -7.380094E-005, 7.377640E-005, -3.490245E-011, -1.215580E-013, 2.150400E+004 1.570926E+074 2.150400E+004, Wed Oct 07 16:17:40 2015
-0.10, 1.80, 0.20, 1.80 , -7.382550E-005, 7.380230E-005, -3.494439E-011, -9.033680E-014, 2.150400E+004 1.570926E+074 2.150400E+004, Wed Oct 07 16:17:44 2015
-0.15, 1.80, 0.20, 1.80 , -7.384725E-005, 7.382450E-005, -3.511210E-011, -1.191740E-013, 2.150400E+004 1.570926E+074 2.150400E+004, Wed Oct 07 16:17:47 2015
-0.20, 1.80, 0.20, 1.80 , -7.386895E-005, 7.384550E-005, -3.511209E-011, -1.290080E-013, 2.150400E+004 1.570926E+074 2.150400E+004, Wed Oct 07 16:17:51 2015
