1.30, 1.80, 1.80, 1.80 , -3.444376E-011, 9.300470E-013, 5.640172E-012, -9.568930E-014, 2.150400E+004 1.570926E+074 2.150400E+004, Wed Oct 07 15:54:04 2015
1.30, 1.80, 1.78, 1.80 , -3.047692E-011, 3.318050E-012, -9.201250E-012, -8.765460E-014, 2.150400E+004 1.570926E+074 2.150400E+004, Wed Oct 07 15:54:23 2015
1.30, 1.80, 1.76, 1.80 , -2.975955E-011, 3.876300E-012, -1.322605E-011, -1.139400E-013, 2.150400E+004 1.570926E+074 2.150400E+004, Wed Oct 07 15:54:39 2015
1.30, 1.80, 1.74, 1.80 , -3.035035E-011, 4.587280E-012, -1.523845E-011, -1.200080E-013, 2.150400E+004 1.570926E+074 2.150400E+004, Wed Oct 07 15:54:49 2015
1.30, 1.80, 1.72, 1.80 , -2.950634E-011, 5.446930E-012, -1.934710E-011, -1.134870E-013, 2.150400E+004 1.570926E+074 2.150400E+004, Wed Oct 07 15:54:56 2015
1.30, 1.80, 1.70, 1.80 , -3.056137E-011, 6.493190E-012, -2.026945E-011, -1.077060E-013, 2.150400E+004 1.570926E+074 2.150400E+004, Wed Oct 07 15:55:00 2015
1.30, 1.80, 1.68, 1.80 , -3.174295E-011, 7.854760E-012, -1.863438E-011, -1.069190E-013, 2.150400E+004 1.570926E+074 2.150400E+004, Wed Oct 07 15:55:14 2015
1.30, 1.80, 1.66, 1.80 , -3.435936E-011, 1.165030E-011, -2.140143E-011, -1.167890E-013, 2.150400E+004 1.570926E+074 2.150400E+004, Wed Oct 07 15:55:19 2015
1.30, 1.80, 1.64, 1.80 , -4.043615E-011, 1.885520E-011, -2.421052E-011, -9.323360E-014, 2.150400E+004 1.570926E+074 2.150400E+004, Wed Oct 07 15:55:23 2015
1.30, 1.80, 1.62, 1.80 , -5.609235E-011, 3.331710E-011, -2.211415E-011, -1.171350E-013, 2.150400E+004 1.570926E+074 2.150400E+004, Wed Oct 07 15:55:33 2015
1.30, 1.80, 1.60, 1.80 , -8.774242E-011, 6.423940E-011, -2.391701E-011, -9.951590E-014, 2.150400E+004 1.570926E+074 2.150400E+004, Wed Oct 07 15:55:37 2015
1.30, 1.80, 1.58, 1.80 , -1.514222E-010, 1.284980E-010, -2.471367E-011, -1.037480E-013, 2.150400E+004 1.570926E+074 2.150400E+004, Wed Oct 07 15:55:44 2015
1.30, 1.80, 1.56, 1.80 , -2.864201E-010, 2.633680E-010, -2.538453E-011, -1.213070E-013, 2.150400E+004 1.570926E+074 2.150400E+004, Wed Oct 07 15:55:48 2015
1.30, 1.80, 1.54, 1.80 , -5.682320E-010, 5.457780E-010, -2.588768E-011, -1.305940E-013, 2.150400E+004 1.570926E+074 2.150400E+004, Wed Oct 07 15:55:52 2015
1.30, 1.80, 1.52, 1.80 , -1.155614E-009, 1.132170E-009, -2.722942E-011, -1.220940E-013, 2.150400E+004 1.570926E+074 2.150400E+004, Wed Oct 07 15:55:57 2015
1.30, 1.80, 1.50, 1.80 , -2.365237E-009, 2.346110E-009, -2.815186E-011, -1.075860E-013, 2.150400E+004 1.570926E+074 2.150400E+004, Wed Oct 07 15:56:01 2015
1.30, 1.80, 1.48, 1.80 , -4.826937E-009, 4.806430E-009, -2.844536E-011, -1.079320E-013, 2.150400E+004 1.570926E+074 2.150400E+004, Wed Oct 07 15:56:04 2015
1.30, 1.80, 1.46, 1.80 , -9.687657E-009, 9.662930E-009, -2.886465E-011, -1.040340E-013, 2.150400E+004 1.570926E+074 2.150400E+004, Wed Oct 07 15:56:08 2015
1.30, 1.80, 1.44, 1.80 , -1.891836E-008, 1.888820E-008, -2.936780E-011, -1.173140E-013, 2.150400E+004 1.570926E+074 2.150400E+004, Wed Oct 07 15:56:12 2015
1.30, 1.80, 1.42, 1.80 , -3.549506E-008, 3.547140E-008, -3.075146E-011, -1.074080E-013, 2.150400E+004 1.570926E+074 2.150400E+004, Wed Oct 07 15:56:15 2015
1.30, 1.80, 1.40, 1.80 , -6.352683E-008, 6.352430E-008, -3.100304E-011, -9.472370E-014, 2.150400E+004 1.570926E+074 2.150400E+004, Wed Oct 07 15:56:19 2015
1.30, 1.80, 1.38, 1.80 , -1.078579E-007, 1.078440E-007, -2.999674E-011, -1.019840E-013, 2.150400E+004 1.570926E+074 2.150400E+004, Wed Oct 07 15:56:22 2015
1.30, 1.80, 1.36, 1.80 , -1.735409E-007, 1.735370E-007, -3.024832E-011, -9.924170E-014, 2.150400E+004 1.570926E+074 2.150400E+004, Wed Oct 07 15:56:26 2015
1.30, 1.80, 1.34, 1.80 , -2.658172E-007, 2.657650E-007, -3.079340E-011, -1.328710E-013, 2.150400E+004 1.570926E+074 2.150400E+004, Wed Oct 07 15:56:30 2015
1.30, 1.80, 1.32, 1.80 , -3.890306E-007, 3.890340E-007, -3.070954E-011, -1.034020E-013, 2.150400E+004 1.570926E+074 2.150400E+004, Wed Oct 07 15:56:33 2015
1.30, 1.80, 1.30, 1.80 , -5.469006E-007, 5.469180E-007, -3.192548E-011, -1.012680E-013, 2.150400E+004 1.570926E+074 2.150400E+004, Wed Oct 07 15:56:37 2015
1.30, 1.80, 1.28, 1.80 , -7.425544E-007, 7.424940E-007, -3.121269E-011, -1.076100E-013, 2.150400E+004 1.570926E+074 2.150400E+004, Wed Oct 07 15:56:40 2015
1.30, 1.80, 1.26, 1.80 , -9.784525E-007, 9.783250E-007, -3.205127E-011, -1.229760E-013, 2.150400E+004 1.570926E+074 2.150400E+004, Wed Oct 07 15:56:44 2015
1.30, 1.80, 1.24, 1.80 , -1.255934E-006, 1.255860E-006, -3.087726E-011, -1.316190E-013, 2.150400E+004 1.570926E+074 2.150400E+004, Wed Oct 07 15:56:48 2015
1.30, 1.80, 1.22, 1.80 , -1.576782E-006, 1.576480E-006, -3.368652E-011, -9.864570E-014, 2.150400E+004 1.570926E+074 2.150400E+004, Wed Oct 07 15:56:51 2015
1.30, 1.80, 1.20, 1.80 , -1.942221E-006, 1.941870E-006, -3.138041E-011, -1.083850E-013, 2.150400E+004 1.570926E+074 2.150400E+004, Wed Oct 07 15:56:55 2015
1.30, 1.80, 1.18, 1.80 , -2.352161E-006, 2.351700E-006, -3.309950E-011, -1.123430E-013, 2.150400E+004 1.570926E+074 2.150400E+004, Wed Oct 07 15:56:58 2015
1.30, 1.80, 1.16, 1.80 , -2.807529E-006, 2.807200E-006, -3.247056E-011, -1.144410E-013, 2.150400E+004 1.570926E+074 2.150400E+004, Wed Oct 07 15:57:02 2015
1.30, 1.80, 1.14, 1.80 , -3.308956E-006, 3.308450E-006, -3.138040E-011, -1.069900E-013, 2.150400E+004 1.570926E+074 2.150400E+004, Wed Oct 07 15:57:05 2015
1.30, 1.80, 1.12, 1.80 , -3.856029E-006, 3.855670E-006, -3.305758E-011, -1.137140E-013, 2.150400E+004 1.570926E+074 2.150400E+004, Wed Oct 07 15:57:09 2015
1.30, 1.80, 1.10, 1.80 , -4.449706E-006, 4.449370E-006, -3.305757E-011, -1.174930E-013, 2.150400E+004 1.570926E+074 2.150400E+004, Wed Oct 07 15:57:12 2015
1.30, 1.80, 1.08, 1.80 , -5.088764E-006, 5.088090E-006, -3.339300E-011, -1.152400E-013, 2.150400E+004 1.570926E+074 2.150400E+004, Wed Oct 07 15:57:16 2015
1.30, 1.80, 1.06, 1.80 , -5.773989E-006, 5.773170E-006, -3.356072E-011, -1.160740E-013, 2.150400E+004 1.570926E+074 2.150400E+004, Wed Oct 07 15:57:19 2015
1.30, 1.80, 1.04, 1.80 , -6.502057E-006, 6.501040E-006, -3.351879E-011, -9.390120E-014, 2.150400E+004 1.570926E+074 2.150400E+004, Wed Oct 07 15:57:23 2015
1.30, 1.80, 1.02, 1.80 , -7.276275E-006, 7.275240E-006, -3.242863E-011, -1.178260E-013, 2.150400E+004 1.570926E+074 2.150400E+004, Wed Oct 07 15:57:27 2015
1.30, 1.80, 1.00, 1.80 , -8.092275E-006, 8.091950E-006, -3.439930E-011, -1.167060E-013, 2.150400E+004 1.570926E+074 2.150400E+004, Wed Oct 07 15:57:30 2015
1.30, 1.80, 0.98, 1.80 , -8.951523E-006, 8.950810E-006, -3.326722E-011, -1.339550E-013, 2.150400E+004 1.570926E+074 2.150400E+004, Wed Oct 07 15:57:34 2015
1.30, 1.80, 0.96, 1.80 , -9.851470E-006, 9.851000E-006, -3.477667E-011, -1.300810E-013, 2.150400E+004 1.570926E+074 2.150400E+004, Wed Oct 07 15:57:37 2015
1.30, 1.80, 0.94, 1.80 , -1.078831E-005, 1.077940E-005, -3.569910E-011, -1.061800E-013, 2.150400E+004 1.570926E+074 2.150400E+004, Wed Oct 07 15:57:41 2015
1.30, 1.80, 0.92, 1.80 , -1.176037E-005, 1.175180E-005, -3.398001E-011, -1.189230E-013, 2.150400E+004 1.570926E+074 2.150400E+004, Wed Oct 07 15:57:44 2015
1.30, 1.80, 0.90, 1.80 , -1.276341E-005, 1.275410E-005, -3.431545E-011, -9.796620E-014, 2.150400E+004 1.570926E+074 2.150400E+004, Wed Oct 07 15:57:48 2015
1.30, 1.80, 0.88, 1.80 , -1.379436E-005, 1.378400E-005, -3.427352E-011, -1.312850E-013, 2.150400E+004 1.570926E+074 2.150400E+004, Wed Oct 07 15:57:52 2015
1.30, 1.80, 0.86, 1.80 , -1.484651E-005, 1.483730E-005, -3.448317E-011, -1.162650E-013, 2.150400E+004 1.570926E+074 2.150400E+004, Wed Oct 07 15:57:55 2015
1.30, 1.80, 0.84, 1.80 , -1.591646E-005, 1.590640E-005, -3.565718E-011, -1.015900E-013, 2.150400E+004 1.570926E+074 2.150400E+004, Wed Oct 07 15:57:59 2015
1.30, 1.80, 0.82, 1.80 , -1.700016E-005, 1.699030E-005, -3.523789E-011, -1.087780E-013, 2.150400E+004 1.570926E+074 2.150400E+004, Wed Oct 07 15:58:02 2015
1.30, 1.80, 0.80, 1.80 , -1.809382E-005, 1.808250E-005, -3.414773E-011, -9.127860E-014, 2.150400E+004 1.570926E+074 2.150400E+004, Wed Oct 07 15:58:06 2015
1.30, 1.80, 0.78, 1.80 , -1.919210E-005, 1.918110E-005, -3.502824E-011, -1.025800E-013, 2.150400E+004 1.570926E+074 2.150400E+004, Wed Oct 07 15:58:09 2015
1.30, 1.80, 0.76, 1.80 , -2.029073E-005, 2.027810E-005, -3.578297E-011, -1.082780E-013, 2.150400E+004 1.570926E+074 2.150400E+004, Wed Oct 07 15:58:13 2015
1.30, 1.80, 0.74, 1.80 , -2.138967E-005, 2.137690E-005, -3.410582E-011, -1.076580E-013, 2.150400E+004 1.570926E+074 2.150400E+004, Wed Oct 07 15:58:16 2015
1.30, 1.80, 0.72, 1.80 , -2.248456E-005, 2.247350E-005, -3.515403E-011, -1.105310E-013, 2.150400E+004 1.570926E+074 2.150400E+004, Wed Oct 07 15:58:20 2015
1.30, 1.80, 0.70, 1.80 , -2.357369E-005, 2.356060E-005, -3.657962E-011, -1.390810E-013, 2.150400E+004 1.570926E+074 2.150400E+004, Wed Oct 07 15:58:24 2015
1.30, 1.80, 0.68, 1.80 , -2.465595E-005, 2.464460E-005, -3.523789E-011, -1.234410E-013, 2.150400E+004 1.570926E+074 2.150400E+004, Wed Oct 07 15:58:27 2015
1.30, 1.80, 0.66, 1.80 , -2.573096E-005, 2.571750E-005, -3.708278E-011, -1.085400E-013, 2.150400E+004 1.570926E+074 2.150400E+004, Wed Oct 07 15:58:31 2015
1.30, 1.80, 0.64, 1.80 , -2.679678E-005, 2.678470E-005, -3.515404E-011, -1.022340E-013, 2.150400E+004 1.570926E+074 2.150400E+004, Wed Oct 07 15:58:34 2015
1.30, 1.80, 0.62, 1.80 , -2.785604E-005, 2.784290E-005, -3.515404E-011, -1.078250E-013, 2.150400E+004 1.570926E+074 2.150400E+004, Wed Oct 07 15:58:38 2015
1.30, 1.80, 0.60, 1.80 , -2.890619E-005, 2.889380E-005, -3.435738E-011, -1.219630E-013, 2.150400E+004 1.570926E+074 2.150400E+004, Wed Oct 07 15:58:41 2015
1.30, 1.80, 0.58, 1.80 , -2.994756E-005, 2.993420E-005, -3.536367E-011, -1.106980E-013, 2.150400E+004 1.570926E+074 2.150400E+004, Wed Oct 07 15:58:45 2015
1.30, 1.80, 0.56, 1.80 , -3.097552E-005, 3.096250E-005, -3.540561E-011, -1.088380E-013, 2.150400E+004 1.570926E+074 2.150400E+004, Wed Oct 07 15:58:48 2015
1.30, 1.80, 0.54, 1.80 , -3.199739E-005, 3.198400E-005, -3.649576E-011, -1.179460E-013, 2.150400E+004 1.570926E+074 2.150400E+004, Wed Oct 07 15:58:52 2015
1.30, 1.80, 0.52, 1.80 , -3.300923E-005, 3.299430E-005, -3.544753E-011, -1.189590E-013, 2.150400E+004 1.570926E+074 2.150400E+004, Wed Oct 07 15:58:56 2015
1.30, 1.80, 0.50, 1.80 , -3.400841E-005, 3.399470E-005, -3.515404E-011, -1.068120E-013, 2.150400E+004 1.570926E+074 2.150400E+004, Wed Oct 07 15:58:59 2015
1.30, 1.80, 0.48, 1.80 , -3.499788E-005, 3.498340E-005, -3.452509E-011, -1.249190E-013, 2.150400E+004 1.570926E+074 2.150400E+004, Wed Oct 07 15:59:03 2015
1.30, 1.80, 0.46, 1.80 , -3.597850E-005, 3.596390E-005, -3.595069E-011, -1.003500E-013, 2.150400E+004 1.570926E+074 2.150400E+004, Wed Oct 07 15:59:06 2015
1.30, 1.80, 0.44, 1.80 , -3.694686E-005, 3.693190E-005, -3.574105E-011, -9.443760E-014, 2.150400E+004 1.570926E+074 2.150400E+004, Wed Oct 07 15:59:10 2015
1.30, 1.80, 0.42, 1.80 , -3.790500E-005, 3.789050E-005, -3.507017E-011, -1.122950E-013, 2.150400E+004 1.570926E+074 2.150400E+004, Wed Oct 07 15:59:13 2015
1.30, 1.80, 0.40, 1.80 , -3.885417E-005, 3.883960E-005, -3.377036E-011, -8.558040E-014, 2.150400E+004 1.570926E+074 2.150400E+004, Wed Oct 07 15:59:17 2015
1.30, 1.80, 0.38, 1.80 , -3.978916E-005, 3.977280E-005, -3.674734E-011, -1.304630E-013, 2.150400E+004 1.570926E+074 2.150400E+004, Wed Oct 07 15:59:20 2015
1.30, 1.80, 0.36, 1.80 , -4.071476E-005, 4.069930E-005, -3.565719E-011, -1.247290E-013, 2.150400E+004 1.570926E+074 2.150400E+004, Wed Oct 07 15:59:24 2015
1.30, 1.80, 0.34, 1.80 , -4.163101E-005, 4.161480E-005, -3.498632E-011, -9.748940E-014, 2.150400E+004 1.570926E+074 2.150400E+004, Wed Oct 07 15:59:28 2015
1.30, 1.80, 0.32, 1.80 , -4.253492E-005, 4.251960E-005, -3.548947E-011, -1.035570E-013, 2.150400E+004 1.570926E+074 2.150400E+004, Wed Oct 07 15:59:31 2015
1.30, 1.80, 0.30, 1.80 , -4.343505E-005, 4.341640E-005, -3.695699E-011, -1.172420E-013, 2.150400E+004 1.570926E+074 2.150400E+004, Wed Oct 07 15:59:35 2015
1.30, 1.80, 0.28, 1.80 , -4.432208E-005, 4.430610E-005, -3.595069E-011, -1.112580E-013, 2.150400E+004 1.570926E+074 2.150400E+004, Wed Oct 07 15:59:38 2015
1.30, 1.80, 0.26, 1.80 , -4.519961E-005, 4.518110E-005, -3.716663E-011, -1.138090E-013, 2.150400E+004 1.570926E+074 2.150400E+004, Wed Oct 07 15:59:42 2015
1.30, 1.80, 0.24, 1.80 , -4.606917E-005, 4.605120E-005, -3.670541E-011, -1.079920E-013, 2.150400E+004 1.570926E+074 2.150400E+004, Wed Oct 07 15:59:45 2015
1.30, 1.80, 0.22, 1.80 , -4.692579E-005, 4.691040E-005, -3.636999E-011, -1.095180E-013, 2.150400E+004 1.570926E+074 2.150400E+004, Wed Oct 07 15:59:49 2015
1.30, 1.80, 0.20, 1.80 , -4.777587E-005, 4.775840E-005, -3.670542E-011, -1.196980E-013, 2.150400E+004 1.570926E+074 2.150400E+004, Wed Oct 07 15:59:52 2015
1.30, 1.80, 0.18, 1.80 , -4.861591E-005, 4.859810E-005, -3.674734E-011, -9.700060E-014, 2.150400E+004 1.570926E+074 2.150400E+004, Wed Oct 07 15:59:56 2015
1.30, 1.80, 0.16, 1.80 , -4.944925E-005, 4.942980E-005, -3.674733E-011, -8.720160E-014, 2.150400E+004 1.570926E+074 2.150400E+004, Wed Oct 07 15:59:59 2015
1.30, 1.80, 0.14, 1.80 , -5.026972E-005, 5.025100E-005, -3.636999E-011, -1.157280E-013, 2.150400E+004 1.570926E+074 2.150400E+004, Wed Oct 07 16:00:03 2015
1.30, 1.80, 0.12, 1.80 , -5.108101E-005, 5.106130E-005, -3.708277E-011, -1.290320E-013, 2.150400E+004 1.570926E+074 2.150400E+004, Wed Oct 07 16:00:07 2015
1.30, 1.80, 0.10, 1.80 , -5.188197E-005, 5.186420E-005, -3.641191E-011, -1.142260E-013, 2.150400E+004 1.570926E+074 2.150400E+004, Wed Oct 07 16:00:10 2015
1.30, 1.80, 0.08, 1.80 , -5.267709E-005, 5.265730E-005, -3.582490E-011, -1.113410E-013, 2.150400E+004 1.570926E+074 2.150400E+004, Wed Oct 07 16:00:14 2015
1.30, 1.80, 0.06, 1.80 , -5.345836E-005, 5.343730E-005, -3.527982E-011, -1.118060E-013, 2.150400E+004 1.570926E+074 2.150400E+004, Wed Oct 07 16:00:17 2015
1.30, 1.80, 0.04, 1.80 , -5.423588E-005, 5.421670E-005, -3.758593E-011, -1.141310E-013, 2.150400E+004 1.570926E+074 2.150400E+004, Wed Oct 07 16:00:21 2015
1.30, 1.80, 0.02, 1.80 , -5.500136E-005, 5.498320E-005, -3.838257E-011, -9.993320E-014, 2.150400E+004 1.570926E+074 2.150400E+004, Wed Oct 07 16:00:24 2015
1.30, 1.80, 0.00, 1.80 , -5.576045E-005, 5.574170E-005, -3.783749E-011, -1.101970E-013, 2.150400E+004 1.570926E+074 2.150400E+004, Wed Oct 07 16:00:28 2015
1.30, 1.80, -0.02, 1.80 , -5.651204E-005, 5.649200E-005, -3.716663E-011, -1.266480E-013, 2.150400E+004 1.570926E+074 2.150400E+004, Wed Oct 07 16:00:31 2015
1.30, 1.80, -0.04, 1.80 , -5.725409E-005, 5.723410E-005, -3.670541E-011, -1.033900E-013, 2.150400E+004 1.570926E+074 2.150400E+004, Wed Oct 07 16:00:35 2015
1.30, 1.80, -0.06, 1.80 , -5.798609E-005, 5.796560E-005, -3.678928E-011, -1.082060E-013, 2.150400E+004 1.570926E+074 2.150400E+004, Wed Oct 07 16:00:39 2015
1.30, 1.80, -0.08, 1.80 , -5.871278E-005, 5.869060E-005, -3.657962E-011, -1.160620E-013, 2.150400E+004 1.570926E+074 2.150400E+004, Wed Oct 07 16:00:42 2015
1.30, 1.80, -0.10, 1.80 , -5.942738E-005, 5.940710E-005, -3.804715E-011, -9.895560E-014, 2.150400E+004 1.570926E+074 2.150400E+004, Wed Oct 07 16:00:46 2015
1.30, 1.80, -0.12, 1.80 , -6.013843E-005, 6.011790E-005, -3.746013E-011, -1.104350E-013, 2.150400E+004 1.570926E+074 2.150400E+004, Wed Oct 07 16:00:49 2015
1.30, 1.80, -0.14, 1.80 , -6.083969E-005, 6.081980E-005, -3.515403E-011, -1.312020E-013, 2.150400E+004 1.570926E+074 2.150400E+004, Wed Oct 07 16:00:53 2015
1.30, 1.80, -0.16, 1.80 , -6.153362E-005, 6.151290E-005, -3.821487E-011, -1.162290E-013, 2.150400E+004 1.570926E+074 2.150400E+004, Wed Oct 07 16:00:56 2015
1.30, 1.80, -0.18, 1.80 , -6.222224E-005, 6.220130E-005, -3.880187E-011, -1.034020E-013, 2.150400E+004 1.570926E+074 2.150400E+004, Wed Oct 07 16:01:00 2015
1.30, 1.80, -0.20, 1.80 , -6.289781E-005, 6.287910E-005, -3.792136E-011, -1.033310E-013, 2.150400E+004 1.570926E+074 2.150400E+004, Wed Oct 07 16:01:03 2015
