1.30, 1.80, 1.80, 1.80 , -2.168168E-009, 5.474530E-012, 6.557567E-005, -1.050350E-013, 2.150400E+004 1.570926E+074 2.150400E+004, Sun Oct 11 16:21:12 2015
1.30, 1.80, 1.78, 1.80 , -2.638362E-011, 5.904560E-012, 6.352328E-005, -9.882450E-014, 2.150400E+004 1.570926E+074 2.150400E+004, Sun Oct 11 16:21:22 2015
1.30, 1.80, 1.76, 1.80 , -2.629922E-011, 6.136990E-012, 6.145471E-005, -1.080870E-013, 2.150400E+004 1.570926E+074 2.150400E+004, Sun Oct 11 16:21:39 2015
1.30, 1.80, 1.74, 1.80 , -2.735423E-011, 7.188450E-012, 5.940954E-005, -8.023980E-014, 2.150400E+004 1.570926E+074 2.150400E+004, Sun Oct 11 16:21:54 2015
1.30, 1.80, 1.72, 1.80 , -2.638359E-011, 6.390600E-012, 5.735072E-005, -1.168730E-013, 2.150400E+004 1.570926E+074 2.150400E+004, Sun Oct 11 16:22:01 2015
1.30, 1.80, 1.70, 1.80 , -2.672122E-011, 7.815840E-012, 5.530459E-005, -8.577110E-014, 2.150400E+004 1.570926E+074 2.150400E+004, Sun Oct 11 16:22:11 2015
1.30, 1.80, 1.68, 1.80 , -2.617261E-011, 6.473580E-012, 5.327112E-005, -9.875300E-014, 2.150400E+004 1.570926E+074 2.150400E+004, Sun Oct 11 16:22:21 2015
1.30, 1.80, 1.66, 1.80 , -2.756526E-011, 7.250560E-012, 5.126055E-005, -1.029250E-013, 2.150400E+004 1.570926E+074 2.150400E+004, Sun Oct 11 16:22:29 2015
1.30, 1.80, 1.64, 1.80 , -2.760742E-011, 7.118360E-012, 4.923146E-005, -1.178260E-013, 2.150400E+004 1.570926E+074 2.150400E+004, Sun Oct 11 16:22:33 2015
1.30, 1.80, 1.62, 1.80 , -2.600384E-011, 6.857530E-012, 4.723046E-005, -1.094220E-013, 2.150400E+004 1.570926E+074 2.150400E+004, Sun Oct 11 16:22:43 2015
1.30, 1.80, 1.60, 1.80 , -2.663684E-011, 6.986130E-012, 4.520277E-005, -1.055120E-013, 2.150400E+004 1.570926E+074 2.150400E+004, Sun Oct 11 16:23:00 2015
1.30, 1.80, 1.58, 1.80 , -2.596163E-011, 8.022450E-012, 4.324092E-005, -8.711820E-014, 2.150400E+004 1.570926E+074 2.150400E+004, Sun Oct 11 16:23:25 2015
1.30, 1.80, 1.56, 1.80 , -2.558181E-011, 7.412210E-012, 4.124736E-005, -1.013160E-013, 2.150400E+004 1.570926E+074 2.150400E+004, Sun Oct 11 16:23:37 2015
1.30, 1.80, 1.54, 1.80 , -2.655240E-011, 7.239560E-012, 3.925771E-005, -9.175540E-014, 2.150400E+004 1.570926E+074 2.150400E+004, Sun Oct 11 16:23:42 2015
1.30, 1.80, 1.52, 1.80 , -2.490663E-011, 8.103260E-012, 3.729532E-005, -1.053690E-013, 2.150400E+004 1.570926E+074 2.150400E+004, Sun Oct 11 16:23:50 2015
1.30, 1.80, 1.50, 1.80 , -2.600384E-011, 7.370210E-012, 3.533254E-005, -7.101300E-014, 2.150400E+004 1.570926E+074 2.150400E+004, Sun Oct 11 16:24:03 2015
1.30, 1.80, 1.48, 1.80 , -2.667901E-011, 8.387510E-012, 3.337619E-005, -9.055140E-014, 2.150400E+004 1.570926E+074 2.150400E+004, Sun Oct 11 16:24:10 2015
1.30, 1.80, 1.46, 1.80 , -2.562401E-011, 7.227400E-012, 3.140518E-005, -8.703470E-014, 2.150400E+004 1.570926E+074 2.150400E+004, Sun Oct 11 16:24:22 2015
1.30, 1.80, 1.44, 1.80 , -2.566621E-011, 8.156480E-012, 2.946490E-005, -9.666680E-014, 2.150400E+004 1.570926E+074 2.150400E+004, Sun Oct 11 16:24:27 2015
1.30, 1.80, 1.42, 1.80 , -2.566624E-011, 7.588480E-012, 2.754128E-005, -1.018170E-013, 2.150400E+004 1.570926E+074 2.150400E+004, Sun Oct 11 16:24:41 2015
1.30, 1.80, 1.40, 1.80 , -2.617264E-011, 7.296120E-012, 2.560907E-005, -1.139040E-013, 2.150400E+004 1.570926E+074 2.150400E+004, Sun Oct 11 16:25:01 2015
1.30, 1.80, 1.38, 1.80 , -2.739647E-011, 8.744550E-012, 2.368333E-005, -1.117710E-013, 2.150400E+004 1.570926E+074 2.150400E+004, Sun Oct 11 16:25:06 2015
1.30, 1.80, 1.36, 1.80 , -2.629924E-011, 7.579910E-012, 2.175577E-005, -8.888240E-014, 2.150400E+004 1.570926E+074 2.150400E+004, Sun Oct 11 16:25:30 2015
1.30, 1.80, 1.34, 1.80 , -3.001282E-011, 8.697700E-012, 1.983092E-005, -9.833570E-014, 2.150400E+004 1.570926E+074 2.150400E+004, Sun Oct 11 16:25:40 2015
1.30, 1.80, 1.32, 1.80 , -7.224768E-012, 9.074960E-012, 1.784288E-005, -9.658340E-014, 2.150400E+004 1.570926E+074 2.150400E+004, Sun Oct 11 16:25:46 2015
1.30, 1.80, 1.30, 1.80 , -8.103340E-013, 8.442080E-012, 1.565411E-005, -9.710790E-014, 2.150400E+004 1.570926E+074 2.150400E+004, Sun Oct 11 16:25:50 2015
1.30, 1.80, 1.28, 1.80 , 7.510721E-013, 1.885150E-011, 1.336553E-005, -8.436440E-014, 2.150400E+004 1.570926E+074 2.150400E+004, Sun Oct 11 16:26:08 2015
1.30, 1.80, 1.26, 1.80 , 2.987593E-012, 1.423840E-011, 9.548031E-006, -9.189840E-014, 2.150400E+004 1.570926E+074 2.150400E+004, Sun Oct 11 16:27:03 2015
1.30, 1.80, 1.24, 1.80 , -2.570845E-011, 9.738730E-012, 1.756858E-010, -8.399490E-014, 2.150400E+004 1.570926E+074 2.150400E+004, Sun Oct 11 16:27:10 2015
1.30, 1.80, 1.22, 1.80 , -3.499245E-011, 1.882620E-011, 2.941107E-011, -1.017570E-013, 2.150400E+004 1.570926E+074 2.150400E+004, Sun Oct 11 16:27:23 2015
1.30, 1.80, 1.20, 1.80 , -1.818912E-010, 1.654390E-010, -2.098220E-011, -9.167190E-014, 2.150400E+004 1.570926E+074 2.150400E+004, Sun Oct 11 16:27:29 2015
1.30, 1.80, 1.18, 1.80 , -1.437978E-009, 1.424880E-009, -2.169492E-011, -9.554620E-014, 2.150400E+004 1.570926E+074 2.150400E+004, Sun Oct 11 16:27:34 2015
1.30, 1.80, 1.16, 1.80 , -7.728333E-009, 7.743180E-009, -1.888598E-011, -8.225440E-014, 2.150400E+004 1.570926E+074 2.150400E+004, Sun Oct 11 16:27:37 2015
1.30, 1.80, 1.14, 1.80 , -3.633334E-008, 3.642450E-008, -1.938907E-011, -1.005530E-013, 2.150400E+004 1.570926E+074 2.150400E+004, Sun Oct 11 16:27:41 2015
1.30, 1.80, 1.12, 1.80 , -1.255482E-007, 1.257540E-007, -1.934715E-011, -8.516310E-014, 2.150400E+004 1.570926E+074 2.150400E+004, Sun Oct 11 16:27:45 2015
1.30, 1.80, 1.10, 1.80 , -3.273092E-007, 3.278090E-007, -2.068873E-011, -1.026390E-013, 2.150400E+004 1.570926E+074 2.150400E+004, Sun Oct 11 16:27:48 2015
1.30, 1.80, 1.08, 1.80 , -6.660189E-007, 6.667850E-007, -2.182069E-011, -9.846690E-014, 2.150400E+004 1.570926E+074 2.150400E+004, Sun Oct 11 16:27:52 2015
1.30, 1.80, 1.06, 1.80 , -1.183341E-006, 1.184330E-006, -2.005986E-011, -1.094460E-013, 2.150400E+004 1.570926E+074 2.150400E+004, Sun Oct 11 16:27:55 2015
1.30, 1.80, 1.04, 1.80 , -1.876481E-006, 1.877950E-006, -2.320421E-011, -7.441040E-014, 2.150400E+004 1.570926E+074 2.150400E+004, Sun Oct 11 16:27:59 2015
1.30, 1.80, 1.02, 1.80 , -2.781763E-006, 2.782590E-006, -2.312036E-011, -1.162290E-013, 2.150400E+004 1.570926E+074 2.150400E+004, Sun Oct 11 16:28:02 2015
1.30, 1.80, 1.00, 1.80 , -3.893557E-006, 3.896140E-006, -2.219801E-011, -8.600950E-014, 2.150400E+004 1.570926E+074 2.150400E+004, Sun Oct 11 16:28:06 2015
1.30, 1.80, 0.98, 1.80 , -5.211432E-006, 5.213740E-006, -2.320421E-011, -8.213520E-014, 2.150400E+004 1.570926E+074 2.150400E+004, Sun Oct 11 16:28:10 2015
1.30, 1.80, 0.96, 1.80 , -6.732923E-006, 6.735810E-006, -2.064681E-011, -9.813310E-014, 2.150400E+004 1.570926E+074 2.150400E+004, Sun Oct 11 16:28:13 2015
1.30, 1.80, 0.94, 1.80 , -8.455311E-006, 8.458170E-006, -2.412665E-011, -1.110080E-013, 2.150400E+004 1.570926E+074 2.150400E+004, Sun Oct 11 16:28:17 2015
1.30, 1.80, 0.92, 1.80 , -1.036661E-005, 1.036170E-005, -2.488136E-011, -1.025080E-013, 2.150400E+004 1.570926E+074 2.150400E+004, Sun Oct 11 16:28:20 2015
1.30, 1.80, 0.90, 1.80 , -1.246698E-005, 1.246050E-005, -2.379122E-011, -9.731050E-014, 2.150400E+004 1.570926E+074 2.150400E+004, Sun Oct 11 16:28:24 2015
1.30, 1.80, 0.88, 1.80 , -1.472489E-005, 1.471900E-005, -2.530065E-011, -8.800030E-014, 2.150400E+004 1.570926E+074 2.150400E+004, Sun Oct 11 16:28:27 2015
1.30, 1.80, 0.86, 1.80 , -1.714915E-005, 1.714320E-005, -2.404279E-011, -9.151700E-014, 2.150400E+004 1.570926E+074 2.150400E+004, Sun Oct 11 16:28:31 2015
1.30, 1.80, 0.84, 1.80 , -1.972709E-005, 1.972080E-005, -2.421050E-011, -9.453300E-014, 2.150400E+004 1.570926E+074 2.150400E+004, Sun Oct 11 16:28:35 2015
1.30, 1.80, 0.82, 1.80 , -2.244360E-005, 2.243820E-005, -2.563608E-011, -8.721350E-014, 2.150400E+004 1.570926E+074 2.150400E+004, Sun Oct 11 16:28:38 2015
1.30, 1.80, 0.80, 1.80 , -2.527576E-005, 2.526820E-005, -2.714551E-011, -1.143690E-013, 2.150400E+004 1.570926E+074 2.150400E+004, Sun Oct 11 16:28:42 2015
1.30, 1.80, 0.78, 1.80 , -2.820287E-005, 2.819680E-005, -2.521679E-011, -1.134750E-013, 2.150400E+004 1.570926E+074 2.150400E+004, Sun Oct 11 16:28:45 2015
1.30, 1.80, 0.76, 1.80 , -3.121206E-005, 3.120410E-005, -2.240764E-011, -1.121040E-013, 2.150400E+004 1.570926E+074 2.150400E+004, Sun Oct 11 16:28:49 2015
1.30, 1.80, 0.74, 1.80 , -3.427774E-005, 3.426930E-005, -2.664237E-011, -9.914640E-014, 2.150400E+004 1.570926E+074 2.150400E+004, Sun Oct 11 16:28:52 2015
1.30, 1.80, 0.72, 1.80 , -3.738742E-005, 3.737680E-005, -2.748094E-011, -1.069900E-013, 2.150400E+004 1.570926E+074 2.150400E+004, Sun Oct 11 16:28:56 2015
1.30, 1.80, 0.70, 1.80 , -4.050950E-005, 4.050010E-005, -2.764865E-011, -9.310250E-014, 2.150400E+004 1.570926E+074 2.150400E+004, Sun Oct 11 16:28:59 2015
1.30, 1.80, 0.68, 1.80 , -4.364088E-005, 4.363240E-005, -2.425243E-011, -8.801220E-014, 2.150400E+004 1.570926E+074 2.150400E+004, Sun Oct 11 16:29:03 2015
1.30, 1.80, 0.66, 1.80 , -4.676628E-005, 4.675680E-005, -2.760672E-011, -1.062630E-013, 2.150400E+004 1.570926E+074 2.150400E+004, Sun Oct 11 16:29:06 2015
1.30, 1.80, 0.64, 1.80 , -4.987311E-005, 4.986400E-005, -2.769058E-011, -1.103640E-013, 2.150400E+004 1.570926E+074 2.150400E+004, Sun Oct 11 16:29:10 2015
1.30, 1.80, 0.62, 1.80 , -5.295592E-005, 5.294550E-005, -2.991279E-011, -1.003030E-013, 2.150400E+004 1.570926E+074 2.150400E+004, Sun Oct 11 16:29:14 2015
1.30, 1.80, 0.60, 1.80 , -5.600225E-005, 5.599190E-005, -2.949351E-011, -1.004100E-013, 2.150400E+004 1.570926E+074 2.150400E+004, Sun Oct 11 16:29:17 2015
1.30, 1.80, 0.58, 1.80 , -5.901075E-005, 5.899900E-005, -3.008051E-011, -8.435250E-014, 2.150400E+004 1.570926E+074 2.150400E+004, Sun Oct 11 16:29:21 2015
1.30, 1.80, 0.56, 1.80 , -6.197193E-005, 6.195970E-005, -2.819372E-011, -1.044510E-013, 2.150400E+004 1.570926E+074 2.150400E+004, Sun Oct 11 16:29:24 2015
1.30, 1.80, 0.54, 1.80 , -6.489272E-005, 6.488060E-005, -2.907423E-011, -8.922820E-014, 2.150400E+004 1.570926E+074 2.150400E+004, Sun Oct 11 16:29:28 2015
1.30, 1.80, 0.52, 1.80 , -6.776812E-005, 6.775430E-005, -3.008051E-011, -1.018050E-013, 2.150400E+004 1.570926E+074 2.150400E+004, Sun Oct 11 16:29:31 2015
1.30, 1.80, 0.50, 1.80 , -7.059240E-005, 7.057970E-005, -2.894844E-011, -1.038430E-013, 2.150400E+004 1.570926E+074 2.150400E+004, Sun Oct 11 16:29:35 2015
1.30, 1.80, 0.48, 1.80 , -7.336292E-005, 7.335080E-005, -3.012244E-011, -1.076220E-013, 2.150400E+004 1.570926E+074 2.150400E+004, Sun Oct 11 16:29:38 2015
1.30, 1.80, 0.46, 1.80 , -7.608393E-005, 7.606820E-005, -2.869687E-011, -1.022340E-013, 2.150400E+004 1.570926E+074 2.150400E+004, Sun Oct 11 16:29:42 2015
1.30, 1.80, 0.44, 1.80 , -7.875373E-005, 7.874090E-005, -2.970316E-011, -9.220840E-014, 2.150400E+004 1.570926E+074 2.150400E+004, Sun Oct 11 16:29:45 2015
1.30, 1.80, 0.42, 1.80 , -8.136571E-005, 8.135060E-005, -3.196730E-011, -1.033310E-013, 2.150400E+004 1.570926E+074 2.150400E+004, Sun Oct 11 16:29:49 2015
1.30, 1.80, 0.40, 1.80 , -8.391791E-005, 8.390330E-005, -3.200923E-011, -9.415150E-014, 2.150400E+004 1.570926E+074 2.150400E+004, Sun Oct 11 16:29:52 2015
1.30, 1.80, 0.38, 1.80 , -8.641309E-005, 8.639970E-005, -3.251238E-011, -1.026030E-013, 2.150400E+004 1.570926E+074 2.150400E+004, Sun Oct 11 16:29:56 2015
1.30, 1.80, 0.36, 1.80 , -8.886008E-005, 8.884660E-005, -3.008051E-011, -1.123430E-013, 2.150400E+004 1.570926E+074 2.150400E+004, Sun Oct 11 16:30:00 2015
1.30, 1.80, 0.34, 1.80 , -9.124975E-005, 9.123430E-005, -3.029015E-011, -8.510350E-014, 2.150400E+004 1.570926E+074 2.150400E+004, Sun Oct 11 16:30:03 2015
1.30, 1.80, 0.32, 1.80 , -9.358434E-005, 9.356930E-005, -3.196730E-011, -1.063470E-013, 2.150400E+004 1.570926E+074 2.150400E+004, Sun Oct 11 16:30:07 2015
1.30, 1.80, 0.30, 1.80 , -9.586129E-005, 9.584550E-005, -3.297359E-011, -9.063480E-014, 2.150400E+004 1.570926E+074 2.150400E+004, Sun Oct 11 16:30:10 2015
1.30, 1.80, 0.28, 1.80 , -9.808035E-005, 9.806520E-005, -3.414759E-011, -1.044030E-013, 2.150400E+004 1.570926E+074 2.150400E+004, Sun Oct 11 16:30:14 2015
1.30, 1.80, 0.26, 1.80 , -1.002491E-004, 1.002360E-004, -3.125452E-011, -1.086120E-013, 2.150400E+004 1.570926E+074 2.150400E+004, Sun Oct 11 16:30:17 2015
1.30, 1.80, 0.24, 1.80 , -1.023663E-004, 1.023490E-004, -3.075137E-011, -1.092790E-013, 2.150400E+004 1.570926E+074 2.150400E+004, Sun Oct 11 16:30:21 2015
1.30, 1.80, 0.22, 1.80 , -1.044272E-004, 1.044120E-004, -3.527967E-011, -8.901360E-014, 2.150400E+004 1.570926E+074 2.150400E+004, Sun Oct 11 16:30:24 2015
1.30, 1.80, 0.20, 1.80 , -1.064383E-004, 1.064260E-004, -3.305745E-011, -1.094340E-013, 2.150400E+004 1.570926E+074 2.150400E+004, Sun Oct 11 16:30:28 2015
1.30, 1.80, 0.18, 1.80 , -1.083880E-004, 1.083780E-004, -3.247045E-011, -1.047020E-013, 2.150400E+004 1.570926E+074 2.150400E+004, Sun Oct 11 16:30:32 2015
1.30, 1.80, 0.16, 1.80 , -1.102914E-004, 1.102810E-004, -3.636982E-011, -1.047610E-013, 2.150400E+004 1.570926E+074 2.150400E+004, Sun Oct 11 16:30:35 2015
1.30, 1.80, 0.14, 1.80 , -1.121332E-004, 1.121240E-004, -3.704067E-011, -1.140360E-013, 2.150400E+004 1.570926E+074 2.150400E+004, Sun Oct 11 16:30:39 2015
1.30, 1.80, 0.12, 1.80 , -1.139264E-004, 1.139170E-004, -3.393795E-011, -1.267080E-013, 2.150400E+004 1.570926E+074 2.150400E+004, Sun Oct 11 16:30:42 2015
1.30, 1.80, 0.10, 1.80 , -1.156699E-004, 1.156590E-004, -3.368638E-011, -9.413960E-014, 2.150400E+004 1.570926E+074 2.150400E+004, Sun Oct 11 16:30:46 2015
1.30, 1.80, 0.08, 1.80 , -1.173609E-004, 1.173520E-004, -3.360252E-011, -1.070260E-013, 2.150400E+004 1.570926E+074 2.150400E+004, Sun Oct 11 16:30:49 2015
1.30, 1.80, 0.06, 1.80 , -1.190004E-004, 1.189890E-004, -3.792116E-011, -1.072050E-013, 2.150400E+004 1.570926E+074 2.150400E+004, Sun Oct 11 16:30:53 2015
1.30, 1.80, 0.04, 1.80 , -1.205945E-004, 1.205810E-004, -4.031111E-011, -9.086130E-014, 2.150400E+004 1.570926E+074 2.150400E+004, Sun Oct 11 16:30:56 2015
1.30, 1.80, 0.02, 1.80 , -1.221410E-004, 1.221290E-004, -3.595052E-011, -1.092430E-013, 2.150400E+004 1.570926E+074 2.150400E+004, Sun Oct 11 16:31:00 2015
1.30, 1.80, 0.00, 1.80 , -1.236408E-004, 1.236280E-004, -3.821467E-011, -1.146200E-013, 2.150400E+004 1.570926E+074 2.150400E+004, Sun Oct 11 16:31:03 2015
1.30, 1.80, -0.02, 1.80 , -1.250960E-004, 1.250840E-004, -3.691489E-011, -1.047020E-013, 2.150400E+004 1.570926E+074 2.150400E+004, Sun Oct 11 16:31:07 2015
1.30, 1.80, -0.04, 1.80 , -1.265038E-004, 1.264920E-004, -3.875974E-011, -1.028660E-013, 2.150400E+004 1.570926E+074 2.150400E+004, Sun Oct 11 16:31:10 2015
1.30, 1.80, -0.06, 1.80 , -1.278714E-004, 1.278610E-004, -3.980796E-011, -1.073360E-013, 2.150400E+004 1.570926E+074 2.150400E+004, Sun Oct 11 16:31:14 2015
1.30, 1.80, -0.08, 1.80 , -1.291892E-004, 1.291760E-004, -3.825659E-011, -1.185420E-013, 2.150400E+004 1.570926E+074 2.150400E+004, Sun Oct 11 16:31:18 2015
1.30, 1.80, -0.10, 1.80 , -1.304624E-004, 1.304510E-004, -3.800503E-011, -1.011850E-013, 2.150400E+004 1.570926E+074 2.150400E+004, Sun Oct 11 16:31:21 2015
1.30, 1.80, -0.12, 1.80 , -1.317027E-004, 1.316890E-004, -3.997566E-011, -1.045820E-013, 2.150400E+004 1.570926E+074 2.150400E+004, Sun Oct 11 16:31:25 2015
1.30, 1.80, -0.14, 1.80 , -1.328987E-004, 1.328890E-004, -3.901130E-011, -1.144410E-013, 2.150400E+004 1.570926E+074 2.150400E+004, Sun Oct 11 16:31:28 2015
1.30, 1.80, -0.16, 1.80 , -1.340606E-004, 1.340470E-004, -3.955638E-011, -1.090050E-013, 2.150400E+004 1.570926E+074 2.150400E+004, Sun Oct 11 16:31:32 2015
1.30, 1.80, -0.18, 1.80 , -1.351750E-004, 1.351620E-004, -4.001760E-011, -1.018400E-013, 2.150400E+004 1.570926E+074 2.150400E+004, Sun Oct 11 16:31:35 2015
1.30, 1.80, -0.20, 1.80 , -1.362582E-004, 1.362470E-004, -3.959831E-011, -9.613040E-014, 2.150400E+004 1.570926E+074 2.150400E+004, Sun Oct 11 16:31:39 2015
