1.80, 1.80, 1.80, 1.80 , -2.537072E-011, 3.961500E-012, -9.452804E-012, -1.000400E-013, 2.150400E+004 1.570926E+074 2.150400E+004, Wed Oct 07 16:01:48 2015
1.75, 1.80, 1.80, 1.80 , -2.688993E-011, 3.732680E-012, -1.263910E-011, -1.077530E-013, 2.150400E+004 1.570926E+074 2.150400E+004, Wed Oct 07 16:01:57 2015
1.70, 1.80, 1.80, 1.80 , -2.756518E-011, 3.795770E-012, -1.255525E-011, -1.182200E-013, 2.150400E+004 1.570926E+074 2.150400E+004, Wed Oct 07 16:02:06 2015
1.65, 1.80, 1.80, 1.80 , -2.899993E-011, 3.839430E-012, -1.205215E-011, -9.967090E-014, 2.150400E+004 1.570926E+074 2.150400E+004, Wed Oct 07 16:02:16 2015
1.60, 1.80, 1.80, 1.80 , -2.866233E-011, 3.701600E-012, -1.385493E-011, -1.392480E-013, 2.150400E+004 1.570926E+074 2.150400E+004, Wed Oct 07 16:02:28 2015
1.55, 1.80, 1.80, 1.80 , -2.937973E-011, 3.786550E-012, -1.435803E-011, -1.049400E-013, 2.150400E+004 1.570926E+074 2.150400E+004, Wed Oct 07 16:02:39 2015
1.50, 1.80, 1.80, 1.80 , -2.950633E-011, 3.898590E-012, -1.356146E-011, -1.202340E-013, 2.150400E+004 1.570926E+074 2.150400E+004, Wed Oct 07 16:02:51 2015
1.45, 1.80, 1.80, 1.80 , -3.009713E-011, 3.734210E-012, -1.448380E-011, -1.051660E-013, 2.150400E+004 1.570926E+074 2.150400E+004, Wed Oct 07 16:02:59 2015
1.40, 1.80, 1.80, 1.80 , -3.077234E-011, 3.696370E-012, -1.255525E-011, -1.173620E-013, 2.150400E+004 1.570926E+074 2.150400E+004, Wed Oct 07 16:03:04 2015
1.35, 1.80, 1.80, 1.80 , -2.988613E-011, 3.763400E-012, -1.398071E-011, -1.197700E-013, 2.150400E+004 1.570926E+074 2.150400E+004, Wed Oct 07 16:03:17 2015
1.30, 1.80, 1.80, 1.80 , -3.085675E-011, 3.978320E-012, -1.431610E-011, -1.072760E-013, 2.150400E+004 1.570926E+074 2.150400E+004, Wed Oct 07 16:03:40 2015
1.25, 1.80, 1.80, 1.80 , -3.161637E-011, 3.678430E-012, -1.372915E-011, -1.091120E-013, 2.150400E+004 1.570926E+074 2.150400E+004, Wed Oct 07 16:03:45 2015
1.20, 1.80, 1.80, 1.80 , -3.309337E-011, 3.681390E-012, -1.192638E-011, -1.017810E-013, 2.150400E+004 1.570926E+074 2.150400E+004, Wed Oct 07 16:03:50 2015
1.15, 1.80, 1.80, 1.80 , -3.157414E-011, 3.943300E-012, -1.528038E-011, -1.037000E-013, 2.150400E+004 1.570926E+074 2.150400E+004, Wed Oct 07 16:04:09 2015
1.10, 1.80, 1.80, 1.80 , -3.170076E-011, 3.908770E-012, -1.289066E-011, -1.174810E-013, 2.150400E+004 1.570926E+074 2.150400E+004, Wed Oct 07 16:04:16 2015
1.05, 1.80, 1.80, 1.80 , -3.212272E-011, 3.774390E-012, -1.284873E-011, -1.148340E-013, 2.150400E+004 1.570926E+074 2.150400E+004, Wed Oct 07 16:04:24 2015
1.00, 1.80, 1.80, 1.80 , -3.246035E-011, 3.901080E-012, -1.196831E-011, -1.187090E-013, 2.150400E+004 1.570926E+074 2.150400E+004, Wed Oct 07 16:04:37 2015
0.95, 1.80, 1.80, 1.80 , -3.224936E-011, 3.966830E-012, -1.347761E-011, -1.141430E-013, 2.150400E+004 1.570926E+074 2.150400E+004, Wed Oct 07 16:04:50 2015
0.90, 1.80, 1.80, 1.80 , -3.355754E-011, 3.875290E-012, -1.247140E-011, -9.915830E-014, 2.150400E+004 1.570926E+074 2.150400E+004, Wed Oct 07 16:04:56 2015
0.85, 1.80, 1.80, 1.80 , -3.338873E-011, 3.774170E-012, -1.033323E-011, -1.196500E-013, 2.150400E+004 1.570926E+074 2.150400E+004, Wed Oct 07 16:05:00 2015
0.80, 1.80, 1.80, 1.80 , -3.321996E-011, 3.974770E-012, -1.305836E-011, -1.145840E-013, 2.150400E+004 1.570926E+074 2.150400E+004, Wed Oct 07 16:05:11 2015
0.75, 1.80, 1.80, 1.80 , -3.368416E-011, 3.859890E-012, -1.154905E-011, -1.183270E-013, 2.150400E+004 1.570926E+074 2.150400E+004, Wed Oct 07 16:05:19 2015
0.70, 1.80, 1.80, 1.80 , -3.495014E-011, 3.814730E-012, -8.991626E-012, -1.251820E-013, 2.150400E+004 1.570926E+074 2.150400E+004, Wed Oct 07 16:05:23 2015
0.65, 1.80, 1.80, 1.80 , -3.583635E-011, 3.801540E-012, -1.167484E-011, -1.112580E-013, 2.150400E+004 1.570926E+074 2.150400E+004, Wed Oct 07 16:05:28 2015
0.60, 1.80, 1.80, 1.80 , -3.646934E-011, 3.843640E-012, -1.054286E-011, -1.116990E-013, 2.150400E+004 1.570926E+074 2.150400E+004, Wed Oct 07 16:05:33 2015
0.55, 1.80, 1.80, 1.80 , -3.651154E-011, 3.852720E-012, -9.033563E-012, -1.262660E-013, 2.150400E+004 1.570926E+074 2.150400E+004, Wed Oct 07 16:05:38 2015
0.50, 1.80, 1.80, 1.80 , -3.613175E-011, 3.699840E-012, -1.100403E-011, -1.192210E-013, 2.150400E+004 1.570926E+074 2.150400E+004, Wed Oct 07 16:05:43 2015
0.45, 1.80, 1.80, 1.80 , -3.503454E-011, 4.054420E-012, -1.234563E-011, -9.979010E-014, 2.150400E+004 1.570926E+074 2.150400E+004, Wed Oct 07 16:05:57 2015
0.40, 1.80, 1.80, 1.80 , -3.490800E-011, 3.979960E-012, -1.008169E-011, -1.126890E-013, 2.150400E+004 1.570926E+074 2.150400E+004, Wed Oct 07 16:06:05 2015
0.35, 1.80, 1.80, 1.80 , -3.608954E-011, 4.023620E-012, -1.188446E-011, -1.006840E-013, 2.150400E+004 1.570926E+074 2.150400E+004, Wed Oct 07 16:06:13 2015
0.30, 1.80, 1.80, 1.80 , -3.537212E-011, 3.932380E-012, -1.092017E-011, -1.127600E-013, 2.150400E+004 1.570926E+074 2.150400E+004, Wed Oct 07 16:06:19 2015
0.25, 1.80, 1.80, 1.80 , -3.608954E-011, 4.195790E-012, -1.171675E-011, -1.204610E-013, 2.150400E+004 1.570926E+074 2.150400E+004, Wed Oct 07 16:06:31 2015
0.20, 1.80, 1.80, 1.80 , -3.545655E-011, 4.139020E-012, -1.050094E-011, -1.205920E-013, 2.150400E+004 1.570926E+074 2.150400E+004, Wed Oct 07 16:06:41 2015
0.15, 1.80, 1.80, 1.80 , -3.739774E-011, 3.926070E-012, -7.985435E-012, -1.202340E-013, 2.150400E+004 1.570926E+074 2.150400E+004, Wed Oct 07 16:06:45 2015
0.10, 1.80, 1.80, 1.80 , -3.680698E-011, 4.123410E-012, -1.003975E-011, -1.143100E-013, 2.150400E+004 1.570926E+074 2.150400E+004, Wed Oct 07 16:06:54 2015
0.05, 1.80, 1.80, 1.80 , -3.790416E-011, 4.317390E-012, -8.111192E-012, -1.095530E-013, 2.150400E+004 1.570926E+074 2.150400E+004, Wed Oct 07 16:06:59 2015
0.00, 1.80, 1.80, 1.80 , -3.693352E-011, 4.182960E-012, -1.024938E-011, -1.079200E-013, 2.150400E+004 1.570926E+074 2.150400E+004, Wed Oct 07 16:07:08 2015
-0.05, 1.80, 1.80, 1.80 , -3.874813E-011, 4.240180E-012, -9.243177E-012, -1.160860E-013, 2.150400E+004 1.570926E+074 2.150400E+004, Wed Oct 07 16:07:14 2015
-0.10, 1.80, 1.80, 1.80 , -3.862152E-011, 4.260870E-012, -9.746271E-012, -9.808540E-014, 2.150400E+004 1.570926E+074 2.150400E+004, Wed Oct 07 16:07:22 2015
-0.15, 1.80, 1.80, 1.80 , -3.625833E-011, 4.424670E-012, -1.041708E-011, -1.022340E-013, 2.150400E+004 1.570926E+074 2.150400E+004, Wed Oct 07 16:07:45 2015
-0.20, 1.80, 1.80, 1.80 , -3.857933E-011, 4.520810E-012, -9.536651E-012, -1.099350E-013, 2.150400E+004 1.570926E+074 2.150400E+004, Wed Oct 07 16:07:53 2015
