1.80, 1.80, 0.60, 1.80 , 2.246378E-008, -2.238090E-008, -4.177883E-011, -1.031990E-013, 2.150400E+004 1.570926E+074 2.150400E+004, Wed Oct 07 16:12:58 2015
1.75, 1.80, 0.60, 1.80 , -4.062732E-006, 4.063050E-006, -3.959852E-011, -1.072880E-013, 2.150400E+004 1.570926E+074 2.150400E+004, Wed Oct 07 16:13:02 2015
1.70, 1.80, 0.60, 1.80 , -7.897548E-006, 7.896970E-006, -3.678927E-011, -1.168250E-013, 2.150400E+004 1.570926E+074 2.150400E+004, Wed Oct 07 16:13:06 2015
1.65, 1.80, 0.60, 1.80 , -1.147066E-005, 1.146090E-005, -3.725049E-011, -1.372690E-013, 2.150400E+004 1.570926E+074 2.150400E+004, Wed Oct 07 16:13:09 2015
1.60, 1.80, 0.60, 1.80 , -1.477782E-005, 1.476730E-005, -3.578297E-011, -1.159310E-013, 2.150400E+004 1.570926E+074 2.150400E+004, Wed Oct 07 16:13:13 2015
1.55, 1.80, 0.60, 1.80 , -1.782329E-005, 1.781200E-005, -3.406388E-011, -1.171590E-013, 2.150400E+004 1.570926E+074 2.150400E+004, Wed Oct 07 16:13:16 2015
1.50, 1.80, 0.60, 1.80 , -2.060614E-005, 2.059400E-005, -3.498631E-011, -1.135590E-013, 2.150400E+004 1.570926E+074 2.150400E+004, Wed Oct 07 16:13:20 2015
1.45, 1.80, 0.60, 1.80 , -2.311164E-005, 2.310030E-005, -3.557332E-011, -1.349090E-013, 2.150400E+004 1.570926E+074 2.150400E+004, Wed Oct 07 16:13:24 2015
1.40, 1.80, 0.60, 1.80 , -2.533122E-005, 2.531980E-005, -3.511210E-011, -1.219390E-013, 2.150400E+004 1.570926E+074 2.150400E+004, Wed Oct 07 16:13:27 2015
1.35, 1.80, 0.60, 1.80 , -2.726179E-005, 2.724800E-005, -3.456703E-011, -1.083020E-013, 2.150400E+004 1.570926E+074 2.150400E+004, Wed Oct 07 16:13:31 2015
1.30, 1.80, 0.60, 1.80 , -2.890615E-005, 2.889390E-005, -3.578296E-011, -1.222490E-013, 2.150400E+004 1.570926E+074 2.150400E+004, Wed Oct 07 16:13:34 2015
1.25, 1.80, 0.60, 1.80 , -3.026009E-005, 3.024620E-005, -3.536368E-011, -1.231670E-013, 2.150400E+004 1.570926E+074 2.150400E+004, Wed Oct 07 16:13:38 2015
1.20, 1.80, 0.60, 1.80 , -3.133258E-005, 3.131860E-005, -3.569911E-011, -1.080040E-013, 2.150400E+004 1.570926E+074 2.150400E+004, Wed Oct 07 16:13:41 2015
1.15, 1.80, 0.60, 1.80 , -3.213398E-005, 3.212120E-005, -3.611841E-011, -1.486900E-013, 2.150400E+004 1.570926E+074 2.150400E+004, Wed Oct 07 16:13:45 2015
1.10, 1.80, 0.60, 1.80 , -3.267981E-005, 3.266580E-005, -3.490246E-011, -1.076220E-013, 2.150400E+004 1.570926E+074 2.150400E+004, Wed Oct 07 16:13:48 2015
1.05, 1.80, 0.60, 1.80 , -3.303097E-005, 3.301540E-005, -3.406387E-011, -1.240970E-013, 2.150400E+004 1.570926E+074 2.150400E+004, Wed Oct 07 16:13:52 2015
1.00, 1.80, 0.60, 1.80 , -3.321898E-005, 3.320470E-005, -3.536367E-011, -1.199480E-013, 2.150400E+004 1.570926E+074 2.150400E+004, Wed Oct 07 16:13:55 2015
0.95, 1.80, 0.60, 1.80 , -3.332560E-005, 3.331170E-005, -3.548946E-011, -9.481910E-014, 2.150400E+004 1.570926E+074 2.150400E+004, Wed Oct 07 16:13:59 2015
0.90, 1.80, 0.60, 1.80 , -3.338617E-005, 3.337170E-005, -3.460895E-011, -1.057270E-013, 2.150400E+004 1.570926E+074 2.150400E+004, Wed Oct 07 16:14:03 2015
0.85, 1.80, 0.60, 1.80 , -3.342676E-005, 3.341280E-005, -3.515403E-011, -1.138690E-013, 2.150400E+004 1.570926E+074 2.150400E+004, Wed Oct 07 16:14:06 2015
0.80, 1.80, 0.60, 1.80 , -3.345669E-005, 3.344320E-005, -3.666348E-011, -9.422300E-014, 2.150400E+004 1.570926E+074 2.150400E+004, Wed Oct 07 16:14:10 2015
0.75, 1.80, 0.60, 1.80 , -3.348142E-005, 3.346730E-005, -3.582490E-011, -1.147630E-013, 2.150400E+004 1.570926E+074 2.150400E+004, Wed Oct 07 16:14:13 2015
0.70, 1.80, 0.60, 1.80 , -3.350231E-005, 3.348910E-005, -3.452508E-011, -1.226660E-013, 2.150400E+004 1.570926E+074 2.150400E+004, Wed Oct 07 16:14:17 2015
0.65, 1.80, 0.60, 1.80 , -3.352295E-005, 3.350970E-005, -3.431545E-011, -1.017090E-013, 2.150400E+004 1.570926E+074 2.150400E+004, Wed Oct 07 16:14:20 2015
0.60, 1.80, 0.60, 1.80 , -3.354219E-005, 3.352660E-005, -3.402194E-011, -1.168730E-013, 2.150400E+004 1.570926E+074 2.150400E+004, Wed Oct 07 16:14:24 2015
0.55, 1.80, 0.60, 1.80 , -3.356130E-005, 3.354530E-005, -3.389615E-011, -1.024370E-013, 2.150400E+004 1.570926E+074 2.150400E+004, Wed Oct 07 16:14:27 2015
0.50, 1.80, 0.60, 1.80 , -3.358346E-005, 3.356870E-005, -3.519596E-011, -9.326940E-014, 2.150400E+004 1.570926E+074 2.150400E+004, Wed Oct 07 16:14:31 2015
0.45, 1.80, 0.60, 1.80 , -3.360037E-005, 3.358520E-005, -3.469280E-011, -1.161100E-013, 2.150400E+004 1.570926E+074 2.150400E+004, Wed Oct 07 16:14:34 2015
0.40, 1.80, 0.60, 1.80 , -3.361144E-005, 3.359750E-005, -3.460895E-011, -9.320970E-014, 2.150400E+004 1.570926E+074 2.150400E+004, Wed Oct 07 16:14:38 2015
0.35, 1.80, 0.60, 1.80 , -3.362608E-005, 3.361300E-005, -3.393808E-011, -1.049400E-013, 2.150400E+004 1.570926E+074 2.150400E+004, Wed Oct 07 16:14:42 2015
0.30, 1.80, 0.60, 1.80 , -3.363864E-005, 3.362380E-005, -3.406387E-011, -1.178620E-013, 2.150400E+004 1.570926E+074 2.150400E+004, Wed Oct 07 16:14:45 2015
0.25, 1.80, 0.60, 1.80 , -3.365067E-005, 3.363620E-005, -3.356072E-011, -1.233340E-013, 2.150400E+004 1.570926E+074 2.150400E+004, Wed Oct 07 16:14:49 2015
0.20, 1.80, 0.60, 1.80 , -3.366575E-005, 3.365020E-005, -3.385423E-011, -1.451970E-013, 2.150400E+004 1.570926E+074 2.150400E+004, Wed Oct 07 16:14:52 2015
0.15, 1.80, 0.60, 1.80 , -3.367309E-005, 3.365770E-005, -3.502824E-011, -1.028540E-013, 2.150400E+004 1.570926E+074 2.150400E+004, Wed Oct 07 16:14:56 2015
0.10, 1.80, 0.60, 1.80 , -3.368433E-005, 3.366960E-005, -3.406387E-011, -3.356700E-013, 2.150400E+004 1.570926E+074 2.150400E+004, Wed Oct 07 16:14:59 2015
0.05, 1.80, 0.60, 1.80 , -3.369441E-005, 3.368080E-005, -3.486052E-011, -9.186270E-014, 2.150400E+004 1.570926E+074 2.150400E+004, Wed Oct 07 16:15:03 2015
0.00, 1.80, 0.60, 1.80 , -3.370456E-005, 3.368940E-005, -3.532175E-011, -1.196270E-013, 2.150400E+004 1.570926E+074 2.150400E+004, Wed Oct 07 16:15:06 2015
-0.05, 1.80, 0.60, 1.80 , -3.371412E-005, 3.370150E-005, -3.473474E-011, -1.226310E-013, 2.150400E+004 1.570926E+074 2.150400E+004, Wed Oct 07 16:15:10 2015
-0.10, 1.80, 0.60, 1.80 , -3.372146E-005, 3.370570E-005, -3.301564E-011, -1.002190E-013, 2.150400E+004 1.570926E+074 2.150400E+004, Wed Oct 07 16:15:14 2015
-0.15, 1.80, 0.60, 1.80 , -3.373763E-005, 3.372300E-005, -3.515403E-011, -1.298790E-013, 2.150400E+004 1.570926E+074 2.150400E+004, Wed Oct 07 16:15:17 2015
-0.20, 1.80, 0.60, 1.80 , -3.373064E-005, 3.371740E-005, -3.364458E-011, -1.182560E-013, 2.150400E+004 1.570926E+074 2.150400E+004, Wed Oct 07 16:15:21 2015
