1.80, 1.80, 0.60, 1.80 , -3.089117E-012, 7.914550E-011, -3.242849E-011, -1.124500E-013, 2.150400E+004 1.570926E+074 2.150400E+004, Sun Oct 11 16:52:20 2015
1.75, 1.80, 0.60, 1.80 , -2.754661E-006, 2.760690E-006, -3.037399E-011, -1.045700E-013, 2.150400E+004 1.570926E+074 2.150400E+004, Sun Oct 11 16:52:26 2015
1.70, 1.80, 0.60, 1.80 , -9.356788E-006, 9.361940E-006, -3.217692E-011, -1.153950E-013, 2.150400E+004 1.570926E+074 2.150400E+004, Sun Oct 11 16:52:30 2015
1.65, 1.80, 0.60, 1.80 , -1.706815E-005, 1.706580E-005, -2.974507E-011, -9.373430E-014, 2.150400E+004 1.570926E+074 2.150400E+004, Sun Oct 11 16:52:33 2015
1.60, 1.80, 0.60, 1.80 , -2.503546E-005, 2.502950E-005, -3.058364E-011, -7.812980E-014, 2.150400E+004 1.570926E+074 2.150400E+004, Sun Oct 11 16:52:37 2015
1.55, 1.80, 0.60, 1.80 , -3.279512E-005, 3.278640E-005, -3.192534E-011, -9.104010E-014, 2.150400E+004 1.570926E+074 2.150400E+004, Sun Oct 11 16:52:41 2015
1.50, 1.80, 0.60, 1.80 , -4.001397E-005, 4.000120E-005, -3.192535E-011, -6.777050E-014, 2.150400E+004 1.570926E+074 2.150400E+004, Sun Oct 11 16:52:44 2015
1.45, 1.80, 0.60, 1.80 , -4.645790E-005, 4.643900E-005, -3.045785E-011, -1.177190E-013, 2.150400E+004 1.570926E+074 2.150400E+004, Sun Oct 11 16:52:48 2015
1.40, 1.80, 0.60, 1.80 , -5.201015E-005, 5.198860E-005, -3.217693E-011, -9.489060E-014, 2.150400E+004 1.570926E+074 2.150400E+004, Sun Oct 11 16:52:51 2015
1.35, 1.80, 0.60, 1.80 , -5.664836E-005, 5.662400E-005, -3.024821E-011, -9.436610E-014, 2.150400E+004 1.570926E+074 2.150400E+004, Sun Oct 11 16:52:55 2015
1.30, 1.80, 0.60, 1.80 , -6.035317E-005, 6.032360E-005, -3.024821E-011, -9.831190E-014, 2.150400E+004 1.570926E+074 2.150400E+004, Sun Oct 11 16:52:58 2015
1.25, 1.80, 0.60, 1.80 , -6.313776E-005, 6.310970E-005, -2.815178E-011, -1.079560E-013, 2.150400E+004 1.570926E+074 2.150400E+004, Sun Oct 11 16:53:02 2015
1.20, 1.80, 0.60, 1.80 , -6.504511E-005, 6.501260E-005, -3.070942E-011, -1.003380E-013, 2.150400E+004 1.570926E+074 2.150400E+004, Sun Oct 11 16:53:05 2015
1.15, 1.80, 0.60, 1.80 , -6.621145E-005, 6.618310E-005, -2.999663E-011, -1.150970E-013, 2.150400E+004 1.570926E+074 2.150400E+004, Sun Oct 11 16:53:09 2015
1.10, 1.80, 0.60, 1.80 , -6.683878E-005, 6.681550E-005, -2.685200E-011, -9.723900E-014, 2.150400E+004 1.570926E+074 2.150400E+004, Sun Oct 11 16:53:13 2015
1.05, 1.80, 0.60, 1.80 , -6.711382E-005, 6.708830E-005, -3.020628E-011, -1.009820E-013, 2.150400E+004 1.570926E+074 2.150400E+004, Sun Oct 11 16:53:16 2015
1.00, 1.80, 0.60, 1.80 , -6.720607E-005, 6.718500E-005, -3.012242E-011, -1.010660E-013, 2.150400E+004 1.570926E+074 2.150400E+004, Sun Oct 11 16:53:20 2015
0.95, 1.80, 0.60, 1.80 , -6.722364E-005, 6.720700E-005, -3.008049E-011, -7.897620E-014, 2.150400E+004 1.570926E+074 2.150400E+004, Sun Oct 11 16:53:23 2015
0.90, 1.80, 0.60, 1.80 , -6.722481E-005, 6.720700E-005, -2.861299E-011, -9.725090E-014, 2.150400E+004 1.570926E+074 2.150400E+004, Sun Oct 11 16:53:27 2015
0.85, 1.80, 0.60, 1.80 , -6.722962E-005, 6.721370E-005, -2.974506E-011, -8.487700E-014, 2.150400E+004 1.570926E+074 2.150400E+004, Sun Oct 11 16:53:30 2015
0.80, 1.80, 0.60, 1.80 , -6.724680E-005, 6.723050E-005, -2.920000E-011, -1.119490E-013, 2.150400E+004 1.570926E+074 2.150400E+004, Sun Oct 11 16:53:34 2015
0.75, 1.80, 0.60, 1.80 , -6.726678E-005, 6.725340E-005, -2.857107E-011, -9.801390E-014, 2.150400E+004 1.570926E+074 2.150400E+004, Sun Oct 11 16:53:37 2015
0.70, 1.80, 0.60, 1.80 , -6.729614E-005, 6.727990E-005, -3.108678E-011, -1.146910E-013, 2.150400E+004 1.570926E+074 2.150400E+004, Sun Oct 11 16:53:41 2015
0.65, 1.80, 0.60, 1.80 , -6.732177E-005, 6.730580E-005, -3.016435E-011, -1.044030E-013, 2.150400E+004 1.570926E+074 2.150400E+004, Sun Oct 11 16:53:44 2015
0.60, 1.80, 0.60, 1.80 , -6.735013E-005, 6.733690E-005, -2.773250E-011, -1.236920E-013, 2.150400E+004 1.570926E+074 2.150400E+004, Sun Oct 11 16:53:48 2015
0.55, 1.80, 0.60, 1.80 , -6.738196E-005, 6.736670E-005, -3.037399E-011, -8.956190E-014, 2.150400E+004 1.570926E+074 2.150400E+004, Sun Oct 11 16:53:52 2015
0.50, 1.80, 0.60, 1.80 , -6.740759E-005, 6.739090E-005, -3.070942E-011, -1.029010E-013, 2.150400E+004 1.570926E+074 2.150400E+004, Sun Oct 11 16:53:55 2015
0.45, 1.80, 0.60, 1.80 , -6.743060E-005, 6.741190E-005, -2.949349E-011, -1.108530E-013, 2.150400E+004 1.570926E+074 2.150400E+004, Sun Oct 11 16:53:59 2015
0.40, 1.80, 0.60, 1.80 , -6.745878E-005, 6.744160E-005, -3.058364E-011, -1.035690E-013, 2.150400E+004 1.570926E+074 2.150400E+004, Sun Oct 11 16:54:02 2015
0.35, 1.80, 0.60, 1.80 , -6.747960E-005, 6.746620E-005, -3.041592E-011, -9.697680E-014, 2.150400E+004 1.570926E+074 2.150400E+004, Sun Oct 11 16:54:06 2015
0.30, 1.80, 0.60, 1.80 , -6.750647E-005, 6.749200E-005, -2.987085E-011, -1.197930E-013, 2.150400E+004 1.570926E+074 2.150400E+004, Sun Oct 11 16:54:09 2015
0.25, 1.80, 0.60, 1.80 , -6.754581E-005, 6.753330E-005, -2.999663E-011, -7.989410E-014, 2.150400E+004 1.570926E+074 2.150400E+004, Sun Oct 11 16:54:13 2015
0.20, 1.80, 0.60, 1.80 , -6.768573E-005, 6.767780E-005, -3.200921E-011, -1.007680E-013, 2.150400E+004 1.570926E+074 2.150400E+004, Sun Oct 11 16:54:16 2015
0.15, 1.80, 0.60, 1.80 , -6.811573E-005, 6.812490E-005, -2.911614E-011, -1.041770E-013, 2.150400E+004 1.570926E+074 2.150400E+004, Sun Oct 11 16:54:20 2015
0.10, 1.80, 0.60, 1.80 , -6.910016E-005, 6.911660E-005, -3.020628E-011, -1.021620E-013, 2.150400E+004 1.570926E+074 2.150400E+004, Sun Oct 11 16:54:24 2015
0.05, 1.80, 0.60, 1.80 , -7.016832E-005, 7.018180E-005, -3.117064E-011, -1.207110E-013, 2.150400E+004 1.570926E+074 2.150400E+004, Sun Oct 11 16:54:27 2015
0.00, 1.80, 0.60, 1.80 , -7.088391E-005, 7.087900E-005, -3.167378E-011, -9.590390E-014, 2.150400E+004 1.570926E+074 2.150400E+004, Sun Oct 11 16:54:31 2015
-0.05, 1.80, 0.60, 1.80 , -7.156182E-005, 7.156260E-005, -3.008049E-011, -8.674860E-014, 2.150400E+004 1.570926E+074 2.150400E+004, Sun Oct 11 16:54:34 2015
-0.10, 1.80, 0.60, 1.80 , -7.225462E-005, 7.226860E-005, -2.953542E-011, -7.545950E-014, 2.150400E+004 1.570926E+074 2.150400E+004, Sun Oct 11 16:54:38 2015
-0.15, 1.80, 0.60, 1.80 , -7.301181E-005, 7.299770E-005, -3.133835E-011, -9.461640E-014, 2.150400E+004 1.570926E+074 2.150400E+004, Sun Oct 11 16:54:41 2015
-0.20, 1.80, 0.60, 1.80 , -7.376097E-005, 7.375340E-005, -3.213499E-011, -9.515290E-014, 2.150400E+004 1.570926E+074 2.150400E+004, Sun Oct 11 16:54:45 2015
