1.80, 1.80, 1.00, 1.80 , 1.157408E-008, -1.153340E-008, -3.817292E-011, -1.294370E-013, 2.150400E+004 1.570926E+074 2.150400E+004, Wed Oct 07 16:10:31 2015
1.75, 1.80, 1.00, 1.80 , -1.993881E-006, 1.993990E-006, -3.653769E-011, -9.212490E-014, 2.150400E+004 1.570926E+074 2.150400E+004, Wed Oct 07 16:10:35 2015
1.70, 1.80, 1.00, 1.80 , -3.698033E-006, 3.697650E-006, -3.523790E-011, -1.169200E-013, 2.150400E+004 1.570926E+074 2.150400E+004, Wed Oct 07 16:10:39 2015
1.65, 1.80, 1.00, 1.80 , -5.096552E-006, 5.095880E-006, -3.574104E-011, -1.045110E-013, 2.150400E+004 1.570926E+074 2.150400E+004, Wed Oct 07 16:10:42 2015
1.60, 1.80, 1.00, 1.80 , -6.195147E-006, 6.194580E-006, -3.385422E-011, -9.737020E-014, 2.150400E+004 1.570926E+074 2.150400E+004, Wed Oct 07 16:10:46 2015
1.55, 1.80, 1.00, 1.80 , -7.004345E-006, 7.004130E-006, -3.343493E-011, -8.039470E-014, 2.150400E+004 1.570926E+074 2.150400E+004, Wed Oct 07 16:10:49 2015
1.50, 1.80, 1.00, 1.80 , -7.546309E-006, 7.545380E-006, -3.326722E-011, -1.149890E-013, 2.150400E+004 1.570926E+074 2.150400E+004, Wed Oct 07 16:10:53 2015
1.45, 1.80, 1.00, 1.80 , -7.859936E-006, 7.859260E-006, -3.385423E-011, -8.889440E-014, 2.150400E+004 1.570926E+074 2.150400E+004, Wed Oct 07 16:10:56 2015
1.40, 1.80, 1.00, 1.80 , -8.009224E-006, 8.008540E-006, -3.263828E-011, -1.180770E-013, 2.150400E+004 1.570926E+074 2.150400E+004, Wed Oct 07 16:11:00 2015
1.35, 1.80, 1.00, 1.80 , -8.069228E-006, 8.068010E-006, -3.372844E-011, -1.121160E-013, 2.150400E+004 1.570926E+074 2.150400E+004, Wed Oct 07 16:11:04 2015
1.30, 1.80, 1.00, 1.80 , -8.092353E-006, 8.091630E-006, -3.431544E-011, -1.045940E-013, 2.150400E+004 1.570926E+074 2.150400E+004, Wed Oct 07 16:11:07 2015
1.25, 1.80, 1.00, 1.80 , -8.103426E-006, 8.103150E-006, -3.456702E-011, -1.019360E-013, 2.150400E+004 1.570926E+074 2.150400E+004, Wed Oct 07 16:11:11 2015
1.20, 1.80, 1.00, 1.80 , -8.111074E-006, 8.110760E-006, -3.326722E-011, -8.625980E-014, 2.150400E+004 1.570926E+074 2.150400E+004, Wed Oct 07 16:11:14 2015
1.15, 1.80, 1.00, 1.80 , -8.117015E-006, 8.116610E-006, -3.444123E-011, -1.248600E-013, 2.150400E+004 1.570926E+074 2.150400E+004, Wed Oct 07 16:11:18 2015
1.10, 1.80, 1.00, 1.80 , -8.122995E-006, 8.122570E-006, -3.221898E-011, -1.084570E-013, 2.150400E+004 1.570926E+074 2.150400E+004, Wed Oct 07 16:11:21 2015
1.05, 1.80, 1.00, 1.80 , -8.128484E-006, 8.127010E-006, -3.368651E-011, -1.113180E-013, 2.150400E+004 1.570926E+074 2.150400E+004, Wed Oct 07 16:11:25 2015
1.00, 1.80, 1.00, 1.80 , -8.133062E-006, 8.132440E-006, -3.297372E-011, -1.119730E-013, 2.150400E+004 1.570926E+074 2.150400E+004, Wed Oct 07 16:11:28 2015
0.95, 1.80, 1.00, 1.80 , -8.137055E-006, 8.136280E-006, -3.221899E-011, -1.139640E-013, 2.150400E+004 1.570926E+074 2.150400E+004, Wed Oct 07 16:11:32 2015
0.90, 1.80, 1.00, 1.80 , -8.141266E-006, 8.141140E-006, -3.372844E-011, -1.041530E-013, 2.150400E+004 1.570926E+074 2.150400E+004, Wed Oct 07 16:11:36 2015
0.85, 1.80, 1.00, 1.80 , -8.145795E-006, 8.145080E-006, -3.259635E-011, -1.045940E-013, 2.150400E+004 1.570926E+074 2.150400E+004, Wed Oct 07 16:11:39 2015
0.80, 1.80, 1.00, 1.80 , -8.148898E-006, 8.148570E-006, -3.423158E-011, -1.177070E-013, 2.150400E+004 1.570926E+074 2.150400E+004, Wed Oct 07 16:11:43 2015
0.75, 1.80, 1.00, 1.80 , -8.152970E-006, 8.151570E-006, -3.322529E-011, -1.299500E-013, 2.150400E+004 1.570926E+074 2.150400E+004, Wed Oct 07 16:11:46 2015
0.70, 1.80, 1.00, 1.80 , -8.156666E-006, 8.156030E-006, -3.418965E-011, -1.285310E-013, 2.150400E+004 1.570926E+074 2.150400E+004, Wed Oct 07 16:11:50 2015
0.65, 1.80, 1.00, 1.80 , -8.160247E-006, 8.159560E-006, -3.410579E-011, -1.051430E-013, 2.150400E+004 1.570926E+074 2.150400E+004, Wed Oct 07 16:11:53 2015
0.60, 1.80, 1.00, 1.80 , -8.163345E-006, 8.162450E-006, -3.301564E-011, -9.114740E-014, 2.150400E+004 1.570926E+074 2.150400E+004, Wed Oct 07 16:11:57 2015
0.55, 1.80, 1.00, 1.80 , -8.166138E-006, 8.166070E-006, -3.247056E-011, -1.267310E-013, 2.150400E+004 1.570926E+074 2.150400E+004, Wed Oct 07 16:12:00 2015
0.50, 1.80, 1.00, 1.80 , -8.170307E-006, 8.168650E-006, -3.221898E-011, -1.131770E-013, 2.150400E+004 1.570926E+074 2.150400E+004, Wed Oct 07 16:12:04 2015
0.45, 1.80, 1.00, 1.80 , -8.172292E-006, 8.171090E-006, -3.381229E-011, -1.063110E-013, 2.150400E+004 1.570926E+074 2.150400E+004, Wed Oct 07 16:12:07 2015
0.40, 1.80, 1.00, 1.80 , -8.175310E-006, 8.174330E-006, -3.255442E-011, -1.171590E-013, 2.150400E+004 1.570926E+074 2.150400E+004, Wed Oct 07 16:12:11 2015
0.35, 1.80, 1.00, 1.80 , -8.178547E-006, 8.177290E-006, -3.301564E-011, -1.073600E-013, 2.150400E+004 1.570926E+074 2.150400E+004, Wed Oct 07 16:12:15 2015
0.30, 1.80, 1.00, 1.80 , -8.180608E-006, 8.179420E-006, -3.418965E-011, -9.200570E-014, 2.150400E+004 1.570926E+074 2.150400E+004, Wed Oct 07 16:12:18 2015
0.25, 1.80, 1.00, 1.80 , -8.183535E-006, 8.182930E-006, -3.268020E-011, -1.232620E-013, 2.150400E+004 1.570926E+074 2.150400E+004, Wed Oct 07 16:12:22 2015
0.20, 1.80, 1.00, 1.80 , -8.185873E-006, 8.185570E-006, -3.167390E-011, -1.415010E-013, 2.150400E+004 1.570926E+074 2.150400E+004, Wed Oct 07 16:12:25 2015
0.15, 1.80, 1.00, 1.80 , -8.188393E-006, 8.187850E-006, -3.138040E-011, -1.164560E-013, 2.150400E+004 1.570926E+074 2.150400E+004, Wed Oct 07 16:12:29 2015
0.10, 1.80, 1.00, 1.80 , -8.190851E-006, 8.190180E-006, -3.049990E-011, -1.175050E-013, 2.150400E+004 1.570926E+074 2.150400E+004, Wed Oct 07 16:12:32 2015
0.05, 1.80, 1.00, 1.80 , -8.194049E-006, 8.193100E-006, -3.305756E-011, -1.285670E-013, 2.150400E+004 1.570926E+074 2.150400E+004, Wed Oct 07 16:12:36 2015
0.00, 1.80, 1.00, 1.80 , -8.197034E-006, 8.196670E-006, -3.192548E-011, -1.179810E-013, 2.150400E+004 1.570926E+074 2.150400E+004, Wed Oct 07 16:12:39 2015
-0.05, 1.80, 1.00, 1.80 , -8.200024E-006, 8.198910E-006, -3.230284E-011, -8.554460E-014, 2.150400E+004 1.570926E+074 2.150400E+004, Wed Oct 07 16:12:43 2015
-0.10, 1.80, 1.00, 1.80 , -8.202813E-006, 8.202000E-006, -3.163197E-011, -1.264570E-013, 2.150400E+004 1.570926E+074 2.150400E+004, Wed Oct 07 16:12:47 2015
-0.15, 1.80, 1.00, 1.80 , -8.205728E-006, 8.204530E-006, -3.159005E-011, -1.208540E-013, 2.150400E+004 1.570926E+074 2.150400E+004, Wed Oct 07 16:12:50 2015
-0.20, 1.80, 1.00, 1.80 , -8.207748E-006, 8.207190E-006, -3.104497E-011, -1.052860E-013, 2.150400E+004 1.570926E+074 2.150400E+004, Wed Oct 07 16:12:54 2015
