1.40, 1.80, 1.80, 1.80 , -2.752296E-011, 5.318120E-012, -1.570905E-012, -8.280280E-014, 2.150400E+004 1.570926E+074 2.150400E+004, Wed Oct 07 15:46:49 2015
1.40, 1.80, 1.78, 1.80 , -2.659457E-011, 6.003770E-012, -1.532230E-011, -9.813310E-014, 2.150400E+004 1.570926E+074 2.150400E+004, Wed Oct 07 15:46:54 2015
1.40, 1.80, 1.76, 1.80 , -2.718535E-011, 6.094530E-012, -1.603503E-011, -9.347200E-014, 2.150400E+004 1.570926E+074 2.150400E+004, Wed Oct 07 15:47:00 2015
1.40, 1.80, 1.74, 1.80 , -2.697437E-011, 5.752590E-012, -1.683160E-011, -1.009580E-013, 2.150400E+004 1.570926E+074 2.150400E+004, Wed Oct 07 15:47:16 2015
1.40, 1.80, 1.72, 1.80 , -2.786055E-011, 6.190360E-012, -1.905363E-011, -1.018880E-013, 2.150400E+004 1.570926E+074 2.150400E+004, Wed Oct 07 15:47:23 2015
1.40, 1.80, 1.70, 1.80 , -2.925316E-011, 6.696780E-012, -1.834091E-011, -9.164810E-014, 2.150400E+004 1.570926E+074 2.150400E+004, Wed Oct 07 15:47:40 2015
1.40, 1.80, 1.68, 1.80 , -2.988615E-011, 8.360180E-012, -2.073063E-011, -1.074550E-013, 2.150400E+004 1.570926E+074 2.150400E+004, Wed Oct 07 15:47:56 2015
1.40, 1.80, 1.66, 1.80 , -3.452815E-011, 1.222060E-011, -2.194645E-011, -1.085640E-013, 2.150400E+004 1.570926E+074 2.150400E+004, Wed Oct 07 15:48:01 2015
1.40, 1.80, 1.64, 1.80 , -4.140674E-011, 1.915790E-011, -2.270110E-011, -1.044630E-013, 2.150400E+004 1.570926E+074 2.150400E+004, Wed Oct 07 15:48:09 2015
1.40, 1.80, 1.62, 1.80 , -5.592362E-011, 3.340760E-011, -2.169490E-011, -1.106860E-013, 2.150400E+004 1.570926E+074 2.150400E+004, Wed Oct 07 15:48:22 2015
1.40, 1.80, 1.60, 1.80 , -8.419762E-011, 6.395700E-011, -2.349772E-011, -1.101260E-013, 2.150400E+004 1.570926E+074 2.150400E+004, Wed Oct 07 15:48:27 2015
1.40, 1.80, 1.58, 1.80 , -1.469489E-010, 1.286540E-010, -2.429437E-011, -1.269820E-013, 2.150400E+004 1.570926E+074 2.150400E+004, Wed Oct 07 15:48:33 2015
1.40, 1.80, 1.56, 1.80 , -2.836354E-010, 2.632470E-010, -2.630697E-011, -9.679790E-014, 2.150400E+004 1.570926E+074 2.150400E+004, Wed Oct 07 15:48:37 2015
1.40, 1.80, 1.54, 1.80 , -5.711016E-010, 5.451890E-010, -2.920009E-011, -1.118780E-013, 2.150400E+004 1.570926E+074 2.150400E+004, Wed Oct 07 15:48:42 2015
1.40, 1.80, 1.52, 1.80 , -1.152787E-009, 1.130150E-009, -2.613926E-011, -9.936090E-014, 2.150400E+004 1.570926E+074 2.150400E+004, Wed Oct 07 15:48:47 2015
1.40, 1.80, 1.50, 1.80 , -2.359412E-009, 2.340680E-009, -2.764871E-011, -1.005410E-013, 2.150400E+004 1.570926E+074 2.150400E+004, Wed Oct 07 15:48:50 2015
1.40, 1.80, 1.48, 1.80 , -4.817357E-009, 4.804500E-009, -2.773257E-011, -1.066920E-013, 2.150400E+004 1.570926E+074 2.150400E+004, Wed Oct 07 15:48:54 2015
1.40, 1.80, 1.46, 1.80 , -9.675416E-009, 9.648110E-009, -2.857115E-011, -1.150610E-013, 2.150400E+004 1.570926E+074 2.150400E+004, Wed Oct 07 15:48:57 2015
1.40, 1.80, 1.44, 1.80 , -1.888807E-008, 1.887420E-008, -2.827765E-011, -1.244070E-013, 2.150400E+004 1.570926E+074 2.150400E+004, Wed Oct 07 15:49:01 2015
1.40, 1.80, 1.42, 1.80 , -3.545306E-008, 3.542110E-008, -3.033218E-011, -8.960960E-014, 2.150400E+004 1.570926E+074 2.150400E+004, Wed Oct 07 15:49:05 2015
1.40, 1.80, 1.40, 1.80 , -6.339823E-008, 6.337020E-008, -3.108690E-011, -9.396080E-014, 2.150400E+004 1.570926E+074 2.150400E+004, Wed Oct 07 15:49:08 2015
1.40, 1.80, 1.38, 1.80 , -1.076264E-007, 1.076090E-007, -3.226092E-011, -9.118320E-014, 2.150400E+004 1.570926E+074 2.150400E+004, Wed Oct 07 15:49:12 2015
1.40, 1.80, 1.36, 1.80 , -1.732538E-007, 1.731980E-007, -3.167391E-011, -1.325490E-013, 2.150400E+004 1.570926E+074 2.150400E+004, Wed Oct 07 15:49:15 2015
1.40, 1.80, 1.34, 1.80 , -2.653974E-007, 2.653370E-007, -3.062568E-011, -1.064300E-013, 2.150400E+004 1.570926E+074 2.150400E+004, Wed Oct 07 15:49:19 2015
1.40, 1.80, 1.32, 1.80 , -3.884041E-007, 3.883320E-007, -3.070954E-011, -1.006010E-013, 2.150400E+004 1.570926E+074 2.150400E+004, Wed Oct 07 15:49:23 2015
1.40, 1.80, 1.30, 1.80 , -5.460586E-007, 5.459900E-007, -3.209320E-011, -1.101370E-013, 2.150400E+004 1.570926E+074 2.150400E+004, Wed Oct 07 15:49:26 2015
1.40, 1.80, 1.28, 1.80 , -7.412918E-007, 7.413300E-007, -3.200934E-011, -1.045940E-013, 2.150400E+004 1.570926E+074 2.150400E+004, Wed Oct 07 15:49:30 2015
1.40, 1.80, 1.26, 1.80 , -9.768116E-007, 9.766810E-007, -3.263828E-011, -9.686950E-014, 2.150400E+004 1.570926E+074 2.150400E+004, Wed Oct 07 15:49:33 2015
1.40, 1.80, 1.24, 1.80 , -1.253781E-006, 1.253750E-006, -3.326722E-011, -7.995370E-014, 2.150400E+004 1.570926E+074 2.150400E+004, Wed Oct 07 15:49:37 2015
1.40, 1.80, 1.22, 1.80 , -1.574526E-006, 1.574350E-006, -3.347686E-011, -1.245740E-013, 2.150400E+004 1.570926E+074 2.150400E+004, Wed Oct 07 15:49:41 2015
1.40, 1.80, 1.20, 1.80 , -1.938813E-006, 1.938730E-006, -3.138041E-011, -1.003740E-013, 2.150400E+004 1.570926E+074 2.150400E+004, Wed Oct 07 15:49:44 2015
1.40, 1.80, 1.18, 1.80 , -2.348100E-006, 2.347710E-006, -3.636998E-011, -1.033900E-013, 2.150400E+004 1.570926E+074 2.150400E+004, Wed Oct 07 15:49:48 2015
1.40, 1.80, 1.16, 1.80 , -2.802388E-006, 2.802070E-006, -3.385422E-011, -1.147270E-013, 2.150400E+004 1.570926E+074 2.150400E+004, Wed Oct 07 15:49:51 2015
1.40, 1.80, 1.14, 1.80 , -3.302434E-006, 3.302290E-006, -3.662155E-011, -1.096610E-013, 2.150400E+004 1.570926E+074 2.150400E+004, Wed Oct 07 15:49:55 2015
1.40, 1.80, 1.12, 1.80 , -3.847954E-006, 3.847130E-006, -3.096111E-011, -9.633300E-014, 2.150400E+004 1.570926E+074 2.150400E+004, Wed Oct 07 15:49:58 2015
1.40, 1.80, 1.10, 1.80 , -4.437993E-006, 4.437300E-006, -3.431544E-011, -9.539130E-014, 2.150400E+004 1.570926E+074 2.150400E+004, Wed Oct 07 15:50:02 2015
1.40, 1.80, 1.08, 1.80 , -5.073002E-006, 5.072330E-006, -3.385422E-011, -1.135350E-013, 2.150400E+004 1.570926E+074 2.150400E+004, Wed Oct 07 15:50:05 2015
1.40, 1.80, 1.06, 1.80 , -5.749587E-006, 5.748820E-006, -3.356072E-011, -1.204010E-013, 2.150400E+004 1.570926E+074 2.150400E+004, Wed Oct 07 15:50:09 2015
1.40, 1.80, 1.04, 1.80 , -6.466308E-006, 6.465800E-006, -3.288985E-011, -1.186010E-013, 2.150400E+004 1.570926E+074 2.150400E+004, Wed Oct 07 15:50:13 2015
1.40, 1.80, 1.02, 1.80 , -7.220964E-006, 7.220250E-006, -3.439930E-011, -8.325580E-014, 2.150400E+004 1.570926E+074 2.150400E+004, Wed Oct 07 15:50:16 2015
1.40, 1.80, 1.00, 1.80 , -8.010313E-006, 8.009280E-006, -3.360265E-011, -1.260520E-013, 2.150400E+004 1.570926E+074 2.150400E+004, Wed Oct 07 15:50:20 2015
1.40, 1.80, 0.98, 1.80 , -8.828622E-006, 8.828070E-006, -3.406387E-011, -1.116160E-013, 2.150400E+004 1.570926E+074 2.150400E+004, Wed Oct 07 15:50:23 2015
1.40, 1.80, 0.96, 1.80 , -9.670667E-006, 9.670160E-006, -3.335108E-011, -1.192810E-013, 2.150400E+004 1.570926E+074 2.150400E+004, Wed Oct 07 15:50:27 2015
1.40, 1.80, 0.94, 1.80 , -1.053209E-005, 1.052380E-005, -3.280600E-011, -9.490250E-014, 2.150400E+004 1.570926E+074 2.150400E+004, Wed Oct 07 15:50:30 2015
1.40, 1.80, 0.92, 1.80 , -1.140744E-005, 1.139870E-005, -3.377037E-011, -1.114490E-013, 2.150400E+004 1.570926E+074 2.150400E+004, Wed Oct 07 15:50:34 2015
1.40, 1.80, 0.90, 1.80 , -1.229292E-005, 1.228370E-005, -3.330915E-011, -8.767840E-014, 2.150400E+004 1.570926E+074 2.150400E+004, Wed Oct 07 15:50:38 2015
1.40, 1.80, 0.88, 1.80 , -1.318450E-005, 1.317560E-005, -3.406388E-011, -1.167300E-013, 2.150400E+004 1.570926E+074 2.150400E+004, Wed Oct 07 15:50:41 2015
1.40, 1.80, 0.86, 1.80 , -1.407982E-005, 1.407070E-005, -3.368652E-011, -1.051900E-013, 2.150400E+004 1.570926E+074 2.150400E+004, Wed Oct 07 15:50:45 2015
1.40, 1.80, 0.84, 1.80 , -1.497664E-005, 1.496680E-005, -3.465088E-011, -9.473560E-014, 2.150400E+004 1.570926E+074 2.150400E+004, Wed Oct 07 15:50:48 2015
1.40, 1.80, 0.82, 1.80 , -1.587287E-005, 1.586370E-005, -3.456702E-011, -1.216290E-013, 2.150400E+004 1.570926E+074 2.150400E+004, Wed Oct 07 15:50:52 2015
1.40, 1.80, 0.80, 1.80 , -1.676606E-005, 1.675650E-005, -3.527982E-011, -1.080270E-013, 2.150400E+004 1.570926E+074 2.150400E+004, Wed Oct 07 15:50:55 2015
1.40, 1.80, 0.78, 1.80 , -1.765424E-005, 1.764440E-005, -3.691505E-011, -1.354810E-013, 2.150400E+004 1.570926E+074 2.150400E+004, Wed Oct 07 15:50:59 2015
1.40, 1.80, 0.76, 1.80 , -1.853734E-005, 1.852750E-005, -3.309949E-011, -1.081470E-013, 2.150400E+004 1.570926E+074 2.150400E+004, Wed Oct 07 15:51:02 2015
1.40, 1.80, 0.74, 1.80 , -1.941505E-005, 1.940400E-005, -3.460896E-011, -9.886030E-014, 2.150400E+004 1.570926E+074 2.150400E+004, Wed Oct 07 15:51:06 2015
1.40, 1.80, 0.72, 1.80 , -2.028538E-005, 2.027480E-005, -3.779558E-011, -1.062750E-013, 2.150400E+004 1.570926E+074 2.150400E+004, Wed Oct 07 15:51:09 2015
1.40, 1.80, 0.70, 1.80 , -2.114656E-005, 2.113580E-005, -3.465088E-011, -1.067640E-013, 2.150400E+004 1.570926E+074 2.150400E+004, Wed Oct 07 15:51:13 2015
1.40, 1.80, 0.68, 1.80 , -2.200119E-005, 2.198950E-005, -3.406387E-011, -1.132610E-013, 2.150400E+004 1.570926E+074 2.150400E+004, Wed Oct 07 15:51:17 2015
1.40, 1.80, 0.66, 1.80 , -2.284757E-005, 2.283640E-005, -3.385422E-011, -8.517500E-014, 2.150400E+004 1.570926E+074 2.150400E+004, Wed Oct 07 15:51:20 2015
1.40, 1.80, 0.64, 1.80 , -2.368501E-005, 2.367270E-005, -3.565718E-011, -1.039980E-013, 2.150400E+004 1.570926E+074 2.150400E+004, Wed Oct 07 15:51:24 2015
1.40, 1.80, 0.62, 1.80 , -2.451368E-005, 2.450070E-005, -3.486052E-011, -1.084800E-013, 2.150400E+004 1.570926E+074 2.150400E+004, Wed Oct 07 15:51:27 2015
1.40, 1.80, 0.60, 1.80 , -2.533658E-005, 2.532480E-005, -3.523789E-011, -1.226780E-013, 2.150400E+004 1.570926E+074 2.150400E+004, Wed Oct 07 15:51:31 2015
1.40, 1.80, 0.58, 1.80 , -2.614949E-005, 2.613790E-005, -3.595069E-011, -1.089100E-013, 2.150400E+004 1.570926E+074 2.150400E+004, Wed Oct 07 15:51:34 2015
1.40, 1.80, 0.56, 1.80 , -2.695241E-005, 2.694190E-005, -3.515402E-011, -1.187920E-013, 2.150400E+004 1.570926E+074 2.150400E+004, Wed Oct 07 15:51:38 2015
1.40, 1.80, 0.54, 1.80 , -2.775064E-005, 2.773800E-005, -3.548947E-011, -9.791850E-014, 2.150400E+004 1.570926E+074 2.150400E+004, Wed Oct 07 15:51:41 2015
1.40, 1.80, 0.52, 1.80 , -2.854014E-005, 2.852750E-005, -3.490245E-011, -1.087310E-013, 2.150400E+004 1.570926E+074 2.150400E+004, Wed Oct 07 15:51:45 2015
1.40, 1.80, 0.50, 1.80 , -2.932000E-005, 2.930690E-005, -3.574104E-011, -8.385180E-014, 2.150400E+004 1.570926E+074 2.150400E+004, Wed Oct 07 15:51:49 2015
1.40, 1.80, 0.48, 1.80 , -3.009161E-005, 3.007820E-005, -3.477666E-011, -9.033680E-014, 2.150400E+004 1.570926E+074 2.150400E+004, Wed Oct 07 15:51:52 2015
1.40, 1.80, 0.46, 1.80 , -3.085432E-005, 3.084050E-005, -3.406387E-011, -1.253010E-013, 2.150400E+004 1.570926E+074 2.150400E+004, Wed Oct 07 15:51:56 2015
1.40, 1.80, 0.44, 1.80 , -3.160863E-005, 3.159510E-005, -3.486052E-011, -9.583240E-014, 2.150400E+004 1.570926E+074 2.150400E+004, Wed Oct 07 15:51:59 2015
1.40, 1.80, 0.42, 1.80 , -3.235559E-005, 3.234210E-005, -3.574104E-011, -1.108290E-013, 2.150400E+004 1.570926E+074 2.150400E+004, Wed Oct 07 15:52:03 2015
1.40, 1.80, 0.40, 1.80 , -3.309484E-005, 3.308050E-005, -3.532175E-011, -1.091840E-013, 2.150400E+004 1.570926E+074 2.150400E+004, Wed Oct 07 15:52:06 2015
1.40, 1.80, 0.38, 1.80 , -3.382185E-005, 3.380810E-005, -3.653769E-011, -1.161930E-013, 2.150400E+004 1.570926E+074 2.150400E+004, Wed Oct 07 15:52:10 2015
1.40, 1.80, 0.36, 1.80 , -3.454246E-005, 3.452780E-005, -3.712471E-011, -1.151920E-013, 2.150400E+004 1.570926E+074 2.150400E+004, Wed Oct 07 15:52:13 2015
1.40, 1.80, 0.34, 1.80 , -3.525616E-005, 3.524100E-005, -3.490245E-011, -9.886030E-014, 2.150400E+004 1.570926E+074 2.150400E+004, Wed Oct 07 15:52:17 2015
1.40, 1.80, 0.32, 1.80 , -3.596028E-005, 3.594720E-005, -3.565718E-011, -1.070860E-013, 2.150400E+004 1.570926E+074 2.150400E+004, Wed Oct 07 15:52:21 2015
1.40, 1.80, 0.30, 1.80 , -3.665943E-005, 3.664520E-005, -3.817294E-011, -9.595160E-014, 2.150400E+004 1.570926E+074 2.150400E+004, Wed Oct 07 15:52:24 2015
1.40, 1.80, 0.28, 1.80 , -3.734928E-005, 3.733430E-005, -3.884380E-011, -1.109120E-013, 2.150400E+004 1.570926E+074 2.150400E+004, Wed Oct 07 15:52:28 2015
1.40, 1.80, 0.26, 1.80 , -3.803147E-005, 3.801580E-005, -3.511210E-011, -1.286860E-013, 2.150400E+004 1.570926E+074 2.150400E+004, Wed Oct 07 15:52:31 2015
1.40, 1.80, 0.24, 1.80 , -3.870715E-005, 3.869280E-005, -3.452509E-011, -1.080160E-013, 2.150400E+004 1.570926E+074 2.150400E+004, Wed Oct 07 15:52:35 2015
1.40, 1.80, 0.22, 1.80 , -3.937669E-005, 3.936150E-005, -3.708276E-011, -1.208070E-013, 2.150400E+004 1.570926E+074 2.150400E+004, Wed Oct 07 15:52:38 2015
1.40, 1.80, 0.20, 1.80 , -4.003768E-005, 4.002130E-005, -3.649577E-011, -9.585620E-014, 2.150400E+004 1.570926E+074 2.150400E+004, Wed Oct 07 15:52:42 2015
1.40, 1.80, 0.18, 1.80 , -4.068843E-005, 4.067270E-005, -3.590876E-011, -1.106620E-013, 2.150400E+004 1.570926E+074 2.150400E+004, Wed Oct 07 15:52:45 2015
1.40, 1.80, 0.16, 1.80 , -4.133701E-005, 4.132000E-005, -3.590876E-011, -1.059060E-013, 2.150400E+004 1.570926E+074 2.150400E+004, Wed Oct 07 15:52:49 2015
1.40, 1.80, 0.14, 1.80 , -4.197441E-005, 4.195890E-005, -3.590876E-011, -1.106260E-013, 2.150400E+004 1.570926E+074 2.150400E+004, Wed Oct 07 15:52:53 2015
1.40, 1.80, 0.12, 1.80 , -4.260551E-005, 4.258930E-005, -3.754399E-011, -1.110320E-013, 2.150400E+004 1.570926E+074 2.150400E+004, Wed Oct 07 15:52:56 2015
1.40, 1.80, 0.10, 1.80 , -4.322973E-005, 4.321320E-005, -3.666349E-011, -1.132490E-013, 2.150400E+004 1.570926E+074 2.150400E+004, Wed Oct 07 15:53:00 2015
1.40, 1.80, 0.08, 1.80 , -4.384597E-005, 4.383000E-005, -3.712472E-011, -1.127000E-013, 2.150400E+004 1.570926E+074 2.150400E+004, Wed Oct 07 15:53:03 2015
1.40, 1.80, 0.06, 1.80 , -4.445680E-005, 4.444240E-005, -3.813100E-011, -1.137850E-013, 2.150400E+004 1.570926E+074 2.150400E+004, Wed Oct 07 15:53:07 2015
1.40, 1.80, 0.04, 1.80 , -4.505944E-005, 4.504360E-005, -3.683120E-011, -1.088740E-013, 2.150400E+004 1.570926E+074 2.150400E+004, Wed Oct 07 15:53:10 2015
1.40, 1.80, 0.02, 1.80 , -4.565492E-005, 4.563960E-005, -3.620227E-011, -1.350640E-013, 2.150400E+004 1.570926E+074 2.150400E+004, Wed Oct 07 15:53:14 2015
1.40, 1.80, 0.00, 1.80 , -4.624655E-005, 4.623030E-005, -3.653769E-011, -1.174330E-013, 2.150400E+004 1.570926E+074 2.150400E+004, Wed Oct 07 15:53:17 2015
1.40, 1.80, -0.02, 1.80 , -4.683062E-005, 4.681400E-005, -3.607647E-011, -1.050950E-013, 2.150400E+004 1.570926E+074 2.150400E+004, Wed Oct 07 15:53:21 2015
1.40, 1.80, -0.04, 1.80 , -4.740650E-005, 4.738950E-005, -3.565718E-011, -9.312630E-014, 2.150400E+004 1.570926E+074 2.150400E+004, Wed Oct 07 15:53:24 2015
1.40, 1.80, -0.06, 1.80 , -4.797744E-005, 4.795860E-005, -3.750206E-011, -1.088380E-013, 2.150400E+004 1.570926E+074 2.150400E+004, Wed Oct 07 15:53:28 2015
1.40, 1.80, -0.08, 1.80 , -4.854280E-005, 4.852470E-005, -3.712470E-011, -9.948020E-014, 2.150400E+004 1.570926E+074 2.150400E+004, Wed Oct 07 15:53:32 2015
1.40, 1.80, -0.10, 1.80 , -4.909988E-005, 4.907900E-005, -3.779558E-011, -1.071210E-013, 2.150400E+004 1.570926E+074 2.150400E+004, Wed Oct 07 15:53:35 2015
1.40, 1.80, -0.12, 1.80 , -4.964888E-005, 4.963040E-005, -3.729242E-011, -1.070860E-013, 2.150400E+004 1.570926E+074 2.150400E+004, Wed Oct 07 15:53:39 2015
1.40, 1.80, -0.14, 1.80 , -5.019643E-005, 5.017710E-005, -3.620227E-011, -1.057270E-013, 2.150400E+004 1.570926E+074 2.150400E+004, Wed Oct 07 15:53:42 2015
1.40, 1.80, -0.16, 1.80 , -5.073449E-005, 5.071690E-005, -3.666349E-011, -1.051550E-013, 2.150400E+004 1.570926E+074 2.150400E+004, Wed Oct 07 15:53:46 2015
1.40, 1.80, -0.18, 1.80 , -5.126983E-005, 5.125010E-005, -3.657962E-011, -1.266480E-013, 2.150400E+004 1.570926E+074 2.150400E+004, Wed Oct 07 15:53:49 2015
1.40, 1.80, -0.20, 1.80 , -5.179735E-005, 5.177990E-005, -3.750207E-011, -1.186970E-013, 2.150400E+004 1.570926E+074 2.150400E+004, Wed Oct 07 15:53:53 2015
