1.75, 1.80, 1.80, 1.80 , -2.347186E-011, 7.524510E-012, 6.568938E-005, -7.479190E-014, 2.150400E+004 1.570926E+074 2.150400E+004, Sun Oct 11 15:29:43 2015
1.75, 1.80, 1.78, 1.80 , -2.351406E-011, 8.700040E-012, 6.363721E-005, -7.669930E-014, 2.150400E+004 1.570926E+074 2.150400E+004, Sun Oct 11 15:29:47 2015
1.75, 1.80, 1.76, 1.80 , -2.300767E-011, 7.929920E-012, 6.155400E-005, -9.069440E-014, 2.150400E+004 1.570926E+074 2.150400E+004, Sun Oct 11 15:30:07 2015
1.75, 1.80, 1.74, 1.80 , -2.342967E-011, 7.955370E-012, 5.951148E-005, -8.836980E-014, 2.150400E+004 1.570926E+074 2.150400E+004, Sun Oct 11 15:30:18 2015
1.75, 1.80, 1.72, 1.80 , -2.296543E-011, 7.682540E-012, 5.746527E-005, -8.016820E-014, 2.150400E+004 1.570926E+074 2.150400E+004, Sun Oct 11 15:30:31 2015
1.75, 1.80, 1.70, 1.80 , -2.440027E-011, 7.201360E-012, 5.541223E-005, -7.168050E-014, 2.150400E+004 1.570926E+074 2.150400E+004, Sun Oct 11 15:30:42 2015
1.75, 1.80, 1.68, 1.80 , -2.385165E-011, 7.071910E-012, 5.336869E-005, -1.130940E-013, 2.150400E+004 1.570926E+074 2.150400E+004, Sun Oct 11 15:31:01 2015
1.75, 1.80, 1.66, 1.80 , -2.587727E-011, 8.465720E-012, 5.133819E-005, -9.934900E-014, 2.150400E+004 1.570926E+074 2.150400E+004, Sun Oct 11 15:31:17 2015
1.75, 1.80, 1.64, 1.80 , -2.368287E-011, 7.438840E-012, 4.931868E-005, -1.022460E-013, 2.150400E+004 1.570926E+074 2.150400E+004, Sun Oct 11 15:31:33 2015
1.75, 1.80, 1.62, 1.80 , -2.469566E-011, 8.314760E-012, 4.733275E-005, -6.985660E-014, 2.150400E+004 1.570926E+074 2.150400E+004, Sun Oct 11 15:31:48 2015
1.75, 1.80, 1.60, 1.80 , -2.431588E-011, 7.361920E-012, 4.533420E-005, -7.921460E-014, 2.150400E+004 1.570926E+074 2.150400E+004, Sun Oct 11 15:31:58 2015
1.75, 1.80, 1.58, 1.80 , -2.494887E-011, 7.585600E-012, 4.333568E-005, -9.502170E-014, 2.150400E+004 1.570926E+074 2.150400E+004, Sun Oct 11 15:32:06 2015
1.75, 1.80, 1.56, 1.80 , -2.393606E-011, 7.695270E-012, 4.135429E-005, -1.049280E-013, 2.150400E+004 1.570926E+074 2.150400E+004, Sun Oct 11 15:32:11 2015
1.75, 1.80, 1.54, 1.80 , -2.478006E-011, 7.352170E-012, 3.934421E-005, -7.425550E-014, 2.150400E+004 1.570926E+074 2.150400E+004, Sun Oct 11 15:32:22 2015
1.75, 1.80, 1.52, 1.80 , -2.537086E-011, 8.788310E-012, 3.739876E-005, -1.320960E-013, 2.150400E+004 1.570926E+074 2.150400E+004, Sun Oct 11 15:32:29 2015
1.75, 1.80, 1.50, 1.80 , -2.431585E-011, 8.773850E-012, 3.538642E-005, -8.327960E-014, 2.150400E+004 1.570926E+074 2.150400E+004, Sun Oct 11 15:32:40 2015
1.75, 1.80, 1.48, 1.80 , -2.469565E-011, 8.456220E-012, 3.343820E-005, -9.661910E-014, 2.150400E+004 1.570926E+074 2.150400E+004, Sun Oct 11 15:32:45 2015
1.75, 1.80, 1.46, 1.80 , -2.427366E-011, 8.571430E-012, 3.146379E-005, -8.410220E-014, 2.150400E+004 1.570926E+074 2.150400E+004, Sun Oct 11 15:32:49 2015
1.75, 1.80, 1.44, 1.80 , -2.490666E-011, 8.290550E-012, 2.953811E-005, -8.625980E-014, 2.150400E+004 1.570926E+074 2.150400E+004, Sun Oct 11 15:33:12 2015
1.75, 1.80, 1.42, 1.80 , -2.461123E-011, 9.169130E-012, 2.759811E-005, -8.661750E-014, 2.150400E+004 1.570926E+074 2.150400E+004, Sun Oct 11 15:33:19 2015
1.75, 1.80, 1.40, 1.80 , -2.435806E-011, 8.987880E-012, 2.566785E-005, -1.044510E-013, 2.150400E+004 1.570926E+074 2.150400E+004, Sun Oct 11 15:33:23 2015
1.75, 1.80, 1.38, 1.80 , -2.313425E-011, 7.879290E-012, 2.375268E-005, -9.435420E-014, 2.150400E+004 1.570926E+074 2.150400E+004, Sun Oct 11 15:33:41 2015
1.75, 1.80, 1.36, 1.80 , -2.427365E-011, 8.865240E-012, 2.182239E-005, -9.521250E-014, 2.150400E+004 1.570926E+074 2.150400E+004, Sun Oct 11 15:33:48 2015
1.75, 1.80, 1.34, 1.80 , -2.321865E-011, 8.996070E-012, 1.987899E-005, -8.902550E-014, 2.150400E+004 1.570926E+074 2.150400E+004, Sun Oct 11 15:34:12 2015
1.75, 1.80, 1.32, 1.80 , -5.958765E-012, 8.417460E-012, 1.788152E-005, -1.156330E-013, 2.150400E+004 1.570926E+074 2.150400E+004, Sun Oct 11 15:34:30 2015
1.75, 1.80, 1.30, 1.80 , 3.198579E-012, 1.037950E-011, 1.590600E-005, -1.035330E-013, 2.150400E+004 1.570926E+074 2.150400E+004, Sun Oct 11 15:34:51 2015
1.75, 1.80, 1.28, 1.80 , -2.431584E-011, 5.134570E-011, 1.319108E-005, -1.149420E-013, 2.150400E+004 1.570926E+074 2.150400E+004, Sun Oct 11 15:35:16 2015
1.75, 1.80, 1.26, 1.80 , 7.924618E-012, 6.289900E-010, 7.466962E-006, -9.539130E-014, 2.150400E+004 1.570926E+074 2.150400E+004, Sun Oct 11 15:35:53 2015
1.75, 1.80, 1.24, 1.80 , -4.955653E-010, 4.780190E-010, 1.683491E-010, -1.081940E-013, 2.150400E+004 1.570926E+074 2.150400E+004, Sun Oct 11 15:35:58 2015
1.75, 1.80, 1.22, 1.80 , -2.131664E-009, 2.118130E-009, 1.339594E-011, -9.404420E-014, 2.150400E+004 1.570926E+074 2.150400E+004, Sun Oct 11 15:36:02 2015
1.75, 1.80, 1.20, 1.80 , -1.016692E-008, 1.015320E-008, -1.758631E-011, -8.918050E-014, 2.150400E+004 1.570926E+074 2.150400E+004, Sun Oct 11 15:36:06 2015
1.75, 1.80, 1.18, 1.80 , -3.342326E-008, 3.346020E-008, -1.452581E-011, -9.934900E-014, 2.150400E+004 1.570926E+074 2.150400E+004, Sun Oct 11 15:36:10 2015
1.75, 1.80, 1.16, 1.80 , -8.132137E-008, 8.148920E-008, -1.603510E-011, -1.075510E-013, 2.150400E+004 1.570926E+074 2.150400E+004, Sun Oct 11 15:36:13 2015
1.75, 1.80, 1.14, 1.80 , -1.532287E-007, 1.536860E-007, -1.670590E-011, -1.021980E-013, 2.150400E+004 1.570926E+074 2.150400E+004, Sun Oct 11 15:36:17 2015
1.75, 1.80, 1.12, 1.80 , -2.567699E-007, 2.573140E-007, -1.653819E-011, -1.057860E-013, 2.150400E+004 1.570926E+074 2.150400E+004, Sun Oct 11 15:36:20 2015
1.75, 1.80, 1.10, 1.80 , -3.808531E-007, 3.812650E-007, -1.859250E-011, -1.048090E-013, 2.150400E+004 1.570926E+074 2.150400E+004, Sun Oct 11 15:36:24 2015
1.75, 1.80, 1.08, 1.80 , -5.093509E-007, 5.102650E-007, -1.536431E-011, -1.002070E-013, 2.150400E+004 1.570926E+074 2.150400E+004, Sun Oct 11 15:36:27 2015
1.75, 1.80, 1.06, 1.80 , -6.494735E-007, 6.504900E-007, -1.796363E-011, -8.579490E-014, 2.150400E+004 1.570926E+074 2.150400E+004, Sun Oct 11 15:36:31 2015
1.75, 1.80, 1.04, 1.80 , -7.817791E-007, 7.832890E-007, -1.985024E-011, -8.752350E-014, 2.150400E+004 1.570926E+074 2.150400E+004, Sun Oct 11 15:36:35 2015
1.75, 1.80, 1.02, 1.80 , -9.183003E-007, 9.196340E-007, -1.896982E-011, -1.007910E-013, 2.150400E+004 1.570926E+074 2.150400E+004, Sun Oct 11 15:36:38 2015
1.75, 1.80, 1.00, 1.80 , -1.056323E-006, 1.058010E-006, -1.880212E-011, -8.435250E-014, 2.150400E+004 1.570926E+074 2.150400E+004, Sun Oct 11 15:36:42 2015
1.75, 1.80, 0.98, 1.80 , -1.191525E-006, 1.193290E-006, -2.018563E-011, -9.312630E-014, 2.150400E+004 1.570926E+074 2.150400E+004, Sun Oct 11 15:36:45 2015
1.75, 1.80, 0.96, 1.80 , -1.320999E-006, 1.323220E-006, -1.930522E-011, -1.113770E-013, 2.150400E+004 1.570926E+074 2.150400E+004, Sun Oct 11 15:36:49 2015
1.75, 1.80, 0.94, 1.80 , -1.437709E-006, 1.439850E-006, -2.186262E-011, -8.126500E-014, 2.150400E+004 1.570926E+074 2.150400E+004, Sun Oct 11 15:36:52 2015
1.75, 1.80, 0.92, 1.80 , -1.550711E-006, 1.552920E-006, -1.943099E-011, -9.504560E-014, 2.150400E+004 1.570926E+074 2.150400E+004, Sun Oct 11 15:36:56 2015
1.75, 1.80, 0.90, 1.80 , -1.664741E-006, 1.667100E-006, -2.140144E-011, -8.431670E-014, 2.150400E+004 1.570926E+074 2.150400E+004, Sun Oct 11 15:36:59 2015
1.75, 1.80, 0.88, 1.80 , -1.761404E-006, 1.764380E-006, -1.909559E-011, -9.735820E-014, 2.150400E+004 1.570926E+074 2.150400E+004, Sun Oct 11 15:37:03 2015
1.75, 1.80, 0.86, 1.80 , -1.854806E-006, 1.857400E-006, -1.976639E-011, -6.412270E-014, 2.150400E+004 1.570926E+074 2.150400E+004, Sun Oct 11 15:37:07 2015
1.75, 1.80, 0.84, 1.80 , -1.946786E-006, 1.949250E-006, -2.211416E-011, -1.006720E-013, 2.150400E+004 1.570926E+074 2.150400E+004, Sun Oct 11 15:37:10 2015
1.75, 1.80, 0.82, 1.80 , -2.030559E-006, 2.033580E-006, -2.274303E-011, -7.606740E-014, 2.150400E+004 1.570926E+074 2.150400E+004, Sun Oct 11 15:37:14 2015
1.75, 1.80, 0.80, 1.80 , -2.112236E-006, 2.115760E-006, -2.261726E-011, -9.214880E-014, 2.150400E+004 1.570926E+074 2.150400E+004, Sun Oct 11 15:37:17 2015
1.75, 1.80, 0.78, 1.80 , -2.197052E-006, 2.200730E-006, -2.307843E-011, -8.326770E-014, 2.150400E+004 1.570926E+074 2.150400E+004, Sun Oct 11 15:37:21 2015
1.75, 1.80, 0.76, 1.80 , -2.279828E-006, 2.283240E-006, -2.488136E-011, -9.828810E-014, 2.150400E+004 1.570926E+074 2.150400E+004, Sun Oct 11 15:37:24 2015
1.75, 1.80, 0.74, 1.80 , -2.357670E-006, 2.361080E-006, -2.345579E-011, -8.631940E-014, 2.150400E+004 1.570926E+074 2.150400E+004, Sun Oct 11 15:37:28 2015
1.75, 1.80, 0.72, 1.80 , -2.431051E-006, 2.434890E-006, -2.223994E-011, -1.058220E-013, 2.150400E+004 1.570926E+074 2.150400E+004, Sun Oct 11 15:37:31 2015
1.75, 1.80, 0.70, 1.80 , -2.501615E-006, 2.506550E-006, -2.567801E-011, -9.720330E-014, 2.150400E+004 1.570926E+074 2.150400E+004, Sun Oct 11 15:37:35 2015
1.75, 1.80, 0.68, 1.80 , -2.571163E-006, 2.575500E-006, -2.479751E-011, -8.970500E-014, 2.150400E+004 1.570926E+074 2.150400E+004, Sun Oct 11 15:37:39 2015
1.75, 1.80, 0.66, 1.80 , -2.635071E-006, 2.639490E-006, -2.479751E-011, -1.128910E-013, 2.150400E+004 1.570926E+074 2.150400E+004, Sun Oct 11 15:37:42 2015
1.75, 1.80, 0.64, 1.80 , -2.698863E-006, 2.703420E-006, -2.689394E-011, -1.093860E-013, 2.150400E+004 1.570926E+074 2.150400E+004, Sun Oct 11 15:37:46 2015
1.75, 1.80, 0.62, 1.80 , -2.758281E-006, 2.762230E-006, -2.697780E-011, -1.132850E-013, 2.150400E+004 1.570926E+074 2.150400E+004, Sun Oct 11 15:37:49 2015
1.75, 1.80, 0.60, 1.80 , -2.815069E-006, 2.819300E-006, -2.634887E-011, -9.001490E-014, 2.150400E+004 1.570926E+074 2.150400E+004, Sun Oct 11 15:37:53 2015
1.75, 1.80, 0.58, 1.80 , -2.870513E-006, 2.874310E-006, -2.718745E-011, -1.160860E-013, 2.150400E+004 1.570926E+074 2.150400E+004, Sun Oct 11 15:37:56 2015
1.75, 1.80, 0.56, 1.80 , -2.920155E-006, 2.924620E-006, -2.689394E-011, -1.018290E-013, 2.150400E+004 1.570926E+074 2.150400E+004, Sun Oct 11 15:38:00 2015
1.75, 1.80, 0.54, 1.80 , -2.970500E-006, 2.974630E-006, -2.693587E-011, -9.908680E-014, 2.150400E+004 1.570926E+074 2.150400E+004, Sun Oct 11 15:38:03 2015
1.75, 1.80, 0.52, 1.80 , -3.021369E-006, 3.025440E-006, -3.003860E-011, -1.037360E-013, 2.150400E+004 1.570926E+074 2.150400E+004, Sun Oct 11 15:38:07 2015
1.75, 1.80, 0.50, 1.80 , -3.074992E-006, 3.079880E-006, -2.748095E-011, -1.095290E-013, 2.150400E+004 1.570926E+074 2.150400E+004, Sun Oct 11 15:38:10 2015
1.75, 1.80, 0.48, 1.80 , -3.129548E-006, 3.134300E-006, -2.802602E-011, -1.050000E-013, 2.150400E+004 1.570926E+074 2.150400E+004, Sun Oct 11 15:38:14 2015
1.75, 1.80, 0.46, 1.80 , -3.180424E-006, 3.184930E-006, -2.718744E-011, -1.118180E-013, 2.150400E+004 1.570926E+074 2.150400E+004, Sun Oct 11 15:38:18 2015
1.75, 1.80, 0.44, 1.80 , -3.231293E-006, 3.237280E-006, -2.697780E-011, -1.098280E-013, 2.150400E+004 1.570926E+074 2.150400E+004, Sun Oct 11 15:38:21 2015
1.75, 1.80, 0.42, 1.80 , -3.282802E-006, 3.287120E-006, -2.924195E-011, -1.203300E-013, 2.150400E+004 1.570926E+074 2.150400E+004, Sun Oct 11 15:38:25 2015
1.75, 1.80, 0.40, 1.80 , -3.329183E-006, 3.333020E-006, -2.865495E-011, -1.092670E-013, 2.150400E+004 1.570926E+074 2.150400E+004, Sun Oct 11 15:38:28 2015
1.75, 1.80, 0.38, 1.80 , -3.368651E-006, 3.373820E-006, -3.070946E-011, -9.815690E-014, 2.150400E+004 1.570926E+074 2.150400E+004, Sun Oct 11 15:38:32 2015
1.75, 1.80, 0.36, 1.80 , -3.406560E-006, 3.411850E-006, -3.129646E-011, -1.008750E-013, 2.150400E+004 1.570926E+074 2.150400E+004, Sun Oct 11 15:38:35 2015
1.75, 1.80, 0.34, 1.80 , -3.441693E-006, 3.446740E-006, -3.016438E-011, -9.697680E-014, 2.150400E+004 1.570926E+074 2.150400E+004, Sun Oct 11 15:38:39 2015
1.75, 1.80, 0.32, 1.80 , -3.476511E-006, 3.480990E-006, -3.125453E-011, -1.068350E-013, 2.150400E+004 1.570926E+074 2.150400E+004, Sun Oct 11 15:38:42 2015
1.75, 1.80, 0.30, 1.80 , -3.509780E-006, 3.515340E-006, -3.112875E-011, -9.202960E-014, 2.150400E+004 1.570926E+074 2.150400E+004, Sun Oct 11 15:38:46 2015
1.75, 1.80, 0.28, 1.80 , -3.543309E-006, 3.548890E-006, -3.272204E-011, -9.684560E-014, 2.150400E+004 1.570926E+074 2.150400E+004, Sun Oct 11 15:38:50 2015
1.75, 1.80, 0.26, 1.80 , -3.574934E-006, 3.580670E-006, -3.381219E-011, -9.908680E-014, 2.150400E+004 1.570926E+074 2.150400E+004, Sun Oct 11 15:38:53 2015
1.75, 1.80, 0.24, 1.80 , -3.607089E-006, 3.612660E-006, -3.645371E-011, -8.690360E-014, 2.150400E+004 1.570926E+074 2.150400E+004, Sun Oct 11 15:38:57 2015
1.75, 1.80, 0.22, 1.80 , -3.639137E-006, 3.644780E-006, -3.301555E-011, -9.483100E-014, 2.150400E+004 1.570926E+074 2.150400E+004, Sun Oct 11 15:39:00 2015
1.75, 1.80, 0.20, 1.80 , -3.672236E-006, 3.678340E-006, -3.477655E-011, -9.663110E-014, 2.150400E+004 1.570926E+074 2.150400E+004, Sun Oct 11 15:39:04 2015
1.75, 1.80, 0.18, 1.80 , -3.707272E-006, 3.712900E-006, -3.364448E-011, -8.708240E-014, 2.150400E+004 1.570926E+074 2.150400E+004, Sun Oct 11 15:39:07 2015
1.75, 1.80, 0.16, 1.80 , -3.740891E-006, 3.746250E-006, -3.519584E-011, -9.421110E-014, 2.150400E+004 1.570926E+074 2.150400E+004, Sun Oct 11 15:39:11 2015
1.75, 1.80, 0.14, 1.80 , -3.775859E-006, 3.780990E-006, -3.624405E-011, -1.313690E-013, 2.150400E+004 1.570926E+074 2.150400E+004, Sun Oct 11 15:39:14 2015
1.75, 1.80, 0.12, 1.80 , -3.807194E-006, 3.812830E-006, -3.502813E-011, -1.000170E-013, 2.150400E+004 1.570926E+074 2.150400E+004, Sun Oct 11 15:39:18 2015
1.75, 1.80, 0.10, 1.80 , -3.839113E-006, 3.844550E-006, -3.662141E-011, -9.468790E-014, 2.150400E+004 1.570926E+074 2.150400E+004, Sun Oct 11 15:39:22 2015
1.75, 1.80, 0.08, 1.80 , -3.867401E-006, 3.873280E-006, -3.616020E-011, -1.086120E-013, 2.150400E+004 1.570926E+074 2.150400E+004, Sun Oct 11 15:39:25 2015
1.75, 1.80, 0.06, 1.80 , -3.893297E-006, 3.899110E-006, -3.268012E-011, -9.574890E-014, 2.150400E+004 1.570926E+074 2.150400E+004, Sun Oct 11 15:39:29 2015
1.75, 1.80, 0.04, 1.80 , -3.917442E-006, 3.922830E-006, -3.611826E-011, -1.171590E-013, 2.150400E+004 1.570926E+074 2.150400E+004, Sun Oct 11 15:39:32 2015
1.75, 1.80, 0.02, 1.80 , -3.942521E-006, 3.947900E-006, -3.473461E-011, -1.137850E-013, 2.150400E+004 1.570926E+074 2.150400E+004, Sun Oct 11 15:39:36 2015
1.75, 1.80, 0.00, 1.80 , -3.967762E-006, 3.972730E-006, -3.590863E-011, -1.076100E-013, 2.150400E+004 1.570926E+074 2.150400E+004, Sun Oct 11 15:39:39 2015
1.75, 1.80, -0.02, 1.80 , -3.993862E-006, 3.999200E-006, -3.938871E-011, -1.192690E-013, 2.150400E+004 1.570926E+074 2.150400E+004, Sun Oct 11 15:39:43 2015
1.75, 1.80, -0.04, 1.80 , -4.019832E-006, 4.025750E-006, -3.649562E-011, -9.537940E-014, 2.150400E+004 1.570926E+074 2.150400E+004, Sun Oct 11 15:39:46 2015
1.75, 1.80, -0.06, 1.80 , -4.046282E-006, 4.052810E-006, -3.783735E-011, -1.056670E-013, 2.150400E+004 1.570926E+074 2.150400E+004, Sun Oct 11 15:39:50 2015
1.75, 1.80, -0.08, 1.80 , -4.075786E-006, 4.081820E-006, -3.657949E-011, -8.652210E-014, 2.150400E+004 1.570926E+074 2.150400E+004, Sun Oct 11 15:39:54 2015
1.75, 1.80, -0.10, 1.80 , -4.101980E-006, 4.108620E-006, -3.737613E-011, -9.728670E-014, 2.150400E+004 1.570926E+074 2.150400E+004, Sun Oct 11 15:39:57 2015
1.75, 1.80, -0.12, 1.80 , -4.132715E-006, 4.138130E-006, -3.687299E-011, -1.017450E-013, 2.150400E+004 1.570926E+074 2.150400E+004, Sun Oct 11 15:40:01 2015
1.75, 1.80, -0.14, 1.80 , -4.161458E-006, 4.167440E-006, -4.190443E-011, -8.465050E-014, 2.150400E+004 1.570926E+074 2.150400E+004, Sun Oct 11 15:40:04 2015
1.75, 1.80, -0.16, 1.80 , -4.190047E-006, 4.195710E-006, -4.089814E-011, -1.213550E-013, 2.150400E+004 1.570926E+074 2.150400E+004, Sun Oct 11 15:40:08 2015
1.75, 1.80, -0.18, 1.80 , -4.218940E-006, 4.224310E-006, -4.047885E-011, -9.984970E-014, 2.150400E+004 1.570926E+074 2.150400E+004, Sun Oct 11 15:40:11 2015
1.75, 1.80, -0.20, 1.80 , -4.248899E-006, 4.254130E-006, -4.286881E-011, -8.275510E-014, 2.150400E+004 1.570926E+074 2.150400E+004, Sun Oct 11 15:40:15 2015
1.75, 1.80, 1.80, 1.80 , -2.499088E-011, 8.068140E-012, 6.447855E-005, -8.792880E-014, 2.150400E+004 1.570926E+074 2.150400E+004, Sun Oct 11 17:02:50 2015
1.75, 1.80, 1.78, 1.80 , -2.486429E-011, 8.291710E-012, 6.245411E-005, -9.950400E-014, 2.150400E+004 1.570926E+074 2.150400E+004, Sun Oct 11 17:02:56 2015
1.75, 1.80, 1.76, 1.80 , -2.515967E-011, 7.758730E-012, 6.043268E-005, -1.123190E-013, 2.150400E+004 1.570926E+074 2.150400E+004, Sun Oct 11 17:03:43 2015
1.75, 1.80, 1.74, 1.80 , -2.621467E-011, 7.814690E-012, 5.843894E-005, -1.026150E-013, 2.150400E+004 1.570926E+074 2.150400E+004, Sun Oct 11 17:04:15 2015
1.75, 1.80, 1.72, 1.80 , -2.456886E-011, 7.990320E-012, 5.645810E-005, -9.759660E-014, 2.150400E+004 1.570926E+074 2.150400E+004, Sun Oct 11 17:04:31 2015
1.75, 1.80, 1.70, 1.80 , -2.507526E-011, 8.022420E-012, 5.446325E-005, -9.136200E-014, 2.150400E+004 1.570926E+074 2.150400E+004, Sun Oct 11 17:04:39 2015
1.75, 1.80, 1.68, 1.80 , -2.562388E-011, 7.914150E-012, 5.246386E-005, -9.431840E-014, 2.150400E+004 1.570926E+074 2.150400E+004, Sun Oct 11 17:04:58 2015
1.75, 1.80, 1.66, 1.80 , -2.575048E-011, 7.896720E-012, 5.046902E-005, -7.393360E-014, 2.150400E+004 1.570926E+074 2.150400E+004, Sun Oct 11 17:05:18 2015
1.75, 1.80, 1.64, 1.80 , -2.385145E-011, 7.972300E-012, 4.851120E-005, -7.892850E-014, 2.150400E+004 1.570926E+074 2.150400E+004, Sun Oct 11 17:06:15 2015
1.75, 1.80, 1.62, 1.80 , -2.342946E-011, 8.198700E-012, 4.655977E-005, -1.024370E-013, 2.150400E+004 1.570926E+074 2.150400E+004, Sun Oct 11 17:06:23 2015
