1.80, 1.80, 1.00, 1.80 , 4.548861E-012, 3.735970E-011, -2.043719E-011, -9.440180E-014, 2.150400E+004 1.570926E+074 2.150400E+004, Sun Oct 11 16:49:02 2015
1.75, 1.80, 1.00, 1.80 , -6.879961E-007, 6.913310E-007, -2.727128E-011, -8.802410E-014, 2.150400E+004 1.570926E+074 2.150400E+004, Sun Oct 11 16:49:08 2015
1.70, 1.80, 1.00, 1.80 , -1.847112E-006, 1.848420E-006, -2.622307E-011, -1.213430E-013, 2.150400E+004 1.570926E+074 2.150400E+004, Sun Oct 11 16:49:12 2015
1.65, 1.80, 1.00, 1.80 , -2.793263E-006, 2.794210E-006, -2.492328E-011, -1.021270E-013, 2.150400E+004 1.570926E+074 2.150400E+004, Sun Oct 11 16:49:16 2015
1.60, 1.80, 1.00, 1.80 , -3.400758E-006, 3.402460E-006, -2.555221E-011, -1.054170E-013, 2.150400E+004 1.570926E+074 2.150400E+004, Sun Oct 11 16:49:19 2015
1.55, 1.80, 1.00, 1.80 , -3.745432E-006, 3.746940E-006, -2.521679E-011, -1.014230E-013, 2.150400E+004 1.570926E+074 2.150400E+004, Sun Oct 11 16:49:23 2015
1.50, 1.80, 1.00, 1.80 , -3.901249E-006, 3.903360E-006, -2.701971E-011, -8.723740E-014, 2.150400E+004 1.570926E+074 2.150400E+004, Sun Oct 11 16:49:26 2015
1.45, 1.80, 1.00, 1.80 , -3.963883E-006, 3.965510E-006, -2.660043E-011, -1.011370E-013, 2.150400E+004 1.570926E+074 2.150400E+004, Sun Oct 11 16:49:30 2015
1.40, 1.80, 1.00, 1.80 , -3.987080E-006, 3.988850E-006, -2.530064E-011, -9.565350E-014, 2.150400E+004 1.570926E+074 2.150400E+004, Sun Oct 11 16:49:33 2015
1.35, 1.80, 1.00, 1.80 , -3.999509E-006, 4.000450E-006, -2.337193E-011, -1.361130E-013, 2.150400E+004 1.570926E+074 2.150400E+004, Sun Oct 11 16:49:37 2015
1.30, 1.80, 1.00, 1.80 , -4.008271E-006, 4.009800E-006, -2.601343E-011, -1.003500E-013, 2.150400E+004 1.570926E+074 2.150400E+004, Sun Oct 11 16:49:40 2015
1.25, 1.80, 1.00, 1.80 , -4.015090E-006, 4.016920E-006, -2.542643E-011, -1.000640E-013, 2.150400E+004 1.570926E+074 2.150400E+004, Sun Oct 11 16:49:44 2015
1.20, 1.80, 1.00, 1.80 , -4.023547E-006, 4.024840E-006, -2.429435E-011, -7.842780E-014, 2.150400E+004 1.570926E+074 2.150400E+004, Sun Oct 11 16:49:48 2015
1.15, 1.80, 1.00, 1.80 , -4.032147E-006, 4.033790E-006, -2.525871E-011, -1.050110E-013, 2.150400E+004 1.570926E+074 2.150400E+004, Sun Oct 11 16:49:51 2015
1.10, 1.80, 1.00, 1.80 , -4.041366E-006, 4.042600E-006, -2.739707E-011, -1.105190E-013, 2.150400E+004 1.570926E+074 2.150400E+004, Sun Oct 11 16:49:55 2015
1.05, 1.80, 1.00, 1.80 , -4.051070E-006, 4.052160E-006, -2.492328E-011, -9.599920E-014, 2.150400E+004 1.570926E+074 2.150400E+004, Sun Oct 11 16:49:58 2015
1.00, 1.80, 1.00, 1.80 , -4.060132E-006, 4.062040E-006, -2.517486E-011, -1.010060E-013, 2.150400E+004 1.570926E+074 2.150400E+004, Sun Oct 11 16:50:02 2015
0.95, 1.80, 1.00, 1.80 , -4.069934E-006, 4.072040E-006, -2.429435E-011, -1.217370E-013, 2.150400E+004 1.570926E+074 2.150400E+004, Sun Oct 11 16:50:05 2015
0.90, 1.80, 1.00, 1.80 , -4.078496E-006, 4.080740E-006, -2.412664E-011, -9.990930E-014, 2.150400E+004 1.570926E+074 2.150400E+004, Sun Oct 11 16:50:09 2015
0.85, 1.80, 1.00, 1.80 , -4.088204E-006, 4.090700E-006, -2.492329E-011, -6.912950E-014, 2.150400E+004 1.570926E+074 2.150400E+004, Sun Oct 11 16:50:12 2015
0.80, 1.80, 1.00, 1.80 , -4.096219E-006, 4.097970E-006, -2.697778E-011, -1.177910E-013, 2.150400E+004 1.570926E+074 2.150400E+004, Sun Oct 11 16:50:16 2015
0.75, 1.80, 1.00, 1.80 , -4.104574E-006, 4.106000E-006, -2.538450E-011, -1.092200E-013, 2.150400E+004 1.570926E+074 2.150400E+004, Sun Oct 11 16:50:19 2015
0.70, 1.80, 1.00, 1.80 , -4.111456E-006, 4.113090E-006, -2.458786E-011, -9.965900E-014, 2.150400E+004 1.570926E+074 2.150400E+004, Sun Oct 11 16:50:23 2015
0.65, 1.80, 1.00, 1.80 , -4.120563E-006, 4.121740E-006, -2.265919E-011, -9.237530E-014, 2.150400E+004 1.570926E+074 2.150400E+004, Sun Oct 11 16:50:27 2015
0.60, 1.80, 1.00, 1.80 , -4.129055E-006, 4.130930E-006, -2.739707E-011, -9.665490E-014, 2.150400E+004 1.570926E+074 2.150400E+004, Sun Oct 11 16:50:30 2015
0.55, 1.80, 1.00, 1.80 , -4.142339E-006, 4.143630E-006, -2.433628E-011, -8.242130E-014, 2.150400E+004 1.570926E+074 2.150400E+004, Sun Oct 11 16:50:34 2015
0.50, 1.80, 1.00, 1.80 , -4.170183E-006, 4.174600E-006, -2.899035E-011, -1.063470E-013, 2.150400E+004 1.570926E+074 2.150400E+004, Sun Oct 11 16:50:37 2015
0.45, 1.80, 1.00, 1.80 , -4.250118E-006, 4.258300E-006, -2.303650E-011, -1.039860E-013, 2.150400E+004 1.570926E+074 2.150400E+004, Sun Oct 11 16:50:41 2015
0.40, 1.80, 1.00, 1.80 , -6.478498E-006, 6.493810E-006, -2.412664E-011, -9.613040E-014, 2.150400E+004 1.570926E+074 2.150400E+004, Sun Oct 11 16:51:07 2015
0.35, 1.80, 1.00, 1.80 , -7.340371E-006, 7.356630E-006, -2.630693E-011, -8.503200E-014, 2.150400E+004 1.570926E+074 2.150400E+004, Sun Oct 11 16:51:15 2015
0.30, 1.80, 1.00, 1.80 , -8.103998E-006, 8.112170E-006, -2.622307E-011, -9.589200E-014, 2.150400E+004 1.570926E+074 2.150400E+004, Sun Oct 11 16:51:21 2015
0.25, 1.80, 1.00, 1.80 , -8.607057E-006, 8.611390E-006, -2.618114E-011, -8.707050E-014, 2.150400E+004 1.570926E+074 2.150400E+004, Sun Oct 11 16:51:24 2015
0.20, 1.80, 1.00, 1.80 , -9.012573E-006, 9.009240E-006, -2.416857E-011, -9.210110E-014, 2.150400E+004 1.570926E+074 2.150400E+004, Sun Oct 11 16:51:28 2015
0.15, 1.80, 1.00, 1.80 , -9.399784E-006, 9.399500E-006, -2.727128E-011, -9.388920E-014, 2.150400E+004 1.570926E+074 2.150400E+004, Sun Oct 11 16:51:31 2015
0.10, 1.80, 1.00, 1.80 , -9.833577E-006, 9.845420E-006, -2.223994E-011, -9.622570E-014, 2.150400E+004 1.570926E+074 2.150400E+004, Sun Oct 11 16:51:35 2015
0.05, 1.80, 1.00, 1.80 , -1.040585E-005, 1.037180E-005, -2.563607E-011, -1.162290E-013, 2.150400E+004 1.570926E+074 2.150400E+004, Sun Oct 11 16:51:39 2015
0.00, 1.80, 1.00, 1.80 , -1.101705E-005, 1.099960E-005, -2.303650E-011, -8.590220E-014, 2.150400E+004 1.570926E+074 2.150400E+004, Sun Oct 11 16:51:42 2015
-0.05, 1.80, 1.00, 1.80 , -1.182103E-005, 1.181710E-005, -2.609728E-011, -1.036640E-013, 2.150400E+004 1.570926E+074 2.150400E+004, Sun Oct 11 16:51:46 2015
-0.10, 1.80, 1.00, 1.80 , -1.275312E-005, 1.275230E-005, -2.442014E-011, -8.348230E-014, 2.150400E+004 1.570926E+074 2.150400E+004, Sun Oct 11 16:51:49 2015
-0.15, 1.80, 1.00, 1.80 , -1.380551E-005, 1.379020E-005, -2.576185E-011, -1.009700E-013, 2.150400E+004 1.570926E+074 2.150400E+004, Sun Oct 11 16:51:53 2015
-0.20, 1.80, 1.00, 1.80 , -1.483815E-005, 1.482750E-005, -2.571993E-011, -1.183030E-013, 2.150400E+004 1.570926E+074 2.150400E+004, Sun Oct 11 16:51:56 2015
