0.00, 0.00, 2.00, 0.00 , 2.597861E-008, -2.348220E-008, 2.252020E-010, -9.056330E-014, 2.150400E+004 1.570926E+074 2.150400E+004, Sun Sep 06 15:57:22 2015
0.05, 0.00, 2.00, 0.00 , 1.418371E-005, -1.419170E-005, 2.135049E-010, -8.224250E-014, 2.150400E+004 1.570926E+074 2.150400E+004, Sun Sep 06 15:57:25 2015
0.10, 0.00, 2.00, 0.00 , 2.794853E-005, -2.795370E-005, 2.117440E-010, -8.821490E-014, 2.150400E+004 1.570926E+074 2.150400E+004, Sun Sep 06 15:57:29 2015
0.15, 0.00, 2.00, 0.00 , 4.124297E-005, -4.124060E-005, 2.117440E-010, -9.723900E-014, 2.150400E+004 1.570926E+074 2.150400E+004, Sun Sep 06 15:57:32 2015
0.20, 0.00, 2.00, 0.00 , 5.403130E-005, -5.403470E-005, 2.184101E-010, -1.156330E-013, 2.150400E+004 1.570926E+074 2.150400E+004, Sun Sep 06 15:57:36 2015
0.25, 0.00, 2.00, 0.00 , 6.634682E-005, -6.633160E-005, 2.179488E-010, -8.705850E-014, 2.150400E+004 1.570926E+074 2.150400E+004, Sun Sep 06 15:57:40 2015
0.30, 0.00, 2.00, 0.00 , 7.822639E-005, -7.823110E-005, 2.039877E-010, -1.022700E-013, 2.150400E+004 1.570926E+074 2.150400E+004, Sun Sep 06 15:57:43 2015
0.35, 0.00, 2.00, 0.00 , 8.955906E-005, -8.954710E-005, 2.119535E-010, -9.394880E-014, 2.150400E+004 1.570926E+074 2.150400E+004, Sun Sep 06 15:57:47 2015
0.40, 0.00, 2.00, 0.00 , 1.003270E-004, -1.002830E-004, 2.054971E-010, -9.920600E-014, 2.150400E+004 1.570926E+074 2.150400E+004, Sun Sep 06 15:57:50 2015
0.45, 0.00, 2.00, 0.00 , 1.105558E-004, -1.104680E-004, 1.952256E-010, -8.749960E-014, 2.150400E+004 1.570926E+074 2.150400E+004, Sun Sep 06 15:57:54 2015
0.50, 0.00, 2.00, 0.00 , 1.201378E-004, -1.201320E-004, 2.011788E-010, -9.030100E-014, 2.150400E+004 1.570926E+074 2.150400E+004, Sun Sep 06 15:57:58 2015
0.55, 0.00, 2.00, 0.00 , 1.291125E-004, -1.290880E-004, 1.790005E-010, -1.153230E-013, 2.150400E+004 1.570926E+074 2.150400E+004, Sun Sep 06 15:58:01 2015
0.60, 0.00, 2.00, 0.00 , 1.375289E-004, -1.375310E-004, 1.899848E-010, -1.171470E-013, 2.150400E+004 1.570926E+074 2.150400E+004, Sun Sep 06 15:58:05 2015
0.65, 0.00, 2.00, 0.00 , 1.453297E-004, -1.453560E-004, 2.060002E-010, -8.969310E-014, 2.150400E+004 1.570926E+074 2.150400E+004, Sun Sep 06 15:58:08 2015
0.70, 0.00, 2.00, 0.00 , 1.524296E-004, -1.525090E-004, 1.916200E-010, -8.107420E-014, 2.150400E+004 1.570926E+074 2.150400E+004, Sun Sep 06 15:58:12 2015
0.75, 0.00, 2.00, 0.00 , 1.589669E-004, -1.589720E-004, 1.886012E-010, -8.600950E-014, 2.150400E+004 1.570926E+074 2.150400E+004, Sun Sep 06 15:58:15 2015
0.80, 0.00, 2.00, 0.00 , 1.648216E-004, -1.648210E-004, 1.977410E-010, -8.888240E-014, 2.150400E+004 1.570926E+074 2.150400E+004, Sun Sep 06 15:58:19 2015
0.85, 0.00, 2.00, 0.00 , 1.701775E-004, -1.701470E-004, 1.797131E-010, -9.846690E-014, 2.150400E+004 1.570926E+074 2.150400E+004, Sun Sep 06 15:58:22 2015
0.90, 0.00, 2.00, 0.00 , 1.747721E-004, -1.746710E-004, 1.837798E-010, -7.312300E-014, 2.150400E+004 1.570926E+074 2.150400E+004, Sun Sep 06 15:58:26 2015
0.95, 0.00, 2.00, 0.00 , 1.787616E-004, -1.787000E-004, 1.743048E-010, -9.016990E-014, 2.150400E+004 1.570926E+074 2.150400E+004, Sun Sep 06 15:58:29 2015
1.00, 0.00, 2.00, 0.00 , 1.824008E-004, -1.823610E-004, 1.789167E-010, -9.472370E-014, 2.150400E+004 1.570926E+074 2.150400E+004, Sun Sep 06 15:58:33 2015
1.05, 0.00, 2.00, 0.00 , 1.853749E-004, -1.854490E-004, 1.702382E-010, -8.071660E-014, 2.150400E+004 1.570926E+074 2.150400E+004, Sun Sep 06 15:58:36 2015
1.10, 0.00, 2.00, 0.00 , 1.880748E-004, -1.880070E-004, 1.744726E-010, -8.434060E-014, 2.150400E+004 1.570926E+074 2.150400E+004, Sun Sep 06 15:58:40 2015
1.15, 0.00, 2.00, 0.00 , 1.904096E-004, -1.904310E-004, 1.629013E-010, -7.539990E-014, 2.150400E+004 1.570926E+074 2.150400E+004, Sun Sep 06 15:58:44 2015
1.20, 0.00, 2.00, 0.00 , 1.921359E-004, -1.920820E-004, 1.565286E-010, -1.013520E-013, 2.150400E+004 1.570926E+074 2.150400E+004, Sun Sep 06 15:58:47 2015
1.25, 0.00, 2.00, 0.00 , 1.936979E-004, -1.935920E-004, 1.545162E-010, -6.619690E-014, 2.150400E+004 1.570926E+074 2.150400E+004, Sun Sep 06 15:58:51 2015
1.30, 0.00, 2.00, 0.00 , 1.951619E-004, -1.950830E-004, 1.535519E-010, -9.818080E-014, 2.150400E+004 1.570926E+074 2.150400E+004, Sun Sep 06 15:58:54 2015
1.35, 0.00, 2.00, 0.00 , 1.961387E-004, -1.962270E-004, 1.517072E-010, -8.869170E-014, 2.150400E+004 1.570926E+074 2.150400E+004, Sun Sep 06 15:58:58 2015
1.40, 0.00, 2.00, 0.00 , 1.971466E-004, -1.970880E-004, 1.598826E-010, -7.572170E-014, 2.150400E+004 1.570926E+074 2.150400E+004, Sun Sep 06 15:59:01 2015
1.45, 0.00, 2.00, 0.00 , 1.981138E-004, -1.979050E-004, 1.498205E-010, -1.066330E-013, 2.150400E+004 1.570926E+074 2.150400E+004, Sun Sep 06 15:59:05 2015
1.50, 0.00, 2.00, 0.00 , 1.989374E-004, -1.989410E-004, 1.494013E-010, -9.189840E-014, 2.150400E+004 1.570926E+074 2.150400E+004, Sun Sep 06 15:59:08 2015
1.55, 0.00, 2.00, 0.00 , 1.994868E-004, -1.995150E-004, 1.404713E-010, -8.274320E-014, 2.150400E+004 1.570926E+074 2.150400E+004, Sun Sep 06 15:59:12 2015
1.60, 0.00, 2.00, 0.00 , 2.004151E-004, -2.003240E-004, 1.459637E-010, -1.057980E-013, 2.150400E+004 1.570926E+074 2.150400E+004, Sun Sep 06 15:59:15 2015
1.65, 0.00, 2.00, 0.00 , 2.009693E-004, -2.009350E-004, 1.499045E-010, -1.311780E-013, 2.150400E+004 1.570926E+074 2.150400E+004, Sun Sep 06 15:59:19 2015
1.70, 0.00, 2.00, 0.00 , 2.015241E-004, -2.015460E-004, 1.530488E-010, -8.870360E-014, 2.150400E+004 1.570926E+074 2.150400E+004, Sun Sep 06 15:59:23 2015
1.75, 0.00, 2.00, 0.00 , 2.019302E-004, -2.018740E-004, 1.413098E-010, -6.194110E-014, 2.150400E+004 1.570926E+074 2.150400E+004, Sun Sep 06 15:59:26 2015
1.80, 0.00, 2.00, 0.00 , 2.024931E-004, -2.024970E-004, 1.457959E-010, -9.388920E-014, 2.150400E+004 1.570926E+074 2.150400E+004, Sun Sep 06 15:59:30 2015
1.85, 0.00, 2.00, 0.00 , 2.030053E-004, -2.030800E-004, 1.449154E-010, -7.151370E-014, 2.150400E+004 1.570926E+074 2.150400E+004, Sun Sep 06 15:59:33 2015
1.90, 0.00, 2.00, 0.00 , 2.034919E-004, -2.033140E-004, 1.401359E-010, -6.191730E-014, 2.150400E+004 1.570926E+074 2.150400E+004, Sun Sep 06 15:59:37 2015
1.95, 0.00, 2.00, 0.00 , 2.039605E-004, -2.039280E-004, 1.474309E-010, -7.859470E-014, 2.150400E+004 1.570926E+074 2.150400E+004, Sun Sep 06 15:59:40 2015
2.00, 0.00, 2.00, 0.00 , 2.045212E-004, -2.045300E-004, 1.457958E-010, -9.088520E-014, 2.150400E+004 1.570926E+074 2.150400E+004, Sun Sep 06 15:59:44 2015
