0.00, 0.00, 2.00, 0.00 , 1.628903E-008, -1.717460E-008, 8.296772E-010, -9.301900E-014, 2.150400E+004 1.570926E+074 2.150400E+004, Sat Sep 05 00:44:06 2015
0.05, 0.00, 2.00, 0.00 , 8.801246E-006, -8.801610E-006, 7.893871E-010, -9.366270E-014, 2.150400E+004 1.570926E+074 2.150400E+004, Sat Sep 05 00:44:10 2015
0.10, 0.00, 2.00, 0.00 , 1.733695E-005, -1.734240E-005, 7.437308E-010, -1.016860E-013, 2.150400E+004 1.570926E+074 2.150400E+004, Sat Sep 05 00:44:13 2015
0.15, 0.00, 2.00, 0.00 , 2.559745E-005, -2.560220E-005, 7.282601E-010, -8.645060E-014, 2.150400E+004 1.570926E+074 2.150400E+004, Sat Sep 05 00:44:17 2015
0.20, 0.00, 2.00, 0.00 , 3.356966E-005, -3.357220E-005, 7.075491E-010, -1.127720E-013, 2.150400E+004 1.570926E+074 2.150400E+004, Sat Sep 05 00:44:20 2015
0.25, 0.00, 2.00, 0.00 , 4.125174E-005, -4.124700E-005, 6.696491E-010, -9.030100E-014, 2.150400E+004 1.570926E+074 2.150400E+004, Sat Sep 05 00:44:24 2015
0.30, 0.00, 2.00, 0.00 , 4.866001E-005, -4.865500E-005, 6.264243E-010, -9.166000E-014, 2.150400E+004 1.570926E+074 2.150400E+004, Sat Sep 05 00:44:27 2015
0.35, 0.00, 2.00, 0.00 , 5.576939E-005, -5.576310E-005, 5.969932E-010, -8.779760E-014, 2.150400E+004 1.570926E+074 2.150400E+004, Sat Sep 05 00:44:31 2015
0.40, 0.00, 2.00, 0.00 , 6.258646E-005, -6.257930E-005, 5.832415E-010, -1.032110E-013, 2.150400E+004 1.570926E+074 2.150400E+004, Sat Sep 05 00:44:34 2015
0.45, 0.00, 2.00, 0.00 , 6.906067E-005, -6.904700E-005, 5.674780E-010, -9.373430E-014, 2.150400E+004 1.570926E+074 2.150400E+004, Sat Sep 05 00:44:38 2015
0.50, 0.00, 2.00, 0.00 , 7.519201E-005, -7.518270E-005, 5.297032E-010, -8.064510E-014, 2.150400E+004 1.570926E+074 2.150400E+004, Sat Sep 05 00:44:42 2015
0.55, 0.00, 2.00, 0.00 , 8.101459E-005, -8.100310E-005, 5.099566E-010, -1.052740E-013, 2.150400E+004 1.570926E+074 2.150400E+004, Sat Sep 05 00:44:45 2015
0.60, 0.00, 2.00, 0.00 , 8.651552E-005, -8.650980E-005, 5.060995E-010, -7.859470E-014, 2.150400E+004 1.570926E+074 2.150400E+004, Sat Sep 05 00:44:49 2015
0.65, 0.00, 2.00, 0.00 , 9.166475E-005, -9.164960E-005, 4.912998E-010, -8.670090E-014, 2.150400E+004 1.570926E+074 2.150400E+004, Sat Sep 05 00:44:52 2015
0.70, 0.00, 2.00, 0.00 , 9.648768E-005, -9.647340E-005, 4.654740E-010, -8.257630E-014, 2.150400E+004 1.570926E+074 2.150400E+004, Sat Sep 05 00:44:56 2015
0.75, 0.00, 2.00, 0.00 , 1.009421E-004, -1.009200E-004, 4.600660E-010, -6.009340E-014, 2.150400E+004 1.570926E+074 2.150400E+004, Sat Sep 05 00:44:59 2015
0.80, 0.00, 2.00, 0.00 , 1.050252E-004, -1.050130E-004, 4.574243E-010, -9.554620E-014, 2.150400E+004 1.570926E+074 2.150400E+004, Sat Sep 05 00:45:03 2015
0.85, 0.00, 2.00, 0.00 , 1.088042E-004, -1.087920E-004, 4.228364E-010, -9.173150E-014, 2.150400E+004 1.570926E+074 2.150400E+004, Sat Sep 05 00:45:07 2015
0.90, 0.00, 2.00, 0.00 , 1.122160E-004, -1.122160E-004, 3.984780E-010, -1.060010E-013, 2.150400E+004 1.570926E+074 2.150400E+004, Sat Sep 05 00:45:10 2015
0.95, 0.00, 2.00, 0.00 , 1.153163E-004, -1.152860E-004, 3.829236E-010, -1.063590E-013, 2.150400E+004 1.570926E+074 2.150400E+004, Sat Sep 05 00:45:14 2015
1.00, 0.00, 2.00, 0.00 , 1.180674E-004, -1.180400E-004, 3.655246E-010, -9.429450E-014, 2.150400E+004 1.570926E+074 2.150400E+004, Sat Sep 05 00:45:17 2015
1.05, 0.00, 2.00, 0.00 , 1.204713E-004, -1.204750E-004, 3.708492E-010, -1.008870E-013, 2.150400E+004 1.570926E+074 2.150400E+004, Sat Sep 05 00:45:21 2015
1.10, 0.00, 2.00, 0.00 , 1.225970E-004, -1.225780E-004, 3.367641E-010, -8.336310E-014, 2.150400E+004 1.570926E+074 2.150400E+004, Sat Sep 05 00:45:24 2015
1.15, 0.00, 2.00, 0.00 , 1.243726E-004, -1.243900E-004, 3.307269E-010, -1.111150E-013, 2.150400E+004 1.570926E+074 2.150400E+004, Sat Sep 05 00:45:28 2015
1.20, 0.00, 2.00, 0.00 , 1.258962E-004, -1.258900E-004, 3.199103E-010, -8.888240E-014, 2.150400E+004 1.570926E+074 2.150400E+004, Sat Sep 05 00:45:31 2015
1.25, 0.00, 2.00, 0.00 , 1.271781E-004, -1.271700E-004, 3.195329E-010, -8.906130E-014, 2.150400E+004 1.570926E+074 2.150400E+004, Sat Sep 05 00:45:35 2015
1.30, 0.00, 2.00, 0.00 , 1.282095E-004, -1.282030E-004, 2.903529E-010, -8.689170E-014, 2.150400E+004 1.570926E+074 2.150400E+004, Sat Sep 05 00:45:38 2015
1.35, 0.00, 2.00, 0.00 , 1.290355E-004, -1.290090E-004, 2.799136E-010, -9.733440E-014, 2.150400E+004 1.570926E+074 2.150400E+004, Sat Sep 05 00:45:42 2015
1.40, 0.00, 2.00, 0.00 , 1.296736E-004, -1.296270E-004, 2.730381E-010, -1.073000E-013, 2.150400E+004 1.570926E+074 2.150400E+004, Sat Sep 05 00:45:46 2015
1.45, 0.00, 2.00, 0.00 , 1.301602E-004, -1.301400E-004, 2.715287E-010, -8.893010E-014, 2.150400E+004 1.570926E+074 2.150400E+004, Sat Sep 05 00:45:49 2015
1.50, 0.00, 2.00, 0.00 , 1.305766E-004, -1.305680E-004, 2.518658E-010, -8.971690E-014, 2.150400E+004 1.570926E+074 2.150400E+004, Sat Sep 05 00:45:53 2015
1.55, 0.00, 2.00, 0.00 , 1.308939E-004, -1.308980E-004, 2.378627E-010, -1.093150E-013, 2.150400E+004 1.570926E+074 2.150400E+004, Sat Sep 05 00:45:56 2015
1.60, 0.00, 2.00, 0.00 , 1.311383E-004, -1.311440E-004, 2.223506E-010, -8.258820E-014, 2.150400E+004 1.570926E+074 2.150400E+004, Sat Sep 05 00:46:00 2015
1.65, 0.00, 2.00, 0.00 , 1.313702E-004, -1.313870E-004, 2.228958E-010, -9.132620E-014, 2.150400E+004 1.570926E+074 2.150400E+004, Sat Sep 05 00:46:03 2015
1.70, 0.00, 2.00, 0.00 , 1.315817E-004, -1.315760E-004, 2.007173E-010, -9.859800E-014, 2.150400E+004 1.570926E+074 2.150400E+004, Sat Sep 05 00:46:07 2015
1.75, 0.00, 2.00, 0.00 , 1.317339E-004, -1.317410E-004, 1.928356E-010, -9.922980E-014, 2.150400E+004 1.570926E+074 2.150400E+004, Sat Sep 05 00:46:10 2015
1.80, 0.00, 2.00, 0.00 , 1.318969E-004, -1.318910E-004, 1.787486E-010, -9.099250E-014, 2.150400E+004 1.570926E+074 2.150400E+004, Sat Sep 05 00:46:14 2015
1.85, 0.00, 2.00, 0.00 , 1.320443E-004, -1.320180E-004, 1.687285E-010, -1.065730E-013, 2.150400E+004 1.570926E+074 2.150400E+004, Sat Sep 05 00:46:17 2015
1.90, 0.00, 2.00, 0.00 , 1.321647E-004, -1.321580E-004, 1.625237E-010, -9.897950E-014, 2.150400E+004 1.570926E+074 2.150400E+004, Sat Sep 05 00:46:21 2015
1.95, 0.00, 2.00, 0.00 , 1.323056E-004, -1.322910E-004, 1.602597E-010, -1.008270E-013, 2.150400E+004 1.570926E+074 2.150400E+004, Sat Sep 05 00:46:25 2015
2.00, 0.00, 2.00, 0.00 , 1.324146E-004, -1.323920E-004, 1.492753E-010, -7.984640E-014, 2.150400E+004 1.570926E+074 2.150400E+004, Sat Sep 05 00:46:28 2015
