0.00, 0.00, 2.00, 0.00 , 1.678831E-007, -1.651840E-007, 7.812821E-011, -9.529590E-014, 2.150400E+004 1.570926E+074 2.150400E+004, Mon Aug 31 01:13:04 2015
0.05, 0.00, 2.00, 0.00 , 8.022755E-005, -8.024140E-005, 7.917641E-011, -9.657140E-014, 2.150400E+004 1.570926E+074 2.150400E+004, Mon Aug 31 01:13:08 2015
0.10, 0.00, 2.00, 0.00 , 1.594391E-004, -1.594260E-004, 7.494201E-011, -7.834430E-014, 2.150400E+004 1.570926E+074 2.150400E+004, Mon Aug 31 01:13:11 2015
0.15, 0.00, 2.00, 0.00 , 2.374954E-004, -2.374810E-004, 6.965954E-011, -1.055240E-013, 2.150400E+004 1.570926E+074 2.150400E+004, Mon Aug 31 01:13:15 2015
0.20, 0.00, 2.00, 0.00 , 3.143488E-004, -3.143130E-004, 6.894670E-011, -8.642670E-014, 2.150400E+004 1.570926E+074 2.150400E+004, Mon Aug 31 01:13:19 2015
0.25, 0.00, 2.00, 0.00 , 3.899825E-004, -3.899480E-004, 6.529923E-011, -1.090170E-013, 2.150400E+004 1.570926E+074 2.150400E+004, Mon Aug 31 01:13:22 2015
0.30, 0.00, 2.00, 0.00 , 4.645735E-004, -4.645180E-004, 6.710206E-011, -1.015900E-013, 2.150400E+004 1.570926E+074 2.150400E+004, Mon Aug 31 01:13:26 2015
0.35, 0.00, 2.00, 0.00 , 5.378557E-004, -5.378140E-004, 6.098107E-011, -1.057620E-013, 2.150400E+004 1.570926E+074 2.150400E+004, Mon Aug 31 01:13:29 2015
0.40, 0.00, 2.00, 0.00 , 6.097732E-004, -6.097130E-004, 6.370617E-011, -9.875300E-014, 2.150400E+004 1.570926E+074 2.150400E+004, Mon Aug 31 01:13:33 2015
0.45, 0.00, 2.00, 0.00 , 6.799551E-004, -6.799090E-004, 5.922021E-011, -9.365080E-014, 2.150400E+004 1.570926E+074 2.150400E+004, Mon Aug 31 01:13:36 2015
0.50, 0.00, 2.00, 0.00 , 7.484487E-004, -7.483670E-004, 5.875904E-011, -7.120370E-014, 2.150400E+004 1.570926E+074 2.150400E+004, Mon Aug 31 01:13:40 2015
0.55, 0.00, 2.00, 0.00 , 8.152144E-004, -8.151270E-004, 5.641119E-011, -9.036060E-014, 2.150400E+004 1.570926E+074 2.150400E+004, Mon Aug 31 01:13:43 2015
0.60, 0.00, 2.00, 0.00 , 8.801792E-004, -8.800590E-004, 5.414733E-011, -9.582040E-014, 2.150400E+004 1.570926E+074 2.150400E+004, Mon Aug 31 01:13:47 2015
0.65, 0.00, 2.00, 0.00 , 9.431430E-004, -9.430060E-004, 5.255411E-011, -8.072850E-014, 2.150400E+004 1.570926E+074 2.150400E+004, Mon Aug 31 01:13:50 2015
0.70, 0.00, 2.00, 0.00 , 1.003879E-003, -1.004690E-003, 5.284758E-011, -7.277730E-014, 2.150400E+004 1.570926E+074 2.150400E+004, Mon Aug 31 01:13:54 2015
0.75, 0.00, 2.00, 0.00 , 1.062169E-003, -1.063030E-003, 5.280565E-011, -8.643870E-014, 2.150400E+004 1.570926E+074 2.150400E+004, Mon Aug 31 01:13:58 2015
0.80, 0.00, 2.00, 0.00 , 1.117853E-003, -1.118630E-003, 5.569848E-011, -8.040670E-014, 2.150400E+004 1.570926E+074 2.150400E+004, Mon Aug 31 01:14:01 2015
0.85, 0.00, 2.00, 0.00 , 1.170997E-003, -1.171870E-003, 5.389569E-011, -9.293560E-014, 2.150400E+004 1.570926E+074 2.150400E+004, Mon Aug 31 01:14:05 2015
0.90, 0.00, 2.00, 0.00 , 1.221375E-003, -1.222240E-003, 5.012246E-011, -9.729860E-014, 2.150400E+004 1.570926E+074 2.150400E+004, Mon Aug 31 01:14:08 2015
0.95, 0.00, 2.00, 0.00 , 1.268839E-003, -1.269680E-003, 4.911627E-011, -8.811950E-014, 2.150400E+004 1.570926E+074 2.150400E+004, Mon Aug 31 01:14:12 2015
1.00, 0.00, 2.00, 0.00 , 1.313102E-003, -1.313890E-003, 5.121256E-011, -8.034710E-014, 2.150400E+004 1.570926E+074 2.150400E+004, Mon Aug 31 01:14:15 2015
1.05, 0.00, 2.00, 0.00 , 1.354059E-003, -1.354890E-003, 5.205100E-011, -9.373430E-014, 2.150400E+004 1.570926E+074 2.150400E+004, Mon Aug 31 01:14:19 2015
1.10, 0.00, 2.00, 0.00 , 1.391561E-003, -1.392470E-003, 4.668464E-011, -8.221860E-014, 2.150400E+004 1.570926E+074 2.150400E+004, Mon Aug 31 01:14:22 2015
1.15, 0.00, 2.00, 0.00 , 1.425848E-003, -1.426690E-003, 4.676846E-011, -6.541010E-014, 2.150400E+004 1.570926E+074 2.150400E+004, Mon Aug 31 01:14:26 2015
1.20, 0.00, 2.00, 0.00 , 1.456543E-003, -1.457400E-003, 4.861319E-011, -7.107260E-014, 2.150400E+004 1.570926E+074 2.150400E+004, Mon Aug 31 01:14:30 2015
1.25, 0.00, 2.00, 0.00 , 1.483738E-003, -1.484540E-003, 4.794233E-011, -9.217260E-014, 2.150400E+004 1.570926E+074 2.150400E+004, Mon Aug 31 01:14:33 2015
1.30, 0.00, 2.00, 0.00 , 1.507396E-003, -1.508230E-003, 4.324680E-011, -7.716420E-014, 2.150400E+004 1.570926E+074 2.150400E+004, Mon Aug 31 01:14:37 2015
1.35, 0.00, 2.00, 0.00 , 1.527683E-003, -1.528590E-003, 4.391764E-011, -9.988550E-014, 2.150400E+004 1.570926E+074 2.150400E+004, Mon Aug 31 01:14:40 2015
1.40, 0.00, 2.00, 0.00 , 1.544777E-003, -1.545600E-003, 4.299520E-011, -9.355550E-014, 2.150400E+004 1.570926E+074 2.150400E+004, Mon Aug 31 01:14:44 2015
1.45, 0.00, 2.00, 0.00 , 1.558891E-003, -1.559770E-003, 4.186326E-011, -8.925200E-014, 2.150400E+004 1.570926E+074 2.150400E+004, Mon Aug 31 01:14:47 2015
1.50, 0.00, 2.00, 0.00 , 1.570499E-003, -1.571340E-003, 4.165356E-011, -8.234980E-014, 2.150400E+004 1.570926E+074 2.150400E+004, Mon Aug 31 01:14:51 2015
1.55, 0.00, 2.00, 0.00 , 1.579824E-003, -1.580640E-003, 4.228247E-011, -8.022790E-014, 2.150400E+004 1.570926E+074 2.150400E+004, Mon Aug 31 01:14:54 2015
1.60, 0.00, 2.00, 0.00 , 1.587238E-003, -1.588100E-003, 3.859311E-011, -8.904930E-014, 2.150400E+004 1.570926E+074 2.150400E+004, Mon Aug 31 01:14:58 2015
1.65, 0.00, 2.00, 0.00 , 1.593244E-003, -1.594050E-003, 4.035398E-011, -9.013410E-014, 2.150400E+004 1.570926E+074 2.150400E+004, Mon Aug 31 01:15:01 2015
1.70, 0.00, 2.00, 0.00 , 1.598152E-003, -1.598860E-003, 3.725147E-011, -9.197000E-014, 2.150400E+004 1.570926E+074 2.150400E+004, Mon Aug 31 01:15:05 2015
1.75, 0.00, 2.00, 0.00 , 1.602236E-003, -1.603080E-003, 3.792228E-011, -1.020910E-013, 2.150400E+004 1.570926E+074 2.150400E+004, Mon Aug 31 01:15:09 2015
1.80, 0.00, 2.00, 0.00 , 1.605462E-003, -1.606350E-003, 3.410715E-011, -9.197000E-014, 2.150400E+004 1.570926E+074 2.150400E+004, Mon Aug 31 01:15:12 2015
1.85, 0.00, 2.00, 0.00 , 1.608275E-003, -1.609100E-003, 3.536491E-011, -9.293560E-014, 2.150400E+004 1.570926E+074 2.150400E+004, Mon Aug 31 01:15:16 2015
1.90, 0.00, 2.00, 0.00 , 1.610792E-003, -1.611630E-003, 3.272362E-011, -1.019120E-013, 2.150400E+004 1.570926E+074 2.150400E+004, Mon Aug 31 01:15:19 2015
1.95, 0.00, 2.00, 0.00 , 1.613004E-003, -1.613710E-003, 3.238819E-011, -8.518700E-014, 2.150400E+004 1.570926E+074 2.150400E+004, Mon Aug 31 01:15:23 2015
2.00, 0.00, 2.00, 0.00 , 1.614953E-003, -1.615910E-003, 2.735720E-011, -1.079440E-013, 2.150400E+004 1.570926E+074 2.150400E+004, Mon Aug 31 01:15:26 2015
