0.00, 1.80, 1.80, 1.80 , -6.567053E-011, 6.974020E-011, 6.349630E-011, 5.201590E-011, 2.150400E+004 1.570926E+074 2.150400E+004, Sun Aug 23 09:26:32 2015
0.00, 1.80, 1.78, 1.80 , -6.419356E-011, 1.061370E-010, 5.963920E-011, 5.239660E-011, 2.150400E+004 1.570926E+074 2.150400E+004, Sun Aug 23 09:26:39 2015
0.00, 1.80, 1.76, 1.80 , -6.014240E-011, 1.027620E-010, 5.154768E-011, 5.227800E-011, 2.150400E+004 1.570926E+074 2.150400E+004, Sun Aug 23 09:27:02 2015
0.00, 1.80, 1.74, 1.80 , -5.647107E-011, 1.027370E-010, 4.878068E-011, 5.195790E-011, 2.150400E+004 1.570926E+074 2.150400E+004, Sun Aug 23 09:27:08 2015
0.00, 1.80, 1.72, 1.80 , -5.980480E-011, 1.023360E-010, 4.446240E-011, 5.240080E-011, 2.150400E+004 1.570926E+074 2.150400E+004, Sun Aug 23 09:27:30 2015
0.00, 1.80, 1.70, 1.80 , -5.499413E-011, 1.018340E-010, 3.976686E-011, 5.183690E-011, 2.150400E+004 1.570926E+074 2.150400E+004, Sun Aug 23 09:27:47 2015
0.00, 1.80, 1.68, 1.80 , -5.279978E-011, 1.017160E-010, 3.536476E-011, 5.175930E-011, 2.150400E+004 1.570926E+074 2.150400E+004, Sun Aug 23 09:28:11 2015
0.00, 1.80, 1.66, 1.80 , -5.174474E-011, 1.012930E-010, 3.326852E-011, 5.171460E-011, 2.150400E+004 1.570926E+074 2.150400E+004, Sun Aug 23 09:28:19 2015
0.00, 1.80, 1.64, 1.80 , -5.204016E-011, 1.016450E-010, 3.402314E-011, 5.166970E-011, 2.150400E+004 1.570926E+074 2.150400E+004, Sun Aug 23 09:28:23 2015
0.00, 1.80, 1.62, 1.80 , -5.166037E-011, 1.012040E-010, 2.651858E-011, 5.177250E-011, 2.150400E+004 1.570926E+074 2.150400E+004, Sun Aug 23 09:28:37 2015
0.00, 1.80, 1.60, 1.80 , -5.140712E-011, 9.933950E-011, 1.968486E-011, 5.149000E-011, 2.150400E+004 1.570926E+074 2.150400E+004, Sun Aug 23 09:29:56 2015
0.00, 1.80, 1.58, 1.80 , -4.706061E-011, 9.746360E-011, 1.700165E-011, 5.152440E-011, 2.150400E+004 1.570926E+074 2.150400E+004, Sun Aug 23 09:30:42 2015
0.00, 1.80, 1.56, 1.80 , -4.722939E-011, 9.616840E-011, 1.742092E-011, 5.158630E-011, 2.150400E+004 1.570926E+074 2.150400E+004, Sun Aug 23 09:31:00 2015
0.00, 1.80, 1.54, 1.80 , -4.642767E-011, 9.592420E-011, 1.498927E-011, 5.086730E-011, 2.150400E+004 1.570926E+074 2.150400E+004, Sun Aug 23 09:31:06 2015
0.00, 1.80, 1.52, 1.80 , -4.891743E-011, 9.565690E-011, 1.343802E-011, 5.134270E-011, 2.150400E+004 1.570926E+074 2.150400E+004, Sun Aug 23 09:31:11 2015
0.00, 1.80, 1.50, 1.80 , -4.461306E-011, 9.596010E-011, 1.146759E-011, 5.128870E-011, 2.150400E+004 1.570926E+074 2.150400E+004, Sun Aug 23 09:31:22 2015
0.00, 1.80, 1.48, 1.80 , -4.744043E-011, 9.587720E-011, 1.180299E-011, 5.090160E-011, 2.150400E+004 1.570926E+074 2.150400E+004, Sun Aug 23 09:31:30 2015
0.00, 1.80, 1.46, 1.80 , -4.575241E-011, 9.578320E-011, 1.222224E-011, 5.145770E-011, 2.150400E+004 1.570926E+074 2.150400E+004, Sun Aug 23 09:31:44 2015
0.00, 1.80, 1.44, 1.80 , -4.874861E-011, 9.552440E-011, 9.706742E-012, 5.131510E-011, 2.150400E+004 1.570926E+074 2.150400E+004, Sun Aug 23 09:31:50 2015
0.00, 1.80, 1.42, 1.80 , -4.355810E-011, 9.628240E-011, 8.574808E-012, 5.123300E-011, 2.150400E+004 1.570926E+074 2.150400E+004, Sun Aug 23 09:32:02 2015
0.00, 1.80, 1.40, 1.80 , -4.604785E-011, 9.606260E-011, 1.008411E-011, 5.130960E-011, 2.150400E+004 1.570926E+074 2.150400E+004, Sun Aug 23 09:32:49 2015
0.00, 1.80, 1.38, 1.80 , -4.571026E-011, 9.714930E-011, 1.000023E-011, 5.131670E-011, 2.150400E+004 1.570926E+074 2.150400E+004, Sun Aug 23 09:33:58 2015
0.00, 1.80, 1.36, 1.80 , -4.528832E-011, 9.812930E-011, 8.952106E-012, 5.166490E-011, 2.150400E+004 1.570926E+074 2.150400E+004, Sun Aug 23 09:34:22 2015
0.00, 1.80, 1.34, 1.80 , -4.503502E-011, 9.804420E-011, 8.658626E-012, 5.145730E-011, 2.150400E+004 1.570926E+074 2.150400E+004, Sun Aug 23 09:34:43 2015
0.00, 1.80, 1.32, 1.80 , -4.891739E-011, 9.816130E-011, 7.652448E-012, 5.195880E-011, 2.150400E+004 1.570926E+074 2.150400E+004, Sun Aug 23 09:34:48 2015
0.00, 1.80, 1.30, 1.80 , -4.554140E-011, 9.834930E-011, 7.023555E-012, 5.210880E-011, 2.150400E+004 1.570926E+074 2.150400E+004, Sun Aug 23 09:35:23 2015
0.00, 1.80, 1.28, 1.80 , -4.237652E-011, 9.909820E-011, 6.981627E-012, 5.170050E-011, 2.150400E+004 1.570926E+074 2.150400E+004, Sun Aug 23 09:35:29 2015
0.00, 1.80, 1.26, 1.80 , -4.313611E-011, 1.007430E-010, 3.795344E-012, 5.187400E-011, 2.150400E+004 1.570926E+074 2.150400E+004, Sun Aug 23 09:35:51 2015
0.00, 1.80, 1.24, 1.80 , -4.672305E-011, 1.007090E-010, 4.424225E-012, 5.201460E-011, 2.150400E+004 1.570926E+074 2.150400E+004, Sun Aug 23 09:36:14 2015
0.00, 1.80, 1.22, 1.80 , -4.638545E-011, 1.004820E-010, 3.334182E-012, 5.212940E-011, 2.150400E+004 1.570926E+074 2.150400E+004, Sun Aug 23 09:36:36 2015
0.00, 1.80, 1.20, 1.80 , -4.414891E-011, 1.005810E-010, 2.369906E-012, 5.200250E-011, 2.150400E+004 1.570926E+074 2.150400E+004, Sun Aug 23 09:37:00 2015
0.00, 1.80, 1.18, 1.80 , -4.292511E-011, 1.008650E-010, 3.711510E-012, 5.204240E-011, 2.150400E+004 1.570926E+074 2.150400E+004, Sun Aug 23 09:37:15 2015
0.00, 1.80, 1.16, 1.80 , -4.161694E-011, 1.006760E-010, -5.648346E-013, 5.203410E-011, 2.150400E+004 1.570926E+074 2.150400E+004, Sun Aug 23 09:37:20 2015
0.00, 1.80, 1.14, 1.80 , -4.503506E-011, 1.006810E-010, 1.059725E-013, 5.241020E-011, 2.150400E+004 1.570926E+074 2.150400E+004, Sun Aug 23 09:37:26 2015
0.00, 1.80, 1.12, 1.80 , -4.317831E-011, 1.006400E-010, -6.905969E-013, 5.203500E-011, 2.150400E+004 1.570926E+074 2.150400E+004, Sun Aug 23 09:37:32 2015
0.00, 1.80, 1.10, 1.80 , -4.473966E-011, 9.936860E-011, -1.822570E-012, 5.220840E-011, 2.150400E+004 1.570926E+074 2.150400E+004, Sun Aug 23 09:37:42 2015
0.00, 1.80, 1.08, 1.80 , -4.410670E-011, 9.894000E-011, -5.008848E-012, 5.214110E-011, 2.150400E+004 1.570926E+074 2.150400E+004, Sun Aug 23 09:37:49 2015
0.00, 1.80, 1.06, 1.80 , -4.541488E-011, 9.783970E-011, -2.367587E-012, 5.218910E-011, 2.150400E+004 1.570926E+074 2.150400E+004, Sun Aug 23 09:38:14 2015
0.00, 1.80, 1.04, 1.80 , -4.684961E-011, 9.658850E-011, -3.667256E-012, 5.208550E-011, 2.150400E+004 1.570926E+074 2.150400E+004, Sun Aug 23 09:38:44 2015
0.00, 1.80, 1.02, 1.80 , -4.275632E-011, 9.662780E-011, -3.206083E-012, 5.227690E-011, 2.150400E+004 1.570926E+074 2.150400E+004, Sun Aug 23 09:38:49 2015
0.00, 1.80, 1.00, 1.80 , -4.520388E-011, 9.657480E-011, -5.973125E-012, 5.242790E-011, 2.150400E+004 1.570926E+074 2.150400E+004, Sun Aug 23 09:38:55 2015
0.00, 1.80, 0.98, 1.80 , -4.165915E-011, 9.637390E-011, -8.069359E-012, 5.225280E-011, 2.150400E+004 1.570926E+074 2.150400E+004, Sun Aug 23 09:39:06 2015
0.00, 1.80, 0.96, 1.80 , -4.347371E-011, 9.482030E-011, -7.147009E-012, 5.210110E-011, 2.150400E+004 1.570926E+074 2.150400E+004, Sun Aug 23 09:39:16 2015
0.00, 1.80, 0.94, 1.80 , -4.461310E-011, 9.347400E-011, -8.069349E-012, 5.134300E-011, 2.150400E+004 1.570926E+074 2.150400E+004, Sun Aug 23 09:39:58 2015
0.00, 1.80, 0.92, 1.80 , -4.216556E-011, 9.363040E-011, -9.285185E-012, 5.130160E-011, 2.150400E+004 1.570926E+074 2.150400E+004, Sun Aug 23 09:40:12 2015
0.00, 1.80, 0.90, 1.80 , -4.094179E-011, 9.255540E-011, -9.159400E-012, 5.126000E-011, 2.150400E+004 1.570926E+074 2.150400E+004, Sun Aug 23 09:40:36 2015
0.00, 1.80, 0.88, 1.80 , -4.195457E-011, 9.113250E-011, -8.698232E-012, 5.151530E-011, 2.150400E+004 1.570926E+074 2.150400E+004, Sun Aug 23 09:40:57 2015
0.00, 1.80, 0.86, 1.80 , -4.022439E-011, 9.117550E-011, -9.327091E-012, 5.096900E-011, 2.150400E+004 1.570926E+074 2.150400E+004, Sun Aug 23 09:41:03 2015
0.00, 1.80, 0.84, 1.80 , -4.254536E-011, 9.104230E-011, -1.071061E-011, 5.134910E-011, 2.150400E+004 1.570926E+074 2.150400E+004, Sun Aug 23 09:41:08 2015
0.00, 1.80, 0.82, 1.80 , -4.423329E-011, 9.229700E-011, -1.138142E-011, 5.119670E-011, 2.150400E+004 1.570926E+074 2.150400E+004, Sun Aug 23 09:41:21 2015
0.00, 1.80, 0.80, 1.80 , -4.499288E-011, 9.925840E-011, -1.096216E-011, 5.153790E-011, 2.150400E+004 1.570926E+074 2.150400E+004, Sun Aug 23 09:42:08 2015
0.00, 1.80, 0.78, 1.80 , -5.545831E-011, 1.090970E-010, -1.163297E-011, 5.125130E-011, 2.150400E+004 1.570926E+074 2.150400E+004, Sun Aug 23 09:42:21 2015
0.00, 1.80, 0.76, 1.80 , -1.135245E-010, 1.629340E-010, -1.180066E-011, 5.141210E-011, 2.150400E+004 1.570926E+074 2.150400E+004, Sun Aug 23 09:42:26 2015
0.00, 1.80, 0.74, 1.80 , -3.038009E-010, 3.578730E-010, -1.569967E-011, 5.103500E-011, 2.150400E+004 1.570926E+074 2.150400E+004, Sun Aug 23 09:42:31 2015
0.00, 1.80, 0.72, 1.80 , -6.768845E-010, 7.304220E-010, -1.393883E-011, 5.133230E-011, 2.150400E+004 1.570926E+074 2.150400E+004, Sun Aug 23 09:42:37 2015
0.00, 1.80, 0.70, 1.80 , -1.909947E-009, 1.969660E-009, -1.582544E-011, 5.116630E-011, 2.150400E+004 1.570926E+074 2.150400E+004, Sun Aug 23 09:42:42 2015
0.00, 1.80, 0.68, 1.80 , -4.266396E-009, 4.337100E-009, -1.741858E-011, 5.087320E-011, 2.150400E+004 1.570926E+074 2.150400E+004, Sun Aug 23 09:42:45 2015
0.00, 1.80, 0.66, 1.80 , -8.412353E-009, 8.484370E-009, -1.913750E-011, 5.082660E-011, 2.150400E+004 1.570926E+074 2.150400E+004, Sun Aug 23 09:42:49 2015
0.00, 1.80, 0.64, 1.80 , -1.477600E-008, 1.482230E-008, -2.010177E-011, 5.080270E-011, 2.150400E+004 1.570926E+074 2.150400E+004, Sun Aug 23 09:42:53 2015
0.00, 1.80, 0.62, 1.80 , -2.722448E-008, 2.732370E-008, -2.089834E-011, 5.079100E-011, 2.150400E+004 1.570926E+074 2.150400E+004, Sun Aug 23 09:42:56 2015
0.00, 1.80, 0.60, 1.80 , -4.046282E-008, 4.053260E-008, -2.173683E-011, 5.075140E-011, 2.150400E+004 1.570926E+074 2.150400E+004, Sun Aug 23 09:43:00 2015
0.00, 1.80, 0.58, 1.80 , -5.702231E-008, 5.707660E-008, -2.349772E-011, 5.122510E-011, 2.150400E+004 1.570926E+074 2.150400E+004, Sun Aug 23 09:43:03 2015
0.00, 1.80, 0.56, 1.80 , -7.682200E-008, 7.688460E-008, -2.672625E-011, 5.106860E-011, 2.150400E+004 1.570926E+074 2.150400E+004, Sun Aug 23 09:43:07 2015
0.00, 1.80, 0.54, 1.80 , -1.030418E-007, 1.030610E-007, -2.953549E-011, 5.093400E-011, 2.150400E+004 1.570926E+074 2.150400E+004, Sun Aug 23 09:43:10 2015
0.00, 1.80, 0.52, 1.80 , -1.323817E-007, 1.324340E-007, -2.823569E-011, 5.093780E-011, 2.150400E+004 1.570926E+074 2.150400E+004, Sun Aug 23 09:43:14 2015
0.00, 1.80, 0.50, 1.80 , -1.651311E-007, 1.651760E-007, -3.138037E-011, 5.102110E-011, 2.150400E+004 1.570926E+074 2.150400E+004, Sun Aug 23 09:43:17 2015
0.00, 1.80, 0.48, 1.80 , -2.021582E-007, 2.022280E-007, -3.159001E-011, 5.088420E-011, 2.150400E+004 1.570926E+074 2.150400E+004, Sun Aug 23 09:43:21 2015
0.00, 1.80, 0.46, 1.80 , -2.432533E-007, 2.433380E-007, -2.873884E-011, 5.123310E-011, 2.150400E+004 1.570926E+074 2.150400E+004, Sun Aug 23 09:43:25 2015
0.00, 1.80, 0.44, 1.80 , -2.877874E-007, 2.878850E-007, -3.179966E-011, 5.105820E-011, 2.150400E+004 1.570926E+074 2.150400E+004, Sun Aug 23 09:43:28 2015
0.00, 1.80, 0.42, 1.80 , -3.367973E-007, 3.369370E-007, -3.381224E-011, 5.097680E-011, 2.150400E+004 1.570926E+074 2.150400E+004, Sun Aug 23 09:43:32 2015
0.00, 1.80, 0.40, 1.80 , -3.897849E-007, 3.898420E-007, -3.532169E-011, 5.094150E-011, 2.150400E+004 1.570926E+074 2.150400E+004, Sun Aug 23 09:43:35 2015
0.00, 1.80, 0.38, 1.80 , -4.470408E-007, 4.471120E-007, -3.834057E-011, 5.117510E-011, 2.150400E+004 1.570926E+074 2.150400E+004, Sun Aug 23 09:43:39 2015
0.00, 1.80, 0.36, 1.80 , -5.087726E-007, 5.087350E-007, -4.211419E-011, 5.146870E-011, 2.150400E+004 1.570926E+074 2.150400E+004, Sun Aug 23 09:43:42 2015
0.00, 1.80, 0.34, 1.80 , -5.739303E-007, 5.742930E-007, -4.161104E-011, 5.137800E-011, 2.150400E+004 1.570926E+074 2.150400E+004, Sun Aug 23 09:43:46 2015
0.00, 1.80, 0.32, 1.80 , -6.427259E-007, 6.428180E-007, -4.362362E-011, 5.131910E-011, 2.150400E+004 1.570926E+074 2.150400E+004, Sun Aug 23 09:43:49 2015
0.00, 1.80, 0.30, 1.80 , -7.155936E-007, 7.156980E-007, -4.211420E-011, 5.110350E-011, 2.150400E+004 1.570926E+074 2.150400E+004, Sun Aug 23 09:43:53 2015
0.00, 1.80, 0.28, 1.80 , -7.937226E-007, 7.937270E-007, -4.425257E-011, 5.154050E-011, 2.150400E+004 1.570926E+074 2.150400E+004, Sun Aug 23 09:43:57 2015
0.00, 1.80, 0.26, 1.80 , -8.753660E-007, 8.754010E-007, -4.718760E-011, 5.153360E-011, 2.150400E+004 1.570926E+074 2.150400E+004, Sun Aug 23 09:44:00 2015
0.00, 1.80, 0.24, 1.80 , -9.604572E-007, 9.607410E-007, -4.920018E-011, 5.158300E-011, 2.150400E+004 1.570926E+074 2.150400E+004, Sun Aug 23 09:44:04 2015
0.00, 1.80, 0.22, 1.80 , -1.049084E-006, 1.049290E-006, -5.175788E-011, 5.158860E-011, 2.150400E+004 1.570926E+074 2.150400E+004, Sun Aug 23 09:44:07 2015
0.00, 1.80, 0.20, 1.80 , -1.141092E-006, 1.141320E-006, -5.469289E-011, 5.163030E-011, 2.150400E+004 1.570926E+074 2.150400E+004, Sun Aug 23 09:44:11 2015
0.00, 1.80, 0.18, 1.80 , -1.238316E-006, 1.238420E-006, -5.410590E-011, 5.157760E-011, 2.150400E+004 1.570926E+074 2.150400E+004, Sun Aug 23 09:44:14 2015
0.00, 1.80, 0.16, 1.80 , -1.338651E-006, 1.338650E-006, -5.410588E-011, 5.123370E-011, 2.150400E+004 1.570926E+074 2.150400E+004, Sun Aug 23 09:44:18 2015
0.00, 1.80, 0.14, 1.80 , -1.442544E-006, 1.442710E-006, -5.611848E-011, 5.153510E-011, 2.150400E+004 1.570926E+074 2.150400E+004, Sun Aug 23 09:44:21 2015
0.00, 1.80, 0.12, 1.80 , -1.549644E-006, 1.549680E-006, -5.880194E-011, 5.169100E-011, 2.150400E+004 1.570926E+074 2.150400E+004, Sun Aug 23 09:44:25 2015
0.00, 1.80, 0.10, 1.80 , -1.660230E-006, 1.660340E-006, -6.198855E-011, 5.183090E-011, 2.150400E+004 1.570926E+074 2.150400E+004, Sun Aug 23 09:44:29 2015
0.00, 1.80, 0.08, 1.80 , -1.774257E-006, 1.774160E-006, -6.307872E-011, 5.183170E-011, 2.150400E+004 1.570926E+074 2.150400E+004, Sun Aug 23 09:44:32 2015
0.00, 1.80, 0.06, 1.80 , -1.891392E-006, 1.891140E-006, -6.295291E-011, 5.139330E-011, 2.150400E+004 1.570926E+074 2.150400E+004, Sun Aug 23 09:44:36 2015
0.00, 1.80, 0.04, 1.80 , -2.011814E-006, 2.011940E-006, -6.358183E-011, 5.202120E-011, 2.150400E+004 1.570926E+074 2.150400E+004, Sun Aug 23 09:44:39 2015
0.00, 1.80, 0.02, 1.80 , -2.136483E-006, 2.136390E-006, -6.538482E-011, 5.199320E-011, 2.150400E+004 1.570926E+074 2.150400E+004, Sun Aug 23 09:44:43 2015
0.00, 1.80, 0.00, 1.80 , -2.263452E-006, 2.263610E-006, -6.798440E-011, 5.195260E-011, 2.150400E+004 1.570926E+074 2.150400E+004, Sun Aug 23 09:44:46 2015
0.00, 1.80, -0.02, 1.80 , -2.394698E-006, 2.394840E-006, -6.974540E-011, 5.186050E-011, 2.150400E+004 1.570926E+074 2.150400E+004, Sun Aug 23 09:44:50 2015
0.00, 1.80, -0.04, 1.80 , -2.529056E-006, 2.529000E-006, -7.297390E-011, 5.155390E-011, 2.150400E+004 1.570926E+074 2.150400E+004, Sun Aug 23 09:44:53 2015
0.00, 1.80, -0.06, 1.80 , -2.666577E-006, 2.666310E-006, -7.159028E-011, 5.164640E-011, 2.150400E+004 1.570926E+074 2.150400E+004, Sun Aug 23 09:44:57 2015
0.00, 1.80, -0.08, 1.80 , -2.806244E-006, 2.806090E-006, -7.385441E-011, 5.189840E-011, 2.150400E+004 1.570926E+074 2.150400E+004, Sun Aug 23 09:45:00 2015
0.00, 1.80, -0.10, 1.80 , -2.948789E-006, 2.948620E-006, -7.465108E-011, 5.196980E-011, 2.150400E+004 1.570926E+074 2.150400E+004, Sun Aug 23 09:45:04 2015
0.00, 1.80, -0.12, 1.80 , -3.094582E-006, 3.094470E-006, -7.766997E-011, 5.191240E-011, 2.150400E+004 1.570926E+074 2.150400E+004, Sun Aug 23 09:45:08 2015
0.00, 1.80, -0.14, 1.80 , -3.243193E-006, 3.243000E-006, -7.808926E-011, 5.151880E-011, 2.150400E+004 1.570926E+074 2.150400E+004, Sun Aug 23 09:45:11 2015
0.00, 1.80, -0.16, 1.80 , -3.394225E-006, 3.394010E-006, -8.056308E-011, 5.192100E-011, 2.150400E+004 1.570926E+074 2.150400E+004, Sun Aug 23 09:45:15 2015
0.00, 1.80, -0.18, 1.80 , -3.548219E-006, 3.547970E-006, -7.951487E-011, 5.200730E-011, 2.150400E+004 1.570926E+074 2.150400E+004, Sun Aug 23 09:45:18 2015
0.00, 1.80, -0.20, 1.80 , -3.704376E-006, 3.703970E-006, -8.316266E-011, 5.195370E-011, 2.150400E+004 1.570926E+074 2.150400E+004, Sun Aug 23 09:45:22 2015
