1.80, 1.80, 1.00, 1.80 , 4.666042E-011, 8.342700E-011, -1.821513E-011, 4.938730E-011, 2.150400E+004 1.570926E+074 2.150400E+004, Sun Aug 23 10:26:35 2015
1.75, 1.80, 1.00, 1.80 , 3.303111E-011, 8.346730E-011, -1.855053E-011, 4.967800E-011, 2.150400E+004 1.570926E+074 2.150400E+004, Sun Aug 23 10:26:47 2015
1.70, 1.80, 1.00, 1.80 , 2.425433E-011, 8.393770E-011, -1.658006E-011, 4.949690E-011, 2.150400E+004 1.570926E+074 2.150400E+004, Sun Aug 23 10:27:10 2015
1.65, 1.80, 1.00, 1.80 , 2.260869E-011, 8.510820E-011, -1.649621E-011, 4.987650E-011, 2.150400E+004 1.570926E+074 2.150400E+004, Sun Aug 23 10:27:42 2015
1.60, 1.80, 1.00, 1.80 , 9.781119E-012, 8.698490E-011, -1.523847E-011, 4.920050E-011, 2.150400E+004 1.570926E+074 2.150400E+004, Sun Aug 23 10:28:59 2015
1.55, 1.80, 1.00, 1.80 , 9.527952E-012, 8.662580E-011, -1.582541E-011, 4.940370E-011, 2.150400E+004 1.570926E+074 2.150400E+004, Sun Aug 23 10:29:04 2015
1.50, 1.80, 1.00, 1.80 , 9.738928E-012, 8.712510E-011, -1.708316E-011, 4.899940E-011, 2.150400E+004 1.570926E+074 2.150400E+004, Sun Aug 23 10:29:09 2015
1.45, 1.80, 1.00, 1.80 , 6.700821E-012, 8.597000E-011, -1.888593E-011, 4.945410E-011, 2.150400E+004 1.570926E+074 2.150400E+004, Sun Aug 23 10:29:12 2015
1.40, 1.80, 1.00, 1.80 , 5.181766E-012, 8.673090E-011, -1.653813E-011, 4.939830E-011, 2.150400E+004 1.570926E+074 2.150400E+004, Sun Aug 23 10:29:16 2015
1.35, 1.80, 1.00, 1.80 , -4.312841E-012, 8.595490E-011, -1.599311E-011, 4.961500E-011, 2.150400E+004 1.570926E+074 2.150400E+004, Sun Aug 23 10:29:20 2015
1.30, 1.80, 1.00, 1.80 , 5.400968E-013, 8.657150E-011, -1.616081E-011, 4.932100E-011, 2.150400E+004 1.570926E+074 2.150400E+004, Sun Aug 23 10:29:23 2015
1.25, 1.80, 1.00, 1.80 , -3.215649E-012, 8.698730E-011, -1.917941E-011, 4.898080E-011, 2.150400E+004 1.570926E+074 2.150400E+004, Sun Aug 23 10:29:27 2015
1.20, 1.80, 1.00, 1.80 , -4.903631E-012, 8.650150E-011, -1.817321E-011, 4.938410E-011, 2.150400E+004 1.570926E+074 2.150400E+004, Sun Aug 23 10:29:32 2015
1.15, 1.80, 1.00, 1.80 , -7.899782E-012, 8.658250E-011, -1.863439E-011, 4.919010E-011, 2.150400E+004 1.570926E+074 2.150400E+004, Sun Aug 23 10:29:36 2015
1.10, 1.80, 1.00, 1.80 , -8.912560E-012, 8.715980E-011, -1.771203E-011, 4.909380E-011, 2.150400E+004 1.570926E+074 2.150400E+004, Sun Aug 23 10:29:39 2015
1.05, 1.80, 1.00, 1.80 , -9.756556E-012, 8.670130E-011, -1.817321E-011, 4.949030E-011, 2.150400E+004 1.570926E+074 2.150400E+004, Sun Aug 23 10:29:45 2015
1.00, 1.80, 1.00, 1.80 , -8.406176E-012, 8.690930E-011, -1.678968E-011, 4.939490E-011, 2.150400E+004 1.570926E+074 2.150400E+004, Sun Aug 23 10:29:52 2015
0.95, 1.80, 1.00, 1.80 , -7.435583E-012, 8.683100E-011, -1.850860E-011, 4.909340E-011, 2.150400E+004 1.570926E+074 2.150400E+004, Sun Aug 23 10:30:00 2015
0.90, 1.80, 1.00, 1.80 , -2.245857E-011, 8.650270E-011, -1.729278E-011, 4.941280E-011, 2.150400E+004 1.570926E+074 2.150400E+004, Sun Aug 23 10:30:05 2015
0.85, 1.80, 1.00, 1.80 , -1.625525E-011, 8.640510E-011, -1.549002E-011, 4.897830E-011, 2.150400E+004 1.570926E+074 2.150400E+004, Sun Aug 23 10:31:29 2015
0.80, 1.80, 1.00, 1.80 , -2.085497E-011, 8.297670E-011, -1.620274E-011, 4.852580E-011, 2.150400E+004 1.570926E+074 2.150400E+004, Sun Aug 23 10:36:56 2015
0.75, 1.80, 1.00, 1.80 , -2.469514E-011, 8.309480E-011, -1.691546E-011, 4.879850E-011, 2.150400E+004 1.570926E+074 2.150400E+004, Sun Aug 23 10:37:04 2015
0.70, 1.80, 1.00, 1.80 , -2.756465E-011, 8.328090E-011, -1.498692E-011, 4.839320E-011, 2.150400E+004 1.570926E+074 2.150400E+004, Sun Aug 23 10:37:14 2015
0.65, 1.80, 1.00, 1.80 , -2.975904E-011, 8.356820E-011, -1.490307E-011, 4.879460E-011, 2.150400E+004 1.570926E+074 2.150400E+004, Sun Aug 23 10:37:19 2015
0.60, 1.80, 1.00, 1.80 , -2.511710E-011, 8.495950E-011, -1.712509E-011, 4.832820E-011, 2.150400E+004 1.570926E+074 2.150400E+004, Sun Aug 23 10:37:30 2015
0.55, 1.80, 1.00, 1.80 , -2.600329E-011, 8.548490E-011, -1.720894E-011, 4.876230E-011, 2.150400E+004 1.570926E+074 2.150400E+004, Sun Aug 23 10:37:56 2015
0.50, 1.80, 1.00, 1.80 , -3.077184E-011, 8.535380E-011, -1.507077E-011, 4.884800E-011, 2.150400E+004 1.570926E+074 2.150400E+004, Sun Aug 23 10:38:06 2015
0.45, 1.80, 1.00, 1.80 , -3.494955E-011, 9.892800E-011, -1.565771E-011, 4.901730E-011, 2.150400E+004 1.570926E+074 2.150400E+004, Sun Aug 23 10:38:55 2015
0.40, 1.80, 1.00, 1.80 , -3.068740E-011, 9.139280E-011, -1.460960E-011, 4.872000E-011, 2.150400E+004 1.570926E+074 2.150400E+004, Sun Aug 23 10:39:07 2015
0.35, 1.80, 1.00, 1.80 , -3.482296E-011, 8.774340E-011, -1.825706E-011, 4.884040E-011, 2.150400E+004 1.570926E+074 2.150400E+004, Sun Aug 23 10:39:14 2015
0.30, 1.80, 1.00, 1.80 , -3.815668E-011, 9.064150E-011, -1.767012E-011, 4.901600E-011, 2.150400E+004 1.570926E+074 2.150400E+004, Sun Aug 23 10:40:08 2015
0.25, 1.80, 1.00, 1.80 , -3.790348E-011, 8.888580E-011, -1.842476E-011, 4.902760E-011, 2.150400E+004 1.570926E+074 2.150400E+004, Sun Aug 23 10:41:05 2015
0.20, 1.80, 1.00, 1.80 , -3.473855E-011, 8.911940E-011, -1.528040E-011, 4.942320E-011, 2.150400E+004 1.570926E+074 2.150400E+004, Sun Aug 23 10:41:23 2015
0.15, 1.80, 1.00, 1.80 , -3.511835E-011, 9.786550E-011, -1.892786E-011, 4.886860E-011, 2.150400E+004 1.570926E+074 2.150400E+004, Sun Aug 23 10:41:38 2015
0.10, 1.80, 1.00, 1.80 , -4.381137E-011, 9.210010E-011, -1.590927E-011, 4.904580E-011, 2.150400E+004 1.570926E+074 2.150400E+004, Sun Aug 23 10:41:43 2015
0.05, 1.80, 1.00, 1.80 , -4.115285E-011, 8.435360E-011, -1.913749E-011, 4.887880E-011, 2.150400E+004 1.570926E+074 2.150400E+004, Sun Aug 23 10:42:04 2015
0.00, 1.80, 1.00, 1.80 , -4.642777E-011, 8.570180E-011, -1.519655E-011, 4.875860E-011, 2.150400E+004 1.570926E+074 2.150400E+004, Sun Aug 23 10:42:32 2015
-0.05, 1.80, 1.00, 1.80 , -4.368484E-011, 7.388690E-011, -1.565772E-011, 4.835250E-011, 2.150400E+004 1.570926E+074 2.150400E+004, Sun Aug 23 10:43:43 2015
-0.10, 1.80, 1.00, 1.80 , -4.402237E-011, 8.029400E-011, -1.670584E-011, 4.836360E-011, 2.150400E+004 1.570926E+074 2.150400E+004, Sun Aug 23 10:44:05 2015
-0.15, 1.80, 1.00, 1.80 , -4.338944E-011, 9.012390E-011, -1.800551E-011, 4.821710E-011, 2.150400E+004 1.570926E+074 2.150400E+004, Sun Aug 23 10:44:28 2015
-0.20, 1.80, 1.00, 1.80 , -4.368480E-011, 8.386440E-011, -1.725087E-011, 4.825270E-011, 2.150400E+004 1.570926E+074 2.150400E+004, Sun Aug 23 10:45:21 2015
