1.80, 1.80, 1.40, 1.80 , 3.594250E-011, 8.749420E-011, 2.202244E-012, 4.943630E-011, 2.150400E+004 1.570926E+074 2.150400E+004, Sun Aug 23 10:05:34 2015
1.75, 1.80, 1.40, 1.80 , 2.965534E-011, 8.686730E-011, 1.531433E-012, 4.991600E-011, 2.150400E+004 1.570926E+074 2.150400E+004, Sun Aug 23 10:05:42 2015
1.70, 1.80, 1.40, 1.80 , 2.750333E-011, 8.730550E-011, 2.118396E-012, 4.938370E-011, 2.150400E+004 1.570926E+074 2.150400E+004, Sun Aug 23 10:05:56 2015
1.65, 1.80, 1.40, 1.80 , 2.395890E-011, 8.814770E-011, 1.699137E-012, 4.992250E-011, 2.150400E+004 1.570926E+074 2.150400E+004, Sun Aug 23 10:06:21 2015
1.60, 1.80, 1.40, 1.80 , 1.805147E-011, 8.819440E-011, 7.568640E-012, 4.961710E-011, 2.150400E+004 1.570926E+074 2.150400E+004, Sun Aug 23 10:06:42 2015
1.55, 1.80, 1.40, 1.80 , 8.852788E-012, 8.797690E-011, 5.388519E-012, 5.014430E-011, 2.150400E+004 1.570926E+074 2.150400E+004, Sun Aug 23 10:06:47 2015
1.50, 1.80, 1.40, 1.80 , 8.093268E-012, 8.857020E-011, 7.652479E-012, 4.969880E-011, 2.150400E+004 1.570926E+074 2.150400E+004, Sun Aug 23 10:07:01 2015
1.45, 1.80, 1.40, 1.80 , 7.797898E-012, 8.833970E-011, 7.442852E-012, 4.981470E-011, 2.150400E+004 1.570926E+074 2.150400E+004, Sun Aug 23 10:07:04 2015
1.40, 1.80, 1.40, 1.80 , 5.392734E-012, 8.827580E-011, 9.748709E-012, 5.015540E-011, 2.150400E+004 1.570926E+074 2.150400E+004, Sun Aug 23 10:07:08 2015
1.35, 1.80, 1.40, 1.80 , 9.105963E-012, 8.897090E-011, 5.807799E-012, 4.980850E-011, 2.150400E+004 1.570926E+074 2.150400E+004, Sun Aug 23 10:07:12 2015
1.30, 1.80, 1.40, 1.80 , -9.790758E-013, 8.877840E-011, 8.239433E-012, 4.998550E-011, 2.150400E+004 1.570926E+074 2.150400E+004, Sun Aug 23 10:07:15 2015
1.25, 1.80, 1.40, 1.80 , -2.835840E-012, 8.858740E-011, 9.664870E-012, 4.991790E-011, 2.150400E+004 1.570926E+074 2.150400E+004, Sun Aug 23 10:07:19 2015
1.20, 1.80, 1.40, 1.80 , -6.042992E-012, 8.926110E-011, 1.033567E-011, 4.994700E-011, 2.150400E+004 1.570926E+074 2.150400E+004, Sun Aug 23 10:07:23 2015
1.15, 1.80, 1.40, 1.80 , -7.308957E-012, 8.877250E-011, 1.004219E-011, 5.034860E-011, 2.150400E+004 1.570926E+074 2.150400E+004, Sun Aug 23 10:07:26 2015
1.10, 1.80, 1.40, 1.80 , -7.730957E-012, 8.957340E-011, 6.143180E-012, 4.993410E-011, 2.150400E+004 1.570926E+074 2.150400E+004, Sun Aug 23 10:07:30 2015
1.05, 1.80, 1.40, 1.80 , -5.325604E-012, 8.951740E-011, 9.077919E-012, 5.034130E-011, 2.150400E+004 1.570926E+074 2.150400E+004, Sun Aug 23 10:07:36 2015
1.00, 1.80, 1.40, 1.80 , -9.376738E-012, 8.992070E-011, 9.581010E-012, 4.998980E-011, 2.150400E+004 1.570926E+074 2.150400E+004, Sun Aug 23 10:07:41 2015
0.95, 1.80, 1.40, 1.80 , -1.131790E-011, 9.008160E-011, 1.276727E-011, 4.986930E-011, 2.150400E+004 1.570926E+074 2.150400E+004, Sun Aug 23 10:07:47 2015
0.90, 1.80, 1.40, 1.80 , -8.996939E-012, 8.932250E-011, 1.176110E-011, 5.049650E-011, 2.150400E+004 1.570926E+074 2.150400E+004, Sun Aug 23 10:08:38 2015
0.85, 1.80, 1.40, 1.80 , -1.621300E-011, 8.899850E-011, 1.377353E-011, 4.999940E-011, 2.150400E+004 1.570926E+074 2.150400E+004, Sun Aug 23 10:08:50 2015
0.80, 1.80, 1.40, 1.80 , -1.714140E-011, 8.823320E-011, 9.958329E-012, 5.033220E-011, 2.150400E+004 1.570926E+074 2.150400E+004, Sun Aug 23 10:09:38 2015
0.75, 1.80, 1.40, 1.80 , -1.878717E-011, 8.243980E-011, -3.793008E-012, 4.976670E-011, 2.150400E+004 1.570926E+074 2.150400E+004, Sun Aug 23 10:12:41 2015
0.70, 1.80, 1.40, 1.80 , -2.642527E-011, 8.270340E-011, -3.499541E-012, 4.941500E-011, 2.150400E+004 1.570926E+074 2.150400E+004, Sun Aug 23 10:13:03 2015
0.65, 1.80, 1.40, 1.80 , -2.769124E-011, 8.397590E-011, -3.583389E-012, 4.939810E-011, 2.150400E+004 1.570926E+074 2.150400E+004, Sun Aug 23 10:13:31 2015
0.60, 1.80, 1.40, 1.80 , -2.321812E-011, 8.507340E-011, -7.146988E-012, 4.942240E-011, 2.150400E+004 1.570926E+074 2.150400E+004, Sun Aug 23 10:14:21 2015
0.55, 1.80, 1.40, 1.80 , -2.840861E-011, 8.518200E-011, -5.721548E-012, 4.925770E-011, 2.150400E+004 1.570926E+074 2.150400E+004, Sun Aug 23 10:16:10 2015
0.50, 1.80, 1.40, 1.80 , -2.790226E-011, 9.171660E-011, -7.482374E-012, 4.998930E-011, 2.150400E+004 1.570926E+074 2.150400E+004, Sun Aug 23 10:18:18 2015
0.45, 1.80, 1.40, 1.80 , -3.077181E-011, 9.083160E-011, -5.218423E-012, 5.010820E-011, 2.150400E+004 1.570926E+074 2.150400E+004, Sun Aug 23 10:19:29 2015
0.40, 1.80, 1.40, 1.80 , -2.959025E-011, 9.183470E-011, -6.685789E-012, 5.048710E-011, 2.150400E+004 1.570926E+074 2.150400E+004, Sun Aug 23 10:20:01 2015
0.35, 1.80, 1.40, 1.80 , -3.613112E-011, 9.192070E-011, -5.553820E-012, 5.010860E-011, 2.150400E+004 1.570926E+074 2.150400E+004, Sun Aug 23 10:20:26 2015
0.30, 1.80, 1.40, 1.80 , -3.549819E-011, 9.214930E-011, -2.828703E-012, 5.035840E-011, 2.150400E+004 1.570926E+074 2.150400E+004, Sun Aug 23 10:20:39 2015
0.25, 1.80, 1.40, 1.80 , -3.866311E-011, 9.310120E-011, -4.547612E-012, 5.031360E-011, 2.150400E+004 1.570926E+074 2.150400E+004, Sun Aug 23 10:21:34 2015
0.20, 1.80, 1.40, 1.80 , -3.950711E-011, 9.340120E-011, -4.463763E-012, 5.096550E-011, 2.150400E+004 1.570926E+074 2.150400E+004, Sun Aug 23 10:21:49 2015
0.15, 1.80, 1.40, 1.80 , -3.845210E-011, 9.319720E-011, -5.679584E-012, 5.084210E-011, 2.150400E+004 1.570926E+074 2.150400E+004, Sun Aug 23 10:22:08 2015
0.10, 1.80, 1.40, 1.80 , -3.853651E-011, 9.265710E-011, -5.260325E-012, 5.092460E-011, 2.150400E+004 1.570926E+074 2.150400E+004, Sun Aug 23 10:22:39 2015
0.05, 1.80, 1.40, 1.80 , -4.178588E-011, 9.244810E-011, -6.140767E-012, 5.034770E-011, 2.150400E+004 1.570926E+074 2.150400E+004, Sun Aug 23 10:22:52 2015
0.00, 1.80, 1.40, 1.80 , -4.068872E-011, 8.778690E-011, -5.637655E-012, 5.065820E-011, 2.150400E+004 1.570926E+074 2.150400E+004, Sun Aug 23 10:24:16 2015
-0.05, 1.80, 1.40, 1.80 , -4.300970E-011, 8.704160E-011, -5.511876E-012, 5.011750E-011, 2.150400E+004 1.570926E+074 2.150400E+004, Sun Aug 23 10:24:24 2015
-0.10, 1.80, 1.40, 1.80 , -4.997259E-011, 8.684480E-011, -7.272719E-012, 5.024180E-011, 2.150400E+004 1.570926E+074 2.150400E+004, Sun Aug 23 10:24:37 2015
-0.15, 1.80, 1.40, 1.80 , -5.001476E-011, 8.596090E-011, -9.159343E-012, 4.994330E-011, 2.150400E+004 1.570926E+074 2.150400E+004, Sun Aug 23 10:25:15 2015
-0.20, 1.80, 1.40, 1.80 , -4.782047E-011, 8.340750E-011, -8.614315E-012, 4.924540E-011, 2.150400E+004 1.570926E+074 2.150400E+004, Sun Aug 23 10:26:19 2015
