1.80, 0.00, 0.00, 0.00 , 6.244905E-013, -6.205020E-012, -4.769080E-011, -2.548830E-012, 2.150400E+004 1.570926E+074 2.150400E+004, Wed Sep 02 17:07:59 2015
1.80, 0.00, 0.02, 0.00 , -9.798801E-012, -5.999370E-012, -4.404295E-011, -2.781680E-012, 2.150400E+004 1.570926E+074 2.150400E+004, Wed Sep 02 17:08:02 2015
1.80, 0.00, 0.04, 0.00 , -6.549428E-012, -5.977110E-012, -3.775359E-011, -2.585820E-012, 2.150400E+004 1.570926E+074 2.150400E+004, Wed Sep 02 17:08:07 2015
1.80, 0.00, 0.06, 0.00 , -6.422838E-012, -5.829980E-012, -3.829867E-011, -2.597130E-012, 2.150400E+004 1.570926E+074 2.150400E+004, Wed Sep 02 17:08:12 2015
1.80, 0.00, 0.08, 0.00 , -8.828210E-012, -6.044080E-012, -3.548942E-011, -2.705610E-012, 2.150400E+004 1.570926E+074 2.150400E+004, Wed Sep 02 17:08:17 2015
1.80, 0.00, 0.10, 0.00 , -4.312858E-012, -5.872770E-012, -2.848727E-011, -2.721620E-012, 2.150400E+004 1.570926E+074 2.150400E+004, Wed Sep 02 17:08:20 2015
1.80, 0.00, 0.12, 0.00 , -5.199046E-012, -5.907080E-012, -3.590871E-011, -2.712260E-012, 2.150400E+004 1.570926E+074 2.150400E+004, Wed Sep 02 17:08:25 2015
1.80, 0.00, 0.14, 0.00 , -7.984221E-012, -5.982960E-012, -3.515399E-011, -2.735910E-012, 2.150400E+004 1.570926E+074 2.150400E+004, Wed Sep 02 17:08:29 2015
1.80, 0.00, 0.16, 0.00 , -4.903650E-012, -5.920330E-012, -3.561521E-011, -2.616780E-012, 2.150400E+004 1.570926E+074 2.150400E+004, Wed Sep 02 17:08:32 2015
1.80, 0.00, 0.18, 0.00 , -2.709279E-012, -5.867080E-012, -3.716659E-011, -2.607200E-012, 2.150400E+004 1.570926E+074 2.150400E+004, Wed Sep 02 17:08:37 2015
1.80, 0.00, 0.20, 0.00 , -8.954811E-012, -6.038730E-012, -3.850831E-011, -2.512430E-012, 2.150400E+004 1.570926E+074 2.150400E+004, Wed Sep 02 17:08:42 2015
1.80, 0.00, 0.22, 0.00 , -5.536642E-012, -6.173900E-012, -3.494435E-011, -2.599470E-012, 2.150400E+004 1.570926E+074 2.150400E+004, Wed Sep 02 17:08:46 2015
1.80, 0.00, 0.24, 0.00 , -7.140226E-012, -6.005820E-012, -3.389613E-011, -2.694850E-012, 2.150400E+004 1.570926E+074 2.150400E+004, Wed Sep 02 17:08:50 2015
1.80, 0.00, 0.26, 0.00 , -2.160681E-012, -6.074140E-012, -3.351876E-011, -2.750190E-012, 2.150400E+004 1.570926E+074 2.150400E+004, Wed Sep 02 17:08:54 2015
1.80, 0.00, 0.28, 0.00 , -2.667077E-012, -6.212170E-012, -3.649572E-011, -2.481170E-012, 2.150400E+004 1.570926E+074 2.150400E+004, Wed Sep 02 17:08:58 2015
1.80, 0.00, 0.30, 0.00 , -9.461205E-012, -5.917220E-012, -3.108687E-011, -2.362100E-012, 2.150400E+004 1.570926E+074 2.150400E+004, Wed Sep 02 17:09:03 2015
1.80, 0.00, 0.32, 0.00 , -8.406221E-012, -6.050980E-012, -3.368647E-011, -2.460160E-012, 2.150400E+004 1.570926E+074 2.150400E+004, Wed Sep 02 17:09:06 2015
1.80, 0.00, 0.34, 0.00 , -4.228457E-012, -6.137500E-012, -3.234474E-011, -2.798810E-012, 2.150400E+004 1.570926E+074 2.150400E+004, Wed Sep 02 17:09:11 2015
1.80, 0.00, 0.36, 0.00 , -7.435629E-012, -5.908840E-012, -2.953550E-011, -2.510670E-012, 2.150400E+004 1.570926E+074 2.150400E+004, Wed Sep 02 17:09:15 2015
1.80, 0.00, 0.38, 0.00 , -5.958641E-012, -6.227970E-012, -3.091916E-011, -2.517520E-012, 2.150400E+004 1.570926E+074 2.150400E+004, Wed Sep 02 17:09:18 2015
1.80, 0.00, 0.40, 0.00 , -2.413877E-012, -6.016960E-012, -2.995479E-011, -2.737450E-012, 2.150400E+004 1.570926E+074 2.150400E+004, Wed Sep 02 17:09:22 2015
1.80, 0.00, 0.42, 0.00 , -8.954805E-012, -6.114890E-012, -2.915814E-011, -2.728000E-012, 2.150400E+004 1.570926E+074 2.150400E+004, Wed Sep 02 17:09:26 2015
1.80, 0.00, 0.44, 0.00 , -5.072448E-012, -5.885550E-012, -3.217703E-011, -2.513000E-012, 2.150400E+004 1.570926E+074 2.150400E+004, Wed Sep 02 17:09:29 2015
1.80, 0.00, 0.46, 0.00 , -1.485488E-012, -6.024180E-012, -3.100302E-011, -2.807380E-012, 2.150400E+004 1.570926E+074 2.150400E+004, Wed Sep 02 17:09:33 2015
1.80, 0.00, 0.48, 0.00 , -9.461199E-012, -6.216550E-012, -3.381226E-011, -2.493890E-012, 2.150400E+004 1.570926E+074 2.150400E+004, Wed Sep 02 17:09:41 2015
1.80, 0.00, 0.50, 0.00 , -9.798799E-012, -5.663250E-012, -2.592960E-011, -2.467390E-012, 2.150400E+004 1.570926E+074 2.150400E+004, Wed Sep 02 17:09:46 2015
1.80, 0.00, 0.52, 0.00 , -4.861449E-012, -6.224050E-012, -2.404280E-011, -2.520120E-012, 2.150400E+004 1.570926E+074 2.150400E+004, Wed Sep 02 17:09:49 2015
1.80, 0.00, 0.54, 0.00 , -7.646626E-012, -6.087720E-012, -2.265918E-011, -2.770570E-012, 2.150400E+004 1.570926E+074 2.150400E+004, Wed Sep 02 17:09:54 2015
1.80, 0.00, 0.56, 0.00 , -2.160680E-012, -5.980070E-012, -2.567803E-011, -2.778380E-012, 2.150400E+004 1.570926E+074 2.150400E+004, Wed Sep 02 17:09:58 2015
1.80, 0.00, 0.58, 0.00 , -5.325648E-012, -6.165800E-012, -2.244955E-011, -2.601780E-012, 2.150400E+004 1.570926E+074 2.150400E+004, Wed Sep 02 17:10:02 2015
1.80, 0.00, 0.60, 0.00 , -7.562223E-012, -6.168140E-012, -2.433630E-011, -2.694920E-012, 2.150400E+004 1.570926E+074 2.150400E+004, Wed Sep 02 17:10:05 2015
1.80, 0.00, 0.62, 0.00 , -6.591638E-012, -5.943180E-012, -2.626504E-011, -2.645640E-012, 2.150400E+004 1.570926E+074 2.150400E+004, Wed Sep 02 17:10:09 2015
1.80, 0.00, 0.64, 0.00 , -6.211837E-012, -5.614270E-012, -2.823570E-011, -2.502800E-012, 2.150400E+004 1.570926E+074 2.150400E+004, Wed Sep 02 17:10:12 2015
1.80, 0.00, 0.66, 0.00 , -7.773221E-012, -5.938770E-012, -2.291073E-011, -2.615950E-012, 2.150400E+004 1.570926E+074 2.150400E+004, Wed Sep 02 17:10:16 2015
1.80, 0.00, 0.68, 0.00 , -7.477829E-012, -6.087210E-012, -2.454595E-011, -2.608070E-012, 2.150400E+004 1.570926E+074 2.150400E+004, Wed Sep 02 17:10:20 2015
1.80, 0.00, 0.70, 0.00 , -6.211836E-012, -6.257640E-012, -3.012250E-011, -2.654590E-012, 2.150400E+004 1.570926E+074 2.150400E+004, Wed Sep 02 17:10:23 2015
1.80, 0.00, 0.72, 0.00 , -4.988050E-012, -5.865600E-012, -2.215608E-011, -2.684890E-012, 2.150400E+004 1.570926E+074 2.150400E+004, Wed Sep 02 17:10:27 2015
1.80, 0.00, 0.74, 0.00 , -4.228462E-012, -6.123880E-012, -2.299458E-011, -2.674560E-012, 2.150400E+004 1.570926E+074 2.150400E+004, Wed Sep 02 17:10:31 2015
1.80, 0.00, 0.76, 0.00 , -3.553266E-012, -5.924610E-012, -2.140143E-011, -2.733170E-012, 2.150400E+004 1.570926E+074 2.150400E+004, Wed Sep 02 17:10:36 2015
1.80, 0.00, 0.78, 0.00 , -6.296236E-012, -5.948340E-012, -2.131758E-011, -2.800180E-012, 2.150400E+004 1.570926E+074 2.150400E+004, Wed Sep 02 17:10:40 2015
1.80, 0.00, 0.80, 0.00 , -6.929232E-012, -6.296460E-012, -2.685204E-011, -2.659260E-012, 2.150400E+004 1.570926E+074 2.150400E+004, Wed Sep 02 17:10:46 2015
1.80, 0.00, 0.82, 0.00 , -8.828215E-012, -5.877450E-012, -2.085641E-011, -2.683840E-012, 2.150400E+004 1.570926E+074 2.150400E+004, Wed Sep 02 17:10:52 2015
1.80, 0.00, 0.84, 0.00 , -7.182427E-012, -6.094030E-012, -2.618118E-011, -2.753140E-012, 2.150400E+004 1.570926E+074 2.150400E+004, Wed Sep 02 17:10:56 2015
1.80, 0.00, 0.86, 0.00 , -7.899823E-012, -6.137120E-012, -2.064679E-011, -2.511180E-012, 2.150400E+004 1.570926E+074 2.150400E+004, Wed Sep 02 17:11:01 2015
1.80, 0.00, 0.88, 0.00 , -6.844831E-012, -5.645680E-012, -1.955674E-011, -2.725600E-012, 2.150400E+004 1.570926E+074 2.150400E+004, Wed Sep 02 17:11:04 2015
1.80, 0.00, 0.90, 0.00 , -1.485487E-012, -6.236660E-012, -2.035331E-011, -2.702020E-012, 2.150400E+004 1.570926E+074 2.150400E+004, Wed Sep 02 17:11:09 2015
1.80, 0.00, 0.92, 0.00 , -1.654288E-012, -5.768130E-012, -1.913749E-011, -2.677200E-012, 2.150400E+004 1.570926E+074 2.150400E+004, Wed Sep 02 17:11:13 2015
1.80, 0.00, 0.94, 0.00 , -5.283447E-012, -5.936890E-012, -1.876017E-011, -2.771780E-012, 2.150400E+004 1.570926E+074 2.150400E+004, Wed Sep 02 17:11:18 2015
1.80, 0.00, 0.96, 0.00 , -9.165813E-012, -5.954180E-012, -1.658007E-011, -2.569600E-012, 2.150400E+004 1.570926E+074 2.150400E+004, Wed Sep 02 17:11:22 2015
1.80, 0.00, 0.98, 0.00 , -9.292402E-012, -5.601490E-012, -2.215608E-011, -2.445320E-012, 2.150400E+004 1.570926E+074 2.150400E+004, Wed Sep 02 17:11:27 2015
1.80, 0.00, 1.00, 0.00 , -5.030247E-012, -5.988340E-012, -1.699932E-011, -2.425350E-012, 2.150400E+004 1.570926E+074 2.150400E+004, Wed Sep 02 17:11:35 2015
1.80, 0.00, 1.02, 0.00 , -7.393429E-012, -5.787190E-012, -1.616082E-011, -2.654120E-012, 2.150400E+004 1.570926E+074 2.150400E+004, Wed Sep 02 17:11:39 2015
1.80, 0.00, 1.04, 0.00 , -4.566055E-012, -6.151660E-012, -1.662200E-011, -2.778160E-012, 2.150400E+004 1.570926E+074 2.150400E+004, Wed Sep 02 17:11:43 2015
1.80, 0.00, 1.06, 0.00 , -8.237421E-012, -5.974910E-012, -1.725087E-011, -2.633830E-012, 2.150400E+004 1.570926E+074 2.150400E+004, Wed Sep 02 17:11:47 2015
1.80, 0.00, 1.08, 0.00 , -3.764263E-012, -1.134440E-011, -1.280684E-011, -2.614560E-012, 2.150400E+004 1.570926E+074 2.150400E+004, Wed Sep 02 17:11:51 2015
1.80, 0.00, 1.10, 0.00 , 2.134220E-008, -2.403520E-008, -1.876017E-011, -2.855120E-012, 2.150400E+004 1.570926E+074 2.150400E+004, Wed Sep 02 17:11:57 2015
1.80, 0.00, 1.12, 0.00 , 5.931923E-008, -5.998190E-008, -1.448383E-011, -3.256260E-012, 2.150400E+004 1.570926E+074 2.150400E+004, Wed Sep 02 17:12:07 2015
1.80, 0.00, 1.14, 0.00 , 1.869085E-007, -1.882820E-007, -1.192641E-011, -6.458100E-012, 2.150400E+004 1.570926E+074 2.150400E+004, Wed Sep 02 17:12:15 2015
1.80, 0.00, 1.16, 0.00 , 3.519110E-007, -3.480370E-007, -1.330994E-011, -1.267830E-011, 2.150400E+004 1.570926E+074 2.150400E+004, Wed Sep 02 17:12:22 2015
1.80, 0.00, 1.18, 0.00 , 5.616528E-007, -5.576810E-007, -7.021217E-012, -2.000340E-011, 2.150400E+004 1.570926E+074 2.150400E+004, Wed Sep 02 17:12:27 2015
1.80, 0.00, 1.20, 0.00 , 7.601391E-007, -7.577160E-007, -1.855055E-011, -2.850380E-011, 2.150400E+004 1.570926E+074 2.150400E+004, Wed Sep 02 17:12:31 2015
1.80, 0.00, 1.22, 0.00 , 1.070355E-006, -1.064220E-006, -1.372919E-011, -3.857920E-011, 2.150400E+004 1.570926E+074 2.150400E+004, Wed Sep 02 17:12:35 2015
1.80, 0.00, 1.24, 0.00 , 1.407831E-006, -1.410990E-006, -1.167486E-011, -5.059730E-011, 2.150400E+004 1.570926E+074 2.150400E+004, Wed Sep 02 17:12:42 2015
1.80, 0.00, 1.26, 0.00 , 1.893828E-006, -1.906810E-006, -1.448383E-011, -6.269600E-011, 2.150400E+004 1.570926E+074 2.150400E+004, Wed Sep 02 17:12:47 2015
1.80, 0.00, 1.28, 0.00 , 2.436927E-006, -2.415680E-006, -1.121370E-011, -7.744550E-011, 2.150400E+004 1.570926E+074 2.150400E+004, Wed Sep 02 17:12:50 2015
1.80, 0.00, 1.30, 0.00 , 3.000996E-006, -3.008840E-006, -1.758627E-011, -8.589510E-011, 2.150400E+004 1.570926E+074 2.150400E+004, Wed Sep 02 17:13:02 2015
1.80, 0.00, 1.32, 0.00 , 3.650762E-006, -3.632860E-006, -1.284876E-011, -9.829610E-011, 2.150400E+004 1.570926E+074 2.150400E+004, Wed Sep 02 17:13:09 2015
1.80, 0.00, 1.34, 0.00 , 4.394097E-006, -4.364860E-006, -1.083637E-011, -1.095310E-010, 2.150400E+004 1.570926E+074 2.150400E+004, Wed Sep 02 17:13:14 2015
1.80, 0.00, 1.36, 0.00 , 5.222718E-006, -5.216400E-006, -1.490309E-011, -1.205690E-010, 2.150400E+004 1.570926E+074 2.150400E+004, Wed Sep 02 17:13:18 2015
1.80, 0.00, 1.38, 0.00 , 6.153667E-006, -6.112200E-006, -1.377111E-011, -1.304820E-010, 2.150400E+004 1.570926E+074 2.150400E+004, Wed Sep 02 17:13:21 2015
1.80, 0.00, 1.40, 0.00 , 7.176540E-006, -7.225630E-006, -6.518107E-012, -1.391090E-010, 2.150400E+004 1.570926E+074 2.150400E+004, Wed Sep 02 17:13:24 2015
1.80, 0.00, 1.42, 0.00 , 8.262589E-006, -8.232870E-006, -6.937357E-012, -1.443270E-010, 2.150400E+004 1.570926E+074 2.150400E+004, Wed Sep 02 17:13:27 2015
1.80, 0.00, 1.44, 0.00 , 9.373563E-006, -9.448220E-006, -1.465153E-011, -1.483130E-010, 2.150400E+004 1.570926E+074 2.150400E+004, Wed Sep 02 17:13:31 2015
1.80, 0.00, 1.46, 0.00 , 1.046005E-005, -1.044160E-005, -5.260369E-012, -1.510340E-010, 2.150400E+004 1.570926E+074 2.150400E+004, Wed Sep 02 17:13:35 2015
1.80, 0.00, 1.48, 0.00 , 1.174463E-005, -1.175530E-005, -4.715350E-012, -1.528490E-010, 2.150400E+004 1.570926E+074 2.150400E+004, Wed Sep 02 17:13:38 2015
1.80, 0.00, 1.50, 0.00 , 1.345406E-005, -1.341680E-005, -5.008811E-012, -1.528430E-010, 2.150400E+004 1.570926E+074 2.150400E+004, Wed Sep 02 17:13:42 2015
1.80, 0.00, 1.52, 0.00 , 1.483112E-005, -1.482700E-005, -9.117440E-012, -1.478620E-010, 2.150400E+004 1.570926E+074 2.150400E+004, Wed Sep 02 17:13:47 2015
1.80, 0.00, 1.54, 0.00 , 1.640210E-005, -1.632940E-005, -6.140798E-012, -1.482120E-010, 2.150400E+004 1.570926E+074 2.150400E+004, Wed Sep 02 17:13:52 2015
1.80, 0.00, 1.56, 0.00 , 1.833184E-005, -1.836590E-005, -9.243224E-012, -1.436800E-010, 2.150400E+004 1.570926E+074 2.150400E+004, Wed Sep 02 17:13:56 2015
1.80, 0.00, 1.58, 0.00 , 1.992693E-005, -1.985310E-005, -6.560036E-012, -1.419520E-010, 2.150400E+004 1.570926E+074 2.150400E+004, Wed Sep 02 17:13:59 2015
1.80, 0.00, 1.60, 0.00 , 2.186087E-005, -2.183560E-005, -4.254156E-012, -1.373400E-010, 2.150400E+004 1.570926E+074 2.150400E+004, Wed Sep 02 17:14:02 2015
1.80, 0.00, 1.62, 0.00 , 2.373357E-005, -2.379060E-005, -8.320884E-012, -1.341170E-010, 2.150400E+004 1.570926E+074 2.150400E+004, Wed Sep 02 17:14:05 2015
1.80, 0.00, 1.64, 0.00 , 2.580617E-005, -2.577940E-005, -6.486270E-013, -1.279820E-010, 2.150400E+004 1.570926E+074 2.150400E+004, Wed Sep 02 17:14:09 2015
1.80, 0.00, 1.66, 0.00 , 2.792000E-005, -2.793930E-005, -4.212238E-012, -1.232260E-010, 2.150400E+004 1.570926E+074 2.150400E+004, Wed Sep 02 17:14:12 2015
1.80, 0.00, 1.68, 0.00 , 3.016013E-005, -3.013870E-005, -2.032152E-012, -1.172030E-010, 2.150400E+004 1.570926E+074 2.150400E+004, Wed Sep 02 17:14:15 2015
1.80, 0.00, 1.70, 0.00 , 3.245962E-005, -3.247690E-005, -3.247973E-012, -1.118470E-010, 2.150400E+004 1.570926E+074 2.150400E+004, Wed Sep 02 17:14:18 2015
1.80, 0.00, 1.72, 0.00 , 3.487229E-005, -3.484510E-005, -1.977411E-014, -1.050780E-010, 2.150400E+004 1.570926E+074 2.150400E+004, Wed Sep 02 17:14:22 2015
1.80, 0.00, 1.74, 0.00 , 3.717904E-005, -3.715610E-005, -8.446655E-012, -9.785780E-011, 2.150400E+004 1.570926E+074 2.150400E+004, Wed Sep 02 17:14:27 2015
1.80, 0.00, 1.76, 0.00 , 3.986610E-005, -3.984150E-005, -1.403282E-012, -8.962440E-011, 2.150400E+004 1.570926E+074 2.150400E+004, Wed Sep 02 17:14:30 2015
1.80, 0.00, 1.78, 0.00 , 4.212607E-005, -4.208930E-005, -2.744876E-012, -8.355610E-011, 2.150400E+004 1.570926E+074 2.150400E+004, Wed Sep 02 17:14:34 2015
1.80, 0.00, 1.80, 0.00 , 4.487585E-005, -4.482130E-005, 1.898499E-013, -7.768580E-011, 2.150400E+004 1.570926E+074 2.150400E+004, Wed Sep 02 17:14:37 2015
1.80, 0.00, 1.82, 0.00 , 4.756576E-005, -4.750140E-005, 5.556257E-012, -7.162400E-011, 2.150400E+004 1.570926E+074 2.150400E+004, Wed Sep 02 17:14:41 2015
1.80, 0.00, 1.84, 0.00 , 5.028490E-005, -5.026920E-005, -1.319422E-012, -6.694580E-011, 2.150400E+004 1.570926E+074 2.150400E+004, Wed Sep 02 17:14:45 2015
1.80, 0.00, 1.86, 0.00 , 5.312720E-005, -5.330200E-005, -5.134598E-012, -6.142230E-011, 2.150400E+004 1.570926E+074 2.150400E+004, Wed Sep 02 17:14:48 2015
1.80, 0.00, 1.88, 0.00 , 5.619251E-005, -5.605700E-005, -3.541454E-012, -5.672120E-011, 2.150400E+004 1.570926E+074 2.150400E+004, Wed Sep 02 17:14:52 2015
1.80, 0.00, 1.90, 0.00 , 5.915493E-005, -5.913040E-005, -1.151740E-012, -5.240120E-011, 2.150400E+004 1.570926E+074 2.150400E+004, Wed Sep 02 17:14:55 2015
1.80, 0.00, 1.92, 0.00 , 6.236832E-005, -6.223770E-005, 1.898551E-013, -4.866950E-011, 2.150400E+004 1.570926E+074 2.150400E+004, Wed Sep 02 17:14:59 2015
1.80, 0.00, 1.94, 0.00 , 6.541263E-005, -6.546210E-005, 2.244179E-012, -4.405450E-011, 2.150400E+004 1.570926E+074 2.150400E+004, Wed Sep 02 17:15:02 2015
1.80, 0.00, 1.96, 0.00 , 6.853374E-005, -6.865830E-005, -1.948304E-012, -4.192250E-011, 2.150400E+004 1.570926E+074 2.150400E+004, Wed Sep 02 17:15:06 2015
1.80, 0.00, 1.98, 0.00 , 7.200256E-005, -7.182090E-005, 1.866850E-012, -3.892910E-011, 2.150400E+004 1.570926E+074 2.150400E+004, Wed Sep 02 17:15:09 2015
1.80, 0.00, 2.00, 0.00 , 7.510736E-005, -7.512640E-005, -1.990212E-012, -3.600930E-011, 2.150400E+004 1.570926E+074 2.150400E+004, Wed Sep 02 17:15:13 2015
