0.00, 0.00, 0.40, 0.00 , -9.122733E-010, 8.557560E-010, -8.069344E-012, -1.383940E-012, 2.150400E+004 1.570926E+074 2.150400E+004, Sun Aug 30 23:35:44 2015
0.05, 0.00, 0.40, 0.00 , -7.477813E-010, 7.050230E-010, -8.907843E-012, -1.486680E-012, 2.150400E+004 1.570926E+074 2.150400E+004, Sun Aug 30 23:35:48 2015
0.10, 0.00, 0.40, 0.00 , -5.975518E-010, 5.670010E-010, -9.410937E-012, -1.320680E-012, 2.150400E+004 1.570926E+074 2.150400E+004, Sun Aug 30 23:35:55 2015
0.15, 0.00, 0.40, 0.00 , -4.712485E-010, 4.446430E-010, -9.033612E-012, -1.409770E-012, 2.150400E+004 1.570926E+074 2.150400E+004, Sun Aug 30 23:36:01 2015
0.20, 0.00, 0.40, 0.00 , -3.491235E-010, 3.248810E-010, -1.020751E-011, -1.275310E-012, 2.150400E+004 1.570926E+074 2.150400E+004, Sun Aug 30 23:36:07 2015
0.25, 0.00, 0.40, 0.00 , -2.427813E-010, 2.150420E-010, -8.488594E-012, -1.080490E-012, 2.150400E+004 1.570926E+074 2.150400E+004, Sun Aug 30 23:36:19 2015
0.30, 0.00, 0.40, 0.00 , -1.366499E-010, 1.149890E-010, -1.201028E-011, -1.195230E-012, 2.150400E+004 1.570926E+074 2.150400E+004, Sun Aug 30 23:36:35 2015
0.35, 0.00, 0.40, 0.00 , -4.608224E-012, 7.430280E-012, -1.322611E-011, -1.335690E-012, 2.150400E+004 1.570926E+074 2.150400E+004, Sun Aug 30 23:36:40 2015
0.40, 0.00, 0.40, 0.00 , 4.653371E-011, -6.092960E-011, -1.347765E-011, -1.259480E-012, 2.150400E+004 1.570926E+074 2.150400E+004, Sun Aug 30 23:36:58 2015
0.45, 0.00, 0.40, 0.00 , 1.498292E-010, -1.428180E-010, -1.758628E-011, -1.508200E-012, 2.150400E+004 1.570926E+074 2.150400E+004, Sun Aug 30 23:37:09 2015
0.50, 0.00, 0.40, 0.00 , 2.161187E-010, -2.205490E-010, -1.238760E-011, -1.402430E-012, 2.150400E+004 1.570926E+074 2.150400E+004, Sun Aug 30 23:37:19 2015
0.55, 0.00, 0.40, 0.00 , 2.974306E-010, -2.986490E-010, -1.565774E-011, -1.419310E-012, 2.150400E+004 1.570926E+074 2.150400E+004, Sun Aug 30 23:37:27 2015
0.60, 0.00, 0.40, 0.00 , 3.721593E-010, -3.685720E-010, -1.507079E-011, -1.463580E-012, 2.150400E+004 1.570926E+074 2.150400E+004, Sun Aug 30 23:37:35 2015
0.65, 0.00, 0.40, 0.00 , 4.299678E-010, -4.244110E-010, -1.590929E-011, -1.444730E-012, 2.150400E+004 1.570926E+074 2.150400E+004, Sun Aug 30 23:37:44 2015
0.70, 0.00, 0.40, 0.00 , 5.090007E-010, -4.979860E-010, -1.435807E-011, -1.586830E-012, 2.150400E+004 1.570926E+074 2.150400E+004, Sun Aug 30 23:37:49 2015
0.75, 0.00, 0.40, 0.00 , 5.508169E-010, -5.408210E-010, -1.519656E-011, -1.565640E-012, 2.150400E+004 1.570926E+074 2.150400E+004, Sun Aug 30 23:37:58 2015
0.80, 0.00, 0.40, 0.00 , 6.113680E-010, -5.980210E-010, -1.431614E-011, -1.744930E-012, 2.150400E+004 1.570926E+074 2.150400E+004, Sun Aug 30 23:38:05 2015
0.85, 0.00, 0.40, 0.00 , 6.768979E-010, -6.593300E-010, -1.498694E-011, -1.788990E-012, 2.150400E+004 1.570926E+074 2.150400E+004, Sun Aug 30 23:38:10 2015
0.90, 0.00, 0.40, 0.00 , 7.311619E-010, -7.117780E-010, -1.486116E-011, -1.869630E-012, 2.150400E+004 1.570926E+074 2.150400E+004, Sun Aug 30 23:38:16 2015
0.95, 0.00, 0.40, 0.00 , 7.472385E-010, -7.341140E-010, -1.330995E-011, -1.809470E-012, 2.150400E+004 1.570926E+074 2.150400E+004, Sun Aug 30 23:38:26 2015
1.00, 0.00, 0.40, 0.00 , 7.869867E-010, -7.695460E-010, -1.549004E-011, -1.932370E-012, 2.150400E+004 1.570926E+074 2.150400E+004, Sun Aug 30 23:38:34 2015
1.05, 0.00, 0.40, 0.00 , 8.436132E-010, -8.168460E-010, -1.699933E-011, -1.930050E-012, 2.150400E+004 1.570926E+074 2.150400E+004, Sun Aug 30 23:38:41 2015
1.10, 0.00, 0.40, 0.00 , 8.956410E-010, -8.648780E-010, -1.674778E-011, -2.127550E-012, 2.150400E+004 1.570926E+074 2.150400E+004, Sun Aug 30 23:38:47 2015
1.15, 0.00, 0.40, 0.00 , 9.417611E-010, -9.091200E-010, -1.347765E-011, -2.109170E-012, 2.150400E+004 1.570926E+074 2.150400E+004, Sun Aug 30 23:38:53 2015
1.20, 0.00, 0.40, 0.00 , 9.880926E-010, -9.576880E-010, -1.590928E-011, -2.121750E-012, 2.150400E+004 1.570926E+074 2.150400E+004, Sun Aug 30 23:39:00 2015
1.25, 0.00, 0.40, 0.00 , 1.057420E-009, -1.021520E-009, -1.674778E-011, -2.232600E-012, 2.150400E+004 1.570926E+074 2.150400E+004, Sun Aug 30 23:39:06 2015
1.30, 0.00, 0.40, 0.00 , 1.123077E-009, -1.086910E-009, -1.658008E-011, -2.302120E-012, 2.150400E+004 1.570926E+074 2.150400E+004, Sun Aug 30 23:39:10 2015
1.35, 0.00, 0.40, 0.00 , 1.200929E-009, -1.165880E-009, -1.905365E-011, -2.576910E-012, 2.150400E+004 1.570926E+074 2.150400E+004, Sun Aug 30 23:39:14 2015
1.40, 0.00, 0.40, 0.00 , 1.267344E-009, -1.229310E-009, -1.867632E-011, -2.563410E-012, 2.150400E+004 1.570926E+074 2.150400E+004, Sun Aug 30 23:39:19 2015
1.45, 0.00, 0.40, 0.00 , 1.344436E-009, -1.304490E-009, -1.666393E-011, -2.695880E-012, 2.150400E+004 1.570926E+074 2.150400E+004, Sun Aug 30 23:39:22 2015
1.50, 0.00, 0.40, 0.00 , 1.410852E-009, -1.365520E-009, -1.653816E-011, -2.628610E-012, 2.150400E+004 1.570926E+074 2.150400E+004, Sun Aug 30 23:39:27 2015
1.55, 0.00, 0.40, 0.00 , 1.475961E-009, -1.427550E-009, -1.653816E-011, -2.577270E-012, 2.150400E+004 1.570926E+074 2.150400E+004, Sun Aug 30 23:39:32 2015
1.60, 0.00, 0.40, 0.00 , 1.544106E-009, -1.496260E-009, -1.649624E-011, -2.832170E-012, 2.150400E+004 1.570926E+074 2.150400E+004, Sun Aug 30 23:39:35 2015
1.65, 0.00, 0.40, 0.00 , 1.613014E-009, -1.555470E-009, -1.653816E-011, -2.882580E-012, 2.150400E+004 1.570926E+074 2.150400E+004, Sun Aug 30 23:39:39 2015
1.70, 0.00, 0.40, 0.00 , 1.655462E-009, -1.603930E-009, -1.750243E-011, -2.823900E-012, 2.150400E+004 1.570926E+074 2.150400E+004, Sun Aug 30 23:39:44 2015
1.75, 0.00, 0.40, 0.00 , 1.722302E-009, -1.667230E-009, -1.850862E-011, -2.988410E-012, 2.150400E+004 1.570926E+074 2.150400E+004, Sun Aug 30 23:39:47 2015
1.80, 0.00, 0.40, 0.00 , 1.765805E-009, -1.708120E-009, -1.871825E-011, -2.882910E-012, 2.150400E+004 1.570926E+074 2.150400E+004, Sun Aug 30 23:39:52 2015
1.85, 0.00, 0.40, 0.00 , 1.828127E-009, -1.767220E-009, -1.859248E-011, -3.177370E-012, 2.150400E+004 1.570926E+074 2.150400E+004, Sun Aug 30 23:39:56 2015
1.90, 0.00, 0.40, 0.00 , 1.890492E-009, -1.827010E-009, -1.733473E-011, -3.262090E-012, 2.150400E+004 1.570926E+074 2.150400E+004, Sun Aug 30 23:40:00 2015
1.95, 0.00, 0.40, 0.00 , 1.939312E-009, -1.874560E-009, -1.787975E-011, -3.119970E-012, 2.150400E+004 1.570926E+074 2.150400E+004, Sun Aug 30 23:40:04 2015
2.00, 0.00, 0.40, 0.00 , 2.010921E-009, -1.935050E-009, -1.804745E-011, -3.235390E-012, 2.150400E+004 1.570926E+074 2.150400E+004, Sun Aug 30 23:40:08 2015
