0.00, 0.00, 1.60, 0.00 , -9.120267E-011, 1.106380E-010, 1.447942E-012, -8.501170E-013, 2.150400E+004 1.570926E+074 2.150400E+004, Wed Sep 02 19:30:14 2015
0.02, 0.00, 1.60, 0.00 , 1.667159E-007, -1.670000E-007, -8.160313E-013, -7.140280E-013, 2.150400E+004 1.570926E+074 2.150400E+004, Wed Sep 02 19:30:19 2015
0.04, 0.00, 1.60, 0.00 , 5.579508E-007, -5.573940E-007, -2.828444E-012, -8.806590E-013, 2.150400E+004 1.570926E+074 2.150400E+004, Wed Sep 02 19:30:22 2015
0.06, 0.00, 1.60, 0.00 , 1.081062E-006, -1.080520E-006, -6.266333E-012, -7.375240E-013, 2.150400E+004 1.570926E+074 2.150400E+004, Wed Sep 02 19:30:26 2015
0.08, 0.00, 1.60, 0.00 , 1.692604E-006, -1.691310E-006, -5.763228E-012, -7.920740E-013, 2.150400E+004 1.570926E+074 2.150400E+004, Wed Sep 02 19:30:30 2015
0.10, 0.00, 1.60, 0.00 , 2.366201E-006, -2.364990E-006, -3.876583E-012, -6.715060E-013, 2.150400E+004 1.570926E+074 2.150400E+004, Wed Sep 02 19:30:33 2015
0.12, 0.00, 1.60, 0.00 , 3.067185E-006, -3.066030E-006, -2.828448E-012, -8.520250E-013, 2.150400E+004 1.570926E+074 2.150400E+004, Wed Sep 02 19:30:37 2015
0.14, 0.00, 1.60, 0.00 , 3.776192E-006, -3.775560E-006, -3.163853E-012, -8.310320E-013, 2.150400E+004 1.570926E+074 2.150400E+004, Wed Sep 02 19:30:40 2015
0.16, 0.00, 1.60, 0.00 , 4.487417E-006, -4.485330E-006, -4.086212E-012, -8.340480E-013, 2.150400E+004 1.570926E+074 2.150400E+004, Wed Sep 02 19:30:44 2015
0.18, 0.00, 1.60, 0.00 , 5.185173E-006, -5.184220E-006, -4.840872E-012, -9.605170E-013, 2.150400E+004 1.570926E+074 2.150400E+004, Wed Sep 02 19:30:47 2015
0.20, 0.00, 1.60, 0.00 , 5.862036E-006, -5.859430E-006, -4.170057E-012, -8.087280E-013, 2.150400E+004 1.570926E+074 2.150400E+004, Wed Sep 02 19:30:51 2015
0.22, 0.00, 1.60, 0.00 , 6.511787E-006, -6.509780E-006, 6.932857E-013, -8.671760E-013, 2.150400E+004 1.570926E+074 2.150400E+004, Wed Sep 02 19:30:55 2015
0.24, 0.00, 1.60, 0.00 , 7.126302E-006, -7.123940E-006, -5.637459E-012, -9.374380E-013, 2.150400E+004 1.570926E+074 2.150400E+004, Wed Sep 02 19:30:58 2015
0.26, 0.00, 1.60, 0.00 , 7.706893E-006, -7.705260E-006, -1.906088E-012, -1.128350E-012, 2.150400E+004 1.570926E+074 2.150400E+004, Wed Sep 02 19:31:02 2015
0.28, 0.00, 1.60, 0.00 , 8.256965E-006, -8.253760E-006, -6.140555E-012, -9.435650E-013, 2.150400E+004 1.570926E+074 2.150400E+004, Wed Sep 02 19:31:05 2015
0.30, 0.00, 1.60, 0.00 , 8.743803E-006, -8.742580E-006, -6.182485E-012, -1.091930E-012, 2.150400E+004 1.570926E+074 2.150400E+004, Wed Sep 02 19:31:09 2015
0.32, 0.00, 1.60, 0.00 , 9.195423E-006, -9.193380E-006, -4.337761E-012, -1.081230E-012, 2.150400E+004 1.570926E+074 2.150400E+004, Wed Sep 02 19:31:12 2015
0.34, 0.00, 1.60, 0.00 , 9.580587E-006, -9.579590E-006, -2.157649E-012, -1.269710E-012, 2.150400E+004 1.570926E+074 2.150400E+004, Wed Sep 02 19:31:16 2015
0.36, 0.00, 1.60, 0.00 , 9.939601E-006, -9.935800E-006, -5.302045E-012, -1.044670E-012, 2.150400E+004 1.570926E+074 2.150400E+004, Wed Sep 02 19:31:19 2015
0.38, 0.00, 1.60, 0.00 , 1.023944E-005, -1.022540E-005, -5.763228E-012, -1.070370E-012, 2.150400E+004 1.570926E+074 2.150400E+004, Wed Sep 02 19:31:23 2015
0.40, 0.00, 1.60, 0.00 , 1.074610E-005, -1.074770E-005, -4.966649E-012, -1.186690E-012, 2.150400E+004 1.570926E+074 2.150400E+004, Wed Sep 02 19:31:28 2015
0.42, 0.00, 1.60, 0.00 , 1.097361E-005, -1.099110E-005, -3.121923E-012, -1.116540E-012, 2.150400E+004 1.570926E+074 2.150400E+004, Wed Sep 02 19:31:31 2015
0.44, 0.00, 1.60, 0.00 , 1.124192E-005, -1.123930E-005, -3.625041E-012, -1.034220E-012, 2.150400E+004 1.570926E+074 2.150400E+004, Wed Sep 02 19:31:35 2015
0.46, 0.00, 1.60, 0.00 , 1.144241E-005, -1.144370E-005, -2.409179E-012, -1.157460E-012, 2.150400E+004 1.570926E+074 2.150400E+004, Wed Sep 02 19:31:38 2015
0.48, 0.00, 1.60, 0.00 , 1.127915E-005, -1.126830E-005, -4.421605E-012, -1.227930E-012, 2.150400E+004 1.570926E+074 2.150400E+004, Wed Sep 02 19:31:43 2015
0.50, 0.00, 1.60, 0.00 , 1.147501E-005, -1.148730E-005, -5.721304E-012, -1.230390E-012, 2.150400E+004 1.570926E+074 2.150400E+004, Wed Sep 02 19:31:47 2015
0.52, 0.00, 1.60, 0.00 , 1.167721E-005, -1.167910E-005, -4.798944E-012, -1.277080E-012, 2.150400E+004 1.570926E+074 2.150400E+004, Wed Sep 02 19:31:50 2015
0.54, 0.00, 1.60, 0.00 , 1.183554E-005, -1.183260E-005, -5.553594E-012, -1.374320E-012, 2.150400E+004 1.570926E+074 2.150400E+004, Wed Sep 02 19:31:54 2015
0.56, 0.00, 1.60, 0.00 , 1.197153E-005, -1.197090E-005, -5.469748E-012, -1.365140E-012, 2.150400E+004 1.570926E+074 2.150400E+004, Wed Sep 02 19:31:57 2015
0.58, 0.00, 1.60, 0.00 , 1.213605E-005, -1.214150E-005, -1.067584E-012, -1.516080E-012, 2.150400E+004 1.570926E+074 2.150400E+004, Wed Sep 02 19:32:01 2015
0.60, 0.00, 1.60, 0.00 , 1.228902E-005, -1.229750E-005, -1.822230E-012, -1.427190E-012, 2.150400E+004 1.570926E+074 2.150400E+004, Wed Sep 02 19:32:04 2015
0.62, 0.00, 1.60, 0.00 , 1.243080E-005, -1.244290E-005, -2.283415E-012, -1.308430E-012, 2.150400E+004 1.570926E+074 2.150400E+004, Wed Sep 02 19:32:08 2015
0.64, 0.00, 1.60, 0.00 , 1.253887E-005, -1.252500E-005, -3.583108E-012, -1.457020E-012, 2.150400E+004 1.570926E+074 2.150400E+004, Wed Sep 02 19:32:11 2015
0.66, 0.00, 1.60, 0.00 , 1.264639E-005, -1.263720E-005, -3.960429E-012, -1.537430E-012, 2.150400E+004 1.570926E+074 2.150400E+004, Wed Sep 02 19:32:15 2015
0.68, 0.00, 1.60, 0.00 , 1.277645E-005, -1.278840E-005, -6.182483E-012, -1.415780E-012, 2.150400E+004 1.570926E+074 2.150400E+004, Wed Sep 02 19:32:19 2015
0.70, 0.00, 1.60, 0.00 , 1.285971E-005, -1.286050E-005, -3.750814E-012, -1.467110E-012, 2.150400E+004 1.570926E+074 2.150400E+004, Wed Sep 02 19:32:22 2015
0.72, 0.00, 1.60, 0.00 , 1.298360E-005, -1.296600E-005, -3.289627E-012, -1.371660E-012, 2.150400E+004 1.570926E+074 2.150400E+004, Wed Sep 02 19:32:26 2015
0.74, 0.00, 1.60, 0.00 , 1.309139E-005, -1.308080E-005, -4.086205E-012, -1.498750E-012, 2.150400E+004 1.570926E+074 2.150400E+004, Wed Sep 02 19:32:29 2015
0.76, 0.00, 1.60, 0.00 , 1.316629E-005, -1.317750E-005, -1.319129E-012, -1.407400E-012, 2.150400E+004 1.570926E+074 2.150400E+004, Wed Sep 02 19:32:33 2015
0.78, 0.00, 1.60, 0.00 , 1.326113E-005, -1.326330E-005, -2.576895E-012, -1.487290E-012, 2.150400E+004 1.570926E+074 2.150400E+004, Wed Sep 02 19:32:36 2015
0.80, 0.00, 1.60, 0.00 , 1.338236E-005, -1.337860E-005, -2.409193E-012, -1.566900E-012, 2.150400E+004 1.570926E+074 2.150400E+004, Wed Sep 02 19:32:40 2015
0.82, 0.00, 1.60, 0.00 , 1.347923E-005, -1.348900E-005, -4.966640E-012, -1.522610E-012, 2.150400E+004 1.570926E+074 2.150400E+004, Wed Sep 02 19:32:43 2015
0.84, 0.00, 1.60, 0.00 , 1.359516E-005, -1.359140E-005, -3.205786E-012, -1.672890E-012, 2.150400E+004 1.570926E+074 2.150400E+004, Wed Sep 02 19:32:47 2015
0.86, 0.00, 1.60, 0.00 , 1.370247E-005, -1.372450E-005, -2.709846E-013, -1.570740E-012, 2.150400E+004 1.570926E+074 2.150400E+004, Wed Sep 02 19:32:51 2015
0.88, 0.00, 1.60, 0.00 , 1.381499E-005, -1.381440E-005, -5.050495E-012, -1.551400E-012, 2.150400E+004 1.570926E+074 2.150400E+004, Wed Sep 02 19:32:54 2015
0.90, 0.00, 1.60, 0.00 , 1.388889E-005, -1.391450E-005, -5.225490E-013, -1.703520E-012, 2.150400E+004 1.570926E+074 2.150400E+004, Wed Sep 02 19:32:58 2015
0.92, 0.00, 1.60, 0.00 , 1.406700E-005, -1.406300E-005, -1.528753E-012, -1.666580E-012, 2.150400E+004 1.570926E+074 2.150400E+004, Wed Sep 02 19:33:01 2015
0.94, 0.00, 1.60, 0.00 , 1.432801E-005, -1.432730E-005, 2.248202E-014, -1.790690E-012, 2.150400E+004 1.570926E+074 2.150400E+004, Wed Sep 02 19:33:05 2015
0.96, 0.00, 1.60, 0.00 , 1.451251E-005, -1.450430E-005, -1.654531E-012, -1.709890E-012, 2.150400E+004 1.570926E+074 2.150400E+004, Wed Sep 02 19:33:08 2015
0.98, 0.00, 1.60, 0.00 , 1.468934E-005, -1.464110E-005, -5.972854E-012, -1.854990E-012, 2.150400E+004 1.570926E+074 2.150400E+004, Wed Sep 02 19:33:12 2015
1.00, 0.00, 1.60, 0.00 , 1.483249E-005, -1.480240E-005, -3.163848E-012, -1.687100E-012, 2.150400E+004 1.570926E+074 2.150400E+004, Wed Sep 02 19:33:15 2015
1.02, 0.00, 1.60, 0.00 , 1.489849E-005, -1.490380E-005, -1.235295E-012, -1.897810E-012, 2.150400E+004 1.570926E+074 2.150400E+004, Wed Sep 02 19:33:19 2015
1.04, 0.00, 1.60, 0.00 , 1.508970E-005, -1.509640E-005, -5.385898E-012, -1.750460E-012, 2.150400E+004 1.570926E+074 2.150400E+004, Wed Sep 02 19:33:22 2015
1.06, 0.00, 1.60, 0.00 , 1.519953E-005, -1.518270E-005, -1.822240E-012, -1.941110E-012, 2.150400E+004 1.570926E+074 2.150400E+004, Wed Sep 02 19:33:26 2015
1.08, 0.00, 1.60, 0.00 , 1.535307E-005, -1.537690E-005, -4.798951E-012, -1.808390E-012, 2.150400E+004 1.570926E+074 2.150400E+004, Wed Sep 02 19:33:30 2015
1.10, 0.00, 1.60, 0.00 , 1.548174E-005, -1.551420E-005, -4.589315E-012, -1.907240E-012, 2.150400E+004 1.570926E+074 2.150400E+004, Wed Sep 02 19:33:33 2015
1.12, 0.00, 1.60, 0.00 , 1.565745E-005, -1.564770E-005, -2.073779E-012, -1.798430E-012, 2.150400E+004 1.570926E+074 2.150400E+004, Wed Sep 02 19:33:37 2015
1.14, 0.00, 1.60, 0.00 , 1.576035E-005, -1.580590E-005, -6.064073E-013, -1.887000E-012, 2.150400E+004 1.570926E+074 2.150400E+004, Wed Sep 02 19:33:40 2015
1.16, 0.00, 1.60, 0.00 , 1.593797E-005, -1.597330E-005, -5.930928E-012, -1.910100E-012, 2.150400E+004 1.570926E+074 2.150400E+004, Wed Sep 02 19:33:44 2015
1.18, 0.00, 1.60, 0.00 , 1.609888E-005, -1.607310E-005, -3.666947E-012, -1.884400E-012, 2.150400E+004 1.570926E+074 2.150400E+004, Wed Sep 02 19:33:47 2015
1.20, 0.00, 1.60, 0.00 , 1.626289E-005, -1.627510E-005, -6.056712E-012, -1.892240E-012, 2.150400E+004 1.570926E+074 2.150400E+004, Wed Sep 02 19:33:51 2015
1.22, 0.00, 1.60, 0.00 , 1.640023E-005, -1.637330E-005, -4.673170E-012, -1.923740E-012, 2.150400E+004 1.570926E+074 2.150400E+004, Wed Sep 02 19:33:54 2015
1.24, 0.00, 1.60, 0.00 , 1.657415E-005, -1.657320E-005, -6.266329E-012, -2.145230E-012, 2.150400E+004 1.570926E+074 2.150400E+004, Wed Sep 02 19:33:58 2015
1.26, 0.00, 1.60, 0.00 , 1.672299E-005, -1.669090E-005, -8.781855E-012, -2.019050E-012, 2.150400E+004 1.570926E+074 2.150400E+004, Wed Sep 02 19:34:02 2015
1.28, 0.00, 1.60, 0.00 , 1.693715E-005, -1.690100E-005, -4.386925E-013, -2.003560E-012, 2.150400E+004 1.570926E+074 2.150400E+004, Wed Sep 02 19:34:05 2015
1.30, 0.00, 1.60, 0.00 , 1.696143E-005, -1.702070E-005, -2.912295E-012, -2.160270E-012, 2.150400E+004 1.570926E+074 2.150400E+004, Wed Sep 02 19:34:09 2015
1.32, 0.00, 1.60, 0.00 , 1.714962E-005, -1.719180E-005, -4.463541E-012, -2.099280E-012, 2.150400E+004 1.570926E+074 2.150400E+004, Wed Sep 02 19:34:12 2015
1.34, 0.00, 1.60, 0.00 , 1.730444E-005, -1.729000E-005, -3.792732E-012, -2.238390E-012, 2.150400E+004 1.570926E+074 2.150400E+004, Wed Sep 02 19:34:16 2015
1.36, 0.00, 1.60, 0.00 , 1.747562E-005, -1.745930E-005, 9.029270E-013, -2.275320E-012, 2.150400E+004 1.570926E+074 2.150400E+004, Wed Sep 02 19:34:19 2015
1.38, 0.00, 1.60, 0.00 , 1.764411E-005, -1.767570E-005, -2.912290E-012, -2.480700E-012, 2.150400E+004 1.570926E+074 2.150400E+004, Wed Sep 02 19:34:23 2015
1.40, 0.00, 1.60, 0.00 , 1.776142E-005, -1.773270E-005, -2.031864E-012, -2.367350E-012, 2.150400E+004 1.570926E+074 2.150400E+004, Wed Sep 02 19:34:26 2015
1.42, 0.00, 1.60, 0.00 , 1.790918E-005, -1.792280E-005, -2.996148E-012, -2.248550E-012, 2.150400E+004 1.570926E+074 2.150400E+004, Wed Sep 02 19:34:30 2015
1.44, 0.00, 1.60, 0.00 , 1.805043E-005, -1.796840E-005, -6.727516E-012, -2.441790E-012, 2.150400E+004 1.570926E+074 2.150400E+004, Wed Sep 02 19:34:34 2015
1.46, 0.00, 1.60, 0.00 , 1.828047E-005, -1.825820E-005, -3.750816E-012, -2.772300E-012, 2.150400E+004 1.570926E+074 2.150400E+004, Wed Sep 02 19:34:37 2015
1.48, 0.00, 1.60, 0.00 , 1.840418E-005, -1.842780E-005, -8.488389E-012, -2.959720E-012, 2.150400E+004 1.570926E+074 2.150400E+004, Wed Sep 02 19:34:41 2015
1.50, 0.00, 1.60, 0.00 , 1.853599E-005, -1.848850E-005, -6.483321E-013, -3.459640E-012, 2.150400E+004 1.570926E+074 2.150400E+004, Wed Sep 02 19:34:44 2015
1.52, 0.00, 1.60, 0.00 , 1.869103E-005, -1.865640E-005, -4.966643E-012, -3.973470E-012, 2.150400E+004 1.570926E+074 2.150400E+004, Wed Sep 02 19:34:48 2015
1.54, 0.00, 1.60, 0.00 , 1.890704E-005, -1.884440E-005, -1.906085E-012, -4.588200E-012, 2.150400E+004 1.570926E+074 2.150400E+004, Wed Sep 02 19:34:51 2015
1.56, 0.00, 1.60, 0.00 , 1.903754E-005, -1.904710E-005, -4.798941E-012, -5.604370E-012, 2.150400E+004 1.570926E+074 2.150400E+004, Wed Sep 02 19:34:55 2015
1.58, 0.00, 1.60, 0.00 , 1.926533E-005, -1.923080E-005, -2.744601E-012, -6.931190E-012, 2.150400E+004 1.570926E+074 2.150400E+004, Wed Sep 02 19:34:58 2015
1.60, 0.00, 1.60, 0.00 , 1.940196E-005, -1.940050E-005, -6.769437E-012, -9.094920E-012, 2.150400E+004 1.570926E+074 2.150400E+004, Wed Sep 02 19:35:02 2015
1.62, 0.00, 1.60, 0.00 , 1.951502E-005, -1.950330E-005, -4.253915E-012, -1.210680E-011, 2.150400E+004 1.570926E+074 2.150400E+004, Wed Sep 02 19:35:06 2015
1.64, 0.00, 1.60, 0.00 , 1.976141E-005, -1.976650E-005, -6.811357E-012, -1.563130E-011, 2.150400E+004 1.570926E+074 2.150400E+004, Wed Sep 02 19:35:09 2015
1.66, 0.00, 1.60, 0.00 , 2.002257E-005, -2.004630E-005, -5.225438E-013, -2.094530E-011, 2.150400E+004 1.570926E+074 2.150400E+004, Wed Sep 02 19:35:13 2015
1.68, 0.00, 1.60, 0.00 , 2.031936E-005, -2.032080E-005, -3.834651E-012, -2.763290E-011, 2.150400E+004 1.570926E+074 2.150400E+004, Wed Sep 02 19:35:16 2015
1.70, 0.00, 1.60, 0.00 , 2.050886E-005, -2.052330E-005, -3.080000E-012, -3.660660E-011, 2.150400E+004 1.570926E+074 2.150400E+004, Wed Sep 02 19:35:20 2015
1.72, 0.00, 1.60, 0.00 , 2.066581E-005, -2.069900E-005, -4.505474E-012, -4.892140E-011, 2.150400E+004 1.570926E+074 2.150400E+004, Wed Sep 02 19:35:23 2015
1.74, 0.00, 1.60, 0.00 , 2.082329E-005, -2.082850E-005, -4.715089E-012, -6.393470E-011, 2.150400E+004 1.570926E+074 2.150400E+004, Wed Sep 02 19:35:27 2015
1.76, 0.00, 1.60, 0.00 , 2.108502E-005, -2.109580E-005, -4.337766E-012, -8.383140E-011, 2.150400E+004 1.570926E+074 2.150400E+004, Wed Sep 02 19:35:30 2015
1.78, 0.00, 1.60, 0.00 , 2.144761E-005, -2.134260E-005, -2.283432E-012, -1.090740E-010, 2.150400E+004 1.570926E+074 2.150400E+004, Wed Sep 02 19:35:35 2015
1.80, 0.00, 1.60, 0.00 , 2.154096E-005, -2.153430E-005, -8.236824E-012, -1.406880E-010, 2.150400E+004 1.570926E+074 2.150400E+004, Wed Sep 02 19:35:39 2015
1.82, 0.00, 1.60, 0.00 , 2.185904E-005, -2.189420E-005, -6.063969E-013, -1.774660E-010, 2.150400E+004 1.570926E+074 2.150400E+004, Wed Sep 02 19:35:42 2015
1.84, 0.00, 1.60, 0.00 , 2.204101E-005, -2.205510E-005, -3.038089E-012, -2.244680E-010, 2.150400E+004 1.570926E+074 2.150400E+004, Wed Sep 02 19:35:45 2015
1.86, 0.00, 1.60, 0.00 , 2.242788E-005, -2.234600E-005, -5.385909E-012, -2.821060E-010, 2.150400E+004 1.570926E+074 2.150400E+004, Wed Sep 02 19:35:48 2015
1.88, 0.00, 1.60, 0.00 , 2.256988E-005, -2.262880E-005, -1.361062E-012, -3.528920E-010, 2.150400E+004 1.570926E+074 2.150400E+004, Wed Sep 02 19:35:52 2015
1.90, 0.00, 1.60, 0.00 , 2.293591E-005, -2.308880E-005, -5.050503E-012, -4.331280E-010, 2.150400E+004 1.570926E+074 2.150400E+004, Wed Sep 02 19:35:55 2015
1.92, 0.00, 1.60, 0.00 , 2.306951E-005, -2.328470E-005, -2.534974E-012, -5.265700E-010, 2.150400E+004 1.570926E+074 2.150400E+004, Wed Sep 02 19:35:58 2015
1.94, 0.00, 1.60, 0.00 , 2.344284E-005, -2.339250E-005, -3.876588E-012, -6.370600E-010, 2.150400E+004 1.570926E+074 2.150400E+004, Wed Sep 02 19:36:01 2015
1.96, 0.00, 1.60, 0.00 , 2.372402E-005, -2.373260E-005, -2.325345E-012, -7.649020E-010, 2.150400E+004 1.570926E+074 2.150400E+004, Wed Sep 02 19:36:05 2015
1.98, 0.00, 1.60, 0.00 , 2.392582E-005, -2.389940E-005, -5.763235E-012, -9.109070E-010, 2.150400E+004 1.570926E+074 2.150400E+004, Wed Sep 02 19:36:08 2015
2.00, 0.00, 1.60, 0.00 , 2.417939E-005, -2.423780E-005, -3.876588E-012, -1.095190E-009, 2.150400E+004 1.570926E+074 2.150400E+004, Wed Sep 02 19:36:11 2015
