0.00, 0.00, 1.20, 0.00 , -9.672134E-012, -1.893500E-010, 6.475399E-011, 1.042330E-012, 2.150400E+004 1.570926E+074 2.150400E+004, Sun Aug 30 23:44:12 2015
0.05, 0.00, 1.20, 0.00 , 5.196827E-007, -5.208190E-007, 5.255388E-011, -1.138720E-012, 2.150400E+004 1.570926E+074 2.150400E+004, Sun Aug 30 23:44:17 2015
0.10, 0.00, 1.20, 0.00 , 8.355159E-007, -8.346710E-007, 4.458815E-011, -1.920530E-012, 2.150400E+004 1.570926E+074 2.150400E+004, Sun Aug 30 23:44:20 2015
0.15, 0.00, 1.20, 0.00 , 1.025907E-006, -1.027290E-006, 4.274349E-011, -2.066740E-012, 2.150400E+004 1.570926E+074 2.150400E+004, Sun Aug 30 23:44:24 2015
0.20, 0.00, 1.20, 0.00 , 1.155243E-006, -1.155900E-006, 3.720941E-011, -2.390680E-012, 2.150400E+004 1.570926E+074 2.150400E+004, Sun Aug 30 23:44:28 2015
0.25, 0.00, 1.20, 0.00 , 1.253125E-006, -1.252460E-006, 3.645473E-011, -2.247540E-012, 2.150400E+004 1.570926E+074 2.150400E+004, Sun Aug 30 23:44:31 2015
0.30, 0.00, 1.20, 0.00 , 1.323972E-006, -1.322290E-006, 3.251389E-011, -2.223290E-012, 2.150400E+004 1.570926E+074 2.150400E+004, Sun Aug 30 23:44:35 2015
0.35, 0.00, 1.20, 0.00 , 1.394066E-006, -1.391650E-006, 3.050147E-011, -2.339270E-012, 2.150400E+004 1.570926E+074 2.150400E+004, Sun Aug 30 23:44:38 2015
0.40, 0.00, 1.20, 0.00 , 1.445183E-006, -1.439530E-006, 2.966295E-011, -2.292000E-012, 2.150400E+004 1.570926E+074 2.150400E+004, Sun Aug 30 23:44:42 2015
0.45, 0.00, 1.20, 0.00 , 1.490649E-006, -1.494500E-006, 2.848905E-011, -2.341740E-012, 2.150400E+004 1.570926E+074 2.150400E+004, Sun Aug 30 23:44:45 2015
0.50, 0.00, 1.20, 0.00 , 1.530540E-006, -1.541060E-006, 2.547051E-011, -2.274700E-012, 2.150400E+004 1.570926E+074 2.150400E+004, Sun Aug 30 23:44:49 2015
0.55, 0.00, 1.20, 0.00 , 1.572278E-006, -1.571370E-006, 2.396117E-011, -2.282510E-012, 2.150400E+004 1.570926E+074 2.150400E+004, Sun Aug 30 23:44:53 2015
0.60, 0.00, 1.20, 0.00 , 1.623846E-006, -1.622190E-006, 2.261959E-011, -2.278350E-012, 2.150400E+004 1.570926E+074 2.150400E+004, Sun Aug 30 23:44:56 2015
0.65, 0.00, 1.20, 0.00 , 1.660840E-006, -1.661230E-006, 2.186494E-011, -2.398620E-012, 2.150400E+004 1.570926E+074 2.150400E+004, Sun Aug 30 23:45:00 2015
0.70, 0.00, 1.20, 0.00 , 1.699897E-006, -1.700380E-006, 1.972677E-011, -2.338520E-012, 2.150400E+004 1.570926E+074 2.150400E+004, Sun Aug 30 23:45:03 2015
0.75, 0.00, 1.20, 0.00 , 1.731038E-006, -1.729520E-006, 1.997832E-011, -2.345720E-012, 2.150400E+004 1.570926E+074 2.150400E+004, Sun Aug 30 23:45:07 2015
0.80, 0.00, 1.20, 0.00 , 1.773987E-006, -1.775640E-006, 1.846904E-011, -2.460720E-012, 2.150400E+004 1.570926E+074 2.150400E+004, Sun Aug 30 23:45:10 2015
0.85, 0.00, 1.20, 0.00 , 1.796999E-006, -1.801580E-006, 1.884637E-011, -2.551570E-012, 2.150400E+004 1.570926E+074 2.150400E+004, Sun Aug 30 23:45:14 2015
0.90, 0.00, 1.20, 0.00 , 1.835501E-006, -1.836140E-006, 1.687589E-011, -2.536820E-012, 2.150400E+004 1.570926E+074 2.150400E+004, Sun Aug 30 23:45:17 2015
0.95, 0.00, 1.20, 0.00 , 1.868960E-006, -1.863970E-006, 1.599547E-011, -2.587390E-012, 2.150400E+004 1.570926E+074 2.150400E+004, Sun Aug 30 23:45:21 2015
1.00, 0.00, 1.20, 0.00 , 1.892454E-006, -1.896440E-006, 1.742089E-011, -2.653730E-012, 2.150400E+004 1.570926E+074 2.150400E+004, Sun Aug 30 23:45:24 2015
1.05, 0.00, 1.20, 0.00 , 1.929808E-006, -1.926030E-006, 1.490544E-011, -2.761290E-012, 2.150400E+004 1.570926E+074 2.150400E+004, Sun Aug 30 23:45:28 2015
1.10, 0.00, 1.20, 0.00 , 1.963477E-006, -1.962550E-006, 1.503120E-011, -2.777850E-012, 2.150400E+004 1.570926E+074 2.150400E+004, Sun Aug 30 23:45:32 2015
1.15, 0.00, 1.20, 0.00 , 2.002862E-006, -1.999460E-006, 1.595354E-011, -2.925810E-012, 2.150400E+004 1.570926E+074 2.150400E+004, Sun Aug 30 23:45:35 2015
1.20, 0.00, 1.20, 0.00 , 2.030429E-006, -2.037160E-006, 1.226416E-011, -3.084730E-012, 2.150400E+004 1.570926E+074 2.150400E+004, Sun Aug 30 23:45:39 2015
1.25, 0.00, 1.20, 0.00 , 2.068243E-006, -2.071900E-006, 1.176110E-011, -3.431420E-012, 2.150400E+004 1.570926E+074 2.150400E+004, Sun Aug 30 23:45:42 2015
1.30, 0.00, 1.20, 0.00 , 2.110633E-006, -2.106900E-006, 1.117412E-011, -4.162220E-012, 2.150400E+004 1.570926E+074 2.150400E+004, Sun Aug 30 23:45:46 2015
1.35, 0.00, 1.20, 0.00 , 2.139600E-006, -2.151830E-006, 1.289303E-011, -5.307720E-012, 2.150400E+004 1.570926E+074 2.150400E+004, Sun Aug 30 23:45:49 2015
1.40, 0.00, 1.20, 0.00 , 2.200550E-006, -2.200130E-006, 1.268342E-011, -7.728290E-012, 2.150400E+004 1.570926E+074 2.150400E+004, Sun Aug 30 23:45:53 2015
1.45, 0.00, 1.20, 0.00 , 2.240145E-006, -2.243980E-006, 1.289301E-011, -1.181930E-011, 2.150400E+004 1.570926E+074 2.150400E+004, Sun Aug 30 23:45:56 2015
1.50, 0.00, 1.20, 0.00 , 2.285735E-006, -2.296830E-006, 1.251571E-011, -1.918020E-011, 2.150400E+004 1.570926E+074 2.150400E+004, Sun Aug 30 23:46:00 2015
1.55, 0.00, 1.20, 0.00 , 2.334733E-006, -2.329760E-006, 9.161703E-012, -3.099190E-011, 2.150400E+004 1.570926E+074 2.150400E+004, Sun Aug 30 23:46:03 2015
1.60, 0.00, 1.20, 0.00 , 2.374075E-006, -2.380220E-006, 1.054525E-011, -4.981450E-011, 2.150400E+004 1.570926E+074 2.150400E+004, Sun Aug 30 23:46:07 2015
1.65, 0.00, 1.20, 0.00 , 2.421048E-006, -2.432300E-006, 9.622907E-012, -7.765630E-011, 2.150400E+004 1.570926E+074 2.150400E+004, Sun Aug 30 23:46:10 2015
1.70, 0.00, 1.20, 0.00 , 2.487447E-006, -2.483170E-006, 9.706732E-012, -1.190400E-010, 2.150400E+004 1.570926E+074 2.150400E+004, Sun Aug 30 23:46:15 2015
1.75, 0.00, 1.20, 0.00 , 2.530618E-006, -2.530900E-006, 9.329430E-012, -1.789910E-010, 2.150400E+004 1.570926E+074 2.150400E+004, Sun Aug 30 23:46:19 2015
1.80, 0.00, 1.20, 0.00 , 2.570928E-006, -2.568770E-006, 7.694369E-012, -2.599770E-010, 2.150400E+004 1.570926E+074 2.150400E+004, Sun Aug 30 23:46:22 2015
1.85, 0.00, 1.20, 0.00 , 2.604294E-006, -2.598400E-006, 9.664828E-012, -3.715430E-010, 2.150400E+004 1.570926E+074 2.150400E+004, Sun Aug 30 23:46:25 2015
1.90, 0.00, 1.20, 0.00 , 2.671778E-006, -2.668670E-006, 8.281324E-012, -5.163790E-010, 2.150400E+004 1.570926E+074 2.150400E+004, Sun Aug 30 23:46:28 2015
1.95, 0.00, 1.20, 0.00 , 2.723976E-006, -2.713200E-006, 6.981631E-012, -7.028400E-010, 2.150400E+004 1.570926E+074 2.150400E+004, Sun Aug 30 23:46:32 2015
2.00, 0.00, 1.20, 0.00 , 2.750559E-006, -2.755700E-006, 6.394690E-012, -9.403010E-010, 2.150400E+004 1.570926E+074 2.150400E+004, Sun Aug 30 23:46:35 2015
