1.80, 1.80, 1.00, 1.80 , 8.774487E-008, -8.703800E-008, -3.045795E-011, 5.269800E-011, 2.150400E+004 1.570926E+074 2.150400E+004, Mon Aug 31 00:29:55 2015
1.75, 1.80, 1.00, 1.80 , -1.895752E-006, 1.889710E-006, -3.184162E-011, 5.565150E-011, 2.150400E+004 1.570926E+074 2.150400E+004, Mon Aug 31 00:29:59 2015
1.70, 1.80, 1.00, 1.80 , -3.042685E-006, 3.003570E-006, -3.297370E-011, 5.538760E-011, 2.150400E+004 1.570926E+074 2.150400E+004, Mon Aug 31 00:30:02 2015
1.65, 1.80, 1.00, 1.80 , -3.748506E-006, 3.736920E-006, -2.366544E-011, 5.625830E-011, 2.150400E+004 1.570926E+074 2.150400E+004, Mon Aug 31 00:30:06 2015
1.60, 1.80, 1.00, 1.80 , -4.196159E-006, 4.197040E-006, -2.148528E-011, 5.686740E-011, 2.150400E+004 1.570926E+074 2.150400E+004, Mon Aug 31 00:30:09 2015
1.55, 1.80, 1.00, 1.80 , -4.514479E-006, 4.496800E-006, -1.976637E-011, 5.858680E-011, 2.150400E+004 1.570926E+074 2.150400E+004, Mon Aug 31 00:30:13 2015
1.50, 1.80, 1.00, 1.80 , -4.635885E-006, 4.633240E-006, -2.362351E-011, 5.875080E-011, 2.150400E+004 1.570926E+074 2.150400E+004, Mon Aug 31 00:30:16 2015
1.45, 1.80, 1.00, 1.80 , -4.859943E-006, 4.858230E-006, -1.268105E-011, 6.125560E-011, 2.150400E+004 1.570926E+074 2.150400E+004, Mon Aug 31 00:30:20 2015
1.40, 1.80, 1.00, 1.80 , -5.005848E-006, 5.116450E-006, -1.507077E-011, 6.163300E-011, 2.150400E+004 1.570926E+074 2.150400E+004, Mon Aug 31 00:30:23 2015
1.35, 1.80, 1.00, 1.80 , -5.255339E-006, 5.247100E-006, -1.389686E-011, 6.192990E-011, 2.150400E+004 1.570926E+074 2.150400E+004, Mon Aug 31 00:30:27 2015
1.30, 1.80, 1.00, 1.80 , -5.424286E-006, 5.423650E-006, -1.343569E-011, 6.330280E-011, 2.150400E+004 1.570926E+074 2.150400E+004, Mon Aug 31 00:30:31 2015
1.25, 1.80, 1.00, 1.80 , -5.617419E-006, 5.651030E-006, -6.476160E-012, 6.314640E-011, 2.150400E+004 1.570926E+074 2.150400E+004, Mon Aug 31 00:30:34 2015
1.20, 1.80, 1.00, 1.80 , -5.760341E-006, 5.766800E-006, -1.318414E-011, 6.507690E-011, 2.150400E+004 1.570926E+074 2.150400E+004, Mon Aug 31 00:30:38 2015
1.15, 1.80, 1.00, 1.80 , -5.924979E-006, 5.929420E-006, -1.301644E-011, 6.679660E-011, 2.150400E+004 1.570926E+074 2.150400E+004, Mon Aug 31 00:30:41 2015
1.10, 1.80, 1.00, 1.80 , -6.089805E-006, 6.092540E-006, -2.274303E-011, 6.880610E-011, 2.150400E+004 1.570926E+074 2.150400E+004, Mon Aug 31 00:30:45 2015
1.05, 1.80, 1.00, 1.80 , -6.226974E-006, 6.202280E-006, -1.402263E-011, 7.126980E-011, 2.150400E+004 1.570926E+074 2.150400E+004, Mon Aug 31 00:30:48 2015
1.00, 1.80, 1.00, 1.80 , -6.388751E-006, 6.393900E-006, -1.456766E-011, 6.933460E-011, 2.150400E+004 1.570926E+074 2.150400E+004, Mon Aug 31 00:30:52 2015
0.95, 1.80, 1.00, 1.80 , -6.583182E-006, 6.569850E-006, -1.398072E-011, 7.108830E-011, 2.150400E+004 1.570926E+074 2.150400E+004, Mon Aug 31 00:30:55 2015
0.90, 1.80, 1.00, 1.80 , -6.737680E-006, 6.726500E-006, -1.943095E-011, 7.167150E-011, 2.150400E+004 1.570926E+074 2.150400E+004, Mon Aug 31 00:30:59 2015
0.85, 1.80, 1.00, 1.80 , -6.895969E-006, 6.888920E-006, -2.089833E-011, 7.334060E-011, 2.150400E+004 1.570926E+074 2.150400E+004, Mon Aug 31 00:31:02 2015
0.80, 1.80, 1.00, 1.80 , -7.082227E-006, 7.050000E-006, -2.043716E-011, 7.456970E-011, 2.150400E+004 1.570926E+074 2.150400E+004, Mon Aug 31 00:31:06 2015
0.75, 1.80, 1.00, 1.80 , -7.217271E-006, 7.236920E-006, -2.458788E-011, 7.588260E-011, 2.150400E+004 1.570926E+074 2.150400E+004, Mon Aug 31 00:31:09 2015
0.70, 1.80, 1.00, 1.80 , -7.485550E-006, 7.406630E-006, 2.737463E-013, 7.585580E-011, 2.150400E+004 1.570926E+074 2.150400E+004, Mon Aug 31 00:31:13 2015
0.65, 1.80, 1.00, 1.80 , -7.589956E-006, 7.566600E-006, -1.767011E-011, 7.611640E-011, 2.150400E+004 1.570926E+074 2.150400E+004, Mon Aug 31 00:31:17 2015
0.60, 1.80, 1.00, 1.80 , -7.784909E-006, 7.744220E-006, -1.469344E-011, 7.689820E-011, 2.150400E+004 1.570926E+074 2.150400E+004, Mon Aug 31 00:31:20 2015
0.55, 1.80, 1.00, 1.80 , -7.842591E-006, 7.854600E-006, -1.934711E-011, 7.879420E-011, 2.150400E+004 1.570926E+074 2.150400E+004, Mon Aug 31 00:31:24 2015
0.50, 1.80, 1.00, 1.80 , -8.036062E-006, 8.046350E-006, -1.280682E-011, 7.817080E-011, 2.150400E+004 1.570926E+074 2.150400E+004, Mon Aug 31 00:31:27 2015
0.45, 1.80, 1.00, 1.80 , -8.283559E-006, 8.236390E-006, -1.741856E-011, 7.647380E-011, 2.150400E+004 1.570926E+074 2.150400E+004, Mon Aug 31 00:31:31 2015
0.40, 1.80, 1.00, 1.80 , -8.413417E-006, 8.389170E-006, -1.469344E-011, 7.840770E-011, 2.150400E+004 1.570926E+074 2.150400E+004, Mon Aug 31 00:31:34 2015
0.35, 1.80, 1.00, 1.80 , -8.576291E-006, 8.548950E-006, -1.465151E-011, 7.781910E-011, 2.150400E+004 1.570926E+074 2.150400E+004, Mon Aug 31 00:31:38 2015
0.30, 1.80, 1.00, 1.80 , -8.766794E-006, 8.770800E-006, -1.326800E-011, 7.965790E-011, 2.150400E+004 1.570926E+074 2.150400E+004, Mon Aug 31 00:31:41 2015
0.25, 1.80, 1.00, 1.80 , -8.921716E-006, 8.898060E-006, -7.733911E-012, 7.966260E-011, 2.150400E+004 1.570926E+074 2.150400E+004, Mon Aug 31 00:31:45 2015
0.20, 1.80, 1.00, 1.80 , -9.085696E-006, 9.173900E-006, -1.469345E-011, 8.083600E-011, 2.150400E+004 1.570926E+074 2.150400E+004, Mon Aug 31 00:31:48 2015
0.15, 1.80, 1.00, 1.80 , -9.298577E-006, 9.319350E-006, -1.351955E-011, 8.148180E-011, 2.150400E+004 1.570926E+074 2.150400E+004, Mon Aug 31 00:31:52 2015
0.10, 1.80, 1.00, 1.80 , -9.316454E-006, 9.395480E-006, -6.853461E-012, 8.321020E-011, 2.150400E+004 1.570926E+074 2.150400E+004, Mon Aug 31 00:31:55 2015
0.05, 1.80, 1.00, 1.80 , -9.647384E-006, 9.589760E-006, -5.763428E-012, 8.358400E-011, 2.150400E+004 1.570926E+074 2.150400E+004, Mon Aug 31 00:31:59 2015
0.00, 1.80, 1.00, 1.80 , -9.836842E-006, 9.824380E-006, -1.695739E-011, 8.672960E-011, 2.150400E+004 1.570926E+074 2.150400E+004, Mon Aug 31 00:32:03 2015
-0.05, 1.80, 1.00, 1.80 , -9.999418E-006, 9.991420E-006, -1.511269E-011, 9.138260E-011, 2.150400E+004 1.570926E+074 2.150400E+004, Mon Aug 31 00:32:06 2015
-0.10, 1.80, 1.00, 1.80 , -1.018722E-005, 1.026470E-005, -1.121367E-011, 9.619130E-011, 2.150400E+004 1.570926E+074 2.150400E+004, Mon Aug 31 00:32:10 2015
-0.15, 1.80, 1.00, 1.80 , -1.046702E-005, 1.047480E-005, -8.907778E-012, 1.038120E-010, 2.150400E+004 1.570926E+074 2.150400E+004, Mon Aug 31 00:32:15 2015
-0.20, 1.80, 1.00, 1.80 , -1.067021E-005, 1.065000E-005, -1.326800E-011, 1.134530E-010, 2.150400E+004 1.570926E+074 2.150400E+004, Mon Aug 31 00:32:18 2015
