1.80, 1.80, 1.80, 1.80 , 4.674476E-011, 5.285610E-011, 3.842536E-011, 5.278330E-011, 2.150400E+004 1.570926E+074 2.150400E+004, Mon Aug 31 00:18:41 2015
1.75, 1.80, 1.80, 1.80 , 3.716626E-011, 4.877620E-011, 1.981077E-011, 4.907130E-011, 2.150400E+004 1.570926E+074 2.150400E+004, Mon Aug 31 00:18:46 2015
1.70, 1.80, 1.80, 1.80 , 3.020393E-011, 4.398780E-011, 6.017426E-012, 4.592740E-011, 2.150400E+004 1.570926E+074 2.150400E+004, Mon Aug 31 00:18:54 2015
1.65, 1.80, 1.80, 1.80 , 2.492944E-011, 4.017390E-011, 8.700575E-012, 4.266990E-011, 2.150400E+004 1.570926E+074 2.150400E+004, Mon Aug 31 00:19:07 2015
1.60, 1.80, 1.80, 1.80 , 2.121621E-011, 3.952700E-011, 1.348004E-011, 4.157820E-011, 2.150400E+004 1.570926E+074 2.150400E+004, Mon Aug 31 00:19:14 2015
1.55, 1.80, 1.80, 1.80 , 1.864225E-011, 3.974100E-011, 1.532472E-011, 4.377380E-011, 2.150400E+004 1.570926E+074 2.150400E+004, Mon Aug 31 00:19:22 2015
1.50, 1.80, 1.80, 1.80 , 1.847347E-011, 3.750020E-011, 1.155149E-011, 4.063020E-011, 2.150400E+004 1.570926E+074 2.150400E+004, Mon Aug 31 00:19:53 2015
1.45, 1.80, 1.80, 1.80 , 9.359153E-012, 3.693860E-011, 3.879270E-012, 4.245820E-011, 2.150400E+004 1.570926E+074 2.150400E+004, Mon Aug 31 00:19:57 2015
1.40, 1.80, 1.80, 1.80 , 3.578315E-012, 3.719120E-011, 1.377353E-011, 4.425360E-011, 2.150400E+004 1.570926E+074 2.150400E+004, Mon Aug 31 00:20:00 2015
1.35, 1.80, 1.80, 1.80 , 1.721679E-012, 3.693420E-011, 4.046949E-012, 4.409710E-011, 2.150400E+004 1.570926E+074 2.150400E+004, Mon Aug 31 00:20:04 2015
1.30, 1.80, 1.80, 1.80 , -1.696468E-012, 3.698250E-011, 1.050335E-011, 4.318260E-011, 2.150400E+004 1.570926E+074 2.150400E+004, Mon Aug 31 00:20:08 2015
1.25, 1.80, 1.80, 1.80 , -5.325612E-012, 3.727000E-011, 6.101262E-012, 4.450010E-011, 2.150400E+004 1.570926E+074 2.150400E+004, Mon Aug 31 00:20:11 2015
1.20, 1.80, 1.80, 1.80 , -7.688777E-012, 3.651250E-011, 1.159343E-011, 4.504750E-011, 2.150400E+004 1.570926E+074 2.150400E+004, Mon Aug 31 00:20:15 2015
1.15, 1.80, 1.80, 1.80 , -7.055786E-012, 3.617040E-011, 1.016797E-011, 4.558310E-011, 2.150400E+004 1.570926E+074 2.150400E+004, Mon Aug 31 00:20:20 2015
1.10, 1.80, 1.80, 1.80 , -9.461151E-012, 3.604120E-011, 3.501928E-012, 4.462080E-011, 2.150400E+004 1.570926E+074 2.150400E+004, Mon Aug 31 00:20:26 2015
1.05, 1.80, 1.80, 1.80 , -9.798746E-012, 3.263100E-011, -3.499494E-012, 4.355460E-011, 2.150400E+004 1.570926E+074 2.150400E+004, Mon Aug 31 00:20:31 2015
1.00, 1.80, 1.80, 1.80 , -9.292346E-012, 3.674690E-011, -5.176502E-012, 4.438140E-011, 2.150400E+004 1.570926E+074 2.150400E+004, Mon Aug 31 00:20:38 2015
0.95, 1.80, 1.80, 1.80 , -9.672146E-012, 3.272540E-011, 4.282746E-011, 4.578550E-011, 2.150400E+004 1.570926E+074 2.150400E+004, Mon Aug 31 00:20:55 2015
0.90, 1.80, 1.80, 1.80 , -1.241511E-011, 3.605710E-011, 1.926567E-011, 4.626400E-011, 2.150400E+004 1.570926E+074 2.150400E+004, Mon Aug 31 00:21:04 2015
0.85, 1.80, 1.80, 1.80 , -1.321690E-011, 3.411330E-011, 1.138379E-011, 4.600280E-011, 2.150400E+004 1.570926E+074 2.150400E+004, Mon Aug 31 00:21:23 2015
0.80, 1.80, 1.80, 1.80 , -1.422968E-011, 3.374980E-011, 2.714749E-011, 4.683820E-011, 2.150400E+004 1.570926E+074 2.150400E+004, Mon Aug 31 00:21:43 2015
0.75, 1.80, 1.80, 1.80 , -1.828080E-011, 3.396700E-011, 8.491017E-012, 4.762340E-011, 2.150400E+004 1.570926E+074 2.150400E+004, Mon Aug 31 00:21:55 2015
0.70, 1.80, 1.80, 1.80 , -1.992660E-011, 3.477240E-011, 1.566017E-011, 5.026700E-011, 2.150400E+004 1.570926E+074 2.150400E+004, Mon Aug 31 00:22:08 2015
0.65, 1.80, 1.80, 1.80 , -1.954680E-011, 3.815090E-011, 8.113656E-012, 4.959320E-011, 2.150400E+004 1.570926E+074 2.150400E+004, Mon Aug 31 00:22:34 2015
0.60, 1.80, 1.80, 1.80 , -2.321814E-011, 3.732340E-011, 1.578592E-011, 5.037390E-011, 2.150400E+004 1.570926E+074 2.150400E+004, Mon Aug 31 00:22:49 2015
0.55, 1.80, 1.80, 1.80 , -2.448412E-011, 3.890180E-011, 1.603750E-011, 5.318950E-011, 2.150400E+004 1.570926E+074 2.150400E+004, Mon Aug 31 00:23:12 2015
0.50, 1.80, 1.80, 1.80 , -2.937922E-011, 3.952910E-011, 1.373161E-011, 5.496670E-011, 2.150400E+004 1.570926E+074 2.150400E+004, Mon Aug 31 00:23:20 2015
0.45, 1.80, 1.80, 1.80 , -3.364139E-011, 4.050990E-011, -3.163196E-011, 5.403400E-011, 2.150400E+004 1.570926E+074 2.150400E+004, Mon Aug 31 00:23:27 2015
0.40, 1.80, 1.80, 1.80 , -3.326159E-011, 4.132630E-011, -1.242952E-011, 5.547290E-011, 2.150400E+004 1.570926E+074 2.150400E+004, Mon Aug 31 00:23:38 2015
0.35, 1.80, 1.80, 1.80 , -3.862094E-011, 4.170100E-011, 1.461203E-011, 5.797140E-011, 2.150400E+004 1.570926E+074 2.150400E+004, Mon Aug 31 00:23:50 2015
0.30, 1.80, 1.80, 1.80 , -3.908511E-011, 4.178940E-011, 1.004224E-011, 5.976770E-011, 2.150400E+004 1.570926E+074 2.150400E+004, Mon Aug 31 00:24:07 2015
0.25, 1.80, 1.80, 1.80 , -4.288304E-011, 4.153090E-011, 3.921197E-012, 5.879990E-011, 2.150400E+004 1.570926E+074 2.150400E+004, Mon Aug 31 00:24:17 2015
0.20, 1.80, 1.80, 1.80 , -4.609019E-011, 4.301050E-011, 1.205461E-011, 6.259750E-011, 2.150400E+004 1.570926E+074 2.150400E+004, Mon Aug 31 00:24:29 2015
0.15, 1.80, 1.80, 1.80 , -5.022577E-011, 4.367750E-011, 4.005083E-012, 6.161000E-011, 2.150400E+004 1.570926E+074 2.150400E+004, Mon Aug 31 00:24:36 2015
0.10, 1.80, 1.80, 1.80 , -5.381267E-011, 4.415270E-011, 8.532966E-012, 6.251080E-011, 2.150400E+004 1.570926E+074 2.150400E+004, Mon Aug 31 00:24:43 2015
0.05, 1.80, 1.80, 1.80 , -5.609146E-011, 4.283290E-011, -9.033612E-012, 6.331220E-011, 2.150400E+004 1.570926E+074 2.150400E+004, Mon Aug 31 00:24:55 2015
0.00, 1.80, 1.80, 1.80 , -6.094441E-011, 4.367610E-011, 3.292311E-012, 6.153510E-011, 2.150400E+004 1.570926E+074 2.150400E+004, Mon Aug 31 00:25:03 2015
-0.05, 1.80, 1.80, 1.80 , -6.326538E-011, 4.392360E-011, 4.466245E-012, 6.166420E-011, 2.150400E+004 1.570926E+074 2.150400E+004, Mon Aug 31 00:25:10 2015
-0.10, 1.80, 1.80, 1.80 , -6.507996E-011, 4.424150E-011, 3.040762E-012, 6.245210E-011, 2.150400E+004 1.570926E+074 2.150400E+004, Mon Aug 31 00:25:18 2015
-0.15, 1.80, 1.80, 1.80 , -7.056594E-011, 4.466030E-011, 8.113680E-012, 6.551210E-011, 2.150400E+004 1.570926E+074 2.150400E+004, Mon Aug 31 00:25:25 2015
-0.20, 1.80, 1.80, 1.80 , -7.622068E-011, 4.548660E-011, 5.095086E-012, 6.815820E-011, 2.150400E+004 1.570926E+074 2.150400E+004, Mon Aug 31 00:25:31 2015
