0.00, 1.80, 1.80, 1.80 , -8.314135E-011, 5.012490E-011, 2.798611E-011, 6.295350E-011, 2.150400E+004 1.570926E+074 2.150400E+004, Mon Aug 31 00:07:52 2015
0.00, 1.80, 1.78, 1.80 , -7.681140E-011, 5.001440E-011, 4.341442E-011, 5.918180E-011, 2.150400E+004 1.570926E+074 2.150400E+004, Mon Aug 31 00:07:57 2015
0.00, 1.80, 1.76, 1.80 , -7.271799E-011, 4.942150E-011, 1.729529E-011, 6.599770E-011, 2.150400E+004 1.570926E+074 2.150400E+004, Mon Aug 31 00:08:03 2015
0.00, 1.80, 1.74, 1.80 , -6.579740E-011, 4.907450E-011, 1.457012E-011, 6.527140E-011, 2.150400E+004 1.570926E+074 2.150400E+004, Mon Aug 31 00:08:18 2015
0.00, 1.80, 1.72, 1.80 , -6.596608E-011, 4.965690E-011, 6.730186E-012, 6.568430E-011, 2.150400E+004 1.570926E+074 2.150400E+004, Mon Aug 31 00:08:24 2015
0.00, 1.80, 1.70, 1.80 , -6.512215E-011, 4.902540E-011, 1.624715E-011, 6.722820E-011, 2.150400E+004 1.570926E+074 2.150400E+004, Mon Aug 31 00:08:32 2015
0.00, 1.80, 1.68, 1.80 , -6.288562E-011, 4.897520E-011, 9.036022E-012, 6.632980E-011, 2.150400E+004 1.570926E+074 2.150400E+004, Mon Aug 31 00:08:39 2015
0.00, 1.80, 1.66, 1.80 , -6.275892E-011, 5.018310E-011, 5.807839E-012, 6.681790E-011, 2.150400E+004 1.570926E+074 2.150400E+004, Mon Aug 31 00:08:47 2015
0.00, 1.80, 1.64, 1.80 , -6.343422E-011, 4.967210E-011, 5.933597E-012, 6.766660E-011, 2.150400E+004 1.570926E+074 2.150400E+004, Mon Aug 31 00:08:53 2015
0.00, 1.80, 1.62, 1.80 , -6.208380E-011, 4.987760E-011, -2.367538E-012, 6.636900E-011, 2.150400E+004 1.570926E+074 2.150400E+004, Mon Aug 31 00:08:58 2015
0.00, 1.80, 1.60, 1.80 , -6.132421E-011, 5.047100E-011, 1.377352E-011, 6.585090E-011, 2.150400E+004 1.570926E+074 2.150400E+004, Mon Aug 31 00:09:16 2015
0.00, 1.80, 1.58, 1.80 , -6.161961E-011, 5.146520E-011, 4.088901E-012, 6.897820E-011, 2.150400E+004 1.570926E+074 2.150400E+004, Mon Aug 31 00:09:22 2015
0.00, 1.80, 1.56, 1.80 , -6.545974E-011, 5.319960E-011, 6.814074E-012, 5.937830E-011, 2.150400E+004 1.570926E+074 2.150400E+004, Mon Aug 31 00:09:28 2015
0.00, 1.80, 1.54, 1.80 , -6.761189E-011, 5.662730E-011, 1.279933E-012, 6.626150E-011, 2.150400E+004 1.570926E+074 2.150400E+004, Mon Aug 31 00:09:38 2015
0.00, 1.80, 1.52, 1.80 , -7.292903E-011, 6.289190E-011, -5.805354E-012, 6.532840E-011, 2.150400E+004 1.570926E+074 2.150400E+004, Mon Aug 31 00:09:44 2015
0.00, 1.80, 1.50, 1.80 , -8.888041E-011, 7.686580E-011, 3.292321E-012, 6.813430E-011, 2.150400E+004 1.570926E+074 2.150400E+004, Mon Aug 31 00:09:49 2015
0.00, 1.80, 1.48, 1.80 , -1.148330E-010, 1.067720E-010, -8.446634E-012, 6.689340E-011, 2.150400E+004 1.570926E+074 2.150400E+004, Mon Aug 31 00:09:55 2015
0.00, 1.80, 1.46, 1.80 , -1.741654E-010, 1.640990E-010, -7.901603E-012, 6.845380E-011, 2.150400E+004 1.570926E+074 2.150400E+004, Mon Aug 31 00:09:59 2015
0.00, 1.80, 1.44, 1.80 , -2.691563E-010, 2.600100E-010, -1.150717E-011, 6.808660E-011, 2.150400E+004 1.570926E+074 2.150400E+004, Mon Aug 31 00:10:04 2015
0.00, 1.80, 1.42, 1.80 , -4.701519E-010, 4.596850E-010, -3.289851E-012, 6.643610E-011, 2.150400E+004 1.570926E+074 2.150400E+004, Mon Aug 31 00:10:08 2015
0.00, 1.80, 1.40, 1.80 , -8.641677E-010, 8.465380E-010, -2.535232E-012, 6.321560E-011, 2.150400E+004 1.570926E+074 2.150400E+004, Mon Aug 31 00:10:15 2015
0.00, 1.80, 1.38, 1.80 , -1.604640E-009, 1.579320E-009, -5.050731E-012, 6.208000E-011, 2.150400E+004 1.570926E+074 2.150400E+004, Mon Aug 31 00:10:20 2015
0.00, 1.80, 1.36, 1.80 , -3.018365E-009, 3.012990E-009, 1.479424E-013, 6.470780E-011, 2.150400E+004 1.570926E+074 2.150400E+004, Mon Aug 31 00:10:26 2015
0.00, 1.80, 1.34, 1.80 , -5.741196E-009, 5.737470E-009, -4.254140E-012, 6.592280E-011, 2.150400E+004 1.570926E+074 2.150400E+004, Mon Aug 31 00:10:38 2015
0.00, 1.80, 1.32, 1.80 , -1.068076E-008, 1.053810E-008, -1.368726E-011, 6.578260E-011, 2.150400E+004 1.570926E+074 2.150400E+004, Mon Aug 31 00:10:41 2015
0.00, 1.80, 1.30, 1.80 , -1.983139E-008, 1.984810E-008, -3.625279E-012, 6.674500E-011, 2.150400E+004 1.570926E+074 2.150400E+004, Mon Aug 31 00:10:45 2015
0.00, 1.80, 1.28, 1.80 , -3.647428E-008, 3.660540E-008, -4.924975E-012, 6.588940E-011, 2.150400E+004 1.570926E+074 2.150400E+004, Mon Aug 31 00:10:49 2015
0.00, 1.80, 1.26, 1.80 , -6.597393E-008, 6.563260E-008, -6.392296E-012, 6.585890E-011, 2.150400E+004 1.570926E+074 2.150400E+004, Mon Aug 31 00:10:52 2015
0.00, 1.80, 1.24, 1.80 , -1.151621E-007, 1.138830E-007, -1.016557E-011, 6.631590E-011, 2.150400E+004 1.570926E+074 2.150400E+004, Mon Aug 31 00:10:59 2015
0.00, 1.80, 1.22, 1.80 , -1.952608E-007, 1.956990E-007, -8.488567E-012, 6.679540E-011, 2.150400E+004 1.570926E+074 2.150400E+004, Mon Aug 31 00:11:03 2015
0.00, 1.80, 1.20, 1.80 , -3.219851E-007, 3.235780E-007, -1.779589E-011, 6.532350E-011, 2.150400E+004 1.570926E+074 2.150400E+004, Mon Aug 31 00:11:06 2015
0.00, 1.80, 1.18, 1.80 , -5.131809E-007, 5.123930E-007, -8.446648E-012, 6.554470E-011, 2.150400E+004 1.570926E+074 2.150400E+004, Mon Aug 31 00:11:10 2015
0.00, 1.80, 1.16, 1.80 , -8.109809E-007, 8.103090E-007, -1.934711E-011, 6.618660E-011, 2.150400E+004 1.570926E+074 2.150400E+004, Mon Aug 31 00:11:17 2015
0.00, 1.80, 1.14, 1.80 , -1.215534E-006, 1.210540E-006, -1.364533E-011, 6.968190E-011, 2.150400E+004 1.570926E+074 2.150400E+004, Mon Aug 31 00:11:20 2015
0.00, 1.80, 1.12, 1.80 , -1.746746E-006, 1.749030E-006, 1.389936E-011, 6.977900E-011, 2.150400E+004 1.570926E+074 2.150400E+004, Mon Aug 31 00:11:27 2015
0.00, 1.80, 1.10, 1.80 , -2.455328E-006, 2.445500E-006, -9.914011E-012, 6.910740E-011, 2.150400E+004 1.570926E+074 2.150400E+004, Mon Aug 31 00:11:32 2015
0.00, 1.80, 1.08, 1.80 , -3.404356E-006, 3.423660E-006, -1.616082E-011, 6.935650E-011, 2.150400E+004 1.570926E+074 2.150400E+004, Mon Aug 31 00:11:35 2015
0.00, 1.80, 1.06, 1.80 , -4.692729E-006, 4.694200E-006, -2.085641E-011, 6.999290E-011, 2.150400E+004 1.570926E+074 2.150400E+004, Mon Aug 31 00:11:40 2015
0.00, 1.80, 1.04, 1.80 , -6.149261E-006, 6.204570E-006, -1.104597E-011, 7.177860E-011, 2.150400E+004 1.570926E+074 2.150400E+004, Mon Aug 31 00:11:43 2015
0.00, 1.80, 1.02, 1.80 , -7.938810E-006, 7.883520E-006, -8.153186E-012, 7.263670E-011, 2.150400E+004 1.570926E+074 2.150400E+004, Mon Aug 31 00:11:47 2015
0.00, 1.80, 1.00, 1.80 , -1.002859E-005, 1.010050E-005, -5.050753E-012, 7.151580E-011, 2.150400E+004 1.570926E+074 2.150400E+004, Mon Aug 31 00:11:51 2015
0.00, 1.80, 0.98, 1.80 , -1.256506E-005, 1.251740E-005, -1.834092E-011, 7.814940E-011, 2.150400E+004 1.570926E+074 2.150400E+004, Mon Aug 31 00:11:54 2015
0.00, 1.80, 0.96, 1.80 , -1.536469E-005, 1.532730E-005, -2.286880E-011, 7.559550E-011, 2.150400E+004 1.570926E+074 2.150400E+004, Mon Aug 31 00:11:58 2015
0.00, 1.80, 0.94, 1.80 , -1.848624E-005, 1.844800E-005, -1.616082E-011, 7.439660E-011, 2.150400E+004 1.570926E+074 2.150400E+004, Mon Aug 31 00:12:01 2015
0.00, 1.80, 0.92, 1.80 , -2.203903E-005, 2.205170E-005, -2.433630E-011, 7.292810E-011, 2.150400E+004 1.570926E+074 2.150400E+004, Mon Aug 31 00:12:05 2015
0.00, 1.80, 0.90, 1.80 , -2.589079E-005, 2.588120E-005, -1.108793E-011, 7.282470E-011, 2.150400E+004 1.570926E+074 2.150400E+004, Mon Aug 31 00:12:08 2015
0.00, 1.80, 0.88, 1.80 , -2.974181E-005, 2.972030E-005, -2.060486E-011, 7.429930E-011, 2.150400E+004 1.570926E+074 2.150400E+004, Mon Aug 31 00:12:12 2015
0.00, 1.80, 0.86, 1.80 , -3.428361E-005, 3.430800E-005, -2.647469E-011, 7.450130E-011, 2.150400E+004 1.570926E+074 2.150400E+004, Mon Aug 31 00:12:15 2015
0.00, 1.80, 0.84, 1.80 , -3.905084E-005, 3.901750E-005, -2.320421E-011, 7.468620E-011, 2.150400E+004 1.570926E+074 2.150400E+004, Mon Aug 31 00:12:19 2015
0.00, 1.80, 0.82, 1.80 , -4.420919E-005, 4.417690E-005, -2.303650E-011, 7.544170E-011, 2.150400E+004 1.570926E+074 2.150400E+004, Mon Aug 31 00:12:23 2015
0.00, 1.80, 0.80, 1.80 , -4.969876E-005, 4.966710E-005, -1.372918E-011, 7.491070E-011, 2.150400E+004 1.570926E+074 2.150400E+004, Mon Aug 31 00:12:26 2015
0.00, 1.80, 0.78, 1.80 , -5.528338E-005, 5.522570E-005, -2.333000E-011, 8.446170E-011, 2.150400E+004 1.570926E+074 2.150400E+004, Mon Aug 31 00:12:30 2015
0.00, 1.80, 0.76, 1.80 , -6.153980E-005, 6.151790E-005, -3.431542E-011, 7.345010E-011, 2.150400E+004 1.570926E+074 2.150400E+004, Mon Aug 31 00:12:33 2015
0.00, 1.80, 0.74, 1.80 , -6.768672E-005, 6.766600E-005, -3.096109E-011, 7.268090E-011, 2.150400E+004 1.570926E+074 2.150400E+004, Mon Aug 31 00:12:37 2015
0.00, 1.80, 0.72, 1.80 , -7.415770E-005, 7.411210E-005, -2.282688E-011, 7.213770E-011, 2.150400E+004 1.570926E+074 2.150400E+004, Mon Aug 31 00:12:40 2015
0.00, 1.80, 0.70, 1.80 , -8.086358E-005, 8.083990E-005, -3.238668E-011, 7.232590E-011, 2.150400E+004 1.570926E+074 2.150400E+004, Mon Aug 31 00:12:44 2015
0.00, 1.80, 0.68, 1.80 , -8.788578E-005, 8.779200E-005, -2.718747E-011, 7.156790E-011, 2.150400E+004 1.570926E+074 2.150400E+004, Mon Aug 31 00:12:47 2015
0.00, 1.80, 0.66, 1.80 , -9.492261E-005, 9.485110E-005, -2.806799E-011, 7.020310E-011, 2.150400E+004 1.570926E+074 2.150400E+004, Mon Aug 31 00:12:51 2015
0.00, 1.80, 0.64, 1.80 , -1.023668E-004, 1.021630E-004, -2.873885E-011, 7.244010E-011, 2.150400E+004 1.570926E+074 2.150400E+004, Mon Aug 31 00:12:55 2015
0.00, 1.80, 0.62, 1.80 , -1.097300E-004, 1.096780E-004, -3.179967E-011, 7.232760E-011, 2.150400E+004 1.570926E+074 2.150400E+004, Mon Aug 31 00:12:58 2015
0.00, 1.80, 0.60, 1.80 , -1.174465E-004, 1.171680E-004, -2.701976E-011, 7.153280E-011, 2.150400E+004 1.570926E+074 2.150400E+004, Mon Aug 31 00:13:02 2015
0.00, 1.80, 0.58, 1.80 , -1.252997E-004, 1.249670E-004, -6.895422E-012, 7.422430E-011, 2.150400E+004 1.570926E+074 2.150400E+004, Mon Aug 31 00:13:05 2015
0.00, 1.80, 0.56, 1.80 , -1.334248E-004, 1.334030E-004, -2.764870E-011, 7.284770E-011, 2.150400E+004 1.570926E+074 2.150400E+004, Mon Aug 31 00:13:09 2015
0.00, 1.80, 0.54, 1.80 , -1.415242E-004, 1.415820E-004, -2.152721E-011, 6.963330E-011, 2.150400E+004 1.570926E+074 2.150400E+004, Mon Aug 31 00:13:12 2015
0.00, 1.80, 0.52, 1.80 , -1.499113E-004, 1.498950E-004, -3.330911E-011, 7.138310E-011, 2.150400E+004 1.570926E+074 2.150400E+004, Mon Aug 31 00:13:16 2015
0.00, 1.80, 0.50, 1.80 , -1.585084E-004, 1.585690E-004, -2.609732E-011, 7.015500E-011, 2.150400E+004 1.570926E+074 2.150400E+004, Mon Aug 31 00:13:19 2015
0.00, 1.80, 0.48, 1.80 , -1.670166E-004, 1.669940E-004, -3.867602E-011, 6.853220E-011, 2.150400E+004 1.570926E+074 2.150400E+004, Mon Aug 31 00:13:23 2015
0.00, 1.80, 0.46, 1.80 , -1.759364E-004, 1.759840E-004, -3.783746E-011, 6.809300E-011, 2.150400E+004 1.570926E+074 2.150400E+004, Mon Aug 31 00:13:26 2015
0.00, 1.80, 0.44, 1.80 , -1.848291E-004, 1.846690E-004, -3.632799E-011, 6.850030E-011, 2.150400E+004 1.570926E+074 2.150400E+004, Mon Aug 31 00:13:30 2015
0.00, 1.80, 0.42, 1.80 , -1.940265E-004, 1.939900E-004, -3.532172E-011, 6.759860E-011, 2.150400E+004 1.570926E+074 2.150400E+004, Mon Aug 31 00:13:33 2015
0.00, 1.80, 0.40, 1.80 , -2.032056E-004, 2.031760E-004, -3.477665E-011, 6.782750E-011, 2.150400E+004 1.570926E+074 2.150400E+004, Mon Aug 31 00:13:37 2015
0.00, 1.80, 0.38, 1.80 , -2.126777E-004, 2.123990E-004, -2.165298E-011, 6.706700E-011, 2.150400E+004 1.570926E+074 2.150400E+004, Mon Aug 31 00:13:41 2015
0.00, 1.80, 0.36, 1.80 , -2.219886E-004, 2.218450E-004, -1.871824E-011, 6.746480E-011, 2.150400E+004 1.570926E+074 2.150400E+004, Mon Aug 31 00:13:44 2015
0.00, 1.80, 0.34, 1.80 , -2.311890E-004, 2.313850E-004, -4.312049E-011, 6.720890E-011, 2.150400E+004 1.570926E+074 2.150400E+004, Mon Aug 31 00:13:48 2015
0.00, 1.80, 0.32, 1.80 , -2.406489E-004, 2.406860E-004, -3.779555E-011, 6.996750E-011, 2.150400E+004 1.570926E+074 2.150400E+004, Mon Aug 31 00:13:51 2015
0.00, 1.80, 0.30, 1.80 , -2.502287E-004, 2.501830E-004, -4.106599E-011, 6.795310E-011, 2.150400E+004 1.570926E+074 2.150400E+004, Mon Aug 31 00:13:55 2015
0.00, 1.80, 0.28, 1.80 , -2.600401E-004, 2.599480E-004, -3.750202E-011, 6.920710E-011, 2.150400E+004 1.570926E+074 2.150400E+004, Mon Aug 31 00:13:58 2015
0.00, 1.80, 0.26, 1.80 , -2.698718E-004, 2.697920E-004, -3.779555E-011, 6.886430E-011, 2.150400E+004 1.570926E+074 2.150400E+004, Mon Aug 31 00:14:02 2015
0.00, 1.80, 0.24, 1.80 , -2.795959E-004, 2.795440E-004, -3.737623E-011, 6.820960E-011, 2.150400E+004 1.570926E+074 2.150400E+004, Mon Aug 31 00:14:05 2015
0.00, 1.80, 0.22, 1.80 , -2.899263E-004, 2.898190E-004, -3.766973E-011, 6.744600E-011, 2.150400E+004 1.570926E+074 2.150400E+004, Mon Aug 31 00:14:09 2015
0.00, 1.80, 0.20, 1.80 , -2.998115E-004, 2.996600E-004, -4.400101E-011, 6.583620E-011, 2.150400E+004 1.570926E+074 2.150400E+004, Mon Aug 31 00:14:12 2015
0.00, 1.80, 0.18, 1.80 , -3.098728E-004, 3.098880E-004, -4.207229E-011, 6.724150E-011, 2.150400E+004 1.570926E+074 2.150400E+004, Mon Aug 31 00:14:16 2015
0.00, 1.80, 0.16, 1.80 , -3.198721E-004, 3.198280E-004, -4.077248E-011, 6.824440E-011, 2.150400E+004 1.570926E+074 2.150400E+004, Mon Aug 31 00:14:19 2015
0.00, 1.80, 0.14, 1.80 , -3.300809E-004, 3.300880E-004, -3.842446E-011, 6.844610E-011, 2.150400E+004 1.570926E+074 2.150400E+004, Mon Aug 31 00:14:23 2015
0.00, 1.80, 0.12, 1.80 , -3.401839E-004, 3.401390E-004, -2.597154E-011, 6.820370E-011, 2.150400E+004 1.570926E+074 2.150400E+004, Mon Aug 31 00:14:27 2015
0.00, 1.80, 0.10, 1.80 , -3.503753E-004, 3.503580E-004, -3.347683E-011, 6.465430E-011, 2.150400E+004 1.570926E+074 2.150400E+004, Mon Aug 31 00:14:30 2015
0.00, 1.80, 0.08, 1.80 , -3.599731E-004, 3.599660E-004, -4.496537E-011, 6.314010E-011, 2.150400E+004 1.570926E+074 2.150400E+004, Mon Aug 31 00:14:34 2015
0.00, 1.80, 0.06, 1.80 , -3.711884E-004, 3.704850E-004, -3.616029E-011, 6.254550E-011, 2.150400E+004 1.570926E+074 2.150400E+004, Mon Aug 31 00:14:37 2015
0.00, 1.80, 0.04, 1.80 , -3.814501E-004, 3.814040E-004, -4.085635E-011, 6.233200E-011, 2.150400E+004 1.570926E+074 2.150400E+004, Mon Aug 31 00:14:41 2015
0.00, 1.80, 0.02, 1.80 , -3.910917E-004, 3.910480E-004, -3.406383E-011, 6.369070E-011, 2.150400E+004 1.570926E+074 2.150400E+004, Mon Aug 31 00:14:44 2015
0.00, 1.80, 0.00, 1.80 , -4.015388E-004, 4.015000E-004, -4.102403E-011, 6.207440E-011, 2.150400E+004 1.570926E+074 2.150400E+004, Mon Aug 31 00:14:48 2015
0.00, 1.80, -0.02, 1.80 , -4.116229E-004, 4.115940E-004, -4.362366E-011, 6.299780E-011, 2.150400E+004 1.570926E+074 2.150400E+004, Mon Aug 31 00:14:51 2015
0.00, 1.80, -0.04, 1.80 , -4.222583E-004, 4.222450E-004, -4.022740E-011, 6.149700E-011, 2.150400E+004 1.570926E+074 2.150400E+004, Mon Aug 31 00:14:55 2015
0.00, 1.80, -0.06, 1.80 , -4.326215E-004, 4.325280E-004, -4.068862E-011, 6.006790E-011, 2.150400E+004 1.570926E+074 2.150400E+004, Mon Aug 31 00:14:58 2015
0.00, 1.80, -0.08, 1.80 , -4.429639E-004, 4.428880E-004, -3.834059E-011, 5.824840E-011, 2.150400E+004 1.570926E+074 2.150400E+004, Mon Aug 31 00:15:02 2015
0.00, 1.80, -0.10, 1.80 , -4.534794E-004, 4.536700E-004, -4.190456E-011, 5.856800E-011, 2.150400E+004 1.570926E+074 2.150400E+004, Mon Aug 31 00:15:06 2015
0.00, 1.80, -0.12, 1.80 , -4.646078E-004, 4.645130E-004, -3.582486E-011, 5.975400E-011, 2.150400E+004 1.570926E+074 2.150400E+004, Mon Aug 31 00:15:09 2015
0.00, 1.80, -0.14, 1.80 , -4.746925E-004, 4.747490E-004, -3.473470E-011, 5.991570E-011, 2.150400E+004 1.570926E+074 2.150400E+004, Mon Aug 31 00:15:13 2015
0.00, 1.80, -0.16, 1.80 , -4.857022E-004, 4.857880E-004, -4.588784E-011, 5.875260E-011, 2.150400E+004 1.570926E+074 2.150400E+004, Mon Aug 31 00:15:16 2015
0.00, 1.80, -0.18, 1.80 , -4.955895E-004, 4.954700E-004, -3.695694E-011, 6.026910E-011, 2.150400E+004 1.570926E+074 2.150400E+004, Mon Aug 31 00:15:20 2015
0.00, 1.80, -0.20, 1.80 , -5.065826E-004, 5.064760E-004, -3.951461E-011, 5.857120E-011, 2.150400E+004 1.570926E+074 2.150400E+004, Mon Aug 31 00:15:23 2015
