1.80, 1.80, 0.60, 1.80 , 9.485553E-008, -9.744590E-008, -3.196740E-011, 6.020640E-011, 2.150400E+004 1.570926E+074 2.150400E+004, Mon Aug 31 00:32:35 2015
1.75, 1.80, 0.60, 1.80 , -1.467022E-005, 1.465960E-005, -3.091918E-011, 6.083350E-011, 2.150400E+004 1.570926E+074 2.150400E+004, Mon Aug 31 00:32:39 2015
1.70, 1.80, 0.60, 1.80 , -2.803779E-005, 2.804650E-005, -2.865500E-011, 6.286520E-011, 2.150400E+004 1.570926E+074 2.150400E+004, Mon Aug 31 00:32:43 2015
1.65, 1.80, 0.60, 1.80 , -3.985885E-005, 3.988180E-005, -2.928394E-011, 6.199100E-011, 2.150400E+004 1.570926E+074 2.150400E+004, Mon Aug 31 00:32:46 2015
1.60, 1.80, 0.60, 1.80 , -5.026726E-005, 5.019580E-005, -4.613943E-011, 6.180200E-011, 2.150400E+004 1.570926E+074 2.150400E+004, Mon Aug 31 00:32:50 2015
1.55, 1.80, 0.60, 1.80 , -5.874234E-005, 5.871190E-005, -1.817321E-011, 6.300250E-011, 2.150400E+004 1.570926E+074 2.150400E+004, Mon Aug 31 00:32:53 2015
1.50, 1.80, 0.60, 1.80 , -6.617995E-005, 6.611480E-005, -4.056286E-011, 6.299830E-011, 2.150400E+004 1.570926E+074 2.150400E+004, Mon Aug 31 00:32:57 2015
1.45, 1.80, 0.60, 1.80 , -7.214746E-005, 7.209870E-005, -3.418964E-011, 6.474170E-011, 2.150400E+004 1.570926E+074 2.150400E+004, Mon Aug 31 00:33:00 2015
1.40, 1.80, 0.60, 1.80 , -7.731991E-005, 7.734910E-005, -5.347701E-011, 6.562950E-011, 2.150400E+004 1.570926E+074 2.150400E+004, Mon Aug 31 00:33:04 2015
1.35, 1.80, 0.60, 1.80 , -8.139705E-005, 8.142990E-005, -3.808905E-011, 6.691300E-011, 2.150400E+004 1.570926E+074 2.150400E+004, Mon Aug 31 00:33:07 2015
1.30, 1.80, 0.60, 1.80 , -8.493705E-005, 8.493770E-005, -1.377108E-011, 6.662400E-011, 2.150400E+004 1.570926E+074 2.150400E+004, Mon Aug 31 00:33:11 2015
1.25, 1.80, 0.60, 1.80 , -8.771739E-005, 8.781430E-005, -5.548967E-011, 6.611090E-011, 2.150400E+004 1.570926E+074 2.150400E+004, Mon Aug 31 00:33:14 2015
1.20, 1.80, 0.60, 1.80 , -9.012448E-005, 9.019610E-005, 1.060731E-013, 6.783000E-011, 2.150400E+004 1.570926E+074 2.150400E+004, Mon Aug 31 00:33:18 2015
1.15, 1.80, 0.60, 1.80 , -9.214770E-005, 9.210880E-005, -3.477667E-011, 6.914470E-011, 2.150400E+004 1.570926E+074 2.150400E+004, Mon Aug 31 00:33:22 2015
1.10, 1.80, 0.60, 1.80 , -9.402818E-005, 9.401100E-005, -3.297371E-011, 6.890860E-011, 2.150400E+004 1.570926E+074 2.150400E+004, Mon Aug 31 00:33:25 2015
1.05, 1.80, 0.60, 1.80 , -9.575271E-005, 9.568660E-005, -6.014956E-012, 6.925060E-011, 2.150400E+004 1.570926E+074 2.150400E+004, Mon Aug 31 00:33:29 2015
1.00, 1.80, 0.60, 1.80 , -9.699399E-005, 9.681940E-005, -2.211415E-011, 7.052730E-011, 2.150400E+004 1.570926E+074 2.150400E+004, Mon Aug 31 00:33:32 2015
0.95, 1.80, 0.60, 1.80 , -9.828326E-005, 9.820840E-005, -3.494438E-011, 6.983280E-011, 2.150400E+004 1.570926E+074 2.150400E+004, Mon Aug 31 00:33:36 2015
0.90, 1.80, 0.60, 1.80 , -9.951896E-005, 9.953970E-005, -2.412666E-011, 7.122500E-011, 2.150400E+004 1.570926E+074 2.150400E+004, Mon Aug 31 00:33:39 2015
0.85, 1.80, 0.60, 1.80 , -1.009698E-004, 1.009390E-004, -3.247056E-011, 7.158120E-011, 2.150400E+004 1.570926E+074 2.150400E+004, Mon Aug 31 00:33:43 2015
0.80, 1.80, 0.60, 1.80 , -1.018393E-004, 1.018350E-004, -2.291073E-011, 7.098170E-011, 2.150400E+004 1.570926E+074 2.150400E+004, Mon Aug 31 00:33:46 2015
0.75, 1.80, 0.60, 1.80 , -1.029415E-004, 1.029400E-004, -2.584575E-011, 7.117450E-011, 2.150400E+004 1.570926E+074 2.150400E+004, Mon Aug 31 00:33:50 2015
0.70, 1.80, 0.60, 1.80 , -1.043263E-004, 1.042670E-004, -1.955673E-011, 7.109940E-011, 2.150400E+004 1.570926E+074 2.150400E+004, Mon Aug 31 00:33:54 2015
0.65, 1.80, 0.60, 1.80 , -1.053090E-004, 1.052660E-004, -3.087727E-011, 7.293520E-011, 2.150400E+004 1.570926E+074 2.150400E+004, Mon Aug 31 00:33:57 2015
0.60, 1.80, 0.60, 1.80 , -1.063386E-004, 1.064430E-004, -1.226178E-011, 7.399440E-011, 2.150400E+004 1.570926E+074 2.150400E+004, Mon Aug 31 00:34:01 2015
0.55, 1.80, 0.60, 1.80 , -1.076128E-004, 1.075410E-004, -1.658005E-011, 7.467140E-011, 2.150400E+004 1.570926E+074 2.150400E+004, Mon Aug 31 00:34:04 2015
0.50, 1.80, 0.60, 1.80 , -1.084043E-004, 1.083940E-004, -2.672627E-011, 7.409680E-011, 2.150400E+004 1.570926E+074 2.150400E+004, Mon Aug 31 00:34:08 2015
0.45, 1.80, 0.60, 1.80 , -1.093468E-004, 1.093380E-004, -2.173683E-011, 7.722300E-011, 2.150400E+004 1.570926E+074 2.150400E+004, Mon Aug 31 00:34:11 2015
0.40, 1.80, 0.60, 1.80 , -1.100381E-004, 1.100030E-004, -1.502883E-011, 7.710060E-011, 2.150400E+004 1.570926E+074 2.150400E+004, Mon Aug 31 00:34:15 2015
0.35, 1.80, 0.60, 1.80 , -1.108856E-004, 1.108940E-004, -2.056293E-011, 7.740960E-011, 2.150400E+004 1.570926E+074 2.150400E+004, Mon Aug 31 00:34:18 2015
0.30, 1.80, 0.60, 1.80 , -1.121720E-004, 1.120420E-004, -4.086413E-012, 7.920070E-011, 2.150400E+004 1.570926E+074 2.150400E+004, Mon Aug 31 00:34:22 2015
0.25, 1.80, 0.60, 1.80 , -1.129326E-004, 1.128260E-004, -1.523845E-011, 7.836330E-011, 2.150400E+004 1.570926E+074 2.150400E+004, Mon Aug 31 00:34:26 2015
0.20, 1.80, 0.60, 1.80 , -1.137694E-004, 1.137270E-004, -2.278495E-011, 8.060700E-011, 2.150400E+004 1.570926E+074 2.150400E+004, Mon Aug 31 00:34:29 2015
0.15, 1.80, 0.60, 1.80 , -1.142296E-004, 1.146570E-004, -1.112981E-011, 8.101810E-011, 2.150400E+004 1.570926E+074 2.150400E+004, Mon Aug 31 00:34:33 2015
0.10, 1.80, 0.60, 1.80 , -1.150584E-004, 1.150430E-004, -2.274303E-011, 8.245880E-011, 2.150400E+004 1.570926E+074 2.150400E+004, Mon Aug 31 00:34:36 2015
0.05, 1.80, 0.60, 1.80 , -1.158046E-004, 1.157830E-004, -2.865500E-011, 8.491370E-011, 2.150400E+004 1.570926E+074 2.150400E+004, Mon Aug 31 00:34:40 2015
0.00, 1.80, 0.60, 1.80 , -1.165142E-004, 1.165310E-004, -1.653813E-011, 8.739010E-011, 2.150400E+004 1.570926E+074 2.150400E+004, Mon Aug 31 00:34:43 2015
-0.05, 1.80, 0.60, 1.80 , -1.174266E-004, 1.174610E-004, -2.370737E-011, 8.914940E-011, 2.150400E+004 1.570926E+074 2.150400E+004, Mon Aug 31 00:34:47 2015
-0.10, 1.80, 0.60, 1.80 , -1.182401E-004, 1.181870E-004, -1.255527E-011, 9.578810E-011, 2.150400E+004 1.570926E+074 2.150400E+004, Mon Aug 31 00:34:50 2015
-0.15, 1.80, 0.60, 1.80 , -1.193549E-004, 1.193300E-004, -1.121364E-011, 1.013870E-010, 2.150400E+004 1.570926E+074 2.150400E+004, Mon Aug 31 00:34:55 2015
-0.20, 1.80, 0.60, 1.80 , -1.198890E-004, 1.198350E-004, -1.913748E-011, 1.118830E-010, 2.150400E+004 1.570926E+074 2.150400E+004, Mon Aug 31 00:34:59 2015
