1.75, 1.80, 1.80, 1.80 , 1.013465E-010, 3.812940E-011, 3.435568E-010, 5.689750E-011, 2.150400E+004 1.570926E+074 2.150400E+004, Sun Aug 23 02:45:11 2015
1.75, 1.80, 1.78, 1.80 , 7.484737E-011, 5.380010E-011, 3.340818E-010, 3.604180E-011, 2.150400E+004 1.570926E+074 2.150400E+004, Sun Aug 23 02:45:34 2015
1.75, 1.80, 1.76, 1.80 , 5.602803E-011, 4.113790E-011, 2.738773E-010, 9.504460E-011, 2.150400E+004 1.570926E+074 2.150400E+004, Sun Aug 23 02:47:14 2015
1.75, 1.80, 1.74, 1.80 , 4.324261E-011, 5.986090E-011, 2.656180E-010, -6.088630E-011, 2.150400E+004 1.570926E+074 2.150400E+004, Sun Aug 23 02:48:53 2015
1.75, 1.80, 1.72, 1.80 , 4.142820E-011, 3.500070E-011, 1.974479E-010, -6.205900E-011, 2.150400E+004 1.570926E+074 2.150400E+004, Sun Aug 23 02:49:57 2015
1.75, 1.80, 1.70, 1.80 , 3.029774E-012, 4.562600E-011, 1.846185E-010, 5.470580E-011, 2.150400E+004 1.570926E+074 2.150400E+004, Sun Aug 23 02:52:03 2015
1.75, 1.80, 1.68, 1.80 , 1.763878E-012, 5.816140E-011, 1.756883E-010, -3.788450E-011, 2.150400E+004 1.570926E+074 2.150400E+004, Sun Aug 23 02:52:44 2015
1.75, 1.80, 1.66, 1.80 , 2.328387E-011, 6.476770E-011, 1.932969E-010, 9.618800E-011, 2.150400E+004 1.570926E+074 2.150400E+004, Sun Aug 23 02:53:06 2015
1.75, 1.80, 1.64, 1.80 , 4.033106E-011, 6.505390E-011, 1.617694E-010, 6.778940E-011, 2.150400E+004 1.570926E+074 2.150400E+004, Sun Aug 23 02:53:18 2015
1.75, 1.80, 1.62, 1.80 , 8.557453E-012, 6.045150E-011, 1.784136E-010, 4.158610E-011, 2.150400E+004 1.570926E+074 2.150400E+004, Sun Aug 23 02:53:42 2015
1.75, 1.80, 1.60, 1.80 , 5.266163E-012, 4.456020E-011, 1.677227E-010, 9.117080E-011, 2.150400E+004 1.570926E+074 2.150400E+004, Sun Aug 23 02:53:50 2015
1.75, 1.80, 1.58, 1.80 , 9.612353E-012, -6.371580E-012, 2.789081E-010, 8.859900E-011, 2.150400E+004 1.570926E+074 2.150400E+004, Sun Aug 23 02:54:04 2015
1.75, 1.80, 1.56, 1.80 , 9.063811E-012, 6.061320E-011, 1.136362E-008, 8.546580E-011, 2.150400E+004 1.570926E+074 2.150400E+004, Sun Aug 23 02:54:10 2015
1.75, 1.80, 1.54, 1.80 , 2.945381E-012, 5.908480E-011, 2.846520E-010, -1.908510E-011, 2.150400E+004 1.570926E+074 2.150400E+004, Sun Aug 23 02:54:21 2015
1.75, 1.80, 1.52, 1.80 , 5.055185E-012, 1.770670E-011, 1.933391E-010, -1.722320E-011, 2.150400E+004 1.570926E+074 2.150400E+004, Sun Aug 23 02:54:25 2015
1.75, 1.80, 1.50, 1.80 , 6.996203E-012, 5.858580E-011, 1.904462E-010, 8.168290E-011, 2.150400E+004 1.570926E+074 2.150400E+004, Sun Aug 23 02:54:30 2015
1.75, 1.80, 1.48, 1.80 , -2.540469E-012, 5.696940E-011, 1.938421E-010, -5.245660E-011, 2.150400E+004 1.570926E+074 2.150400E+004, Sun Aug 23 02:54:34 2015
1.75, 1.80, 1.46, 1.80 , 1.467588E-011, 4.975370E-011, 1.042062E-010, -9.729230E-011, 2.150400E+004 1.570926E+074 2.150400E+004, Sun Aug 23 02:54:42 2015
1.75, 1.80, 1.44, 1.80 , -2.456073E-012, 5.122120E-011, 1.579123E-010, 5.347360E-011, 2.150400E+004 1.570926E+074 2.150400E+004, Sun Aug 23 02:54:46 2015
1.75, 1.80, 1.42, 1.80 , -4.312844E-012, 4.249790E-011, 1.318349E-010, 5.260010E-011, 2.150400E+004 1.570926E+074 2.150400E+004, Sun Aug 23 02:54:49 2015
1.75, 1.80, 1.40, 1.80 , -5.663236E-012, 4.308810E-011, 9.590509E-011, 5.712310E-011, 2.150400E+004 1.570926E+074 2.150400E+004, Sun Aug 23 02:54:53 2015
1.75, 1.80, 1.38, 1.80 , -4.903635E-012, 4.308850E-011, 8.508830E-011, 5.653620E-011, 2.150400E+004 1.570926E+074 2.150400E+004, Sun Aug 23 02:54:57 2015
1.75, 1.80, 1.36, 1.80 , -4.144048E-012, 4.288740E-011, 7.028880E-011, 5.772290E-011, 2.150400E+004 1.570926E+074 2.150400E+004, Sun Aug 23 02:55:00 2015
1.75, 1.80, 1.34, 1.80 , -1.780878E-012, 4.329630E-011, 5.364447E-011, 5.780530E-011, 2.150400E+004 1.570926E+074 2.150400E+004, Sun Aug 23 02:55:04 2015
1.75, 1.80, 1.32, 1.80 , -3.553259E-012, 4.332700E-011, 4.416946E-011, 5.848570E-011, 2.150400E+004 1.570926E+074 2.150400E+004, Sun Aug 23 02:55:08 2015
1.75, 1.80, 1.30, 1.80 , -3.468857E-012, 4.336610E-011, 3.809032E-011, 5.972610E-011, 2.150400E+004 1.570926E+074 2.150400E+004, Sun Aug 23 02:55:11 2015
1.75, 1.80, 1.28, 1.80 , -1.569880E-012, 4.328200E-011, 3.155002E-011, 6.060780E-011, 2.150400E+004 1.570926E+074 2.150400E+004, Sun Aug 23 02:55:15 2015
1.75, 1.80, 1.26, 1.80 , -4.692644E-012, 4.326210E-011, 2.786060E-011, 6.192170E-011, 2.150400E+004 1.570926E+074 2.150400E+004, Sun Aug 23 02:55:19 2015
1.75, 1.80, 1.24, 1.80 , -7.013610E-012, 4.335970E-011, 2.542894E-011, 6.309070E-011, 2.150400E+004 1.570926E+074 2.150400E+004, Sun Aug 23 02:55:22 2015
1.75, 1.80, 1.22, 1.80 , -4.059651E-012, 4.332480E-011, 2.417116E-011, 6.384260E-011, 2.150400E+004 1.570926E+074 2.150400E+004, Sun Aug 23 02:55:26 2015
1.75, 1.80, 1.20, 1.80 , -2.371673E-012, 4.347670E-011, 1.708587E-011, 6.565460E-011, 2.150400E+004 1.570926E+074 2.150400E+004, Sun Aug 23 02:55:30 2015
1.75, 1.80, 1.18, 1.80 , -2.160674E-012, 4.345340E-011, 1.536688E-011, 6.694360E-011, 2.150400E+004 1.570926E+074 2.150400E+004, Sun Aug 23 02:55:33 2015
1.75, 1.80, 1.16, 1.80 , -4.650444E-012, 4.340850E-011, 1.473802E-011, 6.923710E-011, 2.150400E+004 1.570926E+074 2.150400E+004, Sun Aug 23 02:55:37 2015
1.75, 1.80, 1.14, 1.80 , -4.777040E-012, 4.353150E-011, 9.832780E-012, 7.106130E-011, 2.150400E+004 1.570926E+074 2.150400E+004, Sun Aug 23 02:55:41 2015
1.75, 1.80, 1.12, 1.80 , -6.507219E-012, 4.356650E-011, 5.556427E-012, 7.370750E-011, 2.150400E+004 1.570926E+074 2.150400E+004, Sun Aug 23 02:55:44 2015
1.75, 1.80, 1.10, 1.80 , -7.055806E-012, 4.356160E-011, 3.208624E-012, 7.502180E-011, 2.150400E+004 1.570926E+074 2.150400E+004, Sun Aug 23 02:55:48 2015
1.75, 1.80, 1.08, 1.80 , -1.350990E-013, 4.363760E-011, -5.721427E-012, 8.196730E-011, 2.150400E+004 1.570926E+074 2.150400E+004, Sun Aug 23 02:55:52 2015
1.75, 1.80, 1.06, 1.80 , -8.574996E-012, 4.358290E-011, -1.238752E-011, 8.687670E-011, 2.150400E+004 1.570926E+074 2.150400E+004, Sun Aug 23 02:55:55 2015
1.75, 1.80, 1.04, 1.80 , -7.182407E-012, 4.351530E-011, -1.733469E-011, 8.992720E-011, 2.150400E+004 1.570926E+074 2.150400E+004, Sun Aug 23 02:55:59 2015
1.75, 1.80, 1.02, 1.80 , -7.224613E-012, 4.354200E-011, -1.800549E-011, 9.492370E-011, 2.150400E+004 1.570926E+074 2.150400E+004, Sun Aug 23 02:56:03 2015
1.75, 1.80, 1.00, 1.80 , -3.553258E-012, 4.420790E-011, -2.999676E-011, 1.006900E-010, 2.150400E+004 1.570926E+074 2.150400E+004, Sun Aug 23 02:56:08 2015
1.75, 1.80, 0.98, 1.80 , -6.549421E-012, 4.453710E-011, -3.276410E-011, 1.054240E-010, 2.150400E+004 1.570926E+074 2.150400E+004, Sun Aug 23 02:56:12 2015
1.75, 1.80, 0.96, 1.80 , -2.840875E-011, 6.543840E-011, -4.446237E-011, 1.317520E-010, 2.150400E+004 1.570926E+074 2.150400E+004, Sun Aug 23 02:56:21 2015
1.75, 1.80, 0.94, 1.80 , -1.424317E-010, 1.802080E-010, -7.326777E-011, 1.432460E-010, 2.150400E+004 1.570926E+074 2.150400E+004, Sun Aug 23 02:56:28 2015
1.75, 1.80, 0.92, 1.80 , -4.322154E-010, 4.711790E-010, -8.265996E-011, 1.308750E-010, 2.150400E+004 1.570926E+074 2.150400E+004, Sun Aug 23 02:56:32 2015
1.75, 1.80, 0.90, 1.80 , -1.144501E-009, 1.189040E-009, -1.024925E-010, 1.428990E-010, 2.150400E+004 1.570926E+074 2.150400E+004, Sun Aug 23 02:56:37 2015
1.75, 1.80, 0.88, 1.80 , -3.400145E-009, 3.461190E-009, -1.097882E-010, 1.769920E-010, 2.150400E+004 1.570926E+074 2.150400E+004, Sun Aug 23 02:56:40 2015
1.75, 1.80, 0.86, 1.80 , -4.464924E-009, 4.531210E-009, -1.284887E-010, 1.624740E-010, 2.150400E+004 1.570926E+074 2.150400E+004, Sun Aug 23 02:56:43 2015
1.75, 1.80, 0.84, 1.80 , -6.278695E-009, 6.350610E-009, -1.122201E-010, 1.721110E-010, 2.150400E+004 1.570926E+074 2.150400E+004, Sun Aug 23 02:56:49 2015
1.75, 1.80, 0.82, 1.80 , -9.107159E-009, 9.194110E-009, -1.516756E-010, 2.141860E-010, 2.150400E+004 1.570926E+074 2.150400E+004, Sun Aug 23 02:56:52 2015
1.75, 1.80, 0.80, 1.80 , -1.353118E-008, 1.365370E-008, -1.645897E-010, 2.288050E-010, 2.150400E+004 1.570926E+074 2.150400E+004, Sun Aug 23 02:56:56 2015
1.75, 1.80, 0.78, 1.80 , -2.212000E-008, 2.228960E-008, -1.480697E-010, 2.032430E-010, 2.150400E+004 1.570926E+074 2.150400E+004, Sun Aug 23 02:56:59 2015
1.75, 1.80, 0.76, 1.80 , -3.107565E-008, 3.121710E-008, -1.590132E-010, 2.170920E-010, 2.150400E+004 1.570926E+074 2.150400E+004, Sun Aug 23 02:57:02 2015
1.75, 1.80, 0.74, 1.80 , -3.973010E-008, 3.978440E-008, -1.688247E-010, 2.253420E-010, 2.150400E+004 1.570926E+074 2.150400E+004, Sun Aug 23 02:57:05 2015
1.75, 1.80, 0.72, 1.80 , -4.788087E-008, 4.826100E-008, -1.964140E-010, 2.498870E-010, 2.150400E+004 1.570926E+074 2.150400E+004, Sun Aug 23 02:57:09 2015
1.75, 1.80, 0.70, 1.80 , -5.860522E-008, 5.889430E-008, -2.429557E-010, 2.986820E-010, 2.150400E+004 1.570926E+074 2.150400E+004, Sun Aug 23 02:57:12 2015
1.75, 1.80, 0.68, 1.80 , -6.868564E-008, 6.891510E-008, -2.144437E-010, 2.638800E-010, 2.150400E+004 1.570926E+074 2.150400E+004, Sun Aug 23 02:57:15 2015
1.75, 1.80, 0.66, 1.80 , -7.356861E-008, 7.379950E-008, -2.373791E-010, 2.934030E-010, 2.150400E+004 1.570926E+074 2.150400E+004, Sun Aug 23 02:57:18 2015
1.75, 1.80, 0.64, 1.80 , -7.956540E-008, 7.983450E-008, -2.680713E-010, 3.135930E-010, 2.150400E+004 1.570926E+074 2.150400E+004, Sun Aug 23 02:57:22 2015
1.75, 1.80, 0.62, 1.80 , -8.791073E-008, 8.835580E-008, -2.891618E-010, 3.401200E-010, 2.150400E+004 1.570926E+074 2.150400E+004, Sun Aug 23 02:57:25 2015
1.75, 1.80, 0.60, 1.80 , -9.875001E-008, 9.913110E-008, -3.370869E-010, 3.621010E-010, 2.150400E+004 1.570926E+074 2.150400E+004, Sun Aug 23 02:57:28 2015
1.75, 1.80, 0.58, 1.80 , -1.107117E-007, 1.110280E-007, -4.351591E-010, 4.012620E-010, 2.150400E+004 1.570926E+074 2.150400E+004, Sun Aug 23 02:57:32 2015
1.75, 1.80, 0.56, 1.80 , -1.193930E-007, 1.197160E-007, -3.716786E-010, 4.278330E-010, 2.150400E+004 1.570926E+074 2.150400E+004, Sun Aug 23 02:57:35 2015
1.75, 1.80, 0.54, 1.80 , -1.241892E-007, 1.244780E-007, -4.191425E-010, 4.614290E-010, 2.150400E+004 1.570926E+074 2.150400E+004, Sun Aug 23 02:57:38 2015
1.75, 1.80, 0.52, 1.80 , -1.281260E-007, 1.286590E-007, -5.901724E-010, 5.666440E-010, 2.150400E+004 1.570926E+074 2.150400E+004, Sun Aug 23 02:57:41 2015
1.75, 1.80, 0.50, 1.80 , -1.330878E-007, 1.336550E-007, -4.750343E-010, 5.244030E-010, 2.150400E+004 1.570926E+074 2.150400E+004, Sun Aug 23 02:57:45 2015
1.75, 1.80, 0.48, 1.80 , -1.397154E-007, 1.402520E-007, -5.065230E-010, 6.356370E-010, 2.150400E+004 1.570926E+074 2.150400E+004, Sun Aug 23 02:57:48 2015
1.75, 1.80, 0.46, 1.80 , -1.478213E-007, 1.483890E-007, -5.849309E-010, 6.004420E-010, 2.150400E+004 1.570926E+074 2.150400E+004, Sun Aug 23 02:57:51 2015
1.75, 1.80, 0.44, 1.80 , -1.557444E-007, 1.562530E-007, -6.109687E-010, 6.446970E-010, 2.150400E+004 1.570926E+074 2.150400E+004, Sun Aug 23 02:57:54 2015
1.75, 1.80, 0.42, 1.80 , -1.645506E-007, 1.652430E-007, -6.466090E-010, 6.708940E-010, 2.150400E+004 1.570926E+074 2.150400E+004, Sun Aug 23 02:57:58 2015
1.75, 1.80, 0.40, 1.80 , -1.716883E-007, 1.723460E-007, -6.754982E-010, 7.140400E-010, 2.150400E+004 1.570926E+074 2.150400E+004, Sun Aug 23 02:58:01 2015
1.75, 1.80, 0.38, 1.80 , -1.762650E-007, 1.768020E-007, -8.827553E-010, 8.979240E-010, 2.150400E+004 1.570926E+074 2.150400E+004, Sun Aug 23 02:58:04 2015
1.75, 1.80, 0.36, 1.80 , -1.799136E-007, 1.806190E-007, -7.896716E-010, 9.545340E-010, 2.150400E+004 1.570926E+074 2.150400E+004, Sun Aug 23 02:58:07 2015
1.75, 1.80, 0.34, 1.80 , -1.847297E-007, 1.855070E-007, -8.373868E-010, 8.553470E-010, 2.150400E+004 1.570926E+074 2.150400E+004, Sun Aug 23 02:58:11 2015
1.75, 1.80, 0.32, 1.80 , -1.899948E-007, 1.907150E-007, -8.776808E-010, 1.054380E-009, 2.150400E+004 1.570926E+074 2.150400E+004, Sun Aug 23 02:58:14 2015
1.75, 1.80, 0.30, 1.80 , -1.956234E-007, 1.964110E-007, -1.105483E-009, 1.149510E-009, 2.150400E+004 1.570926E+074 2.150400E+004, Sun Aug 23 02:58:17 2015
1.75, 1.80, 0.28, 1.80 , -2.014423E-007, 2.021710E-007, -1.151648E-009, 1.196620E-009, 2.150400E+004 1.570926E+074 2.150400E+004, Sun Aug 23 02:58:19 2015
1.75, 1.80, 0.26, 1.80 , -2.072353E-007, 2.082960E-007, -1.226281E-009, 1.250640E-009, 2.150400E+004 1.570926E+074 2.150400E+004, Sun Aug 23 02:58:21 2015
1.75, 1.80, 0.24, 1.80 , -2.131797E-007, 2.141070E-007, -1.123093E-009, 1.154780E-009, 2.150400E+004 1.570926E+074 2.150400E+004, Sun Aug 23 02:58:24 2015
1.75, 1.80, 0.22, 1.80 , -2.184030E-007, 2.186830E-007, -1.434209E-009, 1.395650E-009, 2.150400E+004 1.570926E+074 2.150400E+004, Sun Aug 23 02:58:26 2015
1.75, 1.80, 0.20, 1.80 , -2.233739E-007, 2.242810E-007, -1.335717E-009, 1.579690E-009, 2.150400E+004 1.570926E+074 2.150400E+004, Sun Aug 23 02:58:29 2015
1.75, 1.80, 0.18, 1.80 , -2.285192E-007, 2.294890E-007, -1.579410E-009, 1.619770E-009, 2.150400E+004 1.570926E+074 2.150400E+004, Sun Aug 23 02:58:31 2015
1.75, 1.80, 0.16, 1.80 , -2.347963E-007, 2.357680E-007, -1.716309E-009, 1.712530E-009, 2.150400E+004 1.570926E+074 2.150400E+004, Sun Aug 23 02:58:34 2015
1.75, 1.80, 0.14, 1.80 , -2.418015E-007, 2.432040E-007, -1.865535E-009, 1.824180E-009, 2.150400E+004 1.570926E+074 2.150400E+004, Sun Aug 23 02:58:36 2015
1.75, 1.80, 0.12, 1.80 , -2.480765E-007, 2.485090E-007, -2.039290E-009, 2.010970E-009, 2.150400E+004 1.570926E+074 2.150400E+004, Sun Aug 23 02:58:38 2015
1.75, 1.80, 0.10, 1.80 , -2.529875E-007, 2.541990E-007, -2.296484E-009, 2.340290E-009, 2.150400E+004 1.570926E+074 2.150400E+004, Sun Aug 23 02:58:41 2015
1.75, 1.80, 0.08, 1.80 , -2.580959E-007, 2.592880E-007, -2.599172E-009, 2.377430E-009, 2.150400E+004 1.570926E+074 2.150400E+004, Sun Aug 23 02:58:43 2015
1.75, 1.80, 0.06, 1.80 , -2.626925E-007, 2.641020E-007, -2.624791E-009, 2.657490E-009, 2.150400E+004 1.570926E+074 2.150400E+004, Sun Aug 23 02:58:46 2015
1.75, 1.80, 0.04, 1.80 , -2.674133E-007, 2.683730E-007, -3.016996E-009, 2.911640E-009, 2.150400E+004 1.570926E+074 2.150400E+004, Sun Aug 23 02:58:48 2015
1.75, 1.80, 0.02, 1.80 , -2.714685E-007, 2.728720E-007, -3.157250E-009, 3.089050E-009, 2.150400E+004 1.570926E+074 2.150400E+004, Sun Aug 23 02:58:51 2015
1.75, 1.80, 0.00, 1.80 , -2.751733E-007, 2.771140E-007, -3.071715E-009, 3.371740E-009, 2.150400E+004 1.570926E+074 2.150400E+004, Sun Aug 23 02:58:53 2015
1.75, 1.80, -0.02, 1.80 , -2.789594E-007, 2.803730E-007, -3.638811E-009, 3.572980E-009, 2.150400E+004 1.570926E+074 2.150400E+004, Sun Aug 23 02:58:56 2015
1.75, 1.80, -0.04, 1.80 , -2.827990E-007, 2.838110E-007, -4.063845E-009, 3.656290E-009, 2.150400E+004 1.570926E+074 2.150400E+004, Sun Aug 23 02:58:58 2015
1.75, 1.80, -0.06, 1.80 , -2.858566E-007, 2.867100E-007, -4.058396E-009, 3.703570E-009, 2.150400E+004 1.570926E+074 2.150400E+004, Sun Aug 23 02:59:01 2015
1.75, 1.80, -0.08, 1.80 , -2.886205E-007, 2.896500E-007, -4.302464E-009, 4.455810E-009, 2.150400E+004 1.570926E+074 2.150400E+004, Sun Aug 23 02:59:03 2015
1.75, 1.80, -0.10, 1.80 , -2.914448E-007, 2.928940E-007, -5.476989E-009, 5.019840E-009, 2.150400E+004 1.570926E+074 2.150400E+004, Sun Aug 23 02:59:05 2015
1.75, 1.80, -0.12, 1.80 , -2.956647E-007, 2.969020E-007, -6.374741E-009, 6.408860E-009, 2.150400E+004 1.570926E+074 2.150400E+004, Sun Aug 23 02:59:08 2015
1.75, 1.80, -0.14, 1.80 , -3.010393E-007, 3.025270E-007, -9.385766E-009, 8.903620E-009, 2.150400E+004 1.570926E+074 2.150400E+004, Sun Aug 23 02:59:10 2015
1.75, 1.80, -0.16, 1.80 , -3.081353E-007, 3.098680E-007, -1.347378E-008, 1.360420E-008, 2.150400E+004 1.570926E+074 2.150400E+004, Sun Aug 23 02:59:13 2015
1.75, 1.80, -0.18, 1.80 , -3.156692E-007, 3.176170E-007, -2.147439E-008, 2.124300E-008, 2.150400E+004 1.570926E+074 2.150400E+004, Sun Aug 23 02:59:15 2015
1.75, 1.80, -0.20, 1.80 , -3.243071E-007, 3.259250E-007, -3.102704E-008, 2.863010E-008, 2.150400E+004 1.570926E+074 2.150400E+004, Sun Aug 23 02:59:18 2015
