1.80, 1.80, -0.20, 1.80 , 2.482509E-008, -1.067150E-008, -2.582711E-007, 2.512400E-007, 2.150400E+004 1.570926E+074 2.150400E+004, Sun Aug 16 23:16:27 2015
1.75, 1.80, -0.20, 1.80 , -3.901846E-006, 3.913160E-006, -2.641167E-007, 2.534460E-007, 2.150400E+004 1.570926E+074 2.150400E+004, Sun Aug 16 23:16:30 2015
1.70, 1.80, -0.20, 1.80 , -7.701532E-006, 7.708570E-006, -2.505387E-007, 2.389950E-007, 2.150400E+004 1.570926E+074 2.150400E+004, Sun Aug 16 23:16:32 2015
1.65, 1.80, -0.20, 1.80 , -1.136098E-005, 1.136990E-005, -2.308424E-007, 2.183700E-007, 2.150400E+004 1.570926E+074 2.150400E+004, Sun Aug 16 23:16:35 2015
1.60, 1.80, -0.20, 1.80 , -1.490073E-005, 1.491420E-005, -2.193719E-007, 2.098050E-007, 2.150400E+004 1.570926E+074 2.150400E+004, Sun Aug 16 23:16:37 2015
1.55, 1.80, -0.20, 1.80 , -1.830034E-005, 1.832680E-005, -2.062983E-007, 1.995560E-007, 2.150400E+004 1.570926E+074 2.150400E+004, Sun Aug 16 23:16:39 2015
1.50, 1.80, -0.20, 1.80 , -2.159345E-005, 2.160200E-005, -1.951380E-007, 1.847730E-007, 2.150400E+004 1.570926E+074 2.150400E+004, Sun Aug 16 23:16:42 2015
1.45, 1.80, -0.20, 1.80 , -2.476486E-005, 2.475170E-005, -1.957955E-007, 1.813050E-007, 2.150400E+004 1.570926E+074 2.150400E+004, Sun Aug 16 23:16:44 2015
1.40, 1.80, -0.20, 1.80 , -2.778611E-005, 2.778280E-005, -1.833405E-007, 1.748880E-007, 2.150400E+004 1.570926E+074 2.150400E+004, Sun Aug 16 23:16:46 2015
1.35, 1.80, -0.20, 1.80 , -3.064275E-005, 3.065660E-005, -1.778108E-007, 1.707390E-007, 2.150400E+004 1.570926E+074 2.150400E+004, Sun Aug 16 23:16:49 2015
1.30, 1.80, -0.20, 1.80 , -3.339667E-005, 3.337890E-005, -2.050936E-007, 1.951910E-007, 2.150400E+004 1.570926E+074 2.150400E+004, Sun Aug 16 23:16:51 2015
1.25, 1.80, -0.20, 1.80 , -3.599052E-005, 3.598160E-005, -1.659314E-007, 1.717150E-007, 2.150400E+004 1.570926E+074 2.150400E+004, Sun Aug 16 23:16:53 2015
1.20, 1.80, -0.20, 1.80 , -3.840438E-005, 3.842970E-005, -1.642847E-007, 1.816630E-007, 2.150400E+004 1.570926E+074 2.150400E+004, Sun Aug 16 23:16:56 2015
1.15, 1.80, -0.20, 1.80 , -4.075079E-005, 4.075200E-005, -1.737972E-007, 1.506740E-007, 2.150400E+004 1.570926E+074 2.150400E+004, Sun Aug 16 23:16:58 2015
1.10, 1.80, -0.20, 1.80 , -4.294024E-005, 4.292000E-005, -1.469194E-007, 1.527730E-007, 2.150400E+004 1.570926E+074 2.150400E+004, Sun Aug 16 23:17:00 2015
1.05, 1.80, -0.20, 1.80 , -4.489401E-005, 4.490130E-005, -1.619743E-007, 1.463990E-007, 2.150400E+004 1.570926E+074 2.150400E+004, Sun Aug 16 23:17:03 2015
1.00, 1.80, -0.20, 1.80 , -4.679325E-005, 4.675610E-005, -1.608209E-007, 1.495900E-007, 2.150400E+004 1.570926E+074 2.150400E+004, Sun Aug 16 23:17:05 2015
0.95, 1.80, -0.20, 1.80 , -4.848897E-005, 4.848840E-005, -1.549695E-007, 1.528550E-007, 2.150400E+004 1.570926E+074 2.150400E+004, Sun Aug 16 23:17:07 2015
0.90, 1.80, -0.20, 1.80 , -5.006540E-005, 5.005980E-005, -1.497498E-007, 1.441280E-007, 2.150400E+004 1.570926E+074 2.150400E+004, Sun Aug 16 23:17:10 2015
0.85, 1.80, -0.20, 1.80 , -5.149302E-005, 5.150240E-005, -1.669038E-007, 1.397370E-007, 2.150400E+004 1.570926E+074 2.150400E+004, Sun Aug 16 23:17:12 2015
0.80, 1.80, -0.20, 1.80 , -5.272347E-005, 5.271550E-005, -1.435709E-007, 1.585690E-007, 2.150400E+004 1.570926E+074 2.150400E+004, Sun Aug 16 23:17:14 2015
0.75, 1.80, -0.20, 1.80 , -5.386414E-005, 5.389590E-005, -1.474668E-007, 1.417360E-007, 2.150400E+004 1.570926E+074 2.150400E+004, Sun Aug 16 23:17:17 2015
0.70, 1.80, -0.20, 1.80 , -5.491675E-005, 5.489730E-005, -1.437049E-007, 1.381350E-007, 2.150400E+004 1.570926E+074 2.150400E+004, Sun Aug 16 23:17:19 2015
0.65, 1.80, -0.20, 1.80 , -5.584924E-005, 5.588470E-005, -1.578698E-007, 1.387360E-007, 2.150400E+004 1.570926E+074 2.150400E+004, Sun Aug 16 23:17:22 2015
0.60, 1.80, -0.20, 1.80 , -5.669951E-005, 5.669880E-005, -1.427921E-007, 1.345640E-007, 2.150400E+004 1.570926E+074 2.150400E+004, Sun Aug 16 23:17:24 2015
0.55, 1.80, -0.20, 1.80 , -5.747390E-005, 5.736330E-005, -1.651991E-007, 1.430410E-007, 2.150400E+004 1.570926E+074 2.150400E+004, Sun Aug 16 23:17:26 2015
0.50, 1.80, -0.20, 1.80 , -5.810482E-005, 5.808420E-005, -1.394450E-007, 1.347720E-007, 2.150400E+004 1.570926E+074 2.150400E+004, Sun Aug 16 23:17:29 2015
0.45, 1.80, -0.20, 1.80 , -5.870368E-005, 5.869810E-005, -1.592267E-007, 1.445610E-007, 2.150400E+004 1.570926E+074 2.150400E+004, Sun Aug 16 23:17:31 2015
0.40, 1.80, -0.20, 1.80 , -5.925851E-005, 5.922880E-005, -1.417959E-007, 1.386660E-007, 2.150400E+004 1.570926E+074 2.150400E+004, Sun Aug 16 23:17:33 2015
0.35, 1.80, -0.20, 1.80 , -5.976232E-005, 5.976810E-005, -1.441911E-007, 1.271940E-007, 2.150400E+004 1.570926E+074 2.150400E+004, Sun Aug 16 23:17:36 2015
0.30, 1.80, -0.20, 1.80 , -6.019758E-005, 6.015540E-005, -1.368780E-007, 1.341800E-007, 2.150400E+004 1.570926E+074 2.150400E+004, Sun Aug 16 23:17:38 2015
0.25, 1.80, -0.20, 1.80 , -6.053474E-005, 6.053100E-005, -1.373027E-007, 1.557730E-007, 2.150400E+004 1.570926E+074 2.150400E+004, Sun Aug 16 23:17:40 2015
0.20, 1.80, -0.20, 1.80 , -6.088535E-005, 6.093310E-005, -1.516607E-007, 1.393800E-007, 2.150400E+004 1.570926E+074 2.150400E+004, Sun Aug 16 23:17:43 2015
0.15, 1.80, -0.20, 1.80 , -6.124561E-005, 6.126280E-005, -1.412844E-007, 1.367910E-007, 2.150400E+004 1.570926E+074 2.150400E+004, Sun Aug 16 23:17:45 2015
0.10, 1.80, -0.20, 1.80 , -6.147971E-005, 6.155770E-005, -1.670651E-007, 1.358630E-007, 2.150400E+004 1.570926E+074 2.150400E+004, Sun Aug 16 23:17:47 2015
0.05, 1.80, -0.20, 1.80 , -6.185115E-005, 6.181730E-005, -1.407403E-007, 1.403310E-007, 2.150400E+004 1.570926E+074 2.150400E+004, Sun Aug 16 23:17:50 2015
0.00, 1.80, -0.20, 1.80 , -6.210537E-005, 6.205120E-005, -1.455829E-007, 1.391690E-007, 2.150400E+004 1.570926E+074 2.150400E+004, Sun Aug 16 23:17:52 2015
-0.05, 1.80, -0.20, 1.80 , -6.237646E-005, 6.237970E-005, -1.425655E-007, 1.360750E-007, 2.150400E+004 1.570926E+074 2.150400E+004, Sun Aug 16 23:17:54 2015
-0.10, 1.80, -0.20, 1.80 , -6.266678E-005, 6.258830E-005, -1.441544E-007, 1.395310E-007, 2.150400E+004 1.570926E+074 2.150400E+004, Sun Aug 16 23:17:57 2015
-0.15, 1.80, -0.20, 1.80 , -6.275906E-005, 6.287280E-005, -1.372505E-007, 1.339550E-007, 2.150400E+004 1.570926E+074 2.150400E+004, Sun Aug 16 23:17:59 2015
-0.20, 1.80, -0.20, 1.80 , -6.304218E-005, 6.308170E-005, -1.420606E-007, 1.412330E-007, 2.150400E+004 1.570926E+074 2.150400E+004, Sun Aug 16 23:18:01 2015
