1.80, 1.80, 1.00, 1.80 , 2.211095E-009, -1.169140E-009, -8.407121E-009, 8.468580E-009, 2.150400E+004 1.570926E+074 2.150400E+004, Sun Aug 16 23:11:08 2015
1.75, 1.80, 1.00, 1.80 , -2.092008E-007, 2.102120E-007, -8.443883E-009, 8.512280E-009, 2.150400E+004 1.570926E+074 2.150400E+004, Sun Aug 16 23:11:11 2015
1.70, 1.80, 1.00, 1.80 , -3.301975E-007, 3.311670E-007, -8.318903E-009, 8.629590E-009, 2.150400E+004 1.570926E+074 2.150400E+004, Sun Aug 16 23:11:13 2015
1.65, 1.80, 1.00, 1.80 , -3.958202E-007, 3.968830E-007, -8.328165E-009, 8.575470E-009, 2.150400E+004 1.570926E+074 2.150400E+004, Sun Aug 16 23:11:17 2015
1.60, 1.80, 1.00, 1.80 , -4.366394E-007, 4.366830E-007, -8.350261E-009, 8.696130E-009, 2.150400E+004 1.570926E+074 2.150400E+004, Sun Aug 16 23:11:19 2015
1.55, 1.80, 1.00, 1.80 , -4.581802E-007, 4.635090E-007, -8.355290E-009, 8.746070E-009, 2.150400E+004 1.570926E+074 2.150400E+004, Sun Aug 16 23:11:22 2015
1.50, 1.80, 1.00, 1.80 , -4.821339E-007, 4.825270E-007, -8.307957E-009, 8.695150E-009, 2.150400E+004 1.570926E+074 2.150400E+004, Sun Aug 16 23:11:24 2015
1.45, 1.80, 1.00, 1.80 , -4.987322E-007, 4.993520E-007, -8.349671E-009, 8.748620E-009, 2.150400E+004 1.570926E+074 2.150400E+004, Sun Aug 16 23:11:27 2015
1.40, 1.80, 1.00, 1.80 , -5.148578E-007, 5.141580E-007, -8.278607E-009, 8.773510E-009, 2.150400E+004 1.570926E+074 2.150400E+004, Sun Aug 16 23:11:30 2015
1.35, 1.80, 1.00, 1.80 , -5.292843E-007, 5.299070E-007, -7.314950E-009, 8.747160E-009, 2.150400E+004 1.570926E+074 2.150400E+004, Sun Aug 16 23:11:33 2015
1.30, 1.80, 1.00, 1.80 , -5.414128E-007, 5.426310E-007, -8.372192E-009, 8.785310E-009, 2.150400E+004 1.570926E+074 2.150400E+004, Sun Aug 16 23:11:35 2015
1.25, 1.80, 1.00, 1.80 , -5.551432E-007, 5.552090E-007, -8.265568E-009, 8.939850E-009, 2.150400E+004 1.570926E+074 2.150400E+004, Sun Aug 16 23:11:38 2015
1.20, 1.80, 1.00, 1.80 , -5.691045E-007, 5.667950E-007, -8.305522E-009, 8.962940E-009, 2.150400E+004 1.570926E+074 2.150400E+004, Sun Aug 16 23:11:40 2015
1.15, 1.80, 1.00, 1.80 , -5.815808E-007, 5.819220E-007, -8.795789E-009, 9.025960E-009, 2.150400E+004 1.570926E+074 2.150400E+004, Sun Aug 16 23:11:42 2015
1.10, 1.80, 1.00, 1.80 , -5.947156E-007, 5.957200E-007, -8.422050E-009, 8.842530E-009, 2.150400E+004 1.570926E+074 2.150400E+004, Sun Aug 16 23:11:45 2015
1.05, 1.80, 1.00, 1.80 , -6.042336E-007, 6.073980E-007, -8.450134E-009, 8.988610E-009, 2.150400E+004 1.570926E+074 2.150400E+004, Sun Aug 16 23:11:48 2015
1.00, 1.80, 1.00, 1.80 , -6.178770E-007, 6.135070E-007, -8.344199E-009, 8.886700E-009, 2.150400E+004 1.570926E+074 2.150400E+004, Sun Aug 16 23:11:51 2015
0.95, 1.80, 1.00, 1.80 , -6.288566E-007, 6.268620E-007, -7.289287E-009, 8.395520E-009, 2.150400E+004 1.570926E+074 2.150400E+004, Sun Aug 16 23:11:55 2015
0.90, 1.80, 1.00, 1.80 , -6.336683E-007, 6.266020E-007, -7.255367E-009, 7.866310E-009, 2.150400E+004 1.570926E+074 2.150400E+004, Sun Aug 16 23:11:58 2015
0.85, 1.80, 1.00, 1.80 , -6.495257E-007, 6.509430E-007, -8.488287E-009, 9.237070E-009, 2.150400E+004 1.570926E+074 2.150400E+004, Sun Aug 16 23:12:05 2015
0.80, 1.80, 1.00, 1.80 , -6.615527E-007, 6.622110E-007, -8.454835E-009, 9.183930E-009, 2.150400E+004 1.570926E+074 2.150400E+004, Sun Aug 16 23:12:07 2015
0.75, 1.80, 1.00, 1.80 , -6.737030E-007, 6.734000E-007, -8.637438E-009, 9.340700E-009, 2.150400E+004 1.570926E+074 2.150400E+004, Sun Aug 16 23:12:11 2015
0.70, 1.80, 1.00, 1.80 , -6.848386E-007, 6.717240E-007, -7.757550E-009, 8.702040E-009, 2.150400E+004 1.570926E+074 2.150400E+004, Sun Aug 16 23:12:13 2015
0.65, 1.80, 1.00, 1.80 , -6.939781E-007, 6.909290E-007, -7.238128E-009, 8.142500E-009, 2.150400E+004 1.570926E+074 2.150400E+004, Sun Aug 16 23:12:16 2015
0.60, 1.80, 1.00, 1.80 , -7.005272E-007, 7.025800E-007, -6.352219E-009, 7.667300E-009, 2.150400E+004 1.570926E+074 2.150400E+004, Sun Aug 16 23:12:18 2015
0.55, 1.80, 1.00, 1.80 , -7.154949E-007, 7.142000E-007, -6.873437E-009, 7.621240E-009, 2.150400E+004 1.570926E+074 2.150400E+004, Sun Aug 16 23:12:20 2015
0.50, 1.80, 1.00, 1.80 , -7.250779E-007, 7.237490E-007, -6.840534E-009, 7.683640E-009, 2.150400E+004 1.570926E+074 2.150400E+004, Sun Aug 16 23:12:23 2015
0.45, 1.80, 1.00, 1.80 , -7.362588E-007, 7.340290E-007, -7.875116E-009, 8.679550E-009, 2.150400E+004 1.570926E+074 2.150400E+004, Sun Aug 16 23:12:25 2015
0.40, 1.80, 1.00, 1.80 , -7.382600E-007, 7.376860E-007, -8.300617E-009, 9.146310E-009, 2.150400E+004 1.570926E+074 2.150400E+004, Sun Aug 16 23:12:30 2015
0.35, 1.80, 1.00, 1.80 , -7.514304E-007, 7.538220E-007, -7.898775E-009, 8.786310E-009, 2.150400E+004 1.570926E+074 2.150400E+004, Sun Aug 16 23:12:32 2015
0.30, 1.80, 1.00, 1.80 , -7.623014E-007, 7.626200E-007, -7.757730E-009, 8.992010E-009, 2.150400E+004 1.570926E+074 2.150400E+004, Sun Aug 16 23:12:35 2015
0.25, 1.80, 1.00, 1.80 , -7.698819E-007, 7.697800E-007, -7.830962E-009, 8.806740E-009, 2.150400E+004 1.570926E+074 2.150400E+004, Sun Aug 16 23:12:37 2015
0.20, 1.80, 1.00, 1.80 , -7.799783E-007, 7.692860E-007, -6.843041E-009, 7.821550E-009, 2.150400E+004 1.570926E+074 2.150400E+004, Sun Aug 16 23:12:40 2015
0.15, 1.80, 1.00, 1.80 , -7.931760E-007, 7.920180E-007, -6.856249E-009, 7.877820E-009, 2.150400E+004 1.570926E+074 2.150400E+004, Sun Aug 16 23:12:42 2015
0.10, 1.80, 1.00, 1.80 , -7.992613E-007, 8.023010E-007, -7.839106E-009, 8.785810E-009, 2.150400E+004 1.570926E+074 2.150400E+004, Sun Aug 16 23:12:46 2015
0.05, 1.80, 1.00, 1.80 , -8.114632E-007, 8.085540E-007, -6.805307E-009, 7.945300E-009, 2.150400E+004 1.570926E+074 2.150400E+004, Sun Aug 16 23:12:48 2015
0.00, 1.80, 1.00, 1.80 , -8.207850E-007, 8.217240E-007, -6.728452E-009, 7.875080E-009, 2.150400E+004 1.570926E+074 2.150400E+004, Sun Aug 16 23:12:51 2015
-0.05, 1.80, 1.00, 1.80 , -8.323329E-007, 8.344000E-007, -7.714322E-009, 8.758290E-009, 2.150400E+004 1.570926E+074 2.150400E+004, Sun Aug 16 23:12:53 2015
-0.10, 1.80, 1.00, 1.80 , -8.429384E-007, 8.447380E-007, -7.794115E-009, 8.890780E-009, 2.150400E+004 1.570926E+074 2.150400E+004, Sun Aug 16 23:12:55 2015
-0.15, 1.80, 1.00, 1.80 , -8.524506E-007, 8.567340E-007, -7.710939E-009, 8.908360E-009, 2.150400E+004 1.570926E+074 2.150400E+004, Sun Aug 16 23:12:58 2015
-0.20, 1.80, 1.00, 1.80 , -8.586555E-007, 8.572340E-007, -7.815461E-009, 9.091750E-009, 2.150400E+004 1.570926E+074 2.150400E+004, Sun Aug 16 23:13:00 2015
