0.00, 0.00, 0.00, 0.00 , -2.912637E-011, -3.221990E-013, -2.940978E-011, -5.747800E-013, 2.150400E+004 1.570926E+074 2.150400E+004, Tue Aug 04 23:19:24 2015
0.05, 0.00, 0.00, 0.00 , -2.899978E-011, -2.231840E-013, -3.171590E-011, -8.305550E-013, 2.150400E+004 1.570926E+074 2.150400E+004, Tue Aug 04 23:19:29 2015
0.10, 0.00, 0.00, 0.00 , -2.853559E-011, -1.088260E-013, -3.247064E-011, -1.096980E-012, 2.150400E+004 1.570926E+074 2.150400E+004, Tue Aug 04 23:19:34 2015
0.15, 0.00, 0.00, 0.00 , -2.815580E-011, -9.111170E-014, -3.301572E-011, -1.313480E-012, 2.150400E+004 1.570926E+074 2.150400E+004, Tue Aug 04 23:19:45 2015
0.20, 0.00, 0.00, 0.00 , -2.688979E-011, -1.337410E-013, -3.217713E-011, -1.583760E-012, 2.150400E+004 1.570926E+074 2.150400E+004, Tue Aug 04 23:19:54 2015
0.25, 0.00, 0.00, 0.00 , -2.781817E-011, -1.280070E-013, -3.196748E-011, -1.830010E-012, 2.150400E+004 1.570926E+074 2.150400E+004, Tue Aug 04 23:19:59 2015
0.30, 0.00, 0.00, 0.00 , -2.587701E-011, -1.368280E-013, -3.200940E-011, -2.080070E-012, 2.150400E+004 1.570926E+074 2.150400E+004, Tue Aug 04 23:20:05 2015
0.35, 0.00, 0.00, 0.00 , -2.680539E-011, -1.348260E-013, -3.209327E-011, -2.393100E-012, 2.150400E+004 1.570926E+074 2.150400E+004, Tue Aug 04 23:20:19 2015
0.40, 0.00, 0.00, 0.00 , -2.634123E-011, -1.370790E-013, -3.339309E-011, -2.701780E-012, 2.150400E+004 1.570926E+074 2.150400E+004, Tue Aug 04 23:20:29 2015
0.45, 0.00, 0.00, 0.00 , -2.617239E-011, -1.187560E-013, -3.221906E-011, -2.579710E-012, 2.150400E+004 1.570926E+074 2.150400E+004, Tue Aug 04 23:20:38 2015
0.50, 0.00, 0.00, 0.00 , -2.672099E-011, -1.656170E-013, -3.268029E-011, -3.135410E-012, 2.150400E+004 1.570926E+074 2.150400E+004, Tue Aug 04 23:20:47 2015
0.55, 0.00, 0.00, 0.00 , -2.617241E-011, -1.546740E-013, -3.293186E-011, -3.348290E-012, 2.150400E+004 1.570926E+074 2.150400E+004, Tue Aug 04 23:20:56 2015
0.60, 0.00, 0.00, 0.00 , -2.596141E-011, -1.519320E-013, -3.230292E-011, -3.548040E-012, 2.150400E+004 1.570926E+074 2.150400E+004, Tue Aug 04 23:21:02 2015
0.65, 0.00, 0.00, 0.00 , -2.507520E-011, -1.550440E-013, -3.142240E-011, -3.769700E-012, 2.150400E+004 1.570926E+074 2.150400E+004, Tue Aug 04 23:21:08 2015
0.70, 0.00, 0.00, 0.00 , -2.541279E-011, -1.514320E-013, -3.251257E-011, -3.994110E-012, 2.150400E+004 1.570926E+074 2.150400E+004, Tue Aug 04 23:21:16 2015
0.75, 0.00, 0.00, 0.00 , -2.469539E-011, -1.389270E-013, -3.159012E-011, -4.208290E-012, 2.150400E+004 1.570926E+074 2.150400E+004, Tue Aug 04 23:21:28 2015
0.80, 0.00, 0.00, 0.00 , -2.444220E-011, -1.424790E-013, -3.196748E-011, -4.430810E-012, 2.150400E+004 1.570926E+074 2.150400E+004, Tue Aug 04 23:21:39 2015
0.85, 0.00, 0.00, 0.00 , -2.427342E-011, -1.602050E-013, -3.179976E-011, -4.624380E-012, 2.150400E+004 1.570926E+074 2.150400E+004, Tue Aug 04 23:21:46 2015
0.90, 0.00, 0.00, 0.00 , -2.431560E-011, -1.390810E-013, -3.142240E-011, -4.830670E-012, 2.150400E+004 1.570926E+074 2.150400E+004, Tue Aug 04 23:21:50 2015
0.95, 0.00, 0.00, 0.00 , -2.334501E-011, -1.739980E-013, -3.230292E-011, -5.048080E-012, 2.150400E+004 1.570926E+074 2.150400E+004, Tue Aug 04 23:22:05 2015
1.00, 0.00, 0.00, 0.00 , -2.376700E-011, -1.544950E-013, -3.259642E-011, -5.258320E-012, 2.150400E+004 1.570926E+074 2.150400E+004, Tue Aug 04 23:22:11 2015
1.05, 0.00, 0.00, 0.00 , -2.423121E-011, -1.501560E-013, -3.318343E-011, -5.225110E-012, 2.150400E+004 1.570926E+074 2.150400E+004, Tue Aug 04 23:22:46 2015
1.10, 0.00, 0.00, 0.00 , -2.288080E-011, -1.672860E-013, -3.276415E-011, -5.433060E-012, 2.150400E+004 1.570926E+074 2.150400E+004, Tue Aug 04 23:22:55 2015
1.15, 0.00, 0.00, 0.00 , -2.245881E-011, -3.284220E-013, -3.221906E-011, -5.501180E-012, 2.150400E+004 1.570926E+074 2.150400E+004, Tue Aug 04 23:23:09 2015
1.20, 0.00, 0.00, 0.00 , -2.355602E-011, -1.645210E-013, -3.268029E-011, -5.946450E-012, 2.150400E+004 1.570926E+074 2.150400E+004, Tue Aug 04 23:23:20 2015
1.25, 0.00, 0.00, 0.00 , -2.376699E-011, -1.474620E-013, -3.263836E-011, -5.952950E-012, 2.150400E+004 1.570926E+074 2.150400E+004, Tue Aug 04 23:23:25 2015
1.30, 0.00, 0.00, 0.00 , -2.288082E-011, -1.546030E-013, -3.268029E-011, -6.119950E-012, 2.150400E+004 1.570926E+074 2.150400E+004, Tue Aug 04 23:23:34 2015
1.35, 0.00, 0.00, 0.00 , -2.254319E-011, -1.523490E-013, -3.226098E-011, -6.299110E-012, 2.150400E+004 1.570926E+074 2.150400E+004, Tue Aug 04 23:23:46 2015
1.40, 0.00, 0.00, 0.00 , -2.157261E-011, -1.948480E-013, -3.276414E-011, -6.416330E-012, 2.150400E+004 1.570926E+074 2.150400E+004, Tue Aug 04 23:23:52 2015
1.45, 0.00, 0.00, 0.00 , -2.262761E-011, -1.637340E-013, -3.288993E-011, -6.640060E-012, 2.150400E+004 1.570926E+074 2.150400E+004, Tue Aug 04 23:23:59 2015
1.50, 0.00, 0.00, 0.00 , -2.203680E-011, -1.408460E-013, -3.196748E-011, -6.864640E-012, 2.150400E+004 1.570926E+074 2.150400E+004, Tue Aug 04 23:24:06 2015
1.55, 0.00, 0.00, 0.00 , -2.110840E-011, -1.575350E-013, -3.179977E-011, -7.058080E-012, 2.150400E+004 1.570926E+074 2.150400E+004, Tue Aug 04 23:24:11 2015
1.60, 0.00, 0.00, 0.00 , -2.064420E-011, -1.290440E-013, -3.309958E-011, -7.294980E-012, 2.150400E+004 1.570926E+074 2.150400E+004, Tue Aug 04 23:24:16 2015
1.65, 0.00, 0.00, 0.00 , -2.018003E-011, -1.845000E-013, -3.343501E-011, -7.469650E-012, 2.150400E+004 1.570926E+074 2.150400E+004, Tue Aug 04 23:24:21 2015
1.70, 0.00, 0.00, 0.00 , -2.140380E-011, -1.536730E-013, -3.297379E-011, -7.614930E-012, 2.150400E+004 1.570926E+074 2.150400E+004, Tue Aug 04 23:24:31 2015
1.75, 0.00, 0.00, 0.00 , -2.161482E-011, -1.766440E-013, -3.171591E-011, -7.732530E-012, 2.150400E+004 1.570926E+074 2.150400E+004, Tue Aug 04 23:24:54 2015
1.80, 0.00, 0.00, 0.00 , -2.144601E-011, -1.688240E-013, -3.129661E-011, -9.123540E-012, 2.150400E+004 1.570926E+074 2.150400E+004, Tue Aug 04 23:25:04 2015
1.85, 0.00, 0.00, 0.00 , -2.043322E-011, -1.830700E-013, -3.247063E-011, -8.314620E-012, 2.150400E+004 1.570926E+074 2.150400E+004, Tue Aug 04 23:25:10 2015
1.90, 0.00, 0.00, 0.00 , -2.043323E-011, -1.440410E-013, -3.221906E-011, -8.499960E-012, 2.150400E+004 1.570926E+074 2.150400E+004, Tue Aug 04 23:25:15 2015
1.95, 0.00, 0.00, 0.00 , -2.005342E-011, -1.609090E-013, -3.184169E-011, -8.416510E-012, 2.150400E+004 1.570926E+074 2.150400E+004, Tue Aug 04 23:25:25 2015
2.00, 0.00, 0.00, 0.00 , -2.030660E-011, -1.361970E-013, -3.305764E-011, -8.360140E-012, 2.150400E+004 1.570926E+074 2.150400E+004, Tue Aug 04 23:25:41 2015
