0.00, 0.00, 0.40, 0.00 , -4.634323E-011, -1.197270E-012, -3.100300E-011, -1.709190E-012, 2.150400E+004 1.570926E+074 2.150400E+004, Sun Aug 23 14:12:00 2015
0.05, 0.00, 0.40, 0.00 , -3.954910E-011, -1.542660E-012, -3.364453E-011, -1.966770E-012, 2.150400E+004 1.570926E+074 2.150400E+004, Sun Aug 23 14:12:10 2015
0.10, 0.00, 0.40, 0.00 , -3.895834E-011, -1.502660E-012, -3.129650E-011, -2.087830E-012, 2.150400E+004 1.570926E+074 2.150400E+004, Sun Aug 23 14:12:26 2015
0.15, 0.00, 0.40, 0.00 , -3.440083E-011, -1.379930E-012, -3.079335E-011, -2.677950E-012, 2.150400E+004 1.570926E+074 2.150400E+004, Sun Aug 23 14:12:55 2015
0.20, 0.00, 0.40, 0.00 , -3.170009E-011, -1.714990E-012, -3.020635E-011, -3.137540E-012, 2.150400E+004 1.570926E+074 2.150400E+004, Sun Aug 23 14:14:43 2015
0.25, 0.00, 0.40, 0.00 , -3.072952E-011, -1.368730E-012, -3.049986E-011, -3.387880E-012, 2.150400E+004 1.570926E+074 2.150400E+004, Sun Aug 23 14:15:04 2015
0.30, 0.00, 0.40, 0.00 , -3.241749E-011, -1.430300E-012, -3.087721E-011, -3.497680E-012, 2.150400E+004 1.570926E+074 2.150400E+004, Sun Aug 23 14:15:43 2015
0.35, 0.00, 0.40, 0.00 , -3.068733E-011, -1.600670E-012, -3.234473E-011, -3.637360E-012, 2.150400E+004 1.570926E+074 2.150400E+004, Sun Aug 23 14:16:14 2015
0.40, 0.00, 0.40, 0.00 , -2.693160E-011, -1.554310E-012, -2.987092E-011, -4.018930E-012, 2.150400E+004 1.570926E+074 2.150400E+004, Sun Aug 23 14:16:32 2015
0.45, 0.00, 0.40, 0.00 , -2.891497E-011, -1.787320E-012, -3.276403E-011, -4.069200E-012, 2.150400E+004 1.570926E+074 2.150400E+004, Sun Aug 23 14:17:50 2015
0.50, 0.00, 0.40, 0.00 , -2.701601E-011, -1.459560E-012, -3.188352E-011, -4.669770E-012, 2.150400E+004 1.570926E+074 2.150400E+004, Sun Aug 23 14:18:35 2015
0.55, 0.00, 0.40, 0.00 , -2.279609E-011, -1.575860E-012, -3.117072E-011, -4.944470E-012, 2.150400E+004 1.570926E+074 2.150400E+004, Sun Aug 23 14:19:27 2015
0.60, 0.00, 0.40, 0.00 , -2.055954E-011, -1.514840E-012, -2.886463E-011, -4.895410E-012, 2.150400E+004 1.570926E+074 2.150400E+004, Sun Aug 23 14:19:43 2015
0.65, 0.00, 0.40, 0.00 , -2.368226E-011, -1.750970E-012, -3.024828E-011, -5.004720E-012, 2.150400E+004 1.570926E+074 2.150400E+004, Sun Aug 23 14:20:55 2015
0.70, 0.00, 0.40, 0.00 , -2.153011E-011, -1.561500E-012, -3.104494E-011, -5.540430E-012, 2.150400E+004 1.570926E+074 2.150400E+004, Sun Aug 23 14:21:30 2015
0.75, 0.00, 0.40, 0.00 , -1.764780E-011, -1.833980E-012, -3.154809E-011, -6.377610E-012, 2.150400E+004 1.570926E+074 2.150400E+004, Sun Aug 23 14:22:37 2015
0.80, 0.00, 0.40, 0.00 , -1.617082E-011, -1.733550E-012, -3.012251E-011, -6.472980E-012, 2.150400E+004 1.570926E+074 2.150400E+004, Sun Aug 23 14:23:00 2015
0.85, 0.00, 0.40, 0.00 , -1.389206E-011, -1.702480E-012, -3.070951E-011, -6.305110E-012, 2.150400E+004 1.570926E+074 2.150400E+004, Sun Aug 23 14:24:13 2015
0.90, 0.00, 0.40, 0.00 , -1.646622E-011, -1.710150E-012, -3.159002E-011, -6.536780E-012, 2.150400E+004 1.570926E+074 2.150400E+004, Sun Aug 23 14:25:08 2015
0.95, 0.00, 0.40, 0.00 , -1.368105E-011, -1.689950E-012, -3.301560E-011, -6.946090E-012, 2.150400E+004 1.570926E+074 2.150400E+004, Sun Aug 23 14:25:12 2015
1.00, 0.00, 0.40, 0.00 , -8.448347E-012, -1.770960E-012, -3.247054E-011, -7.430860E-012, 2.150400E+004 1.570926E+074 2.150400E+004, Sun Aug 23 14:25:16 2015
1.05, 0.00, 0.40, 0.00 , -8.912542E-012, -1.434870E-012, -3.146423E-011, -7.427900E-012, 2.150400E+004 1.570926E+074 2.150400E+004, Sun Aug 23 14:25:20 2015
1.10, 0.00, 0.40, 0.00 , -8.110753E-012, -6.737710E-013, -3.477663E-011, -8.176120E-012, 2.150400E+004 1.570926E+074 2.150400E+004, Sun Aug 23 14:25:23 2015
1.15, 0.00, 0.40, 0.00 , -1.485465E-012, -1.875050E-012, -2.995479E-011, -8.210940E-012, 2.150400E+004 1.570926E+074 2.150400E+004, Sun Aug 23 14:25:27 2015
1.20, 0.00, 0.40, 0.00 , -1.991861E-012, -1.570090E-012, -3.138037E-011, -8.593880E-012, 2.150400E+004 1.570926E+074 2.150400E+004, Sun Aug 23 14:25:31 2015
1.25, 0.00, 0.40, 0.00 , 2.734398E-012, -1.980480E-012, -3.175774E-011, -8.702680E-012, 2.150400E+004 1.570926E+074 2.150400E+004, Sun Aug 23 14:25:34 2015
1.30, 0.00, 0.40, 0.00 , -5.068970E-014, -1.627770E-012, -3.288982E-011, -8.635830E-012, 2.150400E+004 1.570926E+074 2.150400E+004, Sun Aug 23 14:25:38 2015
1.35, 0.00, 0.40, 0.00 , 2.903180E-012, -1.844500E-012, -3.255439E-011, -9.798190E-012, 2.150400E+004 1.570926E+074 2.150400E+004, Sun Aug 23 14:25:42 2015
1.40, 0.00, 0.40, 0.00 , 7.502526E-012, -1.618580E-012, -3.347683E-011, -9.812820E-012, 2.150400E+004 1.570926E+074 2.150400E+004, Sun Aug 23 14:25:45 2015
1.45, 0.00, 0.40, 0.00 , 5.519325E-012, -1.930490E-012, -3.418962E-011, -9.739220E-012, 2.150400E+004 1.570926E+074 2.150400E+004, Sun Aug 23 14:25:49 2015
1.50, 0.00, 0.40, 0.00 , 8.979384E-012, -1.636650E-012, -3.268018E-011, -9.682940E-012, 2.150400E+004 1.570926E+074 2.150400E+004, Sun Aug 23 14:25:53 2015
1.55, 0.00, 0.40, 0.00 , 4.759798E-012, -1.827920E-012, -3.016444E-011, -1.052780E-011, 2.150400E+004 1.570926E+074 2.150400E+004, Sun Aug 23 14:25:56 2015
1.60, 0.00, 0.40, 0.00 , 9.063771E-012, -1.938660E-012, -3.314140E-011, -1.060490E-011, 2.150400E+004 1.570926E+074 2.150400E+004, Sun Aug 23 14:26:00 2015
1.65, 0.00, 0.40, 0.00 , 7.840092E-012, -1.904570E-012, -3.146423E-011, -1.069230E-011, 2.150400E+004 1.570926E+074 2.150400E+004, Sun Aug 23 14:26:06 2015
1.70, 0.00, 0.40, 0.00 , 1.083600E-011, -1.936810E-012, -2.882271E-011, -1.106440E-011, 2.150400E+004 1.570926E+074 2.150400E+004, Sun Aug 23 14:26:11 2015
1.75, 0.00, 0.40, 0.00 , 9.401338E-012, -1.914130E-012, -3.230281E-011, -1.102270E-011, 2.150400E+004 1.570926E+074 2.150400E+004, Sun Aug 23 14:26:24 2015
1.80, 0.00, 0.40, 0.00 , 9.527931E-012, -1.798940E-012, -2.945164E-011, -1.125020E-011, 2.150400E+004 1.570926E+074 2.150400E+004, Sun Aug 23 14:26:35 2015
1.85, 0.00, 0.40, 0.00 , 9.401340E-012, -1.953860E-012, -3.033215E-011, -1.185960E-011, 2.150400E+004 1.570926E+074 2.150400E+004, Sun Aug 23 14:27:09 2015
1.90, 0.00, 0.40, 0.00 , 1.252383E-011, -1.742410E-012, -3.096109E-011, -1.252340E-011, 2.150400E+004 1.570926E+074 2.150400E+004, Sun Aug 23 14:27:18 2015
1.95, 0.00, 0.40, 0.00 , 1.535095E-011, -2.229980E-012, -3.309946E-011, -1.253190E-011, 2.150400E+004 1.570926E+074 2.150400E+004, Sun Aug 23 14:27:25 2015
2.00, 0.00, 0.40, 0.00 , 1.737636E-011, -1.963900E-012, -2.982900E-011, -1.266360E-011, 2.150400E+004 1.570926E+074 2.150400E+004, Sun Aug 23 14:28:35 2015
