0.00, 0.00, 0.40, 0.00 , -8.639037E-011, 6.369690E-012, 1.796595E-011, 2.355220E-013, 2.150400E+004 1.570926E+074 2.150400E+004, Sun Aug 16 18:45:18 2015
0.05, 0.00, 0.40, 0.00 , -6.402473E-011, 5.109410E-012, 1.276725E-011, -7.918720E-013, 2.150400E+004 1.570926E+074 2.150400E+004, Sun Aug 16 18:45:23 2015
0.10, 0.00, 0.40, 0.00 , -4.815785E-011, 4.184890E-012, 1.566007E-011, -1.857960E-012, 2.150400E+004 1.570926E+074 2.150400E+004, Sun Aug 16 18:45:29 2015
0.15, 0.00, 0.40, 0.00 , -4.018218E-011, 3.485820E-012, 1.498926E-011, -3.016570E-012, 2.150400E+004 1.570926E+074 2.150400E+004, Sun Aug 16 18:45:41 2015
0.20, 0.00, 0.40, 0.00 , -2.870397E-011, 2.850370E-012, 1.259956E-011, -4.032970E-012, 2.150400E+004 1.570926E+074 2.150400E+004, Sun Aug 16 18:45:51 2015
0.25, 0.00, 0.40, 0.00 , -7.984150E-012, 1.919410E-012, 1.083871E-011, -4.539080E-012, 2.150400E+004 1.570926E+074 2.150400E+004, Sun Aug 16 18:45:54 2015
0.30, 0.00, 0.40, 0.00 , 1.552883E-012, 1.351420E-012, 1.033560E-011, -5.137830E-012, 2.150400E+004 1.570926E+074 2.150400E+004, Sun Aug 16 18:45:58 2015
0.35, 0.00, 0.40, 0.00 , 4.295642E-012, 1.031650E-012, 1.276723E-011, -5.825640E-012, 2.150400E+004 1.570926E+074 2.150400E+004, Sun Aug 16 18:46:03 2015
0.40, 0.00, 0.40, 0.00 , 7.797892E-012, 7.098440E-013, 1.176104E-011, -6.537720E-012, 2.150400E+004 1.570926E+074 2.150400E+004, Sun Aug 16 18:46:09 2015
0.45, 0.00, 0.40, 0.00 , 8.979375E-012, 6.698490E-013, 1.620509E-011, -7.193220E-012, 2.150400E+004 1.570926E+074 2.150400E+004, Sun Aug 16 18:46:19 2015
0.50, 0.00, 0.40, 0.00 , 1.661681E-011, 3.180740E-013, 1.410885E-011, -7.918600E-012, 2.150400E+004 1.570926E+074 2.150400E+004, Sun Aug 16 18:46:31 2015
0.55, 0.00, 0.40, 0.00 , 2.526695E-011, -1.440050E-013, 1.398309E-011, -8.502810E-012, 2.150400E+004 1.570926E+074 2.150400E+004, Sun Aug 16 18:46:41 2015
0.60, 0.00, 0.40, 0.00 , 3.564711E-011, -6.670950E-013, 1.532465E-011, -9.183320E-012, 2.150400E+004 1.570926E+074 2.150400E+004, Sun Aug 16 18:46:48 2015
0.65, 0.00, 0.40, 0.00 , 4.341115E-011, -1.254430E-012, 1.511504E-011, -9.909710E-012, 2.150400E+004 1.570926E+074 2.150400E+004, Sun Aug 16 18:46:56 2015
0.70, 0.00, 0.40, 0.00 , 4.914978E-011, -1.482580E-012, 1.666627E-011, -1.075320E-011, 2.150400E+004 1.570926E+074 2.150400E+004, Sun Aug 16 18:47:06 2015
0.75, 0.00, 0.40, 0.00 , 5.341156E-011, -1.904680E-012, 1.394118E-011, -1.121770E-011, 2.150400E+004 1.570926E+074 2.150400E+004, Sun Aug 16 18:47:18 2015
0.80, 0.00, 0.40, 0.00 , 6.476220E-011, -2.241730E-012, 1.675012E-011, -1.154270E-011, 2.150400E+004 1.570926E+074 2.150400E+004, Sun Aug 16 18:47:26 2015
0.85, 0.00, 0.40, 0.00 , 7.547993E-011, -3.097250E-012, 1.561813E-011, -1.261260E-011, 2.150400E+004 1.570926E+074 2.150400E+004, Sun Aug 16 18:47:34 2015
0.90, 0.00, 0.40, 0.00 , 8.586012E-011, -3.858130E-012, 1.461195E-011, -1.336050E-011, 2.150400E+004 1.570926E+074 2.150400E+004, Sun Aug 16 18:47:42 2015
0.95, 0.00, 0.40, 0.00 , 9.278021E-011, -3.839660E-012, 1.557619E-011, -1.414300E-011, 2.150400E+004 1.570926E+074 2.150400E+004, Sun Aug 16 18:47:50 2015
1.00, 0.00, 0.40, 0.00 , 1.000380E-010, -4.620180E-012, 1.536659E-011, -1.524270E-011, 2.150400E+004 1.570926E+074 2.150400E+004, Sun Aug 16 18:48:01 2015
1.05, 0.00, 0.40, 0.00 , 1.053968E-010, -4.317030E-012, 1.121605E-011, -1.519670E-011, 2.150400E+004 1.570926E+074 2.150400E+004, Sun Aug 16 18:48:09 2015
1.10, 0.00, 0.40, 0.00 , 1.226971E-010, -6.241190E-012, 1.796593E-011, -1.641470E-011, 2.150400E+004 1.570926E+074 2.150400E+004, Sun Aug 16 18:48:15 2015
1.15, 0.00, 0.40, 0.00 , 1.305878E-010, -6.832180E-012, 1.813364E-011, -1.707780E-011, 2.150400E+004 1.570926E+074 2.150400E+004, Sun Aug 16 18:48:23 2015
1.20, 0.00, 0.40, 0.00 , 1.421494E-010, -7.741330E-012, 1.725321E-011, -1.794630E-011, 2.150400E+004 1.570926E+074 2.150400E+004, Sun Aug 16 18:48:31 2015
1.25, 0.00, 0.40, 0.00 , 1.497867E-010, -8.408420E-012, 1.834327E-011, -1.941650E-011, 2.150400E+004 1.570926E+074 2.150400E+004, Sun Aug 16 18:48:39 2015
1.30, 0.00, 0.40, 0.00 , 1.565802E-010, -8.121920E-012, 1.691784E-011, -1.939770E-011, 2.150400E+004 1.570926E+074 2.150400E+004, Sun Aug 16 18:48:46 2015
1.35, 0.00, 0.40, 0.00 , 1.648928E-010, -9.033800E-012, 1.788212E-011, -2.037170E-011, 2.150400E+004 1.570926E+074 2.150400E+004, Sun Aug 16 18:48:54 2015
1.40, 0.00, 0.40, 0.00 , 1.775093E-010, -9.794130E-012, 1.620512E-011, -2.034870E-011, 2.150400E+004 1.570926E+074 2.150400E+004, Sun Aug 16 18:49:01 2015
1.45, 0.00, 0.40, 0.00 , 1.978056E-010, -1.240270E-011, 1.981065E-011, -2.183800E-011, 2.150400E+004 1.570926E+074 2.150400E+004, Sun Aug 16 18:49:06 2015
1.50, 0.00, 0.40, 0.00 , 2.090297E-010, -1.405680E-011, 2.022990E-011, -2.321150E-011, 2.150400E+004 1.570926E+074 2.150400E+004, Sun Aug 16 18:49:12 2015
1.55, 0.00, 0.40, 0.00 , 2.054009E-010, -1.384650E-011, 1.532469E-011, -2.388470E-011, 2.150400E+004 1.570926E+074 2.150400E+004, Sun Aug 16 18:49:20 2015
1.60, 0.00, 0.40, 0.00 , 2.272581E-010, -1.569270E-011, 2.526086E-011, -2.481920E-011, 2.150400E+004 1.570926E+074 2.150400E+004, Sun Aug 16 18:49:27 2015
1.65, 0.00, 0.40, 0.00 , 2.440100E-010, -1.686970E-011, 2.467391E-011, -2.615940E-011, 2.150400E+004 1.570926E+074 2.150400E+004, Sun Aug 16 18:49:33 2015
1.70, 0.00, 0.40, 0.00 , 2.489046E-010, -1.659550E-011, 2.228421E-011, -2.697390E-011, 2.150400E+004 1.570926E+074 2.150400E+004, Sun Aug 16 18:49:40 2015
1.75, 0.00, 0.40, 0.00 , 2.638842E-010, -1.767970E-011, 2.836330E-011, -2.760620E-011, 2.150400E+004 1.570926E+074 2.150400E+004, Sun Aug 16 18:49:46 2015
1.80, 0.00, 0.40, 0.00 , 2.673442E-010, -1.725910E-011, 1.477965E-011, -2.873080E-011, 2.150400E+004 1.570926E+074 2.150400E+004, Sun Aug 16 18:49:54 2015
1.85, 0.00, 0.40, 0.00 , 2.749398E-010, -1.731050E-011, 1.679207E-011, -2.932460E-011, 2.150400E+004 1.570926E+074 2.150400E+004, Sun Aug 16 18:50:01 2015
1.90, 0.00, 0.40, 0.00 , 2.677663E-010, -1.519160E-011, 1.830135E-011, -2.952920E-011, 2.150400E+004 1.570926E+074 2.150400E+004, Sun Aug 16 18:50:11 2015
1.95, 0.00, 0.40, 0.00 , 2.813114E-010, -1.793960E-011, 2.148765E-011, -3.135090E-011, 2.150400E+004 1.570926E+074 2.150400E+004, Sun Aug 16 18:50:17 2015
2.00, 0.00, 0.40, 0.00 , 2.904678E-010, -1.632520E-011, 1.733710E-011, -3.184460E-011, 2.150400E+004 1.570926E+074 2.150400E+004, Sun Aug 16 18:50:23 2015
