1.80, 0.00, 0.00, 0.00 , 2.086916E-010, -7.062830E-012, -6.597171E-011, -2.400330E-011, 2.150400E+004 1.570926E+074 2.150400E+004, Sun Aug 16 17:41:22 2015
1.80, 0.00, 0.02, 0.00 , 1.937122E-010, -7.221650E-012, -5.678927E-011, -2.377670E-011, 2.150400E+004 1.570926E+074 2.150400E+004, Sun Aug 16 17:41:27 2015
1.80, 0.00, 0.04, 0.00 , 1.833743E-010, -7.028030E-012, -5.008062E-011, -2.340200E-011, 2.150400E+004 1.570926E+074 2.150400E+004, Sun Aug 16 17:41:34 2015
1.80, 0.00, 0.06, 0.00 , 1.792390E-010, -6.967720E-012, -4.333008E-011, -2.359590E-011, 2.150400E+004 1.570926E+074 2.150400E+004, Sun Aug 16 17:41:38 2015
1.80, 0.00, 0.08, 0.00 , 1.752305E-010, -7.194830E-012, -3.725040E-011, -2.360360E-011, 2.150400E+004 1.570926E+074 2.150400E+004, Sun Aug 16 17:41:43 2015
1.80, 0.00, 0.10, 0.00 , 1.726143E-010, -6.826990E-012, -3.368644E-011, -2.343550E-011, 2.150400E+004 1.570926E+074 2.150400E+004, Sun Aug 16 17:41:49 2015
1.80, 0.00, 0.12, 0.00 , 1.710533E-010, -6.703700E-012, -3.070949E-011, -2.345760E-011, 2.150400E+004 1.570926E+074 2.150400E+004, Sun Aug 16 17:41:54 2015
1.80, 0.00, 0.14, 0.00 , 1.682260E-010, -6.055950E-012, -2.718746E-011, -2.323120E-011, 2.150400E+004 1.570926E+074 2.150400E+004, Sun Aug 16 17:41:58 2015
1.80, 0.00, 0.16, 0.00 , 1.624873E-010, -4.976610E-012, -2.391701E-011, -2.284980E-011, 2.150400E+004 1.570926E+074 2.150400E+004, Sun Aug 16 17:42:03 2015
1.80, 0.00, 0.18, 0.00 , 1.645550E-010, -5.722940E-012, -1.989215E-011, -2.303420E-011, 2.150400E+004 1.570926E+074 2.150400E+004, Sun Aug 16 17:42:08 2015
1.80, 0.00, 0.20, 0.00 , 1.611372E-010, -5.550130E-012, -2.014370E-011, -2.296680E-011, 2.150400E+004 1.570926E+074 2.150400E+004, Sun Aug 16 17:42:14 2015
1.80, 0.00, 0.22, 0.00 , 1.599134E-010, -5.169310E-012, -1.595122E-011, -2.296950E-011, 2.150400E+004 1.570926E+074 2.150400E+004, Sun Aug 16 17:42:19 2015
1.80, 0.00, 0.24, 0.00 , 1.578881E-010, -5.285980E-012, -1.293264E-011, -2.292710E-011, 2.150400E+004 1.570926E+074 2.150400E+004, Sun Aug 16 17:42:23 2015
1.80, 0.00, 0.26, 0.00 , 1.582256E-010, -5.693340E-012, -1.205223E-011, -2.288100E-011, 2.150400E+004 1.570926E+074 2.150400E+004, Sun Aug 16 17:42:29 2015
1.80, 0.00, 0.28, 0.00 , 1.561158E-010, -5.615410E-012, -1.251339E-011, -2.328770E-011, 2.150400E+004 1.570926E+074 2.150400E+004, Sun Aug 16 17:42:35 2015
1.80, 0.00, 0.30, 0.00 , 1.518540E-010, -5.023630E-012, -6.937407E-012, -2.292450E-011, 2.150400E+004 1.570926E+074 2.150400E+004, Sun Aug 16 17:42:40 2015
1.80, 0.00, 0.32, 0.00 , 1.522338E-010, -4.639670E-012, -8.404768E-012, -2.311680E-011, 2.150400E+004 1.570926E+074 2.150400E+004, Sun Aug 16 17:42:47 2015
1.80, 0.00, 0.34, 0.00 , 1.511790E-010, -4.436730E-012, -3.667282E-012, -2.334940E-011, 2.150400E+004 1.570926E+074 2.150400E+004, Sun Aug 16 17:42:51 2015
1.80, 0.00, 0.36, 0.00 , 1.455669E-010, -3.596950E-012, -4.841169E-012, -2.302700E-011, 2.150400E+004 1.570926E+074 2.150400E+004, Sun Aug 16 17:42:59 2015
1.80, 0.00, 0.38, 0.00 , 1.412207E-010, -3.091130E-012, 1.531372E-012, -2.276080E-011, 2.150400E+004 1.570926E+074 2.150400E+004, Sun Aug 16 17:43:04 2015
1.80, 0.00, 0.40, 0.00 , 1.364104E-010, -1.790700E-012, 2.209517E-014, -2.268320E-011, 2.150400E+004 1.570926E+074 2.150400E+004, Sun Aug 16 17:43:10 2015
1.80, 0.00, 0.42, 0.00 , 1.322330E-010, -1.993940E-012, 9.025211E-013, -2.188610E-011, 2.150400E+004 1.570926E+074 2.150400E+004, Sun Aug 16 17:43:16 2015
1.80, 0.00, 0.44, 0.00 , 1.326971E-010, -2.577090E-012, 2.244092E-012, -2.268260E-011, 2.150400E+004 1.570926E+074 2.150400E+004, Sun Aug 16 17:43:21 2015
1.80, 0.00, 0.46, 0.00 , 1.326971E-010, -2.988040E-012, 2.789134E-012, -2.285290E-011, 2.150400E+004 1.570926E+074 2.150400E+004, Sun Aug 16 17:43:25 2015
1.80, 0.00, 0.48, 0.00 , 1.378872E-010, -3.499140E-012, 7.400830E-012, -2.346600E-011, 2.150400E+004 1.570926E+074 2.150400E+004, Sun Aug 16 17:43:31 2015
1.80, 0.00, 0.50, 0.00 , 1.379716E-010, -2.550730E-012, 8.029719E-012, -2.314150E-011, 2.150400E+004 1.570926E+074 2.150400E+004, Sun Aug 16 17:43:37 2015
1.80, 0.00, 0.52, 0.00 , 1.326971E-010, -2.187450E-012, 7.778157E-012, -2.304730E-011, 2.150400E+004 1.570926E+074 2.150400E+004, Sun Aug 16 17:43:43 2015
1.80, 0.00, 0.54, 0.00 , 1.341739E-010, -3.098450E-012, 1.138370E-011, -2.304200E-011, 2.150400E+004 1.570926E+074 2.150400E+004, Sun Aug 16 17:43:48 2015
1.80, 0.00, 0.56, 0.00 , 1.345537E-010, -3.095160E-012, 1.096443E-011, -2.303670E-011, 2.150400E+004 1.570926E+074 2.150400E+004, Sun Aug 16 17:43:53 2015
1.80, 0.00, 0.58, 0.00 , 1.343428E-010, -3.302820E-012, 1.067097E-011, -2.339410E-011, 2.150400E+004 1.570926E+074 2.150400E+004, Sun Aug 16 17:43:57 2015
1.80, 0.00, 0.60, 0.00 , 1.370433E-010, -3.328070E-012, 1.536651E-011, -2.354400E-011, 2.150400E+004 1.570926E+074 2.150400E+004, Sun Aug 16 17:44:02 2015
1.80, 0.00, 0.62, 0.00 , 1.361149E-010, -3.332880E-012, 1.867856E-011, -2.334310E-011, 2.150400E+004 1.570926E+074 2.150400E+004, Sun Aug 16 17:44:07 2015
1.80, 0.00, 0.64, 0.00 , 1.380560E-010, -3.743450E-012, 2.094250E-011, -2.375430E-011, 2.150400E+004 1.570926E+074 2.150400E+004, Sun Aug 16 17:44:12 2015
1.80, 0.00, 0.66, 0.00 , 1.396595E-010, -3.811780E-012, 2.157136E-011, -2.417420E-011, 2.150400E+004 1.570926E+074 2.150400E+004, Sun Aug 16 17:44:17 2015
1.80, 0.00, 0.68, 0.00 , 1.368745E-010, -4.161850E-012, 1.922358E-011, -2.366750E-011, 2.150400E+004 1.570926E+074 2.150400E+004, Sun Aug 16 17:44:22 2015
1.80, 0.00, 0.70, 0.00 , 1.362838E-010, -4.626820E-012, 2.240989E-011, -2.349130E-011, 2.150400E+004 1.570926E+074 2.150400E+004, Sun Aug 16 17:44:28 2015
1.80, 0.00, 0.72, 0.00 , 1.395751E-010, -5.242250E-012, 2.584768E-011, -2.411350E-011, 2.150400E+004 1.570926E+074 2.150400E+004, Sun Aug 16 17:44:33 2015
1.80, 0.00, 0.74, 0.00 , 1.380139E-010, -7.348800E-012, 2.584770E-011, -2.390430E-011, 2.150400E+004 1.570926E+074 2.150400E+004, Sun Aug 16 17:44:38 2015
1.80, 0.00, 0.76, 0.00 , 1.383092E-010, -1.100670E-011, 2.496729E-011, -2.380130E-011, 2.150400E+004 1.570926E+074 2.150400E+004, Sun Aug 16 17:44:42 2015
1.80, 0.00, 0.78, 0.00 , 1.444275E-010, -1.778780E-011, 2.697963E-011, -2.366850E-011, 2.150400E+004 1.570926E+074 2.150400E+004, Sun Aug 16 17:44:47 2015
1.80, 0.00, 0.80, 0.00 , 1.553139E-010, -3.046010E-011, 2.928554E-011, -2.385380E-011, 2.150400E+004 1.570926E+074 2.150400E+004, Sun Aug 16 17:44:52 2015
1.80, 0.00, 0.82, 0.00 , 1.778465E-010, -5.458980E-011, 2.475765E-011, -2.361440E-011, 2.150400E+004 1.570926E+074 2.150400E+004, Sun Aug 16 17:44:58 2015
1.80, 0.00, 0.84, 0.00 , 2.209283E-010, -9.810500E-011, 3.133986E-011, -2.314270E-011, 2.150400E+004 1.570926E+074 2.150400E+004, Sun Aug 16 17:45:02 2015
1.80, 0.00, 0.86, 0.00 , 3.002983E-010, -1.773590E-010, 3.117214E-011, -2.324800E-011, 2.150400E+004 1.570926E+074 2.150400E+004, Sun Aug 16 17:45:09 2015
1.80, 0.00, 0.88, 0.00 , 4.393331E-010, -3.193480E-010, 3.272337E-011, -2.364470E-011, 2.150400E+004 1.570926E+074 2.150400E+004, Sun Aug 16 17:45:13 2015
1.80, 0.00, 0.90, 0.00 , 6.841529E-010, -5.676730E-010, 3.205254E-011, -2.361650E-011, 2.150400E+004 1.570926E+074 2.150400E+004, Sun Aug 16 17:45:18 2015
1.80, 0.00, 0.92, 0.00 , 1.105857E-009, -9.863790E-010, 3.406496E-011, -2.400520E-011, 2.150400E+004 1.570926E+074 2.150400E+004, Sun Aug 16 17:45:22 2015
1.80, 0.00, 0.94, 0.00 , 1.791327E-009, -1.671120E-009, 3.729313E-011, -2.399120E-011, 2.150400E+004 1.570926E+074 2.150400E+004, Sun Aug 16 17:45:27 2015
1.80, 0.00, 0.96, 0.00 , 2.858370E-009, -2.742560E-009, 3.838318E-011, -2.426090E-011, 2.150400E+004 1.570926E+074 2.150400E+004, Sun Aug 16 17:45:30 2015
1.80, 0.00, 0.98, 0.00 , 4.475439E-009, -4.352220E-009, 3.796396E-011, -2.407830E-011, 2.150400E+004 1.570926E+074 2.150400E+004, Sun Aug 16 17:45:34 2015
1.80, 0.00, 1.00, 0.00 , 6.801092E-009, -6.690450E-009, 3.997631E-011, -2.444260E-011, 2.150400E+004 1.570926E+074 2.150400E+004, Sun Aug 16 17:45:38 2015
1.80, 0.00, 1.02, 0.00 , 1.005257E-008, -9.938070E-009, 4.089866E-011, -2.476090E-011, 2.150400E+004 1.570926E+074 2.150400E+004, Sun Aug 16 17:45:41 2015
1.80, 0.00, 1.04, 0.00 , 1.441286E-008, -1.430020E-008, 4.257567E-011, -2.429060E-011, 2.150400E+004 1.570926E+074 2.150400E+004, Sun Aug 16 17:45:45 2015
1.80, 0.00, 1.06, 0.00 , 2.011621E-008, -1.999810E-008, 4.073092E-011, -2.441730E-011, 2.150400E+004 1.570926E+074 2.150400E+004, Sun Aug 16 17:45:49 2015
1.80, 0.00, 1.08, 0.00 , 2.737852E-008, -2.726570E-008, 3.871860E-011, -2.444020E-011, 2.150400E+004 1.570926E+074 2.150400E+004, Sun Aug 16 17:45:52 2015
1.80, 0.00, 1.10, 0.00 , 3.642407E-008, -3.630230E-008, 4.496534E-011, -2.492670E-011, 2.150400E+004 1.570926E+074 2.150400E+004, Sun Aug 16 17:45:56 2015
1.80, 0.00, 1.12, 0.00 , 4.741552E-008, -4.731460E-008, 4.454610E-011, -2.503160E-011, 2.150400E+004 1.570926E+074 2.150400E+004, Sun Aug 16 17:45:59 2015
1.80, 0.00, 1.14, 0.00 , 6.059541E-008, -6.049810E-008, 4.488152E-011, -2.484880E-011, 2.150400E+004 1.570926E+074 2.150400E+004, Sun Aug 16 17:46:03 2015
1.80, 0.00, 1.16, 0.00 , 7.608386E-008, -7.598030E-008, 4.328837E-011, -2.465820E-011, 2.150400E+004 1.570926E+074 2.150400E+004, Sun Aug 16 17:46:06 2015
1.80, 0.00, 1.18, 0.00 , 9.412589E-008, -9.400510E-008, 4.551037E-011, -2.510870E-011, 2.150400E+004 1.570926E+074 2.150400E+004, Sun Aug 16 17:46:10 2015
1.80, 0.00, 1.20, 0.00 , 1.148372E-007, -1.147340E-007, 4.584574E-011, -2.478700E-011, 2.150400E+004 1.570926E+074 2.150400E+004, Sun Aug 16 17:46:14 2015
1.80, 0.00, 1.22, 0.00 , 1.384079E-007, -1.382830E-007, 5.020593E-011, -2.543520E-011, 2.150400E+004 1.570926E+074 2.150400E+004, Sun Aug 16 17:46:17 2015
1.80, 0.00, 1.24, 0.00 , 1.649479E-007, -1.648690E-007, 5.158946E-011, -2.587440E-011, 2.150400E+004 1.570926E+074 2.150400E+004, Sun Aug 16 17:46:21 2015
1.80, 0.00, 1.26, 0.00 , 1.945981E-007, -1.945660E-007, 5.465001E-011, -2.533720E-011, 2.150400E+004 1.570926E+074 2.150400E+004, Sun Aug 16 17:46:24 2015
1.80, 0.00, 1.28, 0.00 , 2.275655E-007, -2.274710E-007, 5.217640E-011, -2.576220E-011, 2.150400E+004 1.570926E+074 2.150400E+004, Sun Aug 16 17:46:28 2015
1.80, 0.00, 1.30, 0.00 , 2.637298E-007, -2.637180E-007, 5.414687E-011, -2.564050E-011, 2.150400E+004 1.570926E+074 2.150400E+004, Sun Aug 16 17:46:31 2015
1.80, 0.00, 1.32, 0.00 , 3.035759E-007, -3.034340E-007, 5.909397E-011, -2.623840E-011, 2.150400E+004 1.570926E+074 2.150400E+004, Sun Aug 16 17:46:35 2015
1.80, 0.00, 1.34, 0.00 , 3.468404E-007, -3.468130E-007, 6.014206E-011, -2.552400E-011, 2.150400E+004 1.570926E+074 2.150400E+004, Sun Aug 16 17:46:38 2015
1.80, 0.00, 1.36, 0.00 , 3.938504E-007, -3.936760E-007, 5.553040E-011, -2.536570E-011, 2.150400E+004 1.570926E+074 2.150400E+004, Sun Aug 16 17:46:42 2015
1.80, 0.00, 1.38, 0.00 , 4.443565E-007, -4.443030E-007, 5.335033E-011, -2.407430E-011, 2.150400E+004 1.570926E+074 2.150400E+004, Sun Aug 16 17:46:46 2015
1.80, 0.00, 1.40, 0.00 , 4.988784E-007, -4.987030E-007, 5.808779E-011, -2.474900E-011, 2.150400E+004 1.570926E+074 2.150400E+004, Sun Aug 16 17:46:49 2015
1.80, 0.00, 1.42, 0.00 , 5.570073E-007, -5.568450E-007, 5.578190E-011, -2.476600E-011, 2.150400E+004 1.570926E+074 2.150400E+004, Sun Aug 16 17:46:53 2015
1.80, 0.00, 1.44, 0.00 , 6.190522E-007, -6.188380E-007, 5.703966E-011, -2.479540E-011, 2.150400E+004 1.570926E+074 2.150400E+004, Sun Aug 16 17:46:56 2015
1.80, 0.00, 1.46, 0.00 , 6.850790E-007, -6.849870E-007, 5.536267E-011, -2.419650E-011, 2.150400E+004 1.570926E+074 2.150400E+004, Sun Aug 16 17:47:00 2015
1.80, 0.00, 1.48, 0.00 , 7.550846E-007, -7.549430E-007, 5.649461E-011, -2.447180E-011, 2.150400E+004 1.570926E+074 2.150400E+004, Sun Aug 16 17:47:03 2015
1.80, 0.00, 1.50, 0.00 , 8.290958E-007, -8.289280E-007, 5.909396E-011, -2.472410E-011, 2.150400E+004 1.570926E+074 2.150400E+004, Sun Aug 16 17:47:07 2015
1.80, 0.00, 1.52, 0.00 , 9.071546E-007, -9.070990E-007, 5.708162E-011, -2.439150E-011, 2.150400E+004 1.570926E+074 2.150400E+004, Sun Aug 16 17:47:10 2015
1.80, 0.00, 1.54, 0.00 , 9.893362E-007, -9.892700E-007, 5.896821E-011, -2.444230E-011, 2.150400E+004 1.570926E+074 2.150400E+004, Sun Aug 16 17:47:14 2015
1.80, 0.00, 1.56, 0.00 , 1.075708E-006, -1.075610E-006, 5.792007E-011, -2.663440E-011, 2.150400E+004 1.570926E+074 2.150400E+004, Sun Aug 16 17:47:18 2015
1.80, 0.00, 1.58, 0.00 , 1.166190E-006, -1.165970E-006, 6.248988E-011, -2.463850E-011, 2.150400E+004 1.570926E+074 2.150400E+004, Sun Aug 16 17:47:21 2015
1.80, 0.00, 1.60, 0.00 , 1.261056E-006, -1.260940E-006, 6.068715E-011, -2.394670E-011, 2.150400E+004 1.570926E+074 2.150400E+004, Sun Aug 16 17:47:25 2015
1.80, 0.00, 1.62, 0.00 , 1.359802E-006, -1.359630E-006, 5.888436E-011, -2.395140E-011, 2.150400E+004 1.570926E+074 2.150400E+004, Sun Aug 16 17:47:28 2015
1.80, 0.00, 1.64, 0.00 , 1.463457E-006, -1.463170E-006, 6.102251E-011, -2.431360E-011, 2.150400E+004 1.570926E+074 2.150400E+004, Sun Aug 16 17:47:32 2015
1.80, 0.00, 1.66, 0.00 , 1.570482E-006, -1.570510E-006, 6.722731E-011, -2.471500E-011, 2.150400E+004 1.570926E+074 2.150400E+004, Sun Aug 16 17:47:36 2015
1.80, 0.00, 1.68, 0.00 , 1.681718E-006, -1.681420E-006, 6.026781E-011, -2.433560E-011, 2.150400E+004 1.570926E+074 2.150400E+004, Sun Aug 16 17:47:39 2015
1.80, 0.00, 1.70, 0.00 , 1.797229E-006, -1.796930E-006, 6.529885E-011, -2.440900E-011, 2.150400E+004 1.570926E+074 2.150400E+004, Sun Aug 16 17:47:43 2015
1.80, 0.00, 1.72, 0.00 , 1.917340E-006, -1.917510E-006, 6.274144E-011, -2.424670E-011, 2.150400E+004 1.570926E+074 2.150400E+004, Sun Aug 16 17:47:46 2015
1.80, 0.00, 1.74, 0.00 , 2.040876E-006, -2.040830E-006, 6.567618E-011, -2.449990E-011, 2.150400E+004 1.570926E+074 2.150400E+004, Sun Aug 16 17:47:50 2015
1.80, 0.00, 1.76, 0.00 , 2.169593E-006, -2.168610E-006, 6.408304E-011, -2.407780E-011, 2.150400E+004 1.570926E+074 2.150400E+004, Sun Aug 16 17:47:53 2015
1.80, 0.00, 1.78, 0.00 , 2.301904E-006, -2.301500E-006, 7.079098E-011, -2.559710E-011, 2.150400E+004 1.570926E+074 2.150400E+004, Sun Aug 16 17:47:57 2015
1.80, 0.00, 1.80, 0.00 , 2.438484E-006, -2.437710E-006, 6.915589E-011, -2.442470E-011, 2.150400E+004 1.570926E+074 2.150400E+004, Sun Aug 16 17:48:00 2015
1.80, 0.00, 1.82, 0.00 , 2.578910E-006, -2.578640E-006, 6.508923E-011, -2.401210E-011, 2.150400E+004 1.570926E+074 2.150400E+004, Sun Aug 16 17:48:04 2015
1.80, 0.00, 1.84, 0.00 , 2.724033E-006, -2.723660E-006, 6.710162E-011, -2.434870E-011, 2.150400E+004 1.570926E+074 2.150400E+004, Sun Aug 16 17:48:08 2015
1.80, 0.00, 1.86, 0.00 , 2.873225E-006, -2.873110E-006, 6.446042E-011, -2.384250E-011, 2.150400E+004 1.570926E+074 2.150400E+004, Sun Aug 16 17:48:11 2015
1.80, 0.00, 1.88, 0.00 , 3.026477E-006, -3.026520E-006, 6.722736E-011, -2.398770E-011, 2.150400E+004 1.570926E+074 2.150400E+004, Sun Aug 16 17:48:15 2015
1.80, 0.00, 1.90, 0.00 , 3.183938E-006, -3.184070E-006, 6.970093E-011, -2.413760E-011, 2.150400E+004 1.570926E+074 2.150400E+004, Sun Aug 16 17:48:18 2015
1.80, 0.00, 1.92, 0.00 , 3.345110E-006, -3.344890E-006, 7.364188E-011, -2.500070E-011, 2.150400E+004 1.570926E+074 2.150400E+004, Sun Aug 16 17:48:22 2015
1.80, 0.00, 1.94, 0.00 , 3.510976E-006, -3.510600E-006, 7.787623E-011, -2.424160E-011, 2.150400E+004 1.570926E+074 2.150400E+004, Sun Aug 16 17:48:25 2015
1.80, 0.00, 1.96, 0.00 , 3.680528E-006, -3.680690E-006, 7.016209E-011, -2.468070E-011, 2.150400E+004 1.570926E+074 2.150400E+004, Sun Aug 16 17:48:29 2015
1.80, 0.00, 1.98, 0.00 , 3.854997E-006, -3.854480E-006, 6.450229E-011, -2.363620E-011, 2.150400E+004 1.570926E+074 2.150400E+004, Sun Aug 16 17:48:32 2015
1.80, 0.00, 2.00, 0.00 , 4.031859E-006, -4.031570E-006, 6.664039E-011, -2.360920E-011, 2.150400E+004 1.570926E+074 2.150400E+004, Sun Aug 16 17:48:36 2015
