0.00, 0.00, 0.40, 0.00 , -2.992815E-011, -1.224400E-013, -3.163204E-011, -4.384040E-013, 2.150400E+004 1.570926E+074 2.150400E+004, Tue Aug 04 23:25:49 2015
0.05, 0.00, 0.40, 0.00 , -2.984377E-011, -1.334430E-013, -3.268029E-011, -6.632090E-013, 2.150400E+004 1.570926E+074 2.150400E+004, Tue Aug 04 23:25:55 2015
0.10, 0.00, 0.40, 0.00 , -2.921078E-011, -9.770390E-014, -3.309958E-011, -8.741620E-013, 2.150400E+004 1.570926E+074 2.150400E+004, Tue Aug 04 23:26:09 2015
0.15, 0.00, 0.40, 0.00 , -2.824019E-011, -9.140970E-014, -3.238678E-011, -1.066140E-012, 2.150400E+004 1.570926E+074 2.150400E+004, Tue Aug 04 23:26:18 2015
0.20, 0.00, 0.40, 0.00 , -2.853558E-011, -1.011850E-013, -3.251256E-011, -1.217970E-012, 2.150400E+004 1.570926E+074 2.150400E+004, Tue Aug 04 23:26:37 2015
0.25, 0.00, 0.40, 0.00 , -2.773379E-011, -1.286750E-013, -3.263835E-011, -1.392960E-012, 2.150400E+004 1.570926E+074 2.150400E+004, Tue Aug 04 23:26:49 2015
0.30, 0.00, 0.40, 0.00 , -2.748058E-011, -1.013640E-013, -3.205133E-011, -1.574610E-012, 2.150400E+004 1.570926E+074 2.150400E+004, Tue Aug 04 23:26:56 2015
0.35, 0.00, 0.40, 0.00 , -2.786038E-011, -1.432180E-013, -3.343500E-011, -1.750160E-012, 2.150400E+004 1.570926E+074 2.150400E+004, Tue Aug 04 23:27:07 2015
0.40, 0.00, 0.40, 0.00 , -2.773379E-011, -1.377460E-013, -3.259642E-011, -1.978680E-012, 2.150400E+004 1.570926E+074 2.150400E+004, Tue Aug 04 23:27:13 2015
0.45, 0.00, 0.40, 0.00 , -2.718518E-011, -1.090290E-013, -3.314151E-011, -2.159600E-012, 2.150400E+004 1.570926E+074 2.150400E+004, Tue Aug 04 23:27:18 2015
0.50, 0.00, 0.40, 0.00 , -2.676319E-011, -1.599430E-013, -3.205134E-011, -2.285750E-012, 2.150400E+004 1.570926E+074 2.150400E+004, Tue Aug 04 23:27:30 2015
0.55, 0.00, 0.40, 0.00 , -2.646779E-011, -1.155970E-013, -3.309958E-011, -2.477320E-012, 2.150400E+004 1.570926E+074 2.150400E+004, Tue Aug 04 23:27:35 2015
0.60, 0.00, 0.40, 0.00 , -2.743839E-011, -1.230720E-013, -3.209327E-011, -2.644730E-012, 2.150400E+004 1.570926E+074 2.150400E+004, Tue Aug 04 23:27:44 2015
0.65, 0.00, 0.40, 0.00 , -2.566599E-011, -1.231910E-013, -3.205133E-011, -2.911530E-012, 2.150400E+004 1.570926E+074 2.150400E+004, Tue Aug 04 23:27:49 2015
0.70, 0.00, 0.40, 0.00 , -2.667878E-011, -1.397970E-013, -3.188362E-011, -3.091840E-012, 2.150400E+004 1.570926E+074 2.150400E+004, Tue Aug 04 23:27:53 2015
0.75, 0.00, 0.40, 0.00 , -2.642558E-011, -1.484510E-013, -3.301572E-011, -3.220200E-012, 2.150400E+004 1.570926E+074 2.150400E+004, Tue Aug 04 23:27:58 2015
0.80, 0.00, 0.40, 0.00 , -2.537059E-011, -1.278040E-013, -3.293185E-011, -3.356490E-012, 2.150400E+004 1.570926E+074 2.150400E+004, Tue Aug 04 23:28:06 2015
0.85, 0.00, 0.40, 0.00 , -2.515959E-011, -1.179460E-013, -3.305764E-011, -3.557750E-012, 2.150400E+004 1.570926E+074 2.150400E+004, Tue Aug 04 23:28:11 2015
0.90, 0.00, 0.40, 0.00 , -2.566600E-011, -1.863960E-013, -3.196748E-011, -3.725420E-012, 2.150400E+004 1.570926E+074 2.150400E+004, Tue Aug 04 23:28:18 2015
0.95, 0.00, 0.40, 0.00 , -2.646776E-011, -1.351480E-013, -3.234485E-011, -3.854330E-012, 2.150400E+004 1.570926E+074 2.150400E+004, Tue Aug 04 23:28:29 2015
1.00, 0.00, 0.40, 0.00 , -2.579258E-011, -1.575830E-013, -3.293186E-011, -4.046820E-012, 2.150400E+004 1.570926E+074 2.150400E+004, Tue Aug 04 23:28:39 2015
1.05, 0.00, 0.40, 0.00 , -2.402020E-011, -1.396540E-013, -3.377044E-011, -4.224820E-012, 2.150400E+004 1.570926E+074 2.150400E+004, Tue Aug 04 23:28:45 2015
1.10, 0.00, 0.40, 0.00 , -2.465320E-011, -1.462460E-013, -3.251255E-011, -4.441300E-012, 2.150400E+004 1.570926E+074 2.150400E+004, Tue Aug 04 23:28:50 2015
1.15, 0.00, 0.40, 0.00 , -2.486418E-011, -1.509550E-013, -3.171590E-011, -4.653740E-012, 2.150400E+004 1.570926E+074 2.150400E+004, Tue Aug 04 23:28:56 2015
1.20, 0.00, 0.40, 0.00 , -2.376699E-011, -1.679540E-013, -3.221905E-011, -4.935480E-012, 2.150400E+004 1.570926E+074 2.150400E+004, Tue Aug 04 23:29:04 2015
1.25, 0.00, 0.40, 0.00 , -2.351380E-011, -1.280430E-013, -3.217713E-011, -5.054720E-012, 2.150400E+004 1.570926E+074 2.150400E+004, Tue Aug 04 23:29:12 2015
1.30, 0.00, 0.40, 0.00 , -2.368258E-011, -1.497030E-013, -3.196748E-011, -5.257110E-012, 2.150400E+004 1.570926E+074 2.150400E+004, Tue Aug 04 23:29:17 2015
1.35, 0.00, 0.40, 0.00 , -2.347159E-011, -1.423600E-013, -3.272221E-011, -5.467460E-012, 2.150400E+004 1.570926E+074 2.150400E+004, Tue Aug 04 23:29:24 2015
1.40, 0.00, 0.40, 0.00 , -2.300740E-011, -1.442070E-013, -3.100310E-011, -5.661920E-012, 2.150400E+004 1.570926E+074 2.150400E+004, Tue Aug 04 23:29:30 2015
1.45, 0.00, 0.40, 0.00 , -2.271199E-011, -1.402740E-013, -3.200941E-011, -5.871900E-012, 2.150400E+004 1.570926E+074 2.150400E+004, Tue Aug 04 23:29:36 2015
1.50, 0.00, 0.40, 0.00 , -2.309179E-011, -1.466040E-013, -3.133853E-011, -6.075880E-012, 2.150400E+004 1.570926E+074 2.150400E+004, Tue Aug 04 23:29:44 2015
1.55, 0.00, 0.40, 0.00 , -2.233220E-011, -1.428720E-013, -3.196748E-011, -6.317380E-012, 2.150400E+004 1.570926E+074 2.150400E+004, Tue Aug 04 23:29:49 2015
1.60, 0.00, 0.40, 0.00 , -2.296523E-011, -1.731990E-013, -3.196748E-011, -6.524460E-012, 2.150400E+004 1.570926E+074 2.150400E+004, Tue Aug 04 23:29:59 2015
1.65, 0.00, 0.40, 0.00 , -2.271201E-011, 1.198410E-013, -3.259642E-011, -6.763030E-012, 2.150400E+004 1.570926E+074 2.150400E+004, Tue Aug 04 23:30:06 2015
1.70, 0.00, 0.40, 0.00 , -2.199462E-011, -2.247330E-013, -3.192555E-011, -7.051210E-012, 2.150400E+004 1.570926E+074 2.150400E+004, Tue Aug 04 23:30:12 2015
1.75, 0.00, 0.40, 0.00 , -2.110840E-011, -1.199250E-013, -3.251256E-011, -7.293560E-012, 2.150400E+004 1.570926E+074 2.150400E+004, Tue Aug 04 23:30:18 2015
1.80, 0.00, 0.40, 0.00 , -2.064420E-011, -1.428480E-013, -3.133854E-011, -7.569620E-012, 2.150400E+004 1.570926E+074 2.150400E+004, Tue Aug 04 23:30:29 2015
1.85, 0.00, 0.40, 0.00 , -2.022223E-011, -1.585960E-013, -3.255449E-011, -7.788160E-012, 2.150400E+004 1.570926E+074 2.150400E+004, Tue Aug 04 23:30:36 2015
1.90, 0.00, 0.40, 0.00 , -2.127721E-011, -1.596090E-013, -3.263835E-011, -7.990120E-012, 2.150400E+004 1.570926E+074 2.150400E+004, Tue Aug 04 23:30:42 2015
1.95, 0.00, 0.40, 0.00 , -2.089740E-011, -1.702070E-013, -3.154818E-011, -8.267430E-012, 2.150400E+004 1.570926E+074 2.150400E+004, Tue Aug 04 23:30:49 2015
2.00, 0.00, 0.40, 0.00 , -1.963142E-011, -1.787420E-013, -3.154818E-011, -8.504710E-012, 2.150400E+004 1.570926E+074 2.150400E+004, Tue Aug 04 23:30:56 2015
