0.00, 0.00, 1.20, 0.00 , -6.605073E-011, 2.091770E-012, -1.553191E-011, -1.861000E-012, 2.150400E+004 1.570926E+074 2.150400E+004, Sun Aug 23 02:30:38 2015
0.05, 0.00, 1.20, 0.00 , 4.094626E-010, -4.682790E-010, -1.947287E-011, -1.849790E-012, 2.150400E+004 1.570926E+074 2.150400E+004, Sun Aug 23 02:30:44 2015
0.10, 0.00, 1.20, 0.00 , 7.567359E-010, -8.142420E-010, -1.548998E-011, -2.320480E-012, 2.150400E+004 1.570926E+074 2.150400E+004, Sun Aug 23 02:30:48 2015
0.15, 0.00, 1.20, 0.00 , 8.783863E-010, -9.249780E-010, -1.876014E-011, -2.313470E-012, 2.150400E+004 1.570926E+074 2.150400E+004, Sun Aug 23 02:30:53 2015
0.20, 0.00, 1.20, 0.00 , 9.279669E-010, -9.690960E-010, -1.737661E-011, -2.664690E-012, 2.150400E+004 1.570926E+074 2.150400E+004, Sun Aug 23 02:30:57 2015
0.25, 0.00, 1.20, 0.00 , 9.514702E-010, -9.983190E-010, -1.486110E-011, -2.728690E-012, 2.150400E+004 1.570926E+074 2.150400E+004, Sun Aug 23 02:31:02 2015
0.30, 0.00, 1.20, 0.00 , 9.861139E-010, -1.023460E-009, -1.712506E-011, -3.207270E-012, 2.150400E+004 1.570926E+074 2.150400E+004, Sun Aug 23 02:31:06 2015
0.35, 0.00, 1.20, 0.00 , 1.002907E-009, -1.041780E-009, -1.469341E-011, -3.372670E-012, 2.150400E+004 1.570926E+074 2.150400E+004, Sun Aug 23 02:31:10 2015
0.40, 0.00, 1.20, 0.00 , 1.013920E-009, -1.047110E-009, -2.098217E-011, -3.879790E-012, 2.150400E+004 1.570926E+074 2.150400E+004, Sun Aug 23 02:31:14 2015
0.45, 0.00, 1.20, 0.00 , 1.019406E-009, -1.047250E-009, -1.695736E-011, -3.911450E-012, 2.150400E+004 1.570926E+074 2.150400E+004, Sun Aug 23 02:31:17 2015
0.50, 0.00, 1.20, 0.00 , 1.050969E-009, -1.070140E-009, -1.347757E-011, -4.089810E-012, 2.150400E+004 1.570926E+074 2.150400E+004, Sun Aug 23 02:31:21 2015
0.55, 0.00, 1.20, 0.00 , 1.046074E-009, -1.080820E-009, -2.018559E-011, -4.888240E-012, 2.150400E+004 1.570926E+074 2.150400E+004, Sun Aug 23 02:31:25 2015
0.60, 0.00, 1.20, 0.00 , 1.058564E-009, -1.078040E-009, -1.658004E-011, -4.910930E-012, 2.150400E+004 1.570926E+074 2.150400E+004, Sun Aug 23 02:31:28 2015
0.65, 0.00, 1.20, 0.00 , 1.049745E-009, -1.071620E-009, -1.695736E-011, -5.100910E-012, 2.150400E+004 1.570926E+074 2.150400E+004, Sun Aug 23 02:31:32 2015
0.70, 0.00, 1.20, 0.00 , 1.064007E-009, -1.077220E-009, -1.548999E-011, -5.497810E-012, 2.150400E+004 1.570926E+074 2.150400E+004, Sun Aug 23 02:31:38 2015
0.75, 0.00, 1.20, 0.00 , 1.066159E-009, -1.063660E-009, -1.628656E-011, -5.488740E-012, 2.150400E+004 1.570926E+074 2.150400E+004, Sun Aug 23 02:31:41 2015
0.80, 0.00, 1.20, 0.00 , 1.075063E-009, -1.084600E-009, -1.964057E-011, -5.826940E-012, 2.150400E+004 1.570926E+074 2.150400E+004, Sun Aug 23 02:31:45 2015
0.85, 0.00, 1.20, 0.00 , 1.074261E-009, -1.075280E-009, -1.813126E-011, -6.199050E-012, 2.150400E+004 1.570926E+074 2.150400E+004, Sun Aug 23 02:31:50 2015
0.90, 0.00, 1.20, 0.00 , 1.076160E-009, -1.077250E-009, -1.758624E-011, -6.228040E-012, 2.150400E+004 1.570926E+074 2.150400E+004, Sun Aug 23 02:31:56 2015
0.95, 0.00, 1.20, 0.00 , 1.089156E-009, -1.073400E-009, -1.318409E-011, -6.602220E-012, 2.150400E+004 1.570926E+074 2.150400E+004, Sun Aug 23 02:31:59 2015
1.00, 0.00, 1.20, 0.00 , 1.105570E-009, -1.090770E-009, -1.498687E-011, -7.194260E-012, 2.150400E+004 1.570926E+074 2.150400E+004, Sun Aug 23 02:32:03 2015
1.05, 0.00, 1.20, 0.00 , 1.106583E-009, -1.090460E-009, -1.515458E-011, -7.073520E-012, 2.150400E+004 1.570926E+074 2.150400E+004, Sun Aug 23 02:32:07 2015
1.10, 0.00, 1.20, 0.00 , 1.113714E-009, -1.105340E-009, -1.741853E-011, -7.618090E-012, 2.150400E+004 1.570926E+074 2.150400E+004, Sun Aug 23 02:32:10 2015
1.15, 0.00, 1.20, 0.00 , 1.111393E-009, -1.104550E-009, -2.060484E-011, -7.869400E-012, 2.150400E+004 1.570926E+074 2.150400E+004, Sun Aug 23 02:32:15 2015
1.20, 0.00, 1.20, 0.00 , 1.101941E-009, -1.084030E-009, -1.599308E-011, -7.820430E-012, 2.150400E+004 1.570926E+074 2.150400E+004, Sun Aug 23 02:32:19 2015
1.25, 0.00, 1.20, 0.00 , 1.115992E-009, -1.097070E-009, -1.620271E-011, -8.250590E-012, 2.150400E+004 1.570926E+074 2.150400E+004, Sun Aug 23 02:32:22 2015
1.30, 0.00, 1.20, 0.00 , 1.114348E-009, -1.088650E-009, -1.959864E-011, -8.627650E-012, 2.150400E+004 1.570926E+074 2.150400E+004, Sun Aug 23 02:32:26 2015
1.35, 0.00, 1.20, 0.00 , 1.113925E-009, -1.093450E-009, -1.901169E-011, -8.815520E-012, 2.150400E+004 1.570926E+074 2.150400E+004, Sun Aug 23 02:32:30 2015
1.40, 0.00, 1.20, 0.00 , 1.133968E-009, -1.101140E-009, -1.599308E-011, -8.902930E-012, 2.150400E+004 1.570926E+074 2.150400E+004, Sun Aug 23 02:32:33 2015
1.45, 0.00, 1.20, 0.00 , 1.142787E-009, -1.114230E-009, -1.624464E-011, -9.049420E-012, 2.150400E+004 1.570926E+074 2.150400E+004, Sun Aug 23 02:32:37 2015
1.50, 0.00, 1.20, 0.00 , 1.135740E-009, -1.116840E-009, -1.804741E-011, -9.821990E-012, 2.150400E+004 1.570926E+074 2.150400E+004, Sun Aug 23 02:32:40 2015
1.55, 0.00, 1.20, 0.00 , 1.141606E-009, -1.112640E-009, -1.750239E-011, -9.734690E-012, 2.150400E+004 1.570926E+074 2.150400E+004, Sun Aug 23 02:32:44 2015
1.60, 0.00, 1.20, 0.00 , 1.180258E-009, -1.149060E-009, -2.135950E-011, -9.983370E-012, 2.150400E+004 1.570926E+074 2.150400E+004, Sun Aug 23 02:32:49 2015
1.65, 0.00, 1.20, 0.00 , 1.204141E-009, -1.172930E-009, -1.863436E-011, -1.066700E-011, 2.150400E+004 1.570926E+074 2.150400E+004, Sun Aug 23 02:32:52 2015
1.70, 0.00, 1.20, 0.00 , 1.252834E-009, -1.223930E-009, -1.855051E-011, -1.060640E-011, 2.150400E+004 1.570926E+074 2.150400E+004, Sun Aug 23 02:32:56 2015
1.75, 0.00, 1.20, 0.00 , 1.325031E-009, -1.296240E-009, -1.511266E-011, -1.066030E-011, 2.150400E+004 1.570926E+074 2.150400E+004, Sun Aug 23 02:33:01 2015
1.80, 0.00, 1.20, 0.00 , 1.382250E-009, -1.343540E-009, -1.498688E-011, -1.137890E-011, 2.150400E+004 1.570926E+074 2.150400E+004, Sun Aug 23 02:33:05 2015
1.85, 0.00, 1.20, 0.00 , 1.437484E-009, -1.396080E-009, -2.119180E-011, -1.138470E-011, 2.150400E+004 1.570926E+074 2.150400E+004, Sun Aug 23 02:33:08 2015
1.90, 0.00, 1.20, 0.00 , 1.502129E-009, -1.457700E-009, -2.068870E-011, -1.170210E-011, 2.150400E+004 1.570926E+074 2.150400E+004, Sun Aug 23 02:33:12 2015
1.95, 0.00, 1.20, 0.00 , 1.529683E-009, -1.491580E-009, -2.265918E-011, -1.210380E-011, 2.150400E+004 1.570926E+074 2.150400E+004, Sun Aug 23 02:33:15 2015
2.00, 0.00, 1.20, 0.00 , 1.655173E-009, -1.611910E-009, -1.775394E-011, -1.244170E-011, 2.150400E+004 1.570926E+074 2.150400E+004, Sun Aug 23 02:33:20 2015
