0.00, 0.00, 0.00, 0.00 , -4.182798E-011, -1.140960E-012, -3.792131E-011, -1.688660E-012, 2.150400E+004 1.570926E+074 2.150400E+004, Sun Aug 23 13:59:23 2015
0.05, 0.00, 0.00, 0.00 , -3.554031E-011, -9.601710E-013, -3.985005E-011, -1.784970E-012, 2.150400E+004 1.570926E+074 2.150400E+004, Sun Aug 23 13:59:29 2015
0.10, 0.00, 0.00, 0.00 , -3.756586E-011, -1.116040E-012, -4.073055E-011, -1.992170E-012, 2.150400E+004 1.570926E+074 2.150400E+004, Sun Aug 23 13:59:38 2015
0.15, 0.00, 0.00, 0.00 , -3.258634E-011, -1.122670E-012, -4.127563E-011, -2.205560E-012, 2.150400E+004 1.570926E+074 2.150400E+004, Sun Aug 23 13:59:48 2015
0.20, 0.00, 0.00, 0.00 , -3.511826E-011, -1.279620E-012, -3.922111E-011, -3.247460E-012, 2.150400E+004 1.570926E+074 2.150400E+004, Sun Aug 23 13:59:52 2015
0.25, 0.00, 0.00, 0.00 , -3.030759E-011, -1.134910E-012, -3.779552E-011, -3.083600E-012, 2.150400E+004 1.570926E+074 2.150400E+004, Sun Aug 23 14:00:31 2015
0.30, 0.00, 0.00, 0.00 , -3.343029E-011, -1.148060E-012, -3.917918E-011, -3.488930E-012, 2.150400E+004 1.570926E+074 2.150400E+004, Sun Aug 23 14:01:00 2015
0.35, 0.00, 0.00, 0.00 , -3.047637E-011, -1.442420E-012, -4.123370E-011, -4.108830E-012, 2.150400E+004 1.570926E+074 2.150400E+004, Sun Aug 23 14:01:05 2015
0.40, 0.00, 0.00, 0.00 , -2.781781E-011, -1.293190E-012, -3.930497E-011, -4.028130E-012, 2.150400E+004 1.570926E+074 2.150400E+004, Sun Aug 23 14:02:12 2015
0.45, 0.00, 0.00, 0.00 , -2.558123E-011, -1.206720E-012, -3.909531E-011, -3.953910E-012, 2.150400E+004 1.570926E+074 2.150400E+004, Sun Aug 23 14:02:24 2015
0.50, 0.00, 0.00, 0.00 , -2.756459E-011, -1.593490E-012, -4.064670E-011, -4.056220E-012, 2.150400E+004 1.570926E+074 2.150400E+004, Sun Aug 23 14:02:43 2015
0.55, 0.00, 0.00, 0.00 , -2.465286E-011, -1.272460E-012, -4.135949E-011, -5.021930E-012, 2.150400E+004 1.570926E+074 2.150400E+004, Sun Aug 23 14:02:48 2015
0.60, 0.00, 0.00, 0.00 , -2.452626E-011, -1.311980E-012, -4.098214E-011, -5.022720E-012, 2.150400E+004 1.570926E+074 2.150400E+004, Sun Aug 23 14:03:05 2015
0.65, 0.00, 0.00, 0.00 , -2.233190E-011, -1.632130E-012, -4.114985E-011, -5.647130E-012, 2.150400E+004 1.570926E+074 2.150400E+004, Sun Aug 23 14:03:09 2015
0.70, 0.00, 0.00, 0.00 , -2.148791E-011, -1.333860E-012, -3.997583E-011, -5.913880E-012, 2.150400E+004 1.570926E+074 2.150400E+004, Sun Aug 23 14:03:15 2015
0.75, 0.00, 0.00, 0.00 , -2.119251E-011, -1.579180E-012, -4.098211E-011, -5.768280E-012, 2.150400E+004 1.570926E+074 2.150400E+004, Sun Aug 23 14:05:56 2015
0.80, 0.00, 0.00, 0.00 , -1.701477E-011, -1.762140E-012, -4.135947E-011, -6.267680E-012, 2.150400E+004 1.570926E+074 2.150400E+004, Sun Aug 23 14:06:55 2015
0.85, 0.00, 0.00, 0.00 , -1.752117E-011, -1.482380E-012, -3.993388E-011, -6.636290E-012, 2.150400E+004 1.570926E+074 2.150400E+004, Sun Aug 23 14:08:46 2015
0.90, 0.00, 0.00, 0.00 , -1.296366E-011, -1.471150E-012, -4.043705E-011, -6.316170E-012, 2.150400E+004 1.570926E+074 2.150400E+004, Sun Aug 23 14:08:57 2015
0.95, 0.00, 0.00, 0.00 , -8.110738E-012, -1.832990E-012, -3.997582E-011, -7.586870E-012, 2.150400E+004 1.570926E+074 2.150400E+004, Sun Aug 23 14:09:06 2015
1.00, 0.00, 0.00, 0.00 , -6.802564E-012, -1.927710E-012, -4.253348E-011, -7.117050E-012, 2.150400E+004 1.570926E+074 2.150400E+004, Sun Aug 23 14:09:10 2015
1.05, 0.00, 0.00, 0.00 , -9.081313E-012, -1.440550E-012, -3.758585E-011, -7.190040E-012, 2.150400E+004 1.570926E+074 2.150400E+004, Sun Aug 23 14:09:14 2015
1.10, 0.00, 0.00, 0.00 , -7.224548E-012, -1.692900E-012, -4.228191E-011, -8.206150E-012, 2.150400E+004 1.570926E+074 2.150400E+004, Sun Aug 23 14:09:18 2015
1.15, 0.00, 0.00, 0.00 , -2.118446E-012, -1.448500E-012, -4.416870E-011, -7.718740E-012, 2.150400E+004 1.570926E+074 2.150400E+004, Sun Aug 23 14:09:21 2015
1.20, 0.00, 0.00, 0.00 , -2.709237E-012, -1.514430E-012, -3.871794E-011, -7.918560E-012, 2.150400E+004 1.570926E+074 2.150400E+004, Sun Aug 23 14:09:25 2015
1.25, 0.00, 0.00, 0.00 , 1.046493E-012, -1.589070E-012, -3.947265E-011, -8.302320E-012, 2.150400E+004 1.570926E+074 2.150400E+004, Sun Aug 23 14:09:29 2015
1.30, 0.00, 0.00, 0.00 , -9.368695E-013, -1.676570E-012, -3.536362E-011, -9.238230E-012, 2.150400E+004 1.570926E+074 2.150400E+004, Sun Aug 23 14:09:32 2015
1.35, 0.00, 0.00, 0.00 , 4.633206E-012, -1.867340E-012, -3.968232E-011, -9.075520E-012, 2.150400E+004 1.570926E+074 2.150400E+004, Sun Aug 23 14:09:36 2015
1.40, 0.00, 0.00, 0.00 , 8.051062E-012, -1.753910E-012, -4.064667E-011, -9.030880E-012, 2.150400E+004 1.570926E+074 2.150400E+004, Sun Aug 23 14:09:40 2015
1.45, 0.00, 0.00, 0.00 , 4.548811E-012, -1.681460E-012, -3.712464E-011, -9.511320E-012, 2.150400E+004 1.570926E+074 2.150400E+004, Sun Aug 23 14:09:43 2015
1.50, 0.00, 0.00, 0.00 , 7.755683E-012, -1.689220E-012, -3.796322E-011, -9.935000E-012, 2.150400E+004 1.570926E+074 2.150400E+004, Sun Aug 23 14:09:47 2015
1.55, 0.00, 0.00, 0.00 , 5.856885E-012, -1.928640E-012, -3.972423E-011, -1.027900E-011, 2.150400E+004 1.570926E+074 2.150400E+004, Sun Aug 23 14:09:51 2015
1.60, 0.00, 0.00, 0.00 , 7.418124E-012, -1.774040E-012, -3.905337E-011, -1.088070E-011, 2.150400E+004 1.570926E+074 2.150400E+004, Sun Aug 23 14:09:56 2015
1.65, 0.00, 0.00, 0.00 , 8.726189E-012, -1.754070E-012, -4.249155E-011, -1.053030E-011, 2.150400E+004 1.570926E+074 2.150400E+004, Sun Aug 23 14:10:02 2015
1.70, 0.00, 0.00, 0.00 , 9.190344E-012, -1.855910E-012, -3.959844E-011, -1.133960E-011, 2.150400E+004 1.570926E+074 2.150400E+004, Sun Aug 23 14:10:07 2015
1.75, 0.00, 0.00, 0.00 , 9.570098E-012, -1.877510E-012, -3.955651E-011, -1.179390E-011, 2.150400E+004 1.570926E+074 2.150400E+004, Sun Aug 23 14:10:17 2015
1.80, 0.00, 0.00, 0.00 , 1.467578E-011, -2.205260E-012, -3.842443E-011, -1.165250E-011, 2.150400E+004 1.570926E+074 2.150400E+004, Sun Aug 23 14:10:22 2015
1.85, 0.00, 0.00, 0.00 , 1.319894E-011, -1.797310E-012, -4.114983E-011, -1.232870E-011, 2.150400E+004 1.570926E+074 2.150400E+004, Sun Aug 23 14:10:32 2015
1.90, 0.00, 0.00, 0.00 , 1.459138E-011, -1.840440E-012, -4.081439E-011, -1.241530E-011, 2.150400E+004 1.570926E+074 2.150400E+004, Sun Aug 23 14:10:43 2015
1.95, 0.00, 0.00, 0.00 , 1.657459E-011, -1.854000E-012, -4.047895E-011, -1.259420E-011, 2.150400E+004 1.570926E+074 2.150400E+004, Sun Aug 23 14:11:19 2015
2.00, 0.00, 0.00, 0.00 , 1.649021E-011, -1.873520E-012, -3.909529E-011, -1.294210E-011, 2.150400E+004 1.570926E+074 2.150400E+004, Sun Aug 23 14:11:43 2015
