1.80, 0.00, 0.00, 0.00 , -1.929383E-011, -1.838680E-013, -3.259641E-011, -8.320650E-012, 2.150400E+004 1.570926E+074 2.150400E+004, Tue Aug 04 23:07:11 2015
1.80, 0.00, 0.02, 0.00 , -1.971582E-011, -1.994730E-013, -3.326728E-011, -8.327420E-012, 2.150400E+004 1.570926E+074 2.150400E+004, Tue Aug 04 23:07:16 2015
1.80, 0.00, 0.04, 0.00 , -1.984243E-011, -1.689430E-013, -3.280606E-011, -8.292200E-012, 2.150400E+004 1.570926E+074 2.150400E+004, Tue Aug 04 23:07:31 2015
1.80, 0.00, 0.06, 0.00 , -2.068643E-011, -1.893040E-013, -3.268027E-011, -8.215650E-012, 2.150400E+004 1.570926E+074 2.150400E+004, Tue Aug 04 23:07:51 2015
1.80, 0.00, 0.08, 0.00 , -2.043323E-011, -1.879450E-013, -3.209325E-011, -8.128270E-012, 2.150400E+004 1.570926E+074 2.150400E+004, Tue Aug 04 23:08:05 2015
1.80, 0.00, 0.10, 0.00 , -2.081303E-011, -3.916620E-013, -3.322534E-011, -7.764070E-012, 2.150400E+004 1.570926E+074 2.150400E+004, Tue Aug 04 23:08:16 2015
1.80, 0.00, 0.12, 0.00 , -2.127722E-011, -1.893400E-013, -3.272219E-011, -8.098380E-012, 2.150400E+004 1.570926E+074 2.150400E+004, Tue Aug 04 23:08:23 2015
1.80, 0.00, 0.14, 0.00 , -2.157263E-011, -1.680370E-013, -3.305763E-011, -8.099560E-012, 2.150400E+004 1.570926E+074 2.150400E+004, Tue Aug 04 23:08:29 2015
1.80, 0.00, 0.16, 0.00 , -2.123502E-011, -1.758340E-013, -3.293184E-011, -8.107270E-012, 2.150400E+004 1.570926E+074 2.150400E+004, Tue Aug 04 23:08:46 2015
1.80, 0.00, 0.18, 0.00 , -2.034883E-011, -1.632210E-013, -3.255448E-011, -8.119050E-012, 2.150400E+004 1.570926E+074 2.150400E+004, Tue Aug 04 23:08:52 2015
1.80, 0.00, 0.20, 0.00 , -2.022222E-011, -1.803990E-013, -3.251255E-011, -8.096390E-012, 2.150400E+004 1.570926E+074 2.150400E+004, Tue Aug 04 23:08:58 2015
1.80, 0.00, 0.22, 0.00 , -2.047543E-011, -1.682160E-013, -3.238676E-011, -8.148060E-012, 2.150400E+004 1.570926E+074 2.150400E+004, Tue Aug 04 23:09:06 2015
1.80, 0.00, 0.24, 0.00 , -2.144601E-011, -1.762630E-013, -3.347693E-011, -8.112760E-012, 2.150400E+004 1.570926E+074 2.150400E+004, Tue Aug 04 23:09:13 2015
1.80, 0.00, 0.26, 0.00 , -2.018003E-011, -1.736520E-013, -3.318342E-011, -8.145510E-012, 2.150400E+004 1.570926E+074 2.150400E+004, Tue Aug 04 23:09:18 2015
1.80, 0.00, 0.28, 0.00 , -2.060201E-011, -1.815920E-013, -3.217712E-011, -8.087600E-012, 2.150400E+004 1.570926E+074 2.150400E+004, Tue Aug 04 23:09:22 2015
1.80, 0.00, 0.30, 0.00 , -2.068641E-011, -1.649260E-013, -3.188361E-011, -8.159830E-012, 2.150400E+004 1.570926E+074 2.150400E+004, Tue Aug 04 23:09:27 2015
1.80, 0.00, 0.32, 0.00 , -2.039102E-011, -1.863360E-013, -3.247061E-011, -8.262650E-012, 2.150400E+004 1.570926E+074 2.150400E+004, Tue Aug 04 23:09:47 2015
1.80, 0.00, 0.34, 0.00 , -2.085521E-011, -1.888040E-013, -3.221904E-011, -8.369430E-012, 2.150400E+004 1.570926E+074 2.150400E+004, Tue Aug 04 23:10:02 2015
1.80, 0.00, 0.36, 0.00 , -2.077081E-011, -1.667500E-013, -3.049994E-011, -8.370720E-012, 2.150400E+004 1.570926E+074 2.150400E+004, Tue Aug 04 23:10:20 2015
1.80, 0.00, 0.38, 0.00 , -1.891404E-011, -1.755240E-013, -3.171589E-011, -8.502830E-012, 2.150400E+004 1.570926E+074 2.150400E+004, Tue Aug 04 23:10:37 2015
1.80, 0.00, 0.40, 0.00 , -1.975802E-011, -1.882910E-013, -3.163204E-011, -8.522450E-012, 2.150400E+004 1.570926E+074 2.150400E+004, Tue Aug 04 23:10:41 2015
1.80, 0.00, 0.42, 0.00 , -1.946263E-011, -1.498940E-013, -3.234484E-011, -8.566920E-012, 2.150400E+004 1.570926E+074 2.150400E+004, Tue Aug 04 23:11:10 2015
1.80, 0.00, 0.44, 0.00 , -1.950482E-011, -1.767280E-013, -3.230291E-011, -8.627920E-012, 2.150400E+004 1.570926E+074 2.150400E+004, Tue Aug 04 23:11:22 2015
1.80, 0.00, 0.46, 0.00 , -2.022221E-011, -1.730680E-013, -3.234483E-011, -8.652400E-012, 2.150400E+004 1.570926E+074 2.150400E+004, Tue Aug 04 23:11:32 2015
1.80, 0.00, 0.48, 0.00 , -1.870302E-011, -1.692890E-013, -3.259641E-011, -8.684550E-012, 2.150400E+004 1.570926E+074 2.150400E+004, Tue Aug 04 23:11:44 2015
1.80, 0.00, 0.50, 0.00 , -1.988461E-011, -1.621250E-013, -3.150625E-011, -8.738260E-012, 2.150400E+004 1.570926E+074 2.150400E+004, Tue Aug 04 23:11:54 2015
1.80, 0.00, 0.52, 0.00 , -1.946262E-011, -1.616000E-013, -3.221905E-011, -8.898560E-012, 2.150400E+004 1.570926E+074 2.150400E+004, Tue Aug 04 23:12:22 2015
1.80, 0.00, 0.54, 0.00 , -1.958922E-011, -1.583460E-013, -3.167397E-011, -8.960120E-012, 2.150400E+004 1.570926E+074 2.150400E+004, Tue Aug 04 23:12:38 2015
1.80, 0.00, 0.56, 0.00 , -2.005341E-011, -1.852150E-013, -3.175782E-011, -8.946290E-012, 2.150400E+004 1.570926E+074 2.150400E+004, Tue Aug 04 23:12:57 2015
1.80, 0.00, 0.58, 0.00 , -1.971581E-011, -2.091290E-013, -3.288992E-011, -9.164920E-012, 2.150400E+004 1.570926E+074 2.150400E+004, Tue Aug 04 23:13:20 2015
1.80, 0.00, 0.60, 0.00 , -1.992682E-011, -2.418280E-013, -3.184168E-011, -9.154810E-012, 2.150400E+004 1.570926E+074 2.150400E+004, Tue Aug 04 23:13:28 2015
1.80, 0.00, 0.62, 0.00 , -1.937823E-011, -2.432350E-013, -3.146432E-011, -9.122090E-012, 2.150400E+004 1.570926E+074 2.150400E+004, Tue Aug 04 23:13:33 2015
1.80, 0.00, 0.64, 0.00 , -1.870302E-011, -3.531930E-013, -3.335114E-011, -9.237730E-012, 2.150400E+004 1.570926E+074 2.150400E+004, Tue Aug 04 23:13:54 2015
1.80, 0.00, 0.66, 0.00 , -1.870302E-011, -5.047680E-013, -3.121274E-011, -9.289960E-012, 2.150400E+004 1.570926E+074 2.150400E+004, Tue Aug 04 23:13:59 2015
1.80, 0.00, 0.68, 0.00 , -1.916721E-011, -8.139250E-013, -3.242869E-011, -9.307580E-012, 2.150400E+004 1.570926E+074 2.150400E+004, Tue Aug 04 23:14:20 2015
1.80, 0.00, 0.70, 0.00 , -1.836543E-011, -1.382650E-012, -3.175783E-011, -9.377860E-012, 2.150400E+004 1.570926E+074 2.150400E+004, Tue Aug 04 23:14:41 2015
1.80, 0.00, 0.72, 0.00 , -1.709943E-011, -2.483610E-012, -3.125468E-011, -9.355030E-012, 2.150400E+004 1.570926E+074 2.150400E+004, Tue Aug 04 23:14:48 2015
1.80, 0.00, 0.74, 0.00 , -1.435644E-011, -4.760490E-012, -3.179975E-011, -9.339380E-012, 2.150400E+004 1.570926E+074 2.150400E+004, Tue Aug 04 23:14:58 2015
1.80, 0.00, 0.76, 0.00 , -1.022086E-011, -9.134170E-012, -3.251255E-011, -9.437180E-012, 2.150400E+004 1.570926E+074 2.150400E+004, Tue Aug 04 23:15:03 2015
1.80, 0.00, 0.78, 0.00 , -2.118504E-012, -1.783900E-011, -3.163203E-011, -9.453770E-012, 2.150400E+004 1.570926E+074 2.150400E+004, Tue Aug 04 23:15:07 2015
1.80, 0.00, 0.80, 0.00 , 1.589967E-011, -3.492200E-011, -3.268028E-011, -9.422090E-012, 2.150400E+004 1.570926E+074 2.150400E+004, Tue Aug 04 23:15:12 2015
1.80, 0.00, 0.82, 0.00 , 4.936137E-011, -6.840480E-011, -3.284799E-011, -9.466150E-012, 2.150400E+004 1.570926E+074 2.150400E+004, Tue Aug 04 23:15:16 2015
1.80, 0.00, 0.84, 0.00 , 1.131622E-010, -1.323390E-010, -3.230291E-011, -9.547040E-012, 2.150400E+004 1.570926E+074 2.150400E+004, Tue Aug 04 23:15:24 2015
1.80, 0.00, 0.86, 0.00 , 2.335061E-010, -2.529660E-010, -3.255448E-011, -9.497990E-012, 2.150400E+004 1.570926E+074 2.150400E+004, Tue Aug 04 23:15:28 2015
1.80, 0.00, 0.88, 0.00 , 4.483277E-010, -4.680190E-010, -3.175782E-011, -9.546470E-012, 2.150400E+004 1.570926E+074 2.150400E+004, Tue Aug 04 23:15:33 2015
1.80, 0.00, 0.90, 0.00 , 8.263644E-010, -8.467390E-010, -3.268028E-011, -9.498040E-012, 2.150400E+004 1.570926E+074 2.150400E+004, Tue Aug 04 23:15:37 2015
1.80, 0.00, 0.92, 0.00 , 1.455935E-009, -1.475500E-009, -3.150625E-011, -9.673990E-012, 2.150400E+004 1.570926E+074 2.150400E+004, Tue Aug 04 23:15:42 2015
1.80, 0.00, 0.94, 0.00 , 2.462610E-009, -2.478380E-009, -3.200940E-011, -9.704380E-012, 2.150400E+004 1.570926E+074 2.150400E+004, Tue Aug 04 23:15:45 2015
1.80, 0.00, 0.96, 0.00 , 3.985056E-009, -4.010080E-009, -3.393815E-011, -9.767950E-012, 2.150400E+004 1.570926E+074 2.150400E+004, Tue Aug 04 23:15:49 2015
1.80, 0.00, 0.98, 0.00 , 6.216480E-009, -6.230500E-009, -3.339307E-011, -9.836950E-012, 2.150400E+004 1.570926E+074 2.150400E+004, Tue Aug 04 23:15:53 2015
1.80, 0.00, 1.00, 0.00 , 9.339270E-009, -9.357300E-009, -3.238677E-011, -9.919870E-012, 2.150400E+004 1.570926E+074 2.150400E+004, Tue Aug 04 23:15:56 2015
1.80, 0.00, 1.02, 0.00 , 1.357110E-008, -1.358200E-008, -3.226098E-011, -1.001490E-011, 2.150400E+004 1.570926E+074 2.150400E+004, Tue Aug 04 23:16:00 2015
1.80, 0.00, 1.04, 0.00 , 1.915092E-008, -1.917850E-008, -3.129660E-011, -1.020950E-011, 2.150400E+004 1.570926E+074 2.150400E+004, Tue Aug 04 23:16:03 2015
1.80, 0.00, 1.06, 0.00 , 2.621471E-008, -2.625420E-008, -3.209326E-011, -1.018740E-011, 2.150400E+004 1.570926E+074 2.150400E+004, Tue Aug 04 23:16:07 2015
1.80, 0.00, 1.08, 0.00 , 3.509405E-008, -3.512300E-008, -3.108695E-011, -1.027070E-011, 2.150400E+004 1.570926E+074 2.150400E+004, Tue Aug 04 23:16:11 2015
1.80, 0.00, 1.10, 0.00 , 4.587803E-008, -4.589010E-008, -3.205133E-011, -1.034970E-011, 2.150400E+004 1.570926E+074 2.150400E+004, Tue Aug 04 23:16:14 2015
1.80, 0.00, 1.12, 0.00 , 5.879672E-008, -5.882910E-008, -3.167396E-011, -1.037380E-011, 2.150400E+004 1.570926E+074 2.150400E+004, Tue Aug 04 23:16:18 2015
1.80, 0.00, 1.14, 0.00 , 7.412427E-008, -7.417790E-008, -3.226098E-011, -1.050730E-011, 2.150400E+004 1.570926E+074 2.150400E+004, Tue Aug 04 23:16:21 2015
1.80, 0.00, 1.16, 0.00 , 9.186365E-008, -9.189520E-008, -3.117082E-011, -1.051730E-011, 2.150400E+004 1.570926E+074 2.150400E+004, Tue Aug 04 23:16:25 2015
1.80, 0.00, 1.18, 0.00 , 1.123758E-007, -1.124310E-007, -3.146432E-011, -1.061420E-011, 2.150400E+004 1.570926E+074 2.150400E+004, Tue Aug 04 23:16:29 2015
1.80, 0.00, 1.20, 0.00 , 1.357275E-007, -1.357110E-007, -3.280606E-011, -1.046780E-011, 2.150400E+004 1.570926E+074 2.150400E+004, Tue Aug 04 23:16:32 2015
1.80, 0.00, 1.22, 0.00 , 1.619467E-007, -1.619740E-007, -3.171589E-011, -1.051370E-011, 2.150400E+004 1.570926E+074 2.150400E+004, Tue Aug 04 23:16:36 2015
1.80, 0.00, 1.24, 0.00 , 1.913895E-007, -1.913490E-007, -3.112888E-011, -1.043170E-011, 2.150400E+004 1.570926E+074 2.150400E+004, Tue Aug 04 23:16:39 2015
1.80, 0.00, 1.26, 0.00 , 2.240096E-007, -2.240490E-007, -3.309956E-011, -1.042050E-011, 2.150400E+004 1.570926E+074 2.150400E+004, Tue Aug 04 23:16:43 2015
1.80, 0.00, 1.28, 0.00 , 2.599247E-007, -2.599080E-007, -3.083538E-011, -1.035550E-011, 2.150400E+004 1.570926E+074 2.150400E+004, Tue Aug 04 23:16:46 2015
1.80, 0.00, 1.30, 0.00 , 2.994956E-007, -2.995360E-007, -3.209326E-011, -1.026980E-011, 2.150400E+004 1.570926E+074 2.150400E+004, Tue Aug 04 23:16:50 2015
1.80, 0.00, 1.32, 0.00 , 3.425195E-007, -3.425090E-007, -3.188361E-011, -1.021020E-011, 2.150400E+004 1.570926E+074 2.150400E+004, Tue Aug 04 23:16:53 2015
1.80, 0.00, 1.34, 0.00 , 3.893176E-007, -3.891630E-007, -3.247062E-011, -1.017950E-011, 2.150400E+004 1.570926E+074 2.150400E+004, Tue Aug 04 23:16:57 2015
1.80, 0.00, 1.36, 0.00 , 4.400018E-007, -4.397410E-007, -3.142239E-011, -1.015360E-011, 2.150400E+004 1.570926E+074 2.150400E+004, Tue Aug 04 23:17:01 2015
1.80, 0.00, 1.38, 0.00 , 4.939967E-007, -4.940110E-007, -3.263835E-011, -1.016810E-011, 2.150400E+004 1.570926E+074 2.150400E+004, Tue Aug 04 23:17:04 2015
1.80, 0.00, 1.40, 0.00 , 5.519655E-007, -5.523090E-007, -3.125468E-011, -1.005640E-011, 2.150400E+004 1.570926E+074 2.150400E+004, Tue Aug 04 23:17:08 2015
1.80, 0.00, 1.42, 0.00 , 6.137377E-007, -6.136840E-007, -3.221905E-011, -1.008290E-011, 2.150400E+004 1.570926E+074 2.150400E+004, Tue Aug 04 23:17:11 2015
1.80, 0.00, 1.44, 0.00 , 6.795548E-007, -6.799100E-007, -3.167397E-011, -1.007260E-011, 2.150400E+004 1.570926E+074 2.150400E+004, Tue Aug 04 23:17:15 2015
1.80, 0.00, 1.46, 0.00 , 7.494932E-007, -7.493760E-007, -3.238677E-011, -1.009580E-011, 2.150400E+004 1.570926E+074 2.150400E+004, Tue Aug 04 23:17:18 2015
1.80, 0.00, 1.48, 0.00 , 8.226100E-007, -8.223750E-007, -3.406395E-011, -1.017740E-011, 2.150400E+004 1.570926E+074 2.150400E+004, Tue Aug 04 23:17:22 2015
1.80, 0.00, 1.50, 0.00 , 9.002552E-007, -9.003390E-007, -3.184169E-011, -1.014220E-011, 2.150400E+004 1.570926E+074 2.150400E+004, Tue Aug 04 23:17:25 2015
1.80, 0.00, 1.52, 0.00 , 9.825882E-007, -9.821460E-007, -3.175783E-011, -1.008860E-011, 2.150400E+004 1.570926E+074 2.150400E+004, Tue Aug 04 23:17:29 2015
1.80, 0.00, 1.54, 0.00 , 1.067161E-006, -1.067030E-006, -3.209326E-011, -1.003130E-011, 2.150400E+004 1.570926E+074 2.150400E+004, Tue Aug 04 23:17:33 2015
1.80, 0.00, 1.56, 0.00 , 1.158170E-006, -1.158190E-006, -3.200940E-011, -1.000530E-011, 2.150400E+004 1.570926E+074 2.150400E+004, Tue Aug 04 23:17:36 2015
1.80, 0.00, 1.58, 0.00 , 1.253164E-006, -1.253090E-006, -3.309957E-011, -9.959140E-012, 2.150400E+004 1.570926E+074 2.150400E+004, Tue Aug 04 23:17:40 2015
1.80, 0.00, 1.60, 0.00 , 1.352414E-006, -1.352880E-006, -3.314150E-011, -9.990910E-012, 2.150400E+004 1.570926E+074 2.150400E+004, Tue Aug 04 23:17:43 2015
1.80, 0.00, 1.62, 0.00 , 1.456193E-006, -1.456040E-006, -3.284800E-011, -1.008810E-011, 2.150400E+004 1.570926E+074 2.150400E+004, Tue Aug 04 23:17:47 2015
1.80, 0.00, 1.64, 0.00 , 1.564060E-006, -1.563650E-006, -3.272220E-011, -9.955940E-012, 2.150400E+004 1.570926E+074 2.150400E+004, Tue Aug 04 23:17:50 2015
1.80, 0.00, 1.66, 0.00 , 1.675899E-006, -1.676010E-006, -3.259642E-011, -9.899990E-012, 2.150400E+004 1.570926E+074 2.150400E+004, Tue Aug 04 23:17:54 2015
1.80, 0.00, 1.68, 0.00 , 1.791976E-006, -1.792110E-006, -3.209326E-011, -9.901710E-012, 2.150400E+004 1.570926E+074 2.150400E+004, Tue Aug 04 23:17:58 2015
1.80, 0.00, 1.70, 0.00 , 1.911842E-006, -1.911820E-006, -3.154818E-011, -9.870300E-012, 2.150400E+004 1.570926E+074 2.150400E+004, Tue Aug 04 23:18:01 2015
1.80, 0.00, 1.72, 0.00 , 2.036408E-006, -2.036530E-006, -3.242870E-011, -9.953640E-012, 2.150400E+004 1.570926E+074 2.150400E+004, Tue Aug 04 23:18:05 2015
1.80, 0.00, 1.74, 0.00 , 2.164585E-006, -2.164720E-006, -3.255449E-011, -9.980930E-012, 2.150400E+004 1.570926E+074 2.150400E+004, Tue Aug 04 23:18:08 2015
1.80, 0.00, 1.76, 0.00 , 2.297670E-006, -2.297340E-006, -3.368658E-011, -1.006360E-011, 2.150400E+004 1.570926E+074 2.150400E+004, Tue Aug 04 23:18:12 2015
1.80, 0.00, 1.78, 0.00 , 2.434142E-006, -2.433590E-006, -3.209327E-011, -1.009560E-011, 2.150400E+004 1.570926E+074 2.150400E+004, Tue Aug 04 23:18:15 2015
1.80, 0.00, 1.80, 0.00 , 2.574534E-006, -2.574570E-006, -3.159011E-011, -9.994840E-012, 2.150400E+004 1.570926E+074 2.150400E+004, Tue Aug 04 23:18:19 2015
1.80, 0.00, 1.82, 0.00 , 2.720183E-006, -2.720060E-006, -3.314150E-011, -1.004290E-011, 2.150400E+004 1.570926E+074 2.150400E+004, Tue Aug 04 23:18:22 2015
1.80, 0.00, 1.84, 0.00 , 2.869831E-006, -2.869130E-006, -3.150625E-011, -1.006030E-011, 2.150400E+004 1.570926E+074 2.150400E+004, Tue Aug 04 23:18:26 2015
1.80, 0.00, 1.86, 0.00 , 3.022902E-006, -3.023560E-006, -3.230291E-011, -1.005900E-011, 2.150400E+004 1.570926E+074 2.150400E+004, Tue Aug 04 23:18:30 2015
1.80, 0.00, 1.88, 0.00 , 3.181672E-006, -3.181160E-006, -3.217713E-011, -1.002720E-011, 2.150400E+004 1.570926E+074 2.150400E+004, Tue Aug 04 23:18:33 2015
1.80, 0.00, 1.90, 0.00 , 3.343857E-006, -3.343650E-006, -3.230291E-011, -1.000530E-011, 2.150400E+004 1.570926E+074 2.150400E+004, Tue Aug 04 23:18:37 2015
1.80, 0.00, 1.92, 0.00 , 3.509392E-006, -3.510150E-006, -3.079345E-011, -9.962210E-012, 2.150400E+004 1.570926E+074 2.150400E+004, Tue Aug 04 23:18:40 2015
1.80, 0.00, 1.94, 0.00 , 3.680425E-006, -3.680710E-006, -3.301571E-011, -9.965860E-012, 2.150400E+004 1.570926E+074 2.150400E+004, Tue Aug 04 23:18:44 2015
1.80, 0.00, 1.96, 0.00 , 3.855581E-006, -3.854980E-006, -3.129661E-011, -1.007230E-011, 2.150400E+004 1.570926E+074 2.150400E+004, Tue Aug 04 23:18:47 2015
1.80, 0.00, 1.98, 0.00 , 4.032906E-006, -4.034010E-006, -3.087731E-011, -9.793630E-012, 2.150400E+004 1.570926E+074 2.150400E+004, Tue Aug 04 23:18:51 2015
1.80, 0.00, 2.00, 0.00 , 4.215777E-006, -4.215660E-006, -3.255449E-011, -9.912750E-012, 2.150400E+004 1.570926E+074 2.150400E+004, Tue Aug 04 23:18:54 2015
