0.00, 0.00, 0.80, 0.00 , -8.183284E-011, 5.598890E-012, 8.089517E-011, -4.482630E-012, 2.150400E+004 1.570926E+074 2.150400E+004, Sun Aug 16 18:50:53 2015
0.05, 0.00, 0.80, 0.00 , -3.819885E-011, -1.920860E-011, 8.819003E-011, -5.525850E-012, 2.150400E+004 1.570926E+074 2.150400E+004, Sun Aug 16 18:51:00 2015
0.10, 0.00, 0.80, 0.00 , -6.844773E-012, -2.451490E-011, 6.999461E-011, -6.353240E-012, 2.150400E+004 1.570926E+074 2.150400E+004, Sun Aug 16 18:51:03 2015
0.15, 0.00, 0.80, 0.00 , 6.321041E-012, -2.582850E-011, 7.045587E-011, -7.176360E-012, 2.150400E+004 1.570926E+074 2.150400E+004, Sun Aug 16 18:51:07 2015
0.20, 0.00, 0.80, 0.00 , 8.684007E-012, -2.612530E-011, 7.586414E-011, -8.575680E-012, 2.150400E+004 1.570926E+074 2.150400E+004, Sun Aug 16 18:51:14 2015
0.25, 0.00, 0.80, 0.00 , 1.450703E-011, -2.625140E-011, 7.988893E-011, -8.935750E-012, 2.150400E+004 1.570926E+074 2.150400E+004, Sun Aug 16 18:51:36 2015
0.30, 0.00, 0.80, 0.00 , 2.627964E-011, -2.711280E-011, 7.645109E-011, -9.992620E-012, 2.150400E+004 1.570926E+074 2.150400E+004, Sun Aug 16 18:51:48 2015
0.35, 0.00, 0.80, 0.00 , 3.366393E-011, -2.747340E-011, 6.705997E-011, -1.016920E-011, 2.150400E+004 1.570926E+074 2.150400E+004, Sun Aug 16 18:51:56 2015
0.40, 0.00, 0.80, 0.00 , 4.244064E-011, -2.795810E-011, 6.550879E-011, -1.099470E-011, 2.150400E+004 1.570926E+074 2.150400E+004, Sun Aug 16 18:52:06 2015
0.45, 0.00, 0.80, 0.00 , 4.758853E-011, -2.822350E-011, 6.211290E-011, -1.134980E-011, 2.150400E+004 1.570926E+074 2.150400E+004, Sun Aug 16 18:52:17 2015
0.50, 0.00, 0.80, 0.00 , 5.754672E-011, -2.896400E-011, 6.299324E-011, -1.266650E-011, 2.150400E+004 1.570926E+074 2.150400E+004, Sun Aug 16 18:52:25 2015
0.55, 0.00, 0.80, 0.00 , 7.164014E-011, -3.001810E-011, 6.957543E-011, -1.304030E-011, 2.150400E+004 1.570926E+074 2.150400E+004, Sun Aug 16 18:52:31 2015
0.60, 0.00, 0.80, 0.00 , 7.088062E-011, -2.940660E-011, 5.448247E-011, -1.384070E-011, 2.150400E+004 1.570926E+074 2.150400E+004, Sun Aug 16 18:52:38 2015
0.65, 0.00, 0.80, 0.00 , 8.484746E-011, -3.101790E-011, 6.517333E-011, -1.421150E-011, 2.150400E+004 1.570926E+074 2.150400E+004, Sun Aug 16 18:52:45 2015
0.70, 0.00, 0.80, 0.00 , 9.421493E-011, -3.150870E-011, 7.305517E-011, -1.547340E-011, 2.150400E+004 1.570926E+074 2.150400E+004, Sun Aug 16 18:52:53 2015
0.75, 0.00, 0.80, 0.00 , 9.045955E-011, -3.034850E-011, 5.800416E-011, -1.524850E-011, 2.150400E+004 1.570926E+074 2.150400E+004, Sun Aug 16 18:53:03 2015
0.80, 0.00, 0.80, 0.00 , 1.030760E-010, -3.192310E-011, 6.060356E-011, -1.665230E-011, 2.150400E+004 1.570926E+074 2.150400E+004, Sun Aug 16 18:53:11 2015
0.85, 0.00, 0.80, 0.00 , 1.151861E-010, -3.283180E-011, 6.844340E-011, -1.762080E-011, 2.150400E+004 1.570926E+074 2.150400E+004, Sun Aug 16 18:53:18 2015
0.90, 0.00, 0.80, 0.00 , 1.299125E-010, -3.345090E-011, 7.271981E-011, -1.796490E-011, 2.150400E+004 1.570926E+074 2.150400E+004, Sun Aug 16 18:53:24 2015
0.95, 0.00, 0.80, 0.00 , 1.232456E-010, -3.283590E-011, 5.833956E-011, -1.803460E-011, 2.150400E+004 1.570926E+074 2.150400E+004, Sun Aug 16 18:53:32 2015
1.00, 0.00, 0.80, 0.00 , 1.290685E-010, -3.205340E-011, 5.565638E-011, -1.847520E-011, 2.150400E+004 1.570926E+074 2.150400E+004, Sun Aug 16 18:53:41 2015
1.05, 0.00, 0.80, 0.00 , 1.424868E-010, -3.345540E-011, 5.766880E-011, -1.961160E-011, 2.150400E+004 1.570926E+074 2.150400E+004, Sun Aug 16 18:53:47 2015
1.10, 0.00, 0.80, 0.00 , 1.442169E-010, -3.301790E-011, 4.915804E-011, -1.981220E-011, 2.150400E+004 1.570926E+074 2.150400E+004, Sun Aug 16 18:53:55 2015
1.15, 0.00, 0.80, 0.00 , 1.500821E-010, -3.296340E-011, 5.146395E-011, -2.068740E-011, 2.150400E+004 1.570926E+074 2.150400E+004, Sun Aug 16 18:54:11 2015
1.20, 0.00, 0.80, 0.00 , 1.348072E-010, -3.119480E-011, 3.108844E-011, -2.144490E-011, 2.150400E+004 1.570926E+074 2.150400E+004, Sun Aug 16 18:54:21 2015
1.25, 0.00, 0.80, 0.00 , 1.371702E-010, -3.086540E-011, 2.903413E-011, -1.982300E-011, 2.150400E+004 1.570926E+074 2.150400E+004, Sun Aug 16 18:54:28 2015
1.30, 0.00, 0.80, 0.00 , 1.203341E-010, -2.956470E-011, 1.733708E-011, -2.029130E-011, 2.150400E+004 1.570926E+074 2.150400E+004, Sun Aug 16 18:54:35 2015
1.35, 0.00, 0.80, 0.00 , 1.255242E-010, -2.985410E-011, 1.876253E-011, -2.053030E-011, 2.150400E+004 1.570926E+074 2.150400E+004, Sun Aug 16 18:54:47 2015
1.40, 0.00, 0.80, 0.00 , 1.438372E-010, -3.000440E-011, 2.886645E-011, -2.224850E-011, 2.150400E+004 1.570926E+074 2.150400E+004, Sun Aug 16 18:54:54 2015
1.45, 0.00, 0.80, 0.00 , 1.442168E-010, -3.089510E-011, 1.872060E-011, -2.218410E-011, 2.150400E+004 1.570926E+074 2.150400E+004, Sun Aug 16 18:55:00 2015
1.50, 0.00, 0.80, 0.00 , 1.714333E-010, -3.056060E-011, 3.389743E-011, -2.424270E-011, 2.150400E+004 1.570926E+074 2.150400E+004, Sun Aug 16 18:55:06 2015
1.55, 0.00, 0.80, 0.00 , 1.544705E-010, -3.080790E-011, 2.488356E-011, -2.530140E-011, 2.150400E+004 1.570926E+074 2.150400E+004, Sun Aug 16 18:55:13 2015
1.60, 0.00, 0.80, 0.00 , 1.626565E-010, -3.017920E-011, 2.337424E-011, -2.466550E-011, 2.150400E+004 1.570926E+074 2.150400E+004, Sun Aug 16 18:55:21 2015
1.65, 0.00, 0.80, 0.00 , 1.670027E-010, -2.968770E-011, 2.173920E-011, -2.559750E-011, 2.150400E+004 1.570926E+074 2.150400E+004, Sun Aug 16 18:55:27 2015
1.70, 0.00, 0.80, 0.00 , 1.773830E-010, -3.135530E-011, 2.513508E-011, -2.617590E-011, 2.150400E+004 1.570926E+074 2.150400E+004, Sun Aug 16 18:55:33 2015
1.75, 0.00, 0.80, 0.00 , 1.811805E-010, -3.056940E-011, 2.207457E-011, -2.674380E-011, 2.150400E+004 1.570926E+074 2.150400E+004, Sun Aug 16 18:55:39 2015
1.80, 0.00, 0.80, 0.00 , 1.831215E-010, -3.067270E-011, 2.186497E-011, -2.749710E-011, 2.150400E+004 1.570926E+074 2.150400E+004, Sun Aug 16 18:55:44 2015
1.85, 0.00, 0.80, 0.00 , 1.856112E-010, -3.029820E-011, 2.060722E-011, -2.755740E-011, 2.150400E+004 1.570926E+074 2.150400E+004, Sun Aug 16 18:55:55 2015
1.90, 0.00, 0.80, 0.00 , 1.945143E-010, -3.037050E-011, 1.821751E-011, -2.819860E-011, 2.150400E+004 1.570926E+074 2.150400E+004, Sun Aug 16 18:56:01 2015
1.95, 0.00, 0.80, 0.00 , 2.099158E-010, -3.098290E-011, 2.194884E-011, -2.946040E-011, 2.150400E+004 1.570926E+074 2.150400E+004, Sun Aug 16 18:56:05 2015
2.00, 0.00, 0.80, 0.00 , 1.919405E-010, -3.030850E-011, 1.477968E-011, -3.031800E-011, 2.150400E+004 1.570926E+074 2.150400E+004, Sun Aug 16 18:56:13 2015
