1.80, 0.00, 0.00, 0.00 , 5.898194E-011, -9.428740E-013, -4.467207E-011, -1.841720E-011, 2.150400E+004 1.570926E+074 2.150400E+004, Tue Aug 11 20:00:50 2015
1.80, 0.00, 0.02, 0.00 , 5.788480E-011, -9.471420E-013, -4.324646E-011, -1.844000E-011, 2.150400E+004 1.570926E+074 2.150400E+004, Tue Aug 11 20:00:56 2015
1.80, 0.00, 0.04, 0.00 , 5.585940E-011, -8.273360E-013, -3.905354E-011, -1.738020E-011, 2.150400E+004 1.570926E+074 2.150400E+004, Tue Aug 11 20:01:01 2015
1.80, 0.00, 0.06, 0.00 , 4.708259E-011, -7.542130E-013, -3.678933E-011, -1.713660E-011, 2.150400E+004 1.570926E+074 2.150400E+004, Tue Aug 11 20:01:11 2015
1.80, 0.00, 0.08, 0.00 , 4.606987E-011, -8.013730E-013, -3.611848E-011, -1.755060E-011, 2.150400E+004 1.570926E+074 2.150400E+004, Tue Aug 11 20:01:16 2015
1.80, 0.00, 0.10, 0.00 , 4.307394E-011, -5.994560E-013, -3.377042E-011, -1.696550E-011, 2.150400E+004 1.570926E+074 2.150400E+004, Tue Aug 11 20:01:25 2015
1.80, 0.00, 0.12, 0.00 , 4.666061E-011, -6.315830E-013, -3.226097E-011, -1.722700E-011, 2.150400E+004 1.570926E+074 2.150400E+004, Tue Aug 11 20:01:31 2015
1.80, 0.00, 0.14, 0.00 , 4.632306E-011, -6.488560E-013, -3.347691E-011, -1.768940E-011, 2.150400E+004 1.570926E+074 2.150400E+004, Tue Aug 11 20:01:37 2015
1.80, 0.00, 0.16, 0.00 , 4.851726E-011, -6.733420E-013, -3.272219E-011, -1.828900E-011, 2.150400E+004 1.570926E+074 2.150400E+004, Tue Aug 11 20:01:41 2015
1.80, 0.00, 0.18, 0.00 , 4.640744E-011, -6.737110E-013, -3.066764E-011, -1.805300E-011, 2.150400E+004 1.570926E+074 2.150400E+004, Tue Aug 11 20:01:46 2015
1.80, 0.00, 0.20, 0.00 , 4.543690E-011, -6.254080E-013, -3.234482E-011, -1.786540E-011, 2.150400E+004 1.570926E+074 2.150400E+004, Tue Aug 11 20:01:55 2015
1.80, 0.00, 0.22, 0.00 , 4.311616E-011, -3.817680E-013, -3.150623E-011, -1.794990E-011, 2.150400E+004 1.570926E+074 2.150400E+004, Tue Aug 11 20:02:03 2015
1.80, 0.00, 0.24, 0.00 , 4.298954E-011, -5.608800E-013, -3.125466E-011, -1.844970E-011, 2.150400E+004 1.570926E+074 2.150400E+004, Tue Aug 11 20:02:09 2015
1.80, 0.00, 0.26, 0.00 , 3.826359E-011, -4.971740E-013, -3.276411E-011, -1.805040E-011, 2.150400E+004 1.570926E+074 2.150400E+004, Tue Aug 11 20:02:19 2015
1.80, 0.00, 0.28, 0.00 , 4.062654E-011, -5.021330E-013, -3.163203E-011, -1.784260E-011, 2.150400E+004 1.570926E+074 2.150400E+004, Tue Aug 11 20:02:32 2015
1.80, 0.00, 0.30, 0.00 , 4.058434E-011, -4.576210E-013, -3.108694E-011, -1.791150E-011, 2.150400E+004 1.570926E+074 2.150400E+004, Tue Aug 11 20:02:37 2015
1.80, 0.00, 0.32, 0.00 , 3.615376E-011, -4.554870E-013, -2.773259E-011, -1.762380E-011, 2.150400E+004 1.570926E+074 2.150400E+004, Tue Aug 11 20:02:42 2015
1.80, 0.00, 0.34, 0.00 , 3.712429E-011, -4.724030E-013, -2.886468E-011, -1.751430E-011, 2.150400E+004 1.570926E+074 2.150400E+004, Tue Aug 11 20:02:48 2015
1.80, 0.00, 0.36, 0.00 , 3.872772E-011, -4.588130E-013, -2.685208E-011, -1.779180E-011, 2.150400E+004 1.570926E+074 2.150400E+004, Tue Aug 11 20:02:53 2015
1.80, 0.00, 0.38, 0.00 , 3.632256E-011, -4.006030E-013, -2.915819E-011, -1.712570E-011, 2.150400E+004 1.570926E+074 2.150400E+004, Tue Aug 11 20:03:04 2015
1.80, 0.00, 0.40, 0.00 , 3.547863E-011, -4.087810E-013, -3.037414E-011, -1.699430E-011, 2.150400E+004 1.570926E+074 2.150400E+004, Tue Aug 11 20:03:09 2015
1.80, 0.00, 0.42, 0.00 , 3.788381E-011, -3.946190E-013, -2.823574E-011, -1.772470E-011, 2.150400E+004 1.570926E+074 2.150400E+004, Tue Aug 11 20:03:18 2015
1.80, 0.00, 0.44, 0.00 , 4.049997E-011, -4.459740E-013, -3.049992E-011, -1.799550E-011, 2.150400E+004 1.570926E+074 2.150400E+004, Tue Aug 11 20:03:23 2015
1.80, 0.00, 0.46, 0.00 , 3.433935E-011, -4.234790E-013, -2.521683E-011, -1.910770E-011, 2.150400E+004 1.570926E+074 2.150400E+004, Tue Aug 11 20:03:29 2015
1.80, 0.00, 0.48, 0.00 , 3.712429E-011, -4.462480E-013, -2.873889E-011, -1.990650E-011, 2.150400E+004 1.570926E+074 2.150400E+004, Tue Aug 11 20:03:34 2015
1.80, 0.00, 0.50, 0.00 , 3.682890E-011, -3.981350E-013, -2.777452E-011, -1.897840E-011, 2.150400E+004 1.570926E+074 2.150400E+004, Tue Aug 11 20:03:49 2015
1.80, 0.00, 0.52, 0.00 , 3.421270E-011, -3.062010E-013, -2.915819E-011, -1.777790E-011, 2.150400E+004 1.570926E+074 2.150400E+004, Tue Aug 11 20:04:01 2015
1.80, 0.00, 0.54, 0.00 , 3.594278E-011, -3.780600E-013, -2.714557E-011, -1.826050E-011, 2.150400E+004 1.570926E+074 2.150400E+004, Tue Aug 11 20:04:07 2015
1.80, 0.00, 0.56, 0.00 , 3.433932E-011, -3.933550E-013, -2.701979E-011, -1.785680E-011, 2.150400E+004 1.570926E+074 2.150400E+004, Tue Aug 11 20:04:11 2015
1.80, 0.00, 0.58, 0.00 , 3.357977E-011, -4.122970E-013, -2.701979E-011, -1.804410E-011, 2.150400E+004 1.570926E+074 2.150400E+004, Tue Aug 11 20:04:17 2015
1.80, 0.00, 0.60, 0.00 , 3.248268E-011, -3.988270E-013, -2.609734E-011, -1.745800E-011, 2.150400E+004 1.570926E+074 2.150400E+004, Tue Aug 11 20:04:23 2015
1.80, 0.00, 0.62, 0.00 , 2.910702E-011, -4.417300E-013, -2.664242E-011, -1.737000E-011, 2.150400E+004 1.570926E+074 2.150400E+004, Tue Aug 11 20:04:29 2015
1.80, 0.00, 0.64, 0.00 , 3.066826E-011, -5.228400E-013, -2.668435E-011, -1.771430E-011, 2.150400E+004 1.570926E+074 2.150400E+004, Tue Aug 11 20:04:36 2015
1.80, 0.00, 0.66, 0.00 , 3.041505E-011, -7.100940E-013, -2.513297E-011, -1.919230E-011, 2.150400E+004 1.570926E+074 2.150400E+004, Tue Aug 11 20:04:44 2015
1.80, 0.00, 0.68, 0.00 , 3.277809E-011, -1.145780E-012, -2.433631E-011, -2.045720E-011, 2.150400E+004 1.570926E+074 2.150400E+004, Tue Aug 11 20:04:49 2015
1.80, 0.00, 0.70, 0.00 , 3.265146E-011, -1.763820E-012, -2.534261E-011, -1.922710E-011, 2.150400E+004 1.570926E+074 2.150400E+004, Tue Aug 11 20:05:00 2015
1.80, 0.00, 0.72, 0.00 , 3.125900E-011, -2.976410E-012, -2.446210E-011, -1.667820E-011, 2.150400E+004 1.570926E+074 2.150400E+004, Tue Aug 11 20:05:06 2015
1.80, 0.00, 0.74, 0.00 , 3.163876E-011, -5.198500E-012, -2.316229E-011, -1.599620E-011, 2.150400E+004 1.570926E+074 2.150400E+004, Tue Aug 11 20:05:11 2015
1.80, 0.00, 0.76, 0.00 , 3.395957E-011, -9.221220E-012, -2.341386E-011, -1.543250E-011, 2.150400E+004 1.570926E+074 2.150400E+004, Tue Aug 11 20:05:16 2015
1.80, 0.00, 0.78, 0.00 , 4.007799E-011, -1.673320E-011, -2.379123E-011, -1.511940E-011, 2.150400E+004 1.570926E+074 2.150400E+004, Tue Aug 11 20:05:22 2015
1.80, 0.00, 0.80, 0.00 , 5.429812E-011, -3.050240E-011, -2.395894E-011, -1.632850E-011, 2.150400E+004 1.570926E+074 2.150400E+004, Tue Aug 11 20:05:28 2015
1.80, 0.00, 0.82, 0.00 , 7.986897E-011, -5.597710E-011, -2.450403E-011, -1.669590E-011, 2.150400E+004 1.570926E+074 2.150400E+004, Tue Aug 11 20:05:37 2015
1.80, 0.00, 0.84, 0.00 , 1.279304E-010, -1.030680E-010, -2.462981E-011, -1.914650E-011, 2.150400E+004 1.570926E+074 2.150400E+004, Tue Aug 11 20:05:44 2015
1.80, 0.00, 0.86, 0.00 , 2.138841E-010, -1.886350E-010, -2.114987E-011, -1.928800E-011, 2.150400E+004 1.570926E+074 2.150400E+004, Tue Aug 11 20:05:48 2015
1.80, 0.00, 0.88, 0.00 , 3.646087E-010, -3.402920E-010, -2.328807E-011, -1.909470E-011, 2.150400E+004 1.570926E+074 2.150400E+004, Tue Aug 11 20:05:52 2015
1.80, 0.00, 0.90, 0.00 , 6.257607E-010, -6.051130E-010, -2.152720E-011, -1.965480E-011, 2.150400E+004 1.570926E+074 2.150400E+004, Tue Aug 11 20:05:57 2015
1.80, 0.00, 0.92, 0.00 , 1.074264E-009, -1.051040E-009, -2.152720E-011, -1.997590E-011, 2.150400E+004 1.570926E+074 2.150400E+004, Tue Aug 11 20:06:02 2015
1.80, 0.00, 0.94, 0.00 , 1.789743E-009, -1.769690E-009, -2.119180E-011, -1.942910E-011, 2.150400E+004 1.570926E+074 2.150400E+004, Tue Aug 11 20:06:05 2015
1.80, 0.00, 0.96, 0.00 , 2.914101E-009, -2.891150E-009, -2.127565E-011, -1.874040E-011, 2.150400E+004 1.570926E+074 2.150400E+004, Tue Aug 11 20:06:09 2015
1.80, 0.00, 0.98, 0.00 , 4.585996E-009, -4.565840E-009, -1.964056E-011, -2.041040E-011, 2.150400E+004 1.570926E+074 2.150400E+004, Tue Aug 11 20:06:12 2015
1.80, 0.00, 1.00, 0.00 , 6.997509E-009, -6.975550E-009, -2.144335E-011, -2.053290E-011, 2.150400E+004 1.570926E+074 2.150400E+004, Tue Aug 11 20:06:16 2015
1.80, 0.00, 1.02, 0.00 , 1.034063E-008, -1.032080E-008, -1.993404E-011, -2.010330E-011, 2.150400E+004 1.570926E+074 2.150400E+004, Tue Aug 11 20:06:20 2015
1.80, 0.00, 1.04, 0.00 , 1.482928E-008, -1.480600E-008, -1.787971E-011, -2.014890E-011, 2.150400E+004 1.570926E+074 2.150400E+004, Tue Aug 11 20:06:23 2015
1.80, 0.00, 1.06, 0.00 , 2.067109E-008, -2.066480E-008, -1.909554E-011, -2.119840E-011, 2.150400E+004 1.570926E+074 2.150400E+004, Tue Aug 11 20:06:27 2015
1.80, 0.00, 1.08, 0.00 , 2.809022E-008, -2.808150E-008, -1.838281E-011, -2.183070E-011, 2.150400E+004 1.570926E+074 2.150400E+004, Tue Aug 11 20:06:31 2015
1.80, 0.00, 1.10, 0.00 , 3.727249E-008, -3.726010E-008, -1.800548E-011, -1.968650E-011, 2.150400E+004 1.570926E+074 2.150400E+004, Tue Aug 11 20:06:34 2015
1.80, 0.00, 1.12, 0.00 , 4.856532E-008, -4.849180E-008, -1.771201E-011, -1.904840E-011, 2.150400E+004 1.570926E+074 2.150400E+004, Tue Aug 11 20:06:38 2015
1.80, 0.00, 1.14, 0.00 , 6.187861E-008, -6.182560E-008, -1.850858E-011, -2.007480E-011, 2.150400E+004 1.570926E+074 2.150400E+004, Tue Aug 11 20:06:41 2015
1.80, 0.00, 1.16, 0.00 , 7.759728E-008, -7.757170E-008, -1.800548E-011, -2.039740E-011, 2.150400E+004 1.570926E+074 2.150400E+004, Tue Aug 11 20:06:45 2015
1.80, 0.00, 1.18, 0.00 , 9.580386E-008, -9.582250E-008, -1.808933E-011, -1.988010E-011, 2.150400E+004 1.570926E+074 2.150400E+004, Tue Aug 11 20:06:48 2015
1.80, 0.00, 1.20, 0.00 , 1.167952E-007, -1.168120E-007, -1.637040E-011, -1.922430E-011, 2.150400E+004 1.570926E+074 2.150400E+004, Tue Aug 11 20:06:52 2015
1.80, 0.00, 1.22, 0.00 , 1.407113E-007, -1.406970E-007, -1.649617E-011, -1.873360E-011, 2.150400E+004 1.570926E+074 2.150400E+004, Tue Aug 11 20:06:56 2015
1.80, 0.00, 1.24, 0.00 , 1.675081E-007, -1.675330E-007, -1.758624E-011, -1.829470E-011, 2.150400E+004 1.570926E+074 2.150400E+004, Tue Aug 11 20:06:59 2015
1.80, 0.00, 1.26, 0.00 , 1.975408E-007, -1.975020E-007, -1.544805E-011, -1.756030E-011, 2.150400E+004 1.570926E+074 2.150400E+004, Tue Aug 11 20:07:03 2015
1.80, 0.00, 1.28, 0.00 , 2.308156E-007, -2.308440E-007, -1.750238E-011, -1.836380E-011, 2.150400E+004 1.570926E+074 2.150400E+004, Tue Aug 11 20:07:06 2015
1.80, 0.00, 1.30, 0.00 , 2.674491E-007, -2.674330E-007, -1.595115E-011, -1.688710E-011, 2.150400E+004 1.570926E+074 2.150400E+004, Tue Aug 11 20:07:10 2015
1.80, 0.00, 1.32, 0.00 , 3.075138E-007, -3.075020E-007, -1.687351E-011, -1.678460E-011, 2.150400E+004 1.570926E+074 2.150400E+004, Tue Aug 11 20:07:13 2015
1.80, 0.00, 1.34, 0.00 , 3.512163E-007, -3.512280E-007, -1.578345E-011, -1.708920E-011, 2.150400E+004 1.570926E+074 2.150400E+004, Tue Aug 11 20:07:17 2015
1.80, 0.00, 1.36, 0.00 , 3.984711E-007, -3.984950E-007, -1.498687E-011, -1.691330E-011, 2.150400E+004 1.570926E+074 2.150400E+004, Tue Aug 11 20:07:20 2015
1.80, 0.00, 1.38, 0.00 , 4.496320E-007, -4.496260E-007, -1.569959E-011, -1.720810E-011, 2.150400E+004 1.570926E+074 2.150400E+004, Tue Aug 11 20:07:24 2015
1.80, 0.00, 1.40, 0.00 , 5.043913E-007, -5.045980E-007, -1.460954E-011, -1.739820E-011, 2.150400E+004 1.570926E+074 2.150400E+004, Tue Aug 11 20:07:28 2015
1.80, 0.00, 1.42, 0.00 , 5.631529E-007, -5.630540E-007, -1.469340E-011, -1.730690E-011, 2.150400E+004 1.570926E+074 2.150400E+004, Tue Aug 11 20:07:31 2015
1.80, 0.00, 1.44, 0.00 , 6.257562E-007, -6.258480E-007, -1.616077E-011, -1.735900E-011, 2.150400E+004 1.570926E+074 2.150400E+004, Tue Aug 11 20:07:35 2015
1.80, 0.00, 1.46, 0.00 , 6.923701E-007, -6.922110E-007, -1.616077E-011, -1.733840E-011, 2.150400E+004 1.570926E+074 2.150400E+004, Tue Aug 11 20:07:38 2015
1.80, 0.00, 1.48, 0.00 , 7.627614E-007, -7.627000E-007, -1.565767E-011, -1.687420E-011, 2.150400E+004 1.570926E+074 2.150400E+004, Tue Aug 11 20:07:42 2015
1.80, 0.00, 1.50, 0.00 , 8.372633E-007, -8.373860E-007, -1.444183E-011, -1.530990E-011, 2.150400E+004 1.570926E+074 2.150400E+004, Tue Aug 11 20:07:45 2015
1.80, 0.00, 1.52, 0.00 , 9.160242E-007, -9.161670E-007, -1.406451E-011, -1.542990E-011, 2.150400E+004 1.570926E+074 2.150400E+004, Tue Aug 11 20:07:49 2015
1.80, 0.00, 1.54, 0.00 , 9.988439E-007, -9.988350E-007, -1.427414E-011, -1.589670E-011, 2.150400E+004 1.570926E+074 2.150400E+004, Tue Aug 11 20:07:53 2015
1.80, 0.00, 1.56, 0.00 , 1.085750E-006, -1.085590E-006, -1.741853E-011, -1.970410E-011, 2.150400E+004 1.570926E+074 2.150400E+004, Tue Aug 11 20:07:56 2015
1.80, 0.00, 1.58, 0.00 , 1.177059E-006, -1.177440E-006, -1.779586E-011, -1.481240E-011, 2.150400E+004 1.570926E+074 2.150400E+004, Tue Aug 11 20:08:00 2015
1.80, 0.00, 1.60, 0.00 , 1.272584E-006, -1.272370E-006, -1.603500E-011, -1.416430E-011, 2.150400E+004 1.570926E+074 2.150400E+004, Tue Aug 11 20:08:03 2015
1.80, 0.00, 1.62, 0.00 , 1.372365E-006, -1.372240E-006, -1.347757E-011, -1.354460E-011, 2.150400E+004 1.570926E+074 2.150400E+004, Tue Aug 11 20:08:07 2015
1.80, 0.00, 1.64, 0.00 , 1.476340E-006, -1.476280E-006, -1.276483E-011, -1.442220E-011, 2.150400E+004 1.570926E+074 2.150400E+004, Tue Aug 11 20:08:10 2015
1.80, 0.00, 1.66, 0.00 , 1.584128E-006, -1.584240E-006, -1.419030E-011, -1.424310E-011, 2.150400E+004 1.570926E+074 2.150400E+004, Tue Aug 11 20:08:14 2015
1.80, 0.00, 1.68, 0.00 , 1.696718E-006, -1.696420E-006, -1.310024E-011, -1.320690E-011, 2.150400E+004 1.570926E+074 2.150400E+004, Tue Aug 11 20:08:18 2015
1.80, 0.00, 1.70, 0.00 , 1.812448E-006, -1.812470E-006, -1.276484E-011, -1.342870E-011, 2.150400E+004 1.570926E+074 2.150400E+004, Tue Aug 11 20:08:21 2015
1.80, 0.00, 1.72, 0.00 , 1.933710E-006, -1.933770E-006, -1.205211E-011, -1.335990E-011, 2.150400E+004 1.570926E+074 2.150400E+004, Tue Aug 11 20:08:25 2015
1.80, 0.00, 1.74, 0.00 , 2.057858E-006, -2.058440E-006, -1.385489E-011, -1.276500E-011, 2.150400E+004 1.570926E+074 2.150400E+004, Tue Aug 11 20:08:28 2015
1.80, 0.00, 1.76, 0.00 , 2.186992E-006, -2.187310E-006, -1.079435E-011, -1.253310E-011, 2.150400E+004 1.570926E+074 2.150400E+004, Tue Aug 11 20:08:32 2015
1.80, 0.00, 1.78, 0.00 , 2.320475E-006, -2.320620E-006, -1.502881E-011, -1.328960E-011, 2.150400E+004 1.570926E+074 2.150400E+004, Tue Aug 11 20:08:35 2015
1.80, 0.00, 1.80, 0.00 , 2.458246E-006, -2.458260E-006, -1.272293E-011, -1.314390E-011, 2.150400E+004 1.570926E+074 2.150400E+004, Tue Aug 11 20:08:39 2015
1.80, 0.00, 1.82, 0.00 , 2.599853E-006, -2.599880E-006, -1.209404E-011, -1.353030E-011, 2.150400E+004 1.570926E+074 2.150400E+004, Tue Aug 11 20:08:42 2015
1.80, 0.00, 1.84, 0.00 , 2.746451E-006, -2.746310E-006, -1.238751E-011, -1.355150E-011, 2.150400E+004 1.570926E+074 2.150400E+004, Tue Aug 11 20:08:46 2015
1.80, 0.00, 1.86, 0.00 , 2.896054E-006, -2.896080E-006, -1.075243E-011, -1.383910E-011, 2.150400E+004 1.570926E+074 2.150400E+004, Tue Aug 11 20:08:50 2015
1.80, 0.00, 1.88, 0.00 , 3.050770E-006, -3.050750E-006, -1.272292E-011, -1.405860E-011, 2.150400E+004 1.570926E+074 2.150400E+004, Tue Aug 11 20:08:53 2015
1.80, 0.00, 1.90, 0.00 , 3.209346E-006, -3.209320E-006, -1.276484E-011, -1.436560E-011, 2.150400E+004 1.570926E+074 2.150400E+004, Tue Aug 11 20:08:57 2015
1.80, 0.00, 1.92, 0.00 , 3.371914E-006, -3.371780E-006, -9.326967E-012, -1.446890E-011, 2.150400E+004 1.570926E+074 2.150400E+004, Tue Aug 11 20:09:00 2015
1.80, 0.00, 1.94, 0.00 , 3.539329E-006, -3.539380E-006, -9.201198E-012, -1.472430E-011, 2.150400E+004 1.570926E+074 2.150400E+004, Tue Aug 11 20:09:04 2015
1.80, 0.00, 1.96, 0.00 , 3.709656E-006, -3.709710E-006, -9.201198E-012, -1.489960E-011, 2.150400E+004 1.570926E+074 2.150400E+004, Tue Aug 11 20:09:07 2015
1.80, 0.00, 1.98, 0.00 , 3.884326E-006, -3.884670E-006, -7.901513E-012, -1.475100E-011, 2.150400E+004 1.570926E+074 2.150400E+004, Tue Aug 11 20:09:11 2015
1.80, 0.00, 2.00, 0.00 , 4.063884E-006, -4.063350E-006, -1.054281E-011, -1.492140E-011, 2.150400E+004 1.570926E+074 2.150400E+004, Tue Aug 11 20:09:14 2015
