0.05, 0.00, 0.00, 0.00 , -3.305039E-011, 1.559830E-012, -3.158999E-011, -1.170580E-012, 2.150400E+004 1.570926E+074 2.150400E+004, Sun Aug 16 17:32:38 2015
0.05, 0.00, 0.02, 0.00 , -3.440075E-011, 1.492600E-012, -3.486044E-011, -1.337120E-012, 2.150400E+004 1.570926E+074 2.150400E+004, Sun Aug 16 17:32:43 2015
0.05, 0.00, 0.04, 0.00 , -3.456958E-011, 1.455460E-012, -3.460887E-011, -1.366260E-012, 2.150400E+004 1.570926E+074 2.150400E+004, Sun Aug 16 17:32:48 2015
0.05, 0.00, 0.06, 0.00 , -3.461179E-011, 1.524930E-012, -3.326715E-011, -1.510000E-012, 2.150400E+004 1.570926E+074 2.150400E+004, Sun Aug 16 17:32:53 2015
0.05, 0.00, 0.08, 0.00 , -3.469620E-011, 1.429700E-012, -3.003862E-011, -1.573060E-012, 2.150400E+004 1.570926E+074 2.150400E+004, Sun Aug 16 17:33:01 2015
0.05, 0.00, 0.10, 0.00 , -3.435863E-011, 1.435220E-012, -2.899040E-011, -1.708030E-012, 2.150400E+004 1.570926E+074 2.150400E+004, Sun Aug 16 17:33:06 2015
0.05, 0.00, 0.12, 0.00 , -3.469621E-011, 1.350830E-012, -2.538452E-011, -1.632930E-012, 2.150400E+004 1.570926E+074 2.150400E+004, Sun Aug 16 17:33:11 2015
0.05, 0.00, 0.14, 0.00 , -3.579335E-011, 1.296720E-012, -2.530066E-011, -1.734140E-012, 2.150400E+004 1.570926E+074 2.150400E+004, Sun Aug 16 17:33:15 2015
0.05, 0.00, 0.16, 0.00 , -3.507598E-011, 1.343810E-012, -2.710360E-011, -1.645360E-012, 2.150400E+004 1.570926E+074 2.150400E+004, Sun Aug 16 17:33:21 2015
0.05, 0.00, 0.18, 0.00 , -3.537139E-011, 1.400640E-012, -2.521680E-011, -1.693680E-012, 2.150400E+004 1.570926E+074 2.150400E+004, Sun Aug 16 17:33:28 2015
0.05, 0.00, 0.20, 0.00 , -3.541360E-011, 1.435160E-012, -2.496523E-011, -1.674650E-012, 2.150400E+004 1.570926E+074 2.150400E+004, Sun Aug 16 17:33:37 2015
0.05, 0.00, 0.22, 0.00 , -3.494940E-011, 1.436920E-012, -2.186261E-011, -1.890030E-012, 2.150400E+004 1.570926E+074 2.150400E+004, Sun Aug 16 17:33:42 2015
0.05, 0.00, 0.24, 0.00 , -3.583559E-011, 1.384480E-012, -2.253341E-011, -1.905720E-012, 2.150400E+004 1.570926E+074 2.150400E+004, Sun Aug 16 17:33:48 2015
0.05, 0.00, 0.26, 0.00 , -3.545580E-011, 1.412070E-012, -1.997600E-011, -1.904520E-012, 2.150400E+004 1.570926E+074 2.150400E+004, Sun Aug 16 17:33:53 2015
0.05, 0.00, 0.28, 0.00 , -3.659515E-011, 1.353010E-012, -1.917943E-011, -1.935210E-012, 2.150400E+004 1.570926E+074 2.150400E+004, Sun Aug 16 17:33:57 2015
0.05, 0.00, 0.30, 0.00 , -3.440081E-011, 1.366590E-012, -1.574160E-011, -1.989560E-012, 2.150400E+004 1.570926E+074 2.150400E+004, Sun Aug 16 17:34:02 2015
0.05, 0.00, 0.32, 0.00 , -3.478061E-011, 1.354400E-012, -1.603508E-011, -2.036130E-012, 2.150400E+004 1.570926E+074 2.150400E+004, Sun Aug 16 17:34:08 2015
0.05, 0.00, 0.34, 0.00 , -3.503380E-011, 1.377890E-012, -1.448386E-011, -2.083590E-012, 2.150400E+004 1.570926E+074 2.150400E+004, Sun Aug 16 17:34:14 2015
0.05, 0.00, 0.36, 0.00 , -3.431638E-011, 1.450710E-012, -1.238762E-011, -2.195290E-012, 2.150400E+004 1.570926E+074 2.150400E+004, Sun Aug 16 17:34:22 2015
0.05, 0.00, 0.38, 0.00 , -3.511821E-011, 1.422790E-012, -1.280688E-011, -2.223730E-012, 2.150400E+004 1.570926E+074 2.150400E+004, Sun Aug 16 17:34:27 2015
0.05, 0.00, 0.40, 0.00 , -3.456960E-011, 1.441750E-012, -9.033650E-012, -2.287070E-012, 2.150400E+004 1.570926E+074 2.150400E+004, Sun Aug 16 17:34:32 2015
0.05, 0.00, 0.42, 0.00 , -3.558234E-011, 1.402260E-012, -7.692061E-012, -2.312030E-012, 2.150400E+004 1.570926E+074 2.150400E+004, Sun Aug 16 17:34:37 2015
0.05, 0.00, 0.44, 0.00 , -3.448520E-011, 1.414380E-012, -6.308553E-012, -2.488360E-012, 2.150400E+004 1.570926E+074 2.150400E+004, Sun Aug 16 17:34:42 2015
0.05, 0.00, 0.46, 0.00 , -3.435859E-011, 1.374790E-012, -6.643944E-012, -2.629970E-012, 2.150400E+004 1.570926E+074 2.150400E+004, Sun Aug 16 17:34:49 2015
0.05, 0.00, 0.48, 0.00 , -3.469618E-011, 1.580820E-012, -6.518177E-012, -2.539650E-012, 2.150400E+004 1.570926E+074 2.150400E+004, Sun Aug 16 17:34:59 2015
0.05, 0.00, 0.50, 0.00 , -3.499161E-011, 1.561470E-012, -4.296164E-012, -2.785900E-012, 2.150400E+004 1.570926E+074 2.150400E+004, Sun Aug 16 17:35:07 2015
0.05, 0.00, 0.52, 0.00 , -3.528701E-011, 1.597520E-012, -3.080355E-012, -2.765920E-012, 2.150400E+004 1.570926E+074 2.150400E+004, Sun Aug 16 17:35:15 2015
0.05, 0.00, 0.54, 0.00 , -3.494937E-011, 1.556490E-012, 1.824856E-012, -2.847500E-012, 2.150400E+004 1.570926E+074 2.150400E+004, Sun Aug 16 17:35:20 2015
0.05, 0.00, 0.56, 0.00 , -3.494941E-011, 1.448570E-012, 2.076388E-012, -2.947800E-012, 2.150400E+004 1.570926E+074 2.150400E+004, Sun Aug 16 17:35:25 2015
0.05, 0.00, 0.58, 0.00 , -3.562457E-011, 1.542950E-012, 2.537543E-012, -3.048220E-012, 2.150400E+004 1.570926E+074 2.150400E+004, Sun Aug 16 17:35:31 2015
0.05, 0.00, 0.60, 0.00 , -3.579335E-011, 1.453610E-012, 3.963000E-012, -3.175010E-012, 2.150400E+004 1.570926E+074 2.150400E+004, Sun Aug 16 17:35:38 2015
0.05, 0.00, 0.62, 0.00 , -3.528701E-011, 1.407370E-012, 7.736218E-012, -3.351320E-012, 2.150400E+004 1.570926E+074 2.150400E+004, Sun Aug 16 17:35:43 2015
0.05, 0.00, 0.64, 0.00 , -3.414761E-011, 1.493240E-012, 1.163521E-011, -3.589200E-012, 2.150400E+004 1.570926E+074 2.150400E+004, Sun Aug 16 17:36:02 2015
0.05, 0.00, 0.66, 0.00 , -3.486500E-011, 1.243480E-012, 1.322839E-011, -3.768350E-012, 2.150400E+004 1.570926E+074 2.150400E+004, Sun Aug 16 17:36:08 2015
0.05, 0.00, 0.68, 0.00 , -3.414759E-011, 1.046430E-012, 1.218025E-011, -3.739260E-012, 2.150400E+004 1.570926E+074 2.150400E+004, Sun Aug 16 17:36:22 2015
0.05, 0.00, 0.70, 0.00 , -3.241745E-011, 4.357220E-013, 1.402492E-011, -3.967080E-012, 2.150400E+004 1.570926E+074 2.150400E+004, Sun Aug 16 17:36:31 2015
0.05, 0.00, 0.72, 0.00 , -3.262842E-011, -5.577680E-013, 1.616308E-011, -3.984390E-012, 2.150400E+004 1.570926E+074 2.150400E+004, Sun Aug 16 17:36:40 2015
0.05, 0.00, 0.74, 0.00 , -3.132026E-011, -2.402390E-012, 1.775622E-011, -4.047260E-012, 2.150400E+004 1.570926E+074 2.150400E+004, Sun Aug 16 17:36:45 2015
0.05, 0.00, 0.76, 0.00 , -2.714256E-011, -5.598890E-012, 1.934935E-011, -4.199710E-012, 2.150400E+004 1.570926E+074 2.150400E+004, Sun Aug 16 17:36:52 2015
0.05, 0.00, 0.78, 0.00 , -2.195204E-011, -1.152430E-011, 2.131983E-011, -4.610540E-012, 2.150400E+004 1.570926E+074 2.150400E+004, Sun Aug 16 17:37:00 2015
0.05, 0.00, 0.80, 0.00 , -1.127566E-011, -2.244380E-011, 2.337416E-011, -4.698000E-012, 2.150400E+004 1.570926E+074 2.150400E+004, Sun Aug 16 17:37:08 2015
0.05, 0.00, 0.82, 0.00 , 8.768384E-012, -4.257150E-011, 2.668617E-011, -4.772940E-012, 2.150400E+004 1.570926E+074 2.150400E+004, Sun Aug 16 17:37:13 2015
0.05, 0.00, 0.84, 0.00 , 4.619597E-011, -7.921050E-011, 2.404493E-011, -4.470090E-012, 2.150400E+004 1.570926E+074 2.150400E+004, Sun Aug 16 17:37:23 2015
0.05, 0.00, 0.86, 0.00 , 1.127808E-010, -1.451730E-010, 2.769238E-011, -4.832140E-012, 2.150400E+004 1.570926E+074 2.150400E+004, Sun Aug 16 17:37:30 2015
0.05, 0.00, 0.88, 0.00 , 2.283127E-010, -2.615590E-010, 3.117209E-011, -5.022850E-012, 2.150400E+004 1.570926E+074 2.150400E+004, Sun Aug 16 17:37:34 2015
0.05, 0.00, 0.90, 0.00 , 4.283628E-010, -4.612170E-010, 3.351989E-011, -5.138140E-012, 2.150400E+004 1.570926E+074 2.150400E+004, Sun Aug 16 17:37:38 2015
0.05, 0.00, 0.92, 0.00 , 7.562235E-010, -7.903970E-010, 3.838321E-011, -5.250750E-012, 2.150400E+004 1.570926E+074 2.150400E+004, Sun Aug 16 17:37:43 2015
0.05, 0.00, 0.94, 0.00 , 1.276454E-009, -1.310560E-009, 3.876047E-011, -5.418870E-012, 2.150400E+004 1.570926E+074 2.150400E+004, Sun Aug 16 17:37:48 2015
0.05, 0.00, 0.96, 0.00 , 2.051461E-009, -2.091980E-009, 4.106637E-011, -5.529930E-012, 2.150400E+004 1.570926E+074 2.150400E+004, Sun Aug 16 17:37:51 2015
0.05, 0.00, 0.98, 0.00 , 3.162687E-009, -3.197510E-009, 4.039555E-011, -5.681990E-012, 2.150400E+004 1.570926E+074 2.150400E+004, Sun Aug 16 17:37:55 2015
0.05, 0.00, 1.00, 0.00 , 4.679328E-009, -4.712580E-009, 4.475580E-011, -5.846540E-012, 2.150400E+004 1.570926E+074 2.150400E+004, Sun Aug 16 17:37:59 2015
0.05, 0.00, 1.02, 0.00 , 6.662947E-009, -6.692340E-009, 4.400109E-011, -5.933500E-012, 2.150400E+004 1.570926E+074 2.150400E+004, Sun Aug 16 17:38:02 2015
0.05, 0.00, 1.04, 0.00 , 9.134562E-009, -9.168520E-009, 4.681004E-011, -5.985250E-012, 2.150400E+004 1.570926E+074 2.150400E+004, Sun Aug 16 17:38:06 2015
0.05, 0.00, 1.06, 0.00 , 1.215759E-008, -1.218880E-008, 5.070909E-011, -6.137570E-012, 2.150400E+004 1.570926E+074 2.150400E+004, Sun Aug 16 17:38:10 2015
0.05, 0.00, 1.08, 0.00 , 1.573246E-008, -1.577020E-008, 5.427263E-011, -6.402230E-012, 2.150400E+004 1.570926E+074 2.150400E+004, Sun Aug 16 17:38:13 2015
0.05, 0.00, 1.10, 0.00 , 1.987172E-008, -1.990530E-008, 5.527880E-011, -6.374760E-012, 2.150400E+004 1.570926E+074 2.150400E+004, Sun Aug 16 17:38:17 2015
0.05, 0.00, 1.12, 0.00 , 2.455055E-008, -2.458270E-008, 5.636886E-011, -6.490000E-012, 2.150400E+004 1.570926E+074 2.150400E+004, Sun Aug 16 17:38:20 2015
0.05, 0.00, 1.14, 0.00 , 2.973787E-008, -2.977310E-008, 5.880053E-011, -6.599710E-012, 2.150400E+004 1.570926E+074 2.150400E+004, Sun Aug 16 17:38:24 2015
0.05, 0.00, 1.16, 0.00 , 3.541395E-008, -3.546840E-008, 6.077094E-011, -6.850220E-012, 2.150400E+004 1.570926E+074 2.150400E+004, Sun Aug 16 17:38:27 2015
0.05, 0.00, 1.18, 0.00 , 4.159492E-008, -4.162530E-008, 6.672431E-011, -7.072760E-012, 2.150400E+004 1.570926E+074 2.150400E+004, Sun Aug 16 17:38:31 2015
0.05, 0.00, 1.20, 0.00 , 4.819497E-008, -4.822170E-008, 6.655654E-011, -7.347580E-012, 2.150400E+004 1.570926E+074 2.150400E+004, Sun Aug 16 17:38:35 2015
0.05, 0.00, 1.22, 0.00 , 5.517027E-008, -5.521050E-008, 7.095863E-011, -7.603810E-012, 2.150400E+004 1.570926E+074 2.150400E+004, Sun Aug 16 17:38:38 2015
0.05, 0.00, 1.24, 0.00 , 6.256545E-008, -6.257640E-008, 7.196488E-011, -7.649610E-012, 2.150400E+004 1.570926E+074 2.150400E+004, Sun Aug 16 17:38:42 2015
0.05, 0.00, 1.26, 0.00 , 7.030164E-008, -7.032950E-008, 7.234219E-011, -7.420940E-012, 2.150400E+004 1.570926E+074 2.150400E+004, Sun Aug 16 17:38:45 2015
0.05, 0.00, 1.28, 0.00 , 7.835123E-008, -7.841490E-008, 7.162949E-011, -7.402210E-012, 2.150400E+004 1.570926E+074 2.150400E+004, Sun Aug 16 17:38:49 2015
0.05, 0.00, 1.30, 0.00 , 8.670590E-008, -8.675390E-008, 7.724733E-011, -7.608370E-012, 2.150400E+004 1.570926E+074 2.150400E+004, Sun Aug 16 17:38:52 2015
0.05, 0.00, 1.32, 0.00 , 9.532857E-008, -9.534120E-008, 8.236223E-011, -8.016190E-012, 2.150400E+004 1.570926E+074 2.150400E+004, Sun Aug 16 17:38:56 2015
0.05, 0.00, 1.34, 0.00 , 1.041957E-007, -1.042200E-007, 8.001436E-011, -8.066550E-012, 2.150400E+004 1.570926E+074 2.150400E+004, Sun Aug 16 17:39:00 2015
0.05, 0.00, 1.36, 0.00 , 1.132752E-007, -1.132900E-007, 8.521313E-011, -8.271150E-012, 2.150400E+004 1.570926E+074 2.150400E+004, Sun Aug 16 17:39:03 2015
0.05, 0.00, 1.38, 0.00 , 1.225316E-007, -1.225780E-007, 8.219452E-011, -8.600960E-012, 2.150400E+004 1.570926E+074 2.150400E+004, Sun Aug 16 17:39:07 2015
0.05, 0.00, 1.40, 0.00 , 1.320029E-007, -1.320340E-007, 8.424878E-011, -8.595350E-012, 2.150400E+004 1.570926E+074 2.150400E+004, Sun Aug 16 17:39:10 2015
0.05, 0.00, 1.42, 0.00 , 1.415919E-007, -1.416580E-007, 8.718353E-011, -8.534420E-012, 2.150400E+004 1.570926E+074 2.150400E+004, Sun Aug 16 17:39:14 2015
0.05, 0.00, 1.44, 0.00 , 1.513456E-007, -1.513780E-007, 8.647082E-011, -8.846940E-012, 2.150400E+004 1.570926E+074 2.150400E+004, Sun Aug 16 17:39:17 2015
0.05, 0.00, 1.46, 0.00 , 1.612140E-007, -1.612470E-007, 9.007628E-011, -8.792920E-012, 2.150400E+004 1.570926E+074 2.150400E+004, Sun Aug 16 17:39:21 2015
0.05, 0.00, 1.48, 0.00 , 1.712152E-007, -1.712520E-007, 9.049560E-011, -9.006070E-012, 2.150400E+004 1.570926E+074 2.150400E+004, Sun Aug 16 17:39:24 2015
0.05, 0.00, 1.50, 0.00 , 1.812963E-007, -1.813310E-007, 9.464619E-011, -9.177600E-012, 2.150400E+004 1.570926E+074 2.150400E+004, Sun Aug 16 17:39:28 2015
0.05, 0.00, 1.52, 0.00 , 1.914540E-007, -1.914750E-007, 9.644889E-011, -9.473730E-012, 2.150400E+004 1.570926E+074 2.150400E+004, Sun Aug 16 17:39:32 2015
0.05, 0.00, 1.54, 0.00 , 2.017089E-007, -2.017260E-007, 9.498151E-011, -9.902800E-012, 2.150400E+004 1.570926E+074 2.150400E+004, Sun Aug 16 17:39:35 2015
0.05, 0.00, 1.56, 0.00 , 2.120452E-007, -2.120630E-007, 1.044566E-010, -1.036480E-011, 2.150400E+004 1.570926E+074 2.150400E+004, Sun Aug 16 17:39:39 2015
0.05, 0.00, 1.58, 0.00 , 2.224699E-007, -2.224800E-007, 1.121288E-010, -1.078880E-011, 2.150400E+004 1.570926E+074 2.150400E+004, Sun Aug 16 17:39:42 2015
0.05, 0.00, 1.60, 0.00 , 2.329388E-007, -2.329910E-007, 1.140992E-010, -1.112850E-011, 2.150400E+004 1.570926E+074 2.150400E+004, Sun Aug 16 17:39:46 2015
0.05, 0.00, 1.62, 0.00 , 2.434446E-007, -2.435040E-007, 1.158182E-010, -1.134290E-011, 2.150400E+004 1.570926E+074 2.150400E+004, Sun Aug 16 17:39:49 2015
0.05, 0.00, 1.64, 0.00 , 2.539914E-007, -2.540100E-007, 1.178304E-010, -1.117890E-011, 2.150400E+004 1.570926E+074 2.150400E+004, Sun Aug 16 17:39:53 2015
0.05, 0.00, 1.66, 0.00 , 2.645278E-007, -2.645570E-007, 1.182080E-010, -1.124550E-011, 2.150400E+004 1.570926E+074 2.150400E+004, Sun Aug 16 17:39:56 2015
0.05, 0.00, 1.68, 0.00 , 2.750891E-007, -2.751490E-007, 1.213941E-010, -1.157500E-011, 2.150400E+004 1.570926E+074 2.150400E+004, Sun Aug 16 17:40:00 2015
0.05, 0.00, 1.70, 0.00 , 2.856526E-007, -2.856980E-007, 1.192979E-010, -1.153670E-011, 2.150400E+004 1.570926E+074 2.150400E+004, Sun Aug 16 17:40:04 2015
0.05, 0.00, 1.72, 0.00 , 2.962142E-007, -2.962780E-007, 1.205977E-010, -1.152240E-011, 2.150400E+004 1.570926E+074 2.150400E+004, Sun Aug 16 17:40:07 2015
0.05, 0.00, 1.74, 0.00 , 3.068046E-007, -3.069120E-007, 1.212264E-010, -1.159270E-011, 2.150400E+004 1.570926E+074 2.150400E+004, Sun Aug 16 17:40:11 2015
0.05, 0.00, 1.76, 0.00 , 3.173870E-007, -3.174140E-007, 1.242869E-010, -1.197840E-011, 2.150400E+004 1.570926E+074 2.150400E+004, Sun Aug 16 17:40:14 2015
0.05, 0.00, 1.78, 0.00 , 3.279984E-007, -3.280660E-007, 1.261735E-010, -1.181260E-011, 2.150400E+004 1.570926E+074 2.150400E+004, Sun Aug 16 17:40:18 2015
0.05, 0.00, 1.80, 0.00 , 3.385883E-007, -3.385660E-007, 1.282698E-010, -1.186740E-011, 2.150400E+004 1.570926E+074 2.150400E+004, Sun Aug 16 17:40:21 2015
0.05, 0.00, 1.82, 0.00 , 3.491002E-007, -3.491460E-007, 1.312046E-010, -1.202810E-011, 2.150400E+004 1.570926E+074 2.150400E+004, Sun Aug 16 17:40:25 2015
0.05, 0.00, 1.84, 0.00 , 3.596668E-007, -3.596700E-007, 1.342230E-010, -1.213330E-011, 2.150400E+004 1.570926E+074 2.150400E+004, Sun Aug 16 17:40:28 2015
0.05, 0.00, 1.86, 0.00 , 3.701352E-007, -3.701980E-007, 1.343069E-010, -1.244900E-011, 2.150400E+004 1.570926E+074 2.150400E+004, Sun Aug 16 17:40:32 2015
0.05, 0.00, 1.88, 0.00 , 3.806677E-007, -3.807290E-007, 1.407633E-010, -1.295950E-011, 2.150400E+004 1.570926E+074 2.150400E+004, Sun Aug 16 17:40:36 2015
0.05, 0.00, 1.90, 0.00 , 3.910953E-007, -3.911410E-007, 1.452493E-010, -1.328490E-011, 2.150400E+004 1.570926E+074 2.150400E+004, Sun Aug 16 17:40:39 2015
0.05, 0.00, 1.92, 0.00 , 4.015133E-007, -4.015890E-007, 1.487290E-010, -1.371260E-011, 2.150400E+004 1.570926E+074 2.150400E+004, Sun Aug 16 17:40:43 2015
0.05, 0.00, 1.94, 0.00 , 4.119771E-007, -4.120680E-007, 1.531730E-010, -1.392390E-011, 2.150400E+004 1.570926E+074 2.150400E+004, Sun Aug 16 17:40:46 2015
0.05, 0.00, 1.96, 0.00 , 4.223614E-007, -4.223640E-007, 1.516637E-010, -1.402300E-011, 2.150400E+004 1.570926E+074 2.150400E+004, Sun Aug 16 17:40:50 2015
0.05, 0.00, 1.98, 0.00 , 4.327910E-007, -4.328270E-007, 1.577848E-010, -1.440050E-011, 2.150400E+004 1.570926E+074 2.150400E+004, Sun Aug 16 17:40:53 2015
0.05, 0.00, 2.00, 0.00 , 4.431321E-007, -4.430820E-007, 1.592521E-010, -1.493310E-011, 2.150400E+004 1.570926E+074 2.150400E+004, Sun Aug 16 17:40:57 2015
