0.00, 0.00, 0.40, 0.00 , -7.685323E-011, 2.892730E-013, 7.348271E-013, -2.173380E-012, 2.150400E+004 1.570926E+074 2.150400E+004, Sun Aug 16 18:17:45 2015
0.05, 0.00, 0.40, 0.00 , -6.292748E-011, -9.048100E-013, 6.404079E-014, -2.782420E-012, 2.150400E+004 1.570926E+074 2.150400E+004, Sun Aug 16 18:17:52 2015
0.10, 0.00, 0.40, 0.00 , -4.955036E-011, -1.493170E-012, 5.671123E-013, -3.714160E-012, 2.150400E+004 1.570926E+074 2.150400E+004, Sun Aug 16 18:17:57 2015
0.15, 0.00, 0.40, 0.00 , -4.402226E-011, -2.169120E-012, -1.982095E-014, -4.567460E-012, 2.150400E+004 1.570926E+074 2.150400E+004, Sun Aug 16 18:18:05 2015
0.20, 0.00, 0.40, 0.00 , -3.233307E-011, -2.904000E-012, -1.455867E-013, -5.288820E-012, 2.150400E+004 1.570926E+074 2.150400E+004, Sun Aug 16 18:18:11 2015
0.25, 0.00, 0.40, 0.00 , -3.258629E-011, -2.903590E-012, -5.470029E-012, -6.100380E-012, 2.150400E+004 1.570926E+074 2.150400E+004, Sun Aug 16 18:18:26 2015
0.30, 0.00, 0.40, 0.00 , -2.735358E-011, -3.464140E-012, -4.044591E-012, -6.945910E-012, 2.150400E+004 1.570926E+074 2.150400E+004, Sun Aug 16 18:18:50 2015
0.35, 0.00, 0.40, 0.00 , -1.975771E-011, -4.053120E-012, -3.038398E-012, -7.524110E-012, 2.150400E+004 1.570926E+074 2.150400E+004, Sun Aug 16 18:19:02 2015
0.40, 0.00, 0.40, 0.00 , -5.409994E-012, -4.826670E-012, -2.828774E-012, -8.151500E-012, 2.150400E+004 1.570926E+074 2.150400E+004, Sun Aug 16 18:19:05 2015
0.45, 0.00, 0.40, 0.00 , 1.637282E-012, -5.522140E-012, -7.775898E-012, -8.619690E-012, 2.150400E+004 1.570926E+074 2.150400E+004, Sun Aug 16 18:19:09 2015
0.50, 0.00, 0.40, 0.00 , 5.139554E-012, -5.565300E-012, -5.134632E-012, -9.149470E-012, 2.150400E+004 1.570926E+074 2.150400E+004, Sun Aug 16 18:19:14 2015
0.55, 0.00, 0.40, 0.00 , 7.418124E-012, -5.697320E-012, -3.164163E-012, -9.881060E-012, 2.150400E+004 1.570926E+074 2.150400E+004, Sun Aug 16 18:19:20 2015
0.60, 0.00, 0.40, 0.00 , 9.612301E-012, -5.917690E-012, -4.170357E-012, -1.030140E-011, 2.150400E+004 1.570926E+074 2.150400E+004, Sun Aug 16 18:19:28 2015
0.65, 0.00, 0.40, 0.00 , 8.599608E-012, -5.730530E-012, -6.308525E-012, -1.096700E-011, 2.150400E+004 1.570926E+074 2.150400E+004, Sun Aug 16 18:19:37 2015
0.70, 0.00, 0.40, 0.00 , 1.822024E-011, -6.500820E-012, -4.002659E-012, -1.182090E-011, 2.150400E+004 1.570926E+074 2.150400E+004, Sun Aug 16 18:19:53 2015
0.75, 0.00, 0.40, 0.00 , 2.649059E-011, -7.150140E-012, -9.033631E-012, -1.227700E-011, 2.150400E+004 1.570926E+074 2.150400E+004, Sun Aug 16 18:19:59 2015
0.80, 0.00, 0.40, 0.00 , 2.682819E-011, -6.858610E-012, -7.105098E-012, -1.295130E-011, 2.150400E+004 1.570926E+074 2.150400E+004, Sun Aug 16 18:20:10 2015
0.85, 0.00, 0.40, 0.00 , 3.619566E-011, -7.681850E-012, -4.086509E-012, -1.364150E-011, 2.150400E+004 1.570926E+074 2.150400E+004, Sun Aug 16 18:20:20 2015
0.90, 0.00, 0.40, 0.00 , 3.999327E-011, -7.840860E-012, -3.415716E-012, -1.393080E-011, 2.150400E+004 1.570926E+074 2.150400E+004, Sun Aug 16 18:20:34 2015
0.95, 0.00, 0.40, 0.00 , 4.889656E-011, -8.665450E-012, -1.571028E-012, -1.499900E-011, 2.150400E+004 1.570926E+074 2.150400E+004, Sun Aug 16 18:20:40 2015
1.00, 0.00, 0.40, 0.00 , 5.526817E-011, -9.461770E-012, -4.673446E-012, -1.555230E-011, 2.150400E+004 1.570926E+074 2.150400E+004, Sun Aug 16 18:20:51 2015
1.05, 0.00, 0.40, 0.00 , 6.163968E-011, -9.263970E-012, -6.308513E-012, -1.638350E-011, 2.150400E+004 1.570926E+074 2.150400E+004, Sun Aug 16 18:20:59 2015
1.10, 0.00, 0.40, 0.00 , 6.670317E-011, -9.192490E-012, -7.650110E-012, -1.654840E-011, 2.150400E+004 1.570926E+074 2.150400E+004, Sun Aug 16 18:21:07 2015
1.15, 0.00, 0.40, 0.00 , 7.493133E-011, -1.079960E-011, -5.931188E-012, -1.739490E-011, 2.150400E+004 1.570926E+074 2.150400E+004, Sun Aug 16 18:21:15 2015
1.20, 0.00, 0.40, 0.00 , 8.227338E-011, -1.155000E-011, -6.308516E-012, -1.824450E-011, 2.150400E+004 1.570926E+074 2.150400E+004, Sun Aug 16 18:21:22 2015
1.25, 0.00, 0.40, 0.00 , 9.029059E-011, -1.207600E-011, -2.661061E-012, -1.823900E-011, 2.150400E+004 1.570926E+074 2.150400E+004, Sun Aug 16 18:21:28 2015
1.30, 0.00, 0.40, 0.00 , 9.100790E-011, -1.163290E-011, -4.086504E-012, -1.936420E-011, 2.150400E+004 1.570926E+074 2.150400E+004, Sun Aug 16 18:21:38 2015
1.35, 0.00, 0.40, 0.00 , 9.834991E-011, -1.244860E-011, -4.379976E-012, -2.005930E-011, 2.150400E+004 1.570926E+074 2.150400E+004, Sun Aug 16 18:21:47 2015
1.40, 0.00, 0.40, 0.00 , 1.067469E-010, -1.336330E-011, -3.876883E-012, -2.054500E-011, 2.150400E+004 1.570926E+074 2.150400E+004, Sun Aug 16 18:21:53 2015
1.45, 0.00, 0.40, 0.00 , 1.164521E-010, -1.397090E-011, -4.799236E-012, -2.150700E-011, 2.150400E+004 1.570926E+074 2.150400E+004, Sun Aug 16 18:22:00 2015
1.50, 0.00, 0.40, 0.00 , 1.471706E-010, -1.691270E-011, -3.289936E-012, -2.343740E-011, 2.150400E+004 1.570926E+074 2.150400E+004, Sun Aug 16 18:22:11 2015
1.55, 0.00, 0.40, 0.00 , 1.475503E-010, -1.654810E-011, -4.086502E-012, -2.350980E-011, 2.150400E+004 1.570926E+074 2.150400E+004, Sun Aug 16 18:22:19 2015
1.60, 0.00, 0.40, 0.00 , 1.558206E-010, -1.797280E-011, -3.918808E-012, -2.425020E-011, 2.150400E+004 1.570926E+074 2.150400E+004, Sun Aug 16 18:22:27 2015
1.65, 0.00, 0.40, 0.00 , 1.600823E-010, -1.860930E-011, -3.499570E-012, -2.523960E-011, 2.150400E+004 1.570926E+074 2.150400E+004, Sun Aug 16 18:22:37 2015
1.70, 0.00, 0.40, 0.00 , 1.697032E-010, -1.994590E-011, -1.906421E-012, -2.555360E-011, 2.150400E+004 1.570926E+074 2.150400E+004, Sun Aug 16 18:22:44 2015
1.75, 0.00, 0.40, 0.00 , 1.849359E-010, -2.064520E-011, -1.874941E-013, -2.668420E-011, 2.150400E+004 1.570926E+074 2.150400E+004, Sun Aug 16 18:22:50 2015
1.80, 0.00, 0.40, 0.00 , 1.948941E-010, -2.220050E-011, -1.780635E-012, -2.749580E-011, 2.150400E+004 1.570926E+074 2.150400E+004, Sun Aug 16 18:22:56 2015
1.85, 0.00, 0.40, 0.00 , 2.016452E-010, -2.345550E-011, -3.551829E-013, -2.841300E-011, 2.150400E+004 1.570926E+074 2.150400E+004, Sun Aug 16 18:23:02 2015
1.90, 0.00, 0.40, 0.00 , 1.977211E-010, -2.196180E-011, -1.571012E-012, -2.903110E-011, 2.150400E+004 1.570926E+074 2.150400E+004, Sun Aug 16 18:23:11 2015
1.95, 0.00, 0.40, 0.00 , 2.120676E-010, -2.333730E-011, 4.413657E-013, -3.018640E-011, 2.150400E+004 1.570926E+074 2.150400E+004, Sun Aug 16 18:23:17 2015
2.00, 0.00, 0.40, 0.00 , 2.193675E-010, -2.375620E-011, -6.067473E-013, -3.069870E-011, 2.150400E+004 1.570926E+074 2.150400E+004, Sun Aug 16 18:23:23 2015
