0.00, 0.00, 1.60, 0.00 , 3.975614E-010, -4.705140E-010, 4.207285E-011, -4.080770E-012, 2.150400E+004 1.570926E+074 2.150400E+004, Sun Aug 16 18:59:10 2015
0.05, 0.00, 1.60, 0.00 , 2.329144E-007, -2.330700E-007, 3.603565E-011, -3.918610E-012, 2.150400E+004 1.570926E+074 2.150400E+004, Sun Aug 16 18:59:14 2015
0.10, 0.00, 1.60, 0.00 , 4.376143E-007, -4.376060E-007, 3.607760E-011, -4.380490E-012, 2.150400E+004 1.570926E+074 2.150400E+004, Sun Aug 16 18:59:18 2015
0.15, 0.00, 1.60, 0.00 , 6.147460E-007, -6.147040E-007, 3.486170E-011, -4.060910E-012, 2.150400E+004 1.570926E+074 2.150400E+004, Sun Aug 16 18:59:21 2015
0.20, 0.00, 1.60, 0.00 , 7.658630E-007, -7.657610E-007, 3.352016E-011, -4.685040E-012, 2.150400E+004 1.570926E+074 2.150400E+004, Sun Aug 16 18:59:25 2015
0.25, 0.00, 1.60, 0.00 , 8.920048E-007, -8.918020E-007, 3.624530E-011, -4.989100E-012, 2.150400E+004 1.570926E+074 2.150400E+004, Sun Aug 16 18:59:29 2015
0.30, 0.00, 1.60, 0.00 , 9.948988E-007, -9.948860E-007, 2.936960E-011, -4.806720E-012, 2.150400E+004 1.570926E+074 2.150400E+004, Sun Aug 16 18:59:32 2015
0.35, 0.00, 1.60, 0.00 , 1.076419E-006, -1.076400E-006, 2.983077E-011, -5.697410E-012, 2.150400E+004 1.570926E+074 2.150400E+004, Sun Aug 16 18:59:36 2015
0.40, 0.00, 1.60, 0.00 , 1.138353E-006, -1.138370E-006, 3.096274E-011, -5.565510E-012, 2.150400E+004 1.570926E+074 2.150400E+004, Sun Aug 16 18:59:39 2015
0.45, 0.00, 1.60, 0.00 , 1.183000E-006, -1.182960E-006, 2.412899E-011, -5.751760E-012, 2.150400E+004 1.570926E+074 2.150400E+004, Sun Aug 16 18:59:43 2015
0.50, 0.00, 1.60, 0.00 , 1.213843E-006, -1.213430E-006, 2.827955E-011, -6.402830E-012, 2.150400E+004 1.570926E+074 2.150400E+004, Sun Aug 16 18:59:46 2015
0.55, 0.00, 1.60, 0.00 , 1.233526E-006, -1.233230E-006, 2.576407E-011, -6.660640E-012, 2.150400E+004 1.570926E+074 2.150400E+004, Sun Aug 16 18:59:50 2015
0.60, 0.00, 1.60, 0.00 , 1.245020E-006, -1.244960E-006, 2.639299E-011, -7.228260E-012, 2.150400E+004 1.570926E+074 2.150400E+004, Sun Aug 16 18:59:54 2015
0.65, 0.00, 1.60, 0.00 , 1.251863E-006, -1.251620E-006, 2.656066E-011, -7.649760E-012, 2.150400E+004 1.570926E+074 2.150400E+004, Sun Aug 16 18:59:57 2015
0.70, 0.00, 1.60, 0.00 , 1.255226E-006, -1.254960E-006, 2.609945E-011, -8.189390E-012, 2.150400E+004 1.570926E+074 2.150400E+004, Sun Aug 16 19:00:01 2015
0.75, 0.00, 1.60, 0.00 , 1.257111E-006, -1.256940E-006, 2.337434E-011, -8.162080E-012, 2.150400E+004 1.570926E+074 2.150400E+004, Sun Aug 16 19:00:04 2015
0.80, 0.00, 1.60, 0.00 , 1.257796E-006, -1.257850E-006, 2.291318E-011, -8.544410E-012, 2.150400E+004 1.570926E+074 2.150400E+004, Sun Aug 16 19:00:08 2015
0.85, 0.00, 1.60, 0.00 , 1.258334E-006, -1.258460E-006, 1.968493E-011, -8.920610E-012, 2.150400E+004 1.570926E+074 2.150400E+004, Sun Aug 16 19:00:11 2015
0.90, 0.00, 1.60, 0.00 , 1.258497E-006, -1.258490E-006, 2.450634E-011, -9.668970E-012, 2.150400E+004 1.570926E+074 2.150400E+004, Sun Aug 16 19:00:15 2015
0.95, 0.00, 1.60, 0.00 , 1.258850E-006, -1.258910E-006, 1.834340E-011, -9.855510E-012, 2.150400E+004 1.570926E+074 2.150400E+004, Sun Aug 16 19:00:18 2015
1.00, 0.00, 1.60, 0.00 , 1.259351E-006, -1.259010E-006, 2.144580E-011, -1.037420E-011, 2.150400E+004 1.570926E+074 2.150400E+004, Sun Aug 16 19:00:22 2015
1.05, 0.00, 1.60, 0.00 , 1.259243E-006, -1.259250E-006, 1.394126E-011, -1.071570E-011, 2.150400E+004 1.570926E+074 2.150400E+004, Sun Aug 16 19:00:26 2015
1.10, 0.00, 1.60, 0.00 , 1.259403E-006, -1.259250E-006, 1.855300E-011, -1.072790E-011, 2.150400E+004 1.570926E+074 2.150400E+004, Sun Aug 16 19:00:29 2015
1.15, 0.00, 1.60, 0.00 , 1.259403E-006, -1.259440E-006, 1.301891E-011, -1.106630E-011, 2.150400E+004 1.570926E+074 2.150400E+004, Sun Aug 16 19:00:33 2015
1.20, 0.00, 1.60, 0.00 , 1.259672E-006, -1.259200E-006, 1.419283E-011, -1.133550E-011, 2.150400E+004 1.570926E+074 2.150400E+004, Sun Aug 16 19:00:36 2015
1.25, 0.00, 1.60, 0.00 , 1.259933E-006, -1.259790E-006, 1.343816E-011, -1.197150E-011, 2.150400E+004 1.570926E+074 2.150400E+004, Sun Aug 16 19:00:40 2015
1.30, 0.00, 1.60, 0.00 , 1.259632E-006, -1.260030E-006, 1.742101E-011, -1.290500E-011, 2.150400E+004 1.570926E+074 2.150400E+004, Sun Aug 16 19:00:43 2015
1.35, 0.00, 1.60, 0.00 , 1.259953E-006, -1.259640E-006, 1.301893E-011, -1.283980E-011, 2.150400E+004 1.570926E+074 2.150400E+004, Sun Aug 16 19:00:47 2015
1.40, 0.00, 1.60, 0.00 , 1.260272E-006, -1.259870E-006, 1.310278E-011, -1.327500E-011, 2.150400E+004 1.570926E+074 2.150400E+004, Sun Aug 16 19:00:50 2015
1.45, 0.00, 1.60, 0.00 , 1.260142E-006, -1.260150E-006, 1.184501E-011, -1.364300E-011, 2.150400E+004 1.570926E+074 2.150400E+004, Sun Aug 16 19:00:54 2015
1.50, 0.00, 1.60, 0.00 , 1.260480E-006, -1.260400E-006, 1.037764E-011, -1.417650E-011, 2.150400E+004 1.570926E+074 2.150400E+004, Sun Aug 16 19:00:57 2015
1.55, 0.00, 1.60, 0.00 , 1.260499E-006, -1.260230E-006, 1.129999E-011, -1.425230E-011, 2.150400E+004 1.570926E+074 2.150400E+004, Sun Aug 16 19:01:01 2015
1.60, 0.00, 1.60, 0.00 , 1.260872E-006, -1.260670E-006, 9.958426E-012, -1.455300E-011, 2.150400E+004 1.570926E+074 2.150400E+004, Sun Aug 16 19:01:05 2015
1.65, 0.00, 1.60, 0.00 , 1.260767E-006, -1.260910E-006, 9.748785E-012, -1.517090E-011, 2.150400E+004 1.570926E+074 2.150400E+004, Sun Aug 16 19:01:08 2015
1.70, 0.00, 1.60, 0.00 , 1.261051E-006, -1.260780E-006, 1.146769E-011, -1.543890E-011, 2.150400E+004 1.570926E+074 2.150400E+004, Sun Aug 16 19:01:12 2015
1.75, 0.00, 1.60, 0.00 , 1.261276E-006, -1.260840E-006, 7.904087E-012, -1.582890E-011, 2.150400E+004 1.570926E+074 2.150400E+004, Sun Aug 16 19:01:15 2015
1.80, 0.00, 1.60, 0.00 , 1.261170E-006, -1.261320E-006, 1.037766E-011, -1.640850E-011, 2.150400E+004 1.570926E+074 2.150400E+004, Sun Aug 16 19:01:19 2015
1.85, 0.00, 1.60, 0.00 , 1.261447E-006, -1.261280E-006, 9.077995E-012, -1.664360E-011, 2.150400E+004 1.570926E+074 2.150400E+004, Sun Aug 16 19:01:22 2015
1.90, 0.00, 1.60, 0.00 , 1.261932E-006, -1.261560E-006, 8.658733E-012, -1.766980E-011, 2.150400E+004 1.570926E+074 2.150400E+004, Sun Aug 16 19:01:26 2015
1.95, 0.00, 1.60, 0.00 , 1.261962E-006, -1.261590E-006, 5.975538E-012, -1.768090E-011, 2.150400E+004 1.570926E+074 2.150400E+004, Sun Aug 16 19:01:29 2015
2.00, 0.00, 1.60, 0.00 , 1.262295E-006, -1.262090E-006, 7.191376E-012, -1.832850E-011, 2.150400E+004 1.570926E+074 2.150400E+004, Sun Aug 16 19:01:33 2015
