0.00, 0.00, 1.60, 0.00 , 4.139750E-010, -4.930840E-010, 1.167408E-010, -1.228330E-011, 2.150400E+004 1.570926E+074 2.150400E+004, Sun Aug 16 18:33:01 2015
0.05, 0.00, 1.60, 0.00 , 2.326488E-007, -2.327960E-007, 1.062178E-010, -1.238880E-011, 2.150400E+004 1.570926E+074 2.150400E+004, Sun Aug 16 18:33:05 2015
0.10, 0.00, 1.60, 0.00 , 4.370358E-007, -4.370430E-007, 1.110391E-010, -1.297610E-011, 2.150400E+004 1.570926E+074 2.150400E+004, Sun Aug 16 18:33:09 2015
0.15, 0.00, 1.60, 0.00 , 6.140485E-007, -6.140780E-007, 1.073078E-010, -1.411940E-011, 2.150400E+004 1.570926E+074 2.150400E+004, Sun Aug 16 18:33:13 2015
0.20, 0.00, 1.60, 0.00 , 7.649601E-007, -7.648640E-007, 1.031572E-010, -1.440300E-011, 2.150400E+004 1.570926E+074 2.150400E+004, Sun Aug 16 18:33:16 2015
0.25, 0.00, 1.60, 0.00 , 8.908848E-007, -8.909400E-007, 1.024864E-010, -1.501620E-011, 2.150400E+004 1.570926E+074 2.150400E+004, Sun Aug 16 18:33:20 2015
0.30, 0.00, 1.60, 0.00 , 9.936947E-007, -9.938290E-007, 1.011449E-010, -1.527770E-011, 2.150400E+004 1.570926E+074 2.150400E+004, Sun Aug 16 18:33:23 2015
0.35, 0.00, 1.60, 0.00 , 1.075114E-006, -1.074820E-006, 9.586223E-011, -1.592320E-011, 2.150400E+004 1.570926E+074 2.150400E+004, Sun Aug 16 18:33:27 2015
0.40, 0.00, 1.60, 0.00 , 1.136912E-006, -1.136680E-006, 9.732962E-011, -1.673630E-011, 2.150400E+004 1.570926E+074 2.150400E+004, Sun Aug 16 18:33:30 2015
0.45, 0.00, 1.60, 0.00 , 1.181656E-006, -1.181350E-006, 9.699423E-011, -1.730840E-011, 2.150400E+004 1.570926E+074 2.150400E+004, Sun Aug 16 18:33:34 2015
0.50, 0.00, 1.60, 0.00 , 1.212003E-006, -1.212090E-006, 9.133437E-011, -1.734790E-011, 2.150400E+004 1.570926E+074 2.150400E+004, Sun Aug 16 18:33:38 2015
0.55, 0.00, 1.60, 0.00 , 1.231724E-006, -1.231500E-006, 9.309524E-011, -1.838150E-011, 2.150400E+004 1.570926E+074 2.150400E+004, Sun Aug 16 18:33:41 2015
0.60, 0.00, 1.60, 0.00 , 1.243773E-006, -1.243690E-006, 9.619770E-011, -1.854430E-011, 2.150400E+004 1.570926E+074 2.150400E+004, Sun Aug 16 18:33:45 2015
0.65, 0.00, 1.60, 0.00 , 1.250365E-006, -1.250060E-006, 9.338877E-011, -1.977520E-011, 2.150400E+004 1.570926E+074 2.150400E+004, Sun Aug 16 18:33:48 2015
0.70, 0.00, 1.60, 0.00 , 1.253654E-006, -1.253560E-006, 9.636539E-011, -1.982360E-011, 2.150400E+004 1.570926E+074 2.150400E+004, Sun Aug 16 18:33:52 2015
0.75, 0.00, 1.60, 0.00 , 1.255369E-006, -1.255420E-006, 9.544299E-011, -2.069770E-011, 2.150400E+004 1.570926E+074 2.150400E+004, Sun Aug 16 18:33:55 2015
0.80, 0.00, 1.60, 0.00 , 1.256127E-006, -1.255910E-006, 9.305338E-011, -2.100650E-011, 2.150400E+004 1.570926E+074 2.150400E+004, Sun Aug 16 18:33:59 2015
0.85, 0.00, 1.60, 0.00 , 1.256679E-006, -1.256550E-006, 9.078940E-011, -2.164720E-011, 2.150400E+004 1.570926E+074 2.150400E+004, Sun Aug 16 18:34:02 2015
0.90, 0.00, 1.60, 0.00 , 1.257116E-006, -1.256750E-006, 8.890270E-011, -2.234070E-011, 2.150400E+004 1.570926E+074 2.150400E+004, Sun Aug 16 18:34:06 2015
0.95, 0.00, 1.60, 0.00 , 1.257505E-006, -1.257230E-006, 8.844166E-011, -2.249370E-011, 2.150400E+004 1.570926E+074 2.150400E+004, Sun Aug 16 18:34:09 2015
1.00, 0.00, 1.60, 0.00 , 1.257025E-006, -1.257050E-006, 8.890275E-011, -2.328170E-011, 2.150400E+004 1.570926E+074 2.150400E+004, Sun Aug 16 18:34:13 2015
1.05, 0.00, 1.60, 0.00 , 1.257692E-006, -1.257100E-006, 7.967936E-011, -2.365130E-011, 2.150400E+004 1.570926E+074 2.150400E+004, Sun Aug 16 18:34:17 2015
1.10, 0.00, 1.60, 0.00 , 1.257698E-006, -1.257490E-006, 7.825392E-011, -2.383670E-011, 2.150400E+004 1.570926E+074 2.150400E+004, Sun Aug 16 18:34:20 2015
1.15, 0.00, 1.60, 0.00 , 1.257773E-006, -1.257400E-006, 8.177552E-011, -2.498190E-011, 2.150400E+004 1.570926E+074 2.150400E+004, Sun Aug 16 18:34:24 2015
1.20, 0.00, 1.60, 0.00 , 1.257895E-006, -1.257770E-006, 8.450064E-011, -2.463420E-011, 2.150400E+004 1.570926E+074 2.150400E+004, Sun Aug 16 18:34:27 2015
1.25, 0.00, 1.60, 0.00 , 1.257776E-006, -1.257780E-006, 7.712190E-011, -2.449120E-011, 2.150400E+004 1.570926E+074 2.150400E+004, Sun Aug 16 18:34:31 2015
1.30, 0.00, 1.60, 0.00 , 1.258125E-006, -1.257730E-006, 7.552874E-011, -2.549750E-011, 2.150400E+004 1.570926E+074 2.150400E+004, Sun Aug 16 18:34:34 2015
1.35, 0.00, 1.60, 0.00 , 1.258045E-006, -1.257670E-006, 7.489995E-011, -2.614350E-011, 2.150400E+004 1.570926E+074 2.150400E+004, Sun Aug 16 18:34:38 2015
1.40, 0.00, 1.60, 0.00 , 1.258085E-006, -1.257730E-006, 7.519335E-011, -2.674840E-011, 2.150400E+004 1.570926E+074 2.150400E+004, Sun Aug 16 18:34:41 2015
1.45, 0.00, 1.60, 0.00 , 1.258566E-006, -1.258340E-006, 7.012054E-011, -2.706640E-011, 2.150400E+004 1.570926E+074 2.150400E+004, Sun Aug 16 18:34:45 2015
1.50, 0.00, 1.60, 0.00 , 1.258465E-006, -1.258180E-006, 7.938584E-011, -2.825350E-011, 2.150400E+004 1.570926E+074 2.150400E+004, Sun Aug 16 18:34:49 2015
1.55, 0.00, 1.60, 0.00 , 1.258619E-006, -1.258430E-006, 7.292943E-011, -2.919940E-011, 2.150400E+004 1.570926E+074 2.150400E+004, Sun Aug 16 18:34:52 2015
1.60, 0.00, 1.60, 0.00 , 1.258646E-006, -1.258620E-006, 7.242634E-011, -2.907460E-011, 2.150400E+004 1.570926E+074 2.150400E+004, Sun Aug 16 18:34:56 2015
1.65, 0.00, 1.60, 0.00 , 1.258616E-006, -1.258740E-006, 6.659878E-011, -2.955530E-011, 2.150400E+004 1.570926E+074 2.150400E+004, Sun Aug 16 18:34:59 2015
1.70, 0.00, 1.60, 0.00 , 1.259065E-006, -1.258660E-006, 7.108467E-011, -3.021030E-011, 2.150400E+004 1.570926E+074 2.150400E+004, Sun Aug 16 18:35:03 2015
1.75, 0.00, 1.60, 0.00 , 1.259400E-006, -1.259080E-006, 7.091704E-011, -3.087450E-011, 2.150400E+004 1.570926E+074 2.150400E+004, Sun Aug 16 18:35:06 2015
1.80, 0.00, 1.60, 0.00 , 1.259225E-006, -1.258910E-006, 6.785650E-011, -3.164430E-011, 2.150400E+004 1.570926E+074 2.150400E+004, Sun Aug 16 18:35:10 2015
1.85, 0.00, 1.60, 0.00 , 1.259204E-006, -1.259090E-006, 6.508948E-011, -3.208820E-011, 2.150400E+004 1.570926E+074 2.150400E+004, Sun Aug 16 18:35:13 2015
1.90, 0.00, 1.60, 0.00 , 1.259484E-006, -1.259190E-006, 6.676647E-011, -3.234030E-011, 2.150400E+004 1.570926E+074 2.150400E+004, Sun Aug 16 18:35:17 2015
1.95, 0.00, 1.60, 0.00 , 1.259732E-006, -1.259340E-006, 6.144203E-011, -3.373160E-011, 2.150400E+004 1.570926E+074 2.150400E+004, Sun Aug 16 18:35:20 2015
2.00, 0.00, 1.60, 0.00 , 1.259581E-006, -1.259470E-006, 6.425101E-011, -3.566460E-011, 2.150400E+004 1.570926E+074 2.150400E+004, Sun Aug 16 18:35:24 2015
