0.00, 0.00, 0.40, 0.00 , -9.913420E-011, -1.491420E-010, -2.409571E-012, 1.595570E-012, 2.150400E+004 1.570926E+074 2.150400E+004, Sat Aug 15 18:34:19 2015
0.05, 0.00, 0.40, 0.00 , -7.795027E-011, -1.469460E-010, -2.074185E-012, 1.057080E-012, 2.150400E+004 1.570926E+074 2.150400E+004, Sat Aug 15 18:34:25 2015
0.10, 0.00, 0.40, 0.00 , -6.292739E-011, -1.449690E-010, -4.170412E-012, 7.021670E-013, 2.150400E+004 1.570926E+074 2.150400E+004, Sat Aug 15 18:34:32 2015
0.15, 0.00, 0.40, 0.00 , -4.976121E-011, -1.435770E-010, -6.266656E-012, 1.163480E-013, 2.150400E+004 1.570926E+074 2.150400E+004, Sat Aug 15 18:34:39 2015
0.20, 0.00, 0.40, 0.00 , -3.942249E-011, -1.339800E-010, -6.518192E-012, -2.759930E-013, 2.150400E+004 1.570926E+074 2.150400E+004, Sat Aug 15 18:34:55 2015
0.25, 0.00, 0.40, 0.00 , -3.005424E-011, -1.256250E-010, -1.041718E-011, -8.495570E-013, 2.150400E+004 1.570926E+074 2.150400E+004, Sat Aug 15 18:35:13 2015
0.30, 0.00, 0.40, 0.00 , -2.072825E-011, -1.181960E-010, -1.196840E-011, -1.108840E-012, 2.150400E+004 1.570926E+074 2.150400E+004, Sat Aug 15 18:35:27 2015
0.35, 0.00, 0.40, 0.00 , -5.114582E-012, -1.171560E-010, -1.226188E-011, -1.744470E-012, 2.150400E+004 1.570926E+074 2.150400E+004, Sat Aug 15 18:35:31 2015
0.40, 0.00, 0.40, 0.00 , 4.844176E-012, -1.162390E-010, -1.221995E-011, -2.263520E-012, 2.150400E+004 1.570926E+074 2.150400E+004, Sat Aug 15 18:35:34 2015
0.45, 0.00, 0.40, 0.00 , 8.430807E-012, -1.142850E-010, -1.385501E-011, -2.753080E-012, 2.150400E+004 1.570926E+074 2.150400E+004, Sat Aug 15 18:35:38 2015
0.50, 0.00, 0.40, 0.00 , 8.894961E-012, -1.111840E-010, -1.440003E-011, -2.978690E-012, 2.150400E+004 1.570926E+074 2.150400E+004, Sat Aug 15 18:35:47 2015
0.55, 0.00, 0.40, 0.00 , 1.205964E-011, -1.058820E-010, -1.611894E-011, -3.338050E-012, 2.150400E+004 1.570926E+074 2.150400E+004, Sat Aug 15 18:36:00 2015
0.60, 0.00, 0.40, 0.00 , 1.378966E-011, -9.692580E-011, -1.767015E-011, -3.593660E-012, 2.150400E+004 1.570926E+074 2.150400E+004, Sat Aug 15 18:36:54 2015
0.65, 0.00, 0.40, 0.00 , 2.256638E-011, -9.780420E-011, -1.674781E-011, -4.061990E-012, 2.150400E+004 1.570926E+074 2.150400E+004, Sat Aug 15 18:37:03 2015
0.70, 0.00, 0.40, 0.00 , 3.218701E-011, -9.843550E-011, -1.737668E-011, -4.671300E-012, 2.150400E+004 1.570926E+074 2.150400E+004, Sat Aug 15 18:37:10 2015
0.75, 0.00, 0.40, 0.00 , 3.476091E-011, -9.975170E-011, -1.666396E-011, -5.166840E-012, 2.150400E+004 1.570926E+074 2.150400E+004, Sat Aug 15 18:37:21 2015
0.80, 0.00, 0.40, 0.00 , 4.855887E-011, -1.010250E-010, -1.750245E-011, -5.480590E-012, 2.150400E+004 1.570926E+074 2.150400E+004, Sat Aug 15 18:37:28 2015
0.85, 0.00, 0.40, 0.00 , 5.467728E-011, -1.020800E-010, -1.825710E-011, -6.074550E-012, 2.150400E+004 1.570926E+074 2.150400E+004, Sat Aug 15 18:37:36 2015
0.90, 0.00, 0.40, 0.00 , 5.817950E-011, -1.042080E-010, -1.813132E-011, -6.355040E-012, 2.150400E+004 1.570926E+074 2.150400E+004, Sat Aug 15 18:37:46 2015
0.95, 0.00, 0.40, 0.00 , 6.771576E-011, -1.054820E-010, -1.867634E-011, -6.750770E-012, 2.150400E+004 1.570926E+074 2.150400E+004, Sat Aug 15 18:37:54 2015
1.00, 0.00, 0.40, 0.00 , 7.514213E-011, -1.067730E-010, -1.775400E-011, -7.255650E-012, 2.150400E+004 1.570926E+074 2.150400E+004, Sat Aug 15 18:38:00 2015
1.05, 0.00, 0.40, 0.00 , 8.066986E-011, -1.081190E-010, -1.783785E-011, -7.893880E-012, 2.150400E+004 1.570926E+074 2.150400E+004, Sat Aug 15 18:38:08 2015
1.10, 0.00, 0.40, 0.00 , 8.830727E-011, -1.098360E-010, -1.691551E-011, -8.402120E-012, 2.150400E+004 1.570926E+074 2.150400E+004, Sat Aug 15 18:38:19 2015
1.15, 0.00, 0.40, 0.00 , 9.763249E-011, -1.119660E-010, -1.796362E-011, -8.757650E-012, 2.150400E+004 1.570926E+074 2.150400E+004, Sat Aug 15 18:38:26 2015
1.20, 0.00, 0.40, 0.00 , 1.078438E-010, -1.134620E-010, -1.670588E-011, -9.137070E-012, 2.150400E+004 1.570926E+074 2.150400E+004, Sat Aug 15 18:38:31 2015
1.25, 0.00, 0.40, 0.00 , 1.159876E-010, -1.145790E-010, -1.783785E-011, -9.885470E-012, 2.150400E+004 1.570926E+074 2.150400E+004, Sat Aug 15 18:38:38 2015
1.30, 0.00, 0.40, 0.00 , 1.267053E-010, -1.164760E-010, -1.716705E-011, -1.005830E-011, 2.150400E+004 1.570926E+074 2.150400E+004, Sat Aug 15 18:38:44 2015
1.35, 0.00, 0.40, 0.00 , 1.337520E-010, -1.191320E-010, -1.909559E-011, -1.046550E-011, 2.150400E+004 1.570926E+074 2.150400E+004, Sat Aug 15 18:38:52 2015
1.40, 0.00, 0.40, 0.00 , 1.425709E-010, -1.205430E-010, -1.775400E-011, -1.081560E-011, 2.150400E+004 1.570926E+074 2.150400E+004, Sat Aug 15 18:38:58 2015
1.45, 0.00, 0.40, 0.00 , 1.473390E-010, -1.224720E-010, -1.716705E-011, -1.133480E-011, 2.150400E+004 1.570926E+074 2.150400E+004, Sat Aug 15 18:39:05 2015
1.50, 0.00, 0.40, 0.00 , 1.548498E-010, -1.227650E-010, -1.754438E-011, -1.196700E-011, 2.150400E+004 1.570926E+074 2.150400E+004, Sat Aug 15 18:39:11 2015
1.55, 0.00, 0.40, 0.00 , 1.618120E-010, -1.255190E-010, -1.754437E-011, -1.227760E-011, 2.150400E+004 1.570926E+074 2.150400E+004, Sat Aug 15 18:39:19 2015
1.60, 0.00, 0.40, 0.00 , 1.711797E-010, -1.279810E-010, -1.720898E-011, -1.280990E-011, 2.150400E+004 1.570926E+074 2.150400E+004, Sat Aug 15 18:39:26 2015
1.65, 0.00, 0.40, 0.00 , 1.818128E-010, -1.290470E-010, -1.775400E-011, -1.334340E-011, 2.150400E+004 1.570926E+074 2.150400E+004, Sat Aug 15 18:39:32 2015
1.70, 0.00, 0.40, 0.00 , 1.914757E-010, -1.313170E-010, -1.863441E-011, -1.393770E-011, 2.150400E+004 1.570926E+074 2.150400E+004, Sat Aug 15 18:39:39 2015
1.75, 0.00, 0.40, 0.00 , 2.055270E-010, -1.326800E-010, -1.741860E-011, -1.418590E-011, 2.150400E+004 1.570926E+074 2.150400E+004, Sat Aug 15 18:39:45 2015
1.80, 0.00, 0.40, 0.00 , 2.156539E-010, -1.343750E-010, -1.746052E-011, -1.488430E-011, 2.150400E+004 1.570926E+074 2.150400E+004, Sat Aug 15 18:39:51 2015
1.85, 0.00, 0.40, 0.00 , 2.249369E-010, -1.360510E-010, -1.913751E-011, -1.532800E-011, 2.150400E+004 1.570926E+074 2.150400E+004, Sat Aug 15 18:39:57 2015
1.90, 0.00, 0.40, 0.00 , 2.351059E-010, -1.403690E-010, -1.771207E-011, -1.598740E-011, 2.150400E+004 1.570926E+074 2.150400E+004, Sat Aug 15 18:40:02 2015
1.95, 0.00, 0.40, 0.00 , 2.480603E-010, -1.421130E-010, -1.792170E-011, -1.644310E-011, 2.150400E+004 1.570926E+074 2.150400E+004, Sat Aug 15 18:40:08 2015
2.00, 0.00, 0.40, 0.00 , 2.597906E-010, -1.423930E-010, -1.859249E-011, -1.703810E-011, 2.150400E+004 1.570926E+074 2.150400E+004, Sat Aug 15 18:40:12 2015
