0.00, 0.00, 1.60, 0.00 , 6.120313E-009, -6.596480E-009, 1.162373E-010, 1.884560E-012, 2.150400E+004 1.570926E+074 2.150400E+004, Sat Aug 15 18:46:16 2015
0.05, 0.00, 1.60, 0.00 , 3.527660E-006, -3.524090E-006, 1.091940E-010, 1.186040E-012, 2.150400E+004 1.570926E+074 2.150400E+004, Sat Aug 15 18:46:20 2015
0.10, 0.00, 1.60, 0.00 , 6.613289E-006, -6.621870E-006, 1.058818E-010, 1.015780E-013, 2.150400E+004 1.570926E+074 2.150400E+004, Sat Aug 15 18:46:24 2015
0.15, 0.00, 1.60, 0.00 , 9.287382E-006, -9.286010E-006, 1.021925E-010, 4.339220E-014, 2.150400E+004 1.570926E+074 2.150400E+004, Sat Aug 15 18:46:27 2015
0.20, 0.00, 1.60, 0.00 , 1.158330E-005, -1.160120E-005, 1.031568E-010, -7.494090E-013, 2.150400E+004 1.570926E+074 2.150400E+004, Sat Aug 15 18:46:31 2015
0.25, 0.00, 1.60, 0.00 , 1.351993E-005, -1.353800E-005, 1.011863E-010, -1.404390E-012, 2.150400E+004 1.570926E+074 2.150400E+004, Sat Aug 15 18:46:35 2015
0.30, 0.00, 1.60, 0.00 , 1.509185E-005, -1.511080E-005, 1.009766E-010, -2.015820E-012, 2.150400E+004 1.570926E+074 2.150400E+004, Sat Aug 15 18:46:38 2015
0.35, 0.00, 1.60, 0.00 , 1.642117E-005, -1.645050E-005, 9.862892E-011, -2.249930E-012, 2.150400E+004 1.570926E+074 2.150400E+004, Sat Aug 15 18:46:42 2015
0.40, 0.00, 1.60, 0.00 , 1.747472E-005, -1.747880E-005, 9.812583E-011, -2.909640E-012, 2.150400E+004 1.570926E+074 2.150400E+004, Sat Aug 15 18:46:45 2015
0.45, 0.00, 1.60, 0.00 , 1.829563E-005, -1.830600E-005, 9.758087E-011, -3.225420E-012, 2.150400E+004 1.570926E+074 2.150400E+004, Sat Aug 15 18:46:49 2015
0.50, 0.00, 1.60, 0.00 , 1.903299E-005, -1.900230E-005, 9.808390E-011, -4.605660E-012, 2.150400E+004 1.570926E+074 2.150400E+004, Sat Aug 15 18:46:52 2015
0.55, 0.00, 1.60, 0.00 , 1.955419E-005, -1.949420E-005, 9.804199E-011, -4.390740E-012, 2.150400E+004 1.570926E+074 2.150400E+004, Sat Aug 15 18:46:56 2015
0.60, 0.00, 1.60, 0.00 , 2.003554E-005, -2.006610E-005, 9.573616E-011, -4.416540E-012, 2.150400E+004 1.570926E+074 2.150400E+004, Sat Aug 15 18:47:00 2015
0.65, 0.00, 1.60, 0.00 , 2.042718E-005, -2.044140E-005, 9.632305E-011, -5.047230E-012, 2.150400E+004 1.570926E+074 2.150400E+004, Sat Aug 15 18:47:03 2015
0.70, 0.00, 1.60, 0.00 , 2.091821E-005, -2.092060E-005, 9.468794E-011, -5.606400E-012, 2.150400E+004 1.570926E+074 2.150400E+004, Sat Aug 15 18:47:07 2015
0.75, 0.00, 1.60, 0.00 , 2.119812E-005, -2.121490E-005, 9.485571E-011, -6.160160E-012, 2.150400E+004 1.570926E+074 2.150400E+004, Sat Aug 15 18:47:10 2015
0.80, 0.00, 1.60, 0.00 , 2.151952E-005, -2.153160E-005, 9.506530E-011, -7.242640E-012, 2.150400E+004 1.570926E+074 2.150400E+004, Sat Aug 15 18:47:14 2015
0.85, 0.00, 1.60, 0.00 , 2.179949E-005, -2.180340E-005, 9.800008E-011, -7.918040E-012, 2.150400E+004 1.570926E+074 2.150400E+004, Sat Aug 15 18:47:17 2015
0.90, 0.00, 1.60, 0.00 , 2.205241E-005, -2.213630E-005, 9.800011E-011, -8.230950E-012, 2.150400E+004 1.570926E+074 2.150400E+004, Sat Aug 15 18:47:21 2015
0.95, 0.00, 1.60, 0.00 , 2.239657E-005, -2.237600E-005, 9.632303E-011, -9.200080E-012, 2.150400E+004 1.570926E+074 2.150400E+004, Sat Aug 15 18:47:24 2015
1.00, 0.00, 1.60, 0.00 , 2.261549E-005, -2.260260E-005, 9.615539E-011, -9.513260E-012, 2.150400E+004 1.570926E+074 2.150400E+004, Sat Aug 15 18:47:28 2015
1.05, 0.00, 1.60, 0.00 , 2.285637E-005, -2.290200E-005, 9.636497E-011, -1.027410E-011, 2.150400E+004 1.570926E+074 2.150400E+004, Sat Aug 15 18:47:31 2015
1.10, 0.00, 1.60, 0.00 , 2.315124E-005, -2.314330E-005, 9.653277E-011, -1.064090E-011, 2.150400E+004 1.570926E+074 2.150400E+004, Sat Aug 15 18:47:35 2015
1.15, 0.00, 1.60, 0.00 , 2.334332E-005, -2.332720E-005, 9.699377E-011, -1.124220E-011, 2.150400E+004 1.570926E+074 2.150400E+004, Sat Aug 15 18:47:39 2015
1.20, 0.00, 1.60, 0.00 , 2.355569E-005, -2.353760E-005, 9.581988E-011, -1.204200E-011, 2.150400E+004 1.570926E+074 2.150400E+004, Sat Aug 15 18:47:42 2015
1.25, 0.00, 1.60, 0.00 , 2.379171E-005, -2.372840E-005, 9.472988E-011, -1.247130E-011, 2.150400E+004 1.570926E+074 2.150400E+004, Sat Aug 15 18:47:46 2015
1.30, 0.00, 1.60, 0.00 , 2.397764E-005, -2.399800E-005, 9.506528E-011, -1.311370E-011, 2.150400E+004 1.570926E+074 2.150400E+004, Sat Aug 15 18:47:49 2015
1.35, 0.00, 1.60, 0.00 , 2.415452E-005, -2.423100E-005, 9.477180E-011, -1.429720E-011, 2.150400E+004 1.570926E+074 2.150400E+004, Sat Aug 15 18:47:53 2015
1.40, 0.00, 1.60, 0.00 , 2.433332E-005, -2.435470E-005, 9.447836E-011, -1.572670E-011, 2.150400E+004 1.570926E+074 2.150400E+004, Sat Aug 15 18:47:56 2015
1.45, 0.00, 1.60, 0.00 , 2.469164E-005, -2.466470E-005, 9.481368E-011, -1.924590E-011, 2.150400E+004 1.570926E+074 2.150400E+004, Sat Aug 15 18:48:00 2015
1.50, 0.00, 1.60, 0.00 , 2.488467E-005, -2.489300E-005, 9.330439E-011, -2.513630E-011, 2.150400E+004 1.570926E+074 2.150400E+004, Sat Aug 15 18:48:03 2015
1.55, 0.00, 1.60, 0.00 , 2.506358E-005, -2.508650E-005, 9.426881E-011, -3.590600E-011, 2.150400E+004 1.570926E+074 2.150400E+004, Sat Aug 15 18:48:07 2015
1.60, 0.00, 1.60, 0.00 , 2.535517E-005, -2.538070E-005, 9.456226E-011, -5.479200E-011, 2.150400E+004 1.570926E+074 2.150400E+004, Sat Aug 15 18:48:10 2015
1.65, 0.00, 1.60, 0.00 , 2.559544E-005, -2.565230E-005, 9.472990E-011, -8.634570E-011, 2.150400E+004 1.570926E+074 2.150400E+004, Sat Aug 15 18:48:14 2015
1.70, 0.00, 1.60, 0.00 , 2.580647E-005, -2.579480E-005, 9.292705E-011, -1.413560E-010, 2.150400E+004 1.570926E+074 2.150400E+004, Sat Aug 15 18:48:19 2015
1.75, 0.00, 1.60, 0.00 , 2.604008E-005, -2.601950E-005, 9.326245E-011, -2.291840E-010, 2.150400E+004 1.570926E+074 2.150400E+004, Sat Aug 15 18:48:22 2015
1.80, 0.00, 1.60, 0.00 , 2.621851E-005, -2.634340E-005, 9.317866E-011, -3.680880E-010, 2.150400E+004 1.570926E+074 2.150400E+004, Sat Aug 15 18:48:26 2015
1.85, 0.00, 1.60, 0.00 , 2.657585E-005, -2.652200E-005, 9.359787E-011, -5.763560E-010, 2.150400E+004 1.570926E+074 2.150400E+004, Sat Aug 15 18:48:29 2015
1.90, 0.00, 1.60, 0.00 , 2.672337E-005, -2.680910E-005, 9.305279E-011, -8.828940E-010, 2.150400E+004 1.570926E+074 2.150400E+004, Sat Aug 15 18:48:32 2015
1.95, 0.00, 1.60, 0.00 , 2.701109E-005, -2.700050E-005, 9.250781E-011, -1.319840E-009, 2.150400E+004 1.570926E+074 2.150400E+004, Sat Aug 15 18:48:35 2015
2.00, 0.00, 1.60, 0.00 , 2.725894E-005, -2.727620E-005, 9.301102E-011, -1.932790E-009, 2.150400E+004 1.570926E+074 2.150400E+004, Sat Aug 15 18:48:38 2015
