0.00, 0.00, 0.80, 0.00 , -1.064347E-010, -1.250730E-010, 2.303870E-011, 1.817260E-012, 2.150400E+004 1.570926E+074 2.150400E+004, Sat Aug 15 18:40:35 2015
0.05, 0.00, 0.80, 0.00 , 3.741411E-010, -5.873170E-010, 2.144559E-011, 1.232180E-012, 2.150400E+004 1.570926E+074 2.150400E+004, Sat Aug 15 18:40:40 2015
0.10, 0.00, 0.80, 0.00 , 5.473121E-010, -7.460210E-010, 1.976856E-011, 6.495600E-013, 2.150400E+004 1.570926E+074 2.150400E+004, Sat Aug 15 18:40:44 2015
0.15, 0.00, 0.80, 0.00 , 6.544892E-010, -8.455450E-010, 2.018782E-011, 2.627730E-013, 2.150400E+004 1.570926E+074 2.150400E+004, Sat Aug 15 18:40:51 2015
0.20, 0.00, 0.80, 0.00 , 7.384170E-010, -9.046140E-010, 1.851084E-011, -2.293830E-013, 2.150400E+004 1.570926E+074 2.150400E+004, Sat Aug 15 18:40:56 2015
0.25, 0.00, 0.80, 0.00 , 8.212048E-010, -9.716740E-010, 1.691769E-011, -7.961870E-013, 2.150400E+004 1.570926E+074 2.150400E+004, Sat Aug 15 18:41:02 2015
0.30, 0.00, 0.80, 0.00 , 8.730637E-010, -1.036190E-009, 1.729501E-011, -1.059320E-012, 2.150400E+004 1.570926E+074 2.150400E+004, Sat Aug 15 18:41:08 2015
0.35, 0.00, 0.80, 0.00 , 9.286353E-010, -1.074750E-009, 1.628883E-011, -1.905630E-012, 2.150400E+004 1.570926E+074 2.150400E+004, Sat Aug 15 18:41:14 2015
0.40, 0.00, 0.80, 0.00 , 9.922658E-010, -1.132850E-009, 1.716929E-011, -2.311540E-012, 2.150400E+004 1.570926E+074 2.150400E+004, Sat Aug 15 18:41:18 2015
0.45, 0.00, 0.80, 0.00 , 1.063029E-009, -1.188630E-009, 1.645652E-011, -2.808060E-012, 2.150400E+004 1.570926E+074 2.150400E+004, Sat Aug 15 18:41:22 2015
0.50, 0.00, 0.80, 0.00 , 1.143158E-009, -1.258150E-009, 1.570187E-011, -3.398800E-012, 2.150400E+004 1.570926E+074 2.150400E+004, Sat Aug 15 18:41:25 2015
0.55, 0.00, 0.80, 0.00 , 1.224216E-009, -1.326860E-009, 1.582766E-011, -4.003680E-012, 2.150400E+004 1.570926E+074 2.150400E+004, Sat Aug 15 18:41:29 2015
0.60, 0.00, 0.80, 0.00 , 1.295527E-009, -1.374480E-009, 1.469569E-011, -4.181560E-012, 2.150400E+004 1.570926E+074 2.150400E+004, Sat Aug 15 18:41:33 2015
0.65, 0.00, 0.80, 0.00 , 1.379158E-009, -1.449370E-009, 1.595341E-011, -4.608980E-012, 2.150400E+004 1.570926E+074 2.150400E+004, Sat Aug 15 18:41:36 2015
0.70, 0.00, 0.80, 0.00 , 1.439034E-009, -1.528880E-009, 1.419260E-011, -5.133840E-012, 2.150400E+004 1.570926E+074 2.150400E+004, Sat Aug 15 18:41:41 2015
0.75, 0.00, 0.80, 0.00 , 1.507983E-009, -1.590510E-009, 1.436030E-011, -5.560510E-012, 2.150400E+004 1.570926E+074 2.150400E+004, Sat Aug 15 18:41:48 2015
0.80, 0.00, 0.80, 0.00 , 1.610602E-009, -1.675100E-009, 1.293485E-011, -6.114980E-012, 2.150400E+004 1.570926E+074 2.150400E+004, Sat Aug 15 18:41:52 2015
0.85, 0.00, 0.80, 0.00 , 1.686301E-009, -1.751770E-009, 1.368950E-011, -6.670010E-012, 2.150400E+004 1.570926E+074 2.150400E+004, Sat Aug 15 18:41:56 2015
0.90, 0.00, 0.80, 0.00 , 1.772802E-009, -1.819060E-009, 1.549228E-011, -6.978540E-012, 2.150400E+004 1.570926E+074 2.150400E+004, Sat Aug 15 18:42:01 2015
0.95, 0.00, 0.80, 0.00 , 1.902555E-009, -1.934250E-009, 1.507299E-011, -7.512880E-012, 2.150400E+004 1.570926E+074 2.150400E+004, Sat Aug 15 18:42:07 2015
1.00, 0.00, 0.80, 0.00 , 1.966186E-009, -2.020090E-009, 1.218021E-011, -8.016310E-012, 2.150400E+004 1.570926E+074 2.150400E+004, Sat Aug 15 18:42:11 2015
1.05, 0.00, 0.80, 0.00 , 2.085092E-009, -2.122860E-009, 1.511498E-011, -8.489380E-012, 2.150400E+004 1.570926E+074 2.150400E+004, Sat Aug 15 18:42:14 2015
1.10, 0.00, 0.80, 0.00 , 2.160793E-009, -2.204830E-009, 1.079670E-011, -8.851870E-012, 2.150400E+004 1.570926E+074 2.150400E+004, Sat Aug 15 18:42:18 2015
1.15, 0.00, 0.80, 0.00 , 2.279531E-009, -2.315890E-009, 1.347992E-011, -9.757850E-012, 2.150400E+004 1.570926E+074 2.150400E+004, Sat Aug 15 18:42:21 2015
1.20, 0.00, 0.80, 0.00 , 2.362361E-009, -2.378160E-009, 1.197060E-011, -1.047080E-011, 2.150400E+004 1.570926E+074 2.150400E+004, Sat Aug 15 18:42:25 2015
1.25, 0.00, 0.80, 0.00 , 2.488611E-009, -2.476790E-009, 1.213829E-011, -1.078460E-011, 2.150400E+004 1.570926E+074 2.150400E+004, Sat Aug 15 18:42:29 2015
1.30, 0.00, 0.80, 0.00 , 2.567474E-009, -2.588980E-009, 1.331216E-011, -1.132380E-011, 2.150400E+004 1.570926E+074 2.150400E+004, Sat Aug 15 18:42:32 2015
1.35, 0.00, 0.80, 0.00 , 2.677941E-009, -2.681020E-009, 1.201256E-011, -1.149640E-011, 2.150400E+004 1.570926E+074 2.150400E+004, Sat Aug 15 18:42:36 2015
1.40, 0.00, 0.80, 0.00 , 2.720012E-009, -2.727750E-009, 1.389914E-011, -1.221010E-011, 2.150400E+004 1.570926E+074 2.150400E+004, Sat Aug 15 18:42:40 2015
1.45, 0.00, 0.80, 0.00 , 2.813771E-009, -2.770010E-009, 1.310255E-011, -1.292280E-011, 2.150400E+004 1.570926E+074 2.150400E+004, Sat Aug 15 18:42:43 2015
1.50, 0.00, 0.80, 0.00 , 2.926811E-009, -2.882660E-009, 1.163516E-011, -1.357740E-011, 2.150400E+004 1.570926E+074 2.150400E+004, Sat Aug 15 18:42:47 2015
1.55, 0.00, 0.80, 0.00 , 3.028883E-009, -2.979700E-009, 1.436029E-011, -1.410680E-011, 2.150400E+004 1.570926E+074 2.150400E+004, Sat Aug 15 18:42:51 2015
1.60, 0.00, 0.80, 0.00 , 3.179692E-009, -3.094450E-009, 1.448607E-011, -1.480750E-011, 2.150400E+004 1.570926E+074 2.150400E+004, Sat Aug 15 18:42:54 2015
1.65, 0.00, 0.80, 0.00 , 3.269018E-009, -3.213850E-009, 1.301869E-011, -1.562480E-011, 2.150400E+004 1.570926E+074 2.150400E+004, Sat Aug 15 18:42:58 2015
1.70, 0.00, 0.80, 0.00 , 3.398732E-009, -3.324010E-009, 1.347987E-011, -1.645800E-011, 2.150400E+004 1.570926E+074 2.150400E+004, Sat Aug 15 18:43:03 2015
1.75, 0.00, 0.80, 0.00 , 3.498564E-009, -3.413880E-009, 1.377333E-011, -1.722820E-011, 2.150400E+004 1.570926E+074 2.150400E+004, Sat Aug 15 18:43:06 2015
1.80, 0.00, 0.80, 0.00 , 3.623929E-009, -3.530560E-009, 1.410875E-011, -1.796630E-011, 2.150400E+004 1.570926E+074 2.150400E+004, Sat Aug 15 18:43:12 2015
1.85, 0.00, 0.80, 0.00 , 3.710596E-009, -3.654580E-009, 1.431837E-011, -1.917140E-011, 2.150400E+004 1.570926E+074 2.150400E+004, Sat Aug 15 18:43:17 2015
1.90, 0.00, 0.80, 0.00 , 3.843641E-009, -3.776750E-009, 1.456993E-011, -2.098800E-011, 2.150400E+004 1.570926E+074 2.150400E+004, Sat Aug 15 18:43:21 2015
1.95, 0.00, 0.80, 0.00 , 3.958585E-009, -3.837130E-009, 1.436030E-011, -2.222720E-011, 2.150400E+004 1.570926E+074 2.150400E+004, Sat Aug 15 18:43:25 2015
2.00, 0.00, 0.80, 0.00 , 4.085131E-009, -3.965110E-009, 1.226407E-011, -2.381390E-011, 2.150400E+004 1.570926E+074 2.150400E+004, Sat Aug 15 18:43:31 2015
