0.00, 0.00, 0.80, 0.00 , -1.051686E-010, -6.289100E-011, 2.941115E-011, 3.196120E-012, 2.150400E+004 1.570926E+074 2.150400E+004, Sun Aug 16 17:14:49 2015
0.05, 0.00, 0.80, 0.00 , 4.915282E-010, -6.335580E-010, 2.572181E-011, 2.313110E-012, 2.150400E+004 1.570926E+074 2.150400E+004, Sun Aug 16 17:14:55 2015
0.10, 0.00, 0.80, 0.00 , 6.946585E-010, -8.284100E-010, 2.345788E-011, 1.485400E-012, 2.150400E+004 1.570926E+074 2.150400E+004, Sun Aug 16 17:15:00 2015
0.15, 0.00, 0.80, 0.00 , 8.224684E-010, -9.508210E-010, 2.178086E-011, 7.299300E-013, 2.150400E+004 1.570926E+074 2.150400E+004, Sun Aug 16 17:15:04 2015
0.20, 0.00, 0.80, 0.00 , 9.160164E-010, -1.030460E-009, 2.349981E-011, 1.562000E-013, 2.150400E+004 1.570926E+074 2.150400E+004, Sun Aug 16 17:15:09 2015
0.25, 0.00, 0.80, 0.00 , 9.958929E-010, -1.101820E-009, 2.173890E-011, -5.001780E-013, 2.150400E+004 1.570926E+074 2.150400E+004, Sun Aug 16 17:15:12 2015
0.30, 0.00, 0.80, 0.00 , 1.075050E-009, -1.162200E-009, 2.123585E-011, -1.082970E-012, 2.150400E+004 1.570926E+074 2.150400E+004, Sun Aug 16 17:15:16 2015
0.35, 0.00, 0.80, 0.00 , 1.138303E-009, -1.223770E-009, 2.027156E-011, -1.413250E-012, 2.150400E+004 1.570926E+074 2.150400E+004, Sun Aug 16 17:15:21 2015
0.40, 0.00, 0.80, 0.00 , 1.217547E-009, -1.280800E-009, 2.039734E-011, -2.199750E-012, 2.150400E+004 1.570926E+074 2.150400E+004, Sun Aug 16 17:15:24 2015
0.45, 0.00, 0.80, 0.00 , 1.301938E-009, -1.373190E-009, 2.152935E-011, -3.028400E-012, 2.150400E+004 1.570926E+074 2.150400E+004, Sun Aug 16 17:15:28 2015
0.50, 0.00, 0.80, 0.00 , 1.386835E-009, -1.444560E-009, 2.094238E-011, -3.556600E-012, 2.150400E+004 1.570926E+074 2.150400E+004, Sun Aug 16 17:15:32 2015
0.55, 0.00, 0.80, 0.00 , 1.473885E-009, -1.521320E-009, 1.800762E-011, -4.166470E-012, 2.150400E+004 1.570926E+074 2.150400E+004, Sun Aug 16 17:15:35 2015
0.60, 0.00, 0.80, 0.00 , 1.555450E-009, -1.595740E-009, 1.981042E-011, -4.607120E-012, 2.150400E+004 1.570926E+074 2.150400E+004, Sun Aug 16 17:15:40 2015
0.65, 0.00, 0.80, 0.00 , 1.622921E-009, -1.669890E-009, 2.173890E-011, -5.339600E-012, 2.150400E+004 1.570926E+074 2.150400E+004, Sun Aug 16 17:15:44 2015
0.70, 0.00, 0.80, 0.00 , 1.735077E-009, -1.759270E-009, 2.048119E-011, -5.776830E-012, 2.150400E+004 1.570926E+074 2.150400E+004, Sun Aug 16 17:15:47 2015
0.75, 0.00, 0.80, 0.00 , 1.822801E-009, -1.826090E-009, 1.943309E-011, -6.627770E-012, 2.150400E+004 1.570926E+074 2.150400E+004, Sun Aug 16 17:15:51 2015
0.80, 0.00, 0.80, 0.00 , 1.910188E-009, -1.905010E-009, 2.249363E-011, -6.883870E-012, 2.150400E+004 1.570926E+074 2.150400E+004, Sun Aug 16 17:15:55 2015
0.85, 0.00, 0.80, 0.00 , 2.012091E-009, -1.987470E-009, 1.775611E-011, -7.489080E-012, 2.150400E+004 1.570926E+074 2.150400E+004, Sun Aug 16 17:15:58 2015
0.90, 0.00, 0.80, 0.00 , 2.076691E-009, -2.079770E-009, 1.934928E-011, -8.247480E-012, 2.150400E+004 1.570926E+074 2.150400E+004, Sun Aug 16 17:16:02 2015
0.95, 0.00, 0.80, 0.00 , 2.207498E-009, -2.181250E-009, 1.872038E-011, -8.961630E-012, 2.150400E+004 1.570926E+074 2.150400E+004, Sun Aug 16 17:16:06 2015
1.00, 0.00, 0.80, 0.00 , 2.293915E-009, -2.282630E-009, 1.737881E-011, -9.510720E-012, 2.150400E+004 1.570926E+074 2.150400E+004, Sun Aug 16 17:16:09 2015
1.05, 0.00, 0.80, 0.00 , 2.386744E-009, -2.342290E-009, 2.010388E-011, -9.539570E-012, 2.150400E+004 1.570926E+074 2.150400E+004, Sun Aug 16 17:16:16 2015
1.10, 0.00, 0.80, 0.00 , 2.510759E-009, -2.473600E-009, 2.161318E-011, -1.043230E-011, 2.150400E+004 1.570926E+074 2.150400E+004, Sun Aug 16 17:16:21 2015
1.15, 0.00, 0.80, 0.00 , 2.651395E-009, -2.581790E-009, 1.892997E-011, -1.131890E-011, 2.150400E+004 1.570926E+074 2.150400E+004, Sun Aug 16 17:16:25 2015
1.20, 0.00, 0.80, 0.00 , 2.727390E-009, -2.683040E-009, 1.800765E-011, -1.205900E-011, 2.150400E+004 1.570926E+074 2.150400E+004, Sun Aug 16 17:16:28 2015
1.25, 0.00, 0.80, 0.00 , 2.859506E-009, -2.788900E-009, 2.048118E-011, -1.262970E-011, 2.150400E+004 1.570926E+074 2.150400E+004, Sun Aug 16 17:16:32 2015
1.30, 0.00, 0.80, 0.00 , 2.969973E-009, -2.879330E-009, 2.090048E-011, -1.319420E-011, 2.150400E+004 1.570926E+074 2.150400E+004, Sun Aug 16 17:16:35 2015
1.35, 0.00, 0.80, 0.00 , 3.083184E-009, -2.980840E-009, 2.035544E-011, -1.400930E-011, 2.150400E+004 1.570926E+074 2.150400E+004, Sun Aug 16 17:16:39 2015
1.40, 0.00, 0.80, 0.00 , 3.178756E-009, -3.089900E-009, 1.679185E-011, -1.446570E-011, 2.150400E+004 1.570926E+074 2.150400E+004, Sun Aug 16 17:16:43 2015
1.45, 0.00, 0.80, 0.00 , 3.301336E-009, -3.221060E-009, 1.888812E-011, -1.521630E-011, 2.150400E+004 1.570926E+074 2.150400E+004, Sun Aug 16 17:16:47 2015
1.50, 0.00, 0.80, 0.00 , 3.410029E-009, -3.316410E-009, 1.775612E-011, -1.640240E-011, 2.150400E+004 1.570926E+074 2.150400E+004, Sun Aug 16 17:16:51 2015
1.55, 0.00, 0.80, 0.00 , 3.556367E-009, -3.417340E-009, 1.851077E-011, -1.716870E-011, 2.150400E+004 1.570926E+074 2.150400E+004, Sun Aug 16 17:16:55 2015
1.60, 0.00, 0.80, 0.00 , 3.681349E-009, -3.542590E-009, 1.796575E-011, -1.769910E-011, 2.150400E+004 1.570926E+074 2.150400E+004, Sun Aug 16 17:16:58 2015
1.65, 0.00, 0.80, 0.00 , 3.756583E-009, -3.634500E-009, 1.737881E-011, -1.799140E-011, 2.150400E+004 1.570926E+074 2.150400E+004, Sun Aug 16 17:17:02 2015
1.70, 0.00, 0.80, 0.00 , 3.900896E-009, -3.749220E-009, 1.804963E-011, -1.913030E-011, 2.150400E+004 1.570926E+074 2.150400E+004, Sun Aug 16 17:17:06 2015
1.75, 0.00, 0.80, 0.00 , 4.051322E-009, -3.904140E-009, 1.855270E-011, -2.016600E-011, 2.150400E+004 1.570926E+074 2.150400E+004, Sun Aug 16 17:17:09 2015
1.80, 0.00, 0.80, 0.00 , 4.150905E-009, -3.983550E-009, 1.733686E-011, -2.164220E-011, 2.150400E+004 1.570926E+074 2.150400E+004, Sun Aug 16 17:17:13 2015
1.85, 0.00, 0.80, 0.00 , 4.342215E-009, -4.157270E-009, 1.821734E-011, -2.256530E-011, 2.150400E+004 1.570926E+074 2.150400E+004, Sun Aug 16 17:17:17 2015
1.90, 0.00, 0.80, 0.00 , 4.478091E-009, -4.343010E-009, 1.775611E-011, -2.406390E-011, 2.150400E+004 1.570926E+074 2.150400E+004, Sun Aug 16 17:17:20 2015
1.95, 0.00, 0.80, 0.00 , 4.605563E-009, -4.380560E-009, 1.637265E-011, -2.592230E-011, 2.150400E+004 1.570926E+074 2.150400E+004, Sun Aug 16 17:17:24 2015
2.00, 0.00, 0.80, 0.00 , 4.781518E-009, -4.548890E-009, 1.859464E-011, -2.772450E-011, 2.150400E+004 1.570926E+074 2.150400E+004, Sun Aug 16 17:17:30 2015
