1.80, 1.80, -0.20, 1.80 , 1.158960E-009, -9.127240E-010, -3.930477E-011, -8.327960E-014, 2.150400E+004 1.570926E+074 2.150400E+004, Sun Oct 11 16:57:39 2015
1.75, 1.80, -0.20, 1.80 , -4.174763E-006, 4.182510E-006, -3.947247E-011, -7.750990E-014, 2.150400E+004 1.570926E+074 2.150400E+004, Sun Oct 11 16:57:44 2015
1.70, 1.80, -0.20, 1.80 , -1.424342E-005, 1.424690E-005, -4.026912E-011, -1.006360E-013, 2.150400E+004 1.570926E+074 2.150400E+004, Sun Oct 11 16:57:48 2015
1.65, 1.80, -0.20, 1.80 , -2.685515E-005, 2.685530E-005, -3.892740E-011, -1.054170E-013, 2.150400E+004 1.570926E+074 2.150400E+004, Sun Oct 11 16:57:51 2015
1.60, 1.80, -0.20, 1.80 , -4.119961E-005, 4.119650E-005, -3.779535E-011, -1.007680E-013, 2.150400E+004 1.570926E+074 2.150400E+004, Sun Oct 11 16:57:55 2015
1.55, 1.80, -0.20, 1.80 , -5.675102E-005, 5.674610E-005, -3.863391E-011, -1.070020E-013, 2.150400E+004 1.570926E+074 2.150400E+004, Sun Oct 11 16:57:58 2015
1.50, 1.80, -0.20, 1.80 , -7.298427E-005, 7.297740E-005, -3.842427E-011, -1.032350E-013, 2.150400E+004 1.570926E+074 2.150400E+004, Sun Oct 11 16:58:02 2015
1.45, 1.80, -0.20, 1.80 , -8.938319E-005, 8.937320E-005, -3.783727E-011, -1.149770E-013, 2.150400E+004 1.570926E+074 2.150400E+004, Sun Oct 11 16:58:05 2015
1.40, 1.80, -0.20, 1.80 , -1.055631E-004, 1.055600E-004, -4.135926E-011, -1.121160E-013, 2.150400E+004 1.570926E+074 2.150400E+004, Sun Oct 11 16:58:09 2015
1.35, 1.80, -0.20, 1.80 , -1.212837E-004, 1.212730E-004, -3.905319E-011, -8.548500E-014, 2.150400E+004 1.570926E+074 2.150400E+004, Sun Oct 11 16:58:13 2015
1.30, 1.80, -0.20, 1.80 , -1.364107E-004, 1.363980E-004, -4.010140E-011, -8.261200E-014, 2.150400E+004 1.570926E+074 2.150400E+004, Sun Oct 11 16:58:16 2015
1.25, 1.80, -0.20, 1.80 , -1.508948E-004, 1.508770E-004, -4.005949E-011, -1.148220E-013, 2.150400E+004 1.570926E+074 2.150400E+004, Sun Oct 11 16:58:20 2015
1.20, 1.80, -0.20, 1.80 , -1.646974E-004, 1.646770E-004, -3.787920E-011, -9.875300E-014, 2.150400E+004 1.570926E+074 2.150400E+004, Sun Oct 11 16:58:23 2015
1.15, 1.80, -0.20, 1.80 , -1.777580E-004, 1.777340E-004, -3.980790E-011, -9.863380E-014, 2.150400E+004 1.570926E+074 2.150400E+004, Sun Oct 11 16:58:27 2015
1.10, 1.80, -0.20, 1.80 , -1.900695E-004, 1.900440E-004, -4.043683E-011, -9.900330E-014, 2.150400E+004 1.570926E+074 2.150400E+004, Sun Oct 11 16:58:30 2015
1.05, 1.80, -0.20, 1.80 , -2.016239E-004, 2.015970E-004, -3.888547E-011, -8.926390E-014, 2.150400E+004 1.570926E+074 2.150400E+004, Sun Oct 11 16:58:34 2015
1.00, 1.80, -0.20, 1.80 , -2.124735E-004, 2.124450E-004, -3.926283E-011, -1.004220E-013, 2.150400E+004 1.570926E+074 2.150400E+004, Sun Oct 11 16:58:37 2015
0.95, 1.80, -0.20, 1.80 , -2.226169E-004, 2.225820E-004, -3.712448E-011, -8.934740E-014, 2.150400E+004 1.570926E+074 2.150400E+004, Sun Oct 11 16:58:41 2015
0.90, 1.80, -0.20, 1.80 , -2.320632E-004, 2.320230E-004, -3.888547E-011, -1.078250E-013, 2.150400E+004 1.570926E+074 2.150400E+004, Sun Oct 11 16:58:44 2015
0.85, 1.80, -0.20, 1.80 , -2.407867E-004, 2.407510E-004, -4.152698E-011, -9.466410E-014, 2.150400E+004 1.570926E+074 2.150400E+004, Sun Oct 11 16:58:48 2015
0.80, 1.80, -0.20, 1.80 , -2.487627E-004, 2.487240E-004, -3.976599E-011, -9.034870E-014, 2.150400E+004 1.570926E+074 2.150400E+004, Sun Oct 11 16:58:52 2015
0.75, 1.80, -0.20, 1.80 , -2.560006E-004, 2.559650E-004, -4.148504E-011, -9.405610E-014, 2.150400E+004 1.570926E+074 2.150400E+004, Sun Oct 11 16:58:55 2015
0.70, 1.80, -0.20, 1.80 , -2.625239E-004, 2.624820E-004, -4.047875E-011, -1.059060E-013, 2.150400E+004 1.570926E+074 2.150400E+004, Sun Oct 11 16:58:59 2015
0.65, 1.80, -0.20, 1.80 , -2.683278E-004, 2.682820E-004, -4.056262E-011, -1.162770E-013, 2.150400E+004 1.570926E+074 2.150400E+004, Sun Oct 11 16:59:02 2015
0.60, 1.80, -0.20, 1.80 , -2.733991E-004, 2.733530E-004, -4.089805E-011, -1.094100E-013, 2.150400E+004 1.570926E+074 2.150400E+004, Sun Oct 11 16:59:06 2015
0.55, 1.80, -0.20, 1.80 , -2.777507E-004, 2.777020E-004, -3.959827E-011, -1.111750E-013, 2.150400E+004 1.570926E+074 2.150400E+004, Sun Oct 11 16:59:09 2015
0.50, 1.80, -0.20, 1.80 , -2.813906E-004, 2.813430E-004, -3.863392E-011, -8.131270E-014, 2.150400E+004 1.570926E+074 2.150400E+004, Sun Oct 11 16:59:13 2015
0.45, 1.80, -0.20, 1.80 , -2.843431E-004, 2.843020E-004, -3.892741E-011, -8.853670E-014, 2.150400E+004 1.570926E+074 2.150400E+004, Sun Oct 11 16:59:16 2015
0.40, 1.80, -0.20, 1.80 , -2.866700E-004, 2.866310E-004, -4.194626E-011, -1.133440E-013, 2.150400E+004 1.570926E+074 2.150400E+004, Sun Oct 11 16:59:20 2015
0.35, 1.80, -0.20, 1.80 , -2.883876E-004, 2.883400E-004, -4.085611E-011, -8.499620E-014, 2.150400E+004 1.570926E+074 2.150400E+004, Sun Oct 11 16:59:23 2015
0.30, 1.80, -0.20, 1.80 , -2.896052E-004, 2.895560E-004, -4.114962E-011, -1.023890E-013, 2.150400E+004 1.570926E+074 2.150400E+004, Sun Oct 11 16:59:27 2015
0.25, 1.80, -0.20, 1.80 , -2.904320E-004, 2.903820E-004, -3.758569E-011, -8.746390E-014, 2.150400E+004 1.570926E+074 2.150400E+004, Sun Oct 11 16:59:30 2015
0.20, 1.80, -0.20, 1.80 , -2.909786E-004, 2.909260E-004, -3.892741E-011, -1.025200E-013, 2.150400E+004 1.570926E+074 2.150400E+004, Sun Oct 11 16:59:34 2015
0.15, 1.80, -0.20, 1.80 , -2.913235E-004, 2.912750E-004, -3.754377E-011, -1.017450E-013, 2.150400E+004 1.570926E+074 2.150400E+004, Sun Oct 11 16:59:38 2015
0.10, 1.80, -0.20, 1.80 , -2.915567E-004, 2.915090E-004, -4.001755E-011, -9.801390E-014, 2.150400E+004 1.570926E+074 2.150400E+004, Sun Oct 11 16:59:41 2015
0.05, 1.80, -0.20, 1.80 , -2.917129E-004, 2.916600E-004, -3.943055E-011, -9.422300E-014, 2.150400E+004 1.570926E+074 2.150400E+004, Sun Oct 11 16:59:45 2015
0.00, 1.80, -0.20, 1.80 , -2.918323E-004, 2.917830E-004, -4.052069E-011, -8.401870E-014, 2.150400E+004 1.570926E+074 2.150400E+004, Sun Oct 11 16:59:48 2015
-0.05, 1.80, -0.20, 1.80 , -2.919336E-004, 2.918870E-004, -4.282676E-011, -1.152750E-013, 2.150400E+004 1.570926E+074 2.150400E+004, Sun Oct 11 16:59:52 2015
-0.10, 1.80, -0.20, 1.80 , -2.920281E-004, 2.919760E-004, -4.039489E-011, -9.031300E-014, 2.150400E+004 1.570926E+074 2.150400E+004, Sun Oct 11 16:59:55 2015
-0.15, 1.80, -0.20, 1.80 , -2.921138E-004, 2.920630E-004, -4.114961E-011, -1.053450E-013, 2.150400E+004 1.570926E+074 2.150400E+004, Sun Oct 11 16:59:59 2015
-0.20, 1.80, -0.20, 1.80 , -2.921845E-004, 2.921390E-004, -4.010140E-011, -1.028420E-013, 2.150400E+004 1.570926E+074 2.150400E+004, Sun Oct 11 17:00:02 2015
