1.80, 1.80, -0.20, 1.80 , 3.818105E-008, -3.776470E-008, -4.177884E-011, -1.189710E-013, 2.150400E+004 1.570926E+074 2.150400E+004, Wed Oct 07 16:18:00 2015
1.75, 1.80, -0.20, 1.80 , -7.046654E-006, 7.046930E-006, -4.073061E-011, -9.516480E-014, 2.150400E+004 1.570926E+074 2.150400E+004, Wed Oct 07 16:18:04 2015
1.70, 1.80, -0.20, 1.80 , -1.396714E-005, 1.395570E-005, -3.993395E-011, -1.124500E-013, 2.150400E+004 1.570926E+074 2.150400E+004, Wed Oct 07 16:18:07 2015
1.65, 1.80, -0.20, 1.80 , -2.070805E-005, 2.069600E-005, -3.909537E-011, -1.125340E-013, 2.150400E+004 1.570926E+074 2.150400E+004, Wed Oct 07 16:18:11 2015
1.60, 1.80, -0.20, 1.80 , -2.726598E-005, 2.725360E-005, -3.821486E-011, -8.933540E-014, 2.150400E+004 1.570926E+074 2.150400E+004, Wed Oct 07 16:18:15 2015
1.55, 1.80, -0.20, 1.80 , -3.365499E-005, 3.364100E-005, -3.913729E-011, -1.031160E-013, 2.150400E+004 1.570926E+074 2.150400E+004, Wed Oct 07 16:18:18 2015
1.50, 1.80, -0.20, 1.80 , -3.988119E-005, 3.986580E-005, -3.800521E-011, -1.193050E-013, 2.150400E+004 1.570926E+074 2.150400E+004, Wed Oct 07 16:18:22 2015
1.45, 1.80, -0.20, 1.80 , -4.592968E-005, 4.591180E-005, -3.783749E-011, -1.027700E-013, 2.150400E+004 1.570926E+074 2.150400E+004, Wed Oct 07 16:18:25 2015
1.40, 1.80, -0.20, 1.80 , -5.177898E-005, 5.176120E-005, -3.657961E-011, -1.133440E-013, 2.150400E+004 1.570926E+074 2.150400E+004, Wed Oct 07 16:18:29 2015
1.35, 1.80, -0.20, 1.80 , -5.742765E-005, 5.740740E-005, -3.762784E-011, -1.297120E-013, 2.150400E+004 1.570926E+074 2.150400E+004, Wed Oct 07 16:18:32 2015
1.30, 1.80, -0.20, 1.80 , -6.287405E-005, 6.285270E-005, -3.796327E-011, -1.296280E-013, 2.150400E+004 1.570926E+074 2.150400E+004, Wed Oct 07 16:18:36 2015
1.25, 1.80, -0.20, 1.80 , -6.813517E-005, 6.811620E-005, -3.783748E-011, -1.096370E-013, 2.150400E+004 1.570926E+074 2.150400E+004, Wed Oct 07 16:18:39 2015
1.20, 1.80, -0.20, 1.80 , -7.319689E-005, 7.317290E-005, -3.737626E-011, -9.728670E-014, 2.150400E+004 1.570926E+074 2.150400E+004, Wed Oct 07 16:18:43 2015
1.15, 1.80, -0.20, 1.80 , -7.804894E-005, 7.802610E-005, -3.892765E-011, -1.019950E-013, 2.150400E+004 1.570926E+074 2.150400E+004, Wed Oct 07 16:18:46 2015
1.10, 1.80, -0.20, 1.80 , -8.268031E-005, 8.265680E-005, -3.821485E-011, -1.031990E-013, 2.150400E+004 1.570926E+074 2.150400E+004, Wed Oct 07 16:18:50 2015
1.05, 1.80, -0.20, 1.80 , -8.708609E-005, 8.705860E-005, -3.683119E-011, -1.291870E-013, 2.150400E+004 1.570926E+074 2.150400E+004, Wed Oct 07 16:18:54 2015
1.00, 1.80, -0.20, 1.80 , -9.126772E-005, 9.124160E-005, -3.762785E-011, -1.049880E-013, 2.150400E+004 1.570926E+074 2.150400E+004, Wed Oct 07 16:18:57 2015
0.95, 1.80, -0.20, 1.80 , -9.522792E-005, 9.520240E-005, -3.741820E-011, -1.175880E-013, 2.150400E+004 1.570926E+074 2.150400E+004, Wed Oct 07 16:19:01 2015
0.90, 1.80, -0.20, 1.80 , -9.895617E-005, 9.892490E-005, -3.804713E-011, -1.247760E-013, 2.150400E+004 1.570926E+074 2.150400E+004, Wed Oct 07 16:19:05 2015
0.85, 1.80, -0.20, 1.80 , -1.024374E-004, 1.024090E-004, -3.645383E-011, -1.112220E-013, 2.150400E+004 1.570926E+074 2.150400E+004, Wed Oct 07 16:19:08 2015
0.80, 1.80, -0.20, 1.80 , -1.056639E-004, 1.056410E-004, -3.616033E-011, -1.047850E-013, 2.150400E+004 1.570926E+074 2.150400E+004, Wed Oct 07 16:19:12 2015
0.75, 1.80, -0.20, 1.80 , -1.086398E-004, 1.086130E-004, -3.834064E-011, -1.026030E-013, 2.150400E+004 1.570926E+074 2.150400E+004, Wed Oct 07 16:19:16 2015
0.70, 1.80, -0.20, 1.80 , -1.113636E-004, 1.113430E-004, -3.620226E-011, -1.328350E-013, 2.150400E+004 1.570926E+074 2.150400E+004, Wed Oct 07 16:19:19 2015
0.65, 1.80, -0.20, 1.80 , -1.138246E-004, 1.138090E-004, -3.699891E-011, -1.098630E-013, 2.150400E+004 1.570926E+074 2.150400E+004, Wed Oct 07 16:19:23 2015
0.60, 1.80, -0.20, 1.80 , -1.160349E-004, 1.160100E-004, -3.624418E-011, -1.203420E-013, 2.150400E+004 1.570926E+074 2.150400E+004, Wed Oct 07 16:19:26 2015
0.55, 1.80, -0.20, 1.80 , -1.179730E-004, 1.179450E-004, -3.678927E-011, -1.143570E-013, 2.150400E+004 1.570926E+074 2.150400E+004, Wed Oct 07 16:19:30 2015
0.50, 1.80, -0.20, 1.80 , -1.196300E-004, 1.196060E-004, -3.678927E-011, -1.369360E-013, 2.150400E+004 1.570926E+074 2.150400E+004, Wed Oct 07 16:19:33 2015
0.45, 1.80, -0.20, 1.80 , -1.210267E-004, 1.210010E-004, -3.708277E-011, -9.967090E-014, 2.150400E+004 1.570926E+074 2.150400E+004, Wed Oct 07 16:19:37 2015
0.40, 1.80, -0.20, 1.80 , -1.221712E-004, 1.221480E-004, -3.720857E-011, -1.046900E-013, 2.150400E+004 1.570926E+074 2.150400E+004, Wed Oct 07 16:19:41 2015
0.35, 1.80, -0.20, 1.80 , -1.230640E-004, 1.230410E-004, -3.641189E-011, -1.237150E-013, 2.150400E+004 1.570926E+074 2.150400E+004, Wed Oct 07 16:19:44 2015
0.30, 1.80, -0.20, 1.80 , -1.237387E-004, 1.237130E-004, -3.582490E-011, -1.012210E-013, 2.150400E+004 1.570926E+074 2.150400E+004, Wed Oct 07 16:19:48 2015
0.25, 1.80, -0.20, 1.80 , -1.242218E-004, 1.241990E-004, -3.683120E-011, -1.269100E-013, 2.150400E+004 1.570926E+074 2.150400E+004, Wed Oct 07 16:19:51 2015
0.20, 1.80, -0.20, 1.80 , -1.245524E-004, 1.245260E-004, -3.683119E-011, -1.188870E-013, 2.150400E+004 1.570926E+074 2.150400E+004, Wed Oct 07 16:19:55 2015
0.15, 1.80, -0.20, 1.80 , -1.247895E-004, 1.247610E-004, -3.695698E-011, -1.250150E-013, 2.150400E+004 1.570926E+074 2.150400E+004, Wed Oct 07 16:19:58 2015
0.10, 1.80, -0.20, 1.80 , -1.249444E-004, 1.249180E-004, -3.569911E-011, -1.196980E-013, 2.150400E+004 1.570926E+074 2.150400E+004, Wed Oct 07 16:20:02 2015
0.05, 1.80, -0.20, 1.80 , -1.250627E-004, 1.250360E-004, -3.649576E-011, -1.196380E-013, 2.150400E+004 1.570926E+074 2.150400E+004, Wed Oct 07 16:20:05 2015
0.00, 1.80, -0.20, 1.80 , -1.251565E-004, 1.251340E-004, -3.557332E-011, -1.077650E-013, 2.150400E+004 1.570926E+074 2.150400E+004, Wed Oct 07 16:20:09 2015
-0.05, 1.80, -0.20, 1.80 , -1.252309E-004, 1.252060E-004, -3.683118E-011, -1.100540E-013, 2.150400E+004 1.570926E+074 2.150400E+004, Wed Oct 07 16:20:12 2015
-0.10, 1.80, -0.20, 1.80 , -1.252947E-004, 1.252690E-004, -3.834064E-011, -1.177190E-013, 2.150400E+004 1.570926E+074 2.150400E+004, Wed Oct 07 16:20:16 2015
-0.15, 1.80, -0.20, 1.80 , -1.253554E-004, 1.253230E-004, -3.922115E-011, -1.129750E-013, 2.150400E+004 1.570926E+074 2.150400E+004, Wed Oct 07 16:20:20 2015
-0.20, 1.80, -0.20, 1.80 , -1.254150E-004, 1.253880E-004, -3.699891E-011, -1.125220E-013, 2.150400E+004 1.570926E+074 2.150400E+004, Wed Oct 07 16:20:23 2015
