1.80, 1.80, 1.40, 1.80 , -5.916531E-012, 8.858380E-012, 2.562123E-005, -9.441380E-014, 2.150400E+004 1.570926E+074 2.150400E+004, Sun Oct 11 16:40:07 2015
1.75, 1.80, 1.40, 1.80 , -2.203695E-011, 8.915830E-012, 2.561859E-005, -1.089330E-013, 2.150400E+004 1.570926E+074 2.150400E+004, Sun Oct 11 16:40:39 2015
1.70, 1.80, 1.40, 1.80 , -2.347175E-011, 8.531430E-012, 2.562868E-005, -1.037840E-013, 2.150400E+004 1.570926E+074 2.150400E+004, Sun Oct 11 16:40:48 2015
1.65, 1.80, 1.40, 1.80 , -2.397814E-011, 7.595240E-012, 2.561619E-005, -1.122830E-013, 2.150400E+004 1.570926E+074 2.150400E+004, Sun Oct 11 16:41:00 2015
1.60, 1.80, 1.40, 1.80 , -2.477996E-011, 8.960060E-012, 2.561139E-005, -1.029010E-013, 2.150400E+004 1.570926E+074 2.150400E+004, Sun Oct 11 16:41:10 2015
1.55, 1.80, 1.40, 1.80 , -2.494876E-011, 8.950500E-012, 2.560221E-005, -9.716750E-014, 2.150400E+004 1.570926E+074 2.150400E+004, Sun Oct 11 16:41:23 2015
1.50, 1.80, 1.40, 1.80 , -2.570835E-011, 8.108940E-012, 2.560951E-005, -9.121890E-014, 2.150400E+004 1.570926E+074 2.150400E+004, Sun Oct 11 16:41:53 2015
1.45, 1.80, 1.40, 1.80 , -2.587716E-011, 8.040200E-012, 2.559311E-005, -1.169920E-013, 2.150400E+004 1.570926E+074 2.150400E+004, Sun Oct 11 16:42:00 2015
1.40, 1.80, 1.40, 1.80 , -2.613036E-011, 8.039050E-012, 2.559922E-005, -1.047730E-013, 2.150400E+004 1.570926E+074 2.150400E+004, Sun Oct 11 16:42:05 2015
1.35, 1.80, 1.40, 1.80 , -2.553954E-011, 7.742890E-012, 2.560631E-005, -9.397270E-014, 2.150400E+004 1.570926E+074 2.150400E+004, Sun Oct 11 16:42:12 2015
1.30, 1.80, 1.40, 1.80 , -2.545515E-011, 8.669320E-012, 2.561610E-005, -9.189840E-014, 2.150400E+004 1.570926E+074 2.150400E+004, Sun Oct 11 16:42:45 2015
1.25, 1.80, 1.40, 1.80 , -2.642574E-011, 7.834390E-012, 2.562150E-005, -1.087550E-013, 2.150400E+004 1.570926E+074 2.150400E+004, Sun Oct 11 16:42:50 2015
1.20, 1.80, 1.40, 1.80 , -2.667895E-011, 8.682750E-012, 2.559719E-005, -8.056160E-014, 2.150400E+004 1.570926E+074 2.150400E+004, Sun Oct 11 16:43:20 2015
1.15, 1.80, 1.40, 1.80 , -2.490657E-011, 8.316290E-012, 2.560163E-005, -8.794070E-014, 2.150400E+004 1.570926E+074 2.150400E+004, Sun Oct 11 16:43:38 2015
1.10, 1.80, 1.40, 1.80 , -2.693212E-011, 8.166930E-012, 2.560630E-005, -1.212600E-013, 2.150400E+004 1.570926E+074 2.150400E+004, Sun Oct 11 16:44:14 2015
1.05, 1.80, 1.40, 1.80 , -2.714313E-011, 8.013380E-012, 2.558714E-005, -8.635520E-014, 2.150400E+004 1.570926E+074 2.150400E+004, Sun Oct 11 16:44:33 2015
1.00, 1.80, 1.40, 1.80 , -2.735416E-011, 8.770120E-012, 2.559601E-005, -1.009350E-013, 2.150400E+004 1.570926E+074 2.150400E+004, Sun Oct 11 16:44:43 2015
0.95, 1.80, 1.40, 1.80 , -2.739632E-011, 8.009000E-012, 2.559029E-005, -9.608270E-014, 2.150400E+004 1.570926E+074 2.150400E+004, Sun Oct 11 16:44:59 2015
0.90, 1.80, 1.40, 1.80 , -2.710092E-011, 8.246470E-012, 2.559609E-005, -9.580850E-014, 2.150400E+004 1.570926E+074 2.150400E+004, Sun Oct 11 16:45:30 2015
0.85, 1.80, 1.40, 1.80 , -2.845131E-011, 8.911230E-012, 2.559825E-005, -9.371040E-014, 2.150400E+004 1.570926E+074 2.150400E+004, Sun Oct 11 16:45:35 2015
0.80, 1.80, 1.40, 1.80 , -2.824032E-011, 8.677700E-012, 2.558824E-005, -1.092430E-013, 2.150400E+004 1.570926E+074 2.150400E+004, Sun Oct 11 16:45:46 2015
0.75, 1.80, 1.40, 1.80 , -2.857792E-011, 8.350660E-012, 2.560999E-005, -1.055240E-013, 2.150400E+004 1.570926E+074 2.150400E+004, Sun Oct 11 16:45:54 2015
0.70, 1.80, 1.40, 1.80 , -2.866233E-011, 7.929560E-012, 2.560214E-005, -9.933710E-014, 2.150400E+004 1.570926E+074 2.150400E+004, Sun Oct 11 16:46:09 2015
0.65, 1.80, 1.40, 1.80 , -2.997053E-011, 8.447470E-012, 2.558409E-005, -1.099710E-013, 2.150400E+004 1.570926E+074 2.150400E+004, Sun Oct 11 16:46:27 2015
0.60, 1.80, 1.40, 1.80 , -2.739632E-011, 8.685580E-012, 2.558705E-005, -8.533000E-014, 2.150400E+004 1.570926E+074 2.150400E+004, Sun Oct 11 16:46:32 2015
0.55, 1.80, 1.40, 1.80 , -2.781833E-011, 8.912110E-012, 2.559277E-005, -9.586810E-014, 2.150400E+004 1.570926E+074 2.150400E+004, Sun Oct 11 16:46:40 2015
0.50, 1.80, 1.40, 1.80 , -2.950634E-011, 8.450320E-012, 2.558903E-005, -1.141310E-013, 2.150400E+004 1.570926E+074 2.150400E+004, Sun Oct 11 16:46:47 2015
0.45, 1.80, 1.40, 1.80 , -2.921092E-011, 8.764980E-012, 2.559338E-005, -9.993320E-014, 2.150400E+004 1.570926E+074 2.150400E+004, Sun Oct 11 16:46:56 2015
0.40, 1.80, 1.40, 1.80 , -3.144751E-011, 8.710350E-012, 2.558995E-005, -8.903740E-014, 2.150400E+004 1.570926E+074 2.150400E+004, Sun Oct 11 16:47:10 2015
0.35, 1.80, 1.40, 1.80 , -3.081454E-011, 8.681440E-012, 2.559698E-005, -8.939500E-014, 2.150400E+004 1.570926E+074 2.150400E+004, Sun Oct 11 16:47:16 2015
0.30, 1.80, 1.40, 1.80 , -3.060355E-011, 8.893220E-012, 2.559514E-005, -1.087190E-013, 2.150400E+004 1.570926E+074 2.150400E+004, Sun Oct 11 16:47:27 2015
0.25, 1.80, 1.40, 1.80 , -3.148973E-011, 8.811750E-012, 2.558813E-005, -1.262310E-013, 2.150400E+004 1.570926E+074 2.150400E+004, Sun Oct 11 16:47:35 2015
0.20, 1.80, 1.40, 1.80 , -2.963292E-011, 8.779910E-012, 2.559716E-005, -9.849070E-014, 2.150400E+004 1.570926E+074 2.150400E+004, Sun Oct 11 16:47:40 2015
0.15, 1.80, 1.40, 1.80 , -3.085671E-011, 7.850270E-012, 2.559258E-005, -8.575920E-014, 2.150400E+004 1.570926E+074 2.150400E+004, Sun Oct 11 16:47:52 2015
0.10, 1.80, 1.40, 1.80 , -3.186950E-011, 7.665340E-012, 2.558377E-005, -1.095530E-013, 2.150400E+004 1.570926E+074 2.150400E+004, Sun Oct 11 16:48:07 2015
0.05, 1.80, 1.40, 1.80 , -3.056130E-011, 7.818870E-012, 2.557085E-005, -6.066560E-014, 2.150400E+004 1.570926E+074 2.150400E+004, Sun Oct 11 16:48:15 2015
0.00, 1.80, 1.40, 1.80 , -3.186949E-011, 8.621840E-012, 2.559209E-005, -9.863380E-014, 2.150400E+004 1.570926E+074 2.150400E+004, Sun Oct 11 16:48:24 2015
-0.05, 1.80, 1.40, 1.80 , -3.191170E-011, 8.720700E-012, 2.559214E-005, -9.326940E-014, 2.150400E+004 1.570926E+074 2.150400E+004, Sun Oct 11 16:48:29 2015
-0.10, 1.80, 1.40, 1.80 , -3.098332E-011, 8.703840E-012, 2.558992E-005, -9.570120E-014, 2.150400E+004 1.570926E+074 2.150400E+004, Sun Oct 11 16:48:34 2015
-0.15, 1.80, 1.40, 1.80 , -3.246031E-011, 9.017300E-012, 2.559877E-005, -1.087550E-013, 2.150400E+004 1.570926E+074 2.150400E+004, Sun Oct 11 16:48:43 2015
-0.20, 1.80, 1.40, 1.80 , -3.229151E-011, 7.872500E-012, 2.559920E-005, -8.503200E-014, 2.150400E+004 1.570926E+074 2.150400E+004, Sun Oct 11 16:48:52 2015
