1.80, 1.80, 1.80, 1.80 , -1.992698E-011, 7.437690E-012, 6.556881E-005, -7.447000E-014, 2.150400E+004 1.570926E+074 2.150400E+004, Sun Oct 11 16:32:03 2015
1.75, 1.80, 1.80, 1.80 , -2.313420E-011, 7.310000E-012, 6.559844E-005, -8.014440E-014, 2.150400E+004 1.570926E+074 2.150400E+004, Sun Oct 11 16:32:14 2015
1.70, 1.80, 1.80, 1.80 , -2.499097E-011, 7.353000E-012, 6.557422E-005, -9.822850E-014, 2.150400E+004 1.570926E+074 2.150400E+004, Sun Oct 11 16:32:28 2015
1.65, 1.80, 1.80, 1.80 , -2.473778E-011, 6.773870E-012, 6.554338E-005, -9.187460E-014, 2.150400E+004 1.570926E+074 2.150400E+004, Sun Oct 11 16:32:45 2015
1.60, 1.80, 1.80, 1.80 , -2.490660E-011, 7.634560E-012, 6.556970E-005, -1.050230E-013, 2.150400E+004 1.570926E+074 2.150400E+004, Sun Oct 11 16:32:59 2015
1.55, 1.80, 1.80, 1.80 , -2.520201E-011, 7.625080E-012, 6.560166E-005, -1.215930E-013, 2.150400E+004 1.570926E+074 2.150400E+004, Sun Oct 11 16:33:21 2015
1.50, 1.80, 1.80, 1.80 , -2.583499E-011, 7.502990E-012, 6.559343E-005, -9.205340E-014, 2.150400E+004 1.570926E+074 2.150400E+004, Sun Oct 11 16:33:27 2015
1.45, 1.80, 1.80, 1.80 , -2.440017E-011, 7.352560E-012, 6.558895E-005, -8.890630E-014, 2.150400E+004 1.570926E+074 2.150400E+004, Sun Oct 11 16:33:56 2015
1.40, 1.80, 1.80, 1.80 , -2.701660E-011, 6.622650E-012, 6.560040E-005, -1.108530E-013, 2.150400E+004 1.570926E+074 2.150400E+004, Sun Oct 11 16:34:06 2015
1.35, 1.80, 1.80, 1.80 , -2.587719E-011, 6.680680E-012, 6.560169E-005, -9.461640E-014, 2.150400E+004 1.570926E+074 2.150400E+004, Sun Oct 11 16:34:14 2015
1.30, 1.80, 1.80, 1.80 , -2.764959E-011, 6.541880E-012, 6.558176E-005, -1.128550E-013, 2.150400E+004 1.570926E+074 2.150400E+004, Sun Oct 11 16:34:19 2015
1.25, 1.80, 1.80, 1.80 , -2.570837E-011, 6.595640E-012, 6.560941E-005, -1.075270E-013, 2.150400E+004 1.570926E+074 2.150400E+004, Sun Oct 11 16:34:27 2015
1.20, 1.80, 1.80, 1.80 , -2.608818E-011, 7.602680E-012, 6.562409E-005, -1.060960E-013, 2.150400E+004 1.570926E+074 2.150400E+004, Sun Oct 11 16:34:36 2015
1.15, 1.80, 1.80, 1.80 , -2.731199E-011, 6.327080E-012, 6.562353E-005, -9.671450E-014, 2.150400E+004 1.570926E+074 2.150400E+004, Sun Oct 11 16:35:09 2015
1.10, 1.80, 1.80, 1.80 , -2.815598E-011, 7.317050E-012, 6.560374E-005, -9.562970E-014, 2.150400E+004 1.570926E+074 2.150400E+004, Sun Oct 11 16:35:25 2015
1.05, 1.80, 1.80, 1.80 , -2.617258E-011, 6.356370E-012, 6.562402E-005, -9.958740E-014, 2.150400E+004 1.570926E+074 2.150400E+004, Sun Oct 11 16:35:37 2015
1.00, 1.80, 1.80, 1.80 , -2.642581E-011, 7.489070E-012, 6.562589E-005, -1.133440E-013, 2.150400E+004 1.570926E+074 2.150400E+004, Sun Oct 11 16:35:44 2015
0.95, 1.80, 1.80, 1.80 , -2.672118E-011, 6.912330E-012, 6.560305E-005, -1.195910E-013, 2.150400E+004 1.570926E+074 2.150400E+004, Sun Oct 11 16:35:50 2015
0.90, 1.80, 1.80, 1.80 , -2.786059E-011, 7.202610E-012, 6.558532E-005, -1.119730E-013, 2.150400E+004 1.570926E+074 2.150400E+004, Sun Oct 11 16:35:59 2015
0.85, 1.80, 1.80, 1.80 , -2.786058E-011, 7.329930E-012, 6.560929E-005, -9.251830E-014, 2.150400E+004 1.570926E+074 2.150400E+004, Sun Oct 11 16:36:06 2015
0.80, 1.80, 1.80, 1.80 , -3.001278E-011, 7.209020E-012, 6.561145E-005, -8.242130E-014, 2.150400E+004 1.570926E+074 2.150400E+004, Sun Oct 11 16:36:13 2015
0.75, 1.80, 1.80, 1.80 , -2.862017E-011, 6.392730E-012, 6.560174E-005, -9.223220E-014, 2.150400E+004 1.570926E+074 2.150400E+004, Sun Oct 11 16:36:20 2015
0.70, 1.80, 1.80, 1.80 , -2.937976E-011, 7.674920E-012, 6.560109E-005, -9.844300E-014, 2.150400E+004 1.570926E+074 2.150400E+004, Sun Oct 11 16:36:27 2015
0.65, 1.80, 1.80, 1.80 , -2.853577E-011, 7.126550E-012, 6.559981E-005, -8.056160E-014, 2.150400E+004 1.570926E+074 2.150400E+004, Sun Oct 11 16:36:34 2015
0.60, 1.80, 1.80, 1.80 , -2.836696E-011, 7.746880E-012, 6.563328E-005, -8.877520E-014, 2.150400E+004 1.570926E+074 2.150400E+004, Sun Oct 11 16:37:03 2015
0.55, 1.80, 1.80, 1.80 , -2.836697E-011, 7.505060E-012, 6.559805E-005, -9.630920E-014, 2.150400E+004 1.570926E+074 2.150400E+004, Sun Oct 11 16:37:08 2015
0.50, 1.80, 1.80, 1.80 , -2.992837E-011, 7.427200E-012, 6.564642E-005, -8.361340E-014, 2.150400E+004 1.570926E+074 2.150400E+004, Sun Oct 11 16:37:16 2015
0.45, 1.80, 1.80, 1.80 , -2.883118E-011, 6.994240E-012, 6.562060E-005, -1.012330E-013, 2.150400E+004 1.570926E+074 2.150400E+004, Sun Oct 11 16:37:33 2015
0.40, 1.80, 1.80, 1.80 , -2.971737E-011, 6.669560E-012, 6.558793E-005, -9.337660E-014, 2.150400E+004 1.570926E+074 2.150400E+004, Sun Oct 11 16:38:17 2015
0.35, 1.80, 1.80, 1.80 , -2.967517E-011, 7.585620E-012, 6.557808E-005, -7.946490E-014, 2.150400E+004 1.570926E+074 2.150400E+004, Sun Oct 11 16:38:24 2015
0.30, 1.80, 1.80, 1.80 , -3.094115E-011, 6.641380E-012, 6.559407E-005, -9.778740E-014, 2.150400E+004 1.570926E+074 2.150400E+004, Sun Oct 11 16:38:30 2015
0.25, 1.80, 1.80, 1.80 , -3.060356E-011, 6.412730E-012, 6.559194E-005, -1.041050E-013, 2.150400E+004 1.570926E+074 2.150400E+004, Sun Oct 11 16:38:41 2015
0.20, 1.80, 1.80, 1.80 , -2.959077E-011, 7.703030E-012, 6.562255E-005, -1.067880E-013, 2.150400E+004 1.570926E+074 2.150400E+004, Sun Oct 11 16:38:48 2015
0.15, 1.80, 1.80, 1.80 , -3.035035E-011, 6.721840E-012, 6.558545E-005, -1.059410E-013, 2.150400E+004 1.570926E+074 2.150400E+004, Sun Oct 11 16:38:54 2015
0.10, 1.80, 1.80, 1.80 , -3.136320E-011, 7.265950E-012, 6.561675E-005, -8.347030E-014, 2.150400E+004 1.570926E+074 2.150400E+004, Sun Oct 11 16:39:03 2015
0.05, 1.80, 1.80, 1.80 , -3.148975E-011, 7.191570E-012, 6.562741E-005, -1.076340E-013, 2.150400E+004 1.570926E+074 2.150400E+004, Sun Oct 11 16:39:15 2015
0.00, 1.80, 1.80, 1.80 , -3.094116E-011, 7.261420E-012, 6.565291E-005, -1.232500E-013, 2.150400E+004 1.570926E+074 2.150400E+004, Sun Oct 11 16:39:29 2015
-0.05, 1.80, 1.80, 1.80 , -3.115216E-011, 6.520190E-012, 6.561736E-005, -1.006010E-013, 2.150400E+004 1.570926E+074 2.150400E+004, Sun Oct 11 16:39:38 2015
-0.10, 1.80, 1.80, 1.80 , -3.098335E-011, 6.536670E-012, 6.565531E-005, -8.425710E-014, 2.150400E+004 1.570926E+074 2.150400E+004, Sun Oct 11 16:39:44 2015
-0.15, 1.80, 1.80, 1.80 , -3.170075E-011, 7.300260E-012, 6.562197E-005, -1.072650E-013, 2.150400E+004 1.570926E+074 2.150400E+004, Sun Oct 11 16:39:53 2015
-0.20, 1.80, 1.80, 1.80 , -3.165855E-011, 6.584320E-012, 6.561456E-005, -7.181170E-014, 2.150400E+004 1.570926E+074 2.150400E+004, Sun Oct 11 16:40:02 2015
