1.80, 1.80, 1.40, 1.80 , 4.998941E-010, -5.059510E-010, -3.746014E-011, -1.181840E-013, 2.150400E+004 1.570926E+074 2.150400E+004, Wed Oct 07 16:08:01 2015
1.75, 1.80, 1.40, 1.80 , -5.031792E-008, 5.028130E-008, -3.347686E-011, -1.022580E-013, 2.150400E+004 1.570926E+074 2.150400E+004, Wed Oct 07 16:08:06 2015
1.70, 1.80, 1.40, 1.80 , -6.104324E-008, 6.102600E-008, -3.159005E-011, -1.219870E-013, 2.150400E+004 1.570926E+074 2.150400E+004, Wed Oct 07 16:08:09 2015
1.65, 1.80, 1.40, 1.80 , -6.288498E-008, 6.285680E-008, -3.179970E-011, -1.095410E-013, 2.150400E+004 1.570926E+074 2.150400E+004, Wed Oct 07 16:08:13 2015
1.60, 1.80, 1.40, 1.80 , -6.321744E-008, 6.320150E-008, -3.280600E-011, -1.113890E-013, 2.150400E+004 1.570926E+074 2.150400E+004, Wed Oct 07 16:08:16 2015
1.55, 1.80, 1.40, 1.80 , -6.329477E-008, 6.326370E-008, -3.288985E-011, -9.154080E-014, 2.150400E+004 1.570926E+074 2.150400E+004, Wed Oct 07 16:08:20 2015
1.50, 1.80, 1.40, 1.80 , -6.335738E-008, 6.332110E-008, -3.284792E-011, -1.282690E-013, 2.150400E+004 1.570926E+074 2.150400E+004, Wed Oct 07 16:08:23 2015
1.45, 1.80, 1.40, 1.80 , -6.339371E-008, 6.334340E-008, -3.221899E-011, -9.529590E-014, 2.150400E+004 1.570926E+074 2.150400E+004, Wed Oct 07 16:08:27 2015
1.40, 1.80, 1.40, 1.80 , -6.342601E-008, 6.338910E-008, -3.251249E-011, -1.087900E-013, 2.150400E+004 1.570926E+074 2.150400E+004, Wed Oct 07 16:08:30 2015
1.35, 1.80, 1.40, 1.80 , -6.347683E-008, 6.344810E-008, -3.184163E-011, -1.169560E-013, 2.150400E+004 1.570926E+074 2.150400E+004, Wed Oct 07 16:08:34 2015
1.30, 1.80, 1.40, 1.80 , -6.351083E-008, 6.348120E-008, -3.205127E-011, -1.107690E-013, 2.150400E+004 1.570926E+074 2.150400E+004, Wed Oct 07 16:08:38 2015
1.25, 1.80, 1.40, 1.80 , -6.352928E-008, 6.350700E-008, -3.167392E-011, -1.044990E-013, 2.150400E+004 1.570926E+074 2.150400E+004, Wed Oct 07 16:08:41 2015
1.20, 1.80, 1.40, 1.80 , -6.356571E-008, 6.354380E-008, -3.301564E-011, -1.013520E-013, 2.150400E+004 1.570926E+074 2.150400E+004, Wed Oct 07 16:08:45 2015
1.15, 1.80, 1.40, 1.80 , -6.361508E-008, 6.358530E-008, -3.133848E-011, -1.219390E-013, 2.150400E+004 1.570926E+074 2.150400E+004, Wed Oct 07 16:08:48 2015
1.10, 1.80, 1.40, 1.80 , -6.366476E-008, 6.362850E-008, -3.133848E-011, -1.187440E-013, 2.150400E+004 1.570926E+074 2.150400E+004, Wed Oct 07 16:08:52 2015
1.05, 1.80, 1.40, 1.80 , -6.367511E-008, 6.365990E-008, -3.171584E-011, -1.145720E-013, 2.150400E+004 1.570926E+074 2.150400E+004, Wed Oct 07 16:08:55 2015
1.00, 1.80, 1.40, 1.80 , -6.370644E-008, 6.366690E-008, -3.184163E-011, -1.228090E-013, 2.150400E+004 1.570926E+074 2.150400E+004, Wed Oct 07 16:08:59 2015
0.95, 1.80, 1.40, 1.80 , -6.373874E-008, 6.369790E-008, -3.058375E-011, -1.157400E-013, 2.150400E+004 1.570926E+074 2.150400E+004, Wed Oct 07 16:09:03 2015
0.90, 1.80, 1.40, 1.80 , -6.376838E-008, 6.373640E-008, -3.196741E-011, -1.252770E-013, 2.150400E+004 1.570926E+074 2.150400E+004, Wed Oct 07 16:09:06 2015
0.85, 1.80, 1.40, 1.80 , -6.380498E-008, 6.377140E-008, -2.899044E-011, -1.210690E-013, 2.150400E+004 1.570926E+074 2.150400E+004, Wed Oct 07 16:09:10 2015
0.80, 1.80, 1.40, 1.80 , -6.379711E-008, 6.376660E-008, -2.756485E-011, -1.291870E-013, 2.150400E+004 1.570926E+074 2.150400E+004, Wed Oct 07 16:09:13 2015
0.75, 1.80, 1.40, 1.80 , -6.384295E-008, 6.380340E-008, -2.781642E-011, -1.326800E-013, 2.150400E+004 1.570926E+074 2.150400E+004, Wed Oct 07 16:09:17 2015
0.70, 1.80, 1.40, 1.80 , -6.389009E-008, 6.380630E-008, -2.773257E-011, -1.186130E-013, 2.150400E+004 1.570926E+074 2.150400E+004, Wed Oct 07 16:09:20 2015
0.65, 1.80, 1.40, 1.80 , -6.387602E-008, 6.384090E-008, -2.739713E-011, -1.102690E-013, 2.150400E+004 1.570926E+074 2.150400E+004, Wed Oct 07 16:09:24 2015
0.60, 1.80, 1.40, 1.80 , -6.390417E-008, 6.386930E-008, -2.483945E-011, -1.227970E-013, 2.150400E+004 1.570926E+074 2.150400E+004, Wed Oct 07 16:09:28 2015
0.55, 1.80, 1.40, 1.80 , -6.395056E-008, 6.390030E-008, -2.383315E-011, -1.201630E-013, 2.150400E+004 1.570926E+074 2.150400E+004, Wed Oct 07 16:09:31 2015
0.50, 1.80, 1.40, 1.80 , -6.397352E-008, 6.396180E-008, -2.353965E-011, -1.149650E-013, 2.150400E+004 1.570926E+074 2.150400E+004, Wed Oct 07 16:09:35 2015
0.45, 1.80, 1.40, 1.80 , -6.399678E-008, 6.396130E-008, -2.383315E-011, -1.130220E-013, 2.150400E+004 1.570926E+074 2.150400E+004, Wed Oct 07 16:09:38 2015
0.40, 1.80, 1.40, 1.80 , -6.402767E-008, 6.399450E-008, -2.186260E-011, -1.197700E-013, 2.150400E+004 1.570926E+074 2.150400E+004, Wed Oct 07 16:09:42 2015
0.35, 1.80, 1.40, 1.80 , -6.403185E-008, 6.399490E-008, -2.106603E-011, -9.983780E-014, 2.150400E+004 1.570926E+074 2.150400E+004, Wed Oct 07 16:09:45 2015
0.30, 1.80, 1.40, 1.80 , -6.404891E-008, 6.401230E-008, -1.972443E-011, -9.816880E-014, 2.150400E+004 1.570926E+074 2.150400E+004, Wed Oct 07 16:09:49 2015
0.25, 1.80, 1.40, 1.80 , -6.408474E-008, 6.404040E-008, -2.123373E-011, -9.418730E-014, 2.150400E+004 1.570926E+074 2.150400E+004, Wed Oct 07 16:09:53 2015
0.20, 1.80, 1.40, 1.80 , -6.409737E-008, 6.406870E-008, -2.073063E-011, -1.021620E-013, 2.150400E+004 1.570926E+074 2.150400E+004, Wed Oct 07 16:09:56 2015
0.15, 1.80, 1.40, 1.80 , -6.411479E-008, 6.407770E-008, -1.913748E-011, -1.282930E-013, 2.150400E+004 1.570926E+074 2.150400E+004, Wed Oct 07 16:10:00 2015
0.10, 1.80, 1.40, 1.80 , -6.416555E-008, 6.411350E-008, -2.052100E-011, -1.165750E-013, 2.150400E+004 1.570926E+074 2.150400E+004, Wed Oct 07 16:10:03 2015
0.05, 1.80, 1.40, 1.80 , -6.417308E-008, 6.413940E-008, -1.850860E-011, -1.218080E-013, 2.150400E+004 1.570926E+074 2.150400E+004, Wed Oct 07 16:10:07 2015
0.00, 1.80, 1.40, 1.80 , -6.419033E-008, 6.416740E-008, -1.959865E-011, -1.022220E-013, 2.150400E+004 1.570926E+074 2.150400E+004, Wed Oct 07 16:10:10 2015
-0.05, 1.80, 1.40, 1.80 , -6.423919E-008, 6.420450E-008, -1.917940E-011, -9.824040E-014, 2.150400E+004 1.570926E+074 2.150400E+004, Wed Oct 07 16:10:14 2015
-0.10, 1.80, 1.40, 1.80 , -6.424505E-008, 6.420270E-008, -2.031138E-011, -1.114370E-013, 2.150400E+004 1.570926E+074 2.150400E+004, Wed Oct 07 16:10:18 2015
-0.15, 1.80, 1.40, 1.80 , -6.426323E-008, 6.422660E-008, -1.938903E-011, -1.369710E-013, 2.150400E+004 1.570926E+074 2.150400E+004, Wed Oct 07 16:10:21 2015
-0.20, 1.80, 1.40, 1.80 , -6.431058E-008, 6.425250E-008, -1.712508E-011, -1.028300E-013, 2.150400E+004 1.570926E+074 2.150400E+004, Wed Oct 07 16:10:25 2015
