1.80, 1.80, 0.20, 1.80 , 3.976088E-010, -2.229260E-010, -3.506999E-011, -7.413630E-014, 2.150400E+004 1.570926E+074 2.150400E+004, Sun Oct 11 16:55:00 2015
1.75, 1.80, 0.20, 1.80 , -3.609872E-006, 3.617740E-006, -3.561506E-011, -8.411410E-014, 2.150400E+004 1.570926E+074 2.150400E+004, Sun Oct 11 16:55:05 2015
1.70, 1.80, 0.20, 1.80 , -1.251837E-005, 1.251860E-005, -3.393791E-011, -1.116280E-013, 2.150400E+004 1.570926E+074 2.150400E+004, Sun Oct 11 16:55:08 2015
1.65, 1.80, 0.20, 1.80 , -2.362197E-005, 2.362080E-005, -3.515384E-011, -1.103640E-013, 2.150400E+004 1.570926E+074 2.150400E+004, Sun Oct 11 16:55:12 2015
1.60, 1.80, 0.20, 1.80 , -3.605396E-005, 3.605300E-005, -3.582470E-011, -8.064510E-014, 2.150400E+004 1.570926E+074 2.150400E+004, Sun Oct 11 16:55:15 2015
1.55, 1.80, 0.20, 1.80 , -4.922934E-005, 4.922360E-005, -3.569892E-011, -9.028910E-014, 2.150400E+004 1.570926E+074 2.150400E+004, Sun Oct 11 16:55:19 2015
1.50, 1.80, 0.20, 1.80 , -6.254989E-005, 6.254290E-005, -3.704063E-011, -9.615420E-014, 2.150400E+004 1.570926E+074 2.150400E+004, Sun Oct 11 16:55:22 2015
1.45, 1.80, 0.20, 1.80 , -7.552716E-005, 7.551510E-005, -3.486035E-011, -1.210210E-013, 2.150400E+004 1.570926E+074 2.150400E+004, Sun Oct 11 16:55:26 2015
1.40, 1.80, 0.20, 1.80 , -8.783397E-005, 8.781970E-005, -3.339285E-011, -8.910890E-014, 2.150400E+004 1.570926E+074 2.150400E+004, Sun Oct 11 16:55:30 2015
1.35, 1.80, 0.20, 1.80 , -9.926496E-005, 9.924140E-005, -3.301549E-011, -1.012090E-013, 2.150400E+004 1.570926E+074 2.150400E+004, Sun Oct 11 16:55:33 2015
1.30, 1.80, 0.20, 1.80 , -1.097621E-004, 1.097360E-004, -3.523770E-011, -9.896760E-014, 2.150400E+004 1.570926E+074 2.150400E+004, Sun Oct 11 16:55:37 2015
1.25, 1.80, 0.20, 1.80 , -1.192756E-004, 1.192450E-004, -3.456685E-011, -9.218450E-014, 2.150400E+004 1.570926E+074 2.150400E+004, Sun Oct 11 16:55:40 2015
1.20, 1.80, 0.20, 1.80 , -1.278884E-004, 1.278530E-004, -3.620206E-011, -9.535550E-014, 2.150400E+004 1.570926E+074 2.150400E+004, Sun Oct 11 16:55:44 2015
1.15, 1.80, 0.20, 1.80 , -1.355924E-004, 1.355570E-004, -3.297356E-011, -1.000880E-013, 2.150400E+004 1.570926E+074 2.150400E+004, Sun Oct 11 16:55:47 2015
1.10, 1.80, 0.20, 1.80 , -1.424081E-004, 1.423710E-004, -3.783727E-011, -1.000880E-013, 2.150400E+004 1.570926E+074 2.150400E+004, Sun Oct 11 16:55:51 2015
1.05, 1.80, 0.20, 1.80 , -1.483514E-004, 1.483130E-004, -3.335092E-011, -8.673670E-014, 2.150400E+004 1.570926E+074 2.150400E+004, Sun Oct 11 16:55:55 2015
1.00, 1.80, 0.20, 1.80 , -1.534629E-004, 1.534270E-004, -3.309935E-011, -8.158680E-014, 2.150400E+004 1.570926E+074 2.150400E+004, Sun Oct 11 16:55:58 2015
0.95, 1.80, 0.20, 1.80 , -1.577580E-004, 1.577200E-004, -3.402177E-011, -8.144380E-014, 2.150400E+004 1.570926E+074 2.150400E+004, Sun Oct 11 16:56:02 2015
0.90, 1.80, 0.20, 1.80 , -1.612602E-004, 1.612260E-004, -3.616013E-011, -8.763070E-014, 2.150400E+004 1.570926E+074 2.150400E+004, Sun Oct 11 16:56:05 2015
0.85, 1.80, 0.20, 1.80 , -1.640136E-004, 1.639800E-004, -3.574085E-011, -8.540150E-014, 2.150400E+004 1.570926E+074 2.150400E+004, Sun Oct 11 16:56:09 2015
0.80, 1.80, 0.20, 1.80 , -1.660863E-004, 1.660510E-004, -3.582469E-011, -9.011030E-014, 2.150400E+004 1.570926E+074 2.150400E+004, Sun Oct 11 16:56:12 2015
0.75, 1.80, 0.20, 1.80 , -1.675616E-004, 1.675320E-004, -3.620204E-011, -1.133560E-013, 2.150400E+004 1.570926E+074 2.150400E+004, Sun Oct 11 16:56:16 2015
0.70, 1.80, 0.20, 1.80 , -1.685617E-004, 1.685330E-004, -3.343477E-011, -1.040220E-013, 2.150400E+004 1.570926E+074 2.150400E+004, Sun Oct 11 16:56:19 2015
0.65, 1.80, 0.20, 1.80 , -1.692004E-004, 1.691760E-004, -3.616013E-011, -8.691550E-014, 2.150400E+004 1.570926E+074 2.150400E+004, Sun Oct 11 16:56:23 2015
0.60, 1.80, 0.20, 1.80 , -1.695994E-004, 1.695750E-004, -3.460877E-011, -1.031040E-013, 2.150400E+004 1.570926E+074 2.150400E+004, Sun Oct 11 16:56:26 2015
0.55, 1.80, 0.20, 1.80 , -1.698583E-004, 1.698350E-004, -3.628591E-011, -9.733440E-014, 2.150400E+004 1.570926E+074 2.150400E+004, Sun Oct 11 16:56:30 2015
0.50, 1.80, 0.20, 1.80 , -1.700300E-004, 1.700060E-004, -3.377021E-011, -6.743670E-014, 2.150400E+004 1.570926E+074 2.150400E+004, Sun Oct 11 16:56:33 2015
0.45, 1.80, 0.20, 1.80 , -1.701506E-004, 1.701240E-004, -3.548927E-011, -1.194950E-013, 2.150400E+004 1.570926E+074 2.150400E+004, Sun Oct 11 16:56:37 2015
0.40, 1.80, 0.20, 1.80 , -1.702434E-004, 1.702180E-004, -3.653748E-011, -1.028300E-013, 2.150400E+004 1.570926E+074 2.150400E+004, Sun Oct 11 16:56:40 2015
0.35, 1.80, 0.20, 1.80 , -1.703204E-004, 1.702920E-004, -3.410563E-011, -1.095290E-013, 2.150400E+004 1.570926E+074 2.150400E+004, Sun Oct 11 16:56:44 2015
0.30, 1.80, 0.20, 1.80 , -1.703813E-004, 1.703560E-004, -3.494420E-011, -7.611510E-014, 2.150400E+004 1.570926E+074 2.150400E+004, Sun Oct 11 16:56:48 2015
0.25, 1.80, 0.20, 1.80 , -1.704389E-004, 1.704090E-004, -3.439914E-011, -9.496210E-014, 2.150400E+004 1.570926E+074 2.150400E+004, Sun Oct 11 16:56:51 2015
0.20, 1.80, 0.20, 1.80 , -1.704909E-004, 1.704610E-004, -3.590855E-011, -1.017450E-013, 2.150400E+004 1.570926E+074 2.150400E+004, Sun Oct 11 16:56:55 2015
0.15, 1.80, 0.20, 1.80 , -1.705406E-004, 1.705130E-004, -3.540542E-011, -1.131180E-013, 2.150400E+004 1.570926E+074 2.150400E+004, Sun Oct 11 16:56:58 2015
0.10, 1.80, 0.20, 1.80 , -1.705884E-004, 1.705590E-004, -3.465069E-011, -1.090050E-013, 2.150400E+004 1.570926E+074 2.150400E+004, Sun Oct 11 16:57:02 2015
0.05, 1.80, 0.20, 1.80 , -1.706338E-004, 1.706050E-004, -3.385405E-011, -1.015780E-013, 2.150400E+004 1.570926E+074 2.150400E+004, Sun Oct 11 16:57:05 2015
0.00, 1.80, 0.20, 1.80 , -1.706771E-004, 1.706510E-004, -3.259621E-011, -1.006010E-013, 2.150400E+004 1.570926E+074 2.150400E+004, Sun Oct 11 16:57:09 2015
-0.05, 1.80, 0.20, 1.80 , -1.707241E-004, 1.706940E-004, -3.590856E-011, -8.708240E-014, 2.150400E+004 1.570926E+074 2.150400E+004, Sun Oct 11 16:57:12 2015
-0.10, 1.80, 0.20, 1.80 , -1.707884E-004, 1.707600E-004, -3.263814E-011, -1.042010E-013, 2.150400E+004 1.570926E+074 2.150400E+004, Sun Oct 11 16:57:16 2015
-0.15, 1.80, 0.20, 1.80 , -1.709437E-004, 1.709190E-004, -3.787920E-011, -1.157050E-013, 2.150400E+004 1.570926E+074 2.150400E+004, Sun Oct 11 16:57:19 2015
-0.20, 1.80, 0.20, 1.80 , -1.714329E-004, 1.714300E-004, -3.439913E-011, -8.945470E-014, 2.150400E+004 1.570926E+074 2.150400E+004, Sun Oct 11 16:57:23 2015
