0.00, 1.80, 1.80, 1.80 , -4.073155E-011, 3.373040E-012, -7.323673E-013, -1.091000E-013, 2.150400E+004 1.570926E+074 2.150400E+004, Wed Oct 07 15:36:25 2015
0.00, 1.80, 1.78, 1.80 , -3.963439E-011, 4.296520E-012, -7.188833E-012, -1.075150E-013, 2.150400E+004 1.570926E+074 2.150400E+004, Wed Oct 07 15:36:32 2015
0.00, 1.80, 1.76, 1.80 , -3.786200E-011, 4.715110E-012, -1.045899E-011, -1.121760E-013, 2.150400E+004 1.570926E+074 2.150400E+004, Wed Oct 07 15:36:42 2015
0.00, 1.80, 1.74, 1.80 , -3.900139E-011, 4.991560E-012, -1.247139E-011, -1.136180E-013, 2.150400E+004 1.570926E+074 2.150400E+004, Wed Oct 07 15:36:53 2015
0.00, 1.80, 1.72, 1.80 , -3.997199E-011, 5.736180E-012, -1.498689E-011, -1.066920E-013, 2.150400E+004 1.570926E+074 2.150400E+004, Wed Oct 07 15:36:59 2015
0.00, 1.80, 1.70, 1.80 , -3.769322E-011, 6.991220E-012, -1.720892E-011, -1.051780E-013, 2.150400E+004 1.570926E+074 2.150400E+004, Wed Oct 07 15:37:05 2015
0.00, 1.80, 1.68, 1.80 , -3.946561E-011, 8.886660E-012, -1.658004E-011, -1.023050E-013, 2.150400E+004 1.570926E+074 2.150400E+004, Wed Oct 07 15:37:09 2015
0.00, 1.80, 1.66, 1.80 , -4.225082E-011, 1.187940E-011, -1.574155E-011, -9.223220E-014, 2.150400E+004 1.570926E+074 2.150400E+004, Wed Oct 07 15:37:22 2015
0.00, 1.80, 1.64, 1.80 , -4.929819E-011, 1.865080E-011, -1.431610E-011, -9.168390E-014, 2.150400E+004 1.570926E+074 2.150400E+004, Wed Oct 07 15:37:37 2015
0.00, 1.80, 1.62, 1.80 , -6.288660E-011, 3.388560E-011, -1.783780E-011, -1.150130E-013, 2.150400E+004 1.570926E+074 2.150400E+004, Wed Oct 07 15:37:45 2015
0.00, 1.80, 1.60, 1.80 , -9.419910E-011, 6.520200E-011, -1.955672E-011, -9.766820E-014, 2.150400E+004 1.570926E+074 2.150400E+004, Wed Oct 07 15:37:50 2015
0.00, 1.80, 1.58, 1.80 , -1.569928E-010, 1.299590E-010, -2.161105E-011, -1.194830E-013, 2.150400E+004 1.570926E+074 2.150400E+004, Wed Oct 07 15:37:56 2015
0.00, 1.80, 1.56, 1.80 , -2.945652E-010, 2.662640E-010, -2.203030E-011, -8.710620E-014, 2.150400E+004 1.570926E+074 2.150400E+004, Wed Oct 07 15:38:01 2015
0.00, 1.80, 1.54, 1.80 , -5.800062E-010, 5.510860E-010, -2.274303E-011, -1.178260E-013, 2.150400E+004 1.570926E+074 2.150400E+004, Wed Oct 07 15:38:05 2015
0.00, 1.80, 1.52, 1.80 , -1.170133E-009, 1.145250E-009, -2.274303E-011, -1.160260E-013, 2.150400E+004 1.570926E+074 2.150400E+004, Wed Oct 07 15:38:10 2015
0.00, 1.80, 1.50, 1.80 , -2.395667E-009, 2.365800E-009, -2.395894E-011, -1.154420E-013, 2.150400E+004 1.570926E+074 2.150400E+004, Wed Oct 07 15:38:13 2015
0.00, 1.80, 1.48, 1.80 , -4.877755E-009, 4.848420E-009, -2.626505E-011, -1.167300E-013, 2.150400E+004 1.570926E+074 2.150400E+004, Wed Oct 07 15:38:17 2015
0.00, 1.80, 1.46, 1.80 , -9.780766E-009, 9.750320E-009, -2.689399E-011, -1.070980E-013, 2.150400E+004 1.570926E+074 2.150400E+004, Wed Oct 07 15:38:21 2015
0.00, 1.80, 1.44, 1.80 , -1.908476E-008, 1.906010E-008, -2.769064E-011, -1.195670E-013, 2.150400E+004 1.570926E+074 2.150400E+004, Wed Oct 07 15:38:24 2015
0.00, 1.80, 1.42, 1.80 , -3.586557E-008, 3.580720E-008, -2.769064E-011, -1.015190E-013, 2.150400E+004 1.570926E+074 2.150400E+004, Wed Oct 07 15:38:28 2015
0.00, 1.80, 1.40, 1.80 , -6.409956E-008, 6.407180E-008, -2.660048E-011, -1.023890E-013, 2.150400E+004 1.570926E+074 2.150400E+004, Wed Oct 07 15:38:32 2015
0.00, 1.80, 1.38, 1.80 , -1.088821E-007, 1.088660E-007, -2.769064E-011, -1.203890E-013, 2.150400E+004 1.570926E+074 2.150400E+004, Wed Oct 07 15:38:35 2015
0.00, 1.80, 1.36, 1.80 , -1.752923E-007, 1.752690E-007, -2.899045E-011, -1.195550E-013, 2.150400E+004 1.570926E+074 2.150400E+004, Wed Oct 07 15:38:39 2015
0.00, 1.80, 1.34, 1.80 , -2.684426E-007, 2.684890E-007, -2.752293E-011, -1.007680E-013, 2.150400E+004 1.570926E+074 2.150400E+004, Wed Oct 07 15:38:42 2015
0.00, 1.80, 1.32, 1.80 , -3.929265E-007, 3.929350E-007, -2.987096E-011, -1.151080E-013, 2.150400E+004 1.570926E+074 2.150400E+004, Wed Oct 07 15:38:46 2015
0.00, 1.80, 1.30, 1.80 , -5.525847E-007, 5.525310E-007, -2.869695E-011, -1.086000E-013, 2.150400E+004 1.570926E+074 2.150400E+004, Wed Oct 07 15:38:49 2015
0.00, 1.80, 1.28, 1.80 , -7.504764E-007, 7.503930E-007, -2.844537E-011, -1.063940E-013, 2.150400E+004 1.570926E+074 2.150400E+004, Wed Oct 07 15:38:53 2015
0.00, 1.80, 1.26, 1.80 , -9.888912E-007, 9.886780E-007, -3.171585E-011, -1.363750E-013, 2.150400E+004 1.570926E+074 2.150400E+004, Wed Oct 07 15:38:57 2015
0.00, 1.80, 1.24, 1.80 , -1.269616E-006, 1.269380E-006, -2.752292E-011, -1.206640E-013, 2.150400E+004 1.570926E+074 2.150400E+004, Wed Oct 07 15:39:00 2015
0.00, 1.80, 1.22, 1.80 , -1.594088E-006, 1.594060E-006, -3.008061E-011, -9.669070E-014, 2.150400E+004 1.570926E+074 2.150400E+004, Wed Oct 07 15:39:04 2015
0.00, 1.80, 1.20, 1.80 , -1.963441E-006, 1.963340E-006, -3.121270E-011, -1.147870E-013, 2.150400E+004 1.570926E+074 2.150400E+004, Wed Oct 07 15:39:07 2015
0.00, 1.80, 1.18, 1.80 , -2.377917E-006, 2.377640E-006, -3.075148E-011, -1.202580E-013, 2.150400E+004 1.570926E+074 2.150400E+004, Wed Oct 07 15:39:11 2015
0.00, 1.80, 1.16, 1.80 , -2.838747E-006, 2.838320E-006, -2.974518E-011, -1.201630E-013, 2.150400E+004 1.570926E+074 2.150400E+004, Wed Oct 07 15:39:14 2015
0.00, 1.80, 1.14, 1.80 , -3.346080E-006, 3.345600E-006, -3.062569E-011, -1.186610E-013, 2.150400E+004 1.570926E+074 2.150400E+004, Wed Oct 07 15:39:18 2015
0.00, 1.80, 1.12, 1.80 , -3.899020E-006, 3.898560E-006, -3.184164E-011, -1.260640E-013, 2.150400E+004 1.570926E+074 2.150400E+004, Wed Oct 07 15:39:21 2015
0.00, 1.80, 1.10, 1.80 , -4.500574E-006, 4.499840E-006, -3.297373E-011, -1.062390E-013, 2.150400E+004 1.570926E+074 2.150400E+004, Wed Oct 07 15:39:25 2015
0.00, 1.80, 1.08, 1.80 , -5.147489E-006, 5.146730E-006, -3.188357E-011, -1.112820E-013, 2.150400E+004 1.570926E+074 2.150400E+004, Wed Oct 07 15:39:29 2015
0.00, 1.80, 1.06, 1.80 , -5.841637E-006, 5.840780E-006, -3.293179E-011, -1.322630E-013, 2.150400E+004 1.570926E+074 2.150400E+004, Wed Oct 07 15:39:32 2015
0.00, 1.80, 1.04, 1.80 , -6.579315E-006, 6.578570E-006, -3.167392E-011, -1.084570E-013, 2.150400E+004 1.570926E+074 2.150400E+004, Wed Oct 07 15:39:36 2015
0.00, 1.80, 1.02, 1.80 , -7.365385E-006, 7.364340E-006, -3.389616E-011, -1.250270E-013, 2.150400E+004 1.570926E+074 2.150400E+004, Wed Oct 07 15:39:39 2015
0.00, 1.80, 1.00, 1.80 , -8.195388E-006, 8.194630E-006, -3.330916E-011, -1.144050E-013, 2.150400E+004 1.570926E+074 2.150400E+004, Wed Oct 07 15:39:43 2015
0.00, 1.80, 0.98, 1.80 , -9.071758E-006, 9.071010E-006, -3.234478E-011, -1.243000E-013, 2.150400E+004 1.570926E+074 2.150400E+004, Wed Oct 07 15:39:46 2015
0.00, 1.80, 0.96, 1.80 , -9.991736E-006, 9.990950E-006, -3.196743E-011, -1.153230E-013, 2.150400E+004 1.570926E+074 2.150400E+004, Wed Oct 07 15:39:50 2015
0.00, 1.80, 0.94, 1.80 , -1.095553E-005, 1.094800E-005, -3.117077E-011, -1.076100E-013, 2.150400E+004 1.570926E+074 2.150400E+004, Wed Oct 07 15:39:54 2015
0.00, 1.80, 0.92, 1.80 , -1.196398E-005, 1.195570E-005, -3.318337E-011, -1.074910E-013, 2.150400E+004 1.570926E+074 2.150400E+004, Wed Oct 07 15:39:57 2015
0.00, 1.80, 0.90, 1.80 , -1.301442E-005, 1.300610E-005, -3.381231E-011, -1.191380E-013, 2.150400E+004 1.570926E+074 2.150400E+004, Wed Oct 07 15:40:01 2015
0.00, 1.80, 0.88, 1.80 , -1.410868E-005, 1.409920E-005, -3.372845E-011, -1.177310E-013, 2.150400E+004 1.570926E+074 2.150400E+004, Wed Oct 07 15:40:04 2015
0.00, 1.80, 0.86, 1.80 , -1.524488E-005, 1.523460E-005, -3.309952E-011, -1.071210E-013, 2.150400E+004 1.570926E+074 2.150400E+004, Wed Oct 07 15:40:08 2015
0.00, 1.80, 0.84, 1.80 , -1.642241E-005, 1.641330E-005, -3.372845E-011, -1.127240E-013, 2.150400E+004 1.570926E+074 2.150400E+004, Wed Oct 07 15:40:11 2015
0.00, 1.80, 0.82, 1.80 , -1.764403E-005, 1.763520E-005, -3.582491E-011, -8.884670E-014, 2.150400E+004 1.570926E+074 2.150400E+004, Wed Oct 07 15:40:15 2015
0.00, 1.80, 0.80, 1.80 , -1.891116E-005, 1.890040E-005, -3.347687E-011, -1.104470E-013, 2.150400E+004 1.570926E+074 2.150400E+004, Wed Oct 07 15:40:18 2015
0.00, 1.80, 0.78, 1.80 , -2.021274E-005, 2.020200E-005, -3.322530E-011, -1.125100E-013, 2.150400E+004 1.570926E+074 2.150400E+004, Wed Oct 07 15:40:22 2015
0.00, 1.80, 0.76, 1.80 , -2.155767E-005, 2.154670E-005, -3.595069E-011, -1.030560E-013, 2.150400E+004 1.570926E+074 2.150400E+004, Wed Oct 07 15:40:26 2015
0.00, 1.80, 0.74, 1.80 , -2.294064E-005, 2.292930E-005, -3.431546E-011, -1.217130E-013, 2.150400E+004 1.570926E+074 2.150400E+004, Wed Oct 07 15:40:29 2015
0.00, 1.80, 0.72, 1.80 , -2.436687E-005, 2.435450E-005, -3.335108E-011, -9.599920E-014, 2.150400E+004 1.570926E+074 2.150400E+004, Wed Oct 07 15:40:33 2015
0.00, 1.80, 0.70, 1.80 , -2.582854E-005, 2.581710E-005, -3.368653E-011, -9.871720E-014, 2.150400E+004 1.570926E+074 2.150400E+004, Wed Oct 07 15:40:36 2015
0.00, 1.80, 0.68, 1.80 , -2.732952E-005, 2.731630E-005, -3.460897E-011, -1.250030E-013, 2.150400E+004 1.570926E+074 2.150400E+004, Wed Oct 07 15:40:40 2015
0.00, 1.80, 0.66, 1.80 , -2.886781E-005, 2.885620E-005, -3.393810E-011, -1.080040E-013, 2.150400E+004 1.570926E+074 2.150400E+004, Wed Oct 07 15:40:43 2015
0.00, 1.80, 0.64, 1.80 , -3.044158E-005, 3.042760E-005, -3.523790E-011, -1.088500E-013, 2.150400E+004 1.570926E+074 2.150400E+004, Wed Oct 07 15:40:47 2015
0.00, 1.80, 0.62, 1.80 , -3.205327E-005, 3.203870E-005, -3.725050E-011, -1.178620E-013, 2.150400E+004 1.570926E+074 2.150400E+004, Wed Oct 07 15:40:50 2015
0.00, 1.80, 0.60, 1.80 , -3.370251E-005, 3.368790E-005, -3.490247E-011, -1.000640E-013, 2.150400E+004 1.570926E+074 2.150400E+004, Wed Oct 07 15:40:54 2015
0.00, 1.80, 0.58, 1.80 , -3.538923E-005, 3.537440E-005, -3.532177E-011, -1.009110E-013, 2.150400E+004 1.570926E+074 2.150400E+004, Wed Oct 07 15:40:58 2015
0.00, 1.80, 0.56, 1.80 , -3.710993E-005, 3.709470E-005, -3.385425E-011, -1.143570E-013, 2.150400E+004 1.570926E+074 2.150400E+004, Wed Oct 07 15:41:01 2015
0.00, 1.80, 0.54, 1.80 , -3.886872E-005, 3.885410E-005, -3.465089E-011, -1.168610E-013, 2.150400E+004 1.570926E+074 2.150400E+004, Wed Oct 07 15:41:05 2015
0.00, 1.80, 0.52, 1.80 , -4.066254E-005, 4.064700E-005, -3.628612E-011, -9.689330E-014, 2.150400E+004 1.570926E+074 2.150400E+004, Wed Oct 07 15:41:08 2015
0.00, 1.80, 0.50, 1.80 , -4.249276E-005, 4.247590E-005, -3.641193E-011, -1.020070E-013, 2.150400E+004 1.570926E+074 2.150400E+004, Wed Oct 07 15:41:12 2015
0.00, 1.80, 0.48, 1.80 , -4.435576E-005, 4.433780E-005, -3.578298E-011, -1.172900E-013, 2.150400E+004 1.570926E+074 2.150400E+004, Wed Oct 07 15:41:15 2015
0.00, 1.80, 0.46, 1.80 , -4.625326E-005, 4.623670E-005, -3.444124E-011, -1.099110E-013, 2.150400E+004 1.570926E+074 2.150400E+004, Wed Oct 07 15:41:19 2015
0.00, 1.80, 0.44, 1.80 , -4.818371E-005, 4.816640E-005, -3.527983E-011, -9.938480E-014, 2.150400E+004 1.570926E+074 2.150400E+004, Wed Oct 07 15:41:22 2015
0.00, 1.80, 0.42, 1.80 , -5.014799E-005, 5.013000E-005, -3.406388E-011, -1.095770E-013, 2.150400E+004 1.570926E+074 2.150400E+004, Wed Oct 07 15:41:26 2015
0.00, 1.80, 0.40, 1.80 , -5.214435E-005, 5.212480E-005, -3.670542E-011, -7.854700E-014, 2.150400E+004 1.570926E+074 2.150400E+004, Wed Oct 07 15:41:29 2015
0.00, 1.80, 0.38, 1.80 , -5.417069E-005, 5.415110E-005, -3.632807E-011, -9.822850E-014, 2.150400E+004 1.570926E+074 2.150400E+004, Wed Oct 07 15:41:33 2015
0.00, 1.80, 0.36, 1.80 , -5.622849E-005, 5.620970E-005, -3.561527E-011, -1.085160E-013, 2.150400E+004 1.570926E+074 2.150400E+004, Wed Oct 07 15:41:37 2015
0.00, 1.80, 0.34, 1.80 , -5.831656E-005, 5.829950E-005, -3.653771E-011, -1.071210E-013, 2.150400E+004 1.570926E+074 2.150400E+004, Wed Oct 07 15:41:40 2015
0.00, 1.80, 0.32, 1.80 , -6.043830E-005, 6.041910E-005, -3.511212E-011, -1.027110E-013, 2.150400E+004 1.570926E+074 2.150400E+004, Wed Oct 07 15:41:44 2015
0.00, 1.80, 0.30, 1.80 , -6.258881E-005, 6.256730E-005, -3.603456E-011, -9.183880E-014, 2.150400E+004 1.570926E+074 2.150400E+004, Wed Oct 07 15:41:47 2015
0.00, 1.80, 0.28, 1.80 , -6.477460E-005, 6.475430E-005, -3.628613E-011, -1.037960E-013, 2.150400E+004 1.570926E+074 2.150400E+004, Wed Oct 07 15:41:51 2015
0.00, 1.80, 0.26, 1.80 , -6.698943E-005, 6.696780E-005, -3.729243E-011, -1.220940E-013, 2.150400E+004 1.570926E+074 2.150400E+004, Wed Oct 07 15:41:54 2015
0.00, 1.80, 0.24, 1.80 , -6.923702E-005, 6.921180E-005, -3.507019E-011, -1.124380E-013, 2.150400E+004 1.570926E+074 2.150400E+004, Wed Oct 07 15:41:58 2015
0.00, 1.80, 0.22, 1.80 , -7.151020E-005, 7.148840E-005, -3.674735E-011, -1.065370E-013, 2.150400E+004 1.570926E+074 2.150400E+004, Wed Oct 07 15:42:01 2015
0.00, 1.80, 0.20, 1.80 , -7.381345E-005, 7.379120E-005, -3.569912E-011, -1.051190E-013, 2.150400E+004 1.570926E+074 2.150400E+004, Wed Oct 07 15:42:05 2015
0.00, 1.80, 0.18, 1.80 , -7.614046E-005, 7.611560E-005, -3.586683E-011, -1.167300E-013, 2.150400E+004 1.570926E+074 2.150400E+004, Wed Oct 07 15:42:08 2015
0.00, 1.80, 0.16, 1.80 , -7.850127E-005, 7.847410E-005, -3.708278E-011, -1.085640E-013, 2.150400E+004 1.570926E+074 2.150400E+004, Wed Oct 07 15:42:12 2015
0.00, 1.80, 0.14, 1.80 , -8.089218E-005, 8.086480E-005, -3.645385E-011, -1.115080E-013, 2.150400E+004 1.570926E+074 2.150400E+004, Wed Oct 07 15:42:16 2015
0.00, 1.80, 0.12, 1.80 , -8.330336E-005, 8.327740E-005, -3.716664E-011, -1.064300E-013, 2.150400E+004 1.570926E+074 2.150400E+004, Wed Oct 07 15:42:19 2015
0.00, 1.80, 0.10, 1.80 , -8.574414E-005, 8.571530E-005, -3.641192E-011, -9.721520E-014, 2.150400E+004 1.570926E+074 2.150400E+004, Wed Oct 07 15:42:23 2015
0.00, 1.80, 0.08, 1.80 , -8.821307E-005, 8.818480E-005, -3.595069E-011, -1.034860E-013, 2.150400E+004 1.570926E+074 2.150400E+004, Wed Oct 07 15:42:26 2015
0.00, 1.80, 0.06, 1.80 , -9.069211E-005, 9.066570E-005, -3.796330E-011, -1.084210E-013, 2.150400E+004 1.570926E+074 2.150400E+004, Wed Oct 07 15:42:30 2015
0.00, 1.80, 0.04, 1.80 , -9.321296E-005, 9.318280E-005, -3.645385E-011, -1.138570E-013, 2.150400E+004 1.570926E+074 2.150400E+004, Wed Oct 07 15:42:33 2015
0.00, 1.80, 0.02, 1.80 , -9.575384E-005, 9.573010E-005, -3.762786E-011, -1.115440E-013, 2.150400E+004 1.570926E+074 2.150400E+004, Wed Oct 07 15:42:37 2015
0.00, 1.80, 0.00, 1.80 , -9.831765E-005, 9.829130E-005, -3.766980E-011, -1.354460E-013, 2.150400E+004 1.570926E+074 2.150400E+004, Wed Oct 07 15:42:40 2015
0.00, 1.80, -0.02, 1.80 , -1.009163E-004, 1.008910E-004, -3.930503E-011, -1.210690E-013, 2.150400E+004 1.570926E+074 2.150400E+004, Wed Oct 07 15:42:44 2015
0.00, 1.80, -0.04, 1.80 , -1.035265E-004, 1.035000E-004, -3.691506E-011, -1.260640E-013, 2.150400E+004 1.570926E+074 2.150400E+004, Wed Oct 07 15:42:48 2015
0.00, 1.80, -0.06, 1.80 , -1.061588E-004, 1.061380E-004, -3.838258E-011, -1.102570E-013, 2.150400E+004 1.570926E+074 2.150400E+004, Wed Oct 07 15:42:51 2015
0.00, 1.80, -0.08, 1.80 , -1.088180E-004, 1.087970E-004, -3.674734E-011, -1.177670E-013, 2.150400E+004 1.570926E+074 2.150400E+004, Wed Oct 07 15:42:55 2015
0.00, 1.80, -0.10, 1.80 , -1.114837E-004, 1.114620E-004, -3.754401E-011, -1.216770E-013, 2.150400E+004 1.570926E+074 2.150400E+004, Wed Oct 07 15:42:58 2015
0.00, 1.80, -0.12, 1.80 , -1.141978E-004, 1.141750E-004, -3.607648E-011, -1.000400E-013, 2.150400E+004 1.570926E+074 2.150400E+004, Wed Oct 07 15:43:02 2015
0.00, 1.80, -0.14, 1.80 , -1.169337E-004, 1.169050E-004, -3.737628E-011, -1.234290E-013, 2.150400E+004 1.570926E+074 2.150400E+004, Wed Oct 07 15:43:05 2015
0.00, 1.80, -0.16, 1.80 , -1.196822E-004, 1.196540E-004, -3.800523E-011, -1.078960E-013, 2.150400E+004 1.570926E+074 2.150400E+004, Wed Oct 07 15:43:09 2015
0.00, 1.80, -0.18, 1.80 , -1.224515E-004, 1.224230E-004, -3.683121E-011, -8.695130E-014, 2.150400E+004 1.570926E+074 2.150400E+004, Wed Oct 07 15:43:13 2015
0.00, 1.80, -0.20, 1.80 , -1.252468E-004, 1.252200E-004, -3.754401E-011, -1.049520E-013, 2.150400E+004 1.570926E+074 2.150400E+004, Wed Oct 07 15:43:16 2015
