0.05, 0.00, 0.00, 0.00 , -1.499147E-011, -8.351330E-013, -1.536324E-011, -2.211960E-012, 2.150400E+004 1.570926E+074 2.150400E+004, Mon Aug 03 13:41:15 2015
0.05, 0.00, 0.02, 0.00 , -1.545559E-011, -9.899850E-013, -2.073035E-011, -5.183220E-014, 2.150400E+004 1.570926E+074 2.150400E+004, Mon Aug 03 13:43:24 2015
0.05, 0.00, 0.04, 0.00 , -1.672169E-011, -8.230210E-013, -1.867578E-011, 4.043340E-013, 2.150400E+004 1.570926E+074 2.150400E+004, Mon Aug 03 13:43:48 2015
0.05, 0.00, 0.06, 0.00 , -1.735469E-011, -9.683250E-013, -1.465053E-011, -3.735540E-013, 2.150400E+004 1.570926E+074 2.150400E+004, Mon Aug 03 13:44:46 2015
0.05, 0.00, 0.08, 0.00 , -1.583533E-011, -1.132400E-012, -2.572027E-011, 4.773970E-013, 2.150400E+004 1.570926E+074 2.150400E+004, Mon Aug 03 13:44:51 2015
0.05, 0.00, 0.10, 0.00 , -1.705924E-011, -6.548520E-013, -1.314107E-011, -8.384700E-013, 2.150400E+004 1.570926E+074 2.150400E+004, Mon Aug 03 13:45:00 2015
0.05, 0.00, 0.12, 0.00 , -5.621882E-012, -7.636310E-013, -2.257527E-011, -2.974220E-012, 2.150400E+004 1.570926E+074 2.150400E+004, Mon Aug 03 13:45:19 2015
0.05, 0.00, 0.14, 0.00 , -6.297149E-012, -3.155230E-013, -1.825651E-011, -9.563090E-013, 2.150400E+004 1.570926E+074 2.150400E+004, Mon Aug 03 13:45:22 2015
0.05, 0.00, 0.16, 0.00 , 5.772943E-012, -7.378820E-013, -3.242969E-011, -1.798280E-012, 2.150400E+004 1.570926E+074 2.150400E+004, Mon Aug 03 13:45:34 2015
0.05, 0.00, 0.18, 0.00 , -1.629953E-011, -7.386210E-013, -9.241625E-012, -2.146740E-012, 2.150400E+004 1.570926E+074 2.150400E+004, Mon Aug 03 13:45:41 2015
0.05, 0.00, 0.20, 0.00 , -1.980246E-011, -1.083930E-012, -1.699862E-011, -1.798870E-014, 2.150400E+004 1.570926E+074 2.150400E+004, Mon Aug 03 13:45:51 2015
0.05, 0.00, 0.22, 0.00 , -1.836745E-011, -1.270410E-012, -8.109576E-012, -1.034870E-012, 2.150400E+004 1.570926E+074 2.150400E+004, Mon Aug 03 13:46:51 2015
0.05, 0.00, 0.24, 0.00 , -1.617281E-011, -6.475210E-013, -1.012221E-011, -2.198370E-012, 2.150400E+004 1.570926E+074 2.150400E+004, Mon Aug 03 13:47:31 2015
0.05, 0.00, 0.26, 0.00 , -1.680583E-011, -8.743050E-013, -2.081424E-011, -6.483790E-014, 2.150400E+004 1.570926E+074 2.150400E+004, Mon Aug 03 13:48:12 2015
0.05, 0.00, 0.28, 0.00 , -1.604615E-011, -8.613820E-013, -1.318308E-011, -6.214620E-013, 2.150400E+004 1.570926E+074 2.150400E+004, Mon Aug 03 13:48:19 2015
0.05, 0.00, 0.30, 0.00 , -1.735446E-011, -8.721830E-013, -1.049962E-011, -2.027310E-012, 2.150400E+004 1.570926E+074 2.150400E+004, Mon Aug 03 13:48:26 2015
0.05, 0.00, 0.32, 0.00 , -1.760766E-011, -4.901170E-013, -4.210228E-012, -1.943580E-012, 2.150400E+004 1.570926E+074 2.150400E+004, Mon Aug 03 13:48:47 2015
0.05, 0.00, 0.34, 0.00 , -7.858599E-012, -4.812840E-013, -2.169476E-011, -1.342320E-012, 2.150400E+004 1.570926E+074 2.150400E+004, Mon Aug 03 13:49:07 2015
0.05, 0.00, 0.36, 0.00 , -1.828290E-011, -5.629060E-013, -9.786846E-012, -1.413100E-012, 2.150400E+004 1.570926E+074 2.150400E+004, Mon Aug 03 13:49:18 2015
0.05, 0.00, 0.38, 0.00 , -1.651032E-011, -7.445340E-013, -6.264779E-012, -2.572950E-012, 2.150400E+004 1.570926E+074 2.150400E+004, Mon Aug 03 13:49:35 2015
0.05, 0.00, 0.40, 0.00 , -1.756540E-011, -9.408950E-013, -6.516386E-012, -2.288130E-012, 2.150400E+004 1.570926E+074 2.150400E+004, Mon Aug 03 13:50:03 2015
0.05, 0.00, 0.42, 0.00 , -1.870487E-011, -5.717280E-013, -8.990221E-012, -1.371150E-012, 2.150400E+004 1.570926E+074 2.150400E+004, Mon Aug 03 13:50:31 2015
0.05, 0.00, 0.44, 0.00 , -1.697450E-011, -1.072790E-012, -1.083513E-011, -2.182320E-012, 2.150400E+004 1.570926E+074 2.150400E+004, Mon Aug 03 13:51:09 2015
0.05, 0.00, 0.46, 0.00 , -1.659466E-011, -1.038600E-012, -8.361317E-012, -1.446600E-013, 2.150400E+004 1.570926E+074 2.150400E+004, Mon Aug 03 13:51:16 2015
0.05, 0.00, 0.48, 0.00 , -1.836719E-011, -7.364150E-013, -2.868608E-012, -2.543910E-012, 2.150400E+004 1.570926E+074 2.150400E+004, Mon Aug 03 13:51:24 2015
0.05, 0.00, 0.50, 0.00 , -1.693226E-011, -7.007360E-013, -3.707201E-012, -2.356410E-012, 2.150400E+004 1.570926E+074 2.150400E+004, Mon Aug 03 13:51:35 2015
0.05, 0.00, 0.52, 0.00 , -1.697443E-011, -1.129360E-012, -1.326705E-011, -1.085880E-013, 2.150400E+004 1.570926E+074 2.150400E+004, Mon Aug 03 13:52:40 2015
0.05, 0.00, 0.54, 0.00 , -9.124580E-012, -3.693940E-013, -2.349776E-011, -1.205150E-012, 2.150400E+004 1.570926E+074 2.150400E+004, Mon Aug 03 13:53:14 2015
0.05, 0.00, 0.56, 0.00 , -1.853591E-011, -6.551980E-013, -6.851962E-012, -1.079020E-012, 2.150400E+004 1.570926E+074 2.150400E+004, Mon Aug 03 13:53:46 2015
0.05, 0.00, 0.58, 0.00 , -1.819822E-011, -1.053930E-012, -6.977781E-012, -5.506870E-013, 2.150400E+004 1.570926E+074 2.150400E+004, Mon Aug 03 13:54:43 2015
0.05, 0.00, 0.60, 0.00 , -2.001297E-011, -1.139280E-012, -4.545897E-012, -9.482860E-013, 2.150400E+004 1.570926E+074 2.150400E+004, Mon Aug 03 13:54:49 2015
0.05, 0.00, 0.62, 0.00 , -1.499076E-011, -8.925320E-013, -1.033210E-011, -1.963220E-012, 2.150400E+004 1.570926E+074 2.150400E+004, Mon Aug 03 13:55:41 2015
0.05, 0.00, 0.64, 0.00 , -1.807155E-011, -9.602310E-013, -1.242855E-011, -6.408450E-013, 2.150400E+004 1.570926E+074 2.150400E+004, Mon Aug 03 13:56:14 2015
0.05, 0.00, 0.66, 0.00 , -1.756511E-011, -8.501530E-013, -3.950278E-013, -2.786030E-012, 2.150400E+004 1.570926E+074 2.150400E+004, Mon Aug 03 13:56:24 2015
0.05, 0.00, 0.68, 0.00 , -1.815591E-011, -1.005960E-012, -8.319557E-012, -6.178500E-013, 2.150400E+004 1.570926E+074 2.150400E+004, Mon Aug 03 13:57:14 2015
0.05, 0.00, 0.70, 0.00 , -2.039266E-011, -6.709580E-013, -1.820639E-012, -2.494820E-012, 2.150400E+004 1.570926E+074 2.150400E+004, Mon Aug 03 13:57:25 2015
0.05, 0.00, 0.72, 0.00 , -1.853570E-011, -8.452060E-013, -1.188350E-011, -6.691930E-013, 2.150400E+004 1.570926E+074 2.150400E+004, Mon Aug 03 13:57:41 2015
0.05, 0.00, 0.74, 0.00 , -1.756505E-011, -9.891870E-013, -4.126741E-012, -2.893650E-012, 2.150400E+004 1.570926E+074 2.150400E+004, Mon Aug 03 13:57:56 2015
0.05, 0.00, 0.76, 0.00 , -1.575031E-011, -8.817670E-013, -2.449613E-012, -9.253500E-013, 2.150400E+004 1.570926E+074 2.150400E+004, Mon Aug 03 13:58:08 2015
0.05, 0.00, 0.78, 0.00 , -1.608792E-011, -1.105190E-012, -1.049988E-011, -4.700300E-013, 2.150400E+004 1.570926E+074 2.150400E+004, Mon Aug 03 13:58:27 2015
0.05, 0.00, 0.80, 0.00 , -1.385116E-011, -1.898480E-012, -3.330123E-012, -1.461900E-012, 2.150400E+004 1.570926E+074 2.150400E+004, Mon Aug 03 13:58:33 2015
0.05, 0.00, 0.82, 0.00 , 4.185323E-011, -6.030620E-011, -8.864680E-012, -8.938430E-013, 2.150400E+004 1.570926E+074 2.150400E+004, Mon Aug 03 13:58:40 2015
0.05, 0.00, 0.84, 0.00 , 6.788520E-010, -6.547890E-010, -1.988413E-012, -2.292470E-012, 2.150400E+004 1.570926E+074 2.150400E+004, Mon Aug 03 13:58:47 2015
0.05, 0.00, 0.86, 0.00 , 3.733829E-009, -3.732240E-009, -6.600550E-012, -1.270580E-012, 2.150400E+004 1.570926E+074 2.150400E+004, Mon Aug 03 13:58:52 2015
0.05, 0.00, 0.88, 0.00 , 1.884991E-008, -1.881560E-008, 3.168778E-012, -7.572410E-013, 2.150400E+004 1.570926E+074 2.150400E+004, Mon Aug 03 13:58:56 2015
0.05, 0.00, 0.90, 0.00 , 5.327504E-008, -5.311950E-008, -1.485293E-012, -7.709620E-013, 2.150400E+004 1.570926E+074 2.150400E+004, Mon Aug 03 13:58:59 2015
0.05, 0.00, 0.92, 0.00 , 1.230501E-007, -1.227370E-007, -2.281923E-012, -7.624750E-013, 2.150400E+004 1.570926E+074 2.150400E+004, Mon Aug 03 13:59:03 2015
0.05, 0.00, 0.94, 0.00 , 2.179402E-007, -2.174900E-007, -1.401421E-012, -1.204400E-012, 2.150400E+004 1.570926E+074 2.150400E+004, Mon Aug 03 13:59:06 2015
0.05, 0.00, 0.96, 0.00 , 2.992859E-007, -2.984670E-007, -3.372065E-012, -1.034930E-012, 2.150400E+004 1.570926E+074 2.150400E+004, Mon Aug 03 13:59:10 2015
0.05, 0.00, 0.98, 0.00 , 3.991689E-007, -3.980390E-007, -3.707513E-012, -1.022360E-012, 2.150400E+004 1.570926E+074 2.150400E+004, Mon Aug 03 13:59:14 2015
0.05, 0.00, 1.00, 0.00 , 4.881362E-007, -4.875960E-007, -8.563653E-013, -1.285160E-012, 2.150400E+004 1.570926E+074 2.150400E+004, Mon Aug 03 13:59:17 2015
0.05, 0.00, 1.02, 0.00 , 5.697525E-007, -5.694810E-007, -4.790213E-013, -1.266870E-012, 2.150400E+004 1.570926E+074 2.150400E+004, Mon Aug 03 13:59:21 2015
0.05, 0.00, 1.04, 0.00 , 6.559692E-007, -6.551250E-007, -1.820731E-012, -1.653170E-012, 2.150400E+004 1.570926E+074 2.150400E+004, Mon Aug 03 13:59:24 2015
0.05, 0.00, 1.06, 0.00 , 7.503224E-007, -7.490990E-007, -2.659283E-012, -1.797470E-012, 2.150400E+004 1.570926E+074 2.150400E+004, Mon Aug 03 13:59:28 2015
0.05, 0.00, 1.08, 0.00 , 8.455589E-007, -8.443440E-007, -1.191805E-012, -1.571410E-012, 2.150400E+004 1.570926E+074 2.150400E+004, Mon Aug 03 13:59:31 2015
0.05, 0.00, 1.10, 0.00 , 9.326537E-007, -9.312090E-007, -1.736857E-012, -1.204130E-012, 2.150400E+004 1.570926E+074 2.150400E+004, Mon Aug 03 13:59:35 2015
0.05, 0.00, 1.12, 0.00 , 1.015158E-006, -1.013490E-006, 6.110962E-013, -2.323940E-012, 2.150400E+004 1.570926E+074 2.150400E+004, Mon Aug 03 13:59:38 2015
0.05, 0.00, 1.14, 0.00 , 1.098652E-006, -1.096850E-006, 4.007288E-012, -3.188430E-012, 2.150400E+004 1.570926E+074 2.150400E+004, Mon Aug 03 13:59:42 2015
0.05, 0.00, 1.16, 0.00 , 1.175063E-006, -1.173130E-006, 9.709553E-012, -3.452290E-012, 2.150400E+004 1.570926E+074 2.150400E+004, Mon Aug 03 13:59:46 2015
0.05, 0.00, 1.18, 0.00 , 1.247931E-006, -1.246160E-006, 6.648789E-012, -3.298660E-012, 2.150400E+004 1.570926E+074 2.150400E+004, Mon Aug 03 13:59:49 2015
0.05, 0.00, 1.20, 0.00 , 1.324743E-006, -1.322700E-006, 1.059005E-011, -3.210200E-012, 2.150400E+004 1.570926E+074 2.150400E+004, Mon Aug 03 13:59:53 2015
0.05, 0.00, 1.22, 0.00 , 1.389976E-006, -1.388210E-006, 8.325916E-012, -3.432130E-012, 2.150400E+004 1.570926E+074 2.150400E+004, Mon Aug 03 13:59:56 2015
0.05, 0.00, 1.24, 0.00 , 1.460041E-006, -1.458280E-006, 1.054810E-011, -3.876720E-012, 2.150400E+004 1.570926E+074 2.150400E+004, Mon Aug 03 14:00:00 2015
0.05, 0.00, 1.26, 0.00 , 1.530437E-006, -1.527770E-006, 1.268645E-011, -3.498130E-012, 2.150400E+004 1.570926E+074 2.150400E+004, Mon Aug 03 14:00:03 2015
0.05, 0.00, 1.28, 0.00 , 1.602603E-006, -1.600700E-006, 1.725665E-011, -3.213780E-012, 2.150400E+004 1.570926E+074 2.150400E+004, Mon Aug 03 14:00:07 2015
0.05, 0.00, 1.30, 0.00 , 1.678130E-006, -1.674700E-006, 3.420268E-012, -3.055540E-012, 2.150400E+004 1.570926E+074 2.150400E+004, Mon Aug 03 14:00:10 2015
0.05, 0.00, 1.32, 0.00 , 1.747606E-006, -1.744910E-006, 1.092547E-011, -3.482580E-012, 2.150400E+004 1.570926E+074 2.150400E+004, Mon Aug 03 14:00:14 2015
0.05, 0.00, 1.34, 0.00 , 1.814968E-006, -1.812460E-006, 1.126088E-011, -4.150400E-012, 2.150400E+004 1.570926E+074 2.150400E+004, Mon Aug 03 14:00:18 2015
0.05, 0.00, 1.36, 0.00 , 1.885209E-006, -1.882970E-006, 1.272836E-011, -5.484700E-012, 2.150400E+004 1.570926E+074 2.150400E+004, Mon Aug 03 14:00:21 2015
0.05, 0.00, 1.38, 0.00 , 1.955058E-006, -1.952110E-006, 8.996744E-012, -3.814270E-012, 2.150400E+004 1.570926E+074 2.150400E+004, Mon Aug 03 14:00:25 2015
0.05, 0.00, 1.40, 0.00 , 2.027913E-006, -2.024970E-006, 1.205749E-011, -4.019280E-012, 2.150400E+004 1.570926E+074 2.150400E+004, Mon Aug 03 14:00:28 2015
0.05, 0.00, 1.42, 0.00 , 2.101024E-006, -2.098300E-006, 1.511823E-011, -3.534910E-012, 2.150400E+004 1.570926E+074 2.150400E+004, Mon Aug 03 14:00:32 2015
0.05, 0.00, 1.44, 0.00 , 2.170943E-006, -2.167990E-006, 1.507632E-011, -3.727450E-012, 2.150400E+004 1.570926E+074 2.150400E+004, Mon Aug 03 14:00:35 2015
0.05, 0.00, 1.46, 0.00 , 2.239665E-006, -2.236070E-006, 2.212024E-011, -3.760770E-012, 2.150400E+004 1.570926E+074 2.150400E+004, Mon Aug 03 14:00:39 2015
0.05, 0.00, 1.48, 0.00 , 2.308597E-006, -2.305620E-006, 1.763396E-011, -4.040610E-012, 2.150400E+004 1.570926E+074 2.150400E+004, Mon Aug 03 14:00:42 2015
0.05, 0.00, 1.50, 0.00 , 2.377923E-006, -2.374480E-006, 1.817902E-011, -3.870320E-012, 2.150400E+004 1.570926E+074 2.150400E+004, Mon Aug 03 14:00:46 2015
0.05, 0.00, 1.52, 0.00 , 2.445637E-006, -2.442880E-006, 1.851445E-011, -3.768220E-012, 2.150400E+004 1.570926E+074 2.150400E+004, Mon Aug 03 14:00:50 2015
0.05, 0.00, 1.54, 0.00 , 2.515649E-006, -2.512000E-006, 1.461510E-011, -3.545610E-012, 2.150400E+004 1.570926E+074 2.150400E+004, Mon Aug 03 14:00:53 2015
0.05, 0.00, 1.56, 0.00 , 2.584186E-006, -2.581150E-006, 1.956259E-011, -3.961240E-012, 2.150400E+004 1.570926E+074 2.150400E+004, Mon Aug 03 14:00:57 2015
0.05, 0.00, 1.58, 0.00 , 2.655072E-006, -2.651890E-006, 1.738238E-011, -3.560720E-012, 2.150400E+004 1.570926E+074 2.150400E+004, Mon Aug 03 14:01:00 2015
0.05, 0.00, 1.60, 0.00 , 2.728109E-006, -2.725080E-006, 1.725655E-011, -3.684130E-012, 2.150400E+004 1.570926E+074 2.150400E+004, Mon Aug 03 14:01:04 2015
0.05, 0.00, 1.62, 0.00 , 2.801625E-006, -2.798240E-006, 1.591483E-011, -3.544990E-012, 2.150400E+004 1.570926E+074 2.150400E+004, Mon Aug 03 14:01:07 2015
0.05, 0.00, 1.64, 0.00 , 2.873406E-006, -2.870140E-006, 1.918525E-011, -2.980130E-012, 2.150400E+004 1.570926E+074 2.150400E+004, Mon Aug 03 14:01:11 2015
0.05, 0.00, 1.66, 0.00 , 2.948026E-006, -2.943020E-006, 2.086240E-011, -2.768930E-012, 2.150400E+004 1.570926E+074 2.150400E+004, Mon Aug 03 14:01:14 2015
0.05, 0.00, 1.68, 0.00 , 3.021235E-006, -3.017610E-006, 2.564221E-011, -2.758400E-012, 2.150400E+004 1.570926E+074 2.150400E+004, Mon Aug 03 14:01:18 2015
0.05, 0.00, 1.70, 0.00 , 3.095699E-006, -3.091900E-006, 2.249758E-011, -2.987300E-012, 2.150400E+004 1.570926E+074 2.150400E+004, Mon Aug 03 14:01:21 2015
0.05, 0.00, 1.72, 0.00 , 3.170821E-006, -3.165550E-006, 2.237180E-011, -2.548610E-012, 2.150400E+004 1.570926E+074 2.150400E+004, Mon Aug 03 14:01:25 2015
0.05, 0.00, 1.74, 0.00 , 3.247084E-006, -3.241880E-006, 2.694194E-011, -3.357540E-012, 2.150400E+004 1.570926E+074 2.150400E+004, Mon Aug 03 14:01:29 2015
0.05, 0.00, 1.76, 0.00 , 3.324941E-006, -3.320940E-006, 2.991884E-011, -2.513360E-012, 2.150400E+004 1.570926E+074 2.150400E+004, Mon Aug 03 14:01:32 2015
0.05, 0.00, 1.78, 0.00 , 3.402088E-006, -3.399670E-006, 2.438429E-011, -2.919550E-012, 2.150400E+004 1.570926E+074 2.150400E+004, Mon Aug 03 14:01:36 2015
0.05, 0.00, 1.80, 0.00 , 3.480485E-006, -3.474670E-006, 2.497132E-011, -2.659130E-012, 2.150400E+004 1.570926E+074 2.150400E+004, Mon Aug 03 14:01:39 2015
0.05, 0.00, 1.82, 0.00 , 3.558375E-006, -3.554370E-006, 2.702578E-011, -2.482550E-012, 2.150400E+004 1.570926E+074 2.150400E+004, Mon Aug 03 14:01:43 2015
0.05, 0.00, 1.84, 0.00 , 3.640192E-006, -3.634770E-006, 2.656460E-011, -2.794270E-012, 2.150400E+004 1.570926E+074 2.150400E+004, Mon Aug 03 14:01:46 2015
0.05, 0.00, 1.86, 0.00 , 3.717642E-006, -3.712890E-006, 2.044305E-011, -1.640510E-012, 2.150400E+004 1.570926E+074 2.150400E+004, Mon Aug 03 14:01:50 2015
0.05, 0.00, 1.88, 0.00 , 3.796218E-006, -3.789430E-006, 2.417469E-011, -2.189870E-012, 2.150400E+004 1.570926E+074 2.150400E+004, Mon Aug 03 14:01:53 2015
0.05, 0.00, 1.90, 0.00 , 3.876554E-006, -3.871080E-006, 2.694189E-011, -1.957930E-012, 2.150400E+004 1.570926E+074 2.150400E+004, Mon Aug 03 14:01:57 2015
0.05, 0.00, 1.92, 0.00 , 3.959534E-006, -3.952800E-006, 2.622912E-011, -2.338110E-012, 2.150400E+004 1.570926E+074 2.150400E+004, Mon Aug 03 14:02:01 2015
0.05, 0.00, 1.94, 0.00 , 4.043918E-006, -4.036150E-006, 2.446814E-011, -2.028140E-012, 2.150400E+004 1.570926E+074 2.150400E+004, Mon Aug 03 14:02:04 2015
0.05, 0.00, 1.96, 0.00 , 4.132699E-006, -4.127360E-006, 1.897553E-011, -2.637230E-012, 2.150400E+004 1.570926E+074 2.150400E+004, Mon Aug 03 14:02:08 2015
0.05, 0.00, 1.98, 0.00 , 4.221681E-006, -4.216170E-006, 2.308450E-011, -2.072410E-012, 2.150400E+004 1.570926E+074 2.150400E+004, Mon Aug 03 14:02:11 2015
0.05, 0.00, 2.00, 0.00 , 4.311759E-006, -4.306650E-006, 2.312641E-011, -2.303210E-012, 2.150400E+004 1.570926E+074 2.150400E+004, Mon Aug 03 14:02:15 2015
