0.00, 0.00, 0.00, 0.00 , -2.832479E-011, -9.231570E-013, -2.148525E-011, 2.600070E-013, 2.150400E+004 1.570926E+074 2.150400E+004, Mon Aug 03 15:02:31 2015
0.05, 0.00, 0.00, 0.00 , -2.748080E-011, -8.856650E-013, -2.572002E-011, -1.989350E-012, 2.150400E+004 1.570926E+074 2.150400E+004, Mon Aug 03 15:02:43 2015
0.10, 0.00, 0.00, 0.00 , -2.836700E-011, -4.765750E-013, -3.289004E-011, -4.371520E-013, 2.150400E+004 1.570926E+074 2.150400E+004, Mon Aug 03 15:02:49 2015
0.15, 0.00, 0.00, 0.00 , -2.676338E-011, -9.740950E-013, -3.569935E-011, -1.930620E-012, 2.150400E+004 1.570926E+074 2.150400E+004, Mon Aug 03 15:02:56 2015
0.20, 0.00, 0.00, 0.00 , -2.777618E-011, -6.105660E-013, -2.995494E-011, -2.342490E-012, 2.150400E+004 1.570926E+074 2.150400E+004, Mon Aug 03 15:03:03 2015
0.25, 0.00, 0.00, 0.00 , -2.621479E-011, -4.876850E-013, -4.756550E-011, -8.611680E-013, 2.150400E+004 1.570926E+074 2.150400E+004, Mon Aug 03 15:03:25 2015
0.30, 0.00, 0.00, 0.00 , -2.604600E-011, -9.620670E-013, -3.628636E-011, -2.901080E-013, 2.150400E+004 1.570926E+074 2.150400E+004, Mon Aug 03 15:03:39 2015
0.35, 0.00, 0.00, 0.00 , -2.583497E-011, -6.954910E-013, -3.100318E-011, -2.180120E-012, 2.150400E+004 1.570926E+074 2.150400E+004, Mon Aug 03 15:03:53 2015
0.40, 0.00, 0.00, 0.00 , -2.663678E-011, -1.112830E-012, -3.699916E-011, 4.502060E-013, 2.150400E+004 1.570926E+074 2.150400E+004, Mon Aug 03 15:04:04 2015
0.45, 0.00, 0.00, 0.00 , -2.494878E-011, -8.932110E-013, -2.991301E-011, -2.227540E-012, 2.150400E+004 1.570926E+074 2.150400E+004, Mon Aug 03 15:04:14 2015
0.50, 0.00, 0.00, 0.00 , -2.499097E-011, -5.658750E-013, -3.519618E-011, -1.412400E-012, 2.150400E+004 1.570926E+074 2.150400E+004, Mon Aug 03 15:04:22 2015
0.55, 0.00, 0.00, 0.00 , -2.537077E-011, -1.040320E-012, -3.435758E-011, -1.941980E-012, 2.150400E+004 1.570926E+074 2.150400E+004, Mon Aug 03 15:04:45 2015
0.60, 0.00, 0.00, 0.00 , -2.431577E-011, -8.447050E-013, -2.995494E-011, -2.533550E-013, 2.150400E+004 1.570926E+074 2.150400E+004, Mon Aug 03 15:04:55 2015
0.65, 0.00, 0.00, 0.00 , -2.342956E-011, -1.131690E-012, -3.590898E-011, 9.570120E-014, 2.150400E+004 1.570926E+074 2.150400E+004, Mon Aug 03 15:05:02 2015
0.70, 0.00, 0.00, 0.00 , -2.389376E-011, -1.007710E-012, -3.657986E-011, -8.133050E-013, 2.150400E+004 1.570926E+074 2.150400E+004, Mon Aug 03 15:05:12 2015
0.75, 0.00, 0.00, 0.00 , -2.313416E-011, -5.792740E-013, -3.146442E-011, 4.733440E-013, 2.150400E+004 1.570926E+074 2.150400E+004, Mon Aug 03 15:05:17 2015
0.80, 0.00, 0.00, 0.00 , -2.195256E-011, -8.436680E-013, -2.840353E-011, -3.595230E-013, 2.150400E+004 1.570926E+074 2.150400E+004, Mon Aug 03 15:05:45 2015
0.85, 0.00, 0.00, 0.00 , -2.402036E-011, -1.285060E-012, -2.915827E-011, -8.602980E-013, 2.150400E+004 1.570926E+074 2.150400E+004, Mon Aug 03 15:05:59 2015
0.90, 0.00, 0.00, 0.00 , -2.271216E-011, -7.857080E-013, -2.584580E-011, -2.982830E-012, 2.150400E+004 1.570926E+074 2.150400E+004, Mon Aug 03 15:06:19 2015
0.95, 0.00, 0.00, 0.00 , -2.157276E-011, -6.777530E-013, -3.263845E-011, 6.742480E-014, 2.150400E+004 1.570926E+074 2.150400E+004, Mon Aug 03 15:06:31 2015
1.00, 0.00, 0.00, 0.00 , -2.144615E-011, -8.182530E-013, -2.429440E-011, -2.861520E-012, 2.150400E+004 1.570926E+074 2.150400E+004, Mon Aug 03 15:06:43 2015
1.05, 0.00, 0.00, 0.00 , -1.971595E-011, -1.080500E-012, -3.985039E-011, -2.023340E-013, 2.150400E+004 1.570926E+074 2.150400E+004, Mon Aug 03 15:06:51 2015
1.10, 0.00, 0.00, 0.00 , -2.178375E-011, -1.030050E-012, -3.343512E-011, -4.560590E-013, 2.150400E+004 1.570926E+074 2.150400E+004, Mon Aug 03 15:06:57 2015
1.15, 0.00, 0.00, 0.00 , -1.853435E-011, -7.896900E-013, -3.335126E-011, 3.200410E-013, 2.150400E+004 1.570926E+074 2.150400E+004, Mon Aug 03 15:07:12 2015
1.20, 0.00, 0.00, 0.00 , -2.047554E-011, -1.040670E-012, -3.255459E-011, -2.413130E-012, 2.150400E+004 1.570926E+074 2.150400E+004, Mon Aug 03 15:07:33 2015
1.25, 0.00, 0.00, 0.00 , -1.971595E-011, -7.423880E-013, -3.490266E-011, -2.538090E-013, 2.150400E+004 1.570926E+074 2.150400E+004, Mon Aug 03 15:07:43 2015
1.30, 0.00, 0.00, 0.00 , -2.005353E-011, -8.268480E-013, -2.592966E-011, -2.958910E-012, 2.150400E+004 1.570926E+074 2.150400E+004, Mon Aug 03 15:08:58 2015
1.35, 0.00, 0.00, 0.00 , -1.895633E-011, -6.841540E-013, -2.940984E-011, -4.648690E-013, 2.150400E+004 1.570926E+074 2.150400E+004, Mon Aug 03 15:09:13 2015
1.40, 0.00, 0.00, 0.00 , -1.967374E-011, -1.035010E-012, -3.645406E-011, -3.165600E-013, 2.150400E+004 1.570926E+074 2.150400E+004, Mon Aug 03 15:09:20 2015
1.45, 0.00, 0.00, 0.00 , -1.832332E-011, -9.552840E-013, -2.647475E-011, -3.144200E-012, 2.150400E+004 1.570926E+074 2.150400E+004, Mon Aug 03 15:09:34 2015
1.50, 0.00, 0.00, 0.00 , -2.039113E-011, -7.399320E-013, -3.582511E-011, -1.130460E-013, 2.150400E+004 1.570926E+074 2.150400E+004, Mon Aug 03 15:09:47 2015
1.55, 0.00, 0.00, 0.00 , -1.832333E-011, -7.539390E-013, -2.781650E-011, -2.388120E-012, 2.150400E+004 1.570926E+074 2.150400E+004, Mon Aug 03 15:09:52 2015
1.60, 0.00, 0.00, 0.00 , -1.693073E-011, -9.406450E-013, -2.706176E-011, -3.252330E-012, 2.150400E+004 1.570926E+074 2.150400E+004, Mon Aug 03 15:10:24 2015
1.65, 0.00, 0.00, 0.00 , -1.916732E-011, -1.085960E-012, -3.985037E-011, -4.360080E-013, 2.150400E+004 1.570926E+074 2.150400E+004, Mon Aug 03 15:10:32 2015
1.70, 0.00, 0.00, 0.00 , -1.849212E-011, -1.215270E-012, -3.020651E-011, -2.329840E-012, 2.150400E+004 1.570926E+074 2.150400E+004, Mon Aug 03 15:11:33 2015
1.75, 0.00, 0.00, 0.00 , -1.760590E-011, -1.059880E-012, -3.863441E-011, -5.547640E-013, 2.150400E+004 1.570926E+074 2.150400E+004, Mon Aug 03 15:12:02 2015
1.80, 0.00, 0.00, 0.00 , -1.655090E-011, -7.811670E-013, -3.829896E-011, -9.157900E-013, 2.150400E+004 1.570926E+074 2.150400E+004, Mon Aug 03 15:12:13 2015
1.85, 0.00, 0.00, 0.00 , -1.663531E-011, -9.040120E-013, -2.689404E-011, -2.680290E-012, 2.150400E+004 1.570926E+074 2.150400E+004, Mon Aug 03 15:12:47 2015
1.90, 0.00, 0.00, 0.00 , -1.596010E-011, -9.147050E-013, -3.775387E-011, -1.056350E-012, 2.150400E+004 1.570926E+074 2.150400E+004, Mon Aug 03 15:13:02 2015
1.95, 0.00, 0.00, 0.00 , -1.465191E-011, -7.144450E-013, -3.259649E-011, -2.466710E-012, 2.150400E+004 1.570926E+074 2.150400E+004, Mon Aug 03 15:13:21 2015
2.00, 0.00, 0.00, 0.00 , -1.498951E-011, -5.452040E-013, -3.389632E-011, -2.195550E-012, 2.150400E+004 1.570926E+074 2.150400E+004, Mon Aug 03 15:13:46 2015
