0.00, 0.00, 0.40, 0.00 , -3.212268E-011, -7.557990E-013, -1.972437E-011, -2.902520E-012, 2.150400E+004 1.570926E+074 2.150400E+004, Mon Aug 03 15:14:05 2015
0.05, 0.00, 0.40, 0.00 , -3.005488E-011, -6.841060E-013, -1.951475E-011, -2.721130E-012, 2.150400E+004 1.570926E+074 2.150400E+004, Mon Aug 03 15:14:15 2015
0.10, 0.00, 0.40, 0.00 , -2.929529E-011, -1.110780E-012, -3.251264E-011, -4.355910E-013, 2.150400E+004 1.570926E+074 2.150400E+004, Mon Aug 03 15:14:29 2015
0.15, 0.00, 0.40, 0.00 , -2.874670E-011, -6.361600E-013, -2.894860E-011, -1.667820E-012, 2.150400E+004 1.570926E+074 2.150400E+004, Mon Aug 03 15:14:46 2015
0.20, 0.00, 0.40, 0.00 , -2.857789E-011, -8.523820E-013, -1.519641E-011, -2.611260E-012, 2.150400E+004 1.570926E+074 2.150400E+004, Mon Aug 03 15:15:03 2015
0.25, 0.00, 0.40, 0.00 , -2.815589E-011, -7.512330E-013, -2.022749E-011, -2.803810E-012, 2.150400E+004 1.570926E+074 2.150400E+004, Mon Aug 03 15:15:12 2015
0.30, 0.00, 0.40, 0.00 , -2.807148E-011, -8.826610E-013, -2.475562E-011, -1.099850E-012, 2.150400E+004 1.570926E+074 2.150400E+004, Mon Aug 03 15:15:31 2015
0.35, 0.00, 0.40, 0.00 , -2.760730E-011, -9.886150E-013, -2.303650E-011, -2.529050E-012, 2.150400E+004 1.570926E+074 2.150400E+004, Mon Aug 03 15:15:53 2015
0.40, 0.00, 0.40, 0.00 , -2.579269E-011, -6.617900E-013, -1.876009E-011, -2.537630E-012, 2.150400E+004 1.570926E+074 2.150400E+004, Mon Aug 03 15:15:58 2015
0.45, 0.00, 0.40, 0.00 , -2.701647E-011, -9.389760E-013, -2.630702E-011, -2.953140E-012, 2.150400E+004 1.570926E+074 2.150400E+004, Mon Aug 03 15:16:04 2015
0.50, 0.00, 0.40, 0.00 , -2.482209E-011, -8.559350E-013, -1.855046E-011, -2.492210E-012, 2.150400E+004 1.570926E+074 2.150400E+004, Mon Aug 03 15:16:23 2015
0.55, 0.00, 0.40, 0.00 , -2.351388E-011, -6.513360E-013, -1.678959E-011, -5.402210E-013, 2.150400E+004 1.570926E+074 2.150400E+004, Mon Aug 03 15:16:27 2015
0.60, 0.00, 0.40, 0.00 , -2.553948E-011, -8.322240E-013, -1.767002E-011, -3.036440E-012, 2.150400E+004 1.570926E+074 2.150400E+004, Mon Aug 03 15:16:52 2015
0.65, 0.00, 0.40, 0.00 , -2.431568E-011, -5.231260E-013, -2.429439E-011, -1.424430E-012, 2.150400E+004 1.570926E+074 2.150400E+004, Mon Aug 03 15:17:22 2015
0.70, 0.00, 0.40, 0.00 , -2.444229E-011, -1.670590E-012, -1.959860E-011, -2.495100E-012, 2.150400E+004 1.570926E+074 2.150400E+004, Mon Aug 03 15:17:36 2015
0.75, 0.00, 0.40, 0.00 , -2.397808E-011, -9.719610E-013, -2.672632E-011, -1.994930E-012, 2.150400E+004 1.570926E+074 2.150400E+004, Mon Aug 03 15:17:42 2015
0.80, 0.00, 0.40, 0.00 , -2.161490E-011, -7.005450E-013, -3.280613E-011, -8.310910E-013, 2.150400E+004 1.570926E+074 2.150400E+004, Mon Aug 03 15:17:50 2015
0.85, 0.00, 0.40, 0.00 , -2.292309E-011, -8.530140E-013, -2.366544E-011, -2.256070E-012, 2.150400E+004 1.570926E+074 2.150400E+004, Mon Aug 03 15:17:56 2015
0.90, 0.00, 0.40, 0.00 , -2.262768E-011, -7.128120E-013, -2.429439E-011, -2.841390E-012, 2.150400E+004 1.570926E+074 2.150400E+004, Mon Aug 03 15:18:10 2015
0.95, 0.00, 0.40, 0.00 , -2.376706E-011, -8.275870E-013, -1.729270E-011, -3.335690E-012, 2.150400E+004 1.570926E+074 2.150400E+004, Mon Aug 03 15:18:23 2015
1.00, 0.00, 0.40, 0.00 , -2.191031E-011, -1.297620E-012, -2.039519E-011, -2.311540E-012, 2.150400E+004 1.570926E+074 2.150400E+004, Mon Aug 03 15:18:30 2015
1.05, 0.00, 0.40, 0.00 , -2.292309E-011, -1.265230E-012, -2.077252E-011, -1.365010E-012, 2.150400E+004 1.570926E+074 2.150400E+004, Mon Aug 03 15:18:39 2015
1.10, 0.00, 0.40, 0.00 , -2.351388E-011, -6.912710E-013, -1.741847E-011, -3.818020E-012, 2.150400E+004 1.570926E+074 2.150400E+004, Mon Aug 03 15:18:57 2015
1.15, 0.00, 0.40, 0.00 , -2.161488E-011, -1.117220E-012, -3.138052E-011, -8.925680E-013, 2.150400E+004 1.570926E+074 2.150400E+004, Mon Aug 03 15:19:10 2015
1.20, 0.00, 0.40, 0.00 , -2.089749E-011, -1.188850E-012, -2.026941E-011, -1.897800E-012, 2.150400E+004 1.570926E+074 2.150400E+004, Mon Aug 03 15:19:15 2015
1.25, 0.00, 0.40, 0.00 , -2.233229E-011, -1.044370E-012, -3.653789E-011, -8.531810E-013, 2.150400E+004 1.570926E+074 2.150400E+004, Mon Aug 03 15:19:20 2015
1.30, 0.00, 0.40, 0.00 , -1.942048E-011, -8.318420E-013, -1.930513E-011, -3.234370E-012, 2.150400E+004 1.570926E+074 2.150400E+004, Mon Aug 03 15:19:35 2015
1.35, 0.00, 0.40, 0.00 , -2.110847E-011, -1.046730E-012, -2.848737E-011, -9.560580E-013, 2.150400E+004 1.570926E+074 2.150400E+004, Mon Aug 03 15:19:55 2015
1.40, 0.00, 0.40, 0.00 , -1.975808E-011, -1.088620E-012, -2.370737E-011, -1.526530E-012, 2.150400E+004 1.570926E+074 2.150400E+004, Mon Aug 03 15:20:13 2015
1.45, 0.00, 0.40, 0.00 , -2.034888E-011, -9.878040E-013, -2.416860E-011, -2.673650E-012, 2.150400E+004 1.570926E+074 2.150400E+004, Mon Aug 03 15:20:49 2015
1.50, 0.00, 0.40, 0.00 , -2.013788E-011, -8.194800E-013, -3.154824E-011, -8.446810E-013, 2.150400E+004 1.570926E+074 2.150400E+004, Mon Aug 03 15:21:09 2015
1.55, 0.00, 0.40, 0.00 , -1.887188E-011, -1.119280E-012, -2.945175E-011, -1.101260E-012, 2.150400E+004 1.570926E+074 2.150400E+004, Mon Aug 03 15:21:43 2015
1.60, 0.00, 0.40, 0.00 , -1.908288E-011, -5.596760E-013, -2.660053E-011, -2.142200E-012, 2.150400E+004 1.570926E+074 2.150400E+004, Mon Aug 03 15:22:02 2015
1.65, 0.00, 0.40, 0.00 , -1.857649E-011, -1.101230E-012, -2.722947E-011, -3.462710E-012, 2.150400E+004 1.570926E+074 2.150400E+004, Mon Aug 03 15:22:09 2015
1.70, 0.00, 0.40, 0.00 , -5.621107E-012, -8.476730E-013, -4.286927E-011, -2.775290E-012, 2.150400E+004 1.570926E+074 2.150400E+004, Mon Aug 03 15:22:13 2015
1.75, 0.00, 0.40, 0.00 , -1.705729E-011, -9.700660E-013, -2.412667E-011, -3.665570E-012, 2.150400E+004 1.570926E+074 2.150400E+004, Mon Aug 03 15:22:19 2015
1.80, 0.00, 0.40, 0.00 , -1.815448E-011, -1.064930E-012, -2.437825E-011, -1.381990E-012, 2.150400E+004 1.570926E+074 2.150400E+004, Mon Aug 03 15:22:32 2015
1.85, 0.00, 0.40, 0.00 , -1.621330E-011, -1.048410E-012, -2.626509E-011, -1.093540E-012, 2.150400E+004 1.570926E+074 2.150400E+004, Mon Aug 03 15:22:36 2015
1.90, 0.00, 0.40, 0.00 , -1.629768E-011, -1.281430E-012, -2.496527E-011, -1.609420E-012, 2.150400E+004 1.570926E+074 2.150400E+004, Mon Aug 03 15:22:42 2015
1.95, 0.00, 0.40, 0.00 , -1.659309E-011, -1.070620E-012, -2.651667E-011, -1.525970E-012, 2.150400E+004 1.570926E+074 2.150400E+004, Mon Aug 03 15:22:59 2015
2.00, 0.00, 0.40, 0.00 , -1.579128E-011, -6.757140E-013, -2.957753E-011, -2.701430E-012, 2.150400E+004 1.570926E+074 2.150400E+004, Mon Aug 03 15:23:06 2015
