0.00, 0.00, 1.60, 0.00 , 1.258059E-007, -1.276560E-007, -3.393798E-011, -3.374100E-013, 2.150400E+004 1.570926E+074 2.150400E+004, Sun Jul 26 16:01:36 2015
0.05, 0.00, 1.60, 0.00 , 6.200012E-005, -6.201050E-005, -3.188347E-011, -3.693460E-013, 2.150400E+004 1.570926E+074 2.150400E+004, Sun Jul 26 16:01:39 2015
0.10, 0.00, 1.60, 0.00 , 1.208656E-004, -1.208500E-004, -3.372833E-011, -3.602150E-013, 2.150400E+004 1.570926E+074 2.150400E+004, Sun Jul 26 16:01:43 2015
0.15, 0.00, 1.60, 0.00 , 1.762053E-004, -1.762010E-004, -3.318326E-011, -3.854160E-013, 2.150400E+004 1.570926E+074 2.150400E+004, Sun Jul 26 16:01:46 2015
0.20, 0.00, 1.60, 0.00 , 2.278657E-004, -2.278570E-004, -3.364447E-011, -4.148010E-013, 2.150400E+004 1.570926E+074 2.150400E+004, Sun Jul 26 16:01:50 2015
0.25, 0.00, 1.60, 0.00 , 2.755948E-004, -2.755720E-004, -3.293169E-011, -4.130240E-013, 2.150400E+004 1.570926E+074 2.150400E+004, Sun Jul 26 16:01:54 2015
0.30, 0.00, 1.60, 0.00 , 3.192725E-004, -3.192470E-004, -3.309940E-011, -4.127860E-013, 2.150400E+004 1.570926E+074 2.150400E+004, Sun Jul 26 16:01:57 2015
0.35, 0.00, 1.60, 0.00 , 3.585305E-004, -3.585280E-004, -3.406376E-011, -4.452820E-013, 2.150400E+004 1.570926E+074 2.150400E+004, Sun Jul 26 16:02:01 2015
0.40, 0.00, 1.60, 0.00 , 3.933228E-004, -3.933040E-004, -3.293169E-011, -4.670860E-013, 2.150400E+004 1.570926E+074 2.150400E+004, Sun Jul 26 16:02:04 2015
0.45, 0.00, 1.60, 0.00 , 4.234732E-004, -4.233970E-004, -3.431534E-011, -4.692790E-013, 2.150400E+004 1.570926E+074 2.150400E+004, Sun Jul 26 16:02:08 2015
0.50, 0.00, 1.60, 0.00 , 4.493805E-004, -4.493780E-004, -3.356061E-011, -4.418250E-013, 2.150400E+004 1.570926E+074 2.150400E+004, Sun Jul 26 16:02:11 2015
0.55, 0.00, 1.60, 0.00 , 4.713700E-004, -4.713180E-004, -3.322518E-011, -4.745600E-013, 2.150400E+004 1.570926E+074 2.150400E+004, Sun Jul 26 16:02:15 2015
0.60, 0.00, 1.60, 0.00 , 4.897506E-004, -4.897200E-004, -3.368641E-011, -5.258680E-013, 2.150400E+004 1.570926E+074 2.150400E+004, Sun Jul 26 16:02:18 2015
0.65, 0.00, 1.60, 0.00 , 5.049569E-004, -5.048470E-004, -3.393798E-011, -4.771590E-013, 2.150400E+004 1.570926E+074 2.150400E+004, Sun Jul 26 16:02:22 2015
0.70, 0.00, 1.60, 0.00 , 5.172711E-004, -5.173560E-004, -3.372833E-011, -5.132560E-013, 2.150400E+004 1.570926E+074 2.150400E+004, Sun Jul 26 16:02:26 2015
0.75, 0.00, 1.60, 0.00 , 5.279621E-004, -5.279080E-004, -3.234469E-011, -5.093340E-013, 2.150400E+004 1.570926E+074 2.150400E+004, Sun Jul 26 16:02:29 2015
0.80, 0.00, 1.60, 0.00 , 5.364786E-004, -5.363320E-004, -3.431534E-011, -5.242590E-013, 2.150400E+004 1.570926E+074 2.150400E+004, Sun Jul 26 16:02:33 2015
0.85, 0.00, 1.60, 0.00 , 5.440084E-004, -5.438520E-004, -3.347676E-011, -5.458240E-013, 2.150400E+004 1.570926E+074 2.150400E+004, Sun Jul 26 16:02:36 2015
0.90, 0.00, 1.60, 0.00 , 5.503674E-004, -5.503520E-004, -3.473462E-011, -5.669120E-013, 2.150400E+004 1.570926E+074 2.150400E+004, Sun Jul 26 16:02:40 2015
0.95, 0.00, 1.60, 0.00 , 5.561145E-004, -5.560330E-004, -3.255433E-011, -5.804540E-013, 2.150400E+004 1.570926E+074 2.150400E+004, Sun Jul 26 16:02:43 2015
1.00, 0.00, 1.60, 0.00 , 5.611538E-004, -5.611040E-004, -3.511197E-011, -5.674600E-013, 2.150400E+004 1.570926E+074 2.150400E+004, Sun Jul 26 16:02:47 2015
1.05, 0.00, 1.60, 0.00 , 5.659580E-004, -5.658870E-004, -3.439920E-011, -5.655770E-013, 2.150400E+004 1.570926E+074 2.150400E+004, Sun Jul 26 16:02:50 2015
1.10, 0.00, 1.60, 0.00 , 5.701694E-004, -5.701730E-004, -3.330904E-011, -6.104350E-013, 2.150400E+004 1.570926E+074 2.150400E+004, Sun Jul 26 16:02:54 2015
1.15, 0.00, 1.60, 0.00 , 5.743405E-004, -5.741860E-004, -3.293169E-011, -6.763820E-013, 2.150400E+004 1.570926E+074 2.150400E+004, Sun Jul 26 16:02:57 2015
1.20, 0.00, 1.60, 0.00 , 5.781316E-004, -5.780010E-004, -3.226083E-011, -8.392930E-013, 2.150400E+004 1.570926E+074 2.150400E+004, Sun Jul 26 16:03:01 2015
1.25, 0.00, 1.60, 0.00 , 5.821048E-004, -5.819630E-004, -3.343484E-011, -1.258190E-012, 2.150400E+004 1.570926E+074 2.150400E+004, Sun Jul 26 16:03:05 2015
1.30, 0.00, 1.60, 0.00 , 5.855400E-004, -5.854580E-004, -3.452498E-011, -2.244950E-012, 2.150400E+004 1.570926E+074 2.150400E+004, Sun Jul 26 16:03:08 2015
1.35, 0.00, 1.60, 0.00 , 5.890137E-004, -5.890830E-004, -3.465076E-011, -4.284140E-012, 2.150400E+004 1.570926E+074 2.150400E+004, Sun Jul 26 16:03:12 2015
1.40, 0.00, 1.60, 0.00 , 5.925921E-004, -5.925970E-004, -3.167382E-011, -8.487080E-012, 2.150400E+004 1.570926E+074 2.150400E+004, Sun Jul 26 16:03:15 2015
1.45, 0.00, 1.60, 0.00 , 5.962172E-004, -5.960330E-004, -3.351869E-011, -1.697930E-011, 2.150400E+004 1.570926E+074 2.150400E+004, Sun Jul 26 16:03:19 2015
1.50, 0.00, 1.60, 0.00 , 5.997088E-004, -5.996050E-004, -3.330905E-011, -3.344720E-011, 2.150400E+004 1.570926E+074 2.150400E+004, Sun Jul 26 16:03:22 2015
1.55, 0.00, 1.60, 0.00 , 6.034694E-004, -6.034260E-004, -3.397991E-011, -6.416820E-011, 2.150400E+004 1.570926E+074 2.150400E+004, Sun Jul 26 16:03:26 2015
1.60, 0.00, 1.60, 0.00 , 6.071876E-004, -6.071760E-004, -3.293169E-011, -1.193940E-010, 2.150400E+004 1.570926E+074 2.150400E+004, Sun Jul 26 16:03:31 2015
1.65, 0.00, 1.60, 0.00 , 6.112691E-004, -6.113340E-004, -3.364447E-011, -2.151570E-010, 2.150400E+004 1.570926E+074 2.150400E+004, Sun Jul 26 16:03:34 2015
1.70, 0.00, 1.60, 0.00 , 6.156272E-004, -6.155390E-004, -3.301554E-011, -3.747160E-010, 2.150400E+004 1.570926E+074 2.150400E+004, Sun Jul 26 16:03:37 2015
1.75, 0.00, 1.60, 0.00 , 6.198945E-004, -6.198460E-004, -3.498619E-011, -6.292020E-010, 2.150400E+004 1.570926E+074 2.150400E+004, Sun Jul 26 16:03:41 2015
1.80, 0.00, 1.60, 0.00 , 6.244648E-004, -6.243090E-004, -3.473462E-011, -1.022700E-009, 2.150400E+004 1.570926E+074 2.150400E+004, Sun Jul 26 16:03:44 2015
1.85, 0.00, 1.60, 0.00 , 6.291813E-004, -6.291210E-004, -3.309940E-011, -1.595820E-009, 2.150400E+004 1.570926E+074 2.150400E+004, Sun Jul 26 16:03:46 2015
1.90, 0.00, 1.60, 0.00 , 6.339070E-004, -6.338550E-004, -3.368640E-011, -2.425870E-009, 2.150400E+004 1.570926E+074 2.150400E+004, Sun Jul 26 16:03:49 2015
1.95, 0.00, 1.60, 0.00 , 6.386115E-004, -6.385290E-004, -3.372833E-011, -3.554370E-009, 2.150400E+004 1.570926E+074 2.150400E+004, Sun Jul 26 16:03:51 2015
2.00, 0.00, 1.60, 0.00 , 6.436142E-004, -6.436670E-004, -3.460884E-011, -5.103140E-009, 2.150400E+004 1.570926E+074 2.150400E+004, Sun Jul 26 16:03:54 2015
