0.00, 0.00, 1.60, 0.00 , 3.409551E-012, 2.606160E-011, 3.502313E-012, -1.450200E-012, 2.150400E+004 1.570926E+074 2.150400E+004, Mon Aug 03 15:32:26 2015
0.05, 0.00, 1.60, 0.00 , 2.674891E-006, -2.673540E-006, 1.154498E-012, -2.464970E-012, 2.150400E+004 1.570926E+074 2.150400E+004, Mon Aug 03 15:32:32 2015
0.10, 0.00, 1.60, 0.00 , 1.623733E-005, -1.623130E-005, 4.131201E-012, -4.446570E-012, 2.150400E+004 1.570926E+074 2.150400E+004, Mon Aug 03 15:32:36 2015
0.15, 0.00, 1.60, 0.00 , 4.637297E-005, -4.635190E-005, 2.747663E-012, -4.396740E-012, 2.150400E+004 1.570926E+074 2.150400E+004, Mon Aug 03 15:32:40 2015
0.20, 0.00, 1.60, 0.00 , 8.705590E-005, -8.701920E-005, -2.409163E-012, -4.498540E-012, 2.150400E+004 1.570926E+074 2.150400E+004, Mon Aug 03 15:32:43 2015
0.25, 0.00, 1.60, 0.00 , 1.326537E-004, -1.325880E-004, 2.496118E-012, -3.497140E-012, 2.150400E+004 1.570926E+074 2.150400E+004, Mon Aug 03 15:32:47 2015
0.30, 0.00, 1.60, 0.00 , 1.795835E-004, -1.795360E-004, -3.967399E-013, -4.014590E-012, 2.150400E+004 1.570926E+074 2.150400E+004, Mon Aug 03 15:32:50 2015
0.35, 0.00, 1.60, 0.00 , 2.254033E-004, -2.253440E-004, 3.544262E-012, -3.652490E-012, 2.150400E+004 1.570926E+074 2.150400E+004, Mon Aug 03 15:32:54 2015
0.40, 0.00, 1.60, 0.00 , 2.688813E-004, -2.688210E-004, 1.447975E-012, -4.186760E-012, 2.150400E+004 1.570926E+074 2.150400E+004, Mon Aug 03 15:32:57 2015
0.45, 0.00, 1.60, 0.00 , 3.087865E-004, -3.086970E-004, 3.041132E-012, -4.494620E-012, 2.150400E+004 1.570926E+074 2.150400E+004, Mon Aug 03 15:33:01 2015
0.50, 0.00, 1.60, 0.00 , 3.441772E-004, -3.440110E-004, 4.969729E-012, -4.144080E-012, 2.150400E+004 1.570926E+074 2.150400E+004, Mon Aug 03 15:33:05 2015
0.55, 0.00, 1.60, 0.00 , 3.744017E-004, -3.743080E-004, 1.951089E-012, -4.176070E-012, 2.150400E+004 1.570926E+074 2.150400E+004, Mon Aug 03 15:33:08 2015
0.60, 0.00, 1.60, 0.00 , 3.998493E-004, -3.996820E-004, 2.538046E-012, -3.947720E-012, 2.150400E+004 1.570926E+074 2.150400E+004, Mon Aug 03 15:33:12 2015
0.65, 0.00, 1.60, 0.00 , 4.201334E-004, -4.199290E-004, 1.573755E-012, -4.438420E-012, 2.150400E+004 1.570926E+074 2.150400E+004, Mon Aug 03 15:33:15 2015
0.70, 0.00, 1.60, 0.00 , 4.360989E-004, -4.359000E-004, 1.489890E-012, -4.833910E-012, 2.150400E+004 1.570926E+074 2.150400E+004, Mon Aug 03 15:33:19 2015
0.75, 0.00, 1.60, 0.00 , 4.488368E-004, -4.488130E-004, 2.244547E-012, -4.405820E-012, 2.150400E+004 1.570926E+074 2.150400E+004, Mon Aug 03 15:33:22 2015
0.80, 0.00, 1.60, 0.00 , 4.591441E-004, -4.589980E-004, 1.615685E-012, -4.783770E-012, 2.150400E+004 1.570926E+074 2.150400E+004, Mon Aug 03 15:33:26 2015
0.85, 0.00, 1.60, 0.00 , 4.676110E-004, -4.675490E-004, 4.885873E-012, -4.256610E-012, 2.150400E+004 1.570926E+074 2.150400E+004, Mon Aug 03 15:33:29 2015
0.90, 0.00, 1.60, 0.00 , 4.744857E-004, -4.741480E-004, 2.496123E-012, -4.828000E-012, 2.150400E+004 1.570926E+074 2.150400E+004, Mon Aug 03 15:33:33 2015
0.95, 0.00, 1.60, 0.00 , 4.801973E-004, -4.800370E-004, -2.744570E-012, -4.713930E-012, 2.150400E+004 1.570926E+074 2.150400E+004, Mon Aug 03 15:33:36 2015
1.00, 0.00, 1.60, 0.00 , 4.851665E-004, -4.852180E-004, -2.290199E-013, -4.476180E-012, 2.150400E+004 1.570926E+074 2.150400E+004, Mon Aug 03 15:33:40 2015
1.05, 0.00, 1.60, 0.00 , 4.901395E-004, -4.900520E-004, 2.705735E-012, -4.797100E-012, 2.150400E+004 1.570926E+074 2.150400E+004, Mon Aug 03 15:33:43 2015
1.10, 0.00, 1.60, 0.00 , 4.963129E-004, -4.962770E-004, 2.831537E-012, -4.678310E-012, 2.150400E+004 1.570926E+074 2.150400E+004, Mon Aug 03 15:33:47 2015
1.15, 0.00, 1.60, 0.00 , 5.039288E-004, -5.037440E-004, 9.029427E-013, -4.995990E-012, 2.150400E+004 1.570926E+074 2.150400E+004, Mon Aug 03 15:33:51 2015
1.20, 0.00, 1.60, 0.00 , 5.112861E-004, -5.112240E-004, -1.696417E-012, -5.223100E-012, 2.150400E+004 1.570926E+074 2.150400E+004, Mon Aug 03 15:33:54 2015
1.25, 0.00, 1.60, 0.00 , 5.179948E-004, -5.178920E-004, -5.225109E-013, -4.928450E-012, 2.150400E+004 1.570926E+074 2.150400E+004, Mon Aug 03 15:33:58 2015
1.30, 0.00, 1.60, 0.00 , 5.258145E-004, -5.258160E-004, 3.628119E-012, -5.187320E-012, 2.150400E+004 1.570926E+074 2.150400E+004, Mon Aug 03 15:34:01 2015
1.35, 0.00, 1.60, 0.00 , 5.329813E-004, -5.328580E-004, 1.238346E-012, -4.457840E-012, 2.150400E+004 1.570926E+074 2.150400E+004, Mon Aug 03 15:34:05 2015
1.40, 0.00, 1.60, 0.00 , 5.397414E-004, -5.396810E-004, 2.747672E-012, -5.347430E-012, 2.150400E+004 1.570926E+074 2.150400E+004, Mon Aug 03 15:34:08 2015
1.45, 0.00, 1.60, 0.00 , 5.455709E-004, -5.455690E-004, 4.417612E-013, -5.408350E-012, 2.150400E+004 1.570926E+074 2.150400E+004, Mon Aug 03 15:34:12 2015
1.50, 0.00, 1.60, 0.00 , 5.514727E-004, -5.513330E-004, -8.159931E-013, -6.667040E-012, 2.150400E+004 1.570926E+074 2.150400E+004, Mon Aug 03 15:34:15 2015
1.55, 0.00, 1.60, 0.00 , 5.570208E-004, -5.569390E-004, -2.290303E-013, -8.830830E-012, 2.150400E+004 1.570926E+074 2.150400E+004, Mon Aug 03 15:34:19 2015
1.60, 0.00, 1.60, 0.00 , 5.622960E-004, -5.622610E-004, 2.286508E-012, -1.251220E-011, 2.150400E+004 1.570926E+074 2.150400E+004, Mon Aug 03 15:34:22 2015
1.65, 0.00, 1.60, 0.00 , 5.674936E-004, -5.674210E-004, -2.996109E-012, -1.962740E-011, 2.150400E+004 1.570926E+074 2.150400E+004, Mon Aug 03 15:34:26 2015
1.70, 0.00, 1.60, 0.00 , 5.730692E-004, -5.730360E-004, -1.025596E-012, -3.276180E-011, 2.150400E+004 1.570926E+074 2.150400E+004, Mon Aug 03 15:34:29 2015
1.75, 0.00, 1.60, 0.00 , 5.789041E-004, -5.789280E-004, -2.290338E-013, -5.682630E-011, 2.150400E+004 1.570926E+074 2.150400E+004, Mon Aug 03 15:34:33 2015
1.80, 0.00, 1.60, 0.00 , 5.851667E-004, -5.849840E-004, -1.032629E-013, -1.002080E-010, 2.150400E+004 1.570926E+074 2.150400E+004, Mon Aug 03 15:34:38 2015
1.85, 0.00, 1.60, 0.00 , 5.908981E-004, -5.907670E-004, 8.610040E-013, -1.699910E-010, 2.150400E+004 1.570926E+074 2.150400E+004, Mon Aug 03 15:34:41 2015
1.90, 0.00, 1.60, 0.00 , 5.966643E-004, -5.965380E-004, -6.392085E-012, -2.840380E-010, 2.150400E+004 1.570926E+074 2.150400E+004, Mon Aug 03 15:34:44 2015
1.95, 0.00, 1.60, 0.00 , 6.022190E-004, -6.018900E-004, -6.063865E-013, -4.563230E-010, 2.150400E+004 1.570926E+074 2.150400E+004, Mon Aug 03 15:34:48 2015
2.00, 0.00, 1.60, 0.00 , 6.074366E-004, -6.072380E-004, -8.781850E-012, -7.174170E-010, 2.150400E+004 1.570926E+074 2.150400E+004, Mon Aug 03 15:34:51 2015
