1.75, 1.80, 1.80, 1.80 , -2.410443E-011, 5.567560E-012, 1.189398E-009, -5.332230E-014, 2.150400E+004 1.570926E+074 2.150400E+004, Sat Sep 05 01:55:02 2015
1.75, 1.80, 1.78, 1.80 , -1.785890E-011, 6.691880E-012, 9.570892E-010, -7.498260E-014, 2.150400E+004 1.570926E+074 2.150400E+004, Sat Sep 05 01:55:51 2015
1.75, 1.80, 1.76, 1.80 , -1.566452E-011, 7.105710E-012, 9.413661E-010, -9.939670E-014, 2.150400E+004 1.570926E+074 2.150400E+004, Sat Sep 05 01:56:05 2015
1.75, 1.80, 1.74, 1.80 , -1.680391E-011, 7.438460E-012, 9.684503E-010, -9.797810E-014, 2.150400E+004 1.570926E+074 2.150400E+004, Sat Sep 05 01:56:29 2015
1.75, 1.80, 1.72, 1.80 , -1.638190E-011, 7.994930E-012, 9.039286E-010, -8.994340E-014, 2.150400E+004 1.570926E+074 2.150400E+004, Sat Sep 05 01:56:41 2015
1.75, 1.80, 1.70, 1.80 , -1.612871E-011, 8.637050E-012, 8.955022E-010, -9.583240E-014, 2.150400E+004 1.570926E+074 2.150400E+004, Sat Sep 05 01:56:56 2015
1.75, 1.80, 1.68, 1.80 , -1.422976E-011, 9.929800E-012, 8.609560E-010, -9.400840E-014, 2.150400E+004 1.570926E+074 2.150400E+004, Sat Sep 05 01:57:03 2015
1.75, 1.80, 1.66, 1.80 , -1.790109E-011, 1.105530E-011, 8.354646E-010, -9.303090E-014, 2.150400E+004 1.570926E+074 2.150400E+004, Sat Sep 05 01:57:29 2015
1.75, 1.80, 1.64, 1.80 , -2.085506E-011, 1.403370E-011, 8.160945E-010, -9.335280E-014, 2.150400E+004 1.570926E+074 2.150400E+004, Sat Sep 05 01:57:48 2015
1.75, 1.80, 1.62, 1.80 , -2.359803E-011, 2.052100E-011, 8.012118E-010, -1.023770E-013, 2.150400E+004 1.570926E+074 2.150400E+004, Sat Sep 05 01:57:53 2015
1.75, 1.80, 1.60, 1.80 , -3.364151E-011, 3.211420E-011, 7.929108E-010, -1.203300E-013, 2.150400E+004 1.570926E+074 2.150400E+004, Sat Sep 05 01:58:02 2015
1.75, 1.80, 1.58, 1.80 , -5.651362E-011, 5.591530E-011, 7.613817E-010, -8.294580E-014, 2.150400E+004 1.570926E+074 2.150400E+004, Sat Sep 05 01:58:08 2015
1.75, 1.80, 1.56, 1.80 , -1.026799E-010, 1.029430E-010, 7.445710E-010, -9.416340E-014, 2.150400E+004 1.570926E+074 2.150400E+004, Sat Sep 05 01:58:16 2015
1.75, 1.80, 1.54, 1.80 , -1.973756E-010, 1.996710E-010, 7.337966E-010, -1.003860E-013, 2.150400E+004 1.570926E+074 2.150400E+004, Sat Sep 05 01:58:21 2015
1.75, 1.80, 1.52, 1.80 , -3.900585E-010, 3.947750E-010, 7.078859E-010, -1.062270E-013, 2.150400E+004 1.570926E+074 2.150400E+004, Sat Sep 05 01:58:25 2015
1.75, 1.80, 1.50, 1.80 , -7.782944E-010, 7.868830E-010, 6.976150E-010, -1.056910E-013, 2.150400E+004 1.570926E+074 2.150400E+004, Sat Sep 05 01:58:30 2015
1.75, 1.80, 1.48, 1.80 , -1.570970E-009, 1.575620E-009, 6.788311E-010, -9.647610E-014, 2.150400E+004 1.570926E+074 2.150400E+004, Sat Sep 05 01:58:34 2015
1.75, 1.80, 1.46, 1.80 , -3.119522E-009, 3.134100E-009, 6.692318E-010, -1.071450E-013, 2.150400E+004 1.570926E+074 2.150400E+004, Sat Sep 05 01:58:38 2015
1.75, 1.80, 1.44, 1.80 , -6.169153E-009, 6.207710E-009, 6.698178E-010, -9.545090E-014, 2.150400E+004 1.570926E+074 2.150400E+004, Sat Sep 05 01:58:42 2015
1.75, 1.80, 1.42, 1.80 , -1.199830E-008, 1.199520E-008, 6.583305E-010, -1.111150E-013, 2.150400E+004 1.570926E+074 2.150400E+004, Sat Sep 05 01:58:46 2015
1.75, 1.80, 1.40, 1.80 , -2.256725E-008, 2.245270E-008, 6.258801E-010, -1.146790E-013, 2.150400E+004 1.570926E+074 2.150400E+004, Sat Sep 05 01:58:49 2015
1.75, 1.80, 1.38, 1.80 , -4.104155E-008, 4.105840E-008, 6.055043E-010, -8.641480E-014, 2.150400E+004 1.570926E+074 2.150400E+004, Sat Sep 05 01:58:53 2015
1.75, 1.80, 1.36, 1.80 , -7.091688E-008, 7.082930E-008, 5.861774E-010, -8.758310E-014, 2.150400E+004 1.570926E+074 2.150400E+004, Sat Sep 05 01:58:56 2015
1.75, 1.80, 1.34, 1.80 , -1.172394E-007, 1.173230E-007, 5.746479E-010, -9.737020E-014, 2.150400E+004 1.570926E+074 2.150400E+004, Sat Sep 05 01:59:00 2015
1.75, 1.80, 1.32, 1.80 , -1.829717E-007, 1.829850E-007, 5.658020E-010, -1.028540E-013, 2.150400E+004 1.570926E+074 2.150400E+004, Sat Sep 05 01:59:03 2015
1.75, 1.80, 1.30, 1.80 , -2.701845E-007, 2.696500E-007, 5.518817E-010, -9.584430E-014, 2.150400E+004 1.570926E+074 2.150400E+004, Sat Sep 05 01:59:07 2015
1.75, 1.80, 1.28, 1.80 , -3.805228E-007, 3.803110E-007, 5.386349E-010, -1.002550E-013, 2.150400E+004 1.570926E+074 2.150400E+004, Sat Sep 05 01:59:10 2015
1.75, 1.80, 1.26, 1.80 , -5.112356E-007, 5.110410E-007, 5.211096E-010, -1.030680E-013, 2.150400E+004 1.570926E+074 2.150400E+004, Sat Sep 05 01:59:14 2015
1.75, 1.80, 1.24, 1.80 , -6.598819E-007, 6.598960E-007, 5.031656E-010, -1.036290E-013, 2.150400E+004 1.570926E+074 2.150400E+004, Sat Sep 05 01:59:18 2015
1.75, 1.80, 1.22, 1.80 , -8.259443E-007, 8.254360E-007, 4.848863E-010, -9.654760E-014, 2.150400E+004 1.570926E+074 2.150400E+004, Sat Sep 05 01:59:21 2015
1.75, 1.80, 1.20, 1.80 , -1.001388E-006, 1.002300E-006, 4.715958E-010, -1.031160E-013, 2.150400E+004 1.570926E+074 2.150400E+004, Sat Sep 05 01:59:25 2015
1.75, 1.80, 1.18, 1.80 , -1.189959E-006, 1.190890E-006, 4.521008E-010, -9.906290E-014, 2.150400E+004 1.570926E+074 2.150400E+004, Sat Sep 05 01:59:28 2015
1.75, 1.80, 1.16, 1.80 , -1.381808E-006, 1.381430E-006, 4.362531E-010, -1.074430E-013, 2.150400E+004 1.570926E+074 2.150400E+004, Sat Sep 05 01:59:33 2015
1.75, 1.80, 1.14, 1.80 , -1.578900E-006, 1.579200E-006, 4.256041E-010, -1.135350E-013, 2.150400E+004 1.570926E+074 2.150400E+004, Sat Sep 05 01:59:37 2015
1.75, 1.80, 1.12, 1.80 , -1.780996E-006, 1.780390E-006, 4.107623E-010, -1.055480E-013, 2.150400E+004 1.570926E+074 2.150400E+004, Sat Sep 05 01:59:41 2015
1.75, 1.80, 1.10, 1.80 , -1.984791E-006, 1.983910E-006, 3.956695E-010, -9.416340E-014, 2.150400E+004 1.570926E+074 2.150400E+004, Sat Sep 05 01:59:44 2015
1.75, 1.80, 1.08, 1.80 , -2.188914E-006, 2.187240E-006, 3.819183E-010, -1.026750E-013, 2.150400E+004 1.570926E+074 2.150400E+004, Sat Sep 05 01:59:48 2015
1.75, 1.80, 1.06, 1.80 , -2.391291E-006, 2.391360E-006, 3.705980E-010, -9.925370E-014, 2.150400E+004 1.570926E+074 2.150400E+004, Sat Sep 05 01:59:51 2015
1.75, 1.80, 1.04, 1.80 , -2.591310E-006, 2.591130E-006, 3.538706E-010, -9.663110E-014, 2.150400E+004 1.570926E+074 2.150400E+004, Sat Sep 05 01:59:55 2015
1.75, 1.80, 1.02, 1.80 , -2.791837E-006, 2.790320E-006, 3.446884E-010, -1.063700E-013, 2.150400E+004 1.570926E+074 2.150400E+004, Sat Sep 05 01:59:58 2015
1.75, 1.80, 1.00, 1.80 , -2.989759E-006, 2.990040E-006, 3.293859E-010, -1.003500E-013, 2.150400E+004 1.570926E+074 2.150400E+004, Sat Sep 05 02:00:02 2015
1.75, 1.80, 0.98, 1.80 , -3.185228E-006, 3.186120E-006, 3.135797E-010, -9.261370E-014, 2.150400E+004 1.570926E+074 2.150400E+004, Sat Sep 05 02:00:05 2015
1.75, 1.80, 0.96, 1.80 , -3.375957E-006, 3.376470E-006, 3.015057E-010, -1.114010E-013, 2.150400E+004 1.570926E+074 2.150400E+004, Sat Sep 05 02:00:09 2015
1.75, 1.80, 0.94, 1.80 , -3.567589E-006, 3.567690E-006, 2.835195E-010, -1.163720E-013, 2.150400E+004 1.570926E+074 2.150400E+004, Sat Sep 05 02:00:13 2015
1.75, 1.80, 0.92, 1.80 , -3.752869E-006, 3.753160E-006, 2.685110E-010, -1.069660E-013, 2.150400E+004 1.570926E+074 2.150400E+004, Sat Sep 05 02:00:16 2015
1.75, 1.80, 0.90, 1.80 , -3.936630E-006, 3.935470E-006, 2.547172E-010, -1.339200E-013, 2.150400E+004 1.570926E+074 2.150400E+004, Sat Sep 05 02:00:20 2015
1.75, 1.80, 0.88, 1.80 , -4.116939E-006, 4.117460E-006, 2.412594E-010, -1.066330E-013, 2.150400E+004 1.570926E+074 2.150400E+004, Sat Sep 05 02:00:23 2015
1.75, 1.80, 0.86, 1.80 , -4.296460E-006, 4.295050E-006, 2.291434E-010, -1.031760E-013, 2.150400E+004 1.570926E+074 2.150400E+004, Sat Sep 05 02:00:27 2015
1.75, 1.80, 0.84, 1.80 , -4.469300E-006, 4.469570E-006, 2.128762E-010, -9.661910E-014, 2.150400E+004 1.570926E+074 2.150400E+004, Sat Sep 05 02:00:30 2015
1.75, 1.80, 0.82, 1.80 , -4.640882E-006, 4.638430E-006, 2.009274E-010, -9.615420E-014, 2.150400E+004 1.570926E+074 2.150400E+004, Sat Sep 05 02:00:34 2015
1.75, 1.80, 0.80, 1.80 , -4.805964E-006, 4.807210E-006, 1.849122E-010, -9.462830E-014, 2.150400E+004 1.570926E+074 2.150400E+004, Sat Sep 05 02:00:37 2015
1.75, 1.80, 0.78, 1.80 , -4.972090E-006, 4.972170E-006, 1.683513E-010, -1.133560E-013, 2.150400E+004 1.570926E+074 2.150400E+004, Sat Sep 05 02:00:41 2015
1.75, 1.80, 0.76, 1.80 , -5.135589E-006, 5.134170E-006, 1.581217E-010, -9.330510E-014, 2.150400E+004 1.570926E+074 2.150400E+004, Sat Sep 05 02:00:45 2015
1.75, 1.80, 0.74, 1.80 , -5.291718E-006, 5.291680E-006, 1.443704E-010, -1.081470E-013, 2.150400E+004 1.570926E+074 2.150400E+004, Sat Sep 05 02:00:48 2015
1.75, 1.80, 0.72, 1.80 , -5.444723E-006, 5.446570E-006, 1.285645E-010, -9.002690E-014, 2.150400E+004 1.570926E+074 2.150400E+004, Sat Sep 05 02:00:52 2015
1.75, 1.80, 0.70, 1.80 , -5.600185E-006, 5.599860E-006, 1.166999E-010, -1.177910E-013, 2.150400E+004 1.570926E+074 2.150400E+004, Sat Sep 05 02:00:55 2015
1.75, 1.80, 0.68, 1.80 , -5.748990E-006, 5.749200E-006, 1.041222E-010, -1.039150E-013, 2.150400E+004 1.570926E+074 2.150400E+004, Sat Sep 05 02:00:59 2015
1.75, 1.80, 0.66, 1.80 , -5.896156E-006, 5.895100E-006, 9.003558E-011, -1.026990E-013, 2.150400E+004 1.570926E+074 2.150400E+004, Sat Sep 05 02:01:02 2015
1.75, 1.80, 0.64, 1.80 , -6.039644E-006, 6.038860E-006, 8.022492E-011, -1.083490E-013, 2.150400E+004 1.570926E+074 2.150400E+004, Sat Sep 05 02:01:06 2015
1.75, 1.80, 0.62, 1.80 , -6.180206E-006, 6.180790E-006, 6.622201E-011, -7.779600E-014, 2.150400E+004 1.570926E+074 2.150400E+004, Sat Sep 05 02:01:09 2015
1.75, 1.80, 0.60, 1.80 , -6.321344E-006, 6.320050E-006, 5.569883E-011, -9.714370E-014, 2.150400E+004 1.570926E+074 2.150400E+004, Sat Sep 05 02:01:13 2015
1.75, 1.80, 0.58, 1.80 , -6.457450E-006, 6.456460E-006, 4.446287E-011, -9.787080E-014, 2.150400E+004 1.570926E+074 2.150400E+004, Sat Sep 05 02:01:17 2015
1.75, 1.80, 0.56, 1.80 , -6.591134E-006, 6.589500E-006, 3.389788E-011, -1.080040E-013, 2.150400E+004 1.570926E+074 2.150400E+004, Sat Sep 05 02:01:20 2015
1.75, 1.80, 0.54, 1.80 , -6.721158E-006, 6.720730E-006, 2.329073E-011, -8.088350E-014, 2.150400E+004 1.570926E+074 2.150400E+004, Sat Sep 05 02:01:24 2015
1.75, 1.80, 0.52, 1.80 , -6.851416E-006, 6.851900E-006, 1.075511E-011, -8.293390E-014, 2.150400E+004 1.570926E+074 2.150400E+004, Sat Sep 05 02:01:27 2015
1.75, 1.80, 0.50, 1.80 , -6.981535E-006, 6.981590E-006, 1.196186E-012, -8.918050E-014, 2.150400E+004 1.570926E+074 2.150400E+004, Sat Sep 05 02:01:31 2015
1.75, 1.80, 0.48, 1.80 , -7.105387E-006, 7.104320E-006, -8.069233E-012, -1.062150E-013, 2.150400E+004 1.570926E+074 2.150400E+004, Sat Sep 05 02:01:34 2015
1.75, 1.80, 0.46, 1.80 , -7.226799E-006, 7.229470E-006, -1.821511E-011, -8.362530E-014, 2.150400E+004 1.570926E+074 2.150400E+004, Sat Sep 05 02:01:38 2015
1.75, 1.80, 0.44, 1.80 , -7.349645E-006, 7.348670E-006, -2.337193E-011, -9.473560E-014, 2.150400E+004 1.570926E+074 2.150400E+004, Sat Sep 05 02:01:41 2015
1.75, 1.80, 0.42, 1.80 , -7.467735E-006, 7.465550E-006, -3.586685E-011, -1.044510E-013, 2.150400E+004 1.570926E+074 2.150400E+004, Sat Sep 05 02:01:45 2015
1.75, 1.80, 0.40, 1.80 , -7.584968E-006, 7.584880E-006, -4.190469E-011, -9.858610E-014, 2.150400E+004 1.570926E+074 2.150400E+004, Sat Sep 05 02:01:49 2015
1.75, 1.80, 0.38, 1.80 , -7.703033E-006, 7.702280E-006, -5.314173E-011, -1.168250E-013, 2.150400E+004 1.570926E+074 2.150400E+004, Sat Sep 05 02:01:52 2015
1.75, 1.80, 0.36, 1.80 , -7.817013E-006, 7.815890E-006, -6.341438E-011, -8.064510E-014, 2.150400E+004 1.570926E+074 2.150400E+004, Sat Sep 05 02:01:56 2015
1.75, 1.80, 0.34, 1.80 , -7.925511E-006, 7.925450E-006, -7.058427E-011, -8.809570E-014, 2.150400E+004 1.570926E+074 2.150400E+004, Sat Sep 05 02:01:59 2015
1.75, 1.80, 0.32, 1.80 , -8.039690E-006, 8.039780E-006, -8.056344E-011, -9.673830E-014, 2.150400E+004 1.570926E+074 2.150400E+004, Sat Sep 05 02:02:03 2015
1.75, 1.80, 0.30, 1.80 , -8.149412E-006, 8.147670E-006, -8.756562E-011, -7.774830E-014, 2.150400E+004 1.570926E+074 2.150400E+004, Sat Sep 05 02:02:06 2015
1.75, 1.80, 0.28, 1.80 , -8.256931E-006, 8.257340E-006, -9.611908E-011, -1.002430E-013, 2.150400E+004 1.570926E+074 2.150400E+004, Sat Sep 05 02:02:10 2015
1.75, 1.80, 0.26, 1.80 , -8.362928E-006, 8.360690E-006, -1.033311E-010, -1.036760E-013, 2.150400E+004 1.570926E+074 2.150400E+004, Sat Sep 05 02:02:13 2015
1.75, 1.80, 0.24, 1.80 , -8.467953E-006, 8.467700E-006, -1.132264E-010, -1.197930E-013, 2.150400E+004 1.570926E+074 2.150400E+004, Sat Sep 05 02:02:17 2015
1.75, 1.80, 0.22, 1.80 , -8.572313E-006, 8.572720E-006, -1.229958E-010, -1.161690E-013, 2.150400E+004 1.570926E+074 2.150400E+004, Sat Sep 05 02:02:21 2015
1.75, 1.80, 0.20, 1.80 , -8.676393E-006, 8.678360E-006, -1.311300E-010, -9.479520E-014, 2.150400E+004 1.570926E+074 2.150400E+004, Sat Sep 05 02:02:24 2015
1.75, 1.80, 0.18, 1.80 , -8.778237E-006, 8.778970E-006, -1.422833E-010, -1.080990E-013, 2.150400E+004 1.570926E+074 2.150400E+004, Sat Sep 05 02:02:28 2015
1.75, 1.80, 0.16, 1.80 , -8.881357E-006, 8.883160E-006, -1.505433E-010, -1.056080E-013, 2.150400E+004 1.570926E+074 2.150400E+004, Sat Sep 05 02:02:31 2015
1.75, 1.80, 0.14, 1.80 , -8.985665E-006, 8.986040E-006, -1.593065E-010, -1.037480E-013, 2.150400E+004 1.570926E+074 2.150400E+004, Sat Sep 05 02:02:35 2015
1.75, 1.80, 0.12, 1.80 , -9.087476E-006, 9.088170E-006, -1.707113E-010, -1.084330E-013, 2.150400E+004 1.570926E+074 2.150400E+004, Sat Sep 05 02:02:38 2015
1.75, 1.80, 0.10, 1.80 , -9.183999E-006, 9.182940E-006, -1.790552E-010, -1.013160E-013, 2.150400E+004 1.570926E+074 2.150400E+004, Sat Sep 05 02:02:42 2015
1.75, 1.80, 0.08, 1.80 , -9.281179E-006, 9.279240E-006, -1.910891E-010, -1.025080E-013, 2.150400E+004 1.570926E+074 2.150400E+004, Sat Sep 05 02:02:45 2015
1.75, 1.80, 0.06, 1.80 , -9.375112E-006, 9.374680E-006, -1.969589E-010, -8.151530E-014, 2.150400E+004 1.570926E+074 2.150400E+004, Sat Sep 05 02:02:49 2015
1.75, 1.80, 0.04, 1.80 , -9.468948E-006, 9.467980E-006, -2.065184E-010, -1.035450E-013, 2.150400E+004 1.570926E+074 2.150400E+004, Sat Sep 05 02:02:53 2015
1.75, 1.80, 0.02, 1.80 , -9.562366E-006, 9.562090E-006, -2.201879E-010, -1.156090E-013, 2.150400E+004 1.570926E+074 2.150400E+004, Sat Sep 05 02:02:56 2015
1.75, 1.80, 0.00, 1.80 , -9.652961E-006, 9.654260E-006, -2.281124E-010, -9.137390E-014, 2.150400E+004 1.570926E+074 2.150400E+004, Sat Sep 05 02:03:00 2015
1.75, 1.80, -0.02, 1.80 , -9.745679E-006, 9.743950E-006, -2.351146E-010, -8.727310E-014, 2.150400E+004 1.570926E+074 2.150400E+004, Sat Sep 05 02:03:03 2015
1.75, 1.80, -0.04, 1.80 , -9.832546E-006, 9.832850E-006, -2.507124E-010, -8.817910E-014, 2.150400E+004 1.570926E+074 2.150400E+004, Sat Sep 05 02:03:07 2015
1.75, 1.80, -0.06, 1.80 , -9.921171E-006, 9.919620E-006, -2.559953E-010, -8.391140E-014, 2.150400E+004 1.570926E+074 2.150400E+004, Sat Sep 05 02:03:10 2015
1.75, 1.80, -0.08, 1.80 , -1.000841E-005, 1.000450E-005, -2.684903E-010, -1.062750E-013, 2.150400E+004 1.570926E+074 2.150400E+004, Sat Sep 05 02:03:14 2015
1.75, 1.80, -0.10, 1.80 , -1.009355E-005, 1.009020E-005, -2.790558E-010, -8.440020E-014, 2.150400E+004 1.570926E+074 2.150400E+004, Sat Sep 05 02:03:17 2015
1.75, 1.80, -0.12, 1.80 , -1.017981E-005, 1.016950E-005, -2.861425E-010, -1.133080E-013, 2.150400E+004 1.570926E+074 2.150400E+004, Sat Sep 05 02:03:21 2015
1.75, 1.80, -0.14, 1.80 , -1.026141E-005, 1.025470E-005, -2.964152E-010, -1.008870E-013, 2.150400E+004 1.570926E+074 2.150400E+004, Sat Sep 05 02:03:25 2015
1.75, 1.80, -0.16, 1.80 , -1.034186E-005, 1.033590E-005, -3.039626E-010, -1.138930E-013, 2.150400E+004 1.570926E+074 2.150400E+004, Sat Sep 05 02:03:28 2015
1.75, 1.80, -0.18, 1.80 , -1.042183E-005, 1.041800E-005, -3.159541E-010, -9.988550E-014, 2.150400E+004 1.570926E+074 2.150400E+004, Sat Sep 05 02:03:32 2015
1.75, 1.80, -0.20, 1.80 , -1.050612E-005, 1.050140E-005, -3.201890E-010, -1.055480E-013, 2.150400E+004 1.570926E+074 2.150400E+004, Sat Sep 05 02:03:35 2015
