1.80, 1.80, 1.40, 1.80 , 3.027080E-010, 4.592060E-011, 3.343662E-011, -9.545090E-014, 2.150400E+004 1.570926E+074 2.150400E+004, Thu Sep 10 01:45:08 2015
1.75, 1.80, 1.40, 1.80 , 2.676852E-010, 4.540260E-011, 3.461054E-011, -9.980200E-014, 2.150400E+004 1.570926E+074 2.150400E+004, Thu Sep 10 01:45:13 2015
1.70, 1.80, 1.40, 1.80 , 2.302571E-010, 4.506160E-011, 3.649715E-011, -1.071330E-013, 2.150400E+004 1.570926E+074 2.150400E+004, Thu Sep 10 01:45:27 2015
1.65, 1.80, 1.40, 1.80 , 2.062472E-010, 4.507880E-011, 3.842572E-011, -1.149180E-013, 2.150400E+004 1.570926E+074 2.150400E+004, Thu Sep 10 01:45:33 2015
1.60, 1.80, 1.40, 1.80 , 1.791995E-010, 4.507360E-011, 3.955775E-011, -9.444950E-014, 2.150400E+004 1.570926E+074 2.150400E+004, Thu Sep 10 01:45:45 2015
1.55, 1.80, 1.40, 1.80 , 1.525313E-010, 4.505680E-011, 3.859342E-011, -9.243490E-014, 2.150400E+004 1.570926E+074 2.150400E+004, Thu Sep 10 01:45:53 2015
1.50, 1.80, 1.40, 1.80 , 1.427840E-010, 4.494140E-011, 4.048006E-011, -8.864400E-014, 2.150400E+004 1.570926E+074 2.150400E+004, Thu Sep 10 01:45:58 2015
1.45, 1.80, 1.40, 1.80 , 1.143014E-010, 4.487300E-011, 3.897080E-011, -6.012920E-014, 2.150400E+004 1.570926E+074 2.150400E+004, Thu Sep 10 01:46:23 2015
1.40, 1.80, 1.40, 1.80 , 1.055668E-010, 4.480230E-011, 4.094133E-011, -9.961130E-014, 2.150400E+004 1.570926E+074 2.150400E+004, Thu Sep 10 01:46:29 2015
1.35, 1.80, 1.40, 1.80 , 9.269695E-011, 4.483970E-011, 4.031237E-011, -1.124140E-013, 2.150400E+004 1.570926E+074 2.150400E+004, Thu Sep 10 01:46:37 2015
1.30, 1.80, 1.40, 1.80 , 7.683110E-011, 4.475520E-011, 4.391792E-011, -1.145840E-013, 2.150400E+004 1.570926E+074 2.150400E+004, Thu Sep 10 01:46:48 2015
1.25, 1.80, 1.40, 1.80 , 8.898365E-011, 4.465660E-011, 4.257640E-011, -1.127720E-013, 2.150400E+004 1.570926E+074 2.150400E+004, Thu Sep 10 01:47:05 2015
1.20, 1.80, 1.40, 1.80 , 6.045895E-011, 4.469160E-011, 3.985123E-011, -1.049280E-013, 2.150400E+004 1.570926E+074 2.150400E+004, Thu Sep 10 01:47:11 2015
1.15, 1.80, 1.40, 1.80 , 6.037458E-011, 4.451290E-011, 4.295372E-011, -8.382800E-014, 2.150400E+004 1.570926E+074 2.150400E+004, Thu Sep 10 01:47:35 2015
1.10, 1.80, 1.40, 1.80 , 5.290583E-011, 4.433930E-011, 3.829998E-011, -7.735490E-014, 2.150400E+004 1.570926E+074 2.150400E+004, Thu Sep 10 01:47:55 2015
1.05, 1.80, 1.40, 1.80 , 3.564752E-011, 4.427460E-011, 4.161207E-011, -8.769040E-014, 2.150400E+004 1.570926E+074 2.150400E+004, Thu Sep 10 01:48:34 2015
1.00, 1.80, 1.40, 1.80 , 7.207215E-012, 4.424410E-011, 4.576262E-011, -9.734630E-014, 2.150400E+004 1.570926E+074 2.150400E+004, Thu Sep 10 01:48:51 2015
0.95, 1.80, 1.40, 1.80 , 9.654600E-012, 4.408540E-011, 4.240864E-011, -1.090290E-013, 2.150400E+004 1.570926E+074 2.150400E+004, Thu Sep 10 01:49:02 2015
0.90, 1.80, 1.40, 1.80 , 5.688146E-012, 4.392580E-011, 4.073167E-011, -1.062510E-013, 2.150400E+004 1.570926E+074 2.150400E+004, Thu Sep 10 01:49:06 2015
0.85, 1.80, 1.40, 1.80 , 7.966746E-012, 4.390440E-011, 4.123474E-011, -1.039390E-013, 2.150400E+004 1.570926E+074 2.150400E+004, Thu Sep 10 01:49:09 2015
0.80, 1.80, 1.40, 1.80 , -1.625543E-011, 4.396650E-011, 4.270215E-011, -1.152280E-013, 2.150400E+004 1.570926E+074 2.150400E+004, Thu Sep 10 01:49:14 2015
0.75, 1.80, 1.40, 1.80 , -8.448468E-012, 4.399670E-011, 4.207319E-011, -1.060840E-013, 2.150400E+004 1.570926E+074 2.150400E+004, Thu Sep 10 01:49:25 2015
0.70, 1.80, 1.40, 1.80 , -9.545658E-012, 4.381070E-011, 4.412755E-011, -9.472370E-014, 2.150400E+004 1.570926E+074 2.150400E+004, Thu Sep 10 01:50:39 2015
0.65, 1.80, 1.40, 1.80 , -2.570814E-011, 4.357940E-011, 4.597232E-011, -9.742980E-014, 2.150400E+004 1.570926E+074 2.150400E+004, Thu Sep 10 01:51:08 2015
0.60, 1.80, 1.40, 1.80 , -3.199593E-011, 4.362210E-011, 4.203128E-011, -9.976630E-014, 2.150400E+004 1.570926E+074 2.150400E+004, Thu Sep 10 01:51:18 2015
0.55, 1.80, 1.40, 1.80 , -3.406371E-011, 4.306850E-011, 4.463059E-011, -9.599920E-014, 2.150400E+004 1.570926E+074 2.150400E+004, Thu Sep 10 01:51:57 2015
0.50, 1.80, 1.40, 1.80 , -5.351775E-011, 4.298360E-011, 4.542725E-011, -1.032830E-013, 2.150400E+004 1.570926E+074 2.150400E+004, Thu Sep 10 01:52:12 2015
0.45, 1.80, 1.40, 1.80 , -4.841159E-011, 4.309230E-011, 4.345672E-011, -1.085520E-013, 2.150400E+004 1.570926E+074 2.150400E+004, Thu Sep 10 01:53:52 2015
0.40, 1.80, 1.40, 1.80 , -5.980555E-011, 4.313800E-011, 4.601412E-011, -1.001830E-013, 2.150400E+004 1.570926E+074 2.150400E+004, Thu Sep 10 01:53:59 2015
0.35, 1.80, 1.40, 1.80 , -6.710606E-011, 4.310200E-011, 4.672688E-011, -9.788270E-014, 2.150400E+004 1.570926E+074 2.150400E+004, Thu Sep 10 01:54:13 2015
0.30, 1.80, 1.40, 1.80 , -7.314062E-011, 4.316060E-011, 4.408558E-011, -8.997920E-014, 2.150400E+004 1.570926E+074 2.150400E+004, Thu Sep 10 01:54:17 2015
0.25, 1.80, 1.40, 1.80 , -8.098984E-011, 4.345590E-011, 4.777502E-011, -9.701250E-014, 2.150400E+004 1.570926E+074 2.150400E+004, Thu Sep 10 01:54:52 2015
0.20, 1.80, 1.40, 1.80 , -6.702169E-011, 4.341570E-011, 4.484027E-011, -1.031160E-013, 2.150400E+004 1.570926E+074 2.150400E+004, Thu Sep 10 01:55:05 2015
0.15, 1.80, 1.40, 1.80 , -9.103330E-011, 4.360170E-011, 4.865542E-011, -8.630750E-014, 2.150400E+004 1.570926E+074 2.150400E+004, Thu Sep 10 01:55:18 2015
0.10, 1.80, 1.40, 1.80 , -9.732116E-011, 4.348640E-011, 5.121287E-011, -1.228930E-013, 2.150400E+004 1.570926E+074 2.150400E+004, Thu Sep 10 01:55:22 2015
0.05, 1.80, 1.40, 1.80 , -1.081242E-010, 4.368260E-011, 4.785885E-011, -1.088620E-013, 2.150400E+004 1.570926E+074 2.150400E+004, Thu Sep 10 01:55:35 2015
0.00, 1.80, 1.40, 1.80 , -1.183365E-010, 4.374630E-011, 4.685263E-011, -9.255410E-014, 2.150400E+004 1.570926E+074 2.150400E+004, Thu Sep 10 01:55:47 2015
-0.05, 1.80, 1.40, 1.80 , -1.301947E-010, 4.378010E-011, 4.794271E-011, -9.909870E-014, 2.150400E+004 1.570926E+074 2.150400E+004, Thu Sep 10 01:55:53 2015
-0.10, 1.80, 1.40, 1.80 , -1.368201E-010, 4.383450E-011, 5.083552E-011, -9.402040E-014, 2.150400E+004 1.570926E+074 2.150400E+004, Thu Sep 10 01:55:59 2015
-0.15, 1.80, 1.40, 1.80 , -1.443737E-010, 4.371440E-011, 5.238677E-011, -8.317230E-014, 2.150400E+004 1.570926E+074 2.150400E+004, Thu Sep 10 01:56:07 2015
-0.20, 1.80, 1.40, 1.80 , -1.485093E-010, 4.404490E-011, 4.978742E-011, -9.056330E-014, 2.150400E+004 1.570926E+074 2.150400E+004, Thu Sep 10 01:56:28 2015
