1.80, 1.80, 0.20, 1.80 , 2.671362E-010, 3.679270E-011, -5.213544E-011, -9.040830E-014, 2.150400E+004 1.570926E+074 2.150400E+004, Thu Sep 10 02:01:52 2015
1.75, 1.80, 0.20, 1.80 , -3.694952E-007, 3.716920E-007, -4.873914E-011, -9.616610E-014, 2.150400E+004 1.570926E+074 2.150400E+004, Thu Sep 10 02:01:59 2015
1.70, 1.80, 0.20, 1.80 , -1.795347E-006, 1.799230E-006, -5.024861E-011, -1.012210E-013, 2.150400E+004 1.570926E+074 2.150400E+004, Thu Sep 10 02:02:02 2015
1.65, 1.80, 0.20, 1.80 , -4.957085E-006, 4.964440E-006, -5.012281E-011, -8.919240E-014, 2.150400E+004 1.570926E+074 2.150400E+004, Thu Sep 10 02:02:06 2015
1.60, 1.80, 0.20, 1.80 , -1.147816E-005, 1.148800E-005, -4.739743E-011, -9.078980E-014, 2.150400E+004 1.570926E+074 2.150400E+004, Thu Sep 10 02:02:10 2015
1.55, 1.80, 0.20, 1.80 , -2.128409E-005, 2.129450E-005, -5.037440E-011, -1.057150E-013, 2.150400E+004 1.570926E+074 2.150400E+004, Thu Sep 10 02:02:13 2015
1.50, 1.80, 0.20, 1.80 , -3.251664E-005, 3.252510E-005, -4.576218E-011, -9.499790E-014, 2.150400E+004 1.570926E+074 2.150400E+004, Thu Sep 10 02:02:17 2015
1.45, 1.80, 0.20, 1.80 , -4.408685E-005, 4.409220E-005, -4.685235E-011, -1.117230E-013, 2.150400E+004 1.570926E+074 2.150400E+004, Thu Sep 10 02:02:20 2015
1.40, 1.80, 0.20, 1.80 , -5.546112E-005, 5.546380E-005, -4.542677E-011, -8.654590E-014, 2.150400E+004 1.570926E+074 2.150400E+004, Thu Sep 10 02:02:24 2015
1.35, 1.80, 0.20, 1.80 , -6.636568E-005, 6.636370E-005, -4.798444E-011, -9.949210E-014, 2.150400E+004 1.570926E+074 2.150400E+004, Thu Sep 10 02:02:27 2015
1.30, 1.80, 0.20, 1.80 , -7.664376E-005, 7.665380E-005, -4.739743E-011, -9.318590E-014, 2.150400E+004 1.570926E+074 2.150400E+004, Thu Sep 10 02:02:31 2015
1.25, 1.80, 0.20, 1.80 , -8.622724E-005, 8.622300E-005, -4.928424E-011, -1.069660E-013, 2.150400E+004 1.570926E+074 2.150400E+004, Thu Sep 10 02:02:34 2015
1.20, 1.80, 0.20, 1.80 , -9.503857E-005, 9.503500E-005, -4.722969E-011, -9.166000E-014, 2.150400E+004 1.570926E+074 2.150400E+004, Thu Sep 10 02:02:38 2015
1.15, 1.80, 0.20, 1.80 , -1.029805E-004, 1.029680E-004, -4.727162E-011, -1.104470E-013, 2.150400E+004 1.570926E+074 2.150400E+004, Thu Sep 10 02:02:42 2015
1.10, 1.80, 0.20, 1.80 , -1.100257E-004, 1.100240E-004, -4.836180E-011, -9.808540E-014, 2.150400E+004 1.570926E+074 2.150400E+004, Thu Sep 10 02:02:45 2015
1.05, 1.80, 0.20, 1.80 , -1.161905E-004, 1.161910E-004, -4.408502E-011, -9.055140E-014, 2.150400E+004 1.570926E+074 2.150400E+004, Thu Sep 10 02:02:49 2015
1.00, 1.80, 0.20, 1.80 , -1.215260E-004, 1.215100E-004, -4.433659E-011, -1.023890E-013, 2.150400E+004 1.570926E+074 2.150400E+004, Thu Sep 10 02:02:52 2015
0.95, 1.80, 0.20, 1.80 , -1.260291E-004, 1.260300E-004, -4.517517E-011, -1.024960E-013, 2.150400E+004 1.570926E+074 2.150400E+004, Thu Sep 10 02:02:56 2015
0.90, 1.80, 0.20, 1.80 , -1.298054E-004, 1.297900E-004, -4.588795E-011, -9.254220E-014, 2.150400E+004 1.570926E+074 2.150400E+004, Thu Sep 10 02:02:59 2015
0.85, 1.80, 0.20, 1.80 , -1.328841E-004, 1.328840E-004, -4.920037E-011, -9.107590E-014, 2.150400E+004 1.570926E+074 2.150400E+004, Thu Sep 10 02:03:03 2015
0.80, 1.80, 0.20, 1.80 , -1.353306E-004, 1.353240E-004, -4.333026E-011, -1.105070E-013, 2.150400E+004 1.570926E+074 2.150400E+004, Thu Sep 10 02:03:06 2015
0.75, 1.80, 0.20, 1.80 , -1.373100E-004, 1.373020E-004, -4.379150E-011, -9.711980E-014, 2.150400E+004 1.570926E+074 2.150400E+004, Thu Sep 10 02:03:10 2015
0.70, 1.80, 0.20, 1.80 , -1.388795E-004, 1.388670E-004, -4.429467E-011, -8.708240E-014, 2.150400E+004 1.570926E+074 2.150400E+004, Thu Sep 10 02:03:14 2015
0.65, 1.80, 0.20, 1.80 , -1.401285E-004, 1.401110E-004, -4.454622E-011, -8.986000E-014, 2.150400E+004 1.570926E+074 2.150400E+004, Thu Sep 10 02:03:17 2015
0.60, 1.80, 0.20, 1.80 , -1.411675E-004, 1.411670E-004, -4.433658E-011, -1.054050E-013, 2.150400E+004 1.570926E+074 2.150400E+004, Thu Sep 10 02:03:21 2015
0.55, 1.80, 0.20, 1.80 , -1.420011E-004, 1.419990E-004, -4.559446E-011, -1.131180E-013, 2.150400E+004 1.570926E+074 2.150400E+004, Thu Sep 10 02:03:24 2015
0.50, 1.80, 0.20, 1.80 , -1.427587E-004, 1.427480E-004, -4.404308E-011, -9.998080E-014, 2.150400E+004 1.570926E+074 2.150400E+004, Thu Sep 10 02:03:28 2015
0.45, 1.80, 0.20, 1.80 , -1.434236E-004, 1.434150E-004, -4.169504E-011, -8.728500E-014, 2.150400E+004 1.570926E+074 2.150400E+004, Thu Sep 10 02:03:31 2015
0.40, 1.80, 0.20, 1.80 , -1.440228E-004, 1.440170E-004, -4.341414E-011, -1.053210E-013, 2.150400E+004 1.570926E+074 2.150400E+004, Thu Sep 10 02:03:35 2015
0.35, 1.80, 0.20, 1.80 , -1.445705E-004, 1.445630E-004, -4.387537E-011, -1.158710E-013, 2.150400E+004 1.570926E+074 2.150400E+004, Thu Sep 10 02:03:38 2015
0.30, 1.80, 0.20, 1.80 , -1.450655E-004, 1.450560E-004, -4.416886E-011, -1.034980E-013, 2.150400E+004 1.570926E+074 2.150400E+004, Thu Sep 10 02:03:42 2015
0.25, 1.80, 0.20, 1.80 , -1.455090E-004, 1.455000E-004, -3.800525E-011, -7.565020E-014, 2.150400E+004 1.570926E+074 2.150400E+004, Thu Sep 10 02:03:45 2015
0.20, 1.80, 0.20, 1.80 , -1.459575E-004, 1.459580E-004, -4.005979E-011, -8.493660E-014, 2.150400E+004 1.570926E+074 2.150400E+004, Thu Sep 10 02:03:49 2015
0.15, 1.80, 0.20, 1.80 , -1.463870E-004, 1.463810E-004, -3.687316E-011, -8.276700E-014, 2.150400E+004 1.570926E+074 2.150400E+004, Thu Sep 10 02:03:52 2015
0.10, 1.80, 0.20, 1.80 , -1.468385E-004, 1.468690E-004, -4.047908E-011, -1.057740E-013, 2.150400E+004 1.570926E+074 2.150400E+004, Thu Sep 10 02:03:56 2015
0.05, 1.80, 0.20, 1.80 , -1.472847E-004, 1.472640E-004, -4.068872E-011, -9.218450E-014, 2.150400E+004 1.570926E+074 2.150400E+004, Thu Sep 10 02:04:00 2015
0.00, 1.80, 0.20, 1.80 , -1.476210E-004, 1.476440E-004, -4.010171E-011, -9.961130E-014, 2.150400E+004 1.570926E+074 2.150400E+004, Thu Sep 10 02:04:03 2015
-0.05, 1.80, 0.20, 1.80 , -1.480722E-004, 1.480500E-004, -4.131766E-011, -6.507630E-014, 2.150400E+004 1.570926E+074 2.150400E+004, Thu Sep 10 02:04:07 2015
-0.10, 1.80, 0.20, 1.80 , -1.485003E-004, 1.485070E-004, -4.039524E-011, -9.331700E-014, 2.150400E+004 1.570926E+074 2.150400E+004, Thu Sep 10 02:04:10 2015
-0.15, 1.80, 0.20, 1.80 , -1.489589E-004, 1.489620E-004, -4.043716E-011, -1.041650E-013, 2.150400E+004 1.570926E+074 2.150400E+004, Thu Sep 10 02:04:14 2015
-0.20, 1.80, 0.20, 1.80 , -1.494451E-004, 1.494320E-004, -4.043716E-011, -1.028660E-013, 2.150400E+004 1.570926E+074 2.150400E+004, Thu Sep 10 02:04:17 2015
