1.80, 1.80, -0.20, 1.80 , 2.210579E-010, 1.119490E-010, -8.245031E-011, -1.079440E-013, 2.150400E+004 1.570926E+074 2.150400E+004, Thu Sep 10 02:04:27 2015
1.75, 1.80, -0.20, 1.80 , -4.410591E-007, 4.433210E-007, -7.800582E-011, -9.423490E-014, 2.150400E+004 1.570926E+074 2.150400E+004, Thu Sep 10 02:04:31 2015
1.70, 1.80, -0.20, 1.80 , -2.172892E-006, 2.177690E-006, -7.549004E-011, -8.529420E-014, 2.150400E+004 1.570926E+074 2.150400E+004, Thu Sep 10 02:04:35 2015
1.65, 1.80, -0.20, 1.80 , -6.287128E-006, 6.297520E-006, -7.897018E-011, -1.020670E-013, 2.150400E+004 1.570926E+074 2.150400E+004, Thu Sep 10 02:04:39 2015
1.60, 1.80, -0.20, 1.80 , -1.464522E-005, 1.465660E-005, -7.389671E-011, -1.073360E-013, 2.150400E+004 1.570926E+074 2.150400E+004, Thu Sep 10 02:04:42 2015
1.55, 1.80, -0.20, 1.80 , -2.659960E-005, 2.661280E-005, -7.796387E-011, -8.842950E-014, 2.150400E+004 1.570926E+074 2.150400E+004, Thu Sep 10 02:04:46 2015
1.50, 1.80, -0.20, 1.80 , -4.014813E-005, 4.016000E-005, -7.649632E-011, -9.860990E-014, 2.150400E+004 1.570926E+074 2.150400E+004, Thu Sep 10 02:04:50 2015
1.45, 1.80, -0.20, 1.80 , -5.427076E-005, 5.427490E-005, -7.574161E-011, -1.272680E-013, 2.150400E+004 1.570926E+074 2.150400E+004, Thu Sep 10 02:04:53 2015
1.40, 1.80, -0.20, 1.80 , -6.849311E-005, 6.849530E-005, -7.544811E-011, -9.649990E-014, 2.150400E+004 1.570926E+074 2.150400E+004, Thu Sep 10 02:04:57 2015
1.35, 1.80, -0.20, 1.80 , -8.252630E-005, 8.252870E-005, -7.649638E-011, -1.069190E-013, 2.150400E+004 1.570926E+074 2.150400E+004, Thu Sep 10 02:05:00 2015
1.30, 1.80, -0.20, 1.80 , -9.621820E-005, 9.621710E-005, -7.423216E-011, -1.143810E-013, 2.150400E+004 1.570926E+074 2.150400E+004, Thu Sep 10 02:05:04 2015
1.25, 1.80, -0.20, 1.80 , -1.094991E-004, 1.095050E-004, -7.356123E-011, -1.016380E-013, 2.150400E+004 1.570926E+074 2.150400E+004, Thu Sep 10 02:05:07 2015
1.20, 1.80, -0.20, 1.80 , -1.222811E-004, 1.222760E-004, -7.523846E-011, -9.146930E-014, 2.150400E+004 1.570926E+074 2.150400E+004, Thu Sep 10 02:05:11 2015
1.15, 1.80, -0.20, 1.80 , -1.344532E-004, 1.344530E-004, -7.184218E-011, -8.871560E-014, 2.150400E+004 1.570926E+074 2.150400E+004, Thu Sep 10 02:05:14 2015
1.10, 1.80, -0.20, 1.80 , -1.459692E-004, 1.459650E-004, -7.536427E-011, -9.262560E-014, 2.150400E+004 1.570926E+074 2.150400E+004, Thu Sep 10 02:05:18 2015
1.05, 1.80, -0.20, 1.80 , -1.567655E-004, 1.567600E-004, -7.439988E-011, -1.020190E-013, 2.150400E+004 1.570926E+074 2.150400E+004, Thu Sep 10 02:05:21 2015
1.00, 1.80, -0.20, 1.80 , -1.668594E-004, 1.668510E-004, -7.310008E-011, -9.053950E-014, 2.150400E+004 1.570926E+074 2.150400E+004, Thu Sep 10 02:05:25 2015
0.95, 1.80, -0.20, 1.80 , -1.762456E-004, 1.762280E-004, -6.978764E-011, -9.654760E-014, 2.150400E+004 1.570926E+074 2.150400E+004, Thu Sep 10 02:05:29 2015
0.90, 1.80, -0.20, 1.80 , -1.848894E-004, 1.848780E-004, -7.259689E-011, -8.742810E-014, 2.150400E+004 1.570926E+074 2.150400E+004, Thu Sep 10 02:05:32 2015
0.85, 1.80, -0.20, 1.80 , -1.927901E-004, 1.927820E-004, -7.234535E-011, -7.942920E-014, 2.150400E+004 1.570926E+074 2.150400E+004, Thu Sep 10 02:05:36 2015
0.80, 1.80, -0.20, 1.80 , -1.999276E-004, 1.999110E-004, -7.284849E-011, -1.006010E-013, 2.150400E+004 1.570926E+074 2.150400E+004, Thu Sep 10 02:05:39 2015
0.75, 1.80, -0.20, 1.80 , -2.063159E-004, 2.063020E-004, -7.180029E-011, -8.457900E-014, 2.150400E+004 1.570926E+074 2.150400E+004, Thu Sep 10 02:05:43 2015
0.70, 1.80, -0.20, 1.80 , -2.120285E-004, 2.120120E-004, -7.125520E-011, -9.094480E-014, 2.150400E+004 1.570926E+074 2.150400E+004, Thu Sep 10 02:05:46 2015
0.65, 1.80, -0.20, 1.80 , -2.170481E-004, 2.170340E-004, -7.356129E-011, -9.179120E-014, 2.150400E+004 1.570926E+074 2.150400E+004, Thu Sep 10 02:05:50 2015
0.60, 1.80, -0.20, 1.80 , -2.214304E-004, 2.214060E-004, -7.159061E-011, -1.019240E-013, 2.150400E+004 1.570926E+074 2.150400E+004, Thu Sep 10 02:05:53 2015
0.55, 1.80, -0.20, 1.80 , -2.251970E-004, 2.251710E-004, -6.932643E-011, -1.022340E-013, 2.150400E+004 1.570926E+074 2.150400E+004, Thu Sep 10 02:05:57 2015
0.50, 1.80, -0.20, 1.80 , -2.284289E-004, 2.284080E-004, -7.180023E-011, -1.063350E-013, 2.150400E+004 1.570926E+074 2.150400E+004, Thu Sep 10 02:06:00 2015
0.45, 1.80, -0.20, 1.80 , -2.311867E-004, 2.311590E-004, -6.966187E-011, -9.958740E-014, 2.150400E+004 1.570926E+074 2.150400E+004, Thu Sep 10 02:06:04 2015
0.40, 1.80, -0.20, 1.80 , -2.334898E-004, 2.334610E-004, -6.655913E-011, -9.216070E-014, 2.150400E+004 1.570926E+074 2.150400E+004, Thu Sep 10 02:06:08 2015
0.35, 1.80, -0.20, 1.80 , -2.354643E-004, 2.354410E-004, -7.058434E-011, -8.977650E-014, 2.150400E+004 1.570926E+074 2.150400E+004, Thu Sep 10 02:06:11 2015
0.30, 1.80, -0.20, 1.80 , -2.371376E-004, 2.371100E-004, -6.702033E-011, -1.004700E-013, 2.150400E+004 1.570926E+074 2.150400E+004, Thu Sep 10 02:06:15 2015
0.25, 1.80, -0.20, 1.80 , -2.385506E-004, 2.385290E-004, -6.823629E-011, -1.037360E-013, 2.150400E+004 1.570926E+074 2.150400E+004, Thu Sep 10 02:06:18 2015
0.20, 1.80, -0.20, 1.80 , -2.397840E-004, 2.397650E-004, -6.819435E-011, -1.161690E-013, 2.150400E+004 1.570926E+074 2.150400E+004, Thu Sep 10 02:06:22 2015
0.15, 1.80, -0.20, 1.80 , -2.408354E-004, 2.408090E-004, -6.840399E-011, -1.138090E-013, 2.150400E+004 1.570926E+074 2.150400E+004, Thu Sep 10 02:06:25 2015
0.10, 1.80, -0.20, 1.80 , -2.417606E-004, 2.417370E-004, -6.702033E-011, -8.554460E-014, 2.150400E+004 1.570926E+074 2.150400E+004, Thu Sep 10 02:06:29 2015
0.05, 1.80, -0.20, 1.80 , -2.425644E-004, 2.425420E-004, -6.685260E-011, -8.451940E-014, 2.150400E+004 1.570926E+074 2.150400E+004, Thu Sep 10 02:06:32 2015
0.00, 1.80, -0.20, 1.80 , -2.433040E-004, 2.432870E-004, -6.873944E-011, -9.689330E-014, 2.150400E+004 1.570926E+074 2.150400E+004, Thu Sep 10 02:06:36 2015
-0.05, 1.80, -0.20, 1.80 , -2.439658E-004, 2.439460E-004, -6.672681E-011, -1.013990E-013, 2.150400E+004 1.570926E+074 2.150400E+004, Thu Sep 10 02:06:39 2015
-0.10, 1.80, -0.20, 1.80 , -2.445466E-004, 2.445090E-004, -6.685261E-011, -9.557010E-014, 2.150400E+004 1.570926E+074 2.150400E+004, Thu Sep 10 02:06:43 2015
-0.15, 1.80, -0.20, 1.80 , -2.450721E-004, 2.450800E-004, -7.100365E-011, -1.107220E-013, 2.150400E+004 1.570926E+074 2.150400E+004, Thu Sep 10 02:06:46 2015
-0.20, 1.80, -0.20, 1.80 , -2.456476E-004, 2.456240E-004, -6.878138E-011, -1.041050E-013, 2.150400E+004 1.570926E+074 2.150400E+004, Thu Sep 10 02:06:50 2015
