1.80, 1.80, -0.20, 1.80 , 5.150170E-008, -5.007900E-008, -5.615716E-010, -1.103040E-013, 2.150400E+004 1.570926E+074 2.150400E+004, Sat Sep 05 02:28:22 2015
1.75, 1.80, -0.20, 1.80 , -1.047988E-005, 1.047560E-005, -4.544849E-010, -1.071690E-013, 2.150400E+004 1.570926E+074 2.150400E+004, Sat Sep 05 02:28:26 2015
1.70, 1.80, -0.20, 1.80 , -2.078019E-005, 2.076820E-005, -4.193907E-010, -9.424690E-014, 2.150400E+004 1.570926E+074 2.150400E+004, Sat Sep 05 02:28:29 2015
1.65, 1.80, -0.20, 1.80 , -3.079886E-005, 3.078050E-005, -3.922629E-010, -1.093980E-013, 2.150400E+004 1.570926E+074 2.150400E+004, Sat Sep 05 02:28:33 2015
1.60, 1.80, -0.20, 1.80 , -4.055932E-005, 4.054150E-005, -3.770007E-010, -1.160500E-013, 2.150400E+004 1.570926E+074 2.150400E+004, Sat Sep 05 02:28:36 2015
1.55, 1.80, -0.20, 1.80 , -5.005815E-005, 5.003940E-005, -3.601034E-010, -1.064180E-013, 2.150400E+004 1.570926E+074 2.150400E+004, Sat Sep 05 02:28:40 2015
1.50, 1.80, -0.20, 1.80 , -5.929993E-005, 5.928930E-005, -3.523043E-010, -9.489060E-014, 2.150400E+004 1.570926E+074 2.150400E+004, Sat Sep 05 02:28:43 2015
1.45, 1.80, -0.20, 1.80 , -6.826880E-005, 6.824040E-005, -3.397672E-010, -9.104010E-014, 2.150400E+004 1.570926E+074 2.150400E+004, Sat Sep 05 02:28:47 2015
1.40, 1.80, -0.20, 1.80 , -7.695856E-005, 7.691520E-005, -3.350299E-010, -9.371040E-014, 2.150400E+004 1.570926E+074 2.150400E+004, Sat Sep 05 02:28:51 2015
1.35, 1.80, -0.20, 1.80 , -8.529227E-005, 8.526820E-005, -3.250091E-010, -9.188650E-014, 2.150400E+004 1.570926E+074 2.150400E+004, Sat Sep 05 02:28:54 2015
1.30, 1.80, -0.20, 1.80 , -9.333230E-005, 9.330930E-005, -3.196835E-010, -9.883640E-014, 2.150400E+004 1.570926E+074 2.150400E+004, Sat Sep 05 02:28:58 2015
1.25, 1.80, -0.20, 1.80 , -1.010465E-004, 1.010370E-004, -3.118434E-010, -1.146440E-013, 2.150400E+004 1.570926E+074 2.150400E+004, Sat Sep 05 02:29:01 2015
1.20, 1.80, -0.20, 1.80 , -1.084953E-004, 1.084760E-004, -3.110465E-010, -1.182440E-013, 2.150400E+004 1.570926E+074 2.150400E+004, Sat Sep 05 02:29:05 2015
1.15, 1.80, -0.20, 1.80 , -1.155536E-004, 1.155340E-004, -3.045053E-010, -7.562640E-014, 2.150400E+004 1.570926E+074 2.150400E+004, Sat Sep 05 02:29:08 2015
1.10, 1.80, -0.20, 1.80 , -1.223196E-004, 1.222740E-004, -3.028284E-010, -9.163620E-014, 2.150400E+004 1.570926E+074 2.150400E+004, Sat Sep 05 02:29:12 2015
1.05, 1.80, -0.20, 1.80 , -1.286764E-004, 1.286450E-004, -2.951974E-010, -1.168730E-013, 2.150400E+004 1.570926E+074 2.150400E+004, Sat Sep 05 02:29:16 2015
1.00, 1.80, -0.20, 1.80 , -1.347215E-004, 1.346780E-004, -2.905434E-010, -1.013160E-013, 2.150400E+004 1.570926E+074 2.150400E+004, Sat Sep 05 02:29:19 2015
0.95, 1.80, -0.20, 1.80 , -1.404330E-004, 1.404000E-004, -2.921783E-010, -8.649830E-014, 2.150400E+004 1.570926E+074 2.150400E+004, Sat Sep 05 02:29:23 2015
0.90, 1.80, -0.20, 1.80 , -1.458484E-004, 1.457970E-004, -2.887822E-010, -8.651020E-014, 2.150400E+004 1.570926E+074 2.150400E+004, Sat Sep 05 02:29:26 2015
0.85, 1.80, -0.20, 1.80 , -1.508768E-004, 1.508740E-004, -2.833730E-010, -1.139880E-013, 2.150400E+004 1.570926E+074 2.150400E+004, Sat Sep 05 02:29:30 2015
0.80, 1.80, -0.20, 1.80 , -1.555355E-004, 1.555200E-004, -2.774194E-010, -9.578470E-014, 2.150400E+004 1.570926E+074 2.150400E+004, Sat Sep 05 02:29:34 2015
0.75, 1.80, -0.20, 1.80 , -1.598638E-004, 1.598740E-004, -2.717589E-010, -9.423490E-014, 2.150400E+004 1.570926E+074 2.150400E+004, Sat Sep 05 02:29:37 2015
0.70, 1.80, -0.20, 1.80 , -1.638092E-004, 1.637780E-004, -2.711302E-010, -1.011370E-013, 2.150400E+004 1.570926E+074 2.150400E+004, Sat Sep 05 02:29:41 2015
0.65, 1.80, -0.20, 1.80 , -1.674877E-004, 1.674600E-004, -2.683626E-010, -1.095290E-013, 2.150400E+004 1.570926E+074 2.150400E+004, Sat Sep 05 02:29:44 2015
0.60, 1.80, -0.20, 1.80 , -1.707967E-004, 1.707780E-004, -2.668531E-010, -7.692580E-014, 2.150400E+004 1.570926E+074 2.150400E+004, Sat Sep 05 02:29:48 2015
0.55, 1.80, -0.20, 1.80 , -1.737444E-004, 1.737160E-004, -2.594734E-010, -9.138580E-014, 2.150400E+004 1.570926E+074 2.150400E+004, Sat Sep 05 02:29:51 2015
0.50, 1.80, -0.20, 1.80 , -1.763971E-004, 1.763410E-004, -2.624090E-010, -9.453300E-014, 2.150400E+004 1.570926E+074 2.150400E+004, Sat Sep 05 02:29:55 2015
0.45, 1.80, -0.20, 1.80 , -1.787867E-004, 1.787640E-004, -2.574194E-010, -9.815690E-014, 2.150400E+004 1.570926E+074 2.150400E+004, Sat Sep 05 02:29:58 2015
0.40, 1.80, -0.20, 1.80 , -1.809168E-004, 1.809110E-004, -2.562870E-010, -1.084570E-013, 2.150400E+004 1.570926E+074 2.150400E+004, Sat Sep 05 02:30:02 2015
0.35, 1.80, -0.20, 1.80 , -1.827460E-004, 1.826890E-004, -2.506267E-010, -1.062510E-013, 2.150400E+004 1.570926E+074 2.150400E+004, Sat Sep 05 02:30:06 2015
0.30, 1.80, -0.20, 1.80 , -1.844232E-004, 1.843760E-004, -2.491591E-010, -9.738210E-014, 2.150400E+004 1.570926E+074 2.150400E+004, Sat Sep 05 02:30:09 2015
0.25, 1.80, -0.20, 1.80 , -1.858403E-004, 1.857520E-004, -2.482365E-010, -1.077530E-013, 2.150400E+004 1.570926E+074 2.150400E+004, Sat Sep 05 02:30:13 2015
0.20, 1.80, -0.20, 1.80 , -1.871457E-004, 1.870580E-004, -2.405217E-010, -9.841920E-014, 2.150400E+004 1.570926E+074 2.150400E+004, Sat Sep 05 02:30:16 2015
0.15, 1.80, -0.20, 1.80 , -1.882260E-004, 1.881500E-004, -2.407318E-010, -9.174350E-014, 2.150400E+004 1.570926E+074 2.150400E+004, Sat Sep 05 02:30:20 2015
0.10, 1.80, -0.20, 1.80 , -1.891681E-004, 1.891470E-004, -2.397670E-010, -1.158830E-013, 2.150400E+004 1.570926E+074 2.150400E+004, Sat Sep 05 02:30:23 2015
0.05, 1.80, -0.20, 1.80 , -1.900111E-004, 1.899580E-004, -2.362451E-010, -8.312460E-014, 2.150400E+004 1.570926E+074 2.150400E+004, Sat Sep 05 02:30:27 2015
0.00, 1.80, -0.20, 1.80 , -1.907997E-004, 1.906860E-004, -2.311296E-010, -9.874110E-014, 2.150400E+004 1.570926E+074 2.150400E+004, Sat Sep 05 02:30:30 2015
-0.05, 1.80, -0.20, 1.80 , -1.914600E-004, 1.914630E-004, -2.331001E-010, -1.079200E-013, 2.150400E+004 1.570926E+074 2.150400E+004, Sat Sep 05 02:30:34 2015
-0.10, 1.80, -0.20, 1.80 , -1.921139E-004, 1.920780E-004, -2.328488E-010, -1.197580E-013, 2.150400E+004 1.570926E+074 2.150400E+004, Sat Sep 05 02:30:38 2015
-0.15, 1.80, -0.20, 1.80 , -1.926896E-004, 1.926530E-004, -2.249662E-010, -1.111150E-013, 2.150400E+004 1.570926E+074 2.150400E+004, Sat Sep 05 02:30:41 2015
-0.20, 1.80, -0.20, 1.80 , -1.931995E-004, 1.931670E-004, -2.246307E-010, -1.147750E-013, 2.150400E+004 1.570926E+074 2.150400E+004, Sat Sep 05 02:30:45 2015
