1.75, 1.80, 1.80, 1.80 , 4.146144E-010, 1.116160E-010, 2.905648E-010, -4.056690E-014, 2.150400E+004 1.570926E+074 2.150400E+004, Thu Sep 10 00:32:08 2015
1.75, 1.80, 1.78, 1.80 , 3.733039E-010, 7.094480E-011, 2.505260E-010, -4.385710E-014, 2.150400E+004 1.570926E+074 2.150400E+004, Thu Sep 10 00:32:16 2015
1.75, 1.80, 1.76, 1.80 , 2.389924E-010, 7.984440E-011, 2.140930E-010, -8.308890E-014, 2.150400E+004 1.570926E+074 2.150400E+004, Thu Sep 10 00:32:42 2015
1.75, 1.80, 1.74, 1.80 , 1.439237E-010, 9.469650E-011, 2.041986E-010, -8.333920E-014, 2.150400E+004 1.570926E+074 2.150400E+004, Thu Sep 10 00:41:45 2015
1.75, 1.80, 1.72, 1.80 , 1.509705E-010, -1.111780E-011, 1.670108E-010, -8.921620E-014, 2.150400E+004 1.570926E+074 2.150400E+004, Thu Sep 10 00:42:18 2015
1.75, 1.80, 1.70, 1.80 , 1.282687E-010, 8.360820E-011, 2.556828E-010, -1.085520E-013, 2.150400E+004 1.570926E+074 2.150400E+004, Thu Sep 10 00:44:45 2015
1.75, 1.80, 1.68, 1.80 , 1.529114E-010, 8.107780E-011, 1.274752E-010, -9.508130E-014, 2.150400E+004 1.570926E+074 2.150400E+004, Thu Sep 10 00:44:54 2015
1.75, 1.80, 1.66, 1.80 , 1.197872E-010, 7.666940E-011, 1.360699E-010, -8.132460E-014, 2.150400E+004 1.570926E+074 2.150400E+004, Thu Sep 10 00:45:24 2015
1.75, 1.80, 1.64, 1.80 , 1.207154E-010, -5.391870E-011, 1.409330E-010, -1.144890E-013, 2.150400E+004 1.570926E+074 2.150400E+004, Thu Sep 10 00:53:47 2015
1.75, 1.80, 1.62, 1.80 , 1.233737E-010, 7.887920E-011, 1.280200E-010, -9.299520E-014, 2.150400E+004 1.570926E+074 2.150400E+004, Thu Sep 10 00:55:14 2015
1.75, 1.80, 1.60, 1.80 , 9.404726E-011, 7.185160E-011, 1.401364E-010, -1.012210E-013, 2.150400E+004 1.570926E+074 2.150400E+004, Thu Sep 10 00:55:32 2015
1.75, 1.80, 1.58, 1.80 , 9.037619E-011, 6.241070E-011, 1.886857E-010, -9.639260E-014, 2.150400E+004 1.570926E+074 2.150400E+004, Thu Sep 10 00:56:05 2015
1.75, 1.80, 1.56, 1.80 , 8.797098E-011, 7.233830E-011, 1.447061E-010, -1.118660E-013, 2.150400E+004 1.570926E+074 2.150400E+004, Thu Sep 10 00:56:52 2015
1.75, 1.80, 1.54, 1.80 , 8.476404E-011, 5.209310E-011, 1.711609E-010, -8.059740E-014, 2.150400E+004 1.570926E+074 2.150400E+004, Thu Sep 10 00:57:02 2015
1.75, 1.80, 1.52, 1.80 , 8.809757E-011, 5.266650E-011, 1.298227E-010, -1.164200E-013, 2.150400E+004 1.570926E+074 2.150400E+004, Thu Sep 10 00:57:16 2015
1.75, 1.80, 1.50, 1.80 , 7.830803E-011, 5.301690E-011, 1.086086E-010, -1.091960E-013, 2.150400E+004 1.570926E+074 2.150400E+004, Thu Sep 10 00:57:40 2015
1.75, 1.80, 1.48, 1.80 , 8.345600E-011, 5.275410E-011, 9.439587E-011, -1.086950E-013, 2.150400E+004 1.570926E+074 2.150400E+004, Thu Sep 10 00:58:17 2015
1.75, 1.80, 1.46, 1.80 , 7.813920E-011, 5.275780E-011, 6.613834E-011, -9.992120E-014, 2.150400E+004 1.570926E+074 2.150400E+004, Thu Sep 10 00:58:37 2015
1.75, 1.80, 1.44, 1.80 , 7.826578E-011, 5.290550E-011, 5.666316E-011, -1.019720E-013, 2.150400E+004 1.570926E+074 2.150400E+004, Thu Sep 10 00:58:43 2015
1.75, 1.80, 1.42, 1.80 , 7.953171E-011, 5.273230E-011, 4.982945E-011, -9.847880E-014, 2.150400E+004 1.570926E+074 2.150400E+004, Thu Sep 10 00:59:16 2015
1.75, 1.80, 1.40, 1.80 , 7.746405E-011, 5.267670E-011, 4.655932E-011, -9.546280E-014, 2.150400E+004 1.570926E+074 2.150400E+004, Thu Sep 10 00:59:39 2015
1.75, 1.80, 1.38, 1.80 , 7.307566E-011, 5.223450E-011, 4.534340E-011, -9.059910E-014, 2.150400E+004 1.570926E+074 2.150400E+004, Thu Sep 10 01:00:44 2015
1.75, 1.80, 1.36, 1.80 , 7.016408E-011, 5.225640E-011, 4.232486E-011, -8.451940E-014, 2.150400E+004 1.570926E+074 2.150400E+004, Thu Sep 10 01:00:52 2015
1.75, 1.80, 1.34, 1.80 , 7.375079E-011, 5.199820E-011, 3.947392E-011, -1.080990E-013, 2.150400E+004 1.570926E+074 2.150400E+004, Thu Sep 10 01:01:00 2015
1.75, 1.80, 1.32, 1.80 , 7.045946E-011, 5.185710E-011, 3.918043E-011, -1.104240E-013, 2.150400E+004 1.570926E+074 2.150400E+004, Thu Sep 10 01:01:23 2015
1.75, 1.80, 1.30, 1.80 , 6.645081E-011, 5.144570E-011, 3.741957E-011, -8.540150E-014, 2.150400E+004 1.570926E+074 2.150400E+004, Thu Sep 10 01:02:05 2015
1.75, 1.80, 1.28, 1.80 , 7.155658E-011, 5.071490E-011, 3.720995E-011, -9.171960E-014, 2.150400E+004 1.570926E+074 2.150400E+004, Thu Sep 10 01:02:52 2015
1.75, 1.80, 1.26, 1.80 , 6.995313E-011, 5.056680E-011, 3.381403E-011, -9.930130E-014, 2.150400E+004 1.570926E+074 2.150400E+004, Thu Sep 10 01:03:07 2015
1.75, 1.80, 1.24, 1.80 , 6.636645E-011, 5.050620E-011, 3.159194E-011, -9.373430E-014, 2.150400E+004 1.570926E+074 2.150400E+004, Thu Sep 10 01:03:12 2015
1.75, 1.80, 1.22, 1.80 , 6.265317E-011, 5.058910E-011, 2.957958E-011, -1.116160E-013, 2.150400E+004 1.570926E+074 2.150400E+004, Thu Sep 10 01:03:18 2015
1.75, 1.80, 1.20, 1.80 , 5.172433E-011, 5.929760E-011, 3.045995E-011, -1.141670E-013, 2.150400E+004 1.570926E+074 2.150400E+004, Thu Sep 10 01:03:26 2015
1.75, 1.80, 1.18, 1.80 , -1.761926E-010, 2.910160E-010, 3.058580E-011, -8.119340E-014, 2.150400E+004 1.570926E+074 2.150400E+004, Thu Sep 10 01:03:52 2015
1.75, 1.80, 1.16, 1.80 , -1.873849E-009, 2.000210E-009, 2.718986E-011, -9.024140E-014, 2.150400E+004 1.570926E+074 2.150400E+004, Thu Sep 10 01:03:56 2015
1.75, 1.80, 1.14, 1.80 , -4.722883E-009, 4.873440E-009, 2.387775E-011, -9.386540E-014, 2.150400E+004 1.570926E+074 2.150400E+004, Thu Sep 10 01:04:00 2015
1.75, 1.80, 1.12, 1.80 , -1.039807E-008, 1.060660E-008, 2.425506E-011, -9.230380E-014, 2.150400E+004 1.570926E+074 2.150400E+004, Thu Sep 10 01:04:06 2015
1.75, 1.80, 1.10, 1.80 , -2.588437E-008, 2.616780E-008, 2.148802E-011, -1.002550E-013, 2.150400E+004 1.570926E+074 2.150400E+004, Thu Sep 10 01:04:09 2015
1.75, 1.80, 1.08, 1.80 , -4.056075E-008, 4.087770E-008, 2.085913E-011, -1.093630E-013, 2.150400E+004 1.570926E+074 2.150400E+004, Thu Sep 10 01:04:13 2015
1.75, 1.80, 1.06, 1.80 , -5.919095E-008, 5.959370E-008, 1.914020E-011, -1.143810E-013, 2.150400E+004 1.570926E+074 2.150400E+004, Thu Sep 10 01:04:16 2015
1.75, 1.80, 1.04, 1.80 , -7.434612E-008, 7.482330E-008, 1.566041E-011, -9.851460E-014, 2.150400E+004 1.570926E+074 2.150400E+004, Thu Sep 10 01:04:20 2015
1.75, 1.80, 1.02, 1.80 , -8.950864E-008, 9.011590E-008, 1.280952E-011, -1.224880E-013, 2.150400E+004 1.570926E+074 2.150400E+004, Thu Sep 10 01:04:24 2015
1.75, 1.80, 1.00, 1.80 , -1.057588E-007, 1.064240E-007, 1.201294E-011, -9.933710E-014, 2.150400E+004 1.570926E+074 2.150400E+004, Thu Sep 10 01:04:27 2015
1.75, 1.80, 0.98, 1.80 , -1.250880E-007, 1.256700E-007, 1.088093E-011, -1.254080E-013, 2.150400E+004 1.570926E+074 2.150400E+004, Thu Sep 10 01:04:31 2015
1.75, 1.80, 0.96, 1.80 , -1.412268E-007, 1.420710E-007, 6.772291E-012, -1.094820E-013, 2.150400E+004 1.570926E+074 2.150400E+004, Thu Sep 10 01:04:34 2015
1.75, 1.80, 0.94, 1.80 , -1.566240E-007, 1.573540E-007, 4.382550E-012, -9.716750E-014, 2.150400E+004 1.570926E+074 2.150400E+004, Thu Sep 10 01:04:38 2015
1.75, 1.80, 0.92, 1.80 , -1.703553E-007, 1.711730E-007, 4.927579E-012, -1.203540E-013, 2.150400E+004 1.570926E+074 2.150400E+004, Thu Sep 10 01:04:41 2015
1.75, 1.80, 0.90, 1.80 , -1.821107E-007, 1.828970E-007, 5.304927E-012, -8.432870E-014, 2.150400E+004 1.570926E+074 2.150400E+004, Thu Sep 10 01:04:45 2015
1.75, 1.80, 0.88, 1.80 , -1.949357E-007, 1.958750E-007, 2.286294E-012, -1.007680E-013, 2.150400E+004 1.570926E+074 2.150400E+004, Thu Sep 10 01:04:49 2015
1.75, 1.80, 0.86, 1.80 , -2.064698E-007, 2.074640E-007, 2.495925E-012, -1.038670E-013, 2.150400E+004 1.570926E+074 2.150400E+004, Thu Sep 10 01:04:52 2015
1.75, 1.80, 0.84, 1.80 , -2.155561E-007, 2.165290E-007, 1.154335E-012, -9.964700E-014, 2.150400E+004 1.570926E+074 2.150400E+004, Thu Sep 10 01:04:56 2015
1.75, 1.80, 0.82, 1.80 , -2.229707E-007, 2.239950E-007, -1.948134E-012, -9.713170E-014, 2.150400E+004 1.570926E+074 2.150400E+004, Thu Sep 10 01:04:59 2015
1.75, 1.80, 0.80, 1.80 , -2.306053E-007, 2.316470E-007, -2.292055E-013, -1.060370E-013, 2.150400E+004 1.570926E+074 2.150400E+004, Thu Sep 10 01:05:03 2015
1.75, 1.80, 0.78, 1.80 , -2.383228E-007, 2.394190E-007, -3.499369E-012, -1.026030E-013, 2.150400E+004 1.570926E+074 2.150400E+004, Thu Sep 10 01:05:06 2015
1.75, 1.80, 0.76, 1.80 , -2.447198E-007, 2.463800E-007, -6.769542E-012, -1.191380E-013, 2.150400E+004 1.570926E+074 2.150400E+004, Thu Sep 10 01:05:10 2015
1.75, 1.80, 0.74, 1.80 , -2.513167E-007, 2.522360E-007, -6.559909E-012, -1.069430E-013, 2.150400E+004 1.570926E+074 2.150400E+004, Thu Sep 10 01:05:13 2015
1.75, 1.80, 0.72, 1.80 , -2.578706E-007, 2.589340E-007, -1.079434E-011, -9.584430E-014, 2.150400E+004 1.570926E+074 2.150400E+004, Thu Sep 10 01:05:17 2015
1.75, 1.80, 0.70, 1.80 , -2.663957E-007, 2.674810E-007, -9.997764E-012, -1.115320E-013, 2.150400E+004 1.570926E+074 2.150400E+004, Thu Sep 10 01:05:21 2015
1.75, 1.80, 0.68, 1.80 , -2.732066E-007, 2.743630E-007, -1.138130E-011, -1.078370E-013, 2.150400E+004 1.570926E+074 2.150400E+004, Thu Sep 10 01:05:24 2015
1.75, 1.80, 0.66, 1.80 , -2.796225E-007, 2.809150E-007, -1.326794E-011, -1.137850E-013, 2.150400E+004 1.570926E+074 2.150400E+004, Thu Sep 10 01:05:28 2015
1.75, 1.80, 0.64, 1.80 , -2.855494E-007, 2.866230E-007, -1.637040E-011, -9.037260E-014, 2.150400E+004 1.570926E+074 2.150400E+004, Thu Sep 10 01:05:31 2015
1.75, 1.80, 0.62, 1.80 , -2.915639E-007, 2.927780E-007, -1.821511E-011, -1.127480E-013, 2.150400E+004 1.570926E+074 2.150400E+004, Thu Sep 10 01:05:35 2015
1.75, 1.80, 0.60, 1.80 , -2.962533E-007, 2.976670E-007, -1.871821E-011, -9.961130E-014, 2.150400E+004 1.570926E+074 2.150400E+004, Thu Sep 10 01:05:38 2015
1.75, 1.80, 0.58, 1.80 , -3.006111E-007, 3.018940E-007, -2.110794E-011, -9.151700E-014, 2.150400E+004 1.570926E+074 2.150400E+004, Thu Sep 10 01:05:42 2015
1.75, 1.80, 0.56, 1.80 , -3.062054E-007, 3.076360E-007, -2.190452E-011, -8.989570E-014, 2.150400E+004 1.570926E+074 2.150400E+004, Thu Sep 10 01:05:46 2015
1.75, 1.80, 0.54, 1.80 , -3.121899E-007, 3.134130E-007, -2.215607E-011, -8.556840E-014, 2.150400E+004 1.570926E+074 2.150400E+004, Thu Sep 10 01:05:49 2015
1.75, 1.80, 0.52, 1.80 , -3.179013E-007, 3.193120E-007, -2.114987E-011, -8.816720E-014, 2.150400E+004 1.570926E+074 2.150400E+004, Thu Sep 10 01:05:53 2015
1.75, 1.80, 0.50, 1.80 , -3.224567E-007, 3.236420E-007, -2.479753E-011, -1.036520E-013, 2.150400E+004 1.570926E+074 2.150400E+004, Thu Sep 10 01:05:56 2015
1.75, 1.80, 0.48, 1.80 , -3.252865E-007, 3.267270E-007, -2.689400E-011, -9.784700E-014, 2.150400E+004 1.570926E+074 2.150400E+004, Thu Sep 10 01:06:00 2015
1.75, 1.80, 0.46, 1.80 , -3.276413E-007, 3.290230E-007, -2.936783E-011, -1.075270E-013, 2.150400E+004 1.570926E+074 2.150400E+004, Thu Sep 10 01:06:03 2015
1.75, 1.80, 0.44, 1.80 , -3.308095E-007, 3.322180E-007, -2.907432E-011, -1.166820E-013, 2.150400E+004 1.570926E+074 2.150400E+004, Thu Sep 10 01:06:07 2015
1.75, 1.80, 0.42, 1.80 , -3.342494E-007, 3.355990E-007, -3.175781E-011, -9.546280E-014, 2.150400E+004 1.570926E+074 2.150400E+004, Thu Sep 10 01:06:10 2015
1.75, 1.80, 0.40, 1.80 , -3.383101E-007, 3.397760E-007, -3.200938E-011, -1.073720E-013, 2.150400E+004 1.570926E+074 2.150400E+004, Thu Sep 10 01:06:14 2015
1.75, 1.80, 0.38, 1.80 , -3.425050E-007, 3.438980E-007, -3.356077E-011, -8.294580E-014, 2.150400E+004 1.570926E+074 2.150400E+004, Thu Sep 10 01:06:18 2015
1.75, 1.80, 0.36, 1.80 , -3.463835E-007, 3.480730E-007, -3.649582E-011, -9.830000E-014, 2.150400E+004 1.570926E+074 2.150400E+004, Thu Sep 10 01:06:21 2015
1.75, 1.80, 0.34, 1.80 , -3.508667E-007, 3.525280E-007, -3.653775E-011, -1.178380E-013, 2.150400E+004 1.570926E+074 2.150400E+004, Thu Sep 10 01:06:25 2015
1.75, 1.80, 0.32, 1.80 , -3.552706E-007, 3.565910E-007, -3.691512E-011, -1.147150E-013, 2.150400E+004 1.570926E+074 2.150400E+004, Thu Sep 10 01:06:28 2015
1.75, 1.80, 0.30, 1.80 , -3.596546E-007, 3.611500E-007, -3.972438E-011, -1.043440E-013, 2.150400E+004 1.570926E+074 2.150400E+004, Thu Sep 10 01:06:32 2015
1.75, 1.80, 0.28, 1.80 , -3.640585E-007, 3.654330E-007, -4.207243E-011, -1.042840E-013, 2.150400E+004 1.570926E+074 2.150400E+004, Thu Sep 10 01:06:35 2015
1.75, 1.80, 0.26, 1.80 , -3.685356E-007, 3.697610E-007, -4.270137E-011, -1.162170E-013, 2.150400E+004 1.570926E+074 2.150400E+004, Thu Sep 10 01:06:39 2015
1.75, 1.80, 0.24, 1.80 , -3.720595E-007, 3.734360E-007, -4.530101E-011, -1.091840E-013, 2.150400E+004 1.570926E+074 2.150400E+004, Thu Sep 10 01:06:42 2015
1.75, 1.80, 0.22, 1.80 , -3.746434E-007, 3.762740E-007, -4.622343E-011, -1.027230E-013, 2.150400E+004 1.570926E+074 2.150400E+004, Thu Sep 10 01:06:46 2015
1.75, 1.80, 0.20, 1.80 , -3.770372E-007, 3.785640E-007, -4.706203E-011, -1.125570E-013, 2.150400E+004 1.570926E+074 2.150400E+004, Thu Sep 10 01:06:50 2015
1.75, 1.80, 0.18, 1.80 , -3.795614E-007, 3.812090E-007, -4.903269E-011, -1.041170E-013, 2.150400E+004 1.570926E+074 2.150400E+004, Thu Sep 10 01:06:53 2015
1.75, 1.80, 0.16, 1.80 , -3.824677E-007, 3.841090E-007, -4.936815E-011, -1.066090E-013, 2.150400E+004 1.570926E+074 2.150400E+004, Thu Sep 10 01:06:57 2015
1.75, 1.80, 0.14, 1.80 , -3.850859E-007, 3.867720E-007, -5.226125E-011, -1.028780E-013, 2.150400E+004 1.570926E+074 2.150400E+004, Thu Sep 10 01:07:00 2015
1.75, 1.80, 0.12, 1.80 , -3.881742E-007, 3.899340E-007, -5.268053E-011, -1.118180E-013, 2.150400E+004 1.570926E+074 2.150400E+004, Thu Sep 10 01:07:04 2015
1.75, 1.80, 0.10, 1.80 , -3.913626E-007, 3.930900E-007, -5.393846E-011, -1.015070E-013, 2.150400E+004 1.570926E+074 2.150400E+004, Thu Sep 10 01:07:07 2015
1.75, 1.80, 0.08, 1.80 , -3.950103E-007, 3.966230E-007, -5.800556E-011, -9.028910E-014, 2.150400E+004 1.570926E+074 2.150400E+004, Thu Sep 10 01:07:11 2015
1.75, 1.80, 0.06, 1.80 , -3.986333E-007, 4.003390E-007, -5.599297E-011, -1.070980E-013, 2.150400E+004 1.570926E+074 2.150400E+004, Thu Sep 10 01:07:15 2015
1.75, 1.80, 0.04, 1.80 , -4.014165E-007, 4.031510E-007, -5.842488E-011, -8.747580E-014, 2.150400E+004 1.570926E+074 2.150400E+004, Thu Sep 10 01:07:18 2015
1.75, 1.80, 0.02, 1.80 , -4.045380E-007, 4.060080E-007, -5.951505E-011, -9.559390E-014, 2.150400E+004 1.570926E+074 2.150400E+004, Thu Sep 10 01:07:22 2015
1.75, 1.80, 0.00, 1.80 , -4.072965E-007, 4.089070E-007, -6.291133E-011, -1.035690E-013, 2.150400E+004 1.570926E+074 2.150400E+004, Thu Sep 10 01:07:25 2015
1.75, 1.80, -0.02, 1.80 , -4.102268E-007, 4.120580E-007, -6.458852E-011, -9.614230E-014, 2.150400E+004 1.570926E+074 2.150400E+004, Thu Sep 10 01:07:29 2015
1.75, 1.80, -0.04, 1.80 , -4.135875E-007, 4.154060E-007, -6.475621E-011, -9.876490E-014, 2.150400E+004 1.570926E+074 2.150400E+004, Thu Sep 10 01:07:32 2015
1.75, 1.80, -0.06, 1.80 , -4.176781E-007, 4.192040E-007, -6.832018E-011, -1.062630E-013, 2.150400E+004 1.570926E+074 2.150400E+004, Thu Sep 10 01:07:36 2015
1.75, 1.80, -0.08, 1.80 , -4.213552E-007, 4.229990E-007, -7.003933E-011, -1.145600E-013, 2.150400E+004 1.570926E+074 2.150400E+004, Thu Sep 10 01:07:39 2015
1.75, 1.80, -0.10, 1.80 , -4.244308E-007, 4.262520E-007, -6.978772E-011, -1.047730E-013, 2.150400E+004 1.570926E+074 2.150400E+004, Thu Sep 10 01:07:43 2015
1.75, 1.80, -0.12, 1.80 , -4.274431E-007, 4.294630E-007, -6.513359E-011, -9.584430E-014, 2.150400E+004 1.570926E+074 2.150400E+004, Thu Sep 10 01:07:47 2015
1.75, 1.80, -0.14, 1.80 , -4.309106E-007, 4.326830E-007, -6.982965E-011, -1.114730E-013, 2.150400E+004 1.570926E+074 2.150400E+004, Thu Sep 10 01:07:50 2015
1.75, 1.80, -0.16, 1.80 , -4.341432E-007, 4.360290E-007, -7.574170E-011, -1.097680E-013, 2.150400E+004 1.570926E+074 2.150400E+004, Thu Sep 10 01:07:54 2015
1.75, 1.80, -0.18, 1.80 , -4.371154E-007, 4.390620E-007, -7.720927E-011, -9.387730E-014, 2.150400E+004 1.570926E+074 2.150400E+004, Thu Sep 10 01:07:57 2015
1.75, 1.80, -0.20, 1.80 , -4.402020E-007, 4.421010E-007, -7.704151E-011, -8.776190E-014, 2.150400E+004 1.570926E+074 2.150400E+004, Thu Sep 10 01:08:01 2015
