1.80, 1.80, 0.60, 1.80 , 3.103972E-008, -3.057820E-008, -8.437864E-011, -9.570120E-014, 2.150400E+004 1.570926E+074 2.150400E+004, Sat Sep 05 02:23:28 2015
1.75, 1.80, 0.60, 1.80 , -6.292620E-006, 6.295640E-006, -1.750243E-011, -1.239180E-013, 2.150400E+004 1.570926E+074 2.150400E+004, Sat Sep 05 02:23:32 2015
1.70, 1.80, 0.60, 1.80 , -1.223262E-005, 1.222600E-005, 2.663425E-012, -9.288790E-014, 2.150400E+004 1.570926E+074 2.150400E+004, Sat Sep 05 02:23:35 2015
1.65, 1.80, 0.60, 1.80 , -1.777019E-005, 1.776060E-005, 2.127803E-011, -1.273040E-013, 2.150400E+004 1.570926E+074 2.150400E+004, Sat Sep 05 02:23:39 2015
1.60, 1.80, 0.60, 1.80 , -2.289398E-005, 2.288660E-005, 3.133997E-011, -1.045470E-013, 2.150400E+004 1.570926E+074 2.150400E+004, Sat Sep 05 02:23:42 2015
1.55, 1.80, 0.60, 1.80 , -2.759806E-005, 2.758340E-005, 3.934766E-011, -8.391140E-014, 2.150400E+004 1.570926E+074 2.150400E+004, Sat Sep 05 02:23:46 2015
1.50, 1.80, 0.60, 1.80 , -3.187987E-005, 3.186840E-005, 4.802603E-011, -9.390120E-014, 2.150400E+004 1.570926E+074 2.150400E+004, Sat Sep 05 02:23:49 2015
1.45, 1.80, 0.60, 1.80 , -3.573619E-005, 3.573200E-005, 4.995470E-011, -8.298160E-014, 2.150400E+004 1.570926E+074 2.150400E+004, Sat Sep 05 02:23:53 2015
1.40, 1.80, 0.60, 1.80 , -3.913579E-005, 3.911180E-005, 5.372773E-011, -9.893180E-014, 2.150400E+004 1.570926E+074 2.150400E+004, Sat Sep 05 02:23:57 2015
1.35, 1.80, 0.60, 1.80 , -4.209913E-005, 4.207860E-005, 6.316090E-011, -1.149180E-013, 2.150400E+004 1.570926E+074 2.150400E+004, Sat Sep 05 02:24:00 2015
1.30, 1.80, 0.60, 1.80 , -4.464544E-005, 4.464890E-005, 6.458622E-011, -9.323360E-014, 2.150400E+004 1.570926E+074 2.150400E+004, Sat Sep 05 02:24:04 2015
1.25, 1.80, 0.60, 1.80 , -4.678606E-005, 4.676930E-005, 6.467017E-011, -1.254680E-013, 2.150400E+004 1.570926E+074 2.150400E+004, Sat Sep 05 02:24:07 2015
1.20, 1.80, 0.60, 1.80 , -4.856332E-005, 4.853220E-005, 7.385173E-011, -9.796620E-014, 2.150400E+004 1.570926E+074 2.150400E+004, Sat Sep 05 02:24:11 2015
1.15, 1.80, 0.60, 1.80 , -4.996429E-005, 4.994420E-005, 7.217471E-011, -8.298160E-014, 2.150400E+004 1.570926E+074 2.150400E+004, Sat Sep 05 02:24:14 2015
1.10, 1.80, 0.60, 1.80 , -5.112920E-005, 5.112770E-005, 7.401934E-011, -1.049520E-013, 2.150400E+004 1.570926E+074 2.150400E+004, Sat Sep 05 02:24:18 2015
1.05, 1.80, 0.60, 1.80 , -5.198258E-005, 5.200630E-005, 7.993084E-011, -8.072850E-014, 2.150400E+004 1.570926E+074 2.150400E+004, Sat Sep 05 02:24:21 2015
1.00, 1.80, 0.60, 1.80 , -5.274753E-005, 5.272590E-005, 8.294943E-011, -1.091480E-013, 2.150400E+004 1.570926E+074 2.150400E+004, Sat Sep 05 02:24:25 2015
0.95, 1.80, 0.60, 1.80 , -5.331796E-005, 5.330670E-005, 8.244626E-011, -9.374620E-014, 2.150400E+004 1.570926E+074 2.150400E+004, Sat Sep 05 02:24:28 2015
0.90, 1.80, 0.60, 1.80 , -5.382763E-005, 5.381420E-005, 8.575832E-011, -1.098510E-013, 2.150400E+004 1.570926E+074 2.150400E+004, Sat Sep 05 02:24:32 2015
0.85, 1.80, 0.60, 1.80 , -5.421734E-005, 5.419920E-005, 8.634529E-011, -7.638930E-014, 2.150400E+004 1.570926E+074 2.150400E+004, Sat Sep 05 02:24:36 2015
0.80, 1.80, 0.60, 1.80 , -5.458349E-005, 5.455720E-005, 8.995060E-011, -1.053570E-013, 2.150400E+004 1.570926E+074 2.150400E+004, Sat Sep 05 02:24:39 2015
0.75, 1.80, 0.60, 1.80 , -5.490335E-005, 5.490560E-005, 9.301129E-011, -1.038190E-013, 2.150400E+004 1.570926E+074 2.150400E+004, Sat Sep 05 02:24:43 2015
0.70, 1.80, 0.60, 1.80 , -5.519405E-005, 5.518620E-005, 9.661692E-011, -1.028420E-013, 2.150400E+004 1.570926E+074 2.150400E+004, Sat Sep 05 02:24:46 2015
0.65, 1.80, 0.60, 1.80 , -5.546939E-005, 5.544450E-005, 9.477218E-011, -1.017570E-013, 2.150400E+004 1.570926E+074 2.150400E+004, Sat Sep 05 02:24:50 2015
0.60, 1.80, 0.60, 1.80 , -5.571559E-005, 5.569950E-005, 9.904848E-011, -9.949210E-014, 2.150400E+004 1.570926E+074 2.150400E+004, Sat Sep 05 02:24:53 2015
0.55, 1.80, 0.60, 1.80 , -5.594372E-005, 5.594190E-005, 9.896477E-011, -8.243320E-014, 2.150400E+004 1.570926E+074 2.150400E+004, Sat Sep 05 02:24:57 2015
0.50, 1.80, 0.60, 1.80 , -5.619749E-005, 5.617540E-005, 9.934191E-011, -1.137730E-013, 2.150400E+004 1.570926E+074 2.150400E+004, Sat Sep 05 02:25:00 2015
0.45, 1.80, 0.60, 1.80 , -5.640628E-005, 5.639250E-005, 1.029895E-010, -9.872910E-014, 2.150400E+004 1.570926E+074 2.150400E+004, Sat Sep 05 02:25:04 2015
0.40, 1.80, 0.60, 1.80 , -5.659887E-005, 5.656450E-005, 1.044149E-010, -1.142980E-013, 2.150400E+004 1.570926E+074 2.150400E+004, Sat Sep 05 02:25:08 2015
0.35, 1.80, 0.60, 1.80 , -5.678152E-005, 5.676710E-005, 1.066789E-010, -1.114730E-013, 2.150400E+004 1.570926E+074 2.150400E+004, Sat Sep 05 02:25:11 2015
0.30, 1.80, 0.60, 1.80 , -5.697755E-005, 5.697390E-005, 1.051276E-010, -1.136300E-013, 2.150400E+004 1.570926E+074 2.150400E+004, Sat Sep 05 02:25:15 2015
0.25, 1.80, 0.60, 1.80 , -5.716090E-005, 5.714130E-005, 1.125063E-010, -9.408000E-014, 2.150400E+004 1.570926E+074 2.150400E+004, Sat Sep 05 02:25:18 2015
0.20, 1.80, 0.60, 1.80 , -5.732565E-005, 5.732880E-005, 1.117935E-010, -1.102570E-013, 2.150400E+004 1.570926E+074 2.150400E+004, Sat Sep 05 02:25:22 2015
0.15, 1.80, 0.60, 1.80 , -5.751149E-005, 5.747870E-005, 1.149379E-010, -1.192090E-013, 2.150400E+004 1.570926E+074 2.150400E+004, Sat Sep 05 02:25:25 2015
0.10, 1.80, 0.60, 1.80 , -5.766471E-005, 5.765170E-005, 1.161536E-010, -1.161100E-013, 2.150400E+004 1.570926E+074 2.150400E+004, Sat Sep 05 02:25:29 2015
0.05, 1.80, 0.60, 1.80 , -5.784385E-005, 5.783000E-005, 1.167828E-010, -9.914640E-014, 2.150400E+004 1.570926E+074 2.150400E+004, Sat Sep 05 02:25:32 2015
0.00, 1.80, 0.60, 1.80 , -5.798589E-005, 5.795510E-005, 1.186693E-010, -1.055960E-013, 2.150400E+004 1.570926E+074 2.150400E+004, Sat Sep 05 02:25:36 2015
-0.05, 1.80, 0.60, 1.80 , -5.815178E-005, 5.814960E-005, 1.218138E-010, -1.070500E-013, 2.150400E+004 1.570926E+074 2.150400E+004, Sat Sep 05 02:25:39 2015
-0.10, 1.80, 0.60, 1.80 , -5.832248E-005, 5.830770E-005, 1.240357E-010, -1.046780E-013, 2.150400E+004 1.570926E+074 2.150400E+004, Sat Sep 05 02:25:43 2015
-0.15, 1.80, 0.60, 1.80 , -5.844923E-005, 5.845880E-005, 1.187111E-010, -1.002550E-013, 2.150400E+004 1.570926E+074 2.150400E+004, Sat Sep 05 02:25:47 2015
-0.20, 1.80, 0.60, 1.80 , -5.859493E-005, 5.858390E-005, 1.235327E-010, -9.579660E-014, 2.150400E+004 1.570926E+074 2.150400E+004, Sat Sep 05 02:25:50 2015
