1.80, 1.80, 0.20, 1.80 , 8.135485E-012, 5.229100E-011, -1.630141E-009, 1.582510E-009, 2.150400E+004 1.570926E+074 2.150400E+004, Sun Aug 23 04:16:32 2015
1.75, 1.80, 0.20, 1.80 , -2.229716E-007, 2.243700E-007, -1.596053E-009, 1.518790E-009, 2.150400E+004 1.570926E+074 2.150400E+004, Sun Aug 23 04:16:37 2015
1.70, 1.80, 0.20, 1.80 , -8.942176E-007, 8.959660E-007, -1.426784E-009, 1.462140E-009, 2.150400E+004 1.570926E+074 2.150400E+004, Sun Aug 23 04:16:40 2015
1.65, 1.80, 0.20, 1.80 , -2.102083E-006, 2.104720E-006, -1.358524E-009, 1.377610E-009, 2.150400E+004 1.570926E+074 2.150400E+004, Sun Aug 23 04:16:42 2015
1.60, 1.80, 0.20, 1.80 , -4.019495E-006, 4.024230E-006, -1.131267E-009, 1.126790E-009, 2.150400E+004 1.570926E+074 2.150400E+004, Sun Aug 23 04:16:45 2015
1.55, 1.80, 0.20, 1.80 , -6.603633E-006, 6.612450E-006, -1.137305E-009, 1.130290E-009, 2.150400E+004 1.570926E+074 2.150400E+004, Sun Aug 23 04:16:47 2015
1.50, 1.80, 0.20, 1.80 , -9.531474E-006, 9.541920E-006, -1.045396E-009, 1.151360E-009, 2.150400E+004 1.570926E+074 2.150400E+004, Sun Aug 23 04:16:49 2015
1.45, 1.80, 0.20, 1.80 , -1.251162E-005, 1.250250E-005, -1.015207E-009, 1.072200E-009, 2.150400E+004 1.570926E+074 2.150400E+004, Sun Aug 23 04:16:54 2015
1.40, 1.80, 0.20, 1.80 , -1.536062E-005, 1.536000E-005, -9.717273E-010, 9.866830E-010, 2.150400E+004 1.570926E+074 2.150400E+004, Sun Aug 23 04:16:58 2015
1.35, 1.80, 0.20, 1.80 , -1.800909E-005, 1.800720E-005, -9.855637E-010, 1.008960E-009, 2.150400E+004 1.570926E+074 2.150400E+004, Sun Aug 23 04:17:02 2015
1.30, 1.80, 0.20, 1.80 , -2.040065E-005, 2.039620E-005, -1.132190E-009, 1.128080E-009, 2.150400E+004 1.570926E+074 2.150400E+004, Sun Aug 23 04:17:04 2015
1.25, 1.80, 0.20, 1.80 , -2.252671E-005, 2.252190E-005, -1.127997E-009, 1.159770E-009, 2.150400E+004 1.570926E+074 2.150400E+004, Sun Aug 23 04:17:06 2015
1.20, 1.80, 0.20, 1.80 , -2.435535E-005, 2.436190E-005, -1.155042E-009, 1.152410E-009, 2.150400E+004 1.570926E+074 2.150400E+004, Sun Aug 23 04:17:09 2015
1.15, 1.80, 0.20, 1.80 , -2.591216E-005, 2.591240E-005, -1.135125E-009, 1.086770E-009, 2.150400E+004 1.570926E+074 2.150400E+004, Sun Aug 23 04:17:11 2015
1.10, 1.80, 0.20, 1.80 , -2.722375E-005, 2.721770E-005, -1.167536E-009, 1.177670E-009, 2.150400E+004 1.570926E+074 2.150400E+004, Sun Aug 23 04:17:14 2015
1.05, 1.80, 0.20, 1.80 , -2.829510E-005, 2.829300E-005, -1.159319E-009, 1.205180E-009, 2.150400E+004 1.570926E+074 2.150400E+004, Sun Aug 23 04:17:16 2015
1.00, 1.80, 0.20, 1.80 , -2.915412E-005, 2.914880E-005, -1.173364E-009, 1.072070E-009, 2.150400E+004 1.570926E+074 2.150400E+004, Sun Aug 23 04:17:19 2015
0.95, 1.80, 0.20, 1.80 , -2.983921E-005, 2.984680E-005, -1.114370E-009, 1.238150E-009, 2.150400E+004 1.570926E+074 2.150400E+004, Sun Aug 23 04:17:21 2015
0.90, 1.80, 0.20, 1.80 , -3.045189E-005, 3.044400E-005, -1.098144E-009, 1.292450E-009, 2.150400E+004 1.570926E+074 2.150400E+004, Sun Aug 23 04:17:23 2015
0.85, 1.80, 0.20, 1.80 , -3.093053E-005, 3.092120E-005, -1.209172E-009, 1.298320E-009, 2.150400E+004 1.570926E+074 2.150400E+004, Sun Aug 23 04:17:26 2015
0.80, 1.80, 0.20, 1.80 , -3.131586E-005, 3.132180E-005, -1.156426E-009, 1.294680E-009, 2.150400E+004 1.570926E+074 2.150400E+004, Sun Aug 23 04:17:28 2015
0.75, 1.80, 0.20, 1.80 , -3.169809E-005, 3.168800E-005, -1.127453E-009, 1.277550E-009, 2.150400E+004 1.570926E+074 2.150400E+004, Sun Aug 23 04:17:31 2015
0.70, 1.80, 0.20, 1.80 , -3.200184E-005, 3.200360E-005, -1.217055E-009, 1.090550E-009, 2.150400E+004 1.570926E+074 2.150400E+004, Sun Aug 23 04:17:33 2015
0.65, 1.80, 0.20, 1.80 , -3.228771E-005, 3.230070E-005, -1.126151E-009, 1.119020E-009, 2.150400E+004 1.570926E+074 2.150400E+004, Sun Aug 23 04:17:36 2015
0.60, 1.80, 0.20, 1.80 , -3.255668E-005, 3.255430E-005, -1.243973E-009, 1.236700E-009, 2.150400E+004 1.570926E+074 2.150400E+004, Sun Aug 23 04:17:38 2015
0.55, 1.80, 0.20, 1.80 , -3.279104E-005, 3.278520E-005, -1.228711E-009, 1.229590E-009, 2.150400E+004 1.570926E+074 2.150400E+004, Sun Aug 23 04:17:40 2015
0.50, 1.80, 0.20, 1.80 , -3.299280E-005, 3.299710E-005, -1.230682E-009, 1.196560E-009, 2.150400E+004 1.570926E+074 2.150400E+004, Sun Aug 23 04:17:43 2015
0.45, 1.80, 0.20, 1.80 , -3.317971E-005, 3.318900E-005, -1.266615E-009, 1.267840E-009, 2.150400E+004 1.570926E+074 2.150400E+004, Sun Aug 23 04:17:45 2015
0.40, 1.80, 0.20, 1.80 , -3.338187E-005, 3.337610E-005, -1.218690E-009, 1.306000E-009, 2.150400E+004 1.570926E+074 2.150400E+004, Sun Aug 23 04:17:48 2015
0.35, 1.80, 0.20, 1.80 , -3.355750E-005, 3.354920E-005, -1.112022E-009, 1.126710E-009, 2.150400E+004 1.570926E+074 2.150400E+004, Sun Aug 23 04:17:50 2015
0.30, 1.80, 0.20, 1.80 , -3.374263E-005, 3.373560E-005, -1.244770E-009, 1.151990E-009, 2.150400E+004 1.570926E+074 2.150400E+004, Sun Aug 23 04:17:53 2015
0.25, 1.80, 0.20, 1.80 , -3.390121E-005, 3.389700E-005, -1.132400E-009, 1.329700E-009, 2.150400E+004 1.570926E+074 2.150400E+004, Sun Aug 23 04:17:55 2015
0.20, 1.80, 0.20, 1.80 , -3.405108E-005, 3.405270E-005, -1.135251E-009, 1.223260E-009, 2.150400E+004 1.570926E+074 2.150400E+004, Sun Aug 23 04:17:57 2015
0.15, 1.80, 0.20, 1.80 , -3.420690E-005, 3.420050E-005, -1.339027E-009, 1.368040E-009, 2.150400E+004 1.570926E+074 2.150400E+004, Sun Aug 23 04:18:00 2015
0.10, 1.80, 0.20, 1.80 , -3.434733E-005, 3.434400E-005, -1.206992E-009, 1.243180E-009, 2.150400E+004 1.570926E+074 2.150400E+004, Sun Aug 23 04:18:02 2015
0.05, 1.80, 0.20, 1.80 , -3.447415E-005, 3.445170E-005, -1.256510E-009, 1.345940E-009, 2.150400E+004 1.570926E+074 2.150400E+004, Sun Aug 23 04:18:05 2015
0.00, 1.80, 0.20, 1.80 , -3.458472E-005, 3.458940E-005, -1.231394E-009, 1.272540E-009, 2.150400E+004 1.570926E+074 2.150400E+004, Sun Aug 23 04:18:07 2015
-0.05, 1.80, 0.20, 1.80 , -3.474194E-005, 3.474330E-005, -1.262716E-009, 1.211760E-009, 2.150400E+004 1.570926E+074 2.150400E+004, Sun Aug 23 04:18:10 2015
-0.10, 1.80, 0.20, 1.80 , -3.485773E-005, 3.482650E-005, -1.187830E-009, 1.305820E-009, 2.150400E+004 1.570926E+074 2.150400E+004, Sun Aug 23 04:18:12 2015
-0.15, 1.80, 0.20, 1.80 , -3.498644E-005, 3.498350E-005, -1.416806E-009, 1.367220E-009, 2.150400E+004 1.570926E+074 2.150400E+004, Sun Aug 23 04:18:14 2015
-0.20, 1.80, 0.20, 1.80 , -3.511706E-005, 3.509340E-005, -1.347077E-009, 1.287220E-009, 2.150400E+004 1.570926E+074 2.150400E+004, Sun Aug 23 04:18:17 2015
