0.05, 0.00, 0.00, 0.00 , -3.089045E-012, -4.783900E-012, -9.184258E-011, -8.572340E-014, 2.150400E+004 1.570926E+074 2.150400E+004, Fri Sep 04 22:53:05 2015
0.05, 0.00, 0.02, 0.00 , -3.566695E-011, -4.160020E-012, -7.515465E-011, -7.703300E-014, 2.150400E+004 1.570926E+074 2.150400E+004, Fri Sep 04 22:53:14 2015
0.05, 0.00, 0.04, 0.00 , -4.495082E-011, -3.818240E-012, -5.737661E-011, -7.588860E-014, 2.150400E+004 1.570926E+074 2.150400E+004, Fri Sep 04 22:53:32 2015
0.05, 0.00, 0.06, 0.00 , -4.980375E-011, -3.978260E-012, -4.014367E-011, -9.580850E-014, 2.150400E+004 1.570926E+074 2.150400E+004, Fri Sep 04 22:53:45 2015
0.05, 0.00, 0.08, 0.00 , -5.596490E-011, -4.729990E-012, -2.232378E-011, -8.826260E-014, 2.150400E+004 1.570926E+074 2.150400E+004, Fri Sep 04 22:53:52 2015
0.05, 0.00, 0.10, 0.00 , -6.415151E-011, -4.932020E-012, -7.649974E-012, -9.212490E-014, 2.150400E+004 1.570926E+074 2.150400E+004, Fri Sep 04 22:53:57 2015
0.05, 0.00, 0.12, 0.00 , -7.440594E-011, -5.242050E-012, 4.885649E-012, -5.872250E-014, 2.150400E+004 1.570926E+074 2.150400E+004, Fri Sep 04 22:54:05 2015
0.05, 0.00, 0.14, 0.00 , -7.858374E-011, -5.839570E-012, 2.241038E-011, -8.424520E-014, 2.150400E+004 1.570926E+074 2.150400E+004, Fri Sep 04 22:54:10 2015
0.05, 0.00, 0.16, 0.00 , -8.322564E-011, -6.331590E-012, 3.234663E-011, -8.525850E-014, 2.150400E+004 1.570926E+074 2.150400E+004, Fri Sep 04 22:54:17 2015
0.05, 0.00, 0.18, 0.00 , -9.280486E-011, -7.314110E-012, 4.412757E-011, -8.610490E-014, 2.150400E+004 1.570926E+074 2.150400E+004, Fri Sep 04 22:54:23 2015
0.05, 0.00, 0.20, 0.00 , -9.314251E-011, -8.318890E-012, 5.649552E-011, -9.423490E-014, 2.150400E+004 1.570926E+074 2.150400E+004, Fri Sep 04 22:54:33 2015
0.05, 0.00, 0.22, 0.00 , -9.529467E-011, -1.129820E-011, 7.003721E-011, -9.977820E-014, 2.150400E+004 1.570926E+074 2.150400E+004, Fri Sep 04 22:54:38 2015
0.05, 0.00, 0.24, 0.00 , -9.360663E-011, -1.603210E-011, 7.829660E-011, -8.327960E-014, 2.150400E+004 1.570926E+074 2.150400E+004, Fri Sep 04 22:54:50 2015
0.05, 0.00, 0.26, 0.00 , -8.542004E-011, -2.612740E-011, 8.609468E-011, -9.450910E-014, 2.150400E+004 1.570926E+074 2.150400E+004, Fri Sep 04 22:55:06 2015
0.05, 0.00, 0.28, 0.00 , -7.056586E-011, -4.697720E-011, 9.812721E-011, -1.054640E-013, 2.150400E+004 1.570926E+074 2.150400E+004, Fri Sep 04 22:55:12 2015
0.05, 0.00, 0.30, 0.00 , -2.621431E-011, -8.801530E-011, 9.821097E-011, -8.841750E-014, 2.150400E+004 1.570926E+074 2.150400E+004, Fri Sep 04 22:55:41 2015
0.05, 0.00, 0.32, 0.00 , 5.218795E-011, -1.727230E-010, 9.875599E-011, -1.013160E-013, 2.150400E+004 1.570926E+074 2.150400E+004, Fri Sep 04 22:56:01 2015
0.05, 0.00, 0.34, 0.00 , 2.233768E-010, -3.454390E-010, 1.093631E-010, -9.603500E-014, 2.150400E+004 1.570926E+074 2.150400E+004, Fri Sep 04 22:56:06 2015
0.05, 0.00, 0.36, 0.00 , 5.646149E-010, -6.946780E-010, 1.262170E-010, -9.603500E-014, 2.150400E+004 1.570926E+074 2.150400E+004, Fri Sep 04 22:56:10 2015
0.05, 0.00, 0.38, 0.00 , 1.257260E-009, -1.396060E-009, 1.339312E-010, -1.134990E-013, 2.150400E+004 1.570926E+074 2.150400E+004, Fri Sep 04 22:56:15 2015
0.05, 0.00, 0.40, 0.00 , 2.668925E-009, -2.795970E-009, 1.324639E-010, -7.234810E-014, 2.150400E+004 1.570926E+074 2.150400E+004, Fri Sep 04 22:56:18 2015
0.05, 0.00, 0.42, 0.00 , 5.431912E-009, -5.557220E-009, 1.478085E-010, -6.707910E-014, 2.150400E+004 1.570926E+074 2.150400E+004, Fri Sep 04 22:56:22 2015
0.05, 0.00, 0.44, 0.00 , 1.079252E-008, -1.097130E-008, 1.616437E-010, -8.366110E-014, 2.150400E+004 1.570926E+074 2.150400E+004, Fri Sep 04 22:56:26 2015
0.05, 0.00, 0.46, 0.00 , 2.097431E-008, -2.114100E-008, 1.739697E-010, -8.071660E-014, 2.150400E+004 1.570926E+074 2.150400E+004, Fri Sep 04 22:56:29 2015
0.05, 0.00, 0.48, 0.00 , 3.964365E-008, -3.978860E-008, 1.823967E-010, -8.766650E-014, 2.150400E+004 1.570926E+074 2.150400E+004, Fri Sep 04 22:56:33 2015
0.05, 0.00, 0.50, 0.00 , 7.305685E-008, -7.313170E-008, 1.928359E-010, -7.948880E-014, 2.150400E+004 1.570926E+074 2.150400E+004, Fri Sep 04 22:56:36 2015
0.05, 0.00, 0.52, 0.00 , 1.303929E-007, -1.303230E-007, 1.945549E-010, -8.262400E-014, 2.150400E+004 1.570926E+074 2.150400E+004, Fri Sep 04 22:56:40 2015
0.05, 0.00, 0.54, 0.00 , 2.243239E-007, -2.246290E-007, 2.018500E-010, -9.734630E-014, 2.150400E+004 1.570926E+074 2.150400E+004, Fri Sep 04 22:56:43 2015
0.05, 0.00, 0.56, 0.00 , 3.729010E-007, -3.735050E-007, 2.161884E-010, -6.738900E-014, 2.150400E+004 1.570926E+074 2.150400E+004, Fri Sep 04 22:56:47 2015
0.05, 0.00, 0.58, 0.00 , 5.945834E-007, -5.943700E-007, 2.221416E-010, -9.988550E-014, 2.150400E+004 1.570926E+074 2.150400E+004, Fri Sep 04 22:56:51 2015
0.05, 0.00, 0.60, 0.00 , 9.033094E-007, -9.035720E-007, 2.276338E-010, -8.649830E-014, 2.150400E+004 1.570926E+074 2.150400E+004, Fri Sep 04 22:56:54 2015
0.05, 0.00, 0.62, 0.00 , 1.313839E-006, -1.314350E-006, 2.308204E-010, -9.536740E-014, 2.150400E+004 1.570926E+074 2.150400E+004, Fri Sep 04 22:56:58 2015
0.05, 0.00, 0.64, 0.00 , 1.831130E-006, -1.831480E-006, 2.449489E-010, -7.859470E-014, 2.150400E+004 1.570926E+074 2.150400E+004, Fri Sep 04 22:57:01 2015
0.05, 0.00, 0.66, 0.00 , 2.453405E-006, -2.454350E-006, 2.508603E-010, -8.565190E-014, 2.150400E+004 1.570926E+074 2.150400E+004, Fri Sep 04 22:57:05 2015
0.05, 0.00, 0.68, 0.00 , 3.174426E-006, -3.174420E-006, 2.592874E-010, -8.357760E-014, 2.150400E+004 1.570926E+074 2.150400E+004, Fri Sep 04 22:57:08 2015
0.05, 0.00, 0.70, 0.00 , 3.982605E-006, -3.983070E-006, 2.592455E-010, -7.869010E-014, 2.150400E+004 1.570926E+074 2.150400E+004, Fri Sep 04 22:57:12 2015
0.05, 0.00, 0.72, 0.00 , 4.870790E-006, -4.871500E-006, 2.638990E-010, -9.363890E-014, 2.150400E+004 1.570926E+074 2.150400E+004, Fri Sep 04 22:57:16 2015
0.05, 0.00, 0.74, 0.00 , 5.823787E-006, -5.825500E-006, 2.734160E-010, -6.210800E-014, 2.150400E+004 1.570926E+074 2.150400E+004, Fri Sep 04 22:57:19 2015
0.05, 0.00, 0.76, 0.00 , 6.827143E-006, -6.827980E-006, 2.750093E-010, -8.149150E-014, 2.150400E+004 1.570926E+074 2.150400E+004, Fri Sep 04 22:57:23 2015
0.05, 0.00, 0.78, 0.00 , 7.875139E-006, -7.875860E-006, 2.799564E-010, -1.066920E-013, 2.150400E+004 1.570926E+074 2.150400E+004, Fri Sep 04 22:57:26 2015
0.05, 0.00, 0.80, 0.00 , 8.956638E-006, -8.954720E-006, 2.874611E-010, -9.640460E-014, 2.150400E+004 1.570926E+074 2.150400E+004, Fri Sep 04 22:57:30 2015
0.05, 0.00, 0.82, 0.00 , 1.005582E-005, -1.006450E-005, 2.924502E-010, -6.235840E-014, 2.150400E+004 1.570926E+074 2.150400E+004, Fri Sep 04 22:57:33 2015
0.05, 0.00, 0.84, 0.00 , 1.117936E-005, -1.118210E-005, 2.816332E-010, -8.920430E-014, 2.150400E+004 1.570926E+074 2.150400E+004, Fri Sep 04 22:57:37 2015
0.05, 0.00, 0.86, 0.00 , 1.230534E-005, -1.231150E-005, 2.908987E-010, -8.394720E-014, 2.150400E+004 1.570926E+074 2.150400E+004, Fri Sep 04 22:57:41 2015
0.05, 0.00, 0.88, 0.00 , 1.343963E-005, -1.344440E-005, 2.913600E-010, -7.456540E-014, 2.150400E+004 1.570926E+074 2.150400E+004, Fri Sep 04 22:57:44 2015
0.05, 0.00, 0.90, 0.00 , 1.456518E-005, -1.456810E-005, 2.914020E-010, -8.708240E-014, 2.150400E+004 1.570926E+074 2.150400E+004, Fri Sep 04 22:57:48 2015
0.05, 0.00, 0.92, 0.00 , 1.569149E-005, -1.569700E-005, 2.993259E-010, -7.748600E-014, 2.150400E+004 1.570926E+074 2.150400E+004, Fri Sep 04 22:57:51 2015
0.05, 0.00, 0.94, 0.00 , 1.680847E-005, -1.681260E-005, 3.043985E-010, -9.074210E-014, 2.150400E+004 1.570926E+074 2.150400E+004, Fri Sep 04 22:57:55 2015
0.05, 0.00, 0.96, 0.00 , 1.791207E-005, -1.791730E-005, 3.082136E-010, -7.762910E-014, 2.150400E+004 1.570926E+074 2.150400E+004, Fri Sep 04 22:57:58 2015
0.05, 0.00, 0.98, 0.00 , 1.900633E-005, -1.900770E-005, 3.072496E-010, -1.086000E-013, 2.150400E+004 1.570926E+074 2.150400E+004, Fri Sep 04 22:58:02 2015
0.05, 0.00, 1.00, 0.00 , 2.008744E-005, -2.009250E-005, 2.999965E-010, -9.212490E-014, 2.150400E+004 1.570926E+074 2.150400E+004, Fri Sep 04 22:58:05 2015
0.05, 0.00, 1.02, 0.00 , 2.115721E-005, -2.115940E-005, 2.937077E-010, -9.578470E-014, 2.150400E+004 1.570926E+074 2.150400E+004, Fri Sep 04 22:58:09 2015
0.05, 0.00, 1.04, 0.00 , 2.220678E-005, -2.220650E-005, 2.951752E-010, -7.816550E-014, 2.150400E+004 1.570926E+074 2.150400E+004, Fri Sep 04 22:58:13 2015
0.05, 0.00, 1.06, 0.00 , 2.323680E-005, -2.323840E-005, 2.950911E-010, -9.971860E-014, 2.150400E+004 1.570926E+074 2.150400E+004, Fri Sep 04 22:58:16 2015
0.05, 0.00, 1.08, 0.00 , 2.424628E-005, -2.425040E-005, 2.984872E-010, -9.601120E-014, 2.150400E+004 1.570926E+074 2.150400E+004, Fri Sep 04 22:58:20 2015
0.05, 0.00, 1.10, 0.00 , 2.524358E-005, -2.524550E-005, 2.999125E-010, -7.759330E-014, 2.150400E+004 1.570926E+074 2.150400E+004, Fri Sep 04 22:58:23 2015
0.05, 0.00, 1.12, 0.00 , 2.621649E-005, -2.622020E-005, 2.958879E-010, -8.953810E-014, 2.150400E+004 1.570926E+074 2.150400E+004, Fri Sep 04 22:58:27 2015
0.05, 0.00, 1.14, 0.00 , 2.717543E-005, -2.718030E-005, 2.839811E-010, -9.909870E-014, 2.150400E+004 1.570926E+074 2.150400E+004, Fri Sep 04 22:58:30 2015
0.05, 0.00, 1.16, 0.00 , 2.811258E-005, -2.811500E-005, 2.915276E-010, -9.965900E-014, 2.150400E+004 1.570926E+074 2.150400E+004, Fri Sep 04 22:58:34 2015
0.05, 0.00, 1.18, 0.00 , 2.903071E-005, -2.903520E-005, 2.896410E-010, -7.590060E-014, 2.150400E+004 1.570926E+074 2.150400E+004, Fri Sep 04 22:58:37 2015
0.05, 0.00, 1.20, 0.00 , 2.993503E-005, -2.993480E-005, 2.977326E-010, -8.797650E-014, 2.150400E+004 1.570926E+074 2.150400E+004, Fri Sep 04 22:58:41 2015
0.05, 0.00, 1.22, 0.00 , 3.081570E-005, -3.081740E-005, 2.915696E-010, -7.621050E-014, 2.150400E+004 1.570926E+074 2.150400E+004, Fri Sep 04 22:58:45 2015
0.05, 0.00, 1.24, 0.00 , 3.167553E-005, -3.167500E-005, 2.893057E-010, -8.870360E-014, 2.150400E+004 1.570926E+074 2.150400E+004, Fri Sep 04 22:58:48 2015
0.05, 0.00, 1.26, 0.00 , 3.252212E-005, -3.252500E-005, 2.935820E-010, -1.099820E-013, 2.150400E+004 1.570926E+074 2.150400E+004, Fri Sep 04 22:58:52 2015
0.05, 0.00, 1.28, 0.00 , 3.334973E-005, -3.334910E-005, 2.960974E-010, -7.973910E-014, 2.150400E+004 1.570926E+074 2.150400E+004, Fri Sep 04 22:58:55 2015
0.05, 0.00, 1.30, 0.00 , 3.415906E-005, -3.415960E-005, 2.943785E-010, -8.710620E-014, 2.150400E+004 1.570926E+074 2.150400E+004, Fri Sep 04 22:58:59 2015
0.05, 0.00, 1.32, 0.00 , 3.495052E-005, -3.495070E-005, 3.043147E-010, -9.187460E-014, 2.150400E+004 1.570926E+074 2.150400E+004, Fri Sep 04 22:59:02 2015
0.05, 0.00, 1.34, 0.00 , 3.572416E-005, -3.572350E-005, 2.960134E-010, -6.968980E-014, 2.150400E+004 1.570926E+074 2.150400E+004, Fri Sep 04 22:59:06 2015
0.05, 0.00, 1.36, 0.00 , 3.648457E-005, -3.648330E-005, 2.908567E-010, -6.716250E-014, 2.150400E+004 1.570926E+074 2.150400E+004, Fri Sep 04 22:59:09 2015
0.05, 0.00, 1.38, 0.00 , 3.722544E-005, -3.722830E-005, 2.895572E-010, -9.950400E-014, 2.150400E+004 1.570926E+074 2.150400E+004, Fri Sep 04 22:59:13 2015
0.05, 0.00, 1.40, 0.00 , 3.794886E-005, -3.795140E-005, 2.784468E-010, -8.789300E-014, 2.150400E+004 1.570926E+074 2.150400E+004, Fri Sep 04 22:59:18 2015
0.05, 0.00, 1.42, 0.00 , 3.866055E-005, -3.866290E-005, 2.907308E-010, -5.472900E-014, 2.150400E+004 1.570926E+074 2.150400E+004, Fri Sep 04 22:59:22 2015
0.05, 0.00, 1.44, 0.00 , 3.935343E-005, -3.935330E-005, 2.911922E-010, -8.404250E-014, 2.150400E+004 1.570926E+074 2.150400E+004, Fri Sep 04 22:59:25 2015
0.05, 0.00, 1.46, 0.00 , 4.003167E-005, -4.002850E-005, 2.786566E-010, -8.233790E-014, 2.150400E+004 1.570926E+074 2.150400E+004, Fri Sep 04 22:59:29 2015
0.05, 0.00, 1.48, 0.00 , 4.069522E-005, -4.069590E-005, 2.628089E-010, -8.684400E-014, 2.150400E+004 1.570926E+074 2.150400E+004, Fri Sep 04 22:59:32 2015
0.05, 0.00, 1.50, 0.00 , 4.134350E-005, -4.134050E-005, 2.831006E-010, -8.701090E-014, 2.150400E+004 1.570926E+074 2.150400E+004, Fri Sep 04 22:59:36 2015
0.05, 0.00, 1.52, 0.00 , 4.197983E-005, -4.198110E-005, 2.650309E-010, -9.557010E-014, 2.150400E+004 1.570926E+074 2.150400E+004, Fri Sep 04 22:59:39 2015
0.05, 0.00, 1.54, 0.00 , 4.260280E-005, -4.259960E-005, 2.702717E-010, -1.082780E-013, 2.150400E+004 1.570926E+074 2.150400E+004, Fri Sep 04 22:59:43 2015
0.05, 0.00, 1.56, 0.00 , 4.321413E-005, -4.321310E-005, 2.789499E-010, -1.119020E-013, 2.150400E+004 1.570926E+074 2.150400E+004, Fri Sep 04 22:59:46 2015
0.05, 0.00, 1.58, 0.00 , 4.380929E-005, -4.380570E-005, 2.539627E-010, -8.611680E-014, 2.150400E+004 1.570926E+074 2.150400E+004, Fri Sep 04 22:59:50 2015
0.05, 0.00, 1.60, 0.00 , 4.439049E-005, -4.438970E-005, 2.490155E-010, -9.825230E-014, 2.150400E+004 1.570926E+074 2.150400E+004, Fri Sep 04 22:59:54 2015
0.05, 0.00, 1.62, 0.00 , 4.496560E-005, -4.496910E-005, 2.406305E-010, -9.940860E-014, 2.150400E+004 1.570926E+074 2.150400E+004, Fri Sep 04 22:59:57 2015
0.05, 0.00, 1.64, 0.00 , 4.551533E-005, -4.551340E-005, 2.414271E-010, -6.877180E-014, 2.150400E+004 1.570926E+074 2.150400E+004, Fri Sep 04 23:00:01 2015
0.05, 0.00, 1.66, 0.00 , 4.606441E-005, -4.606320E-005, 2.446554E-010, -1.001000E-013, 2.150400E+004 1.570926E+074 2.150400E+004, Fri Sep 04 23:00:04 2015
0.05, 0.00, 1.68, 0.00 , 4.659540E-005, -4.659120E-005, 2.383664E-010, -8.186100E-014, 2.150400E+004 1.570926E+074 2.150400E+004, Fri Sep 04 23:00:08 2015
0.05, 0.00, 1.70, 0.00 , 4.711759E-005, -4.711820E-005, 2.408401E-010, -7.464890E-014, 2.150400E+004 1.570926E+074 2.150400E+004, Fri Sep 04 23:00:11 2015
0.05, 0.00, 1.72, 0.00 , 4.763406E-005, -4.763260E-005, 2.475901E-010, -1.056670E-013, 2.150400E+004 1.570926E+074 2.150400E+004, Fri Sep 04 23:00:15 2015
0.05, 0.00, 1.74, 0.00 , 4.813386E-005, -4.813460E-005, 2.488477E-010, -8.401870E-014, 2.150400E+004 1.570926E+074 2.150400E+004, Fri Sep 04 23:00:18 2015
0.05, 0.00, 1.76, 0.00 , 4.862367E-005, -4.862070E-005, 2.430622E-010, -1.018170E-013, 2.150400E+004 1.570926E+074 2.150400E+004, Fri Sep 04 23:00:22 2015
0.05, 0.00, 1.78, 0.00 , 4.909944E-005, -4.909840E-005, 2.454099E-010, -9.304280E-014, 2.150400E+004 1.570926E+074 2.150400E+004, Fri Sep 04 23:00:25 2015
0.05, 0.00, 1.80, 0.00 , 4.956627E-005, -4.955710E-005, 2.480514E-010, -1.142860E-013, 2.150400E+004 1.570926E+074 2.150400E+004, Fri Sep 04 23:00:29 2015
0.05, 0.00, 1.82, 0.00 , 5.002665E-005, -5.002550E-005, 2.616351E-010, -9.001490E-014, 2.150400E+004 1.570926E+074 2.150400E+004, Fri Sep 04 23:00:33 2015
0.05, 0.00, 1.84, 0.00 , 5.047694E-005, -5.047190E-005, 2.569812E-010, -7.339720E-014, 2.150400E+004 1.570926E+074 2.150400E+004, Fri Sep 04 23:00:36 2015
0.05, 0.00, 1.86, 0.00 , 5.091625E-005, -5.091310E-005, 2.397921E-010, -1.009110E-013, 2.150400E+004 1.570926E+074 2.150400E+004, Fri Sep 04 23:00:40 2015
0.05, 0.00, 1.88, 0.00 , 5.135314E-005, -5.135410E-005, 2.458291E-010, -7.938150E-014, 2.150400E+004 1.570926E+074 2.150400E+004, Fri Sep 04 23:00:43 2015
0.05, 0.00, 1.90, 0.00 , 5.177407E-005, -5.176750E-005, 2.498121E-010, -9.351970E-014, 2.150400E+004 1.570926E+074 2.150400E+004, Fri Sep 04 23:00:47 2015
0.05, 0.00, 1.92, 0.00 , 5.218582E-005, -5.218350E-005, 2.518248E-010, -9.804960E-014, 2.150400E+004 1.570926E+074 2.150400E+004, Fri Sep 04 23:00:50 2015
0.05, 0.00, 1.94, 0.00 , 5.258896E-005, -5.258640E-005, 2.527468E-010, -1.011610E-013, 2.150400E+004 1.570926E+074 2.150400E+004, Fri Sep 04 23:00:54 2015
0.05, 0.00, 1.96, 0.00 , 5.298537E-005, -5.298220E-005, 2.707329E-010, -9.580850E-014, 2.150400E+004 1.570926E+074 2.150400E+004, Fri Sep 04 23:00:57 2015
0.05, 0.00, 1.98, 0.00 , 5.338186E-005, -5.337450E-005, 2.709005E-010, -9.026530E-014, 2.150400E+004 1.570926E+074 2.150400E+004, Fri Sep 04 23:01:01 2015
0.05, 0.00, 2.00, 0.00 , 5.374800E-005, -5.374740E-005, 2.750512E-010, -9.391310E-014, 2.150400E+004 1.570926E+074 2.150400E+004, Fri Sep 04 23:01:05 2015
