0.00, 0.00, 1.60, 0.00 , 9.124625E-008, -8.806830E-008, 7.116582E-010, -8.081200E-014, 2.150400E+004 1.570926E+074 2.150400E+004, Fri Sep 04 23:22:21 2015
0.05, 0.00, 1.60, 0.00 , 4.439779E-005, -4.441060E-005, 6.337195E-010, -8.645060E-014, 2.150400E+004 1.570926E+074 2.150400E+004, Fri Sep 04 23:22:25 2015
0.10, 0.00, 1.60, 0.00 , 8.722729E-005, -8.721680E-005, 5.872664E-010, -9.256600E-014, 2.150400E+004 1.570926E+074 2.150400E+004, Fri Sep 04 23:22:29 2015
0.15, 0.00, 1.60, 0.00 , 1.283575E-004, -1.283430E-004, 5.432453E-010, -8.350610E-014, 2.150400E+004 1.570926E+074 2.150400E+004, Fri Sep 04 23:22:32 2015
0.20, 0.00, 1.60, 0.00 , 1.677427E-004, -1.677300E-004, 5.169585E-010, -8.510350E-014, 2.150400E+004 1.570926E+074 2.150400E+004, Fri Sep 04 23:22:36 2015
0.25, 0.00, 1.60, 0.00 , 2.053204E-004, -2.053010E-004, 4.967501E-010, -1.046180E-013, 2.150400E+004 1.570926E+074 2.150400E+004, Fri Sep 04 23:22:39 2015
0.30, 0.00, 1.60, 0.00 , 2.411388E-004, -2.411160E-004, 4.818672E-010, -9.020570E-014, 2.150400E+004 1.570926E+074 2.150400E+004, Fri Sep 04 23:22:43 2015
0.35, 0.00, 1.60, 0.00 , 2.750288E-004, -2.750000E-004, 4.594792E-010, -7.656810E-014, 2.150400E+004 1.570926E+074 2.150400E+004, Fri Sep 04 23:22:46 2015
0.40, 0.00, 1.60, 0.00 , 3.069331E-004, -3.069080E-004, 4.523099E-010, -8.351800E-014, 2.150400E+004 1.570926E+074 2.150400E+004, Fri Sep 04 23:22:50 2015
0.45, 0.00, 1.60, 0.00 , 3.366551E-004, -3.366200E-004, 4.400679E-010, -9.620190E-014, 2.150400E+004 1.570926E+074 2.150400E+004, Fri Sep 04 23:22:54 2015
0.50, 0.00, 1.60, 0.00 , 3.641926E-004, -3.641520E-004, 4.244715E-010, -9.441380E-014, 2.150400E+004 1.570926E+074 2.150400E+004, Fri Sep 04 23:22:57 2015
0.55, 0.00, 1.60, 0.00 , 3.894986E-004, -3.894560E-004, 4.117264E-010, -1.057150E-013, 2.150400E+004 1.570926E+074 2.150400E+004, Fri Sep 04 23:23:01 2015
0.60, 0.00, 1.60, 0.00 , 4.125861E-004, -4.125410E-004, 4.015803E-010, -8.370880E-014, 2.150400E+004 1.570926E+074 2.150400E+004, Fri Sep 04 23:23:04 2015
0.65, 0.00, 1.60, 0.00 , 4.333382E-004, -4.333080E-004, 3.929859E-010, -7.636550E-014, 2.150400E+004 1.570926E+074 2.150400E+004, Fri Sep 04 23:23:08 2015
0.70, 0.00, 1.60, 0.00 , 4.517248E-004, -4.516840E-004, 3.840976E-010, -1.022460E-013, 2.150400E+004 1.570926E+074 2.150400E+004, Fri Sep 04 23:23:11 2015
0.75, 0.00, 1.60, 0.00 , 4.677091E-004, -4.676760E-004, 3.783542E-010, -9.304280E-014, 2.150400E+004 1.570926E+074 2.150400E+004, Fri Sep 04 23:23:15 2015
0.80, 0.00, 1.60, 0.00 , 4.814046E-004, -4.813570E-004, 3.755034E-010, -8.976460E-014, 2.150400E+004 1.570926E+074 2.150400E+004, Fri Sep 04 23:23:18 2015
0.85, 0.00, 1.60, 0.00 , 4.928518E-004, -4.928010E-004, 3.669086E-010, -7.921460E-014, 2.150400E+004 1.570926E+074 2.150400E+004, Fri Sep 04 23:23:22 2015
0.90, 0.00, 1.60, 0.00 , 5.021608E-004, -5.021120E-004, 3.603264E-010, -7.694960E-014, 2.150400E+004 1.570926E+074 2.150400E+004, Fri Sep 04 23:23:25 2015
0.95, 0.00, 1.60, 0.00 , 5.095830E-004, -5.095210E-004, 3.780606E-010, -8.878710E-014, 2.150400E+004 1.570926E+074 2.150400E+004, Fri Sep 04 23:23:29 2015
1.00, 0.00, 1.60, 0.00 , 5.152512E-004, -5.151790E-004, 4.386423E-010, -9.144540E-014, 2.150400E+004 1.570926E+074 2.150400E+004, Fri Sep 04 23:23:33 2015
1.05, 0.00, 1.60, 0.00 , 5.195155E-004, -5.194630E-004, 3.640577E-010, -9.047980E-014, 2.150400E+004 1.570926E+074 2.150400E+004, Fri Sep 04 23:23:36 2015
1.10, 0.00, 1.60, 0.00 , 5.226848E-004, -5.226340E-004, 3.806178E-010, -9.754900E-014, 2.150400E+004 1.570926E+074 2.150400E+004, Fri Sep 04 23:23:40 2015
1.15, 0.00, 1.60, 0.00 , 5.250101E-004, -5.249680E-004, 3.685436E-010, -8.795260E-014, 2.150400E+004 1.570926E+074 2.150400E+004, Fri Sep 04 23:23:43 2015
1.20, 0.00, 1.60, 0.00 , 5.267598E-004, -5.267030E-004, 3.527378E-010, -9.341240E-014, 2.150400E+004 1.570926E+074 2.150400E+004, Fri Sep 04 23:23:47 2015
1.25, 0.00, 1.60, 0.00 , 5.281252E-004, -5.280670E-004, 3.476651E-010, -8.425710E-014, 2.150400E+004 1.570926E+074 2.150400E+004, Fri Sep 04 23:23:50 2015
1.30, 0.00, 1.60, 0.00 , 5.291999E-004, -5.291480E-004, 3.428436E-010, -8.770230E-014, 2.150400E+004 1.570926E+074 2.150400E+004, Fri Sep 04 23:23:54 2015
1.35, 0.00, 1.60, 0.00 , 5.300895E-004, -5.300410E-004, 3.399927E-010, -8.839370E-014, 2.150400E+004 1.570926E+074 2.150400E+004, Fri Sep 04 23:23:57 2015
1.40, 0.00, 1.60, 0.00 , 5.308830E-004, -5.308450E-004, 3.355909E-010, -1.000290E-013, 2.150400E+004 1.570926E+074 2.150400E+004, Fri Sep 04 23:24:01 2015
1.45, 0.00, 1.60, 0.00 , 5.316138E-004, -5.315570E-004, 3.337879E-010, -9.280440E-014, 2.150400E+004 1.570926E+074 2.150400E+004, Fri Sep 04 23:24:04 2015
1.50, 0.00, 1.60, 0.00 , 5.322316E-004, -5.321740E-004, 3.304758E-010, -8.097890E-014, 2.150400E+004 1.570926E+074 2.150400E+004, Fri Sep 04 23:24:08 2015
1.55, 0.00, 1.60, 0.00 , 5.328016E-004, -5.327440E-004, 3.294696E-010, -9.576080E-014, 2.150400E+004 1.570926E+074 2.150400E+004, Fri Sep 04 23:24:12 2015
1.60, 0.00, 1.60, 0.00 , 5.332929E-004, -5.332420E-004, 3.256963E-010, -9.256600E-014, 2.150400E+004 1.570926E+074 2.150400E+004, Fri Sep 04 23:24:15 2015
1.65, 0.00, 1.60, 0.00 , 5.337947E-004, -5.337620E-004, 3.165146E-010, -1.294730E-013, 2.150400E+004 1.570926E+074 2.150400E+004, Fri Sep 04 23:24:19 2015
1.70, 0.00, 1.60, 0.00 , 5.342508E-004, -5.341880E-004, 3.200364E-010, -7.785560E-014, 2.150400E+004 1.570926E+074 2.150400E+004, Fri Sep 04 23:24:22 2015
1.75, 0.00, 1.60, 0.00 , 5.347347E-004, -5.346670E-004, 3.143347E-010, -1.015190E-013, 2.150400E+004 1.570926E+074 2.150400E+004, Fri Sep 04 23:24:26 2015
1.80, 0.00, 1.60, 0.00 , 5.351488E-004, -5.350770E-004, 3.112324E-010, -9.331700E-014, 2.150400E+004 1.570926E+074 2.150400E+004, Fri Sep 04 23:24:29 2015
1.85, 0.00, 1.60, 0.00 , 5.355228E-004, -5.354810E-004, 3.095131E-010, -8.428100E-014, 2.150400E+004 1.570926E+074 2.150400E+004, Fri Sep 04 23:24:33 2015
1.90, 0.00, 1.60, 0.00 , 5.359378E-004, -5.358820E-004, 3.073746E-010, -9.146930E-014, 2.150400E+004 1.570926E+074 2.150400E+004, Fri Sep 04 23:24:36 2015
1.95, 0.00, 1.60, 0.00 , 5.363129E-004, -5.362620E-004, 3.024695E-010, -1.011370E-013, 2.150400E+004 1.570926E+074 2.150400E+004, Fri Sep 04 23:24:40 2015
2.00, 0.00, 1.60, 0.00 , 5.367082E-004, -5.366560E-004, 2.967260E-010, -8.705850E-014, 2.150400E+004 1.570926E+074 2.150400E+004, Fri Sep 04 23:24:43 2015
