0.00, 0.00, 2.00, 0.00 , 1.163063E-007, -1.151150E-007, 7.358495E-010, -9.390120E-014, 2.150400E+004 1.570926E+074 2.150400E+004, Fri Sep 04 23:24:51 2015
0.05, 0.00, 2.00, 0.00 , 5.374570E-005, -5.375260E-005, 6.882637E-010, -9.684560E-014, 2.150400E+004 1.570926E+074 2.150400E+004, Fri Sep 04 23:24:55 2015
0.10, 0.00, 2.00, 0.00 , 1.064340E-004, -1.064180E-004, 6.584976E-010, -9.692910E-014, 2.150400E+004 1.570926E+074 2.150400E+004, Fri Sep 04 23:24:59 2015
0.15, 0.00, 2.00, 0.00 , 1.579409E-004, -1.579210E-004, 6.432783E-010, -8.884670E-014, 2.150400E+004 1.570926E+074 2.150400E+004, Fri Sep 04 23:25:02 2015
0.20, 0.00, 2.00, 0.00 , 2.082390E-004, -2.082160E-004, 6.229029E-010, -9.684560E-014, 2.150400E+004 1.570926E+074 2.150400E+004, Fri Sep 04 23:25:06 2015
0.25, 0.00, 2.00, 0.00 , 2.573225E-004, -2.572900E-004, 6.048335E-010, -1.135830E-013, 2.150400E+004 1.570926E+074 2.150400E+004, Fri Sep 04 23:25:09 2015
0.30, 0.00, 2.00, 0.00 , 3.052458E-004, -3.052260E-004, 6.031988E-010, -9.756090E-014, 2.150400E+004 1.570926E+074 2.150400E+004, Fri Sep 04 23:25:13 2015
0.35, 0.00, 2.00, 0.00 , 3.518941E-004, -3.518670E-004, 5.843735E-010, -8.101460E-014, 2.150400E+004 1.570926E+074 2.150400E+004, Fri Sep 04 23:25:17 2015
0.40, 0.00, 2.00, 0.00 , 3.971962E-004, -3.971550E-004, 5.689458E-010, -1.046660E-013, 2.150400E+004 1.570926E+074 2.150400E+004, Fri Sep 04 23:25:20 2015
0.45, 0.00, 2.00, 0.00 , 4.409110E-004, -4.408630E-004, 5.800557E-010, -8.941890E-014, 2.150400E+004 1.570926E+074 2.150400E+004, Fri Sep 04 23:25:24 2015
0.50, 0.00, 2.00, 0.00 , 4.830658E-004, -4.830240E-004, 5.607284E-010, -9.806160E-014, 2.150400E+004 1.570926E+074 2.150400E+004, Fri Sep 04 23:25:27 2015
0.55, 0.00, 2.00, 0.00 , 5.236515E-004, -5.236070E-004, 5.617759E-010, -1.014710E-013, 2.150400E+004 1.570926E+074 2.150400E+004, Fri Sep 04 23:25:31 2015
0.60, 0.00, 2.00, 0.00 , 5.626815E-004, -5.626250E-004, 5.436219E-010, -9.173150E-014, 2.150400E+004 1.570926E+074 2.150400E+004, Fri Sep 04 23:25:34 2015
0.65, 0.00, 2.00, 0.00 , 5.999691E-004, -5.999090E-004, 5.544392E-010, -8.395910E-014, 2.150400E+004 1.570926E+074 2.150400E+004, Fri Sep 04 23:25:38 2015
0.70, 0.00, 2.00, 0.00 , 6.354824E-004, -6.354170E-004, 5.403524E-010, -9.136200E-014, 2.150400E+004 1.570926E+074 2.150400E+004, Fri Sep 04 23:25:41 2015
0.75, 0.00, 2.00, 0.00 , 6.689910E-004, -6.689420E-004, 5.266005E-010, -9.548660E-014, 2.150400E+004 1.570926E+074 2.150400E+004, Fri Sep 04 23:25:45 2015
0.80, 0.00, 2.00, 0.00 , 7.005762E-004, -7.004930E-004, 5.194312E-010, -9.174350E-014, 2.150400E+004 1.570926E+074 2.150400E+004, Fri Sep 04 23:25:49 2015
0.85, 0.00, 2.00, 0.00 , 7.302450E-004, -7.301680E-004, 5.121364E-010, -8.437630E-014, 2.150400E+004 1.570926E+074 2.150400E+004, Fri Sep 04 23:25:52 2015
0.90, 0.00, 2.00, 0.00 , 7.579179E-004, -7.578130E-004, 5.105856E-010, -1.037600E-013, 2.150400E+004 1.570926E+074 2.150400E+004, Fri Sep 04 23:25:56 2015
0.95, 0.00, 2.00, 0.00 , 7.834908E-004, -7.833940E-004, 5.097052E-010, -1.064900E-013, 2.150400E+004 1.570926E+074 2.150400E+004, Fri Sep 04 23:25:59 2015
1.00, 0.00, 2.00, 0.00 , 8.068900E-004, -8.067900E-004, 5.009847E-010, -9.366270E-014, 2.150400E+004 1.570926E+074 2.150400E+004, Fri Sep 04 23:26:03 2015
1.05, 0.00, 2.00, 0.00 , 8.280721E-004, -8.279710E-004, 5.010684E-010, -8.678440E-014, 2.150400E+004 1.570926E+074 2.150400E+004, Fri Sep 04 23:26:06 2015
1.10, 0.00, 2.00, 0.00 , 8.470326E-004, -8.469190E-004, 4.952411E-010, -1.121640E-013, 2.150400E+004 1.570926E+074 2.150400E+004, Fri Sep 04 23:26:10 2015
1.15, 0.00, 2.00, 0.00 , 8.638950E-004, -8.637580E-004, 4.983015E-010, -8.780960E-014, 2.150400E+004 1.570926E+074 2.150400E+004, Fri Sep 04 23:26:13 2015
1.20, 0.00, 2.00, 0.00 , 8.785715E-004, -8.784730E-004, 4.835437E-010, -1.148700E-013, 2.150400E+004 1.570926E+074 2.150400E+004, Fri Sep 04 23:26:17 2015
1.25, 0.00, 2.00, 0.00 , 8.911447E-004, -8.910290E-004, 4.793095E-010, -8.618830E-014, 2.150400E+004 1.570926E+074 2.150400E+004, Fri Sep 04 23:26:20 2015
1.30, 0.00, 2.00, 0.00 , 9.016571E-004, -9.015270E-004, 4.787223E-010, -8.202790E-014, 2.150400E+004 1.570926E+074 2.150400E+004, Fri Sep 04 23:26:24 2015
1.35, 0.00, 2.00, 0.00 , 9.102136E-004, -9.100940E-004, 4.762070E-010, -1.163480E-013, 2.150400E+004 1.570926E+074 2.150400E+004, Fri Sep 04 23:26:28 2015
1.40, 0.00, 2.00, 0.00 , 9.171291E-004, -9.170030E-004, 4.744045E-010, -8.752350E-014, 2.150400E+004 1.570926E+074 2.150400E+004, Fri Sep 04 23:26:31 2015
1.45, 0.00, 2.00, 0.00 , 9.224601E-004, -9.223280E-004, 4.726434E-010, -8.634330E-014, 2.150400E+004 1.570926E+074 2.150400E+004, Fri Sep 04 23:26:35 2015
1.50, 0.00, 2.00, 0.00 , 9.265688E-004, -9.264860E-004, 4.690799E-010, -9.036060E-014, 2.150400E+004 1.570926E+074 2.150400E+004, Fri Sep 04 23:26:38 2015
1.55, 0.00, 2.00, 0.00 , 9.296510E-004, -9.295250E-004, 4.621622E-010, -9.431840E-014, 2.150400E+004 1.570926E+074 2.150400E+004, Fri Sep 04 23:26:42 2015
1.60, 0.00, 2.00, 0.00 , 9.319903E-004, -9.318290E-004, 4.546577E-010, -1.100060E-013, 2.150400E+004 1.570926E+074 2.150400E+004, Fri Sep 04 23:26:45 2015
1.65, 0.00, 2.00, 0.00 , 9.337244E-004, -9.336110E-004, 4.526873E-010, -7.972720E-014, 2.150400E+004 1.570926E+074 2.150400E+004, Fri Sep 04 23:26:49 2015
1.70, 0.00, 2.00, 0.00 , 9.351076E-004, -9.349880E-004, 4.526452E-010, -8.121730E-014, 2.150400E+004 1.570926E+074 2.150400E+004, Fri Sep 04 23:26:52 2015
1.75, 0.00, 2.00, 0.00 , 9.361278E-004, -9.360140E-004, 4.476561E-010, -1.067520E-013, 2.150400E+004 1.570926E+074 2.150400E+004, Fri Sep 04 23:26:56 2015
1.80, 0.00, 2.00, 0.00 , 9.370019E-004, -9.368980E-004, 4.469433E-010, -1.011010E-013, 2.150400E+004 1.570926E+074 2.150400E+004, Fri Sep 04 23:26:59 2015
1.85, 0.00, 2.00, 0.00 , 9.377034E-004, -9.376100E-004, 4.406124E-010, -1.031880E-013, 2.150400E+004 1.570926E+074 2.150400E+004, Fri Sep 04 23:27:03 2015
1.90, 0.00, 2.00, 0.00 , 9.382652E-004, -9.381390E-004, 4.424990E-010, -8.591410E-014, 2.150400E+004 1.570926E+074 2.150400E+004, Fri Sep 04 23:27:07 2015
1.95, 0.00, 2.00, 0.00 , 9.387677E-004, -9.386390E-004, 4.357074E-010, -7.739070E-014, 2.150400E+004 1.570926E+074 2.150400E+004, Fri Sep 04 23:27:10 2015
2.00, 0.00, 2.00, 0.00 , 9.392450E-004, -9.391270E-004, 4.358751E-010, -9.095670E-014, 2.150400E+004 1.570926E+074 2.150400E+004, Fri Sep 04 23:27:14 2015
