1.80, 0.00, 0.00, 0.00 , 1.780612E-010, -5.360890E-012, -4.639142E-011, -9.729860E-014, 2.150400E+004 1.570926E+074 2.150400E+004, Wed Sep 09 15:59:52 2015
1.80, 0.00, 0.02, 0.00 , 1.313497E-010, -5.508020E-012, -3.725070E-011, -7.791520E-014, 2.150400E+004 1.570926E+074 2.150400E+004, Wed Sep 09 16:00:01 2015
1.80, 0.00, 0.04, 0.00 , 1.202519E-010, -5.371940E-012, -3.381246E-011, -8.959770E-014, 2.150400E+004 1.570926E+074 2.150400E+004, Wed Sep 09 16:00:26 2015
1.80, 0.00, 0.06, 0.00 , 1.166653E-010, -5.591940E-012, -3.368667E-011, -1.019840E-013, 2.150400E+004 1.570926E+074 2.150400E+004, Wed Sep 09 16:00:30 2015
1.80, 0.00, 0.08, 0.00 , 1.007150E-010, -5.516050E-012, -3.251265E-011, -8.298160E-014, 2.150400E+004 1.570926E+074 2.150400E+004, Wed Sep 09 16:01:01 2015
1.80, 0.00, 0.10, 0.00 , 5.847609E-011, -5.606070E-012, -3.062579E-011, -9.943250E-014, 2.150400E+004 1.570926E+074 2.150400E+004, Wed Sep 09 16:01:36 2015
1.80, 0.00, 0.12, 0.00 , 8.096691E-011, -5.638480E-012, -3.079351E-011, -8.238550E-014, 2.150400E+004 1.570926E+074 2.150400E+004, Wed Sep 09 16:01:54 2015
1.80, 0.00, 0.14, 0.00 , 7.868827E-011, -5.483650E-012, -3.012263E-011, -1.037360E-013, 2.150400E+004 1.570926E+074 2.150400E+004, Wed Sep 09 16:02:03 2015
1.80, 0.00, 0.16, 0.00 , 8.463800E-011, -5.640340E-012, -2.949369E-011, -9.535550E-014, 2.150400E+004 1.570926E+074 2.150400E+004, Wed Sep 09 16:02:37 2015
1.80, 0.00, 0.18, 0.00 , 7.628306E-011, -5.698480E-012, -3.024843E-011, -1.284360E-013, 2.150400E+004 1.570926E+074 2.150400E+004, Wed Sep 09 16:03:13 2015
1.80, 0.00, 0.20, 0.00 , 7.189459E-011, -5.712080E-012, -2.676825E-011, -8.847710E-014, 2.150400E+004 1.570926E+074 2.150400E+004, Wed Sep 09 16:03:28 2015
1.80, 0.00, 0.22, 0.00 , 6.425703E-011, -5.598570E-012, -2.903246E-011, -7.224080E-014, 2.150400E+004 1.570926E+074 2.150400E+004, Wed Sep 09 16:03:35 2015
1.80, 0.00, 0.24, 0.00 , 7.231662E-011, -5.614360E-012, -2.861316E-011, -8.925200E-014, 2.150400E+004 1.570926E+074 2.150400E+004, Wed Sep 09 16:04:01 2015
1.80, 0.00, 0.26, 0.00 , 6.678885E-011, -5.688950E-012, -2.798422E-011, -9.731050E-014, 2.150400E+004 1.570926E+074 2.150400E+004, Wed Sep 09 16:04:09 2015
1.80, 0.00, 0.28, 0.00 , 6.978478E-011, -5.837660E-012, -2.584580E-011, -7.956030E-014, 2.150400E+004 1.570926E+074 2.150400E+004, Wed Sep 09 16:04:57 2015
1.80, 0.00, 0.30, 0.00 , 6.805467E-011, -5.709530E-012, -2.664246E-011, -7.632970E-014, 2.150400E+004 1.570926E+074 2.150400E+004, Wed Sep 09 16:05:05 2015
1.80, 0.00, 0.32, 0.00 , 5.505816E-011, -5.802760E-012, -2.806808E-011, -1.056550E-013, 2.150400E+004 1.570926E+074 2.150400E+004, Wed Sep 09 16:05:14 2015
1.80, 0.00, 0.34, 0.00 , 6.737957E-011, -6.057360E-012, -2.546843E-011, -1.055960E-013, 2.150400E+004 1.570926E+074 2.150400E+004, Wed Sep 09 16:05:44 2015
1.80, 0.00, 0.36, 0.00 , 6.455238E-011, -5.942090E-012, -2.651667E-011, -1.100660E-013, 2.150400E+004 1.570926E+074 2.150400E+004, Wed Sep 09 16:05:53 2015
1.80, 0.00, 0.38, 0.00 , 5.341246E-011, -6.076790E-012, -2.446211E-011, -7.967950E-014, 2.150400E+004 1.570926E+074 2.150400E+004, Wed Sep 09 16:06:13 2015
1.80, 0.00, 0.40, 0.00 , 6.062810E-011, -5.955100E-012, -2.563614E-011, -1.021150E-013, 2.150400E+004 1.570926E+074 2.150400E+004, Wed Sep 09 16:06:32 2015
1.80, 0.00, 0.42, 0.00 , 6.488997E-011, -6.108880E-012, -2.416860E-011, -9.098050E-014, 2.150400E+004 1.570926E+074 2.150400E+004, Wed Sep 09 16:06:50 2015
1.80, 0.00, 0.44, 0.00 , 5.569110E-011, -6.035760E-012, -2.731334E-011, -1.060720E-013, 2.150400E+004 1.570926E+074 2.150400E+004, Wed Sep 09 16:06:55 2015
1.80, 0.00, 0.46, 0.00 , 6.130321E-011, -6.041060E-012, -2.349773E-011, -9.312630E-014, 2.150400E+004 1.570926E+074 2.150400E+004, Wed Sep 09 16:07:12 2015
1.80, 0.00, 0.48, 0.00 , 6.092343E-011, -6.149960E-012, -2.198836E-011, -1.006960E-013, 2.150400E+004 1.570926E+074 2.150400E+004, Wed Sep 09 16:07:21 2015
1.80, 0.00, 0.50, 0.00 , 5.733678E-011, -6.282730E-012, -2.257532E-011, -9.270910E-014, 2.150400E+004 1.570926E+074 2.150400E+004, Wed Sep 09 16:07:47 2015
1.80, 0.00, 0.52, 0.00 , 6.294892E-011, -6.273350E-012, -2.228184E-011, -1.099470E-013, 2.150400E+004 1.570926E+074 2.150400E+004, Wed Sep 09 16:07:58 2015
1.80, 0.00, 0.54, 0.00 , 5.847608E-011, -6.282480E-012, -2.182066E-011, -1.064900E-013, 2.150400E+004 1.570926E+074 2.150400E+004, Wed Sep 09 16:08:30 2015
1.80, 0.00, 0.56, 0.00 , 6.598705E-011, -6.272920E-012, -2.274302E-011, -9.579660E-014, 2.150400E+004 1.570926E+074 2.150400E+004, Wed Sep 09 16:09:04 2015
1.80, 0.00, 0.58, 0.00 , 4.995233E-011, -6.353310E-012, -2.349773E-011, -9.268520E-014, 2.150400E+004 1.570926E+074 2.150400E+004, Wed Sep 09 16:09:19 2015
1.80, 0.00, 0.60, 0.00 , 5.877142E-011, -6.591050E-012, -2.328808E-011, -8.383990E-014, 2.150400E+004 1.570926E+074 2.150400E+004, Wed Sep 09 16:10:30 2015
1.80, 0.00, 0.62, 0.00 , 6.590259E-011, -6.606630E-012, -2.156911E-011, -1.007560E-013, 2.150400E+004 1.570926E+074 2.150400E+004, Wed Sep 09 16:10:37 2015
1.80, 0.00, 0.64, 0.00 , 1.016009E-005, -1.015620E-005, -2.194644E-011, -9.995700E-014, 2.150400E+004 1.570926E+074 2.150400E+004, Wed Sep 09 16:10:57 2015
1.80, 0.00, 0.66, 0.00 , 1.295660E-005, -1.294200E-005, -2.001786E-011, -8.172990E-014, 2.150400E+004 1.570926E+074 2.150400E+004, Wed Sep 09 16:11:01 2015
1.80, 0.00, 0.68, 0.00 , 1.615585E-005, -1.613140E-005, -1.959861E-011, -1.017810E-013, 2.150400E+004 1.570926E+074 2.150400E+004, Wed Sep 09 16:11:04 2015
1.80, 0.00, 0.70, 0.00 , 1.984680E-005, -1.982400E-005, -1.964053E-011, -1.025080E-013, 2.150400E+004 1.570926E+074 2.150400E+004, Wed Sep 09 16:11:08 2015
1.80, 0.00, 0.72, 0.00 , 2.408556E-005, -2.404810E-005, -2.064674E-011, -9.243490E-014, 2.150400E+004 1.570926E+074 2.150400E+004, Wed Sep 09 16:11:11 2015
1.80, 0.00, 0.74, 0.00 , 2.890392E-005, -2.886300E-005, -1.746040E-011, -8.895400E-014, 2.150400E+004 1.570926E+074 2.150400E+004, Wed Sep 09 16:11:15 2015
1.80, 0.00, 0.76, 0.00 , 3.432401E-005, -3.429290E-005, -1.943090E-011, -9.508130E-014, 2.150400E+004 1.570926E+074 2.150400E+004, Wed Sep 09 16:11:18 2015
1.80, 0.00, 0.78, 0.00 , 4.044014E-005, -4.038430E-005, -1.825699E-011, -9.795430E-014, 2.150400E+004 1.570926E+074 2.150400E+004, Wed Sep 09 16:11:22 2015
1.80, 0.00, 0.80, 0.00 , 4.708556E-005, -4.703990E-005, -1.787966E-011, -8.562800E-014, 2.150400E+004 1.570926E+074 2.150400E+004, Wed Sep 09 16:11:26 2015
1.80, 0.00, 0.82, 0.00 , 5.430275E-005, -5.426340E-005, -1.808929E-011, -1.057030E-013, 2.150400E+004 1.570926E+074 2.150400E+004, Wed Sep 09 16:11:29 2015
1.80, 0.00, 0.84, 0.00 , 6.211188E-005, -6.205510E-005, -1.595108E-011, -1.019480E-013, 2.150400E+004 1.570926E+074 2.150400E+004, Wed Sep 09 16:11:33 2015
1.80, 0.00, 0.86, 0.00 , 7.048345E-005, -7.041940E-005, -1.683152E-011, -9.255410E-014, 2.150400E+004 1.570926E+074 2.150400E+004, Wed Sep 09 16:11:36 2015
1.80, 0.00, 0.88, 0.00 , 7.945082E-005, -7.938100E-005, -1.741848E-011, -1.134510E-013, 2.150400E+004 1.570926E+074 2.150400E+004, Wed Sep 09 16:11:40 2015
1.80, 0.00, 0.90, 0.00 , 8.890129E-005, -8.884300E-005, -1.511257E-011, -8.566380E-014, 2.150400E+004 1.570926E+074 2.150400E+004, Wed Sep 09 16:11:43 2015
1.80, 0.00, 0.92, 0.00 , 9.890074E-005, -9.884770E-005, -1.406443E-011, -8.914470E-014, 2.150400E+004 1.570926E+074 2.150400E+004, Wed Sep 09 16:11:47 2015
1.80, 0.00, 0.94, 0.00 , 1.094949E-004, -1.094270E-004, -1.582530E-011, -1.003270E-013, 2.150400E+004 1.570926E+074 2.150400E+004, Wed Sep 09 16:11:51 2015
1.80, 0.00, 0.96, 0.00 , 1.206459E-004, -1.205600E-004, -1.444176E-011, -1.055720E-013, 2.150400E+004 1.570926E+074 2.150400E+004, Wed Sep 09 16:11:54 2015
1.80, 0.00, 0.98, 0.00 , 1.322776E-004, -1.321870E-004, -1.586723E-011, -1.120570E-013, 2.150400E+004 1.570926E+074 2.150400E+004, Wed Sep 09 16:11:58 2015
1.80, 0.00, 1.00, 0.00 , 1.442393E-004, -1.441620E-004, -1.314207E-011, -7.954840E-014, 2.150400E+004 1.570926E+074 2.150400E+004, Wed Sep 09 16:12:01 2015
1.80, 0.00, 1.02, 0.00 , 1.564754E-004, -1.563800E-004, -1.368710E-011, -1.079080E-013, 2.150400E+004 1.570926E+074 2.150400E+004, Wed Sep 09 16:12:05 2015
1.80, 0.00, 1.04, 0.00 , 1.688966E-004, -1.688410E-004, -1.448369E-011, -1.129870E-013, 2.150400E+004 1.570926E+074 2.150400E+004, Wed Sep 09 16:12:08 2015
1.80, 0.00, 1.06, 0.00 , 1.816947E-004, -1.815310E-004, -1.419022E-011, -1.066330E-013, 2.150400E+004 1.570926E+074 2.150400E+004, Wed Sep 09 16:12:12 2015
1.80, 0.00, 1.08, 0.00 , 1.946551E-004, -1.945700E-004, -1.364518E-011, -1.073480E-013, 2.150400E+004 1.570926E+074 2.150400E+004, Wed Sep 09 16:12:15 2015
1.80, 0.00, 1.10, 0.00 , 2.079463E-004, -2.078610E-004, -1.297437E-011, -9.995700E-014, 2.150400E+004 1.570926E+074 2.150400E+004, Wed Sep 09 16:12:19 2015
1.80, 0.00, 1.12, 0.00 , 2.219215E-004, -2.217750E-004, -1.318400E-011, -1.084210E-013, 2.150400E+004 1.570926E+074 2.150400E+004, Wed Sep 09 16:12:22 2015
1.80, 0.00, 1.14, 0.00 , 2.366212E-004, -2.365330E-004, -1.154890E-011, -8.833410E-014, 2.150400E+004 1.570926E+074 2.150400E+004, Wed Sep 09 16:12:26 2015
1.80, 0.00, 1.16, 0.00 , 2.523065E-004, -2.522070E-004, -1.171661E-011, -8.698700E-014, 2.150400E+004 1.570926E+074 2.150400E+004, Wed Sep 09 16:12:30 2015
1.80, 0.00, 1.18, 0.00 , 2.688832E-004, -2.687680E-004, -1.029113E-011, -1.134280E-013, 2.150400E+004 1.570926E+074 2.150400E+004, Wed Sep 09 16:12:33 2015
1.80, 0.00, 1.20, 0.00 , 2.863648E-004, -2.862210E-004, -1.108772E-011, -9.692910E-014, 2.150400E+004 1.570926E+074 2.150400E+004, Wed Sep 09 16:12:37 2015
1.80, 0.00, 1.22, 0.00 , 3.047372E-004, -3.046260E-004, -1.054269E-011, -9.357930E-014, 2.150400E+004 1.570926E+074 2.150400E+004, Wed Sep 09 16:12:40 2015
1.80, 0.00, 1.24, 0.00 , 3.241253E-004, -3.239950E-004, -9.326860E-012, -9.478330E-014, 2.150400E+004 1.570926E+074 2.150400E+004, Wed Sep 09 16:12:44 2015
1.80, 0.00, 1.26, 0.00 , 3.442877E-004, -3.441970E-004, -9.829952E-012, -9.495020E-014, 2.150400E+004 1.570926E+074 2.150400E+004, Wed Sep 09 16:12:47 2015
1.80, 0.00, 1.28, 0.00 , 3.653562E-004, -3.652180E-004, -1.087809E-011, -9.018180E-014, 2.150400E+004 1.570926E+074 2.150400E+004, Wed Sep 09 16:12:51 2015
1.80, 0.00, 1.30, 0.00 , 3.871868E-004, -3.870470E-004, -7.943307E-012, -9.711980E-014, 2.150400E+004 1.570926E+074 2.150400E+004, Wed Sep 09 16:12:54 2015
1.80, 0.00, 1.32, 0.00 , 4.097368E-004, -4.096130E-004, -7.440206E-012, -9.349580E-014, 2.150400E+004 1.570926E+074 2.150400E+004, Wed Sep 09 16:12:58 2015
1.80, 0.00, 1.34, 0.00 , 4.328903E-004, -4.327310E-004, -9.075299E-012, -1.122830E-013, 2.150400E+004 1.570926E+074 2.150400E+004, Wed Sep 09 16:13:02 2015
1.80, 0.00, 1.36, 0.00 , 4.566356E-004, -4.564960E-004, -8.027150E-012, -8.411410E-014, 2.150400E+004 1.570926E+074 2.150400E+004, Wed Sep 09 16:13:05 2015
1.80, 0.00, 1.38, 0.00 , 4.809301E-004, -4.807730E-004, -7.607902E-012, -1.031880E-013, 2.150400E+004 1.570926E+074 2.150400E+004, Wed Sep 09 16:13:09 2015
1.80, 0.00, 1.40, 0.00 , 5.058450E-004, -5.056430E-004, -8.069099E-012, -1.170870E-013, 2.150400E+004 1.570926E+074 2.150400E+004, Wed Sep 09 16:13:12 2015
1.80, 0.00, 1.42, 0.00 , 5.312414E-004, -5.310930E-004, -8.111019E-012, -9.278060E-014, 2.150400E+004 1.570926E+074 2.150400E+004, Wed Sep 09 16:13:16 2015
1.80, 0.00, 1.44, 0.00 , 5.571039E-004, -5.569100E-004, -6.098583E-012, -9.006260E-014, 2.150400E+004 1.570926E+074 2.150400E+004, Wed Sep 09 16:13:19 2015
1.80, 0.00, 1.46, 0.00 , 5.833554E-004, -5.831960E-004, -6.811321E-012, -1.126170E-013, 2.150400E+004 1.570926E+074 2.150400E+004, Wed Sep 09 16:13:23 2015
1.80, 0.00, 1.48, 0.00 , 6.100202E-004, -6.098160E-004, -5.972799E-012, -1.059170E-013, 2.150400E+004 1.570926E+074 2.150400E+004, Wed Sep 09 16:13:26 2015
1.80, 0.00, 1.50, 0.00 , 6.370794E-004, -6.368460E-004, -6.182437E-012, -9.171960E-014, 2.150400E+004 1.570926E+074 2.150400E+004, Wed Sep 09 16:13:30 2015
1.80, 0.00, 1.52, 0.00 , 6.645375E-004, -6.643300E-004, -6.475919E-012, -1.068830E-013, 2.150400E+004 1.570926E+074 2.150400E+004, Wed Sep 09 16:13:34 2015
1.80, 0.00, 1.54, 0.00 , 6.923575E-004, -6.921600E-004, -4.756985E-012, -1.053570E-013, 2.150400E+004 1.570926E+074 2.150400E+004, Wed Sep 09 16:13:37 2015
1.80, 0.00, 1.56, 0.00 , 7.206050E-004, -7.203940E-004, -4.086165E-012, -8.910890E-014, 2.150400E+004 1.570926E+074 2.150400E+004, Wed Sep 09 16:13:41 2015
1.80, 0.00, 1.58, 0.00 , 7.493071E-004, -7.490860E-004, -4.337723E-012, -1.026510E-013, 2.150400E+004 1.570926E+074 2.150400E+004, Wed Sep 09 16:13:44 2015
1.80, 0.00, 1.60, 0.00 , 7.783281E-004, -7.780570E-004, -2.576852E-012, -1.021150E-013, 2.150400E+004 1.570926E+074 2.150400E+004, Wed Sep 09 16:13:48 2015
1.80, 0.00, 1.62, 0.00 , 8.076454E-004, -8.073790E-004, -3.541147E-012, -1.177430E-013, 2.150400E+004 1.570926E+074 2.150400E+004, Wed Sep 09 16:13:51 2015
1.80, 0.00, 1.64, 0.00 , 8.373011E-004, -8.370340E-004, -3.666919E-012, -1.239900E-013, 2.150400E+004 1.570926E+074 2.150400E+004, Wed Sep 09 16:13:55 2015
1.80, 0.00, 1.66, 0.00 , 8.671768E-004, -8.669300E-004, -2.828411E-012, -1.020910E-013, 2.150400E+004 1.570926E+074 2.150400E+004, Wed Sep 09 16:13:58 2015
1.80, 0.00, 1.68, 0.00 , 8.973373E-004, -8.970550E-004, -2.199510E-012, -9.843110E-014, 2.150400E+004 1.570926E+074 2.150400E+004, Wed Sep 09 16:14:02 2015
1.80, 0.00, 1.70, 0.00 , 9.275961E-004, -9.273750E-004, -2.325303E-012, -9.483100E-014, 2.150400E+004 1.570926E+074 2.150400E+004, Wed Sep 09 16:14:05 2015
1.80, 0.00, 1.72, 0.00 , 9.581411E-004, -9.578490E-004, -1.780272E-012, -9.002690E-014, 2.150400E+004 1.570926E+074 2.150400E+004, Wed Sep 09 16:14:09 2015
1.80, 0.00, 1.74, 0.00 , 9.888883E-004, -9.886510E-004, -1.109460E-012, -7.221700E-014, 2.150400E+004 1.570926E+074 2.150400E+004, Wed Sep 09 16:14:13 2015
1.80, 0.00, 1.76, 0.00 , 1.019836E-003, -1.020390E-003, -2.290130E-013, -9.537940E-014, 2.150400E+004 1.570926E+074 2.150400E+004, Wed Sep 09 16:14:16 2015
1.80, 0.00, 1.78, 0.00 , 1.051083E-003, -1.051700E-003, -1.870899E-013, -8.052590E-014, 2.150400E+004 1.570926E+074 2.150400E+004, Wed Sep 09 16:14:20 2015
1.80, 0.00, 1.80, 0.00 , 1.082348E-003, -1.082850E-003, -1.032351E-013, -9.393690E-014, 2.150400E+004 1.570926E+074 2.150400E+004, Wed Sep 09 16:14:23 2015
1.80, 0.00, 1.82, 0.00 , 1.113772E-003, -1.114360E-003, -1.451686E-013, -9.278060E-014, 2.150400E+004 1.570926E+074 2.150400E+004, Wed Sep 09 16:14:27 2015
1.80, 0.00, 1.84, 0.00 , 1.145456E-003, -1.145990E-003, 7.771821E-013, -1.015900E-013, 2.150400E+004 1.570926E+074 2.150400E+004, Wed Sep 09 16:14:30 2015
1.80, 0.00, 1.86, 0.00 , 1.177211E-003, -1.177940E-003, 1.489918E-012, -1.065970E-013, 2.150400E+004 1.570926E+074 2.150400E+004, Wed Sep 09 16:14:34 2015
1.80, 0.00, 1.88, 0.00 , 1.209103E-003, -1.209770E-003, 1.699568E-012, -9.596350E-014, 2.150400E+004 1.570926E+074 2.150400E+004, Wed Sep 09 16:14:38 2015
1.80, 0.00, 1.90, 0.00 , 1.240936E-003, -1.241540E-003, 2.747694E-012, -1.200680E-013, 2.150400E+004 1.570926E+074 2.150400E+004, Wed Sep 09 16:14:41 2015
1.80, 0.00, 1.92, 0.00 , 1.272866E-003, -1.273500E-003, 1.867260E-012, -9.615420E-014, 2.150400E+004 1.570926E+074 2.150400E+004, Wed Sep 09 16:14:45 2015
1.80, 0.00, 1.94, 0.00 , 1.304797E-003, -1.305420E-003, 3.292719E-012, -8.780960E-014, 2.150400E+004 1.570926E+074 2.150400E+004, Wed Sep 09 16:14:48 2015
1.80, 0.00, 1.96, 0.00 , 1.337034E-003, -1.337590E-003, 3.125021E-012, -9.626150E-014, 2.150400E+004 1.570926E+074 2.150400E+004, Wed Sep 09 16:14:52 2015
1.80, 0.00, 1.98, 0.00 , 1.369417E-003, -1.370060E-003, 4.047375E-012, -1.018170E-013, 2.150400E+004 1.570926E+074 2.150400E+004, Wed Sep 09 16:14:55 2015
1.80, 0.00, 2.00, 0.00 , 1.402000E-003, -1.402620E-003, 3.208871E-012, -8.876320E-014, 2.150400E+004 1.570926E+074 2.150400E+004, Wed Sep 09 16:14:59 2015
