0.05, 0.00, 0.00, 0.00 , -3.241823E-011, 1.633050E-013, -2.802615E-011, -1.064060E-013, 2.150400E+004 1.570926E+074 2.150400E+004, Wed Sep 09 15:38:26 2015
0.05, 0.00, 0.02, 0.00 , -4.056284E-011, 1.973150E-013, -3.175791E-011, -9.934900E-014, 2.150400E+004 1.570926E+074 2.150400E+004, Wed Sep 09 15:40:20 2015
0.05, 0.00, 0.04, 0.00 , -4.355903E-011, 3.334520E-013, -3.066773E-011, -7.762910E-014, 2.150400E+004 1.570926E+074 2.150400E+004, Wed Sep 09 15:40:27 2015
0.05, 0.00, 0.06, 0.00 , -4.132241E-011, 2.505300E-013, -3.016457E-011, -9.086130E-014, 2.150400E+004 1.570926E+074 2.150400E+004, Wed Sep 09 15:40:32 2015
0.05, 0.00, 0.08, 0.00 , -4.347466E-011, 2.220630E-013, -2.869703E-011, -8.649830E-014, 2.150400E+004 1.570926E+074 2.150400E+004, Wed Sep 09 15:41:10 2015
0.05, 0.00, 0.10, 0.00 , -4.182886E-011, 2.921700E-013, -2.970335E-011, -7.392170E-014, 2.150400E+004 1.570926E+074 2.150400E+004, Wed Sep 09 15:41:29 2015
0.05, 0.00, 0.12, 0.00 , -4.372784E-011, 3.433230E-013, -2.756492E-011, -8.341070E-014, 2.150400E+004 1.570926E+074 2.150400E+004, Wed Sep 09 15:41:52 2015
0.05, 0.00, 0.14, 0.00 , -4.326367E-011, 3.548980E-013, -2.743913E-011, -6.562470E-014, 2.150400E+004 1.570926E+074 2.150400E+004, Wed Sep 09 15:42:31 2015
0.05, 0.00, 0.16, 0.00 , -4.457186E-011, 3.220200E-013, -2.949369E-011, -9.201770E-014, 2.150400E+004 1.570926E+074 2.150400E+004, Wed Sep 09 15:43:01 2015
0.05, 0.00, 0.18, 0.00 , -4.824327E-011, 3.843900E-013, -2.907440E-011, -1.095290E-013, 2.150400E+004 1.570926E+074 2.150400E+004, Wed Sep 09 15:44:16 2015
0.05, 0.00, 0.20, 0.00 , -3.811526E-011, 2.790210E-013, -2.743913E-011, -1.082660E-013, 2.150400E+004 1.570926E+074 2.150400E+004, Wed Sep 09 15:44:49 2015
0.05, 0.00, 0.22, 0.00 , -4.292602E-011, 2.887250E-013, -2.852931E-011, -9.965900E-014, 2.150400E+004 1.570926E+074 2.150400E+004, Wed Sep 09 15:45:47 2015
0.05, 0.00, 0.24, 0.00 , -4.609102E-011, 3.376720E-013, -2.802615E-011, -9.179120E-014, 2.150400E+004 1.570926E+074 2.150400E+004, Wed Sep 09 15:45:53 2015
0.05, 0.00, 0.26, 0.00 , -4.980468E-011, 2.372030E-013, -2.718756E-011, -1.178380E-013, 2.150400E+004 1.570926E+074 2.150400E+004, Wed Sep 09 15:46:14 2015
0.05, 0.00, 0.28, 0.00 , -4.398103E-011, 4.084940E-013, -2.588773E-011, -1.013640E-013, 2.150400E+004 1.570926E+074 2.150400E+004, Wed Sep 09 15:46:39 2015
0.05, 0.00, 0.30, 0.00 , -4.486726E-011, 3.317360E-013, -2.743913E-011, -9.703640E-014, 2.150400E+004 1.570926E+074 2.150400E+004, Wed Sep 09 15:47:46 2015
0.05, 0.00, 0.32, 0.00 , -3.811521E-011, 3.017780E-013, -2.722948E-011, -7.902380E-014, 2.150400E+004 1.570926E+074 2.150400E+004, Wed Sep 09 15:48:09 2015
0.05, 0.00, 0.34, 0.00 , -4.550025E-011, 4.573350E-013, -2.760685E-011, -8.182530E-014, 2.150400E+004 1.570926E+074 2.150400E+004, Wed Sep 09 15:48:21 2015
0.05, 0.00, 0.36, 0.00 , -8.659552E-012, 4.538890E-013, -2.815194E-011, -7.399320E-014, 2.150400E+004 1.570926E+074 2.150400E+004, Wed Sep 09 15:48:26 2015
0.05, 0.00, 0.38, 0.00 , -7.182544E-012, 3.047700E-013, -2.530071E-011, -8.374450E-014, 2.150400E+004 1.570926E+074 2.150400E+004, Wed Sep 09 15:48:34 2015
0.05, 0.00, 0.40, 0.00 , -4.043623E-011, 3.385780E-013, -2.559422E-011, -9.179120E-014, 2.150400E+004 1.570926E+074 2.150400E+004, Wed Sep 09 15:48:39 2015
0.05, 0.00, 0.42, 0.00 , -4.655527E-011, 2.764340E-013, -2.425246E-011, -8.592610E-014, 2.150400E+004 1.570926E+074 2.150400E+004, Wed Sep 09 15:48:46 2015
0.05, 0.00, 0.44, 0.00 , -4.225085E-011, 3.874420E-013, -2.559422E-011, -9.145740E-014, 2.150400E+004 1.570926E+074 2.150400E+004, Wed Sep 09 15:49:16 2015
0.05, 0.00, 0.46, 0.00 , -4.258846E-011, 3.116850E-013, -2.421053E-011, -9.230380E-014, 2.150400E+004 1.570926E+074 2.150400E+004, Wed Sep 09 15:49:38 2015
0.05, 0.00, 0.48, 0.00 , -4.347466E-011, 3.067850E-013, -2.613931E-011, -8.729700E-014, 2.150400E+004 1.570926E+074 2.150400E+004, Wed Sep 09 15:49:56 2015
0.05, 0.00, 0.50, 0.00 , -4.330586E-011, 4.326580E-013, -2.337194E-011, -1.029730E-013, 2.150400E+004 1.570926E+074 2.150400E+004, Wed Sep 09 15:51:57 2015
0.05, 0.00, 0.52, 0.00 , -3.857947E-011, 4.426840E-013, -2.324615E-011, -1.043320E-013, 2.150400E+004 1.570926E+074 2.150400E+004, Wed Sep 09 15:52:26 2015
0.05, 0.00, 0.54, 0.00 , -4.891845E-011, 4.676460E-013, -2.374930E-011, -1.008150E-013, 2.150400E+004 1.570926E+074 2.150400E+004, Wed Sep 09 15:53:23 2015
0.05, 0.00, 0.56, 0.00 , -4.208207E-011, 3.561380E-013, -2.052096E-011, -8.224250E-014, 2.150400E+004 1.570926E+074 2.150400E+004, Wed Sep 09 15:53:38 2015
0.05, 0.00, 0.58, 0.00 , -4.718826E-011, 4.352090E-013, -2.140140E-011, -8.598570E-014, 2.150400E+004 1.570926E+074 2.150400E+004, Wed Sep 09 15:53:46 2015
0.05, 0.00, 0.60, 0.00 , -4.659748E-011, 3.493790E-013, -2.232377E-011, -8.628370E-014, 2.150400E+004 1.570926E+074 2.150400E+004, Wed Sep 09 15:54:02 2015
0.05, 0.00, 0.62, 0.00 , -4.444525E-011, 3.057960E-013, -2.190451E-011, -1.148700E-013, 2.150400E+004 1.570926E+074 2.150400E+004, Wed Sep 09 15:54:36 2015
0.05, 0.00, 0.64, 0.00 , -3.908584E-011, 3.512620E-013, -2.156910E-011, -9.531970E-014, 2.150400E+004 1.570926E+074 2.150400E+004, Wed Sep 09 15:55:18 2015
0.05, 0.00, 0.66, 0.00 , -4.199767E-011, -4.050490E-013, -2.039519E-011, -1.084450E-013, 2.150400E+004 1.570926E+074 2.150400E+004, Wed Sep 09 15:55:34 2015
0.05, 0.00, 0.68, 0.00 , -1.625558E-011, -1.944600E-011, -2.106600E-011, -8.039470E-014, 2.150400E+004 1.570926E+074 2.150400E+004, Wed Sep 09 15:55:42 2015
0.05, 0.00, 0.70, 0.00 , 3.221210E-010, -3.675030E-010, -1.913742E-011, -9.424690E-014, 2.150400E+004 1.570926E+074 2.150400E+004, Wed Sep 09 15:55:51 2015
0.05, 0.00, 0.72, 0.00 , 6.399242E-009, -6.452820E-009, -1.964053E-011, -7.783170E-014, 2.150400E+004 1.570926E+074 2.150400E+004, Wed Sep 09 15:55:57 2015
0.05, 0.00, 0.74, 0.00 , 4.167747E-008, -4.052530E-008, -2.047904E-011, -9.976630E-014, 2.150400E+004 1.570926E+074 2.150400E+004, Wed Sep 09 15:56:01 2015
0.05, 0.00, 0.76, 0.00 , 1.330104E-007, -1.321610E-007, -1.821505E-011, -1.122710E-013, 2.150400E+004 1.570926E+074 2.150400E+004, Wed Sep 09 15:56:04 2015
0.05, 0.00, 0.78, 0.00 , 2.944335E-007, -2.928460E-007, -1.917934E-011, -1.073240E-013, 2.150400E+004 1.570926E+074 2.150400E+004, Wed Sep 09 15:56:08 2015
0.05, 0.00, 0.80, 0.00 , 4.667911E-007, -4.640730E-007, -1.892779E-011, -9.254220E-014, 2.150400E+004 1.570926E+074 2.150400E+004, Wed Sep 09 15:56:11 2015
0.05, 0.00, 0.82, 0.00 , 6.659602E-007, -6.629450E-007, -1.817312E-011, -1.061800E-013, 2.150400E+004 1.570926E+074 2.150400E+004, Wed Sep 09 15:56:15 2015
0.05, 0.00, 0.84, 0.00 , 8.499358E-007, -8.457500E-007, -2.064674E-011, -7.801060E-014, 2.150400E+004 1.570926E+074 2.150400E+004, Wed Sep 09 15:56:18 2015
0.05, 0.00, 0.86, 0.00 , 1.026440E-006, -1.021440E-006, -1.767002E-011, -9.380580E-014, 2.150400E+004 1.570926E+074 2.150400E+004, Wed Sep 09 15:56:22 2015
0.05, 0.00, 0.88, 0.00 , 1.182512E-006, -1.176830E-006, -1.767002E-011, -1.019480E-013, 2.150400E+004 1.570926E+074 2.150400E+004, Wed Sep 09 15:56:26 2015
0.05, 0.00, 0.90, 0.00 , 1.314381E-006, -1.308120E-006, -1.733461E-011, -9.281640E-014, 2.150400E+004 1.570926E+074 2.150400E+004, Wed Sep 09 15:56:29 2015
0.05, 0.00, 0.92, 0.00 , 1.431636E-006, -1.424910E-006, -1.536411E-011, -8.947850E-014, 2.150400E+004 1.570926E+074 2.150400E+004, Wed Sep 09 15:56:33 2015
0.05, 0.00, 0.94, 0.00 , 1.538971E-006, -1.532460E-006, -1.519640E-011, -1.026390E-013, 2.150400E+004 1.570926E+074 2.150400E+004, Wed Sep 09 15:56:36 2015
0.05, 0.00, 0.96, 0.00 , 1.636146E-006, -1.628200E-006, -1.632840E-011, -1.061200E-013, 2.150400E+004 1.570926E+074 2.150400E+004, Wed Sep 09 15:56:40 2015
0.05, 0.00, 0.98, 0.00 , 1.727155E-006, -1.719450E-006, -1.481907E-011, -8.654590E-014, 2.150400E+004 1.570926E+074 2.150400E+004, Wed Sep 09 15:56:43 2015
0.05, 0.00, 1.00, 0.00 , 1.816450E-006, -1.808140E-006, -1.431596E-011, -9.592770E-014, 2.150400E+004 1.570926E+074 2.150400E+004, Wed Sep 09 15:56:47 2015
0.05, 0.00, 1.02, 0.00 , 1.904588E-006, -1.894910E-006, -1.532218E-011, -6.359820E-014, 2.150400E+004 1.570926E+074 2.150400E+004, Wed Sep 09 15:56:50 2015
0.05, 0.00, 1.04, 0.00 , 1.990139E-006, -1.980610E-006, -1.427404E-011, -7.230040E-014, 2.150400E+004 1.570926E+074 2.150400E+004, Wed Sep 09 15:56:54 2015
0.05, 0.00, 1.06, 0.00 , 2.076468E-006, -2.065900E-006, -1.305819E-011, -8.075240E-014, 2.150400E+004 1.570926E+074 2.150400E+004, Wed Sep 09 15:56:58 2015
0.05, 0.00, 1.08, 0.00 , 2.162431E-006, -2.152240E-006, -1.368708E-011, -1.017690E-013, 2.150400E+004 1.570926E+074 2.150400E+004, Wed Sep 09 15:57:01 2015
0.05, 0.00, 1.10, 0.00 , 2.251181E-006, -2.239810E-006, -1.356130E-011, -8.897780E-014, 2.150400E+004 1.570926E+074 2.150400E+004, Wed Sep 09 15:57:05 2015
0.05, 0.00, 1.12, 0.00 , 2.335598E-006, -2.324810E-006, -1.402248E-011, -9.385350E-014, 2.150400E+004 1.570926E+074 2.150400E+004, Wed Sep 09 15:57:08 2015
0.05, 0.00, 1.14, 0.00 , 2.424196E-006, -2.411920E-006, -1.242931E-011, -7.916690E-014, 2.150400E+004 1.570926E+074 2.150400E+004, Wed Sep 09 15:57:12 2015
0.05, 0.00, 1.16, 0.00 , 2.509794E-006, -2.497100E-006, -1.171657E-011, -9.039640E-014, 2.150400E+004 1.570926E+074 2.150400E+004, Wed Sep 09 15:57:15 2015
0.05, 0.00, 1.18, 0.00 , 2.595390E-006, -2.581940E-006, -1.091999E-011, -9.102820E-014, 2.150400E+004 1.570926E+074 2.150400E+004, Wed Sep 09 15:57:19 2015
0.05, 0.00, 1.20, 0.00 , 2.681552E-006, -2.668220E-006, -1.079421E-011, -9.064670E-014, 2.150400E+004 1.570926E+074 2.150400E+004, Wed Sep 09 15:57:22 2015
0.05, 0.00, 1.22, 0.00 , 2.767849E-006, -2.752800E-006, -9.829922E-012, -1.023530E-013, 2.150400E+004 1.570926E+074 2.150400E+004, Wed Sep 09 15:57:26 2015
0.05, 0.00, 1.24, 0.00 , 2.854123E-006, -2.840180E-006, -1.058458E-011, -8.157490E-014, 2.150400E+004 1.570926E+074 2.150400E+004, Wed Sep 09 15:57:30 2015
0.05, 0.00, 1.26, 0.00 , 2.940776E-006, -2.927050E-006, -1.075229E-011, -7.431510E-014, 2.150400E+004 1.570926E+074 2.150400E+004, Wed Sep 09 15:57:33 2015
0.05, 0.00, 1.28, 0.00 , 3.032479E-006, -3.018830E-006, -1.138117E-011, -9.346010E-014, 2.150400E+004 1.570926E+074 2.150400E+004, Wed Sep 09 15:57:37 2015
0.05, 0.00, 1.30, 0.00 , 3.129101E-006, -3.114950E-006, -1.100384E-011, -9.086130E-014, 2.150400E+004 1.570926E+074 2.150400E+004, Wed Sep 09 15:57:40 2015
0.05, 0.00, 1.32, 0.00 , 3.228097E-006, -3.211820E-006, -9.075260E-012, -8.343460E-014, 2.150400E+004 1.570926E+074 2.150400E+004, Wed Sep 09 15:57:44 2015
0.05, 0.00, 1.34, 0.00 , 3.327527E-006, -3.311880E-006, -9.033332E-012, -1.052500E-013, 2.150400E+004 1.570926E+074 2.150400E+004, Wed Sep 09 15:57:47 2015
0.05, 0.00, 1.36, 0.00 , 3.433183E-006, -3.415200E-006, -9.410663E-012, -8.440020E-014, 2.150400E+004 1.570926E+074 2.150400E+004, Wed Sep 09 15:57:51 2015
0.05, 0.00, 1.38, 0.00 , 3.545587E-006, -3.526680E-006, -8.194830E-012, -1.019120E-013, 2.150400E+004 1.570926E+074 2.150400E+004, Wed Sep 09 15:57:54 2015
0.05, 0.00, 1.40, 0.00 , 3.657723E-006, -3.639090E-006, -9.326814E-012, -1.140000E-013, 2.150400E+004 1.570926E+074 2.150400E+004, Wed Sep 09 15:57:58 2015
0.05, 0.00, 1.42, 0.00 , 3.768614E-006, -3.750510E-006, -8.614084E-012, -9.003880E-014, 2.150400E+004 1.570926E+074 2.150400E+004, Wed Sep 09 15:58:02 2015
0.05, 0.00, 1.44, 0.00 , 3.887716E-006, -3.866890E-006, -7.314380E-012, -9.343620E-014, 2.150400E+004 1.570926E+074 2.150400E+004, Wed Sep 09 15:58:05 2015
0.05, 0.00, 1.46, 0.00 , 4.006528E-006, -3.988670E-006, -7.188602E-012, -9.758470E-014, 2.150400E+004 1.570926E+074 2.150400E+004, Wed Sep 09 15:58:09 2015
0.05, 0.00, 1.48, 0.00 , 4.134264E-006, -4.111650E-006, -6.895137E-012, -9.169580E-014, 2.150400E+004 1.570926E+074 2.150400E+004, Wed Sep 09 15:58:12 2015
0.05, 0.00, 1.50, 0.00 , 4.260937E-006, -4.241210E-006, -6.182391E-012, -8.164640E-014, 2.150400E+004 1.570926E+074 2.150400E+004, Wed Sep 09 15:58:16 2015
0.05, 0.00, 1.52, 0.00 , 4.395659E-006, -4.374590E-006, -5.511591E-012, -8.794070E-014, 2.150400E+004 1.570926E+074 2.150400E+004, Wed Sep 09 15:58:19 2015
0.05, 0.00, 1.54, 0.00 , 4.532075E-006, -4.512330E-006, -5.553513E-012, -8.116960E-014, 2.150400E+004 1.570926E+074 2.150400E+004, Wed Sep 09 15:58:23 2015
0.05, 0.00, 1.56, 0.00 , 4.681100E-006, -4.657640E-006, -6.392017E-012, -9.568930E-014, 2.150400E+004 1.570926E+074 2.150400E+004, Wed Sep 09 15:58:26 2015
0.05, 0.00, 1.58, 0.00 , 4.828632E-006, -4.805010E-006, -5.763147E-012, -9.832380E-014, 2.150400E+004 1.570926E+074 2.150400E+004, Wed Sep 09 15:58:30 2015
0.05, 0.00, 1.60, 0.00 , 4.988125E-006, -4.964100E-006, -3.750699E-012, -8.444790E-014, 2.150400E+004 1.570926E+074 2.150400E+004, Wed Sep 09 15:58:33 2015
0.05, 0.00, 1.62, 0.00 , 5.147792E-006, -5.123530E-006, -4.211888E-012, -8.764270E-014, 2.150400E+004 1.570926E+074 2.150400E+004, Wed Sep 09 15:58:37 2015
0.05, 0.00, 1.64, 0.00 , 5.314791E-006, -5.287910E-006, -4.840775E-012, -9.087320E-014, 2.150400E+004 1.570926E+074 2.150400E+004, Wed Sep 09 15:58:41 2015
0.05, 0.00, 1.66, 0.00 , 5.484101E-006, -5.458680E-006, -3.037957E-012, -8.502010E-014, 2.150400E+004 1.570926E+074 2.150400E+004, Wed Sep 09 15:58:44 2015
0.05, 0.00, 1.68, 0.00 , 5.661203E-006, -5.635560E-006, -3.792626E-012, -9.537940E-014, 2.150400E+004 1.570926E+074 2.150400E+004, Wed Sep 09 15:58:48 2015
0.05, 0.00, 1.70, 0.00 , 5.832986E-006, -5.803970E-006, -4.295746E-012, -9.599920E-014, 2.150400E+004 1.570926E+074 2.150400E+004, Wed Sep 09 15:58:51 2015
0.05, 0.00, 1.72, 0.00 , 6.019837E-006, -5.989830E-006, -3.624928E-012, -9.988550E-014, 2.150400E+004 1.570926E+074 2.150400E+004, Wed Sep 09 15:58:55 2015
0.05, 0.00, 1.74, 0.00 , 6.211969E-006, -6.183310E-006, -1.738269E-012, -8.441210E-014, 2.150400E+004 1.570926E+074 2.150400E+004, Wed Sep 09 15:58:58 2015
0.05, 0.00, 1.76, 0.00 , 6.403520E-006, -6.374140E-006, -1.570560E-012, -8.801220E-014, 2.150400E+004 1.570926E+074 2.150400E+004, Wed Sep 09 15:59:02 2015
0.05, 0.00, 1.78, 0.00 , 6.602412E-006, -6.570210E-006, -2.199454E-012, -1.051070E-013, 2.150400E+004 1.570926E+074 2.150400E+004, Wed Sep 09 15:59:05 2015
0.05, 0.00, 1.80, 0.00 , 6.799115E-006, -6.771180E-006, -1.570567E-012, -9.025340E-014, 2.150400E+004 1.570926E+074 2.150400E+004, Wed Sep 09 15:59:09 2015
0.05, 0.00, 1.82, 0.00 , 7.003031E-006, -6.972710E-006, -8.997577E-013, -9.223220E-014, 2.150400E+004 1.570926E+074 2.150400E+004, Wed Sep 09 15:59:13 2015
0.05, 0.00, 1.84, 0.00 , 7.205897E-006, -7.171950E-006, -8.578277E-013, -1.065730E-013, 2.150400E+004 1.570926E+074 2.150400E+004, Wed Sep 09 15:59:16 2015
0.05, 0.00, 1.86, 0.00 , 7.416686E-006, -7.386310E-006, -7.739781E-013, -1.015660E-013, 2.150400E+004 1.570926E+074 2.150400E+004, Wed Sep 09 15:59:20 2015
0.05, 0.00, 1.88, 0.00 , 7.631619E-006, -7.598590E-006, 1.028823E-012, -9.742980E-014, 2.150400E+004 1.570926E+074 2.150400E+004, Wed Sep 09 15:59:23 2015
0.05, 0.00, 1.90, 0.00 , 7.845794E-006, -7.814010E-006, 9.030571E-013, -7.994170E-014, 2.150400E+004 1.570926E+074 2.150400E+004, Wed Sep 09 15:59:27 2015
0.05, 0.00, 1.92, 0.00 , 8.072078E-006, -8.033740E-006, 1.112704E-012, -8.696320E-014, 2.150400E+004 1.570926E+074 2.150400E+004, Wed Sep 09 15:59:30 2015
0.05, 0.00, 1.94, 0.00 , 8.289372E-006, -8.253300E-006, 7.772671E-013, -9.914640E-014, 2.150400E+004 1.570926E+074 2.150400E+004, Wed Sep 09 15:59:34 2015
0.05, 0.00, 1.96, 0.00 , 8.515511E-006, -8.478520E-006, 5.257184E-013, -9.779930E-014, 2.150400E+004 1.570926E+074 2.150400E+004, Wed Sep 09 15:59:37 2015
0.05, 0.00, 1.98, 0.00 , 8.745318E-006, -8.708580E-006, 1.490004E-012, -1.098750E-013, 2.150400E+004 1.570926E+074 2.150400E+004, Wed Sep 09 15:59:41 2015
0.05, 0.00, 2.00, 0.00 , 8.980750E-006, -8.943300E-006, 1.406143E-012, -7.492300E-014, 2.150400E+004 1.570926E+074 2.150400E+004, Wed Sep 09 15:59:45 2015
