0.00, 0.00, 0.00, 0.00 , -1.066477E-010, 1.475610E-012, -3.188366E-011, -9.945630E-014, 2.150400E+004 1.570926E+074 2.150400E+004, Wed Sep 09 16:16:13 2015
0.05, 0.00, 0.00, 0.00 , -1.147501E-010, 1.146610E-012, -3.439946E-011, -9.138580E-014, 2.150400E+004 1.570926E+074 2.150400E+004, Wed Sep 09 16:16:31 2015
0.10, 0.00, 0.00, 0.00 , -9.318598E-011, 9.335640E-013, -3.465104E-011, -9.336470E-014, 2.150400E+004 1.570926E+074 2.150400E+004, Wed Sep 09 16:16:46 2015
0.15, 0.00, 0.00, 0.00 , -9.348135E-011, 6.763820E-013, -3.398014E-011, -1.137380E-013, 2.150400E+004 1.570926E+074 2.150400E+004, Wed Sep 09 16:17:14 2015
0.20, 0.00, 0.00, 0.00 , -7.677019E-011, 4.201050E-013, -3.284804E-011, -8.529420E-014, 2.150400E+004 1.570926E+074 2.150400E+004, Wed Sep 09 16:17:18 2015
0.25, 0.00, 0.00, 0.00 , -7.098886E-011, 2.311950E-013, -3.372857E-011, -8.535380E-014, 2.150400E+004 1.570926E+074 2.150400E+004, Wed Sep 09 16:17:35 2015
0.30, 0.00, 0.00, 0.00 , -5.064843E-011, 1.048680E-013, -3.314155E-011, -1.104470E-013, 2.150400E+004 1.570926E+074 2.150400E+004, Wed Sep 09 16:18:27 2015
0.35, 0.00, 0.00, 0.00 , -5.043745E-011, -2.156380E-013, -3.288998E-011, -9.634490E-014, 2.150400E+004 1.570926E+074 2.150400E+004, Wed Sep 09 16:18:48 2015
0.40, 0.00, 0.00, 0.00 , 1.679477E-012, -3.174070E-013, -3.184174E-011, -9.514090E-014, 2.150400E+004 1.570926E+074 2.150400E+004, Wed Sep 09 16:18:55 2015
0.45, 0.00, 0.00, 0.00 , -3.798841E-011, -5.480770E-013, -3.192558E-011, -1.052980E-013, 2.150400E+004 1.570926E+074 2.150400E+004, Wed Sep 09 16:19:50 2015
0.50, 0.00, 0.00, 0.00 , -3.419042E-011, -7.385370E-013, -3.314155E-011, -7.959600E-014, 2.150400E+004 1.570926E+074 2.150400E+004, Wed Sep 09 16:20:46 2015
0.55, 0.00, 0.00, 0.00 , -2.705867E-011, -9.697320E-013, -3.335119E-011, -1.164080E-013, 2.150400E+004 1.570926E+074 2.150400E+004, Wed Sep 09 16:21:29 2015
0.60, 0.00, 0.00, 0.00 , -9.250305E-012, -1.267920E-012, -3.163208E-011, -1.048330E-013, 2.150400E+004 1.570926E+074 2.150400E+004, Wed Sep 09 16:21:34 2015
0.65, 0.00, 0.00, 0.00 , -7.646707E-012, -1.520260E-012, -3.347698E-011, -8.776190E-014, 2.150400E+004 1.570926E+074 2.150400E+004, Wed Sep 09 16:21:38 2015
0.70, 0.00, 0.00, 0.00 , -6.085306E-012, -1.715170E-012, -3.154822E-011, -8.916850E-014, 2.150400E+004 1.570926E+074 2.150400E+004, Wed Sep 09 16:21:41 2015
0.75, 0.00, 0.00, 0.00 , 3.493945E-012, -1.923890E-012, -3.272224E-011, -7.834430E-014, 2.150400E+004 1.570926E+074 2.150400E+004, Wed Sep 09 16:21:45 2015
0.80, 0.00, 0.00, 0.00 , 8.979481E-012, -2.158120E-012, -3.393821E-011, -7.472040E-014, 2.150400E+004 1.570926E+074 2.150400E+004, Wed Sep 09 16:22:07 2015
0.85, 0.00, 0.00, 0.00 , 2.665980E-011, -2.388660E-012, -3.179980E-011, -1.081940E-013, 2.150400E+004 1.570926E+074 2.150400E+004, Wed Sep 09 16:22:21 2015
0.90, 0.00, 0.00, 0.00 , 3.341124E-011, -2.664850E-012, -3.209331E-011, -1.050470E-013, 2.150400E+004 1.570926E+074 2.150400E+004, Wed Sep 09 16:22:42 2015
0.95, 0.00, 0.00, 0.00 , 3.716672E-011, -2.926600E-012, -3.276418E-011, -1.013520E-013, 2.150400E+004 1.570926E+074 2.150400E+004, Wed Sep 09 16:22:55 2015
1.00, 0.00, 0.00, 0.00 , 4.071123E-011, -3.062860E-012, -3.372856E-011, -9.540320E-014, 2.150400E+004 1.570926E+074 2.150400E+004, Wed Sep 09 16:23:16 2015
1.05, 0.00, 0.00, 0.00 , 4.121759E-011, -3.278960E-012, -3.154822E-011, -8.991960E-014, 2.150400E+004 1.570926E+074 2.150400E+004, Wed Sep 09 16:23:35 2015
1.10, 0.00, 0.00, 0.00 , 3.763089E-011, -3.645850E-012, -3.179980E-011, -9.671450E-014, 2.150400E+004 1.570926E+074 2.150400E+004, Wed Sep 09 16:23:50 2015
1.15, 0.00, 0.00, 0.00 , 5.214647E-011, -3.849340E-012, -3.297384E-011, -1.021150E-013, 2.150400E+004 1.570926E+074 2.150400E+004, Wed Sep 09 16:24:01 2015
1.20, 0.00, 0.00, 0.00 , 5.227307E-011, -4.176240E-012, -3.360277E-011, -1.271960E-013, 2.150400E+004 1.570926E+074 2.150400E+004, Wed Sep 09 16:24:10 2015
1.25, 0.00, 0.00, 0.00 , 5.075403E-011, -4.478530E-012, -3.200945E-011, -9.214880E-014, 2.150400E+004 1.570926E+074 2.150400E+004, Wed Sep 09 16:24:15 2015
1.30, 0.00, 0.00, 0.00 , 5.206204E-011, -4.773450E-012, -3.209331E-011, -7.728340E-014, 2.150400E+004 1.570926E+074 2.150400E+004, Wed Sep 09 16:24:20 2015
1.35, 0.00, 0.00, 0.00 , 5.577545E-011, -4.902730E-012, -3.364470E-011, -7.753370E-014, 2.150400E+004 1.570926E+074 2.150400E+004, Wed Sep 09 16:24:45 2015
1.40, 0.00, 0.00, 0.00 , 5.020546E-011, -5.164380E-012, -3.217716E-011, -8.604530E-014, 2.150400E+004 1.570926E+074 2.150400E+004, Wed Sep 09 16:24:59 2015
1.45, 0.00, 0.00, 0.00 , 5.315924E-011, -5.554880E-012, -3.297383E-011, -9.174350E-014, 2.150400E+004 1.570926E+074 2.150400E+004, Wed Sep 09 16:25:14 2015
1.50, 0.00, 0.00, 0.00 , 5.889790E-011, -5.681510E-012, -3.251260E-011, -8.800030E-014, 2.150400E+004 1.570926E+074 2.150400E+004, Wed Sep 09 16:25:33 2015
1.55, 0.00, 0.00, 0.00 , 6.636677E-011, -5.871070E-012, -3.381242E-011, -9.686950E-014, 2.150400E+004 1.570926E+074 2.150400E+004, Wed Sep 09 16:25:57 2015
1.60, 0.00, 0.00, 0.00 , 7.105051E-011, -6.198640E-012, -3.351891E-011, -1.034860E-013, 2.150400E+004 1.570926E+074 2.150400E+004, Wed Sep 09 16:26:40 2015
1.65, 0.00, 0.00, 0.00 , 7.948983E-011, -6.471130E-012, -3.284804E-011, -9.117130E-014, 2.150400E+004 1.570926E+074 2.150400E+004, Wed Sep 09 16:26:55 2015
1.70, 0.00, 0.00, 0.00 , 7.472158E-011, -6.832850E-012, -3.297383E-011, -9.932520E-014, 2.150400E+004 1.570926E+074 2.150400E+004, Wed Sep 09 16:27:04 2015
1.75, 0.00, 0.00, 0.00 , 8.421578E-011, -7.243350E-012, -3.188366E-011, -9.105210E-014, 2.150400E+004 1.570926E+074 2.150400E+004, Wed Sep 09 16:27:26 2015
1.80, 0.00, 0.00, 0.00 , 7.662038E-011, -7.252160E-012, -3.410593E-011, -9.222030E-014, 2.150400E+004 1.570926E+074 2.150400E+004, Wed Sep 09 16:27:37 2015
1.85, 0.00, 0.00, 0.00 , 9.311923E-011, -7.729160E-012, -3.226102E-011, -9.992120E-014, 2.150400E+004 1.570926E+074 2.150400E+004, Wed Sep 09 16:27:44 2015
1.90, 0.00, 0.00, 0.00 , 9.383658E-011, -7.948020E-012, -3.418979E-011, -1.033900E-013, 2.150400E+004 1.570926E+074 2.150400E+004, Wed Sep 09 16:27:50 2015
1.95, 0.00, 0.00, 0.00 , 8.949032E-011, -8.207120E-012, -3.343506E-011, -1.023890E-013, 2.150400E+004 1.570926E+074 2.150400E+004, Wed Sep 09 16:27:56 2015
2.00, 0.00, 0.00, 0.00 , 1.025713E-010, -8.379510E-012, -3.343505E-011, -9.620190E-014, 2.150400E+004 1.570926E+074 2.150400E+004, Wed Sep 09 16:28:06 2015
