0.00, 0.00, 1.60, 0.00 , 7.932098E-011, -4.331240E-012, -9.871924E-012, -9.406810E-014, 2.150400E+004 1.570926E+074 2.150400E+004, Wed Sep 09 16:52:26 2015
0.05, 0.00, 1.60, 0.00 , 4.967174E-006, -4.949100E-006, -9.326890E-012, -8.425710E-014, 2.150400E+004 1.570926E+074 2.150400E+004, Wed Sep 09 16:52:32 2015
0.10, 0.00, 1.60, 0.00 , 3.278663E-005, -3.271980E-005, -9.997693E-012, -9.460450E-014, 2.150400E+004 1.570926E+074 2.150400E+004, Wed Sep 09 16:52:36 2015
0.15, 0.00, 1.60, 0.00 , 8.258758E-005, -8.247070E-005, -9.704221E-012, -1.005170E-013, 2.150400E+004 1.570926E+074 2.150400E+004, Wed Sep 09 16:52:39 2015
0.20, 0.00, 1.60, 0.00 , 1.414926E-004, -1.413600E-004, -9.620370E-012, -8.687970E-014, 2.150400E+004 1.570926E+074 2.150400E+004, Wed Sep 09 16:52:43 2015
0.25, 0.00, 1.60, 0.00 , 2.028616E-004, -2.027240E-004, -9.410741E-012, -9.559390E-014, 2.150400E+004 1.570926E+074 2.150400E+004, Wed Sep 09 16:52:47 2015
0.30, 0.00, 1.60, 0.00 , 2.639175E-004, -2.637690E-004, -9.746140E-012, -1.098160E-013, 2.150400E+004 1.570926E+074 2.150400E+004, Wed Sep 09 16:52:50 2015
0.35, 0.00, 1.60, 0.00 , 3.230995E-004, -3.229270E-004, -1.003962E-011, -8.784530E-014, 2.150400E+004 1.570926E+074 2.150400E+004, Wed Sep 09 16:52:54 2015
0.40, 0.00, 1.60, 0.00 , 3.797124E-004, -3.795630E-004, -1.012347E-011, -8.444790E-014, 2.150400E+004 1.570926E+074 2.150400E+004, Wed Sep 09 16:52:57 2015
0.45, 0.00, 1.60, 0.00 , 4.331791E-004, -4.330060E-004, -8.614148E-012, -1.038430E-013, 2.150400E+004 1.570926E+074 2.150400E+004, Wed Sep 09 16:53:01 2015
0.50, 0.00, 1.60, 0.00 , 4.830744E-004, -4.828850E-004, -9.871923E-012, -6.541010E-014, 2.150400E+004 1.570926E+074 2.150400E+004, Wed Sep 09 16:53:04 2015
0.55, 0.00, 1.60, 0.00 , 5.291690E-004, -5.289600E-004, -1.062658E-011, -8.944270E-014, 2.150400E+004 1.570926E+074 2.150400E+004, Wed Sep 09 16:53:08 2015
0.60, 0.00, 1.60, 0.00 , 5.710496E-004, -5.708150E-004, -9.955769E-012, -8.968120E-014, 2.150400E+004 1.570926E+074 2.150400E+004, Wed Sep 09 16:53:11 2015
0.65, 0.00, 1.60, 0.00 , 6.083974E-004, -6.081820E-004, -1.003961E-011, -9.865760E-014, 2.150400E+004 1.570926E+074 2.150400E+004, Wed Sep 09 16:53:15 2015
0.70, 0.00, 1.60, 0.00 , 6.410112E-004, -6.407830E-004, -9.997691E-012, -9.906290E-014, 2.150400E+004 1.570926E+074 2.150400E+004, Wed Sep 09 16:53:18 2015
0.75, 0.00, 1.60, 0.00 , 6.685773E-004, -6.683620E-004, -9.284967E-012, -8.474590E-014, 2.150400E+004 1.570926E+074 2.150400E+004, Wed Sep 09 16:53:22 2015
0.80, 0.00, 1.60, 0.00 , 6.914547E-004, -6.912360E-004, -9.201109E-012, -8.404250E-014, 2.150400E+004 1.570926E+074 2.150400E+004, Wed Sep 09 16:53:26 2015
0.85, 0.00, 1.60, 0.00 , 7.097253E-004, -7.095230E-004, -9.033413E-012, -9.399650E-014, 2.150400E+004 1.570926E+074 2.150400E+004, Wed Sep 09 16:53:29 2015
0.90, 0.00, 1.60, 0.00 , 7.240034E-004, -7.237470E-004, -1.003962E-011, -8.779760E-014, 2.150400E+004 1.570926E+074 2.150400E+004, Wed Sep 09 16:53:33 2015
0.95, 0.00, 1.60, 0.00 , 7.346743E-004, -7.344430E-004, -8.236819E-012, -8.077620E-014, 2.150400E+004 1.570926E+074 2.150400E+004, Wed Sep 09 16:53:36 2015
1.00, 0.00, 1.60, 0.00 , 7.425354E-004, -7.422420E-004, -9.662278E-012, -1.006480E-013, 2.150400E+004 1.570926E+074 2.150400E+004, Wed Sep 09 16:53:40 2015
1.05, 0.00, 1.60, 0.00 , 7.479920E-004, -7.477510E-004, -9.159177E-012, -7.550720E-014, 2.150400E+004 1.570926E+074 2.150400E+004, Wed Sep 09 16:53:43 2015
1.10, 0.00, 1.60, 0.00 , 7.518397E-004, -7.516030E-004, -9.913835E-012, -7.156130E-014, 2.150400E+004 1.570926E+074 2.150400E+004, Wed Sep 09 16:53:47 2015
1.15, 0.00, 1.60, 0.00 , 7.546811E-004, -7.544530E-004, -8.907629E-012, -1.049400E-013, 2.150400E+004 1.570926E+074 2.150400E+004, Wed Sep 09 16:53:50 2015
1.20, 0.00, 1.60, 0.00 , 7.566649E-004, -7.564220E-004, -9.410733E-012, -6.937980E-014, 2.150400E+004 1.570926E+074 2.150400E+004, Wed Sep 09 16:53:54 2015
1.25, 0.00, 1.60, 0.00 , 7.581736E-004, -7.579030E-004, -9.955770E-012, -1.003620E-013, 2.150400E+004 1.570926E+074 2.150400E+004, Wed Sep 09 16:53:57 2015
1.30, 0.00, 1.60, 0.00 , 7.594122E-004, -7.591550E-004, -1.041695E-011, -8.400680E-014, 2.150400E+004 1.570926E+074 2.150400E+004, Wed Sep 09 16:54:01 2015
1.35, 0.00, 1.60, 0.00 , 7.605561E-004, -7.602810E-004, -9.955759E-012, -1.112940E-013, 2.150400E+004 1.570926E+074 2.150400E+004, Wed Sep 09 16:54:05 2015
1.40, 0.00, 1.60, 0.00 , 7.615251E-004, -7.612870E-004, -1.003962E-011, -7.817750E-014, 2.150400E+004 1.570926E+074 2.150400E+004, Wed Sep 09 16:54:08 2015
1.45, 0.00, 1.60, 0.00 , 7.626881E-004, -7.624480E-004, -1.058465E-011, -8.168220E-014, 2.150400E+004 1.570926E+074 2.150400E+004, Wed Sep 09 16:54:12 2015
1.50, 0.00, 1.60, 0.00 , 7.648204E-004, -7.646320E-004, -9.494584E-012, -8.295770E-014, 2.150400E+004 1.570926E+074 2.150400E+004, Wed Sep 09 16:54:15 2015
1.55, 0.00, 1.60, 0.00 , 7.669004E-004, -7.666980E-004, -1.033310E-011, -8.163450E-014, 2.150400E+004 1.570926E+074 2.150400E+004, Wed Sep 09 16:54:19 2015
1.60, 0.00, 1.60, 0.00 , 7.691701E-004, -7.689250E-004, -9.033397E-012, -1.081110E-013, 2.150400E+004 1.570926E+074 2.150400E+004, Wed Sep 09 16:54:22 2015
1.65, 0.00, 1.60, 0.00 , 7.713152E-004, -7.712060E-004, -1.066850E-011, -9.661910E-014, 2.150400E+004 1.570926E+074 2.150400E+004, Wed Sep 09 16:54:26 2015
1.70, 0.00, 1.60, 0.00 , 7.736604E-004, -7.734580E-004, -1.062657E-011, -8.146760E-014, 2.150400E+004 1.570926E+074 2.150400E+004, Wed Sep 09 16:54:29 2015
1.75, 0.00, 1.60, 0.00 , 7.760412E-004, -7.758370E-004, -8.111040E-012, -7.398130E-014, 2.150400E+004 1.570926E+074 2.150400E+004, Wed Sep 09 16:54:33 2015
1.80, 0.00, 1.60, 0.00 , 7.783911E-004, -7.781640E-004, -1.024924E-011, -8.858440E-014, 2.150400E+004 1.570926E+074 2.150400E+004, Wed Sep 09 16:54:37 2015
1.85, 0.00, 1.60, 0.00 , 7.809440E-004, -7.807510E-004, -8.614148E-012, -1.018880E-013, 2.150400E+004 1.570926E+074 2.150400E+004, Wed Sep 09 16:54:40 2015
1.90, 0.00, 1.60, 0.00 , 7.836253E-004, -7.833370E-004, -1.041694E-011, -1.002430E-013, 2.150400E+004 1.570926E+074 2.150400E+004, Wed Sep 09 16:54:44 2015
1.95, 0.00, 1.60, 0.00 , 7.864246E-004, -7.862760E-004, -8.236823E-012, -7.412430E-014, 2.150400E+004 1.570926E+074 2.150400E+004, Wed Sep 09 16:54:47 2015
2.00, 0.00, 1.60, 0.00 , 7.895089E-004, -7.892750E-004, -8.069115E-012, -8.406640E-014, 2.150400E+004 1.570926E+074 2.150400E+004, Wed Sep 09 16:54:51 2015
