0.00, 0.00, 0.80, 0.00 , -9.630845E-011, -1.116180E-011, -1.964054E-011, -9.560580E-014, 2.150400E+004 1.570926E+074 2.150400E+004, Wed Sep 09 16:46:17 2015
0.05, 0.00, 0.80, 0.00 , 9.450768E-007, -9.293810E-007, -1.930514E-011, -9.896760E-014, 2.150400E+004 1.570926E+074 2.150400E+004, Wed Sep 09 16:46:26 2015
0.10, 0.00, 0.80, 0.00 , 2.838630E-006, -2.824420E-006, -2.156911E-011, -1.105070E-013, 2.150400E+004 1.570926E+074 2.150400E+004, Wed Sep 09 16:46:41 2015
0.15, 0.00, 0.80, 0.00 , 3.749608E-006, -3.736220E-006, -2.056290E-011, -8.361340E-014, 2.150400E+004 1.570926E+074 2.150400E+004, Wed Sep 09 16:46:50 2015
0.20, 0.00, 0.80, 0.00 , 4.007934E-006, -3.994200E-006, -2.089831E-011, -8.407830E-014, 2.150400E+004 1.570926E+074 2.150400E+004, Wed Sep 09 16:46:57 2015
0.25, 0.00, 0.80, 0.00 , 4.084669E-006, -4.067480E-006, -2.161104E-011, -8.385180E-014, 2.150400E+004 1.570926E+074 2.150400E+004, Wed Sep 09 16:47:02 2015
0.30, 0.00, 0.80, 0.00 , 4.095731E-006, -4.084230E-006, -1.997595E-011, -1.074430E-013, 2.150400E+004 1.570926E+074 2.150400E+004, Wed Sep 09 16:47:05 2015
0.35, 0.00, 0.80, 0.00 , 4.073107E-006, -4.062610E-006, -2.165297E-011, -7.673500E-014, 2.150400E+004 1.570926E+074 2.150400E+004, Wed Sep 09 16:47:09 2015
0.40, 0.00, 0.80, 0.00 , 4.042780E-006, -4.025710E-006, -2.073061E-011, -8.850100E-014, 2.150400E+004 1.570926E+074 2.150400E+004, Wed Sep 09 16:47:12 2015
0.45, 0.00, 0.80, 0.00 , 4.004379E-006, -3.990780E-006, -2.114986E-011, -9.983780E-014, 2.150400E+004 1.570926E+074 2.150400E+004, Wed Sep 09 16:47:16 2015
0.50, 0.00, 0.80, 0.00 , 3.963250E-006, -3.952310E-006, -1.930514E-011, -7.303950E-014, 2.150400E+004 1.570926E+074 2.150400E+004, Wed Sep 09 16:47:19 2015
0.55, 0.00, 0.80, 0.00 , 3.920990E-006, -3.906670E-006, -2.215607E-011, -9.058710E-014, 2.150400E+004 1.570926E+074 2.150400E+004, Wed Sep 09 16:47:23 2015
0.60, 0.00, 0.80, 0.00 , 3.874138E-006, -3.854360E-006, -2.056291E-011, -1.001120E-013, 2.150400E+004 1.570926E+074 2.150400E+004, Wed Sep 09 16:47:27 2015
0.65, 0.00, 0.80, 0.00 , 3.825630E-006, -3.810550E-006, -2.089831E-011, -9.948020E-014, 2.150400E+004 1.570926E+074 2.150400E+004, Wed Sep 09 16:47:30 2015
0.70, 0.00, 0.80, 0.00 , 3.785722E-006, -3.776850E-006, -2.312036E-011, -1.067880E-013, 2.150400E+004 1.570926E+074 2.150400E+004, Wed Sep 09 16:47:34 2015
0.75, 0.00, 0.80, 0.00 , 3.766524E-006, -3.750890E-006, -2.328808E-011, -7.529260E-014, 2.150400E+004 1.570926E+074 2.150400E+004, Wed Sep 09 16:47:37 2015
0.80, 0.00, 0.80, 0.00 , 3.746899E-006, -3.734360E-006, -2.173682E-011, -8.198020E-014, 2.150400E+004 1.570926E+074 2.150400E+004, Wed Sep 09 16:47:41 2015
0.85, 0.00, 0.80, 0.00 , 3.738432E-006, -3.722530E-006, -2.022750E-011, -9.289980E-014, 2.150400E+004 1.570926E+074 2.150400E+004, Wed Sep 09 16:47:44 2015
0.90, 0.00, 0.80, 0.00 , 3.734440E-006, -3.724390E-006, -2.173682E-011, -1.042840E-013, 2.150400E+004 1.570926E+074 2.150400E+004, Wed Sep 09 16:47:48 2015
0.95, 0.00, 0.80, 0.00 , 3.779702E-006, -3.772820E-006, -2.307843E-011, -9.005070E-014, 2.150400E+004 1.570926E+074 2.150400E+004, Wed Sep 09 16:47:51 2015
1.00, 0.00, 0.80, 0.00 , 4.421745E-006, -4.420960E-006, -2.161104E-011, -9.431840E-014, 2.150400E+004 1.570926E+074 2.150400E+004, Wed Sep 09 16:47:59 2015
1.05, 0.00, 0.80, 0.00 , 5.459716E-006, -5.444290E-006, -2.219800E-011, -1.043320E-013, 2.150400E+004 1.570926E+074 2.150400E+004, Wed Sep 09 16:48:05 2015
1.10, 0.00, 0.80, 0.00 , 6.493989E-006, -6.457350E-006, -2.060483E-011, -8.360150E-014, 2.150400E+004 1.570926E+074 2.150400E+004, Wed Sep 09 16:48:09 2015
1.15, 0.00, 0.80, 0.00 , 7.711618E-006, -7.705420E-006, -1.993402E-011, -9.332900E-014, 2.150400E+004 1.570926E+074 2.150400E+004, Wed Sep 09 16:48:12 2015
1.20, 0.00, 0.80, 0.00 , 9.257880E-006, -9.287790E-006, -2.140141E-011, -6.934400E-014, 2.150400E+004 1.570926E+074 2.150400E+004, Wed Sep 09 16:48:17 2015
1.25, 0.00, 0.80, 0.00 , 1.119271E-005, -1.105920E-005, -2.232377E-011, -9.647610E-014, 2.150400E+004 1.570926E+074 2.150400E+004, Wed Sep 09 16:48:21 2015
1.30, 0.00, 0.80, 0.00 , 1.317477E-005, -1.311420E-005, -2.131756E-011, -7.573370E-014, 2.150400E+004 1.570926E+074 2.150400E+004, Wed Sep 09 16:48:24 2015
1.35, 0.00, 0.80, 0.00 , 1.548490E-005, -1.545060E-005, -2.140141E-011, -7.849930E-014, 2.150400E+004 1.570926E+074 2.150400E+004, Wed Sep 09 16:48:28 2015
1.40, 0.00, 0.80, 0.00 , 1.764348E-005, -1.762140E-005, -2.328808E-011, -9.598730E-014, 2.150400E+004 1.570926E+074 2.150400E+004, Wed Sep 09 16:48:31 2015
1.45, 0.00, 0.80, 0.00 , 1.937053E-005, -1.940000E-005, -2.177874E-011, -1.064060E-013, 2.150400E+004 1.570926E+074 2.150400E+004, Wed Sep 09 16:48:35 2015
1.50, 0.00, 0.80, 0.00 , 2.242536E-005, -2.243540E-005, -2.165296E-011, -9.385350E-014, 2.150400E+004 1.570926E+074 2.150400E+004, Wed Sep 09 16:48:38 2015
1.55, 0.00, 0.80, 0.00 , 2.696023E-005, -2.692020E-005, -2.114986E-011, -8.486510E-014, 2.150400E+004 1.570926E+074 2.150400E+004, Wed Sep 09 16:48:42 2015
1.60, 0.00, 0.80, 0.00 , 3.121816E-005, -3.120310E-005, -2.274302E-011, -8.926390E-014, 2.150400E+004 1.570926E+074 2.150400E+004, Wed Sep 09 16:48:45 2015
1.65, 0.00, 0.80, 0.00 , 3.556133E-005, -3.553470E-005, -2.282688E-011, -1.096840E-013, 2.150400E+004 1.570926E+074 2.150400E+004, Wed Sep 09 16:48:49 2015
1.70, 0.00, 0.80, 0.00 , 3.979780E-005, -3.976870E-005, -2.014365E-011, -9.166000E-014, 2.150400E+004 1.570926E+074 2.150400E+004, Wed Sep 09 16:48:52 2015
1.75, 0.00, 0.80, 0.00 , 4.368220E-005, -4.363360E-005, -2.119179E-011, -1.009230E-013, 2.150400E+004 1.570926E+074 2.150400E+004, Wed Sep 09 16:48:56 2015
1.80, 0.00, 0.80, 0.00 , 4.695407E-005, -4.691760E-005, -2.182067E-011, -1.102920E-013, 2.150400E+004 1.570926E+074 2.150400E+004, Wed Sep 09 16:49:00 2015
1.85, 0.00, 0.80, 0.00 , 4.968187E-005, -4.964120E-005, -2.182067E-011, -8.312460E-014, 2.150400E+004 1.570926E+074 2.150400E+004, Wed Sep 09 16:49:03 2015
1.90, 0.00, 0.80, 0.00 , 5.206247E-005, -5.203050E-005, -2.278495E-011, -1.022700E-013, 2.150400E+004 1.570926E+074 2.150400E+004, Wed Sep 09 16:49:07 2015
1.95, 0.00, 0.80, 0.00 , 5.435899E-005, -5.435910E-005, -2.077253E-011, -9.139780E-014, 2.150400E+004 1.570926E+074 2.150400E+004, Wed Sep 09 16:49:10 2015
2.00, 0.00, 0.80, 0.00 , 5.672525E-005, -5.668940E-005, -2.324615E-011, -8.056160E-014, 2.150400E+004 1.570926E+074 2.150400E+004, Wed Sep 09 16:49:14 2015
