0.00, 0.00, 2.00, 0.00 , 3.392096E-010, -4.344430E-011, -2.618811E-012, -9.509330E-014, 2.150400E+004 1.570926E+074 2.150400E+004, Wed Sep 09 16:55:26 2015
0.05, 0.00, 2.00, 0.00 , 8.959164E-006, -8.922250E-006, -4.505445E-012, -1.229880E-013, 2.150400E+004 1.570926E+074 2.150400E+004, Wed Sep 09 16:55:32 2015
0.10, 0.00, 2.00, 0.00 , 4.629481E-005, -4.621340E-005, -3.038063E-012, -1.159190E-013, 2.150400E+004 1.570926E+074 2.150400E+004, Wed Sep 09 16:55:36 2015
0.15, 0.00, 2.00, 0.00 , 1.056469E-004, -1.055230E-004, -2.912285E-012, -1.101370E-013, 2.150400E+004 1.570926E+074 2.150400E+004, Wed Sep 09 16:55:40 2015
0.20, 0.00, 2.00, 0.00 , 1.748485E-004, -1.747260E-004, -5.385888E-012, -9.298320E-014, 2.150400E+004 1.570926E+074 2.150400E+004, Wed Sep 09 16:55:43 2015
0.25, 0.00, 2.00, 0.00 , 2.484289E-004, -2.482790E-004, -4.798925E-012, -1.066800E-013, 2.150400E+004 1.570926E+074 2.150400E+004, Wed Sep 09 16:55:47 2015
0.30, 0.00, 2.00, 0.00 , 3.239198E-004, -3.237460E-004, -3.583085E-012, -8.984800E-014, 2.150400E+004 1.570926E+074 2.150400E+004, Wed Sep 09 16:55:50 2015
0.35, 0.00, 2.00, 0.00 , 3.995561E-004, -3.993870E-004, -4.421602E-012, -7.947680E-014, 2.150400E+004 1.570926E+074 2.150400E+004, Wed Sep 09 16:55:54 2015
0.40, 0.00, 2.00, 0.00 , 4.746520E-004, -4.744640E-004, -4.547368E-012, -8.536580E-014, 2.150400E+004 1.570926E+074 2.150400E+004, Wed Sep 09 16:55:57 2015
0.45, 0.00, 2.00, 0.00 , 5.483184E-004, -5.481260E-004, -3.079972E-012, -1.075510E-013, 2.150400E+004 1.570926E+074 2.150400E+004, Wed Sep 09 16:56:01 2015
0.50, 0.00, 2.00, 0.00 , 6.204798E-004, -6.202510E-004, -4.170043E-012, -8.679630E-014, 2.150400E+004 1.570926E+074 2.150400E+004, Wed Sep 09 16:56:04 2015
0.55, 0.00, 2.00, 0.00 , 6.907600E-004, -6.905430E-004, -5.637435E-012, -1.016860E-013, 2.150400E+004 1.570926E+074 2.150400E+004, Wed Sep 09 16:56:08 2015
0.60, 0.00, 2.00, 0.00 , 7.590452E-004, -7.588110E-004, -4.463513E-012, -1.071450E-013, 2.150400E+004 1.570926E+074 2.150400E+004, Wed Sep 09 16:56:11 2015
0.65, 0.00, 2.00, 0.00 , 8.249345E-004, -8.246930E-004, -4.924694E-012, -1.064900E-013, 2.150400E+004 1.570926E+074 2.150400E+004, Wed Sep 09 16:56:15 2015
0.70, 0.00, 2.00, 0.00 , 8.880104E-004, -8.877510E-004, -4.631219E-012, -6.549360E-014, 2.150400E+004 1.570926E+074 2.150400E+004, Wed Sep 09 16:56:19 2015
0.75, 0.00, 2.00, 0.00 , 9.479641E-004, -9.476700E-004, -4.044260E-012, -9.639260E-014, 2.150400E+004 1.570926E+074 2.150400E+004, Wed Sep 09 16:56:22 2015
0.80, 0.00, 2.00, 0.00 , 1.004542E-003, -1.005260E-003, -4.379667E-012, -9.469990E-014, 2.150400E+004 1.570926E+074 2.150400E+004, Wed Sep 09 16:56:26 2015
0.85, 0.00, 2.00, 0.00 , 1.057634E-003, -1.058270E-003, -2.912268E-012, -8.926390E-014, 2.150400E+004 1.570926E+074 2.150400E+004, Wed Sep 09 16:56:29 2015
0.90, 0.00, 2.00, 0.00 , 1.106907E-003, -1.107550E-003, -2.451078E-012, -8.192060E-014, 2.150400E+004 1.570926E+074 2.150400E+004, Wed Sep 09 16:56:33 2015
0.95, 0.00, 2.00, 0.00 , 1.152205E-003, -1.152830E-003, -3.792695E-012, -1.006130E-013, 2.150400E+004 1.570926E+074 2.150400E+004, Wed Sep 09 16:56:36 2015
1.00, 0.00, 2.00, 0.00 , 1.193308E-003, -1.194030E-003, -3.834631E-012, -1.125810E-013, 2.150400E+004 1.570926E+074 2.150400E+004, Wed Sep 09 16:56:40 2015
1.05, 0.00, 2.00, 0.00 , 1.230194E-003, -1.230910E-003, -3.708851E-012, -9.725090E-014, 2.150400E+004 1.570926E+074 2.150400E+004, Wed Sep 09 16:56:43 2015
1.10, 0.00, 2.00, 0.00 , 1.262811E-003, -1.263460E-003, -4.379655E-012, -7.989410E-014, 2.150400E+004 1.570926E+074 2.150400E+004, Wed Sep 09 16:56:47 2015
1.15, 0.00, 2.00, 0.00 , 1.291166E-003, -1.291740E-003, -3.289601E-012, -1.074190E-013, 2.150400E+004 1.570926E+074 2.150400E+004, Wed Sep 09 16:56:51 2015
1.20, 0.00, 2.00, 0.00 , 1.315241E-003, -1.315840E-003, -3.289593E-012, -1.095060E-013, 2.150400E+004 1.570926E+074 2.150400E+004, Wed Sep 09 16:56:54 2015
1.25, 0.00, 2.00, 0.00 , 1.335262E-003, -1.335890E-003, -5.092413E-012, -1.133200E-013, 2.150400E+004 1.570926E+074 2.150400E+004, Wed Sep 09 16:56:58 2015
1.30, 0.00, 2.00, 0.00 , 1.351607E-003, -1.352290E-003, -2.870355E-012, -9.588000E-014, 2.150400E+004 1.570926E+074 2.150400E+004, Wed Sep 09 16:57:01 2015
1.35, 0.00, 2.00, 0.00 , 1.364547E-003, -1.365220E-003, -3.583073E-012, -9.313820E-014, 2.150400E+004 1.570926E+074 2.150400E+004, Wed Sep 09 16:57:05 2015
1.40, 0.00, 2.00, 0.00 , 1.374752E-003, -1.375370E-003, -4.756990E-012, -9.633300E-014, 2.150400E+004 1.570926E+074 2.150400E+004, Wed Sep 09 16:57:08 2015
1.45, 0.00, 2.00, 0.00 , 1.382535E-003, -1.383200E-003, -5.553575E-012, -1.104000E-013, 2.150400E+004 1.570926E+074 2.150400E+004, Wed Sep 09 16:57:12 2015
1.50, 0.00, 2.00, 0.00 , 1.388354E-003, -1.388890E-003, -4.421585E-012, -1.037600E-013, 2.150400E+004 1.570926E+074 2.150400E+004, Wed Sep 09 16:57:15 2015
1.55, 0.00, 2.00, 0.00 , 1.392551E-003, -1.393230E-003, -3.583073E-012, -8.406640E-014, 2.150400E+004 1.570926E+074 2.150400E+004, Wed Sep 09 16:57:19 2015
1.60, 0.00, 2.00, 0.00 , 1.395604E-003, -1.396220E-003, -4.798913E-012, -9.318590E-014, 2.150400E+004 1.570926E+074 2.150400E+004, Wed Sep 09 16:57:22 2015
1.65, 0.00, 2.00, 0.00 , 1.397918E-003, -1.398610E-003, -4.421599E-012, -1.030560E-013, 2.150400E+004 1.570926E+074 2.150400E+004, Wed Sep 09 16:57:26 2015
1.70, 0.00, 2.00, 0.00 , 1.399641E-003, -1.400300E-003, -6.308233E-012, -1.141070E-013, 2.150400E+004 1.570926E+074 2.150400E+004, Wed Sep 09 16:57:30 2015
1.75, 0.00, 2.00, 0.00 , 1.401021E-003, -1.401640E-003, -3.415372E-012, -9.560580E-014, 2.150400E+004 1.570926E+074 2.150400E+004, Wed Sep 09 16:57:33 2015
1.80, 0.00, 2.00, 0.00 , 1.402350E-003, -1.402970E-003, -3.121893E-012, -9.410380E-014, 2.150400E+004 1.570926E+074 2.150400E+004, Wed Sep 09 16:57:37 2015
1.85, 0.00, 2.00, 0.00 , 1.404194E-003, -1.404710E-003, -6.902152E-013, -9.199380E-014, 2.150400E+004 1.570926E+074 2.150400E+004, Wed Sep 09 16:57:40 2015
1.90, 0.00, 2.00, 0.00 , 1.406489E-003, -1.407070E-003, -2.325326E-012, -1.054410E-013, 2.150400E+004 1.570926E+074 2.150400E+004, Wed Sep 09 16:57:44 2015
1.95, 0.00, 2.00, 0.00 , 1.408715E-003, -1.409330E-003, -2.493014E-012, -9.371040E-014, 2.150400E+004 1.570926E+074 2.150400E+004, Wed Sep 09 16:57:47 2015
2.00, 0.00, 2.00, 0.00 , 1.410490E-003, -1.411100E-003, -3.834629E-012, -9.731050E-014, 2.150400E+004 1.570926E+074 2.150400E+004, Wed Sep 09 16:57:51 2015
