0.00, 0.00, 0.80, 0.00 , 2.237564E-008, -2.321460E-008, 3.105610E-010, -8.978840E-014, 2.150400E+004 1.570926E+074 2.150400E+004, Fri Sep 04 23:17:19 2015
0.05, 0.00, 0.80, 0.00 , 8.958456E-006, -8.960580E-006, 2.646114E-010, -9.076600E-014, 2.150400E+004 1.570926E+074 2.150400E+004, Fri Sep 04 23:17:22 2015
0.10, 0.00, 0.80, 0.00 , 1.524147E-005, -1.525000E-005, 2.360603E-010, -8.827450E-014, 2.150400E+004 1.570926E+074 2.150400E+004, Fri Sep 04 23:17:26 2015
0.15, 0.00, 0.80, 0.00 , 1.924829E-005, -1.925080E-005, 2.300231E-010, -1.098510E-013, 2.150400E+004 1.570926E+074 2.150400E+004, Fri Sep 04 23:17:30 2015
0.20, 0.00, 0.80, 0.00 , 2.150603E-005, -2.150780E-005, 2.156848E-010, -8.049010E-014, 2.150400E+004 1.570926E+074 2.150400E+004, Fri Sep 04 23:17:33 2015
0.25, 0.00, 0.80, 0.00 , 2.264449E-005, -2.265140E-005, 2.095217E-010, -8.804800E-014, 2.150400E+004 1.570926E+074 2.150400E+004, Fri Sep 04 23:17:37 2015
0.30, 0.00, 0.80, 0.00 , 2.318679E-005, -2.319210E-005, 1.980342E-010, -9.369850E-014, 2.150400E+004 1.570926E+074 2.150400E+004, Fri Sep 04 23:17:40 2015
0.35, 0.00, 0.80, 0.00 , 2.345891E-005, -2.345920E-005, 1.852890E-010, -9.214880E-014, 2.150400E+004 1.570926E+074 2.150400E+004, Fri Sep 04 23:17:44 2015
0.40, 0.00, 0.80, 0.00 , 2.361893E-005, -2.362460E-005, 1.724601E-010, -8.140800E-014, 2.150400E+004 1.570926E+074 2.150400E+004, Fri Sep 04 23:17:47 2015
0.45, 0.00, 0.80, 0.00 , 2.373070E-005, -2.374770E-005, 1.747658E-010, -1.069310E-013, 2.150400E+004 1.570926E+074 2.150400E+004, Fri Sep 04 23:17:51 2015
0.50, 0.00, 0.80, 0.00 , 2.384210E-005, -2.384540E-005, 1.616852E-010, -9.472370E-014, 2.150400E+004 1.570926E+074 2.150400E+004, Fri Sep 04 23:17:54 2015
0.55, 0.00, 0.80, 0.00 , 2.391741E-005, -2.392200E-005, 1.596729E-010, -9.057520E-014, 2.150400E+004 1.570926E+074 2.150400E+004, Fri Sep 04 23:17:58 2015
0.60, 0.00, 0.80, 0.00 , 2.400680E-005, -2.401210E-005, 1.481853E-010, -8.860830E-014, 2.150400E+004 1.570926E+074 2.150400E+004, Fri Sep 04 23:18:01 2015
0.65, 0.00, 0.80, 0.00 , 2.407680E-005, -2.407560E-005, 1.446217E-010, -9.474750E-014, 2.150400E+004 1.570926E+074 2.150400E+004, Fri Sep 04 23:18:05 2015
0.70, 0.00, 0.80, 0.00 , 2.414912E-005, -2.414350E-005, 1.390456E-010, -9.676220E-014, 2.150400E+004 1.570926E+074 2.150400E+004, Fri Sep 04 23:18:09 2015
0.75, 0.00, 0.80, 0.00 , 2.421257E-005, -2.421090E-005, 1.335955E-010, -7.972720E-014, 2.150400E+004 1.570926E+074 2.150400E+004, Fri Sep 04 23:18:12 2015
0.80, 0.00, 0.80, 0.00 , 2.427237E-005, -2.426330E-005, 1.260070E-010, -1.051900E-013, 2.150400E+004 1.570926E+074 2.150400E+004, Fri Sep 04 23:18:16 2015
0.85, 0.00, 0.80, 0.00 , 2.432942E-005, -2.433310E-005, 1.233657E-010, -7.380250E-014, 2.150400E+004 1.570926E+074 2.150400E+004, Fri Sep 04 23:18:19 2015
0.90, 0.00, 0.80, 0.00 , 2.438430E-005, -2.438490E-005, 1.185444E-010, -9.737020E-014, 2.150400E+004 1.570926E+074 2.150400E+004, Fri Sep 04 23:18:23 2015
0.95, 0.00, 0.80, 0.00 , 2.443552E-005, -2.442910E-005, 1.192571E-010, -7.674690E-014, 2.150400E+004 1.570926E+074 2.150400E+004, Fri Sep 04 23:18:26 2015
1.00, 0.00, 0.80, 0.00 , 2.448583E-005, -2.448930E-005, 1.120459E-010, -9.126660E-014, 2.150400E+004 1.570926E+074 2.150400E+004, Fri Sep 04 23:18:30 2015
1.05, 0.00, 0.80, 0.00 , 2.452929E-005, -2.453800E-005, 1.120041E-010, -9.378190E-014, 2.150400E+004 1.570926E+074 2.150400E+004, Fri Sep 04 23:18:33 2015
1.10, 0.00, 0.80, 0.00 , 2.458672E-005, -2.458510E-005, 1.091113E-010, -8.956190E-014, 2.150400E+004 1.570926E+074 2.150400E+004, Fri Sep 04 23:18:37 2015
1.15, 0.00, 0.80, 0.00 , 2.462481E-005, -2.463280E-005, 1.054218E-010, -8.834600E-014, 2.150400E+004 1.570926E+074 2.150400E+004, Fri Sep 04 23:18:40 2015
1.20, 0.00, 0.80, 0.00 , 2.467352E-005, -2.468130E-005, 1.010617E-010, -9.138580E-014, 2.150400E+004 1.570926E+074 2.150400E+004, Fri Sep 04 23:18:44 2015
1.25, 0.00, 0.80, 0.00 , 2.472962E-005, -2.472790E-005, 9.657562E-011, -9.900330E-014, 2.150400E+004 1.570926E+074 2.150400E+004, Fri Sep 04 23:18:48 2015
1.30, 0.00, 0.80, 0.00 , 2.478504E-005, -2.479240E-005, 9.133503E-011, -8.442400E-014, 2.150400E+004 1.570926E+074 2.150400E+004, Fri Sep 04 23:18:51 2015
1.35, 0.00, 0.80, 0.00 , 2.483738E-005, -2.484250E-005, 8.542353E-011, -1.093860E-013, 2.150400E+004 1.570926E+074 2.150400E+004, Fri Sep 04 23:18:55 2015
1.40, 0.00, 0.80, 0.00 , 2.489335E-005, -2.489240E-005, 7.997330E-011, -8.856060E-014, 2.150400E+004 1.570926E+074 2.150400E+004, Fri Sep 04 23:18:58 2015
1.45, 0.00, 0.80, 0.00 , 2.495088E-005, -2.495430E-005, 7.875749E-011, -1.063230E-013, 2.150400E+004 1.570926E+074 2.150400E+004, Fri Sep 04 23:19:02 2015
1.50, 0.00, 0.80, 0.00 , 2.500861E-005, -2.501300E-005, 7.267840E-011, -9.884830E-014, 2.150400E+004 1.570926E+074 2.150400E+004, Fri Sep 04 23:19:05 2015
1.55, 0.00, 0.80, 0.00 , 2.506976E-005, -2.507740E-005, 7.209150E-011, -1.112820E-013, 2.150400E+004 1.570926E+074 2.150400E+004, Fri Sep 04 23:19:09 2015
1.60, 0.00, 0.80, 0.00 , 2.514165E-005, -2.513790E-005, 6.815049E-011, -1.058340E-013, 2.150400E+004 1.570926E+074 2.150400E+004, Fri Sep 04 23:19:12 2015
1.65, 0.00, 0.80, 0.00 , 2.521179E-005, -2.521420E-005, 6.257447E-011, -9.733440E-014, 2.150400E+004 1.570926E+074 2.150400E+004, Fri Sep 04 23:19:16 2015
1.70, 0.00, 0.80, 0.00 , 2.530991E-005, -2.531530E-005, 6.479651E-011, -8.099080E-014, 2.150400E+004 1.570926E+074 2.150400E+004, Fri Sep 04 23:19:20 2015
1.75, 0.00, 0.80, 0.00 , 2.542071E-005, -2.542120E-005, 6.685084E-011, -9.256600E-014, 2.150400E+004 1.570926E+074 2.150400E+004, Fri Sep 04 23:19:23 2015
1.80, 0.00, 0.80, 0.00 , 2.552925E-005, -2.552830E-005, 6.957591E-011, -1.075630E-013, 2.150400E+004 1.570926E+074 2.150400E+004, Fri Sep 04 23:19:27 2015
1.85, 0.00, 0.80, 0.00 , 2.566279E-005, -2.566960E-005, 6.903091E-011, -9.107590E-014, 2.150400E+004 1.570926E+074 2.150400E+004, Fri Sep 04 23:19:30 2015
1.90, 0.00, 0.80, 0.00 , 2.582262E-005, -2.583240E-005, 7.540351E-011, -8.670090E-014, 2.150400E+004 1.570926E+074 2.150400E+004, Fri Sep 04 23:19:34 2015
1.95, 0.00, 0.80, 0.00 , 2.600977E-005, -2.600400E-005, 7.435536E-011, -7.812980E-014, 2.150400E+004 1.570926E+074 2.150400E+004, Fri Sep 04 23:19:37 2015
2.00, 0.00, 0.80, 0.00 , 2.620357E-005, -2.620830E-005, 8.026677E-011, -1.168130E-013, 2.150400E+004 1.570926E+074 2.150400E+004, Fri Sep 04 23:19:41 2015
