0.00, 0.00, 0.40, 0.00 , -2.353960E-010, -2.140780E-011, 1.992920E-010, -8.361340E-014, 2.150400E+004 1.570926E+074 2.150400E+004, Fri Sep 04 23:14:44 2015
0.05, 0.00, 0.40, 0.00 , 2.594780E-009, -2.784770E-009, 1.873432E-010, -9.714370E-014, 2.150400E+004 1.570926E+074 2.150400E+004, Fri Sep 04 23:14:51 2015
0.10, 0.00, 0.40, 0.00 , 3.099401E-009, -3.252460E-009, 1.522941E-010, -9.790660E-014, 2.150400E+004 1.570926E+074 2.150400E+004, Fri Sep 04 23:14:54 2015
0.15, 0.00, 0.40, 0.00 , 3.224934E-009, -3.344140E-009, 1.409323E-010, -9.297130E-014, 2.150400E+004 1.570926E+074 2.150400E+004, Fri Sep 04 23:14:58 2015
0.20, 0.00, 0.40, 0.00 , 3.283587E-009, -3.369020E-009, 1.210179E-010, -9.353160E-014, 2.150400E+004 1.570926E+074 2.150400E+004, Fri Sep 04 23:15:02 2015
0.25, 0.00, 0.40, 0.00 , 3.345867E-009, -3.400470E-009, 1.064280E-010, -9.976630E-014, 2.150400E+004 1.570926E+074 2.150400E+004, Fri Sep 04 23:15:05 2015
0.30, 0.00, 0.40, 0.00 , 3.390551E-009, -3.407840E-009, 9.343133E-011, -1.096730E-013, 2.150400E+004 1.570926E+074 2.150400E+004, Fri Sep 04 23:15:09 2015
0.35, 0.00, 0.40, 0.00 , 3.447684E-009, -3.420580E-009, 8.286610E-011, -9.988550E-014, 2.150400E+004 1.570926E+074 2.150400E+004, Fri Sep 04 23:15:12 2015
0.40, 0.00, 0.40, 0.00 , 3.476040E-009, -3.433260E-009, 6.957587E-011, -1.015660E-013, 2.150400E+004 1.570926E+074 2.150400E+004, Fri Sep 04 23:15:16 2015
0.45, 0.00, 0.40, 0.00 , 3.514355E-009, -3.444740E-009, 5.825614E-011, -1.080510E-013, 2.150400E+004 1.570926E+074 2.150400E+004, Fri Sep 04 23:15:20 2015
0.50, 0.00, 0.40, 0.00 , 3.547560E-009, -3.459940E-009, 4.945189E-011, -9.019370E-014, 2.150400E+004 1.570926E+074 2.150400E+004, Fri Sep 04 23:15:23 2015
0.55, 0.00, 0.40, 0.00 , 3.577434E-009, -3.457580E-009, 3.901254E-011, -1.083490E-013, 2.150400E+004 1.570926E+074 2.150400E+004, Fri Sep 04 23:15:27 2015
0.60, 0.00, 0.40, 0.00 , 3.616340E-009, -3.481840E-009, 3.004060E-011, -1.111390E-013, 2.150400E+004 1.570926E+074 2.150400E+004, Fri Sep 04 23:15:31 2015
0.65, 0.00, 0.40, 0.00 , 3.635627E-009, -3.492650E-009, 2.169753E-011, -1.131180E-013, 2.150400E+004 1.570926E+074 2.150400E+004, Fri Sep 04 23:15:34 2015
0.70, 0.00, 0.40, 0.00 , 3.656215E-009, -3.493930E-009, 1.394137E-011, -9.912250E-014, 2.150400E+004 1.570926E+074 2.150400E+004, Fri Sep 04 23:15:38 2015
0.75, 0.00, 0.40, 0.00 , 3.675840E-009, -3.505170E-009, 4.801701E-012, -8.624790E-014, 2.150400E+004 1.570926E+074 2.150400E+004, Fri Sep 04 23:15:42 2015
0.80, 0.00, 0.40, 0.00 , 3.686348E-009, -3.512330E-009, 5.137122E-012, -8.066890E-014, 2.150400E+004 1.570926E+074 2.150400E+004, Fri Sep 04 23:15:45 2015
0.85, 0.00, 0.40, 0.00 , 3.704489E-009, -3.517340E-009, -3.131349E-013, -1.149180E-013, 2.150400E+004 1.570926E+074 2.150400E+004, Fri Sep 04 23:15:49 2015
0.90, 0.00, 0.40, 0.00 , 3.731244E-009, -3.539780E-009, -7.146908E-012, -9.567740E-014, 2.150400E+004 1.570926E+074 2.150400E+004, Fri Sep 04 23:15:53 2015
0.95, 0.00, 0.40, 0.00 , 3.749340E-009, -3.543910E-009, -9.746266E-012, -8.151530E-014, 2.150400E+004 1.570926E+074 2.150400E+004, Fri Sep 04 23:15:56 2015
1.00, 0.00, 0.40, 0.00 , 3.767909E-009, -3.563210E-009, -1.276487E-011, -9.958740E-014, 2.150400E+004 1.570926E+074 2.150400E+004, Fri Sep 04 23:16:00 2015
1.05, 0.00, 0.40, 0.00 , 3.785253E-009, -3.567140E-009, -2.005982E-011, -8.801220E-014, 2.150400E+004 1.570926E+074 2.150400E+004, Fri Sep 04 23:16:03 2015
1.10, 0.00, 0.40, 0.00 , 3.790191E-009, -3.567460E-009, -2.203030E-011, -8.858440E-014, 2.150400E+004 1.570926E+074 2.150400E+004, Fri Sep 04 23:16:07 2015
1.15, 0.00, 0.40, 0.00 , 3.806941E-009, -3.581730E-009, -2.597155E-011, -1.142020E-013, 2.150400E+004 1.570926E+074 2.150400E+004, Fri Sep 04 23:16:11 2015
1.20, 0.00, 0.40, 0.00 , 3.832213E-009, -3.577600E-009, -3.100305E-011, -7.297990E-014, 2.150400E+004 1.570926E+074 2.150400E+004, Fri Sep 04 23:16:14 2015
1.25, 0.00, 0.40, 0.00 , 3.853107E-009, -3.603560E-009, -2.945167E-011, -1.165870E-013, 2.150400E+004 1.570926E+074 2.150400E+004, Fri Sep 04 23:16:18 2015
1.30, 0.00, 0.40, 0.00 , 3.870404E-009, -3.618240E-009, -3.976626E-011, -9.692910E-014, 2.150400E+004 1.570926E+074 2.150400E+004, Fri Sep 04 23:16:22 2015
1.35, 0.00, 0.40, 0.00 , 3.879224E-009, -3.616360E-009, -4.630721E-011, -1.017810E-013, 2.150400E+004 1.570926E+074 2.150400E+004, Fri Sep 04 23:16:25 2015
1.40, 0.00, 0.40, 0.00 , 3.881711E-009, -3.620400E-009, -4.408498E-011, -8.071660E-014, 2.150400E+004 1.570926E+074 2.150400E+004, Fri Sep 04 23:16:29 2015
1.45, 0.00, 0.40, 0.00 , 3.904923E-009, -3.627270E-009, -4.693617E-011, -9.303090E-014, 2.150400E+004 1.570926E+074 2.150400E+004, Fri Sep 04 23:16:33 2015
1.50, 0.00, 0.40, 0.00 , 3.903953E-009, -3.642560E-009, -5.045821E-011, -9.751320E-014, 2.150400E+004 1.570926E+074 2.150400E+004, Fri Sep 04 23:16:36 2015
1.55, 0.00, 0.40, 0.00 , 3.916901E-009, -3.654240E-009, -5.171608E-011, -7.582900E-014, 2.150400E+004 1.570926E+074 2.150400E+004, Fri Sep 04 23:16:40 2015
1.60, 0.00, 0.40, 0.00 , 3.925131E-009, -3.667870E-009, -4.731352E-011, -8.250470E-014, 2.150400E+004 1.570926E+074 2.150400E+004, Fri Sep 04 23:16:44 2015
1.65, 0.00, 0.40, 0.00 , 3.919054E-009, -3.673520E-009, -4.282710E-011, -1.006960E-013, 2.150400E+004 1.570926E+074 2.150400E+004, Fri Sep 04 23:16:47 2015
1.70, 0.00, 0.40, 0.00 , 3.907620E-009, -3.681930E-009, -4.546864E-011, -6.861690E-014, 2.150400E+004 1.570926E+074 2.150400E+004, Fri Sep 04 23:16:51 2015
1.75, 0.00, 0.40, 0.00 , 3.938884E-009, -3.686610E-009, -4.559444E-011, -8.926390E-014, 2.150400E+004 1.570926E+074 2.150400E+004, Fri Sep 04 23:16:54 2015
1.80, 0.00, 0.40, 0.00 , 3.944795E-009, -3.707330E-009, -4.743931E-011, -9.491440E-014, 2.150400E+004 1.570926E+074 2.150400E+004, Fri Sep 04 23:16:58 2015
1.85, 0.00, 0.40, 0.00 , 3.943530E-009, -3.725340E-009, -4.492357E-011, -1.073600E-013, 2.150400E+004 1.570926E+074 2.150400E+004, Fri Sep 04 23:17:02 2015
1.90, 0.00, 0.40, 0.00 , 3.953196E-009, -3.729850E-009, -4.534285E-011, -9.515290E-014, 2.150400E+004 1.570926E+074 2.150400E+004, Fri Sep 04 23:17:05 2015
1.95, 0.00, 0.40, 0.00 , 4.007755E-009, -3.746250E-009, -4.580408E-011, -1.140480E-013, 2.150400E+004 1.570926E+074 2.150400E+004, Fri Sep 04 23:17:09 2015
2.00, 0.00, 0.40, 0.00 , 3.943026E-009, -3.747590E-009, -3.578297E-011, -1.136180E-013, 2.150400E+004 1.570926E+074 2.150400E+004, Fri Sep 04 23:17:13 2015
