0.00, 0.00, 1.20, 0.00 , -1.428973E-010, 1.135320E-010, -1.553186E-011, -9.763240E-014, 2.150400E+004 1.570926E+074 2.150400E+004, Wed Sep 09 16:49:41 2015
0.05, 0.00, 1.20, 0.00 , 2.679478E-006, -2.668220E-006, -1.737658E-011, -1.239780E-013, 2.150400E+004 1.570926E+074 2.150400E+004, Wed Sep 09 16:49:46 2015
0.10, 0.00, 1.20, 0.00 , 1.961359E-005, -1.957550E-005, -1.569956E-011, -1.060490E-013, 2.150400E+004 1.570926E+074 2.150400E+004, Wed Sep 09 16:49:50 2015
0.15, 0.00, 1.20, 0.00 , 5.211657E-005, -5.202100E-005, -1.515453E-011, -9.466410E-014, 2.150400E+004 1.570926E+074 2.150400E+004, Wed Sep 09 16:49:53 2015
0.20, 0.00, 1.20, 0.00 , 8.817772E-005, -8.805690E-005, -1.335174E-011, -9.737020E-014, 2.150400E+004 1.570926E+074 2.150400E+004, Wed Sep 09 16:49:57 2015
0.25, 0.00, 1.20, 0.00 , 1.213392E-004, -1.211690E-004, -1.532223E-011, -8.976460E-014, 2.150400E+004 1.570926E+074 2.150400E+004, Wed Sep 09 16:50:01 2015
0.30, 0.00, 1.20, 0.00 , 1.497577E-004, -1.496140E-004, -1.490297E-011, -9.385350E-014, 2.150400E+004 1.570926E+074 2.150400E+004, Wed Sep 09 16:50:04 2015
0.35, 0.00, 1.20, 0.00 , 1.735504E-004, -1.734050E-004, -1.460950E-011, -1.068470E-013, 2.150400E+004 1.570926E+074 2.150400E+004, Wed Sep 09 16:50:08 2015
0.40, 0.00, 1.20, 0.00 , 1.924967E-004, -1.923290E-004, -1.519645E-011, -9.590390E-014, 2.150400E+004 1.570926E+074 2.150400E+004, Wed Sep 09 16:50:11 2015
0.45, 0.00, 1.20, 0.00 , 2.066530E-004, -2.065200E-004, -1.465142E-011, -9.255410E-014, 2.150400E+004 1.570926E+074 2.150400E+004, Wed Sep 09 16:50:15 2015
0.50, 0.00, 1.20, 0.00 , 2.165976E-004, -2.164720E-004, -1.523837E-011, -9.815690E-014, 2.150400E+004 1.570926E+074 2.150400E+004, Wed Sep 09 16:50:18 2015
0.55, 0.00, 1.20, 0.00 , 2.231081E-004, -2.229900E-004, -1.473527E-011, -8.972880E-014, 2.150400E+004 1.570926E+074 2.150400E+004, Wed Sep 09 16:50:22 2015
0.60, 0.00, 1.20, 0.00 , 2.272069E-004, -2.270540E-004, -1.477720E-011, -1.180890E-013, 2.150400E+004 1.570926E+074 2.150400E+004, Wed Sep 09 16:50:26 2015
0.65, 0.00, 1.20, 0.00 , 2.297845E-004, -2.296570E-004, -1.444179E-011, -1.022700E-013, 2.150400E+004 1.570926E+074 2.150400E+004, Wed Sep 09 16:50:29 2015
0.70, 0.00, 1.20, 0.00 , 2.313721E-004, -2.312320E-004, -1.574148E-011, -9.313820E-014, 2.150400E+004 1.570926E+074 2.150400E+004, Wed Sep 09 16:50:33 2015
0.75, 0.00, 1.20, 0.00 , 2.324101E-004, -2.323190E-004, -1.498682E-011, -1.030330E-013, 2.150400E+004 1.570926E+074 2.150400E+004, Wed Sep 09 16:50:36 2015
0.80, 0.00, 1.20, 0.00 , 2.332438E-004, -2.331120E-004, -1.528029E-011, -7.690190E-014, 2.150400E+004 1.570926E+074 2.150400E+004, Wed Sep 09 16:50:40 2015
0.85, 0.00, 1.20, 0.00 , 2.338471E-004, -2.337250E-004, -1.691539E-011, -7.503030E-014, 2.150400E+004 1.570926E+074 2.150400E+004, Wed Sep 09 16:50:43 2015
0.90, 0.00, 1.20, 0.00 , 2.343978E-004, -2.342720E-004, -1.553186E-011, -8.656980E-014, 2.150400E+004 1.570926E+074 2.150400E+004, Wed Sep 09 16:50:47 2015
0.95, 0.00, 1.20, 0.00 , 2.348916E-004, -2.347820E-004, -1.662192E-011, -1.125570E-013, 2.150400E+004 1.570926E+074 2.150400E+004, Wed Sep 09 16:50:50 2015
1.00, 0.00, 1.20, 0.00 , 2.353514E-004, -2.352140E-004, -1.498683E-011, -1.071690E-013, 2.150400E+004 1.570926E+074 2.150400E+004, Wed Sep 09 16:50:54 2015
1.05, 0.00, 1.20, 0.00 , 2.357746E-004, -2.356500E-004, -1.637037E-011, -7.719990E-014, 2.150400E+004 1.570926E+074 2.150400E+004, Wed Sep 09 16:50:57 2015
1.10, 0.00, 1.20, 0.00 , 2.362868E-004, -2.361550E-004, -1.729272E-011, -8.398290E-014, 2.150400E+004 1.570926E+074 2.150400E+004, Wed Sep 09 16:51:01 2015
1.15, 0.00, 1.20, 0.00 , 2.372420E-004, -2.371240E-004, -1.553186E-011, -1.139520E-013, 2.150400E+004 1.570926E+074 2.150400E+004, Wed Sep 09 16:51:05 2015
1.20, 0.00, 1.20, 0.00 , 2.397374E-004, -2.397330E-004, -1.704117E-011, -1.106140E-013, 2.150400E+004 1.570926E+074 2.150400E+004, Wed Sep 09 16:51:08 2015
1.25, 0.00, 1.20, 0.00 , 2.425865E-004, -2.423880E-004, -1.666384E-011, -8.846520E-014, 2.150400E+004 1.570926E+074 2.150400E+004, Wed Sep 09 16:51:12 2015
1.30, 0.00, 1.20, 0.00 , 2.456350E-004, -2.456310E-004, -1.716695E-011, -1.062040E-013, 2.150400E+004 1.570926E+074 2.150400E+004, Wed Sep 09 16:51:15 2015
1.35, 0.00, 1.20, 0.00 , 2.491843E-004, -2.489890E-004, -1.741850E-011, -1.138330E-013, 2.150400E+004 1.570926E+074 2.150400E+004, Wed Sep 09 16:51:19 2015
1.40, 0.00, 1.20, 0.00 , 2.525839E-004, -2.525090E-004, -1.767005E-011, -9.740590E-014, 2.150400E+004 1.570926E+074 2.150400E+004, Wed Sep 09 16:51:22 2015
1.45, 0.00, 1.20, 0.00 , 2.558039E-004, -2.559270E-004, -1.762813E-011, -9.665490E-014, 2.150400E+004 1.570926E+074 2.150400E+004, Wed Sep 09 16:51:26 2015
1.50, 0.00, 1.20, 0.00 , 2.594354E-004, -2.594440E-004, -1.674769E-011, -8.684400E-014, 2.150400E+004 1.570926E+074 2.150400E+004, Wed Sep 09 16:51:29 2015
1.55, 0.00, 1.20, 0.00 , 2.634472E-004, -2.633260E-004, -1.548993E-011, -1.027580E-013, 2.150400E+004 1.570926E+074 2.150400E+004, Wed Sep 09 16:51:33 2015
1.60, 0.00, 1.20, 0.00 , 2.671562E-004, -2.671490E-004, -1.632844E-011, -9.181500E-014, 2.150400E+004 1.570926E+074 2.150400E+004, Wed Sep 09 16:51:36 2015
1.65, 0.00, 1.20, 0.00 , 2.710726E-004, -2.710100E-004, -1.708309E-011, -9.380580E-014, 2.150400E+004 1.570926E+074 2.150400E+004, Wed Sep 09 16:51:40 2015
1.70, 0.00, 1.20, 0.00 , 2.753176E-004, -2.751500E-004, -1.603496E-011, -8.975270E-014, 2.150400E+004 1.570926E+074 2.150400E+004, Wed Sep 09 16:51:43 2015
1.75, 0.00, 1.20, 0.00 , 2.803595E-004, -2.802480E-004, -1.616073E-011, -8.726120E-014, 2.150400E+004 1.570926E+074 2.150400E+004, Wed Sep 09 16:51:47 2015
1.80, 0.00, 1.20, 0.00 , 2.869225E-004, -2.867720E-004, -1.687346E-011, -9.540320E-014, 2.150400E+004 1.570926E+074 2.150400E+004, Wed Sep 09 16:51:51 2015
1.85, 0.00, 1.20, 0.00 , 2.953955E-004, -2.952540E-004, -1.758619E-011, -9.235140E-014, 2.150400E+004 1.570926E+074 2.150400E+004, Wed Sep 09 16:51:54 2015
1.90, 0.00, 1.20, 0.00 , 3.055641E-004, -3.054450E-004, -1.674770E-011, -7.177590E-014, 2.150400E+004 1.570926E+074 2.150400E+004, Wed Sep 09 16:51:58 2015
1.95, 0.00, 1.20, 0.00 , 3.167741E-004, -3.166430E-004, -1.603496E-011, -1.085400E-013, 2.150400E+004 1.570926E+074 2.150400E+004, Wed Sep 09 16:52:01 2015
2.00, 0.00, 1.20, 0.00 , 3.282215E-004, -3.281210E-004, -1.666384E-011, -1.042370E-013, 2.150400E+004 1.570926E+074 2.150400E+004, Wed Sep 09 16:52:05 2015
