0.00, 0.00, 0.40, 0.00 , -1.526457E-010, 1.752520E-012, -2.483947E-011, -9.213690E-014, 2.150400E+004 1.570926E+074 2.150400E+004, Wed Sep 09 16:28:17 2015
0.05, 0.00, 0.40, 0.00 , -1.260176E-010, 1.540780E-012, -2.525877E-011, -9.864570E-014, 2.150400E+004 1.570926E+074 2.150400E+004, Wed Sep 09 16:28:25 2015
0.10, 0.00, 0.40, 0.00 , -1.101925E-010, 1.111570E-012, -2.500719E-011, -9.689330E-014, 2.150400E+004 1.570926E+074 2.150400E+004, Wed Sep 09 16:28:41 2015
0.15, 0.00, 0.40, 0.00 , -9.782803E-011, 7.930280E-013, -2.500719E-011, -1.066210E-013, 2.150400E+004 1.570926E+074 2.150400E+004, Wed Sep 09 16:28:51 2015
0.20, 0.00, 0.40, 0.00 , -8.736236E-011, 5.427600E-013, -2.676824E-011, -9.294750E-014, 2.150400E+004 1.570926E+074 2.150400E+004, Wed Sep 09 16:28:58 2015
0.25, 0.00, 0.40, 0.00 , -7.963981E-011, 3.810880E-013, -2.634894E-011, -9.119510E-014, 2.150400E+004 1.570926E+074 2.150400E+004, Wed Sep 09 16:29:13 2015
0.30, 0.00, 0.40, 0.00 , -6.571382E-011, 2.639290E-014, -2.559421E-011, -1.082780E-013, 2.150400E+004 1.570926E+074 2.150400E+004, Wed Sep 09 16:29:20 2015
0.35, 0.00, 0.40, 0.00 , -5.533260E-011, -1.349570E-013, -2.597157E-011, -9.113550E-014, 2.150400E+004 1.570926E+074 2.150400E+004, Wed Sep 09 16:30:09 2015
0.40, 0.00, 0.40, 0.00 , -4.457163E-011, -4.350660E-013, -2.714560E-011, -9.092090E-014, 2.150400E+004 1.570926E+074 2.150400E+004, Wed Sep 09 16:30:55 2015
0.45, 0.00, 0.40, 0.00 , -4.022504E-011, -5.650400E-013, -2.597157E-011, -9.413960E-014, 2.150400E+004 1.570926E+074 2.150400E+004, Wed Sep 09 16:31:02 2015
0.50, 0.00, 0.40, 0.00 , 8.008963E-012, -8.011940E-013, -2.395895E-011, -9.851460E-014, 2.150400E+004 1.570926E+074 2.150400E+004, Wed Sep 09 16:32:42 2015
0.55, 0.00, 0.40, 0.00 , 2.101462E-012, -1.073630E-012, -2.710368E-011, -9.220840E-014, 2.150400E+004 1.570926E+074 2.150400E+004, Wed Sep 09 16:33:43 2015
0.60, 0.00, 0.40, 0.00 , -2.448446E-011, -1.338520E-012, -2.815191E-011, -9.164810E-014, 2.150400E+004 1.570926E+074 2.150400E+004, Wed Sep 09 16:33:51 2015
0.65, 0.00, 0.40, 0.00 , -7.942098E-012, -1.653750E-012, -2.605543E-011, -6.555320E-014, 2.150400E+004 1.570926E+074 2.150400E+004, Wed Sep 09 16:33:55 2015
0.70, 0.00, 0.40, 0.00 , 5.400810E-013, -1.898830E-012, -2.559421E-011, -9.379390E-014, 2.150400E+004 1.570926E+074 2.150400E+004, Wed Sep 09 16:33:58 2015
0.75, 0.00, 0.40, 0.00 , 5.561568E-012, -2.091300E-012, -2.630701E-011, -9.564160E-014, 2.150400E+004 1.570926E+074 2.150400E+004, Wed Sep 09 16:34:02 2015
0.80, 0.00, 0.40, 0.00 , 8.473126E-012, -2.512690E-012, -2.626508E-011, -1.109840E-013, 2.150400E+004 1.570926E+074 2.150400E+004, Wed Sep 09 16:34:06 2015
0.85, 0.00, 0.40, 0.00 , -5.789904E-012, -2.624130E-012, -2.492333E-011, -1.014470E-013, 2.150400E+004 1.570926E+074 2.150400E+004, Wed Sep 09 16:34:26 2015
0.90, 0.00, 0.40, 0.00 , 3.071980E-012, -2.902280E-012, -2.639087E-011, -1.108880E-013, 2.150400E+004 1.570926E+074 2.150400E+004, Wed Sep 09 16:35:08 2015
0.95, 0.00, 0.40, 0.00 , 2.801006E-011, -3.120110E-012, -2.572000E-011, -8.665320E-014, 2.150400E+004 1.570926E+074 2.150400E+004, Wed Sep 09 16:35:29 2015
1.00, 0.00, 0.40, 0.00 , 9.696817E-012, -3.390870E-012, -2.479754E-011, -9.675030E-014, 2.150400E+004 1.570926E+074 2.150400E+004, Wed Sep 09 16:36:07 2015
1.05, 0.00, 0.40, 0.00 , 3.455050E-011, -3.576980E-012, -2.521684E-011, -9.813310E-014, 2.150400E+004 1.570926E+074 2.150400E+004, Wed Sep 09 16:36:19 2015
1.10, 0.00, 0.40, 0.00 , 7.249424E-012, -3.989280E-012, -2.848735E-011, -8.828640E-014, 2.150400E+004 1.570926E+074 2.150400E+004, Wed Sep 09 16:37:25 2015
1.15, 0.00, 0.40, 0.00 , 3.408632E-011, -4.115750E-012, -2.689402E-011, -9.547470E-014, 2.150400E+004 1.570926E+074 2.150400E+004, Wed Sep 09 16:37:45 2015
1.20, 0.00, 0.40, 0.00 , 3.172335E-011, -4.248600E-012, -2.492333E-011, -1.103160E-013, 2.150400E+004 1.570926E+074 2.150400E+004, Wed Sep 09 16:37:55 2015
1.25, 0.00, 0.40, 0.00 , 3.240764E-012, -4.812440E-012, -2.878085E-011, -8.469820E-014, 2.150400E+004 1.570926E+074 2.150400E+004, Wed Sep 09 16:38:21 2015
1.30, 0.00, 0.40, 0.00 , 2.497190E-011, -4.890950E-012, -2.685209E-011, -8.937120E-014, 2.150400E+004 1.570926E+074 2.150400E+004, Wed Sep 09 16:41:04 2015
1.35, 0.00, 0.40, 0.00 , 2.670195E-011, -5.223230E-012, -2.794226E-011, -8.350610E-014, 2.150400E+004 1.570926E+074 2.150400E+004, Wed Sep 09 16:41:21 2015
1.40, 0.00, 0.40, 0.00 , 3.007765E-011, -5.445560E-012, -2.530070E-011, -9.393690E-014, 2.150400E+004 1.570926E+074 2.150400E+004, Wed Sep 09 16:42:00 2015
1.45, 0.00, 0.40, 0.00 , 3.590074E-011, -5.690500E-012, -2.798419E-011, -1.052980E-013, 2.150400E+004 1.570926E+074 2.150400E+004, Wed Sep 09 16:42:26 2015
1.50, 0.00, 0.40, 0.00 , 3.336895E-011, -6.029170E-012, -2.840348E-011, -8.435250E-014, 2.150400E+004 1.570926E+074 2.150400E+004, Wed Sep 09 16:42:45 2015
1.55, 0.00, 0.40, 0.00 , 4.079552E-011, -6.093810E-012, -2.748103E-011, -9.728670E-014, 2.150400E+004 1.570926E+074 2.150400E+004, Wed Sep 09 16:42:58 2015
1.60, 0.00, 0.40, 0.00 , 4.336947E-011, -6.395390E-012, -2.689401E-011, -7.218120E-014, 2.150400E+004 1.570926E+074 2.150400E+004, Wed Sep 09 16:43:05 2015
1.65, 0.00, 0.40, 0.00 , 4.320070E-011, -6.778480E-012, -2.714560E-011, -9.312630E-014, 2.150400E+004 1.570926E+074 2.150400E+004, Wed Sep 09 16:43:33 2015
1.70, 0.00, 0.40, 0.00 , 5.712552E-011, -7.007620E-012, -2.773261E-011, -1.017570E-013, 2.150400E+004 1.570926E+074 2.150400E+004, Wed Sep 09 16:43:51 2015
1.75, 0.00, 0.40, 0.00 , 5.674580E-011, -7.388170E-012, -2.785840E-011, -7.755760E-014, 2.150400E+004 1.570926E+074 2.150400E+004, Wed Sep 09 16:44:03 2015
1.80, 0.00, 0.40, 0.00 , 5.590181E-011, -7.303610E-012, -2.790032E-011, -9.340050E-014, 2.150400E+004 1.570926E+074 2.150400E+004, Wed Sep 09 16:45:05 2015
1.85, 0.00, 0.40, 0.00 , 6.750583E-011, -7.635030E-012, -2.714560E-011, -9.199380E-014, 2.150400E+004 1.570926E+074 2.150400E+004, Wed Sep 09 16:45:17 2015
1.90, 0.00, 0.40, 0.00 , 6.573356E-011, -7.676440E-012, -2.660051E-011, -9.018180E-014, 2.150400E+004 1.570926E+074 2.150400E+004, Wed Sep 09 16:45:32 2015
1.95, 0.00, 0.40, 0.00 , 6.552264E-011, -8.079760E-012, -2.647472E-011, -1.073600E-013, 2.150400E+004 1.570926E+074 2.150400E+004, Wed Sep 09 16:45:44 2015
2.00, 0.00, 0.40, 0.00 , 7.180988E-011, -8.295020E-012, -2.836155E-011, -7.436280E-014, 2.150400E+004 1.570926E+074 2.150400E+004, Wed Sep 09 16:46:03 2015
