1.80, 0.00, 0.00, 0.00 , 8.075364E-010, -2.479670E-011, -5.098357E-010, -8.870360E-014, 2.150400E+004 1.570926E+074 2.150400E+004, Fri Sep 04 23:01:20 2015
1.80, 0.00, 0.02, 0.00 , 7.265207E-010, -2.739330E-011, -4.290377E-010, -8.524660E-014, 2.150400E+004 1.570926E+074 2.150400E+004, Fri Sep 04 23:01:25 2015
1.80, 0.00, 0.04, 0.00 , 6.447027E-010, -2.390860E-011, -3.614896E-010, -7.826090E-014, 2.150400E+004 1.570926E+074 2.150400E+004, Fri Sep 04 23:01:34 2015
1.80, 0.00, 0.06, 0.00 , 5.774423E-010, -2.084900E-011, -3.024112E-010, -8.312460E-014, 2.150400E+004 1.570926E+074 2.150400E+004, Fri Sep 04 23:01:45 2015
1.80, 0.00, 0.08, 0.00 , 5.443186E-010, -2.198670E-011, -2.739834E-010, -8.722540E-014, 2.150400E+004 1.570926E+074 2.150400E+004, Fri Sep 04 23:01:52 2015
1.80, 0.00, 0.10, 0.00 , 4.943165E-010, -1.792960E-011, -2.374629E-010, -7.537600E-014, 2.150400E+004 1.570926E+074 2.150400E+004, Fri Sep 04 23:02:00 2015
1.80, 0.00, 0.12, 0.00 , 4.758351E-010, -1.857160E-011, -2.217814E-010, -1.045230E-013, 2.150400E+004 1.570926E+074 2.150400E+004, Fri Sep 04 23:02:05 2015
1.80, 0.00, 0.14, 0.00 , 4.404322E-010, -1.739130E-011, -1.977559E-010, -7.897620E-014, 2.150400E+004 1.570926E+074 2.150400E+004, Fri Sep 04 23:02:10 2015
1.80, 0.00, 0.16, 0.00 , 4.090387E-010, -1.652930E-011, -1.828710E-010, -8.754730E-014, 2.150400E+004 1.570926E+074 2.150400E+004, Fri Sep 04 23:02:17 2015
1.80, 0.00, 0.18, 0.00 , 3.896286E-010, -1.875700E-011, -1.663089E-010, -1.008030E-013, 2.150400E+004 1.570926E+074 2.150400E+004, Fri Sep 04 23:02:21 2015
1.80, 0.00, 0.20, 0.00 , 3.735944E-010, -1.862380E-011, -1.527239E-010, -9.400840E-014, 2.150400E+004 1.570926E+074 2.150400E+004, Fri Sep 04 23:02:27 2015
1.80, 0.00, 0.22, 0.00 , 3.671382E-010, -2.293480E-011, -1.405224E-010, -7.981060E-014, 2.150400E+004 1.570926E+074 2.150400E+004, Fri Sep 04 23:02:33 2015
1.80, 0.00, 0.24, 0.00 , 3.598803E-010, -2.960160E-011, -1.284887E-010, -1.029850E-013, 2.150400E+004 1.570926E+074 2.150400E+004, Fri Sep 04 23:02:42 2015
1.80, 0.00, 0.26, 0.00 , 3.763369E-010, -4.178160E-011, -1.202286E-010, -1.047610E-013, 2.150400E+004 1.570926E+074 2.150400E+004, Fri Sep 04 23:02:47 2015
1.80, 0.00, 0.28, 0.00 , 3.851137E-010, -6.898810E-011, -1.076079E-010, -8.058550E-014, 2.150400E+004 1.570926E+074 2.150400E+004, Fri Sep 04 23:02:53 2015
1.80, 0.00, 0.30, 0.00 , 4.500116E-010, -1.228750E-010, -1.074402E-010, -8.454320E-014, 2.150400E+004 1.570926E+074 2.150400E+004, Fri Sep 04 23:03:01 2015
1.80, 0.00, 0.32, 0.00 , 5.456266E-010, -2.317380E-010, -9.741911E-011, -9.423490E-014, 2.150400E+004 1.570926E+074 2.150400E+004, Fri Sep 04 23:03:06 2015
1.80, 0.00, 0.34, 0.00 , 7.620497E-010, -4.543440E-010, -8.496610E-011, -9.787080E-014, 2.150400E+004 1.570926E+074 2.150400E+004, Fri Sep 04 23:03:11 2015
1.80, 0.00, 0.36, 0.00 , 1.226330E-009, -9.107450E-010, -7.347744E-011, -9.809730E-014, 2.150400E+004 1.570926E+074 2.150400E+004, Fri Sep 04 23:03:16 2015
1.80, 0.00, 0.38, 0.00 , 2.163417E-009, -1.832460E-009, -7.150676E-011, -8.099080E-014, 2.150400E+004 1.570926E+074 2.150400E+004, Fri Sep 04 23:03:20 2015
1.80, 0.00, 0.40, 0.00 , 4.009321E-009, -3.688430E-009, -6.412720E-011, -7.798670E-014, 2.150400E+004 1.570926E+074 2.150400E+004, Fri Sep 04 23:03:24 2015
1.80, 0.00, 0.42, 0.00 , 7.738254E-009, -7.389630E-009, -5.850868E-011, -7.362370E-014, 2.150400E+004 1.570926E+074 2.150400E+004, Fri Sep 04 23:03:27 2015
1.80, 0.00, 0.44, 0.00 , 1.503854E-008, -1.473790E-008, -5.192579E-011, -1.029610E-013, 2.150400E+004 1.570926E+074 2.150400E+004, Fri Sep 04 23:03:31 2015
1.80, 0.00, 0.46, 0.00 , 2.910850E-008, -2.876100E-008, -4.458816E-011, -1.022700E-013, 2.150400E+004 1.570926E+074 2.150400E+004, Fri Sep 04 23:03:35 2015
1.80, 0.00, 0.48, 0.00 , 5.542061E-008, -5.513920E-008, -3.884383E-011, -8.593800E-014, 2.150400E+004 1.570926E+074 2.150400E+004, Fri Sep 04 23:03:38 2015
1.80, 0.00, 0.50, 0.00 , 1.030719E-007, -1.026240E-007, -3.377040E-011, -8.052590E-014, 2.150400E+004 1.570926E+074 2.150400E+004, Fri Sep 04 23:03:42 2015
1.80, 0.00, 0.52, 0.00 , 1.871313E-007, -1.869310E-007, -2.786684E-012, -1.019240E-013, 2.150400E+004 1.570926E+074 2.150400E+004, Fri Sep 04 23:03:46 2015
1.80, 0.00, 0.54, 0.00 , 3.295303E-007, -3.297200E-007, 3.166701E-012, -8.724930E-014, 2.150400E+004 1.570926E+074 2.150400E+004, Fri Sep 04 23:03:49 2015
1.80, 0.00, 0.56, 0.00 , 5.624730E-007, -5.624540E-007, 1.788240E-011, -8.801220E-014, 2.150400E+004 1.570926E+074 2.150400E+004, Fri Sep 04 23:03:53 2015
1.80, 0.00, 0.58, 0.00 , 9.234689E-007, -9.223240E-007, 2.161374E-011, -8.518700E-014, 2.150400E+004 1.570926E+074 2.150400E+004, Fri Sep 04 23:03:56 2015
1.80, 0.00, 0.60, 0.00 , 1.457621E-006, -1.457500E-006, -1.138133E-011, -9.403230E-014, 2.150400E+004 1.570926E+074 2.150400E+004, Fri Sep 04 23:04:00 2015
1.80, 0.00, 0.62, 0.00 , 2.217937E-006, -2.216870E-006, 3.146612E-011, -8.554460E-014, 2.150400E+004 1.570926E+074 2.150400E+004, Fri Sep 04 23:04:03 2015
1.80, 0.00, 0.64, 0.00 , 3.248582E-006, -3.249260E-006, 4.534336E-011, -9.958740E-014, 2.150400E+004 1.570926E+074 2.150400E+004, Fri Sep 04 23:04:07 2015
1.80, 0.00, 0.66, 0.00 , 4.596358E-006, -4.597910E-006, 5.339298E-011, -1.101850E-013, 2.150400E+004 1.570926E+074 2.150400E+004, Fri Sep 04 23:04:11 2015
1.80, 0.00, 0.68, 0.00 , 6.301828E-006, -6.300100E-006, 6.286805E-011, -8.220670E-014, 2.150400E+004 1.570926E+074 2.150400E+004, Fri Sep 04 23:04:14 2015
1.80, 0.00, 0.70, 0.00 , 8.393129E-006, -8.394170E-006, 6.680899E-011, -7.991790E-014, 2.150400E+004 1.570926E+074 2.150400E+004, Fri Sep 04 23:04:18 2015
1.80, 0.00, 0.72, 0.00 , 1.090462E-005, -1.091060E-005, 7.041462E-011, -8.625980E-014, 2.150400E+004 1.570926E+074 2.150400E+004, Fri Sep 04 23:04:21 2015
1.80, 0.00, 0.74, 0.00 , 1.386641E-005, -1.387120E-005, 8.831658E-011, -1.028660E-013, 2.150400E+004 1.570926E+074 2.150400E+004, Fri Sep 04 23:04:25 2015
1.80, 0.00, 0.76, 0.00 , 1.728086E-005, -1.728140E-005, 9.485691E-011, -8.473400E-014, 2.150400E+004 1.570926E+074 2.150400E+004, Fri Sep 04 23:04:28 2015
1.80, 0.00, 0.78, 0.00 , 2.117494E-005, -2.117520E-005, 1.070990E-010, -1.153110E-013, 2.150400E+004 1.570926E+074 2.150400E+004, Fri Sep 04 23:04:32 2015
1.80, 0.00, 0.80, 0.00 , 2.553697E-005, -2.554000E-005, 1.150229E-010, -1.022580E-013, 2.150400E+004 1.570926E+074 2.150400E+004, Fri Sep 04 23:04:36 2015
1.80, 0.00, 0.82, 0.00 , 3.039193E-005, -3.040300E-005, 1.253364E-010, -8.250470E-014, 2.150400E+004 1.570926E+074 2.150400E+004, Fri Sep 04 23:04:39 2015
1.80, 0.00, 0.84, 0.00 , 3.574684E-005, -3.574160E-005, 1.343923E-010, -7.790330E-014, 2.150400E+004 1.570926E+074 2.150400E+004, Fri Sep 04 23:04:43 2015
1.80, 0.00, 0.86, 0.00 , 4.156870E-005, -4.156780E-005, 1.233241E-010, -9.430650E-014, 2.150400E+004 1.570926E+074 2.150400E+004, Fri Sep 04 23:04:46 2015
1.80, 0.00, 0.88, 0.00 , 4.788068E-005, -4.788770E-005, 1.255041E-010, -9.391310E-014, 2.150400E+004 1.570926E+074 2.150400E+004, Fri Sep 04 23:04:50 2015
1.80, 0.00, 0.90, 0.00 , 5.467724E-005, -5.467380E-005, 1.339310E-010, -6.743670E-014, 2.150400E+004 1.570926E+074 2.150400E+004, Fri Sep 04 23:04:53 2015
1.80, 0.00, 0.92, 0.00 , 6.194638E-005, -6.193460E-005, 1.382074E-010, -1.013400E-013, 2.150400E+004 1.570926E+074 2.150400E+004, Fri Sep 04 23:04:57 2015
1.80, 0.00, 0.94, 0.00 , 6.970559E-005, -6.969300E-005, 1.448735E-010, -9.132620E-014, 2.150400E+004 1.570926E+074 2.150400E+004, Fri Sep 04 23:05:00 2015
1.80, 0.00, 0.96, 0.00 , 7.794774E-005, -7.793230E-005, 1.530490E-010, -8.593800E-014, 2.150400E+004 1.570926E+074 2.150400E+004, Fri Sep 04 23:05:04 2015
1.80, 0.00, 0.98, 0.00 , 8.661225E-005, -8.659880E-005, 1.621885E-010, -9.409190E-014, 2.150400E+004 1.570926E+074 2.150400E+004, Fri Sep 04 23:05:08 2015
1.80, 0.00, 1.00, 0.00 , 9.577167E-005, -9.574900E-005, 1.731311E-010, -1.057390E-013, 2.150400E+004 1.570926E+074 2.150400E+004, Fri Sep 04 23:05:11 2015
1.80, 0.00, 1.02, 0.00 , 1.053658E-004, -1.053660E-004, 1.781202E-010, -8.295770E-014, 2.150400E+004 1.570926E+074 2.150400E+004, Fri Sep 04 23:05:15 2015
1.80, 0.00, 1.04, 0.00 , 1.154055E-004, -1.153970E-004, 1.839895E-010, -9.847880E-014, 2.150400E+004 1.570926E+074 2.150400E+004, Fri Sep 04 23:05:18 2015
1.80, 0.00, 1.06, 0.00 , 1.258421E-004, -1.258110E-004, 1.915362E-010, -8.649830E-014, 2.150400E+004 1.570926E+074 2.150400E+004, Fri Sep 04 23:05:22 2015
1.80, 0.00, 1.08, 0.00 , 1.367108E-004, -1.367120E-004, 2.030236E-010, -8.379220E-014, 2.150400E+004 1.570926E+074 2.150400E+004, Fri Sep 04 23:05:26 2015
1.80, 0.00, 1.10, 0.00 , 1.479835E-004, -1.479870E-004, 2.124149E-010, -8.993150E-014, 2.150400E+004 1.570926E+074 2.150400E+004, Fri Sep 04 23:05:29 2015
1.80, 0.00, 1.12, 0.00 , 1.596836E-004, -1.596620E-004, 2.170687E-010, -9.187460E-014, 2.150400E+004 1.570926E+074 2.150400E+004, Fri Sep 04 23:05:33 2015
1.80, 0.00, 1.14, 0.00 , 1.717376E-004, -1.717290E-004, 2.254536E-010, -9.323360E-014, 2.150400E+004 1.570926E+074 2.150400E+004, Fri Sep 04 23:05:36 2015
1.80, 0.00, 1.16, 0.00 , 1.841733E-004, -1.841610E-004, 2.300235E-010, -6.306170E-014, 2.150400E+004 1.570926E+074 2.150400E+004, Fri Sep 04 23:05:40 2015
1.80, 0.00, 1.18, 0.00 , 1.970021E-004, -1.969900E-004, 2.405465E-010, -9.143350E-014, 2.150400E+004 1.570926E+074 2.150400E+004, Fri Sep 04 23:05:43 2015
1.80, 0.00, 1.20, 0.00 , 2.101671E-004, -2.101420E-004, 2.465836E-010, -8.428100E-014, 2.150400E+004 1.570926E+074 2.150400E+004, Fri Sep 04 23:05:47 2015
1.80, 0.00, 1.22, 0.00 , 2.236741E-004, -2.236430E-004, 2.518665E-010, -9.405610E-014, 2.150400E+004 1.570926E+074 2.150400E+004, Fri Sep 04 23:05:50 2015
1.80, 0.00, 1.24, 0.00 , 2.375093E-004, -2.375100E-004, 2.558072E-010, -9.787080E-014, 2.150400E+004 1.570926E+074 2.150400E+004, Fri Sep 04 23:05:54 2015
1.80, 0.00, 1.26, 0.00 , 2.517301E-004, -2.517050E-004, 2.597904E-010, -1.004100E-013, 2.150400E+004 1.570926E+074 2.150400E+004, Fri Sep 04 23:05:57 2015
1.80, 0.00, 1.28, 0.00 , 2.662386E-004, -2.662150E-004, 2.645276E-010, -1.042960E-013, 2.150400E+004 1.570926E+074 2.150400E+004, Fri Sep 04 23:06:01 2015
1.80, 0.00, 1.30, 0.00 , 2.810677E-004, -2.810410E-004, 2.754701E-010, -9.762050E-014, 2.150400E+004 1.570926E+074 2.150400E+004, Fri Sep 04 23:06:05 2015
1.80, 0.00, 1.32, 0.00 , 2.961958E-004, -2.961700E-004, 2.790337E-010, -7.826090E-014, 2.150400E+004 1.570926E+074 2.150400E+004, Fri Sep 04 23:06:08 2015
1.80, 0.00, 1.34, 0.00 , 3.116391E-004, -3.116170E-004, 2.874610E-010, -8.471010E-014, 2.150400E+004 1.570926E+074 2.150400E+004, Fri Sep 04 23:06:12 2015
1.80, 0.00, 1.36, 0.00 , 3.273666E-004, -3.273460E-004, 2.937495E-010, -1.065850E-013, 2.150400E+004 1.570926E+074 2.150400E+004, Fri Sep 04 23:06:15 2015
1.80, 0.00, 1.38, 0.00 , 3.433545E-004, -3.433000E-004, 2.927015E-010, -9.024140E-014, 2.150400E+004 1.570926E+074 2.150400E+004, Fri Sep 04 23:06:19 2015
1.80, 0.00, 1.40, 0.00 , 3.596161E-004, -3.595990E-004, 2.985290E-010, -8.914470E-014, 2.150400E+004 1.570926E+074 2.150400E+004, Fri Sep 04 23:06:22 2015
1.80, 0.00, 1.42, 0.00 , 3.761299E-004, -3.760990E-004, 3.103102E-010, -9.255410E-014, 2.150400E+004 1.570926E+074 2.150400E+004, Fri Sep 04 23:06:26 2015
1.80, 0.00, 1.44, 0.00 , 3.928785E-004, -3.928420E-004, 3.131188E-010, -9.249450E-014, 2.150400E+004 1.570926E+074 2.150400E+004, Fri Sep 04 23:06:29 2015
1.80, 0.00, 1.46, 0.00 , 4.098769E-004, -4.098150E-004, 3.126578E-010, -9.930130E-014, 2.150400E+004 1.570926E+074 2.150400E+004, Fri Sep 04 23:06:33 2015
1.80, 0.00, 1.48, 0.00 , 4.271277E-004, -4.270760E-004, 3.210847E-010, -8.776190E-014, 2.150400E+004 1.570926E+074 2.150400E+004, Fri Sep 04 23:06:37 2015
1.80, 0.00, 1.50, 0.00 , 4.445918E-004, -4.445360E-004, 3.241031E-010, -8.872750E-014, 2.150400E+004 1.570926E+074 2.150400E+004, Fri Sep 04 23:06:40 2015
1.80, 0.00, 1.52, 0.00 , 4.622785E-004, -4.622410E-004, 3.276669E-010, -7.448200E-014, 2.150400E+004 1.570926E+074 2.150400E+004, Fri Sep 04 23:06:44 2015
1.80, 0.00, 1.54, 0.00 , 4.801619E-004, -4.801170E-004, 3.316500E-010, -8.367300E-014, 2.150400E+004 1.570926E+074 2.150400E+004, Fri Sep 04 23:06:47 2015
1.80, 0.00, 1.56, 0.00 , 4.983006E-004, -4.982460E-004, 3.361357E-010, -8.629560E-014, 2.150400E+004 1.570926E+074 2.150400E+004, Fri Sep 04 23:06:51 2015
1.80, 0.00, 1.58, 0.00 , 5.166361E-004, -5.165720E-004, 3.405799E-010, -8.449550E-014, 2.150400E+004 1.570926E+074 2.150400E+004, Fri Sep 04 23:06:54 2015
1.80, 0.00, 1.60, 0.00 , 5.351746E-004, -5.351360E-004, 3.485875E-010, -8.244510E-014, 2.150400E+004 1.570926E+074 2.150400E+004, Fri Sep 04 23:06:58 2015
1.80, 0.00, 1.62, 0.00 , 5.538870E-004, -5.538510E-004, 3.602427E-010, -9.139780E-014, 2.150400E+004 1.570926E+074 2.150400E+004, Fri Sep 04 23:07:01 2015
1.80, 0.00, 1.64, 0.00 , 5.728013E-004, -5.727490E-004, 3.635966E-010, -8.605720E-014, 2.150400E+004 1.570926E+074 2.150400E+004, Fri Sep 04 23:07:05 2015
1.80, 0.00, 1.66, 0.00 , 5.918843E-004, -5.918340E-004, 3.700113E-010, -8.234980E-014, 2.150400E+004 1.570926E+074 2.150400E+004, Fri Sep 04 23:07:08 2015
1.80, 0.00, 1.68, 0.00 , 6.111530E-004, -6.110610E-004, 3.849785E-010, -9.071830E-014, 2.150400E+004 1.570926E+074 2.150400E+004, Fri Sep 04 23:07:12 2015
1.80, 0.00, 1.70, 0.00 , 6.304984E-004, -6.304400E-004, 3.950825E-010, -7.338520E-014, 2.150400E+004 1.570926E+074 2.150400E+004, Fri Sep 04 23:07:16 2015
1.80, 0.00, 1.72, 0.00 , 6.500186E-004, -6.499810E-004, 4.033835E-010, -9.678600E-014, 2.150400E+004 1.570926E+074 2.150400E+004, Fri Sep 04 23:07:19 2015
1.80, 0.00, 1.74, 0.00 , 6.696925E-004, -6.696560E-004, 4.051025E-010, -7.597210E-014, 2.150400E+004 1.570926E+074 2.150400E+004, Fri Sep 04 23:07:23 2015
1.80, 0.00, 1.76, 0.00 , 6.895435E-004, -6.894710E-004, 4.088337E-010, -8.500810E-014, 2.150400E+004 1.570926E+074 2.150400E+004, Fri Sep 04 23:07:26 2015
1.80, 0.00, 1.78, 0.00 , 7.095446E-004, -7.094540E-004, 4.151645E-010, -8.928780E-014, 2.150400E+004 1.570926E+074 2.150400E+004, Fri Sep 04 23:07:30 2015
1.80, 0.00, 1.80, 0.00 , 7.296460E-004, -7.295630E-004, 4.269037E-010, -9.154080E-014, 2.150400E+004 1.570926E+074 2.150400E+004, Fri Sep 04 23:07:33 2015
1.80, 0.00, 1.82, 0.00 , 7.498447E-004, -7.497830E-004, 4.273229E-010, -7.504220E-014, 2.150400E+004 1.570926E+074 2.150400E+004, Fri Sep 04 23:07:37 2015
1.80, 0.00, 1.84, 0.00 , 7.701238E-004, -7.700250E-004, 4.281193E-010, -7.542370E-014, 2.150400E+004 1.570926E+074 2.150400E+004, Fri Sep 04 23:07:40 2015
1.80, 0.00, 1.86, 0.00 , 7.906256E-004, -7.905490E-004, 4.285806E-010, -9.005070E-014, 2.150400E+004 1.570926E+074 2.150400E+004, Fri Sep 04 23:07:44 2015
1.80, 0.00, 1.88, 0.00 , 8.113057E-004, -8.112170E-004, 4.226691E-010, -1.194120E-013, 2.150400E+004 1.570926E+074 2.150400E+004, Fri Sep 04 23:07:48 2015
1.80, 0.00, 1.90, 0.00 , 8.321195E-004, -8.320410E-004, 4.280352E-010, -7.776020E-014, 2.150400E+004 1.570926E+074 2.150400E+004, Fri Sep 04 23:07:51 2015
1.80, 0.00, 1.92, 0.00 , 8.529597E-004, -8.528700E-004, 5.006917E-010, -9.589200E-014, 2.150400E+004 1.570926E+074 2.150400E+004, Fri Sep 04 23:07:55 2015
1.80, 0.00, 1.94, 0.00 , 8.738936E-004, -8.737910E-004, 4.617430E-010, -9.834770E-014, 2.150400E+004 1.570926E+074 2.150400E+004, Fri Sep 04 23:07:58 2015
1.80, 0.00, 1.96, 0.00 , 8.946107E-004, -8.941800E-004, 4.652650E-010, -8.990760E-014, 2.150400E+004 1.570926E+074 2.150400E+004, Fri Sep 04 23:08:02 2015
1.80, 0.00, 1.98, 0.00 , 9.159396E-004, -9.157910E-004, 4.620366E-010, -7.456540E-014, 2.150400E+004 1.570926E+074 2.150400E+004, Fri Sep 04 23:08:05 2015
1.80, 0.00, 2.00, 0.00 , 9.371479E-004, -9.370410E-004, 4.612402E-010, -8.943080E-014, 2.150400E+004 1.570926E+074 2.150400E+004, Fri Sep 04 23:08:09 2015
