1.80, 1.80, 0.20, 1.80 , 2.771764E-010, -1.537630E-010, -4.903251E-011, 2.620980E-011, 2.150400E+004 1.570926E+074 2.150400E+004, Sun Aug 23 08:36:07 2015
1.75, 1.80, 0.20, 1.80 , -6.173534E-007, 6.179740E-007, -4.995493E-011, 2.615350E-011, 2.150400E+004 1.570926E+074 2.150400E+004, Sun Aug 23 08:36:12 2015
1.70, 1.80, 0.20, 1.80 , -1.742734E-006, 1.743300E-006, -4.953564E-011, 2.590880E-011, 2.150400E+004 1.570926E+074 2.150400E+004, Sun Aug 23 08:36:16 2015
1.65, 1.80, 0.20, 1.80 , -2.933515E-006, 2.933970E-006, -4.869708E-011, 2.604100E-011, 2.150400E+004 1.570926E+074 2.150400E+004, Sun Aug 23 08:36:19 2015
1.60, 1.80, 0.20, 1.80 , -4.078435E-006, 4.078610E-006, -4.907444E-011, 2.593940E-011, 2.150400E+004 1.570926E+074 2.150400E+004, Sun Aug 23 08:36:23 2015
1.55, 1.80, 0.20, 1.80 , -5.137143E-006, 5.136710E-006, -4.815199E-011, 2.612750E-011, 2.150400E+004 1.570926E+074 2.150400E+004, Sun Aug 23 08:36:27 2015
1.50, 1.80, 0.20, 1.80 , -6.086962E-006, 6.085930E-006, -4.794235E-011, 2.601400E-011, 2.150400E+004 1.570926E+074 2.150400E+004, Sun Aug 23 08:36:30 2015
1.45, 1.80, 0.20, 1.80 , -6.920131E-006, 6.918760E-006, -4.987106E-011, 2.606620E-011, 2.150400E+004 1.570926E+074 2.150400E+004, Sun Aug 23 08:36:34 2015
1.40, 1.80, 0.20, 1.80 , -7.623501E-006, 7.622110E-006, -4.769078E-011, 2.631710E-011, 2.150400E+004 1.570926E+074 2.150400E+004, Sun Aug 23 08:36:37 2015
1.35, 1.80, 0.20, 1.80 , -8.200994E-006, 8.198890E-006, -4.706183E-011, 2.621610E-011, 2.150400E+004 1.570926E+074 2.150400E+004, Sun Aug 23 08:36:41 2015
1.30, 1.80, 0.20, 1.80 , -8.661737E-006, 8.660020E-006, -4.639098E-011, 2.635310E-011, 2.150400E+004 1.570926E+074 2.150400E+004, Sun Aug 23 08:36:44 2015
1.25, 1.80, 0.20, 1.80 , -9.011971E-006, 9.009690E-006, -4.714569E-011, 2.626050E-011, 2.150400E+004 1.570926E+074 2.150400E+004, Sun Aug 23 08:36:48 2015
1.20, 1.80, 0.20, 1.80 , -9.263591E-006, 9.261130E-006, -4.727148E-011, 2.635590E-011, 2.150400E+004 1.570926E+074 2.150400E+004, Sun Aug 23 08:36:51 2015
1.15, 1.80, 0.20, 1.80 , -9.430773E-006, 9.428700E-006, -4.597169E-011, 2.659100E-011, 2.150400E+004 1.570926E+074 2.150400E+004, Sun Aug 23 08:36:55 2015
1.10, 1.80, 0.20, 1.80 , -9.528000E-006, 9.526370E-006, -4.739726E-011, 2.642560E-011, 2.150400E+004 1.570926E+074 2.150400E+004, Sun Aug 23 08:36:58 2015
1.05, 1.80, 0.20, 1.80 , -9.570638E-006, 9.569680E-006, -4.714569E-011, 2.657910E-011, 2.150400E+004 1.570926E+074 2.150400E+004, Sun Aug 23 08:37:02 2015
1.00, 1.80, 0.20, 1.80 , -9.581711E-006, 9.580500E-006, -4.831970E-011, 2.648350E-011, 2.150400E+004 1.570926E+074 2.150400E+004, Sun Aug 23 08:37:05 2015
0.95, 1.80, 0.20, 1.80 , -9.576784E-006, 9.576170E-006, -4.622326E-011, 2.657890E-011, 2.150400E+004 1.570926E+074 2.150400E+004, Sun Aug 23 08:37:09 2015
0.90, 1.80, 0.20, 1.80 , -9.568226E-006, 9.567160E-006, -4.672641E-011, 2.671380E-011, 2.150400E+004 1.570926E+074 2.150400E+004, Sun Aug 23 08:37:13 2015
0.85, 1.80, 0.20, 1.80 , -9.557672E-006, 9.557390E-006, -4.509116E-011, 2.667880E-011, 2.150400E+004 1.570926E+074 2.150400E+004, Sun Aug 23 08:37:16 2015
0.80, 1.80, 0.20, 1.80 , -9.548445E-006, 9.548000E-006, -4.567819E-011, 2.676270E-011, 2.150400E+004 1.570926E+074 2.150400E+004, Sun Aug 23 08:37:20 2015
0.75, 1.80, 0.20, 1.80 , -9.542138E-006, 9.541570E-006, -4.446224E-011, 2.682270E-011, 2.150400E+004 1.570926E+074 2.150400E+004, Sun Aug 23 08:37:23 2015
0.70, 1.80, 0.20, 1.80 , -9.537275E-006, 9.537590E-006, -4.450416E-011, 2.682090E-011, 2.150400E+004 1.570926E+074 2.150400E+004, Sun Aug 23 08:37:27 2015
0.65, 1.80, 0.20, 1.80 , -9.533366E-006, 9.533320E-006, -4.551046E-011, 2.689530E-011, 2.150400E+004 1.570926E+074 2.150400E+004, Sun Aug 23 08:37:30 2015
0.60, 1.80, 0.20, 1.80 , -9.530825E-006, 9.530990E-006, -4.584590E-011, 2.691710E-011, 2.150400E+004 1.570926E+074 2.150400E+004, Sun Aug 23 08:37:34 2015
0.55, 1.80, 0.20, 1.80 , -9.529627E-006, 9.529480E-006, -4.341402E-011, 2.699070E-011, 2.150400E+004 1.570926E+074 2.150400E+004, Sun Aug 23 08:37:37 2015
0.50, 1.80, 0.20, 1.80 , -9.527214E-006, 9.527500E-006, -4.391716E-011, 2.706600E-011, 2.150400E+004 1.570926E+074 2.150400E+004, Sun Aug 23 08:37:41 2015
0.45, 1.80, 0.20, 1.80 , -9.525847E-006, 9.525790E-006, -4.462996E-011, 2.706320E-011, 2.150400E+004 1.570926E+074 2.150400E+004, Sun Aug 23 08:37:44 2015
0.40, 1.80, 0.20, 1.80 , -9.523940E-006, 9.523120E-006, -4.362366E-011, 2.714540E-011, 2.150400E+004 1.570926E+074 2.150400E+004, Sun Aug 23 08:37:48 2015
0.35, 1.80, 0.20, 1.80 , -9.521877E-006, 9.521820E-006, -4.592977E-011, 2.721120E-011, 2.150400E+004 1.570926E+074 2.150400E+004, Sun Aug 23 08:37:52 2015
0.30, 1.80, 0.20, 1.80 , -9.519982E-006, 9.520020E-006, -4.421068E-011, 2.721220E-011, 2.150400E+004 1.570926E+074 2.150400E+004, Sun Aug 23 08:37:55 2015
0.25, 1.80, 0.20, 1.80 , -9.519345E-006, 9.519120E-006, -4.483961E-011, 2.738620E-011, 2.150400E+004 1.570926E+074 2.150400E+004, Sun Aug 23 08:37:59 2015
0.20, 1.80, 0.20, 1.80 , -9.518079E-006, 9.518440E-006, -4.391717E-011, 2.735590E-011, 2.150400E+004 1.570926E+074 2.150400E+004, Sun Aug 23 08:38:02 2015
0.15, 1.80, 0.20, 1.80 , -9.520085E-006, 9.520570E-006, -4.387525E-011, 2.736950E-011, 2.150400E+004 1.570926E+074 2.150400E+004, Sun Aug 23 08:38:06 2015
0.10, 1.80, 0.20, 1.80 , -9.527525E-006, 9.527740E-006, -4.282702E-011, 2.752010E-011, 2.150400E+004 1.570926E+074 2.150400E+004, Sun Aug 23 08:38:09 2015
0.05, 1.80, 0.20, 1.80 , -9.553710E-006, 9.555490E-006, -4.442034E-011, 2.747370E-011, 2.150400E+004 1.570926E+074 2.150400E+004, Sun Aug 23 08:38:13 2015
0.00, 1.80, 0.20, 1.80 , -9.622507E-006, 9.625390E-006, -4.173687E-011, 2.771190E-011, 2.150400E+004 1.570926E+074 2.150400E+004, Sun Aug 23 08:38:16 2015
-0.05, 1.80, 0.20, 1.80 , -9.773454E-006, 9.780070E-006, -4.450417E-011, 2.769250E-011, 2.150400E+004 1.570926E+074 2.150400E+004, Sun Aug 23 08:38:20 2015
-0.10, 1.80, 0.20, 1.80 , -1.001040E-005, 1.001540E-005, -4.265932E-011, 2.778320E-011, 2.150400E+004 1.570926E+074 2.150400E+004, Sun Aug 23 08:38:23 2015
-0.15, 1.80, 0.20, 1.80 , -1.025403E-005, 1.025040E-005, -4.337209E-011, 2.805820E-011, 2.150400E+004 1.570926E+074 2.150400E+004, Sun Aug 23 08:38:27 2015
-0.20, 1.80, 0.20, 1.80 , -1.041239E-005, 1.041550E-005, -4.530083E-011, 2.793240E-011, 2.150400E+004 1.570926E+074 2.150400E+004, Sun Aug 23 08:38:31 2015
