1.80, 1.80, 0.60, 1.80 , 2.408575E-009, -5.011550E-010, -6.842160E-010, 8.874860E-011, 2.150400E+004 1.570926E+074 2.150400E+004, Sun Aug 16 21:29:01 2015
1.75, 1.80, 0.60, 1.80 , -4.127602E-007, 4.142270E-007, -6.457250E-010, 1.864610E-010, 2.150400E+004 1.570926E+074 2.150400E+004, Sun Aug 16 21:29:07 2015
1.70, 1.80, 0.60, 1.80 , -7.690062E-007, 7.703420E-007, -6.588487E-010, 2.805160E-010, 2.150400E+004 1.570926E+074 2.150400E+004, Sun Aug 16 21:29:10 2015
1.65, 1.80, 0.60, 1.80 , -1.065007E-006, 1.067100E-006, -6.230416E-010, 3.679650E-010, 2.150400E+004 1.570926E+074 2.150400E+004, Sun Aug 16 21:29:14 2015
1.60, 1.80, 0.60, 1.80 , -1.303626E-006, 1.304030E-006, -6.199808E-010, 4.500100E-010, 2.150400E+004 1.570926E+074 2.150400E+004, Sun Aug 16 21:29:17 2015
1.55, 1.80, 0.60, 1.80 , -1.488982E-006, 1.490720E-006, -5.596030E-010, 5.282590E-010, 2.150400E+004 1.570926E+074 2.150400E+004, Sun Aug 16 21:29:20 2015
1.50, 1.80, 0.60, 1.80 , -1.619403E-006, 1.620880E-006, -5.266881E-010, 5.982420E-010, 2.150400E+004 1.570926E+074 2.150400E+004, Sun Aug 16 21:29:23 2015
1.45, 1.80, 0.60, 1.80 , -1.706535E-006, 1.706630E-006, -5.094136E-010, 6.728690E-010, 2.150400E+004 1.570926E+074 2.150400E+004, Sun Aug 16 21:29:27 2015
1.40, 1.80, 0.60, 1.80 , -1.755854E-006, 1.755610E-006, -4.707549E-010, 7.423470E-010, 2.150400E+004 1.570926E+074 2.150400E+004, Sun Aug 16 21:29:30 2015
1.35, 1.80, 0.60, 1.80 , -1.784229E-006, 1.783490E-006, -4.588896E-010, 7.999850E-010, 2.150400E+004 1.570926E+074 2.150400E+004, Sun Aug 16 21:29:33 2015
1.30, 1.80, 0.60, 1.80 , -1.796664E-006, 1.796520E-006, -4.575481E-010, 8.625290E-010, 2.150400E+004 1.570926E+074 2.150400E+004, Sun Aug 16 21:29:36 2015
1.25, 1.80, 0.60, 1.80 , -1.800466E-006, 1.800010E-006, -4.170023E-010, 9.135800E-010, 2.150400E+004 1.570926E+074 2.150400E+004, Sun Aug 16 21:29:40 2015
1.20, 1.80, 0.60, 1.80 , -1.805172E-006, 1.805670E-006, -3.981759E-010, 9.574290E-010, 2.150400E+004 1.570926E+074 2.150400E+004, Sun Aug 16 21:29:43 2015
1.15, 1.80, 0.60, 1.80 , -1.803612E-006, 1.804120E-006, -3.831658E-010, 9.861330E-010, 2.150400E+004 1.570926E+074 2.150400E+004, Sun Aug 16 21:29:46 2015
1.10, 1.80, 0.60, 1.80 , -1.807438E-006, 1.805120E-006, -3.461840E-010, 1.022330E-009, 2.150400E+004 1.570926E+074 2.150400E+004, Sun Aug 16 21:29:50 2015
1.05, 1.80, 0.60, 1.80 , -1.807478E-006, 1.806470E-006, -3.450101E-010, 1.081840E-009, 2.150400E+004 1.570926E+074 2.150400E+004, Sun Aug 16 21:29:52 2015
1.00, 1.80, 0.60, 1.80 , -1.806806E-006, 1.806580E-006, -3.116765E-010, 1.124880E-009, 2.150400E+004 1.570926E+074 2.150400E+004, Sun Aug 16 21:29:54 2015
0.95, 1.80, 0.60, 1.80 , -1.807059E-006, 1.805610E-006, -2.807747E-010, 1.164770E-009, 2.150400E+004 1.570926E+074 2.150400E+004, Sun Aug 16 21:29:57 2015
0.90, 1.80, 0.60, 1.80 , -1.803714E-006, 1.805830E-006, -2.453446E-010, 1.200970E-009, 2.150400E+004 1.570926E+074 2.150400E+004, Sun Aug 16 21:29:59 2015
0.85, 1.80, 0.60, 1.80 , -1.807411E-006, 1.807940E-006, -2.462248E-010, 1.221940E-009, 2.150400E+004 1.570926E+074 2.150400E+004, Sun Aug 16 21:30:02 2015
0.80, 1.80, 0.60, 1.80 , -1.807671E-006, 1.806730E-006, -2.207321E-010, 1.268630E-009, 2.150400E+004 1.570926E+074 2.150400E+004, Sun Aug 16 21:30:04 2015
0.75, 1.80, 0.60, 1.80 , -1.808401E-006, 1.807910E-006, -2.120528E-010, 1.309660E-009, 2.150400E+004 1.570926E+074 2.150400E+004, Sun Aug 16 21:30:07 2015
0.70, 1.80, 0.60, 1.80 , -1.807791E-006, 1.804600E-006, -1.761616E-010, 1.361370E-009, 2.150400E+004 1.570926E+074 2.150400E+004, Sun Aug 16 21:30:09 2015
0.65, 1.80, 0.60, 1.80 , -1.809754E-006, 1.810290E-006, -1.784255E-010, 1.419200E-009, 2.150400E+004 1.570926E+074 2.150400E+004, Sun Aug 16 21:30:12 2015
0.60, 1.80, 0.60, 1.80 , -1.812290E-006, 1.808790E-006, -1.571257E-010, 1.473400E-009, 2.150400E+004 1.570926E+074 2.150400E+004, Sun Aug 16 21:30:14 2015
0.55, 1.80, 0.60, 1.80 , -1.809396E-006, 1.810400E-006, -1.417796E-010, 1.505960E-009, 2.150400E+004 1.570926E+074 2.150400E+004, Sun Aug 16 21:30:17 2015
0.50, 1.80, 0.60, 1.80 , -1.810238E-006, 1.808400E-006, -1.237922E-010, 1.563120E-009, 2.150400E+004 1.570926E+074 2.150400E+004, Sun Aug 16 21:30:20 2015
0.45, 1.80, 0.60, 1.80 , -1.810127E-006, 1.806940E-006, -1.022405E-010, 1.623410E-009, 2.150400E+004 1.570926E+074 2.150400E+004, Sun Aug 16 21:30:22 2015
0.40, 1.80, 0.60, 1.80 , -1.810166E-006, 1.807270E-006, -9.595111E-011, 1.681600E-009, 2.150400E+004 1.570926E+074 2.150400E+004, Sun Aug 16 21:30:24 2015
0.35, 1.80, 0.60, 1.80 , -1.811953E-006, 1.807880E-006, -9.519651E-011, 1.750840E-009, 2.150400E+004 1.570926E+074 2.150400E+004, Sun Aug 16 21:30:27 2015
0.30, 1.80, 0.60, 1.80 , -1.811724E-006, 1.808840E-006, -1.009827E-010, 1.786490E-009, 2.150400E+004 1.570926E+074 2.150400E+004, Sun Aug 16 21:30:29 2015
0.25, 1.80, 0.60, 1.80 , -1.810918E-006, 1.810860E-006, -1.007730E-010, 1.833000E-009, 2.150400E+004 1.570926E+074 2.150400E+004, Sun Aug 16 21:30:32 2015
0.20, 1.80, 0.60, 1.80 , -1.812436E-006, 1.810770E-006, -1.050917E-010, 1.891060E-009, 2.150400E+004 1.570926E+074 2.150400E+004, Sun Aug 16 21:30:34 2015
0.15, 1.80, 0.60, 1.80 , -1.813456E-006, 1.812490E-006, -1.008569E-010, 1.982270E-009, 2.150400E+004 1.570926E+074 2.150400E+004, Sun Aug 16 21:30:37 2015
0.10, 1.80, 0.60, 1.80 , -1.813321E-006, 1.810710E-006, -8.987144E-011, 2.020740E-009, 2.150400E+004 1.570926E+074 2.150400E+004, Sun Aug 16 21:30:39 2015
0.05, 1.80, 0.60, 1.80 , -1.813345E-006, 1.812030E-006, -8.911679E-011, 2.067920E-009, 2.150400E+004 1.570926E+074 2.150400E+004, Sun Aug 16 21:30:41 2015
0.00, 1.80, 0.60, 1.80 , -1.814054E-006, 1.813640E-006, -8.743953E-011, 2.178030E-009, 2.150400E+004 1.570926E+074 2.150400E+004, Sun Aug 16 21:30:44 2015
-0.05, 1.80, 0.60, 1.80 , -1.811960E-006, 1.812340E-006, -8.932637E-011, 2.239370E-009, 2.150400E+004 1.570926E+074 2.150400E+004, Sun Aug 16 21:30:46 2015
-0.10, 1.80, 0.60, 1.80 , -1.813194E-006, 1.813770E-006, -9.494488E-011, 2.310740E-009, 2.150400E+004 1.570926E+074 2.150400E+004, Sun Aug 16 21:30:49 2015
-0.15, 1.80, 0.60, 1.80 , -1.813739E-006, 1.809970E-006, -8.915865E-011, 2.331970E-009, 2.150400E+004 1.570926E+074 2.150400E+004, Sun Aug 16 21:30:51 2015
-0.20, 1.80, 0.60, 1.80 , -1.812919E-006, 1.811870E-006, -9.087774E-011, 2.420560E-009, 2.150400E+004 1.570926E+074 2.150400E+004, Sun Aug 16 21:30:54 2015
