1.80, 1.80, -0.20, 1.80 , 9.071348E-009, -5.420380E-009, -3.715893E-009, 3.754670E-010, 2.150400E+004 1.570926E+074 2.150400E+004, Sun Aug 16 21:33:01 2015
1.75, 1.80, -0.20, 1.80 , -1.199755E-006, 1.203740E-006, -3.671869E-009, 5.585090E-010, 2.150400E+004 1.570926E+074 2.150400E+004, Sun Aug 16 21:33:05 2015
1.70, 1.80, -0.20, 1.80 , -2.362530E-006, 2.365040E-006, -3.613042E-009, 6.991670E-010, 2.150400E+004 1.570926E+074 2.150400E+004, Sun Aug 16 21:33:08 2015
1.65, 1.80, -0.20, 1.80 , -3.474082E-006, 3.477140E-006, -3.541009E-009, 8.245150E-010, 2.150400E+004 1.570926E+074 2.150400E+004, Sun Aug 16 21:33:11 2015
1.60, 1.80, -0.20, 1.80 , -4.538328E-006, 4.539850E-006, -3.396185E-009, 9.175480E-010, 2.150400E+004 1.570926E+074 2.150400E+004, Sun Aug 16 21:33:14 2015
1.55, 1.80, -0.20, 1.80 , -5.554042E-006, 5.555450E-006, -3.316736E-009, 1.027820E-009, 2.150400E+004 1.570926E+074 2.150400E+004, Sun Aug 16 21:33:18 2015
1.50, 1.80, -0.20, 1.80 , -6.524800E-006, 6.525910E-006, -3.187258E-009, 1.091850E-009, 2.150400E+004 1.570926E+074 2.150400E+004, Sun Aug 16 21:33:20 2015
1.45, 1.80, -0.20, 1.80 , -7.448209E-006, 7.449760E-006, -3.070906E-009, 1.203270E-009, 2.150400E+004 1.570926E+074 2.150400E+004, Sun Aug 16 21:33:23 2015
1.40, 1.80, -0.20, 1.80 , -8.317610E-006, 8.320270E-006, -3.198366E-009, 1.302880E-009, 2.150400E+004 1.570926E+074 2.150400E+004, Sun Aug 16 21:33:25 2015
1.35, 1.80, -0.20, 1.80 , -9.138272E-006, 9.140070E-006, -3.125115E-009, 1.387970E-009, 2.150400E+004 1.570926E+074 2.150400E+004, Sun Aug 16 21:33:27 2015
1.30, 1.80, -0.20, 1.80 , -9.904833E-006, 9.905260E-006, -3.040211E-009, 1.449530E-009, 2.150400E+004 1.570926E+074 2.150400E+004, Sun Aug 16 21:33:30 2015
1.25, 1.80, -0.20, 1.80 , -1.062039E-005, 1.061450E-005, -3.028720E-009, 1.515370E-009, 2.150400E+004 1.570926E+074 2.150400E+004, Sun Aug 16 21:33:32 2015
1.20, 1.80, -0.20, 1.80 , -1.128533E-005, 1.127800E-005, -2.983184E-009, 1.589580E-009, 2.150400E+004 1.570926E+074 2.150400E+004, Sun Aug 16 21:33:35 2015
1.15, 1.80, -0.20, 1.80 , -1.189145E-005, 1.188410E-005, -2.892202E-009, 1.629110E-009, 2.150400E+004 1.570926E+074 2.150400E+004, Sun Aug 16 21:33:37 2015
1.10, 1.80, -0.20, 1.80 , -1.244874E-005, 1.244360E-005, -2.850481E-009, 1.702230E-009, 2.150400E+004 1.570926E+074 2.150400E+004, Sun Aug 16 21:33:40 2015
1.05, 1.80, -0.20, 1.80 , -1.294747E-005, 1.293870E-005, -2.567963E-009, 1.593530E-009, 2.150400E+004 1.570926E+074 2.150400E+004, Sun Aug 16 21:33:42 2015
1.00, 1.80, -0.20, 1.80 , -1.338762E-005, 1.337890E-005, -2.556225E-009, 1.663460E-009, 2.150400E+004 1.570926E+074 2.150400E+004, Sun Aug 16 21:33:45 2015
0.95, 1.80, -0.20, 1.80 , -1.377252E-005, 1.376860E-005, -2.543395E-009, 1.719470E-009, 2.150400E+004 1.570926E+074 2.150400E+004, Sun Aug 16 21:33:47 2015
0.90, 1.80, -0.20, 1.80 , -1.410106E-005, 1.409280E-005, -2.449051E-009, 1.749310E-009, 2.150400E+004 1.570926E+074 2.150400E+004, Sun Aug 16 21:33:50 2015
0.85, 1.80, -0.20, 1.80 , -1.437502E-005, 1.436980E-005, -2.412953E-009, 1.745640E-009, 2.150400E+004 1.570926E+074 2.150400E+004, Sun Aug 16 21:33:52 2015
0.80, 1.80, -0.20, 1.80 , -1.459393E-005, 1.458660E-005, -2.332406E-009, 1.771350E-009, 2.150400E+004 1.570926E+074 2.150400E+004, Sun Aug 16 21:33:54 2015
0.75, 1.80, -0.20, 1.80 , -1.476696E-005, 1.476320E-005, -2.143304E-009, 1.731490E-009, 2.150400E+004 1.570926E+074 2.150400E+004, Sun Aug 16 21:33:57 2015
0.70, 1.80, -0.20, 1.80 , -1.489925E-005, 1.489070E-005, -2.012655E-009, 1.645970E-009, 2.150400E+004 1.570926E+074 2.150400E+004, Sun Aug 16 21:33:59 2015
0.65, 1.80, -0.20, 1.80 , -1.498501E-005, 1.497720E-005, -1.983304E-009, 1.767490E-009, 2.150400E+004 1.570926E+074 2.150400E+004, Sun Aug 16 21:34:02 2015
0.60, 1.80, -0.20, 1.80 , -1.504414E-005, 1.503690E-005, -2.006827E-009, 1.892660E-009, 2.150400E+004 1.570926E+074 2.150400E+004, Sun Aug 16 21:34:04 2015
0.55, 1.80, -0.20, 1.80 , -1.507692E-005, 1.507010E-005, -1.957146E-009, 1.964560E-009, 2.150400E+004 1.570926E+074 2.150400E+004, Sun Aug 16 21:34:07 2015
0.50, 1.80, -0.20, 1.80 , -1.509729E-005, 1.508990E-005, -1.954414E-009, 2.107780E-009, 2.150400E+004 1.570926E+074 2.150400E+004, Sun Aug 16 21:34:09 2015
0.45, 1.80, -0.20, 1.80 , -1.511152E-005, 1.510670E-005, -1.836216E-009, 2.061970E-009, 2.150400E+004 1.570926E+074 2.150400E+004, Sun Aug 16 21:34:11 2015
0.40, 1.80, -0.20, 1.80 , -1.512720E-005, 1.511650E-005, -1.709171E-009, 2.020970E-009, 2.150400E+004 1.570926E+074 2.150400E+004, Sun Aug 16 21:34:14 2015
0.35, 1.80, -0.20, 1.80 , -1.512573E-005, 1.511540E-005, -1.601204E-009, 1.979130E-009, 2.150400E+004 1.570926E+074 2.150400E+004, Sun Aug 16 21:34:16 2015
0.30, 1.80, -0.20, 1.80 , -1.513186E-005, 1.512070E-005, -1.463887E-009, 1.982000E-009, 2.150400E+004 1.570926E+074 2.150400E+004, Sun Aug 16 21:34:19 2015
0.25, 1.80, -0.20, 1.80 , -1.513683E-005, 1.512610E-005, -1.565105E-009, 2.235380E-009, 2.150400E+004 1.570926E+074 2.150400E+004, Sun Aug 16 21:34:21 2015
0.20, 1.80, -0.20, 1.80 , -1.513559E-005, 1.513000E-005, -1.605273E-009, 2.391140E-009, 2.150400E+004 1.570926E+074 2.150400E+004, Sun Aug 16 21:34:24 2015
0.15, 1.80, -0.20, 1.80 , -1.515015E-005, 1.513610E-005, -1.530973E-009, 2.282680E-009, 2.150400E+004 1.570926E+074 2.150400E+004, Sun Aug 16 21:34:26 2015
0.10, 1.80, -0.20, 1.80 , -1.514534E-005, 1.513680E-005, -1.453237E-009, 2.322570E-009, 2.150400E+004 1.570926E+074 2.150400E+004, Sun Aug 16 21:34:28 2015
0.05, 1.80, -0.20, 1.80 , -1.514632E-005, 1.514600E-005, -1.438353E-009, 2.486520E-009, 2.150400E+004 1.570926E+074 2.150400E+004, Sun Aug 16 21:34:31 2015
0.00, 1.80, -0.20, 1.80 , -1.514773E-005, 1.513730E-005, -1.447160E-009, 2.681780E-009, 2.150400E+004 1.570926E+074 2.150400E+004, Sun Aug 16 21:34:33 2015
-0.05, 1.80, -0.20, 1.80 , -1.516163E-005, 1.515030E-005, -1.407661E-009, 2.729040E-009, 2.150400E+004 1.570926E+074 2.150400E+004, Sun Aug 16 21:34:36 2015
-0.10, 1.80, -0.20, 1.80 , -1.515227E-005, 1.514020E-005, -1.361664E-009, 2.712990E-009, 2.150400E+004 1.570926E+074 2.150400E+004, Sun Aug 16 21:34:38 2015
-0.15, 1.80, -0.20, 1.80 , -1.516221E-005, 1.514410E-005, -1.177135E-009, 2.588540E-009, 2.150400E+004 1.570926E+074 2.150400E+004, Sun Aug 16 21:34:41 2015
-0.20, 1.80, -0.20, 1.80 , -1.515662E-005, 1.515380E-005, -1.150467E-009, 2.549840E-009, 2.150400E+004 1.570926E+074 2.150400E+004, Sun Aug 16 21:34:43 2015
