0.00, 1.80, 1.80, 1.80 , -2.791032E-009, 1.667140E-010, 3.498406E-009, 2.560140E-009, 2.150400E+004 1.570926E+074 2.150400E+004, Sun Aug 16 21:09:32 2015
0.00, 1.80, 1.78, 1.80 , -2.665282E-009, 1.779010E-010, 3.143003E-009, 2.520200E-009, 2.150400E+004 1.570926E+074 2.150400E+004, Sun Aug 16 21:09:38 2015
0.00, 1.80, 1.76, 1.80 , -2.590337E-009, 1.805430E-010, 3.071150E-009, 2.510900E-009, 2.150400E+004 1.570926E+074 2.150400E+004, Sun Aug 16 21:09:42 2015
0.00, 1.80, 1.74, 1.80 , -2.592695E-009, 1.851380E-010, 2.966543E-009, 2.541470E-009, 2.150400E+004 1.570926E+074 2.150400E+004, Sun Aug 16 21:09:45 2015
0.00, 1.80, 1.72, 1.80 , -2.580291E-009, 1.921740E-010, 2.880981E-009, 2.546600E-009, 2.150400E+004 1.570926E+074 2.150400E+004, Sun Aug 16 21:09:48 2015
0.00, 1.80, 1.70, 1.80 , -2.577083E-009, 1.921230E-010, 2.763462E-009, 2.565420E-009, 2.150400E+004 1.570926E+074 2.150400E+004, Sun Aug 16 21:09:53 2015
0.00, 1.80, 1.68, 1.80 , -2.506441E-009, 1.951690E-010, 2.670178E-009, 2.488990E-009, 2.150400E+004 1.570926E+074 2.150400E+004, Sun Aug 16 21:09:56 2015
0.00, 1.80, 1.66, 1.80 , -2.395331E-009, 1.832750E-010, 2.555093E-009, 2.406050E-009, 2.150400E+004 1.570926E+074 2.150400E+004, Sun Aug 16 21:10:03 2015
0.00, 1.80, 1.64, 1.80 , -2.338405E-009, 1.940840E-010, 2.464158E-009, 2.410640E-009, 2.150400E+004 1.570926E+074 2.150400E+004, Sun Aug 16 21:10:06 2015
0.00, 1.80, 1.62, 1.80 , -2.451458E-009, 2.037130E-010, 2.393053E-009, 2.501640E-009, 2.150400E+004 1.570926E+074 2.150400E+004, Sun Aug 16 21:10:14 2015
0.00, 1.80, 1.60, 1.80 , -2.357561E-009, 2.099110E-010, 2.308912E-009, 2.489730E-009, 2.150400E+004 1.570926E+074 2.150400E+004, Sun Aug 16 21:10:18 2015
0.00, 1.80, 1.58, 1.80 , -2.375834E-009, 2.293180E-010, 2.206698E-009, 2.573600E-009, 2.150400E+004 1.570926E+074 2.150400E+004, Sun Aug 16 21:10:22 2015
0.00, 1.80, 1.56, 1.80 , -2.371741E-009, 2.250550E-010, 2.133413E-009, 2.544000E-009, 2.150400E+004 1.570926E+074 2.150400E+004, Sun Aug 16 21:10:26 2015
0.00, 1.80, 1.54, 1.80 , -2.431538E-009, 2.374800E-010, 2.065158E-009, 2.625440E-009, 2.150400E+004 1.570926E+074 2.150400E+004, Sun Aug 16 21:10:30 2015
0.00, 1.80, 1.52, 1.80 , -2.408666E-009, 2.388710E-010, 2.005835E-009, 2.578270E-009, 2.150400E+004 1.570926E+074 2.150400E+004, Sun Aug 16 21:10:34 2015
0.00, 1.80, 1.50, 1.80 , -2.332454E-009, 2.365040E-010, 1.923998E-009, 2.560980E-009, 2.150400E+004 1.570926E+074 2.150400E+004, Sun Aug 16 21:10:37 2015
0.00, 1.80, 1.48, 1.80 , -2.381193E-009, 2.446720E-010, 1.851214E-009, 2.601860E-009, 2.150400E+004 1.570926E+074 2.150400E+004, Sun Aug 16 21:10:42 2015
0.00, 1.80, 1.46, 1.80 , -2.364314E-009, 2.676040E-010, 1.791598E-009, 2.651300E-009, 2.150400E+004 1.570926E+074 2.150400E+004, Sun Aug 16 21:10:45 2015
0.00, 1.80, 1.44, 1.80 , -2.380012E-009, 2.633260E-010, 1.714501E-009, 2.617860E-009, 2.150400E+004 1.570926E+074 2.150400E+004, Sun Aug 16 21:10:48 2015
0.00, 1.80, 1.42, 1.80 , -2.331947E-009, 2.745940E-010, 1.667167E-009, 2.661900E-009, 2.150400E+004 1.570926E+074 2.150400E+004, Sun Aug 16 21:10:52 2015
0.00, 1.80, 1.40, 1.80 , -2.357013E-009, 2.653300E-010, 1.612789E-009, 2.655680E-009, 2.150400E+004 1.570926E+074 2.150400E+004, Sun Aug 16 21:10:55 2015
0.00, 1.80, 1.38, 1.80 , -2.269027E-009, 2.584270E-010, 1.553591E-009, 2.551820E-009, 2.150400E+004 1.570926E+074 2.150400E+004, Sun Aug 16 21:10:59 2015
0.00, 1.80, 1.36, 1.80 , -2.256452E-009, 2.652490E-010, 1.497748E-009, 2.579000E-009, 2.150400E+004 1.570926E+074 2.150400E+004, Sun Aug 16 21:11:03 2015
0.00, 1.80, 1.34, 1.80 , -2.364104E-009, 2.940700E-010, 1.419265E-009, 2.720150E-009, 2.150400E+004 1.570926E+074 2.150400E+004, Sun Aug 16 21:11:08 2015
0.00, 1.80, 1.32, 1.80 , -2.311354E-009, 2.909150E-010, 1.351722E-009, 2.650620E-009, 2.150400E+004 1.570926E+074 2.150400E+004, Sun Aug 16 21:11:12 2015
0.00, 1.80, 1.30, 1.80 , -2.278691E-009, 3.023250E-010, 1.276593E-009, 2.647660E-009, 2.150400E+004 1.570926E+074 2.150400E+004, Sun Aug 16 21:11:15 2015
0.00, 1.80, 1.28, 1.80 , -2.269872E-009, 3.088370E-010, 1.499634E-009, 2.627900E-009, 2.150400E+004 1.570926E+074 2.150400E+004, Sun Aug 16 21:11:18 2015
0.00, 1.80, 1.26, 1.80 , -2.265103E-009, 3.259300E-010, 1.182178E-009, 2.615630E-009, 2.150400E+004 1.570926E+074 2.150400E+004, Sun Aug 16 21:11:22 2015
0.00, 1.80, 1.24, 1.80 , -2.403854E-009, 4.004620E-010, 1.126167E-009, 2.808280E-009, 2.150400E+004 1.570926E+074 2.150400E+004, Sun Aug 16 21:11:28 2015
0.00, 1.80, 1.22, 1.80 , -2.439641E-009, 4.553290E-010, 1.050116E-009, 2.733710E-009, 2.150400E+004 1.570926E+074 2.150400E+004, Sun Aug 16 21:11:32 2015
0.00, 1.80, 1.20, 1.80 , -2.594597E-009, 6.070130E-010, 9.877309E-010, 2.772350E-009, 2.150400E+004 1.570926E+074 2.150400E+004, Sun Aug 16 21:11:35 2015
0.00, 1.80, 1.18, 1.80 , -2.838803E-009, 8.592470E-010, 9.209037E-010, 2.741860E-009, 2.150400E+004 1.570926E+074 2.150400E+004, Sun Aug 16 21:11:38 2015
0.00, 1.80, 1.16, 1.80 , -3.309117E-009, 1.350490E-009, 8.596089E-010, 2.754610E-009, 2.150400E+004 1.570926E+074 2.150400E+004, Sun Aug 16 21:11:43 2015
0.00, 1.80, 1.14, 1.80 , -4.176273E-009, 2.268490E-009, 8.276198E-010, 2.760460E-009, 2.150400E+004 1.570926E+074 2.150400E+004, Sun Aug 16 21:11:46 2015
0.00, 1.80, 1.12, 1.80 , -5.612403E-009, 3.686810E-009, 7.780656E-010, 2.765770E-009, 2.150400E+004 1.570926E+074 2.150400E+004, Sun Aug 16 21:11:49 2015
0.00, 1.80, 1.10, 1.80 , -8.034143E-009, 6.173840E-009, 7.085113E-010, 2.814380E-009, 2.150400E+004 1.570926E+074 2.150400E+004, Sun Aug 16 21:11:54 2015
0.00, 1.80, 1.08, 1.80 , -1.168244E-008, 9.688050E-009, 6.633587E-010, 2.830550E-009, 2.150400E+004 1.570926E+074 2.150400E+004, Sun Aug 16 21:11:57 2015
0.00, 1.80, 1.06, 1.80 , -1.716284E-008, 1.515310E-008, 6.001356E-010, 2.858470E-009, 2.150400E+004 1.570926E+074 2.150400E+004, Sun Aug 16 21:12:00 2015
0.00, 1.80, 1.04, 1.80 , -2.505142E-008, 2.310020E-008, 5.530962E-010, 2.847850E-009, 2.150400E+004 1.570926E+074 2.150400E+004, Sun Aug 16 21:12:02 2015
0.00, 1.80, 1.02, 1.80 , -3.561896E-008, 3.384490E-008, 5.228682E-010, 2.817910E-009, 2.150400E+004 1.570926E+074 2.150400E+004, Sun Aug 16 21:12:05 2015
0.00, 1.80, 1.00, 1.80 , -5.020617E-008, 4.812610E-008, 4.538175E-010, 2.799150E-009, 2.150400E+004 1.570926E+074 2.150400E+004, Sun Aug 16 21:12:07 2015
0.00, 1.80, 0.98, 1.80 , -6.897581E-008, 6.652510E-008, 4.310945E-010, 2.798380E-009, 2.150400E+004 1.570926E+074 2.150400E+004, Sun Aug 16 21:12:11 2015
0.00, 1.80, 0.96, 1.80 , -9.228530E-008, 8.992430E-008, 3.737413E-010, 2.796000E-009, 2.150400E+004 1.570926E+074 2.150400E+004, Sun Aug 16 21:12:13 2015
0.00, 1.80, 0.94, 1.80 , -1.211227E-007, 1.198350E-007, 3.171425E-010, 2.790480E-009, 2.150400E+004 1.570926E+074 2.150400E+004, Sun Aug 16 21:12:16 2015
0.00, 1.80, 0.92, 1.80 , -1.565279E-007, 1.549620E-007, 2.868307E-010, 2.825700E-009, 2.150400E+004 1.570926E+074 2.150400E+004, Sun Aug 16 21:12:18 2015
0.00, 1.80, 0.90, 1.80 , -1.988305E-007, 1.954050E-007, 2.236080E-010, 2.896230E-009, 2.150400E+004 1.570926E+074 2.150400E+004, Sun Aug 16 21:12:21 2015
0.00, 1.80, 0.88, 1.80 , -2.458700E-007, 2.450390E-007, 1.743041E-010, 2.985540E-009, 2.150400E+004 1.570926E+074 2.150400E+004, Sun Aug 16 21:12:23 2015
0.00, 1.80, 0.86, 1.80 , -3.036071E-007, 3.008260E-007, 1.333853E-010, 2.912730E-009, 2.150400E+004 1.570926E+074 2.150400E+004, Sun Aug 16 21:12:26 2015
0.00, 1.80, 0.84, 1.80 , -3.667320E-007, 3.661820E-007, 1.055053E-010, 2.911090E-009, 2.150400E+004 1.570926E+074 2.150400E+004, Sun Aug 16 21:12:28 2015
0.00, 1.80, 0.82, 1.80 , -4.392407E-007, 4.370820E-007, 6.706005E-011, 2.937990E-009, 2.150400E+004 1.570926E+074 2.150400E+004, Sun Aug 16 21:12:30 2015
0.00, 1.80, 0.80, 1.80 , -5.196661E-007, 5.178940E-007, 2.429673E-011, 2.984050E-009, 2.150400E+004 1.570926E+074 2.150400E+004, Sun Aug 16 21:12:33 2015
0.00, 1.80, 0.78, 1.80 , -6.083843E-007, 6.072930E-007, 8.784546E-012, 2.963740E-009, 2.150400E+004 1.570926E+074 2.150400E+004, Sun Aug 16 21:12:35 2015
0.00, 1.80, 0.76, 1.80 , -7.139741E-007, 7.102910E-007, -1.062673E-011, 2.894730E-009, 2.150400E+004 1.570926E+074 2.150400E+004, Sun Aug 16 21:12:38 2015
0.00, 1.80, 0.74, 1.80 , -8.194185E-007, 8.178080E-007, -4.370754E-011, 2.922230E-009, 2.150400E+004 1.570926E+074 2.150400E+004, Sun Aug 16 21:12:40 2015
0.00, 1.80, 0.72, 1.80 , -9.365477E-007, 9.336720E-007, -8.693636E-011, 2.948530E-009, 2.150400E+004 1.570926E+074 2.150400E+004, Sun Aug 16 21:12:43 2015
0.00, 1.80, 0.70, 1.80 , -1.059525E-006, 1.056900E-006, -7.901192E-011, 2.951320E-009, 2.150400E+004 1.570926E+074 2.150400E+004, Sun Aug 16 21:12:45 2015
0.00, 1.80, 0.68, 1.80 , -1.191057E-006, 1.188620E-006, -1.219054E-010, 2.911600E-009, 2.150400E+004 1.570926E+074 2.150400E+004, Sun Aug 16 21:12:48 2015
0.00, 1.80, 0.66, 1.80 , -1.334524E-006, 1.330980E-006, -1.748617E-010, 2.923630E-009, 2.150400E+004 1.570926E+074 2.150400E+004, Sun Aug 16 21:12:50 2015
0.00, 1.80, 0.64, 1.80 , -1.485035E-006, 1.481300E-006, -1.998935E-010, 2.953650E-009, 2.150400E+004 1.570926E+074 2.150400E+004, Sun Aug 16 21:12:53 2015
0.00, 1.80, 0.62, 1.80 , -1.644869E-006, 1.642880E-006, -2.419485E-010, 2.945790E-009, 2.150400E+004 1.570926E+074 2.150400E+004, Sun Aug 16 21:12:55 2015
0.00, 1.80, 0.60, 1.80 , -1.810749E-006, 1.810600E-006, -2.386361E-010, 2.845160E-009, 2.150400E+004 1.570926E+074 2.150400E+004, Sun Aug 16 21:12:57 2015
0.00, 1.80, 0.58, 1.80 , -1.990232E-006, 1.989550E-006, -2.353236E-010, 2.848090E-009, 2.150400E+004 1.570926E+074 2.150400E+004, Sun Aug 16 21:13:00 2015
0.00, 1.80, 0.56, 1.80 , -2.176945E-006, 2.174340E-006, -2.876094E-010, 2.861140E-009, 2.150400E+004 1.570926E+074 2.150400E+004, Sun Aug 16 21:13:02 2015
0.00, 1.80, 0.54, 1.80 , -2.368720E-006, 2.367790E-006, -3.060155E-010, 2.826970E-009, 2.150400E+004 1.570926E+074 2.150400E+004, Sun Aug 16 21:13:05 2015
0.00, 1.80, 0.52, 1.80 , -2.571330E-006, 2.570990E-006, -3.304604E-010, 2.827050E-009, 2.150400E+004 1.570926E+074 2.150400E+004, Sun Aug 16 21:13:07 2015
0.00, 1.80, 0.50, 1.80 , -2.783208E-006, 2.781060E-006, -3.669812E-010, 2.891440E-009, 2.150400E+004 1.570926E+074 2.150400E+004, Sun Aug 16 21:13:10 2015
0.00, 1.80, 0.48, 1.80 , -3.005872E-006, 3.005590E-006, -4.198114E-010, 2.976280E-009, 2.150400E+004 1.570926E+074 2.150400E+004, Sun Aug 16 21:13:12 2015
0.00, 1.80, 0.46, 1.80 , -3.234661E-006, 3.232630E-006, -4.569605E-010, 3.039830E-009, 2.150400E+004 1.570926E+074 2.150400E+004, Sun Aug 16 21:13:14 2015
0.00, 1.80, 0.44, 1.80 , -3.473786E-006, 3.469540E-006, -5.067303E-010, 3.065840E-009, 2.150400E+004 1.570926E+074 2.150400E+004, Sun Aug 16 21:13:17 2015
0.00, 1.80, 0.42, 1.80 , -3.716937E-006, 3.715140E-006, -5.199801E-010, 3.009960E-009, 2.150400E+004 1.570926E+074 2.150400E+004, Sun Aug 16 21:13:19 2015
0.00, 1.80, 0.40, 1.80 , -3.974016E-006, 3.971420E-006, -5.607775E-010, 3.039830E-009, 2.150400E+004 1.570926E+074 2.150400E+004, Sun Aug 16 21:13:22 2015
0.00, 1.80, 0.38, 1.80 , -4.233414E-006, 4.231900E-006, -6.063546E-010, 3.066040E-009, 2.150400E+004 1.570926E+074 2.150400E+004, Sun Aug 16 21:13:24 2015
0.00, 1.80, 0.36, 1.80 , -4.499826E-006, 4.498050E-006, -6.487866E-010, 3.051550E-009, 2.150400E+004 1.570926E+074 2.150400E+004, Sun Aug 16 21:13:27 2015
0.00, 1.80, 0.34, 1.80 , -4.780375E-006, 4.775480E-006, -6.935253E-010, 3.059320E-009, 2.150400E+004 1.570926E+074 2.150400E+004, Sun Aug 16 21:13:29 2015
0.00, 1.80, 0.32, 1.80 , -5.067903E-006, 5.065720E-006, -7.090802E-010, 3.033130E-009, 2.150400E+004 1.570926E+074 2.150400E+004, Sun Aug 16 21:13:31 2015
0.00, 1.80, 0.30, 1.80 , -5.360811E-006, 5.361800E-006, -7.420785E-010, 3.018660E-009, 2.150400E+004 1.570926E+074 2.150400E+004, Sun Aug 16 21:13:34 2015
0.00, 1.80, 0.28, 1.80 , -5.665246E-006, 5.662980E-006, -7.983472E-010, 3.038160E-009, 2.150400E+004 1.570926E+074 2.150400E+004, Sun Aug 16 21:13:36 2015
0.00, 1.80, 0.26, 1.80 , -5.977912E-006, 5.973060E-006, -8.315564E-010, 3.037710E-009, 2.150400E+004 1.570926E+074 2.150400E+004, Sun Aug 16 21:13:39 2015
0.00, 1.80, 0.24, 1.80 , -6.295305E-006, 6.291570E-006, -8.683679E-010, 3.060810E-009, 2.150400E+004 1.570926E+074 2.150400E+004, Sun Aug 16 21:13:41 2015
0.00, 1.80, 0.22, 1.80 , -6.616477E-006, 6.616160E-006, -9.046378E-010, 3.044810E-009, 2.150400E+004 1.570926E+074 2.150400E+004, Sun Aug 16 21:13:44 2015
0.00, 1.80, 0.20, 1.80 , -6.952532E-006, 6.949770E-006, -9.494595E-010, 3.047670E-009, 2.150400E+004 1.570926E+074 2.150400E+004, Sun Aug 16 21:13:46 2015
0.00, 1.80, 0.18, 1.80 , -7.293936E-006, 7.292630E-006, -9.760860E-010, 3.045870E-009, 2.150400E+004 1.570926E+074 2.150400E+004, Sun Aug 16 21:13:49 2015
0.00, 1.80, 0.16, 1.80 , -7.642537E-006, 7.641960E-006, -1.040319E-009, 3.026220E-009, 2.150400E+004 1.570926E+074 2.150400E+004, Sun Aug 16 21:13:51 2015
0.00, 1.80, 0.14, 1.80 , -7.994638E-006, 7.993490E-006, -1.072900E-009, 3.003370E-009, 2.150400E+004 1.570926E+074 2.150400E+004, Sun Aug 16 21:13:53 2015
0.00, 1.80, 0.12, 1.80 , -8.359974E-006, 8.359110E-006, -1.103131E-009, 3.052290E-009, 2.150400E+004 1.570926E+074 2.150400E+004, Sun Aug 16 21:13:56 2015
0.00, 1.80, 0.10, 1.80 , -8.731259E-006, 8.730670E-006, -1.225982E-009, 3.083890E-009, 2.150400E+004 1.570926E+074 2.150400E+004, Sun Aug 16 21:13:58 2015
0.00, 1.80, 0.08, 1.80 , -9.106502E-006, 9.105750E-006, -1.232565E-009, 3.083100E-009, 2.150400E+004 1.570926E+074 2.150400E+004, Sun Aug 16 21:14:01 2015
0.00, 1.80, 0.06, 1.80 , -9.490911E-006, 9.486610E-006, -1.286023E-009, 3.091190E-009, 2.150400E+004 1.570926E+074 2.150400E+004, Sun Aug 16 21:14:03 2015
0.00, 1.80, 0.04, 1.80 , -9.887412E-006, 9.886980E-006, -1.316005E-009, 3.051300E-009, 2.150400E+004 1.570926E+074 2.150400E+004, Sun Aug 16 21:14:06 2015
0.00, 1.80, 0.02, 1.80 , -1.028931E-005, 1.028630E-005, -1.356969E-009, 3.064460E-009, 2.150400E+004 1.570926E+074 2.150400E+004, Sun Aug 16 21:14:08 2015
0.00, 1.80, 0.00, 1.80 , -1.069813E-005, 1.068750E-005, -1.351686E-009, 3.113620E-009, 2.150400E+004 1.570926E+074 2.150400E+004, Sun Aug 16 21:14:11 2015
0.00, 1.80, -0.02, 1.80 , -1.111166E-005, 1.110090E-005, -1.492022E-009, 3.087970E-009, 2.150400E+004 1.570926E+074 2.150400E+004, Sun Aug 16 21:14:13 2015
0.00, 1.80, -0.04, 1.80 , -1.153158E-005, 1.152230E-005, -1.542252E-009, 3.112320E-009, 2.150400E+004 1.570926E+074 2.150400E+004, Sun Aug 16 21:14:15 2015
0.00, 1.80, -0.06, 1.80 , -1.195925E-005, 1.195100E-005, -1.604686E-009, 3.153720E-009, 2.150400E+004 1.570926E+074 2.150400E+004, Sun Aug 16 21:14:18 2015
0.00, 1.80, -0.08, 1.80 , -1.239664E-005, 1.238560E-005, -1.650976E-009, 3.172050E-009, 2.150400E+004 1.570926E+074 2.150400E+004, Sun Aug 16 21:14:20 2015
0.00, 1.80, -0.10, 1.80 , -1.283519E-005, 1.282680E-005, -1.721626E-009, 3.170770E-009, 2.150400E+004 1.570926E+074 2.150400E+004, Sun Aug 16 21:14:23 2015
0.00, 1.80, -0.12, 1.80 , -1.328816E-005, 1.327750E-005, -1.651102E-009, 3.176280E-009, 2.150400E+004 1.570926E+074 2.150400E+004, Sun Aug 16 21:14:25 2015
0.00, 1.80, -0.14, 1.80 , -1.374790E-005, 1.373770E-005, -1.738021E-009, 3.187630E-009, 2.150400E+004 1.570926E+074 2.150400E+004, Sun Aug 16 21:14:28 2015
0.00, 1.80, -0.16, 1.80 , -1.420324E-005, 1.419540E-005, -1.808334E-009, 3.161450E-009, 2.150400E+004 1.570926E+074 2.150400E+004, Sun Aug 16 21:14:30 2015
0.00, 1.80, -0.18, 1.80 , -1.468451E-005, 1.467360E-005, -1.908717E-009, 3.105020E-009, 2.150400E+004 1.570926E+074 2.150400E+004, Sun Aug 16 21:14:32 2015
0.00, 1.80, -0.20, 1.80 , -1.515477E-005, 1.514700E-005, -1.960833E-009, 3.166660E-009, 2.150400E+004 1.570926E+074 2.150400E+004, Sun Aug 16 21:14:35 2015
