1.80, 1.80, 0.20, 1.80 , 5.982691E-009, -3.384420E-009, -2.014667E-009, 1.452000E-010, 2.150400E+004 1.570926E+074 2.150400E+004, Sun Aug 16 21:31:06 2015
1.75, 1.80, 0.20, 1.80 , -8.347515E-007, 8.377730E-007, -1.943095E-009, 2.906750E-010, 2.150400E+004 1.570926E+074 2.150400E+004, Sun Aug 16 21:31:09 2015
1.70, 1.80, 0.20, 1.80 , -1.623319E-006, 1.625550E-006, -1.889134E-009, 4.224420E-010, 2.150400E+004 1.570926E+074 2.150400E+004, Sun Aug 16 21:31:13 2015
1.65, 1.80, 0.20, 1.80 , -2.356087E-006, 2.358160E-006, -1.749131E-009, 5.313980E-010, 2.150400E+004 1.570926E+074 2.150400E+004, Sun Aug 16 21:31:16 2015
1.60, 1.80, 0.20, 1.80 , -3.034776E-006, 3.035650E-006, -1.787536E-009, 6.281020E-010, 2.150400E+004 1.570926E+074 2.150400E+004, Sun Aug 16 21:31:19 2015
1.55, 1.80, 0.20, 1.80 , -3.656347E-006, 3.659130E-006, -1.732109E-009, 7.249430E-010, 2.150400E+004 1.570926E+074 2.150400E+004, Sun Aug 16 21:31:23 2015
1.50, 1.80, 0.20, 1.80 , -4.226476E-006, 4.228120E-006, -1.739825E-009, 8.381710E-010, 2.150400E+004 1.570926E+074 2.150400E+004, Sun Aug 16 21:31:26 2015
1.45, 1.80, 0.20, 1.80 , -4.740247E-006, 4.741530E-006, -1.709256E-009, 9.407710E-010, 2.150400E+004 1.570926E+074 2.150400E+004, Sun Aug 16 21:31:29 2015
1.40, 1.80, 0.20, 1.80 , -5.196670E-006, 5.196620E-006, -1.687663E-009, 1.025010E-009, 2.150400E+004 1.570926E+074 2.150400E+004, Sun Aug 16 21:31:32 2015
1.35, 1.80, 0.20, 1.80 , -5.593437E-006, 5.594840E-006, -1.627831E-009, 1.089420E-009, 2.150400E+004 1.570926E+074 2.150400E+004, Sun Aug 16 21:31:35 2015
1.30, 1.80, 0.20, 1.80 , -5.931790E-006, 5.933340E-006, -1.579108E-009, 1.134990E-009, 2.150400E+004 1.570926E+074 2.150400E+004, Sun Aug 16 21:31:37 2015
1.25, 1.80, 0.20, 1.80 , -6.213627E-006, 6.214390E-006, -1.527244E-009, 1.186950E-009, 2.150400E+004 1.570926E+074 2.150400E+004, Sun Aug 16 21:31:40 2015
1.20, 1.80, 0.20, 1.80 , -6.442390E-006, 6.441970E-006, -1.483510E-009, 1.256850E-009, 2.150400E+004 1.570926E+074 2.150400E+004, Sun Aug 16 21:31:42 2015
1.15, 1.80, 0.20, 1.80 , -6.614780E-006, 6.614050E-006, -1.453280E-009, 1.336600E-009, 2.150400E+004 1.570926E+074 2.150400E+004, Sun Aug 16 21:31:45 2015
1.10, 1.80, 0.20, 1.80 , -6.736218E-006, 6.737400E-006, -1.411728E-009, 1.397890E-009, 2.150400E+004 1.570926E+074 2.150400E+004, Sun Aug 16 21:31:47 2015
1.05, 1.80, 0.20, 1.80 , -6.822209E-006, 6.818550E-006, -1.379233E-009, 1.442060E-009, 2.150400E+004 1.570926E+074 2.150400E+004, Sun Aug 16 21:31:49 2015
1.00, 1.80, 0.20, 1.80 , -6.874895E-006, 6.874910E-006, -1.313277E-009, 1.494090E-009, 2.150400E+004 1.570926E+074 2.150400E+004, Sun Aug 16 21:31:52 2015
0.95, 1.80, 0.20, 1.80 , -6.908706E-006, 6.907740E-006, -1.228371E-009, 1.544370E-009, 2.150400E+004 1.570926E+074 2.150400E+004, Sun Aug 16 21:31:54 2015
0.90, 1.80, 0.20, 1.80 , -6.918468E-006, 6.916720E-006, -1.226065E-009, 1.587790E-009, 2.150400E+004 1.570926E+074 2.150400E+004, Sun Aug 16 21:31:57 2015
0.85, 1.80, 0.20, 1.80 , -6.924173E-006, 6.923570E-006, -1.113067E-009, 1.635660E-009, 2.150400E+004 1.570926E+074 2.150400E+004, Sun Aug 16 21:31:59 2015
0.80, 1.80, 0.20, 1.80 , -6.931777E-006, 6.931560E-006, -1.069125E-009, 1.638640E-009, 2.150400E+004 1.570926E+074 2.150400E+004, Sun Aug 16 21:32:02 2015
0.75, 1.80, 0.20, 1.80 , -6.931661E-006, 6.931200E-006, -1.007363E-009, 1.671340E-009, 2.150400E+004 1.570926E+074 2.150400E+004, Sun Aug 16 21:32:04 2015
0.70, 1.80, 0.20, 1.80 , -6.936718E-006, 6.939620E-006, -1.013023E-009, 1.684710E-009, 2.150400E+004 1.570926E+074 2.150400E+004, Sun Aug 16 21:32:07 2015
0.65, 1.80, 0.20, 1.80 , -6.938651E-006, 6.938530E-006, -9.592714E-010, 1.750920E-009, 2.150400E+004 1.570926E+074 2.150400E+004, Sun Aug 16 21:32:09 2015
0.60, 1.80, 0.20, 1.80 , -6.944867E-006, 6.941150E-006, -9.203193E-010, 1.813740E-009, 2.150400E+004 1.570926E+074 2.150400E+004, Sun Aug 16 21:32:11 2015
0.55, 1.80, 0.20, 1.80 , -6.942067E-006, 6.942120E-006, -9.154128E-010, 1.877580E-009, 2.150400E+004 1.570926E+074 2.150400E+004, Sun Aug 16 21:32:14 2015
0.50, 1.80, 0.20, 1.80 , -6.946780E-006, 6.945010E-006, -8.888717E-010, 1.941430E-009, 2.150400E+004 1.570926E+074 2.150400E+004, Sun Aug 16 21:32:16 2015
0.45, 1.80, 0.20, 1.80 , -6.948570E-006, 6.947800E-006, -8.028755E-010, 1.974920E-009, 2.150400E+004 1.570926E+074 2.150400E+004, Sun Aug 16 21:32:19 2015
0.40, 1.80, 0.20, 1.80 , -6.944161E-006, 6.941720E-006, -7.702968E-010, 2.064140E-009, 2.150400E+004 1.570926E+074 2.150400E+004, Sun Aug 16 21:32:21 2015
0.35, 1.80, 0.20, 1.80 , -6.945447E-006, 6.942650E-006, -7.730643E-010, 2.127410E-009, 2.150400E+004 1.570926E+074 2.150400E+004, Sun Aug 16 21:32:24 2015
0.30, 1.80, 0.20, 1.80 , -6.950783E-006, 6.949270E-006, -7.110925E-010, 2.220840E-009, 2.150400E+004 1.570926E+074 2.150400E+004, Sun Aug 16 21:32:26 2015
0.25, 1.80, 0.20, 1.80 , -6.948371E-006, 6.943640E-006, -7.224553E-010, 2.316080E-009, 2.150400E+004 1.570926E+074 2.150400E+004, Sun Aug 16 21:32:28 2015
0.20, 1.80, 0.20, 1.80 , -6.948711E-006, 6.949360E-006, -6.764597E-010, 2.347700E-009, 2.150400E+004 1.570926E+074 2.150400E+004, Sun Aug 16 21:32:31 2015
0.15, 1.80, 0.20, 1.80 , -6.954246E-006, 6.949220E-006, -6.536082E-010, 2.436950E-009, 2.150400E+004 1.570926E+074 2.150400E+004, Sun Aug 16 21:32:33 2015
0.10, 1.80, 0.20, 1.80 , -6.948122E-006, 6.944970E-006, -6.574654E-010, 2.507160E-009, 2.150400E+004 1.570926E+074 2.150400E+004, Sun Aug 16 21:32:36 2015
0.05, 1.80, 0.20, 1.80 , -6.957265E-006, 6.953090E-006, -6.573825E-010, 2.605880E-009, 2.150400E+004 1.570926E+074 2.150400E+004, Sun Aug 16 21:32:38 2015
0.00, 1.80, 0.20, 1.80 , -6.954310E-006, 6.951580E-006, -6.596454E-010, 2.617620E-009, 2.150400E+004 1.570926E+074 2.150400E+004, Sun Aug 16 21:32:41 2015
-0.05, 1.80, 0.20, 1.80 , -6.950117E-006, 6.950660E-006, -6.576744E-010, 2.766840E-009, 2.150400E+004 1.570926E+074 2.150400E+004, Sun Aug 16 21:32:43 2015
-0.10, 1.80, 0.20, 1.80 , -6.960215E-006, 6.957960E-006, -6.530219E-010, 2.932870E-009, 2.150400E+004 1.570926E+074 2.150400E+004, Sun Aug 16 21:32:46 2015
-0.15, 1.80, 0.20, 1.80 , -6.960295E-006, 6.961140E-006, -6.369199E-010, 3.057450E-009, 2.150400E+004 1.570926E+074 2.150400E+004, Sun Aug 16 21:32:48 2015
-0.20, 1.80, 0.20, 1.80 , -6.955587E-006, 6.953000E-006, -6.768786E-010, 3.150160E-009, 2.150400E+004 1.570926E+074 2.150400E+004, Sun Aug 16 21:32:50 2015
