1.80, 1.80, 1.80, 1.80 , -2.165731E-011, 8.346200E-013, -8.999433E-013, -1.151560E-013, 2.150400E+004 1.570926E+074 2.150400E+004, Wed Oct 07 15:07:05 2015
1.75, 1.80, 1.80, 1.80 , -2.478012E-011, 1.363660E-012, -7.943410E-012, -8.428100E-014, 2.150400E+004 1.570926E+074 2.150400E+004, Wed Oct 07 15:07:36 2015
1.70, 1.80, 1.80, 1.80 , -2.600394E-011, 1.526430E-012, -9.704262E-012, -9.987350E-014, 2.150400E+004 1.570926E+074 2.150400E+004, Wed Oct 07 15:07:54 2015
1.65, 1.80, 1.80, 1.80 , -2.625711E-011, 1.421750E-012, -8.949611E-012, -1.047250E-013, 2.150400E+004 1.570926E+074 2.150400E+004, Wed Oct 07 15:07:59 2015
1.60, 1.80, 1.80, 1.80 , -2.541313E-011, 1.738480E-012, -1.255519E-011, -1.052740E-013, 2.150400E+004 1.570926E+074 2.150400E+004, Wed Oct 07 15:08:18 2015
1.55, 1.80, 1.80, 1.80 , -2.857815E-011, 1.656650E-012, -8.656144E-012, -1.200440E-013, 2.150400E+004 1.570926E+074 2.150400E+004, Wed Oct 07 15:08:22 2015
1.50, 1.80, 1.80, 1.80 , -2.862036E-011, 1.788520E-012, -9.704270E-012, -9.418730E-014, 2.150400E+004 1.570926E+074 2.150400E+004, Wed Oct 07 15:08:32 2015
1.45, 1.80, 1.80, 1.80 , -2.739652E-011, 2.110780E-012, -1.217786E-011, -1.109360E-013, 2.150400E+004 1.570926E+074 2.150400E+004, Wed Oct 07 15:09:06 2015
1.40, 1.80, 1.80, 1.80 , -2.752311E-011, 2.156730E-012, -1.305829E-011, -1.113890E-013, 2.150400E+004 1.570926E+074 2.150400E+004, Wed Oct 07 15:09:20 2015
1.35, 1.80, 1.80, 1.80 , -2.845155E-011, 2.066370E-012, -1.054277E-011, -1.042130E-013, 2.150400E+004 1.570926E+074 2.150400E+004, Wed Oct 07 15:09:30 2015
1.30, 1.80, 1.80, 1.80 , -2.963313E-011, 2.366710E-012, -1.293251E-011, -1.067760E-013, 2.150400E+004 1.570926E+074 2.150400E+004, Wed Oct 07 15:09:48 2015
1.25, 1.80, 1.80, 1.80 , -3.115234E-011, 2.303100E-012, -1.184246E-011, -1.260040E-013, 2.150400E+004 1.570926E+074 2.150400E+004, Wed Oct 07 15:09:57 2015
1.20, 1.80, 1.80, 1.80 , -3.077256E-011, 2.568920E-012, -1.154898E-011, -8.884670E-014, 2.150400E+004 1.570926E+074 2.150400E+004, Wed Oct 07 15:10:50 2015
1.15, 1.80, 1.80, 1.80 , -2.971754E-011, 2.478210E-012, -1.221979E-011, -1.078960E-013, 2.150400E+004 1.570926E+074 2.150400E+004, Wed Oct 07 15:10:58 2015
1.10, 1.80, 1.80, 1.80 , -3.064595E-011, 2.559550E-012, -1.092011E-011, -1.286630E-013, 2.150400E+004 1.570926E+074 2.150400E+004, Wed Oct 07 15:11:06 2015
1.05, 1.80, 1.80, 1.80 , -3.246056E-011, 2.489400E-012, -8.614211E-012, -1.224040E-013, 2.150400E+004 1.570926E+074 2.150400E+004, Wed Oct 07 15:11:10 2015
1.00, 1.80, 1.80, 1.80 , -3.026615E-011, 2.620760E-012, -8.823837E-012, -1.034140E-013, 2.150400E+004 1.570926E+074 2.150400E+004, Wed Oct 07 15:11:19 2015
0.95, 1.80, 1.80, 1.80 , -3.148995E-011, 2.859280E-012, -9.159255E-012, -1.051900E-013, 2.150400E+004 1.570926E+074 2.150400E+004, Wed Oct 07 15:11:34 2015
0.90, 1.80, 1.80, 1.80 , -2.988632E-011, 2.805390E-012, -1.125551E-011, -1.067520E-013, 2.150400E+004 1.570926E+074 2.150400E+004, Wed Oct 07 15:11:41 2015
0.85, 1.80, 1.80, 1.80 , -3.254498E-011, 2.871970E-012, -1.154898E-011, -1.105310E-013, 2.150400E+004 1.570926E+074 2.150400E+004, Wed Oct 07 15:11:48 2015
0.80, 1.80, 1.80, 1.80 , -3.309358E-011, 3.028210E-012, -9.871988E-012, -1.263620E-013, 2.150400E+004 1.570926E+074 2.150400E+004, Wed Oct 07 15:11:56 2015
0.75, 1.80, 1.80, 1.80 , -3.275597E-011, 3.141690E-012, -9.201172E-012, -9.649990E-014, 2.150400E+004 1.570926E+074 2.150400E+004, Wed Oct 07 15:12:08 2015
0.70, 1.80, 1.80, 1.80 , -3.115233E-011, 3.286310E-012, -1.213594E-011, -1.075980E-013, 2.150400E+004 1.570926E+074 2.150400E+004, Wed Oct 07 15:12:25 2015
0.65, 1.80, 1.80, 1.80 , -3.009732E-011, 3.340970E-012, -1.125551E-011, -1.145240E-013, 2.150400E+004 1.570926E+074 2.150400E+004, Wed Oct 07 15:12:39 2015
0.60, 1.80, 1.80, 1.80 , -3.022394E-011, 3.424300E-012, -1.205209E-011, -1.086710E-013, 2.150400E+004 1.570926E+074 2.150400E+004, Wed Oct 07 15:12:53 2015
0.55, 1.80, 1.80, 1.80 , -3.216514E-011, 3.384490E-012, -1.024931E-011, -1.045350E-013, 2.150400E+004 1.570926E+074 2.150400E+004, Wed Oct 07 15:13:00 2015
0.50, 1.80, 1.80, 1.80 , -3.237611E-011, 3.614590E-012, -1.096204E-011, -8.665320E-014, 2.150400E+004 1.570926E+074 2.150400E+004, Wed Oct 07 15:13:24 2015
0.45, 1.80, 1.80, 1.80 , -3.461276E-011, 3.469280E-012, -8.781931E-012, -1.033430E-013, 2.150400E+004 1.570926E+074 2.150400E+004, Wed Oct 07 15:13:30 2015
0.40, 1.80, 1.80, 1.80 , -3.347337E-011, 3.622200E-012, -7.649948E-012, -9.810920E-014, 2.150400E+004 1.570926E+074 2.150400E+004, Wed Oct 07 15:13:38 2015
0.35, 1.80, 1.80, 1.80 , -3.271371E-011, 3.567080E-012, -9.243112E-012, -1.215460E-013, 2.150400E+004 1.570926E+074 2.150400E+004, Wed Oct 07 15:13:43 2015
0.30, 1.80, 1.80, 1.80 , -3.300914E-011, 3.698660E-012, -7.398400E-012, -1.054290E-013, 2.150400E+004 1.570926E+074 2.150400E+004, Wed Oct 07 15:13:50 2015
0.25, 1.80, 1.80, 1.80 , -3.322015E-011, 3.882050E-012, -9.662361E-012, -1.108290E-013, 2.150400E+004 1.570926E+074 2.150400E+004, Wed Oct 07 15:14:03 2015
0.20, 1.80, 1.80, 1.80 , -3.457054E-011, 3.814580E-012, -9.452735E-012, -1.054530E-013, 2.150400E+004 1.570926E+074 2.150400E+004, Wed Oct 07 15:14:08 2015
0.15, 1.80, 1.80, 1.80 , -3.617415E-011, 3.824520E-012, -1.075242E-011, -1.068710E-013, 2.150400E+004 1.570926E+074 2.150400E+004, Wed Oct 07 15:14:13 2015
0.10, 1.80, 1.80, 1.80 , -3.516134E-011, 3.989490E-012, -1.087819E-011, -1.009580E-013, 2.150400E+004 1.570926E+074 2.150400E+004, Wed Oct 07 15:14:20 2015
0.05, 1.80, 1.80, 1.80 , -3.406413E-011, 4.184720E-012, -6.979150E-012, -9.758470E-014, 2.150400E+004 1.570926E+074 2.150400E+004, Wed Oct 07 15:14:33 2015
0.00, 1.80, 1.80, 1.80 , -3.655394E-011, 4.217040E-012, -1.092012E-011, -1.121280E-013, 2.150400E+004 1.570926E+074 2.150400E+004, Wed Oct 07 15:14:43 2015
-0.05, 1.80, 1.80, 1.80 , -3.828419E-011, 4.524430E-012, -1.574152E-011, -1.106980E-013, 2.150400E+004 1.570926E+074 2.150400E+004, Wed Oct 07 15:14:50 2015
-0.10, 1.80, 1.80, 1.80 , -3.634295E-011, 4.300340E-012, -1.071049E-011, -1.169090E-013, 2.150400E+004 1.570926E+074 2.150400E+004, Wed Oct 07 15:14:57 2015
-0.15, 1.80, 1.80, 1.80 , -3.621633E-011, 4.365320E-012, -1.045894E-011, -1.021500E-013, 2.150400E+004 1.570926E+074 2.150400E+004, Wed Oct 07 15:15:03 2015
-0.20, 1.80, 1.80, 1.80 , -3.621634E-011, 4.299900E-012, -9.662372E-012, -1.191970E-013, 2.150400E+004 1.570926E+074 2.150400E+004, Wed Oct 07 15:15:08 2015
