1.30, 1.80, 1.80, 1.80 , -7.093704E-008, 3.530960E-012, 6.812758E-005, -9.740590E-014, 2.150400E+004 1.570926E+074 2.150400E+004, Sun Oct 11 14:35:23 2015
1.30, 1.80, 1.78, 1.80 , -2.359848E-011, 4.279390E-012, 6.602874E-005, -1.088860E-013, 2.150400E+004 1.570926E+074 2.150400E+004, Sun Oct 11 14:35:28 2015
1.30, 1.80, 1.76, 1.80 , -2.414708E-011, 4.486990E-012, 6.392467E-005, -9.303090E-014, 2.150400E+004 1.570926E+074 2.150400E+004, Sun Oct 11 14:35:35 2015
1.30, 1.80, 1.74, 1.80 , -2.482230E-011, 4.640050E-012, 6.182391E-005, -1.140480E-013, 2.150400E+004 1.570926E+074 2.150400E+004, Sun Oct 11 14:35:41 2015
1.30, 1.80, 1.72, 1.80 , -2.541310E-011, 4.696890E-012, 5.977529E-005, -1.222250E-013, 2.150400E+004 1.570926E+074 2.150400E+004, Sun Oct 11 14:35:47 2015
1.30, 1.80, 1.70, 1.80 , -2.545530E-011, 4.865070E-012, 5.770034E-005, -9.233950E-014, 2.150400E+004 1.570926E+074 2.150400E+004, Sun Oct 11 14:36:30 2015
1.30, 1.80, 1.68, 1.80 , -2.473789E-011, 4.885270E-012, 5.563322E-005, -8.130070E-014, 2.150400E+004 1.570926E+074 2.150400E+004, Sun Oct 11 14:36:37 2015
1.30, 1.80, 1.66, 1.80 , -2.528650E-011, 5.011310E-012, 5.051478E-005, -1.159910E-013, 2.150400E+004 1.570926E+074 2.150400E+004, Sun Oct 11 14:36:48 2015
1.30, 1.80, 1.64, 1.80 , -2.486452E-011, 5.027170E-012, 4.852577E-005, -8.225440E-014, 2.150400E+004 1.570926E+074 2.150400E+004, Sun Oct 11 14:36:55 2015
1.30, 1.80, 1.62, 1.80 , -2.625711E-011, 5.096880E-012, 4.657566E-005, -9.578470E-014, 2.150400E+004 1.570926E+074 2.150400E+004, Sun Oct 11 14:37:00 2015
1.30, 1.80, 1.60, 1.80 , -2.570851E-011, 5.047430E-012, 4.462056E-005, -9.356740E-014, 2.150400E+004 1.570926E+074 2.150400E+004, Sun Oct 11 14:37:42 2015
1.30, 1.80, 1.58, 1.80 , -2.566630E-011, 5.210820E-012, 4.266084E-005, -1.039500E-013, 2.150400E+004 1.570926E+074 2.150400E+004, Sun Oct 11 14:37:48 2015
1.30, 1.80, 1.56, 1.80 , -2.465351E-011, 5.262290E-012, 4.070755E-005, -1.076220E-013, 2.150400E+004 1.570926E+074 2.150400E+004, Sun Oct 11 14:37:55 2015
1.30, 1.80, 1.54, 1.80 , -2.710113E-011, 5.279430E-012, 3.876093E-005, -1.106140E-013, 2.150400E+004 1.570926E+074 2.150400E+004, Sun Oct 11 14:38:15 2015
1.30, 1.80, 1.52, 1.80 , -2.651033E-011, 5.248810E-012, 3.685555E-005, -1.258730E-013, 2.150400E+004 1.570926E+074 2.150400E+004, Sun Oct 11 14:38:24 2015
1.30, 1.80, 1.50, 1.80 , -2.321870E-011, 5.281090E-012, 3.491598E-005, -1.269340E-013, 2.150400E+004 1.570926E+074 2.150400E+004, Sun Oct 11 14:38:30 2015
1.30, 1.80, 1.48, 1.80 , -2.452690E-011, 5.370650E-012, 3.298404E-005, -9.431840E-014, 2.150400E+004 1.570926E+074 2.150400E+004, Sun Oct 11 14:38:57 2015
1.30, 1.80, 1.46, 1.80 , -2.558193E-011, 5.315610E-012, 3.105962E-005, -8.226630E-014, 2.150400E+004 1.570926E+074 2.150400E+004, Sun Oct 11 14:39:18 2015
1.30, 1.80, 1.44, 1.80 , -2.427370E-011, 5.416470E-012, 2.915461E-005, -7.101300E-014, 2.150400E+004 1.570926E+074 2.150400E+004, Sun Oct 11 14:39:31 2015
1.30, 1.80, 1.42, 1.80 , -2.423149E-011, 5.454610E-012, 2.725294E-005, -9.546280E-014, 2.150400E+004 1.570926E+074 2.150400E+004, Sun Oct 11 14:39:50 2015
1.30, 1.80, 1.40, 1.80 , -2.507551E-011, 5.486310E-012, 2.534896E-005, -8.621220E-014, 2.150400E+004 1.570926E+074 2.150400E+004, Sun Oct 11 14:40:31 2015
1.30, 1.80, 1.38, 1.80 , -2.608832E-011, 5.501950E-012, 2.346523E-005, -1.221660E-013, 2.150400E+004 1.570926E+074 2.150400E+004, Sun Oct 11 14:41:03 2015
1.30, 1.80, 1.36, 1.80 , -2.553972E-011, 5.570050E-012, 2.157167E-005, -1.056790E-013, 2.150400E+004 1.570926E+074 2.150400E+004, Sun Oct 11 14:42:02 2015
1.30, 1.80, 1.34, 1.80 , -2.515991E-011, 5.562040E-012, 1.968529E-005, -9.028910E-014, 2.150400E+004 1.570926E+074 2.150400E+004, Sun Oct 11 14:43:15 2015
1.30, 1.80, 1.32, 1.80 , -2.925333E-011, 5.567740E-012, 1.780861E-005, -9.313820E-014, 2.150400E+004 1.570926E+074 2.150400E+004, Sun Oct 11 14:43:21 2015
1.30, 1.80, 1.30, 1.80 , -2.427370E-011, 5.996260E-012, 1.592911E-005, -9.285210E-014, 2.150400E+004 1.570926E+074 2.150400E+004, Sun Oct 11 14:43:29 2015
1.30, 1.80, 1.28, 1.80 , -8.912795E-012, 5.611010E-012, 1.388209E-005, -9.218450E-014, 2.150400E+004 1.570926E+074 2.150400E+004, Sun Oct 11 14:43:46 2015
1.30, 1.80, 1.26, 1.80 , 3.189997E-010, 6.024540E-012, 1.022509E-005, -9.524820E-014, 2.150400E+004 1.570926E+074 2.150400E+004, Sun Oct 11 14:46:37 2015
1.30, 1.80, 1.24, 1.80 , -3.068818E-011, 1.066550E-011, 7.242296E-010, -8.698700E-014, 2.150400E+004 1.570926E+074 2.150400E+004, Sun Oct 11 14:46:44 2015
1.30, 1.80, 1.22, 1.80 , -2.078871E-010, 1.890930E-010, 7.154562E-011, -6.870030E-014, 2.150400E+004 1.570926E+074 2.150400E+004, Sun Oct 11 14:47:00 2015
1.30, 1.80, 1.20, 1.80 , -4.865238E-009, 4.865520E-009, 1.478609E-013, -7.896420E-014, 2.150400E+004 1.570926E+074 2.150400E+004, Sun Oct 11 14:47:05 2015
1.30, 1.80, 1.18, 1.80 , -4.815119E-008, 4.834660E-008, -8.572487E-012, -1.018520E-013, 2.150400E+004 1.570926E+074 2.150400E+004, Sun Oct 11 14:47:08 2015
1.30, 1.80, 1.16, 1.80 , -2.632197E-007, 2.644790E-007, -1.209417E-011, -9.121890E-014, 2.150400E+004 1.570926E+074 2.150400E+004, Sun Oct 11 14:47:12 2015
1.30, 1.80, 1.14, 1.80 , -8.400996E-007, 8.411350E-007, -1.058487E-011, -1.098040E-013, 2.150400E+004 1.570926E+074 2.150400E+004, Sun Oct 11 14:47:16 2015
1.30, 1.80, 1.12, 1.80 , -1.962039E-006, 1.962570E-006, -1.322614E-011, -9.399650E-014, 2.150400E+004 1.570926E+074 2.150400E+004, Sun Oct 11 14:47:20 2015
1.30, 1.80, 1.10, 1.80 , -3.746671E-006, 3.752090E-006, -1.184262E-011, -7.355210E-014, 2.150400E+004 1.570926E+074 2.150400E+004, Sun Oct 11 14:47:24 2015
1.30, 1.80, 1.08, 1.80 , -6.240377E-006, 6.245680E-006, -1.121374E-011, -1.108290E-013, 2.150400E+004 1.570926E+074 2.150400E+004, Sun Oct 11 14:47:27 2015
1.30, 1.80, 1.06, 1.80 , -9.435317E-006, 9.442450E-006, -1.385499E-011, -1.135470E-013, 2.150400E+004 1.570926E+074 2.150400E+004, Sun Oct 11 14:47:31 2015
1.30, 1.80, 1.04, 1.80 , -1.333351E-005, 1.332720E-005, -1.440002E-011, -8.827450E-014, 2.150400E+004 1.570926E+074 2.150400E+004, Sun Oct 11 14:47:35 2015
1.30, 1.80, 1.02, 1.80 , -1.788459E-005, 1.788410E-005, -1.268110E-011, -1.094340E-013, 2.150400E+004 1.570926E+074 2.150400E+004, Sun Oct 11 14:47:38 2015
1.30, 1.80, 1.00, 1.80 , -2.315910E-005, 2.316020E-005, -1.410654E-011, -1.074550E-013, 2.150400E+004 1.570926E+074 2.150400E+004, Sun Oct 11 14:47:42 2015
1.30, 1.80, 0.98, 1.80 , -2.914853E-005, 2.914640E-005, -1.901173E-011, -1.055720E-013, 2.150400E+004 1.570926E+074 2.150400E+004, Sun Oct 11 14:47:45 2015
1.30, 1.80, 0.96, 1.80 , -3.583053E-005, 3.583180E-005, -1.582546E-011, -1.055120E-013, 2.150400E+004 1.570926E+074 2.150400E+004, Sun Oct 11 14:47:49 2015
1.30, 1.80, 0.94, 1.80 , -4.319231E-005, 4.319050E-005, -1.569968E-011, -9.918210E-014, 2.150400E+004 1.570926E+074 2.150400E+004, Sun Oct 11 14:47:52 2015
1.30, 1.80, 0.92, 1.80 , -5.116935E-005, 5.116770E-005, -1.838286E-011, -8.652210E-014, 2.150400E+004 1.570926E+074 2.150400E+004, Sun Oct 11 14:47:56 2015
1.30, 1.80, 0.90, 1.80 , -5.969794E-005, 5.969850E-005, -1.867633E-011, -9.881260E-014, 2.150400E+004 1.570926E+074 2.150400E+004, Sun Oct 11 14:48:00 2015
1.30, 1.80, 0.88, 1.80 , -6.870600E-005, 6.870020E-005, -1.829902E-011, -7.766490E-014, 2.150400E+004 1.570926E+074 2.150400E+004, Sun Oct 11 14:48:03 2015
1.30, 1.80, 0.86, 1.80 , -7.810265E-005, 7.810110E-005, -1.850864E-011, -1.108290E-013, 2.150400E+004 1.570926E+074 2.150400E+004, Sun Oct 11 14:48:07 2015
1.30, 1.80, 0.84, 1.80 , -8.779598E-005, 8.778460E-005, -1.620278E-011, -1.105310E-013, 2.150400E+004 1.570926E+074 2.150400E+004, Sun Oct 11 14:48:10 2015
1.30, 1.80, 0.82, 1.80 , -9.770766E-005, 9.770210E-005, -2.035332E-011, -1.009700E-013, 2.150400E+004 1.570926E+074 2.150400E+004, Sun Oct 11 14:48:14 2015
1.30, 1.80, 0.80, 1.80 , -1.077666E-004, 1.077630E-004, -2.001792E-011, -1.339200E-013, 2.150400E+004 1.570926E+074 2.150400E+004, Sun Oct 11 14:48:17 2015
1.30, 1.80, 0.78, 1.80 , -1.178665E-004, 1.178610E-004, -2.337193E-011, -8.790490E-014, 2.150400E+004 1.570926E+074 2.150400E+004, Sun Oct 11 14:48:21 2015
1.30, 1.80, 0.76, 1.80 , -1.279412E-004, 1.279460E-004, -1.938905E-011, -1.012330E-013, 2.150400E+004 1.570926E+074 2.150400E+004, Sun Oct 11 14:48:25 2015
1.30, 1.80, 0.74, 1.80 , -1.379527E-004, 1.379510E-004, -2.056295E-011, -1.125690E-013, 2.150400E+004 1.570926E+074 2.150400E+004, Sun Oct 11 14:48:28 2015
1.30, 1.80, 0.72, 1.80 , -1.478383E-004, 1.478380E-004, -2.374929E-011, -1.168850E-013, 2.150400E+004 1.570926E+074 2.150400E+004, Sun Oct 11 14:48:32 2015
1.30, 1.80, 0.70, 1.80 , -1.575695E-004, 1.575530E-004, -1.892788E-011, -1.119260E-013, 2.150400E+004 1.570926E+074 2.150400E+004, Sun Oct 11 14:48:35 2015
1.30, 1.80, 0.68, 1.80 , -1.671076E-004, 1.670910E-004, -2.198839E-011, -7.690190E-014, 2.150400E+004 1.570926E+074 2.150400E+004, Sun Oct 11 14:48:39 2015
1.30, 1.80, 0.66, 1.80 , -1.764333E-004, 1.764240E-004, -2.366543E-011, -1.095770E-013, 2.150400E+004 1.570926E+074 2.150400E+004, Sun Oct 11 14:48:42 2015
1.30, 1.80, 0.64, 1.80 , -1.855442E-004, 1.855300E-004, -2.605538E-011, -9.939670E-014, 2.150400E+004 1.570926E+074 2.150400E+004, Sun Oct 11 14:48:46 2015
1.30, 1.80, 0.62, 1.80 , -1.944162E-004, 1.944090E-004, -2.504909E-011, -1.141070E-013, 2.150400E+004 1.570926E+074 2.150400E+004, Sun Oct 11 14:48:49 2015
1.30, 1.80, 0.60, 1.80 , -2.030495E-004, 2.030390E-004, -2.374929E-011, -1.045700E-013, 2.150400E+004 1.570926E+074 2.150400E+004, Sun Oct 11 14:48:53 2015
1.30, 1.80, 0.58, 1.80 , -2.114503E-004, 2.114350E-004, -2.282688E-011, -7.460120E-014, 2.150400E+004 1.570926E+074 2.150400E+004, Sun Oct 11 14:48:56 2015
1.30, 1.80, 0.56, 1.80 , -2.196068E-004, 2.195870E-004, -2.391701E-011, -1.098040E-013, 2.150400E+004 1.570926E+074 2.150400E+004, Sun Oct 11 14:49:00 2015
1.30, 1.80, 0.54, 1.80 , -2.275265E-004, 2.275120E-004, -2.521680E-011, -8.625980E-014, 2.150400E+004 1.570926E+074 2.150400E+004, Sun Oct 11 14:49:04 2015
1.30, 1.80, 0.52, 1.80 , -2.352191E-004, 2.352040E-004, -2.488137E-011, -9.661910E-014, 2.150400E+004 1.570926E+074 2.150400E+004, Sun Oct 11 14:49:07 2015
1.30, 1.80, 0.50, 1.80 , -2.426684E-004, 2.426520E-004, -2.458787E-011, -1.017930E-013, 2.150400E+004 1.570926E+074 2.150400E+004, Sun Oct 11 14:49:11 2015
1.30, 1.80, 0.48, 1.80 , -2.498794E-004, 2.498640E-004, -2.534259E-011, -9.814500E-014, 2.150400E+004 1.570926E+074 2.150400E+004, Sun Oct 11 14:49:14 2015
1.30, 1.80, 0.46, 1.80 , -2.568725E-004, 2.568430E-004, -2.509101E-011, -9.748940E-014, 2.150400E+004 1.570926E+074 2.150400E+004, Sun Oct 11 14:49:18 2015
1.30, 1.80, 0.44, 1.80 , -2.636492E-004, 2.636320E-004, -2.634888E-011, -1.020670E-013, 2.150400E+004 1.570926E+074 2.150400E+004, Sun Oct 11 14:49:21 2015
1.30, 1.80, 0.42, 1.80 , -2.702159E-004, 2.702010E-004, -2.718746E-011, -8.313660E-014, 2.150400E+004 1.570926E+074 2.150400E+004, Sun Oct 11 14:49:25 2015
1.30, 1.80, 0.40, 1.80 , -2.765799E-004, 2.765620E-004, -2.777447E-011, -9.279250E-014, 2.150400E+004 1.570926E+074 2.150400E+004, Sun Oct 11 14:49:28 2015
1.30, 1.80, 0.38, 1.80 , -2.827349E-004, 2.827080E-004, -2.647467E-011, -9.005070E-014, 2.150400E+004 1.570926E+074 2.150400E+004, Sun Oct 11 14:49:32 2015
1.30, 1.80, 0.36, 1.80 , -2.887167E-004, 2.886920E-004, -2.790025E-011, -9.949210E-014, 2.150400E+004 1.570926E+074 2.150400E+004, Sun Oct 11 14:49:36 2015
1.30, 1.80, 0.34, 1.80 , -2.945234E-004, 2.944920E-004, -2.903233E-011, -1.085400E-013, 2.150400E+004 1.570926E+074 2.150400E+004, Sun Oct 11 14:49:39 2015
1.30, 1.80, 0.32, 1.80 , -3.001434E-004, 3.001150E-004, -2.882268E-011, -1.106260E-013, 2.150400E+004 1.570926E+074 2.150400E+004, Sun Oct 11 14:49:43 2015
1.30, 1.80, 0.30, 1.80 , -3.055869E-004, 3.055670E-004, -2.643274E-011, -1.233580E-013, 2.150400E+004 1.570926E+074 2.150400E+004, Sun Oct 11 14:49:46 2015
1.30, 1.80, 0.28, 1.80 , -3.108801E-004, 3.108490E-004, -2.815182E-011, -9.731050E-014, 2.150400E+004 1.570926E+074 2.150400E+004, Sun Oct 11 14:49:50 2015
1.30, 1.80, 0.26, 1.80 , -3.160051E-004, 3.159790E-004, -2.710360E-011, -1.020430E-013, 2.150400E+004 1.570926E+074 2.150400E+004, Sun Oct 11 14:49:53 2015
1.30, 1.80, 0.24, 1.80 , -3.209905E-004, 3.209700E-004, -2.995476E-011, -9.427070E-014, 2.150400E+004 1.570926E+074 2.150400E+004, Sun Oct 11 14:49:57 2015
1.30, 1.80, 0.22, 1.80 , -3.258255E-004, 3.258130E-004, -3.008055E-011, -8.230210E-014, 2.150400E+004 1.570926E+074 2.150400E+004, Sun Oct 11 14:50:00 2015
1.30, 1.80, 0.20, 1.80 , -3.305268E-004, 3.304960E-004, -2.869690E-011, -7.721190E-014, 2.150400E+004 1.570926E+074 2.150400E+004, Sun Oct 11 14:50:04 2015
1.30, 1.80, 0.18, 1.80 , -3.351022E-004, 3.350720E-004, -3.150613E-011, -9.895560E-014, 2.150400E+004 1.570926E+074 2.150400E+004, Sun Oct 11 14:50:07 2015
1.30, 1.80, 0.16, 1.80 , -3.395517E-004, 3.395220E-004, -3.293171E-011, -8.968120E-014, 2.150400E+004 1.570926E+074 2.150400E+004, Sun Oct 11 14:50:11 2015
1.30, 1.80, 0.14, 1.80 , -3.438647E-004, 3.438400E-004, -3.213507E-011, -6.397960E-014, 2.150400E+004 1.570926E+074 2.150400E+004, Sun Oct 11 14:50:15 2015
1.30, 1.80, 0.12, 1.80 , -3.480585E-004, 3.480300E-004, -3.075141E-011, -1.150370E-013, 2.150400E+004 1.570926E+074 2.150400E+004, Sun Oct 11 14:50:18 2015
1.30, 1.80, 0.10, 1.80 , -3.521526E-004, 3.521140E-004, -3.502816E-011, -1.039500E-013, 2.150400E+004 1.570926E+074 2.150400E+004, Sun Oct 11 14:50:22 2015
1.30, 1.80, 0.08, 1.80 , -3.560986E-004, 3.560660E-004, -3.372836E-011, -1.076100E-013, 2.150400E+004 1.570926E+074 2.150400E+004, Sun Oct 11 14:50:25 2015
1.30, 1.80, 0.06, 1.80 , -3.599346E-004, 3.599030E-004, -3.574094E-011, -9.522440E-014, 2.150400E+004 1.570926E+074 2.150400E+004, Sun Oct 11 14:50:29 2015
1.30, 1.80, 0.04, 1.80 , -3.636971E-004, 3.636600E-004, -3.494431E-011, -1.150250E-013, 2.150400E+004 1.570926E+074 2.150400E+004, Sun Oct 11 14:50:32 2015
1.30, 1.80, 0.02, 1.80 , -3.673261E-004, 3.672930E-004, -3.435729E-011, -1.033780E-013, 2.150400E+004 1.570926E+074 2.150400E+004, Sun Oct 11 14:50:36 2015
1.30, 1.80, 0.00, 1.80 , -3.708701E-004, 3.708390E-004, -3.611831E-011, -1.109960E-013, 2.150400E+004 1.570926E+074 2.150400E+004, Sun Oct 11 14:50:39 2015
1.30, 1.80, -0.02, 1.80 , -3.743411E-004, 3.743030E-004, -3.423152E-011, -8.311270E-014, 2.150400E+004 1.570926E+074 2.150400E+004, Sun Oct 11 14:50:43 2015
1.30, 1.80, -0.04, 1.80 , -3.777028E-004, 3.776700E-004, -3.725038E-011, -1.038070E-013, 2.150400E+004 1.570926E+074 2.150400E+004, Sun Oct 11 14:50:47 2015
1.30, 1.80, -0.06, 1.80 , -3.809801E-004, 3.809470E-004, -3.687303E-011, -9.423490E-014, 2.150400E+004 1.570926E+074 2.150400E+004, Sun Oct 11 14:50:50 2015
1.30, 1.80, -0.08, 1.80 , -3.841897E-004, 3.841530E-004, -3.754390E-011, -8.867980E-014, 2.150400E+004 1.570926E+074 2.150400E+004, Sun Oct 11 14:50:54 2015
1.30, 1.80, -0.10, 1.80 , -3.872939E-004, 3.872600E-004, -3.599252E-011, -1.075390E-013, 2.150400E+004 1.570926E+074 2.150400E+004, Sun Oct 11 14:50:57 2015
1.30, 1.80, -0.12, 1.80 , -3.903162E-004, 3.902820E-004, -3.532166E-011, -1.002910E-013, 2.150400E+004 1.570926E+074 2.150400E+004, Sun Oct 11 14:51:01 2015
1.30, 1.80, -0.14, 1.80 , -3.932757E-004, 3.932390E-004, -3.712460E-011, -1.157050E-013, 2.150400E+004 1.570926E+074 2.150400E+004, Sun Oct 11 14:51:04 2015
1.30, 1.80, -0.16, 1.80 , -3.961575E-004, 3.961230E-004, -3.653760E-011, -1.091720E-013, 2.150400E+004 1.570926E+074 2.150400E+004, Sun Oct 11 14:51:08 2015
1.30, 1.80, -0.18, 1.80 , -3.989667E-004, 3.989320E-004, -3.834054E-011, -9.326940E-014, 2.150400E+004 1.570926E+074 2.150400E+004, Sun Oct 11 14:51:11 2015
1.30, 1.80, -0.20, 1.80 , -4.016962E-004, 4.016650E-004, -3.930490E-011, -9.397270E-014, 2.150400E+004 1.570926E+074 2.150400E+004, Sun Oct 11 14:51:15 2015
