1.80, 1.80, 1.00, 1.80 , 5.675643E-008, -5.648250E-008, -4.450433E-011, -1.114960E-013, 2.150400E+004 1.570926E+074 2.150400E+004, Wed Oct 07 15:17:43 2015
1.75, 1.80, 1.00, 1.80 , -9.826909E-006, 9.827240E-006, -3.247060E-011, -1.059410E-013, 2.150400E+004 1.570926E+074 2.150400E+004, Wed Oct 07 15:17:47 2015
1.70, 1.80, 1.00, 1.80 , -1.829915E-005, 1.828800E-005, -2.848731E-011, -1.318690E-013, 2.150400E+004 1.570926E+074 2.150400E+004, Wed Oct 07 15:17:51 2015
1.65, 1.80, 1.00, 1.80 , -2.532105E-005, 2.530930E-005, -3.347691E-011, -1.122950E-013, 2.150400E+004 1.570926E+074 2.150400E+004, Wed Oct 07 15:17:54 2015
1.60, 1.80, 1.00, 1.80 , -3.091454E-005, 3.090050E-005, -3.226095E-011, -1.227500E-013, 2.150400E+004 1.570926E+074 2.150400E+004, Wed Oct 07 15:17:58 2015
1.55, 1.80, 1.00, 1.80 , -3.513481E-005, 3.512050E-005, -3.297376E-011, -1.062870E-013, 2.150400E+004 1.570926E+074 2.150400E+004, Wed Oct 07 15:18:01 2015
1.50, 1.80, 1.00, 1.80 , -3.811242E-005, 3.809680E-005, -3.557337E-011, -1.037600E-013, 2.150400E+004 1.570926E+074 2.150400E+004, Wed Oct 07 15:18:05 2015
1.45, 1.80, 1.00, 1.80 , -4.002884E-005, 4.001030E-005, -3.284796E-011, -1.116630E-013, 2.150400E+004 1.570926E+074 2.150400E+004, Wed Oct 07 15:18:08 2015
1.40, 1.80, 1.00, 1.80 , -4.116292E-005, 4.115360E-005, -3.146430E-011, -1.034260E-013, 2.150400E+004 1.570926E+074 2.150400E+004, Wed Oct 07 15:18:12 2015
1.35, 1.80, 1.00, 1.80 , -4.182638E-005, 4.180980E-005, -2.953555E-011, -1.117470E-013, 2.150400E+004 1.570926E+074 2.150400E+004, Wed Oct 07 15:18:15 2015
1.30, 1.80, 1.00, 1.80 , -4.221750E-005, 4.220240E-005, -3.045799E-011, -1.047490E-013, 2.150400E+004 1.570926E+074 2.150400E+004, Wed Oct 07 15:18:19 2015
1.25, 1.80, 1.00, 1.80 , -4.248357E-005, 4.247090E-005, -3.150622E-011, -1.182320E-013, 2.150400E+004 1.570926E+074 2.150400E+004, Wed Oct 07 15:18:22 2015
1.20, 1.80, 1.00, 1.80 , -4.270062E-005, 4.267520E-005, -2.861310E-011, -9.819270E-014, 2.150400E+004 1.570926E+074 2.150400E+004, Wed Oct 07 15:18:26 2015
1.15, 1.80, 1.00, 1.80 , -4.286703E-005, 4.284910E-005, -3.221903E-011, -1.015420E-013, 2.150400E+004 1.570926E+074 2.150400E+004, Wed Oct 07 15:18:30 2015
1.10, 1.80, 1.00, 1.80 , -4.301762E-005, 4.299650E-005, -3.335112E-011, -9.788270E-014, 2.150400E+004 1.570926E+074 2.150400E+004, Wed Oct 07 15:18:33 2015
1.05, 1.80, 1.00, 1.80 , -4.314653E-005, 4.313380E-005, -2.911625E-011, -1.086470E-013, 2.150400E+004 1.570926E+074 2.150400E+004, Wed Oct 07 15:18:37 2015
1.00, 1.80, 1.00, 1.80 , -4.326387E-005, 4.325280E-005, -3.179974E-011, -9.933710E-014, 2.150400E+004 1.570926E+074 2.150400E+004, Wed Oct 07 15:18:40 2015
0.95, 1.80, 1.00, 1.80 , -4.338265E-005, 4.336780E-005, -3.008063E-011, -9.996890E-014, 2.150400E+004 1.570926E+074 2.150400E+004, Wed Oct 07 15:18:44 2015
0.90, 1.80, 1.00, 1.80 , -4.350375E-005, 4.348630E-005, -3.104500E-011, -1.053210E-013, 2.150400E+004 1.570926E+074 2.150400E+004, Wed Oct 07 15:18:47 2015
0.85, 1.80, 1.00, 1.80 , -4.360521E-005, 4.359390E-005, -2.903239E-011, -1.083140E-013, 2.150400E+004 1.570926E+074 2.150400E+004, Wed Oct 07 15:18:51 2015
0.80, 1.80, 1.00, 1.80 , -4.370360E-005, 4.368870E-005, -3.347690E-011, -1.222370E-013, 2.150400E+004 1.570926E+074 2.150400E+004, Wed Oct 07 15:18:54 2015
0.75, 1.80, 1.00, 1.80 , -4.380212E-005, 4.378640E-005, -3.288989E-011, -1.227970E-013, 2.150400E+004 1.570926E+074 2.150400E+004, Wed Oct 07 15:18:58 2015
0.70, 1.80, 1.00, 1.80 , -4.388817E-005, 4.387740E-005, -3.129658E-011, -1.114490E-013, 2.150400E+004 1.570926E+074 2.150400E+004, Wed Oct 07 15:19:01 2015
0.65, 1.80, 1.00, 1.80 , -4.398760E-005, 4.396850E-005, -2.899046E-011, -1.068120E-013, 2.150400E+004 1.570926E+074 2.150400E+004, Wed Oct 07 15:19:05 2015
0.60, 1.80, 1.00, 1.80 , -4.407790E-005, 4.406060E-005, -3.351883E-011, -1.290200E-013, 2.150400E+004 1.570926E+074 2.150400E+004, Wed Oct 07 15:19:09 2015
0.55, 1.80, 1.00, 1.80 , -4.414824E-005, 4.413090E-005, -3.179973E-011, -1.076100E-013, 2.150400E+004 1.570926E+074 2.150400E+004, Wed Oct 07 15:19:12 2015
0.50, 1.80, 1.00, 1.80 , -4.423839E-005, 4.421650E-005, -3.288989E-011, -1.173970E-013, 2.150400E+004 1.570926E+074 2.150400E+004, Wed Oct 07 15:19:16 2015
0.45, 1.80, 1.00, 1.80 , -4.432105E-005, 4.430340E-005, -3.280604E-011, -1.126890E-013, 2.150400E+004 1.570926E+074 2.150400E+004, Wed Oct 07 15:19:19 2015
0.40, 1.80, 1.00, 1.80 , -4.440106E-005, 4.438120E-005, -2.899046E-011, -1.446250E-013, 2.150400E+004 1.570926E+074 2.150400E+004, Wed Oct 07 15:19:23 2015
0.35, 1.80, 1.00, 1.80 , -4.446661E-005, 4.445480E-005, -2.882274E-011, -9.965900E-014, 2.150400E+004 1.570926E+074 2.150400E+004, Wed Oct 07 15:19:26 2015
0.30, 1.80, 1.00, 1.80 , -4.455423E-005, 4.454030E-005, -3.070957E-011, -1.280430E-013, 2.150400E+004 1.570926E+074 2.150400E+004, Wed Oct 07 15:19:30 2015
0.25, 1.80, 1.00, 1.80 , -4.462097E-005, 4.460800E-005, -3.003870E-011, -1.115800E-013, 2.150400E+004 1.570926E+074 2.150400E+004, Wed Oct 07 15:19:33 2015
0.20, 1.80, 1.00, 1.80 , -4.468952E-005, 4.467330E-005, -2.987098E-011, -1.086470E-013, 2.150400E+004 1.570926E+074 2.150400E+004, Wed Oct 07 15:19:37 2015
0.15, 1.80, 1.00, 1.80 , -4.476568E-005, 4.474710E-005, -2.865503E-011, -1.124500E-013, 2.150400E+004 1.570926E+074 2.150400E+004, Wed Oct 07 15:19:41 2015
0.10, 1.80, 1.00, 1.80 , -4.483159E-005, 4.481070E-005, -3.058379E-011, -1.177190E-013, 2.150400E+004 1.570926E+074 2.150400E+004, Wed Oct 07 15:19:44 2015
0.05, 1.80, 1.00, 1.80 , -4.490637E-005, 4.489000E-005, -2.890660E-011, -1.112940E-013, 2.150400E+004 1.570926E+074 2.150400E+004, Wed Oct 07 15:19:48 2015
0.00, 1.80, 1.00, 1.80 , -4.497459E-005, 4.495870E-005, -2.890660E-011, -1.234890E-013, 2.150400E+004 1.570926E+074 2.150400E+004, Wed Oct 07 15:19:51 2015
-0.05, 1.80, 1.00, 1.80 , -4.502761E-005, 4.501900E-005, -2.731329E-011, -1.286980E-013, 2.150400E+004 1.570926E+074 2.150400E+004, Wed Oct 07 15:19:55 2015
-0.10, 1.80, 1.00, 1.80 , -4.510338E-005, 4.508590E-005, -3.100306E-011, -1.127960E-013, 2.150400E+004 1.570926E+074 2.150400E+004, Wed Oct 07 15:19:58 2015
-0.15, 1.80, 1.00, 1.80 , -4.516536E-005, 4.514640E-005, -2.978712E-011, -1.186970E-013, 2.150400E+004 1.570926E+074 2.150400E+004, Wed Oct 07 15:20:02 2015
-0.20, 1.80, 1.00, 1.80 , -4.522564E-005, 4.520230E-005, -2.697785E-011, -1.182680E-013, 2.150400E+004 1.570926E+074 2.150400E+004, Wed Oct 07 15:20:05 2015
