1.80, 1.80, 0.60, 1.80 , -6.633974E-012, 7.113960E-011, -2.387508E-011, -9.485480E-014, 2.150400E+004 1.570926E+074 2.150400E+004, Sun Oct 11 15:17:58 2015
1.75, 1.80, 0.60, 1.80 , -3.610625E-006, 3.620510E-006, -2.639081E-011, -9.176730E-014, 2.150400E+004 1.570926E+074 2.150400E+004, Sun Oct 11 15:18:05 2015
1.70, 1.80, 0.60, 1.80 , -1.543547E-005, 1.544180E-005, -2.685202E-011, -8.833410E-014, 2.150400E+004 1.570926E+074 2.150400E+004, Sun Oct 11 15:18:09 2015
1.65, 1.80, 0.60, 1.80 , -3.415322E-005, 3.415800E-005, -2.651659E-011, -1.017570E-013, 2.150400E+004 1.570926E+074 2.150400E+004, Sun Oct 11 15:18:12 2015
1.60, 1.80, 0.60, 1.80 , -5.975834E-005, 5.977110E-005, -2.597152E-011, -9.188650E-014, 2.150400E+004 1.570926E+074 2.150400E+004, Sun Oct 11 15:18:16 2015
1.55, 1.80, 0.60, 1.80 , -8.966701E-005, 8.965880E-005, -2.324614E-011, -9.537940E-014, 2.150400E+004 1.570926E+074 2.150400E+004, Sun Oct 11 15:18:19 2015
1.50, 1.80, 0.60, 1.80 , -1.196994E-004, 1.196720E-004, -2.475558E-011, -1.246930E-013, 2.150400E+004 1.570926E+074 2.150400E+004, Sun Oct 11 15:18:23 2015
1.45, 1.80, 0.60, 1.80 , -1.466976E-004, 1.466490E-004, -2.496523E-011, -1.044750E-013, 2.150400E+004 1.570926E+074 2.150400E+004, Sun Oct 11 15:18:27 2015
1.40, 1.80, 0.60, 1.80 , -1.699936E-004, 1.699460E-004, -2.643273E-011, -9.186270E-014, 2.150400E+004 1.570926E+074 2.150400E+004, Sun Oct 11 15:18:30 2015
1.35, 1.80, 0.60, 1.80 , -1.895305E-004, 1.894850E-004, -2.513294E-011, -1.017210E-013, 2.150400E+004 1.570926E+074 2.150400E+004, Sun Oct 11 15:18:34 2015
1.30, 1.80, 0.60, 1.80 , -2.057366E-004, 2.057010E-004, -2.492330E-011, -1.082780E-013, 2.150400E+004 1.570926E+074 2.150400E+004, Sun Oct 11 15:18:37 2015
1.25, 1.80, 0.60, 1.80 , -2.188023E-004, 2.187670E-004, -2.525873E-011, -9.644030E-014, 2.150400E+004 1.570926E+074 2.150400E+004, Sun Oct 11 15:18:41 2015
1.20, 1.80, 0.60, 1.80 , -2.290654E-004, 2.290140E-004, -2.383315E-011, -1.088500E-013, 2.150400E+004 1.570926E+074 2.150400E+004, Sun Oct 11 15:18:44 2015
1.15, 1.80, 0.60, 1.80 , -2.366891E-004, 2.366520E-004, -2.609730E-011, -1.055360E-013, 2.150400E+004 1.570926E+074 2.150400E+004, Sun Oct 11 15:18:48 2015
1.10, 1.80, 0.60, 1.80 , -2.421236E-004, 2.420960E-004, -2.312036E-011, -9.800200E-014, 2.150400E+004 1.570926E+074 2.150400E+004, Sun Oct 11 15:18:51 2015
1.05, 1.80, 0.60, 1.80 , -2.458609E-004, 2.458410E-004, -2.416858E-011, -1.050350E-013, 2.150400E+004 1.570926E+074 2.150400E+004, Sun Oct 11 15:18:55 2015
1.00, 1.80, 0.60, 1.80 , -2.483655E-004, 2.483460E-004, -2.483944E-011, -9.976630E-014, 2.150400E+004 1.570926E+074 2.150400E+004, Sun Oct 11 15:18:58 2015
0.95, 1.80, 0.60, 1.80 , -2.500728E-004, 2.500390E-004, -2.483944E-011, -1.143690E-013, 2.150400E+004 1.570926E+074 2.150400E+004, Sun Oct 11 15:19:02 2015
0.90, 1.80, 0.60, 1.80 , -2.512884E-004, 2.512530E-004, -2.395893E-011, -1.166340E-013, 2.150400E+004 1.570926E+074 2.150400E+004, Sun Oct 11 15:19:05 2015
0.85, 1.80, 0.60, 1.80 , -2.521930E-004, 2.521710E-004, -2.471365E-011, -1.105550E-013, 2.150400E+004 1.570926E+074 2.150400E+004, Sun Oct 11 15:19:09 2015
0.80, 1.80, 0.60, 1.80 , -2.529426E-004, 2.529120E-004, -2.492330E-011, -9.210110E-014, 2.150400E+004 1.570926E+074 2.150400E+004, Sun Oct 11 15:19:13 2015
0.75, 1.80, 0.60, 1.80 , -2.535590E-004, 2.535320E-004, -2.622309E-011, -8.468630E-014, 2.150400E+004 1.570926E+074 2.150400E+004, Sun Oct 11 15:19:16 2015
0.70, 1.80, 0.60, 1.80 , -2.541108E-004, 2.540840E-004, -2.458787E-011, -1.154780E-013, 2.150400E+004 1.570926E+074 2.150400E+004, Sun Oct 11 15:19:20 2015
0.65, 1.80, 0.60, 1.80 , -2.546203E-004, 2.545940E-004, -2.530066E-011, -9.561780E-014, 2.150400E+004 1.570926E+074 2.150400E+004, Sun Oct 11 15:19:23 2015
0.60, 1.80, 0.60, 1.80 , -2.550898E-004, 2.550650E-004, -2.525873E-011, -9.348390E-014, 2.150400E+004 1.570926E+074 2.150400E+004, Sun Oct 11 15:19:27 2015
0.55, 1.80, 0.60, 1.80 , -2.555356E-004, 2.555150E-004, -2.391700E-011, -9.245870E-014, 2.150400E+004 1.570926E+074 2.150400E+004, Sun Oct 11 15:19:30 2015
0.50, 1.80, 0.60, 1.80 , -2.559396E-004, 2.559200E-004, -2.299458E-011, -8.895400E-014, 2.150400E+004 1.570926E+074 2.150400E+004, Sun Oct 11 15:19:34 2015
0.45, 1.80, 0.60, 1.80 , -2.563525E-004, 2.563230E-004, -2.442015E-011, -9.022950E-014, 2.150400E+004 1.570926E+074 2.150400E+004, Sun Oct 11 15:19:37 2015
0.40, 1.80, 0.60, 1.80 , -2.567937E-004, 2.567680E-004, -2.387508E-011, -1.029970E-013, 2.150400E+004 1.570926E+074 2.150400E+004, Sun Oct 11 15:19:41 2015
0.35, 1.80, 0.60, 1.80 , -2.573665E-004, 2.573590E-004, -2.471365E-011, -8.300540E-014, 2.150400E+004 1.570926E+074 2.150400E+004, Sun Oct 11 15:19:44 2015
0.30, 1.80, 0.60, 1.80 , -2.583751E-004, 2.583890E-004, -2.312036E-011, -8.342270E-014, 2.150400E+004 1.570926E+074 2.150400E+004, Sun Oct 11 15:19:48 2015
0.25, 1.80, 0.60, 1.80 , -2.595816E-004, 2.595600E-004, -2.353964E-011, -7.814170E-014, 2.150400E+004 1.570926E+074 2.150400E+004, Sun Oct 11 15:19:52 2015
0.20, 1.80, 0.60, 1.80 , -2.608611E-004, 2.608000E-004, -2.538451E-011, -7.927420E-014, 2.150400E+004 1.570926E+074 2.150400E+004, Sun Oct 11 15:19:55 2015
0.15, 1.80, 0.60, 1.80 , -2.619779E-004, 2.619860E-004, -2.333000E-011, -9.461640E-014, 2.150400E+004 1.570926E+074 2.150400E+004, Sun Oct 11 15:19:59 2015
0.10, 1.80, 0.60, 1.80 , -2.632256E-004, 2.631760E-004, -2.471365E-011, -1.050110E-013, 2.150400E+004 1.570926E+074 2.150400E+004, Sun Oct 11 15:20:02 2015
0.05, 1.80, 0.60, 1.80 , -2.646006E-004, 2.645350E-004, -2.769060E-011, -9.983780E-014, 2.150400E+004 1.570926E+074 2.150400E+004, Sun Oct 11 15:20:06 2015
0.00, 1.80, 0.60, 1.80 , -2.656651E-004, 2.656190E-004, -2.119182E-011, -9.295940E-014, 2.150400E+004 1.570926E+074 2.150400E+004, Sun Oct 11 15:20:09 2015
-0.05, 1.80, 0.60, 1.80 , -2.666645E-004, 2.666510E-004, -2.563609E-011, -9.733440E-014, 2.150400E+004 1.570926E+074 2.150400E+004, Sun Oct 11 15:20:13 2015
-0.10, 1.80, 0.60, 1.80 , -2.676461E-004, 2.675690E-004, -2.592959E-011, -1.053330E-013, 2.150400E+004 1.570926E+074 2.150400E+004, Sun Oct 11 15:20:16 2015
-0.15, 1.80, 0.60, 1.80 , -2.685667E-004, 2.685370E-004, -2.408472E-011, -9.379390E-014, 2.150400E+004 1.570926E+074 2.150400E+004, Sun Oct 11 15:20:20 2015
-0.20, 1.80, 0.60, 1.80 , -2.695091E-004, 2.694850E-004, -2.312036E-011, -8.997920E-014, 2.150400E+004 1.570926E+074 2.150400E+004, Sun Oct 11 15:20:23 2015
