1.80, 1.80, 1.80, 1.80 , -1.975828E-011, 5.562350E-012, 6.455994E-005, -7.171630E-014, 2.150400E+004 1.570926E+074 2.150400E+004, Sun Oct 11 14:53:40 2015
1.75, 1.80, 1.80, 1.80 , -2.224810E-011, 5.202050E-012, 6.455231E-005, -8.116960E-014, 2.150400E+004 1.570926E+074 2.150400E+004, Sun Oct 11 14:53:51 2015
1.70, 1.80, 1.80, 1.80 , -2.153069E-011, 5.010140E-012, 6.454026E-005, -1.082060E-013, 2.150400E+004 1.570926E+074 2.150400E+004, Sun Oct 11 14:54:05 2015
1.65, 1.80, 1.80, 1.80 , -2.469572E-011, 4.893360E-012, 6.455906E-005, -1.006010E-013, 2.150400E+004 1.570926E+074 2.150400E+004, Sun Oct 11 14:54:16 2015
1.60, 1.80, 1.80, 1.80 , -2.355629E-011, 4.825230E-012, 6.456153E-005, -8.523460E-014, 2.150400E+004 1.570926E+074 2.150400E+004, Sun Oct 11 14:54:22 2015
1.55, 1.80, 1.80, 1.80 , -2.651031E-011, 4.795800E-012, 6.455082E-005, -1.089220E-013, 2.150400E+004 1.570926E+074 2.150400E+004, Sun Oct 11 14:54:56 2015
1.50, 1.80, 1.80, 1.80 , -2.342970E-011, 4.741790E-012, 6.460008E-005, -1.163600E-013, 2.150400E+004 1.570926E+074 2.150400E+004, Sun Oct 11 14:55:13 2015
1.45, 1.80, 1.80, 1.80 , -2.452691E-011, 4.761540E-012, 6.460335E-005, -8.842950E-014, 2.150400E+004 1.570926E+074 2.150400E+004, Sun Oct 11 14:55:22 2015
1.40, 1.80, 1.80, 1.80 , -2.541313E-011, 4.818820E-012, 6.458029E-005, -9.714370E-014, 2.150400E+004 1.570926E+074 2.150400E+004, Sun Oct 11 14:55:40 2015
1.35, 1.80, 1.80, 1.80 , -2.655250E-011, 4.808350E-012, 6.456342E-005, -1.016020E-013, 2.150400E+004 1.570926E+074 2.150400E+004, Sun Oct 11 14:55:56 2015
1.30, 1.80, 1.80, 1.80 , -2.600391E-011, 4.785190E-012, 6.461188E-005, -9.589200E-014, 2.150400E+004 1.570926E+074 2.150400E+004, Sun Oct 11 14:56:00 2015
1.25, 1.80, 1.80, 1.80 , -2.735431E-011, 4.885020E-012, 6.458458E-005, -8.759500E-014, 2.150400E+004 1.570926E+074 2.150400E+004, Sun Oct 11 14:56:22 2015
1.20, 1.80, 1.80, 1.80 , -2.895793E-011, 4.880300E-012, 6.456591E-005, -1.347660E-013, 2.150400E+004 1.570926E+074 2.150400E+004, Sun Oct 11 14:57:02 2015
1.15, 1.80, 1.80, 1.80 , -2.473790E-011, 4.801550E-012, 6.456662E-005, -1.059770E-013, 2.150400E+004 1.570926E+074 2.150400E+004, Sun Oct 11 14:57:28 2015
1.10, 1.80, 1.80, 1.80 , -2.680575E-011, 4.956700E-012, 6.461204E-005, -7.014270E-014, 2.150400E+004 1.570926E+074 2.150400E+004, Sun Oct 11 14:57:38 2015
1.05, 1.80, 1.80, 1.80 , -2.583512E-011, 4.842250E-012, 6.463549E-005, -7.966760E-014, 2.150400E+004 1.570926E+074 2.150400E+004, Sun Oct 11 14:57:51 2015
1.00, 1.80, 1.80, 1.80 , -2.726991E-011, 4.972860E-012, 6.460058E-005, -9.753700E-014, 2.150400E+004 1.570926E+074 2.150400E+004, Sun Oct 11 14:58:04 2015
0.95, 1.80, 1.80, 1.80 , -2.558189E-011, 4.884100E-012, 6.456083E-005, -1.038550E-013, 2.150400E+004 1.570926E+074 2.150400E+004, Sun Oct 11 14:58:20 2015
0.90, 1.80, 1.80, 1.80 , -2.988634E-011, 4.971420E-012, 6.456216E-005, -9.202960E-014, 2.150400E+004 1.570926E+074 2.150400E+004, Sun Oct 11 14:58:30 2015
0.85, 1.80, 1.80, 1.80 , -2.524430E-011, 5.043760E-012, 6.456285E-005, -1.061920E-013, 2.150400E+004 1.570926E+074 2.150400E+004, Sun Oct 11 14:58:57 2015
0.80, 1.80, 1.80, 1.80 , -2.853592E-011, 5.017510E-012, 6.455110E-005, -1.005050E-013, 2.150400E+004 1.570926E+074 2.150400E+004, Sun Oct 11 14:59:05 2015
0.75, 1.80, 1.80, 1.80 , -2.625710E-011, 5.016420E-012, 6.454984E-005, -9.310250E-014, 2.150400E+004 1.570926E+074 2.150400E+004, Sun Oct 11 14:59:10 2015
0.70, 1.80, 1.80, 1.80 , -2.642591E-011, 5.108870E-012, 6.454495E-005, -8.636710E-014, 2.150400E+004 1.570926E+074 2.150400E+004, Sun Oct 11 14:59:27 2015
0.65, 1.80, 1.80, 1.80 , -2.980193E-011, 5.175600E-012, 6.456229E-005, -8.181330E-014, 2.150400E+004 1.570926E+074 2.150400E+004, Sun Oct 11 14:59:46 2015
0.60, 1.80, 1.80, 1.80 , -2.743872E-011, 5.153290E-012, 6.455369E-005, -1.106140E-013, 2.150400E+004 1.570926E+074 2.150400E+004, Sun Oct 11 15:00:00 2015
0.55, 1.80, 1.80, 1.80 , -3.136335E-011, 5.218350E-012, 6.453744E-005, -9.639260E-014, 2.150400E+004 1.570926E+074 2.150400E+004, Sun Oct 11 15:00:10 2015
0.50, 1.80, 1.80, 1.80 , -2.798731E-011, 5.218050E-012, 6.451434E-005, -1.043920E-013, 2.150400E+004 1.570926E+074 2.150400E+004, Sun Oct 11 15:00:19 2015
0.45, 1.80, 1.80, 1.80 , -2.836713E-011, 5.403580E-012, 6.452067E-005, -1.056910E-013, 2.150400E+004 1.570926E+074 2.150400E+004, Sun Oct 11 15:00:40 2015
0.40, 1.80, 1.80, 1.80 , -3.085694E-011, 5.301730E-012, 6.456357E-005, -9.231570E-014, 2.150400E+004 1.570926E+074 2.150400E+004, Sun Oct 11 15:00:53 2015
0.35, 1.80, 1.80, 1.80 , -2.954870E-011, 5.418560E-012, 6.456762E-005, -1.013160E-013, 2.150400E+004 1.570926E+074 2.150400E+004, Sun Oct 11 15:01:00 2015
0.30, 1.80, 1.80, 1.80 , -2.752310E-011, 5.349740E-012, 6.454103E-005, -9.537940E-014, 2.150400E+004 1.570926E+074 2.150400E+004, Sun Oct 11 15:01:11 2015
0.25, 1.80, 1.80, 1.80 , -3.195411E-011, 5.416250E-012, 6.454837E-005, -1.060010E-013, 2.150400E+004 1.570926E+074 2.150400E+004, Sun Oct 11 15:01:37 2015
0.20, 1.80, 1.80, 1.80 , -3.288252E-011, 5.362920E-012, 6.457306E-005, -1.209620E-013, 2.150400E+004 1.570926E+074 2.150400E+004, Sun Oct 11 15:01:43 2015
0.15, 1.80, 1.80, 1.80 , -3.064594E-011, 5.436750E-012, 6.456158E-005, -1.090170E-013, 2.150400E+004 1.570926E+074 2.150400E+004, Sun Oct 11 15:02:01 2015
0.10, 1.80, 1.80, 1.80 , -3.081474E-011, 5.424590E-012, 6.456197E-005, -9.968280E-014, 2.150400E+004 1.570926E+074 2.150400E+004, Sun Oct 11 15:02:18 2015
0.05, 1.80, 1.80, 1.80 , -2.980194E-011, 5.544900E-012, 6.458788E-005, -1.017690E-013, 2.150400E+004 1.570926E+074 2.150400E+004, Sun Oct 11 15:02:29 2015
0.00, 1.80, 1.80, 1.80 , -3.009732E-011, 5.566850E-012, 6.455427E-005, -9.390120E-014, 2.150400E+004 1.570926E+074 2.150400E+004, Sun Oct 11 15:02:43 2015
-0.05, 1.80, 1.80, 1.80 , -3.381098E-011, 5.594560E-012, 6.457955E-005, -8.904930E-014, 2.150400E+004 1.570926E+074 2.150400E+004, Sun Oct 11 15:02:48 2015
-0.10, 1.80, 1.80, 1.80 , -2.853592E-011, 5.699900E-012, 6.460099E-005, -8.651020E-014, 2.150400E+004 1.570926E+074 2.150400E+004, Sun Oct 11 15:03:18 2015
-0.15, 1.80, 1.80, 1.80 , -3.165876E-011, 5.649090E-012, 6.458233E-005, -9.647610E-014, 2.150400E+004 1.570926E+074 2.150400E+004, Sun Oct 11 15:03:33 2015
-0.20, 1.80, 1.80, 1.80 , -2.975972E-011, 5.655720E-012, 6.460054E-005, -9.704830E-014, 2.150400E+004 1.570926E+074 2.150400E+004, Sun Oct 11 15:04:01 2015
