1.40, 1.80, 1.80, 1.80 , -2.254367E-011, 3.134130E-012, -4.044208E-012, -1.026510E-013, 2.150400E+004 1.570926E+074 2.150400E+004, Wed Oct 07 14:51:16 2015
1.40, 1.80, 1.78, 1.80 , -2.410511E-011, 3.851910E-012, -9.494541E-012, -9.720330E-014, 2.150400E+004 1.570926E+074 2.150400E+004, Wed Oct 07 14:51:23 2015
1.40, 1.80, 1.76, 1.80 , -2.541330E-011, 3.753500E-012, -1.058460E-011, -1.147030E-013, 2.150400E+004 1.570926E+074 2.150400E+004, Wed Oct 07 14:51:41 2015
1.40, 1.80, 1.74, 1.80 , -2.524450E-011, 4.573320E-012, -1.263896E-011, -1.078130E-013, 2.150400E+004 1.570926E+074 2.150400E+004, Wed Oct 07 14:51:55 2015
1.40, 1.80, 1.72, 1.80 , -2.541332E-011, 6.233280E-012, -1.419021E-011, -9.109970E-014, 2.150400E+004 1.570926E+074 2.150400E+004, Wed Oct 07 14:52:06 2015
1.40, 1.80, 1.70, 1.80 , -3.051957E-011, 9.740960E-012, -1.398058E-011, -1.214500E-013, 2.150400E+004 1.570926E+074 2.150400E+004, Wed Oct 07 14:52:13 2015
1.40, 1.80, 1.68, 1.80 , -3.621665E-011, 1.631450E-011, -1.666382E-011, -9.577270E-014, 2.150400E+004 1.570926E+074 2.150400E+004, Wed Oct 07 14:52:23 2015
1.40, 1.80, 1.66, 1.80 , -5.140886E-011, 3.042930E-011, -1.620264E-011, -1.221300E-013, 2.150400E+004 1.570926E+074 2.150400E+004, Wed Oct 07 14:52:29 2015
1.40, 1.80, 1.64, 1.80 , -8.048508E-011, 5.905860E-011, -1.335170E-011, -9.187460E-014, 2.150400E+004 1.570926E+074 2.150400E+004, Wed Oct 07 14:52:43 2015
1.40, 1.80, 1.62, 1.80 , -1.391017E-010, 1.194120E-010, -1.884395E-011, -1.046900E-013, 2.150400E+004 1.570926E+074 2.150400E+004, Wed Oct 07 14:52:50 2015
1.40, 1.80, 1.60, 1.80 , -2.646904E-010, 2.447820E-010, -1.813121E-011, -9.890790E-014, 2.150400E+004 1.570926E+074 2.150400E+004, Wed Oct 07 14:52:54 2015
1.40, 1.80, 1.58, 1.80 , -5.239713E-010, 5.058290E-010, -2.215607E-011, -7.865430E-014, 2.150400E+004 1.570926E+074 2.150400E+004, Wed Oct 07 14:52:59 2015
1.40, 1.80, 1.56, 1.80 , -1.069076E-009, 1.049630E-009, -2.320422E-011, -1.113650E-013, 2.150400E+004 1.570926E+074 2.150400E+004, Wed Oct 07 14:53:03 2015
1.40, 1.80, 1.54, 1.80 , -2.200262E-009, 2.181120E-009, -1.976631E-011, -9.938480E-014, 2.150400E+004 1.570926E+074 2.150400E+004, Wed Oct 07 14:53:07 2015
1.40, 1.80, 1.52, 1.80 , -4.539401E-009, 4.519950E-009, -2.429439E-011, -1.000880E-013, 2.150400E+004 1.570926E+074 2.150400E+004, Wed Oct 07 14:53:11 2015
1.40, 1.80, 1.50, 1.80 , -9.362540E-009, 9.339760E-009, -2.223992E-011, -7.975100E-014, 2.150400E+004 1.570926E+074 2.150400E+004, Wed Oct 07 14:53:14 2015
1.40, 1.80, 1.48, 1.80 , -1.919402E-008, 1.917010E-008, -2.634895E-011, -9.629730E-014, 2.150400E+004 1.570926E+074 2.150400E+004, Wed Oct 07 14:53:18 2015
1.40, 1.80, 1.46, 1.80 , -3.876045E-008, 3.872660E-008, -2.454597E-011, -1.106740E-013, 2.150400E+004 1.570926E+074 2.150400E+004, Wed Oct 07 14:53:22 2015
1.40, 1.80, 1.44, 1.80 , -7.663601E-008, 7.659520E-008, -2.651666E-011, -9.828810E-014, 2.150400E+004 1.570926E+074 2.150400E+004, Wed Oct 07 14:53:25 2015
1.40, 1.80, 1.42, 1.80 , -1.466240E-007, 1.467290E-007, -2.555228E-011, -1.205090E-013, 2.150400E+004 1.570926E+074 2.150400E+004, Wed Oct 07 14:53:29 2015
1.40, 1.80, 1.40, 1.80 , -2.690997E-007, 2.692740E-007, -2.597158E-011, -9.781120E-014, 2.150400E+004 1.570926E+074 2.150400E+004, Wed Oct 07 14:53:32 2015
1.40, 1.80, 1.38, 1.80 , -4.697616E-007, 4.705460E-007, -2.643281E-011, -7.106070E-014, 2.150400E+004 1.570926E+074 2.150400E+004, Wed Oct 07 14:53:36 2015
1.40, 1.80, 1.36, 1.80 , -7.769744E-007, 7.771060E-007, -2.676824E-011, -9.298320E-014, 2.150400E+004 1.570926E+074 2.150400E+004, Wed Oct 07 14:53:39 2015
1.40, 1.80, 1.34, 1.80 , -1.222103E-006, 1.221880E-006, -2.362351E-011, -1.225110E-013, 2.150400E+004 1.570926E+074 2.150400E+004, Wed Oct 07 14:53:43 2015
1.40, 1.80, 1.32, 1.80 , -1.830552E-006, 1.830410E-006, -2.802614E-011, -1.131420E-013, 2.150400E+004 1.570926E+074 2.150400E+004, Wed Oct 07 14:53:47 2015
1.40, 1.80, 1.30, 1.80 , -2.626401E-006, 2.625660E-006, -2.785841E-011, -9.466410E-014, 2.150400E+004 1.570926E+074 2.150400E+004, Wed Oct 07 14:53:50 2015
1.40, 1.80, 1.28, 1.80 , -3.628858E-006, 3.627150E-006, -2.852929E-011, -9.812120E-014, 2.150400E+004 1.570926E+074 2.150400E+004, Wed Oct 07 14:53:54 2015
1.40, 1.80, 1.26, 1.80 , -4.846505E-006, 4.847300E-006, -3.012262E-011, -1.033540E-013, 2.150400E+004 1.570926E+074 2.150400E+004, Wed Oct 07 14:53:57 2015
1.40, 1.80, 1.24, 1.80 , -6.299267E-006, 6.297600E-006, -2.697789E-011, -9.773970E-014, 2.150400E+004 1.570926E+074 2.150400E+004, Wed Oct 07 14:54:01 2015
1.40, 1.80, 1.22, 1.80 , -7.979752E-006, 7.981490E-006, -2.865508E-011, -1.006010E-013, 2.150400E+004 1.570926E+074 2.150400E+004, Wed Oct 07 14:54:04 2015
1.40, 1.80, 1.20, 1.80 , -9.902905E-006, 9.899670E-006, -2.961946E-011, -1.015420E-013, 2.150400E+004 1.570926E+074 2.150400E+004, Wed Oct 07 14:54:08 2015
1.40, 1.80, 1.18, 1.80 , -1.205500E-005, 1.204140E-005, -2.806806E-011, -1.203060E-013, 2.150400E+004 1.570926E+074 2.150400E+004, Wed Oct 07 14:54:12 2015
1.40, 1.80, 1.16, 1.80 , -1.445103E-005, 1.443780E-005, -2.743912E-011, -9.096860E-014, 2.150400E+004 1.570926E+074 2.150400E+004, Wed Oct 07 14:54:15 2015
1.40, 1.80, 1.14, 1.80 , -1.707754E-005, 1.706880E-005, -2.882280E-011, -1.195430E-013, 2.150400E+004 1.570926E+074 2.150400E+004, Wed Oct 07 14:54:19 2015
1.40, 1.80, 1.12, 1.80 , -1.992970E-005, 1.992170E-005, -3.087736E-011, -1.088260E-013, 2.150400E+004 1.570926E+074 2.150400E+004, Wed Oct 07 14:54:22 2015
1.40, 1.80, 1.10, 1.80 , -2.301447E-005, 2.300070E-005, -3.129665E-011, -1.077890E-013, 2.150400E+004 1.570926E+074 2.150400E+004, Wed Oct 07 14:54:26 2015
1.40, 1.80, 1.08, 1.80 , -2.629730E-005, 2.628030E-005, -2.664245E-011, -1.031760E-013, 2.150400E+004 1.570926E+074 2.150400E+004, Wed Oct 07 14:54:29 2015
1.40, 1.80, 1.06, 1.80 , -2.977009E-005, 2.975160E-005, -2.928403E-011, -9.760860E-014, 2.150400E+004 1.570926E+074 2.150400E+004, Wed Oct 07 14:54:33 2015
1.40, 1.80, 1.04, 1.80 , -3.341561E-005, 3.339960E-005, -3.117086E-011, -1.083490E-013, 2.150400E+004 1.570926E+074 2.150400E+004, Wed Oct 07 14:54:36 2015
1.40, 1.80, 1.02, 1.80 , -3.722513E-005, 3.720990E-005, -2.940982E-011, -9.458070E-014, 2.150400E+004 1.570926E+074 2.150400E+004, Wed Oct 07 14:54:40 2015
1.40, 1.80, 1.00, 1.80 , -4.117085E-005, 4.115560E-005, -3.167401E-011, -1.030800E-013, 2.150400E+004 1.570926E+074 2.150400E+004, Wed Oct 07 14:54:44 2015
1.40, 1.80, 0.98, 1.80 , -4.522879E-005, 4.521020E-005, -3.418980E-011, -9.419920E-014, 2.150400E+004 1.570926E+074 2.150400E+004, Wed Oct 07 14:54:47 2015
1.40, 1.80, 0.96, 1.80 , -4.936237E-005, 4.934710E-005, -3.146437E-011, -1.057740E-013, 2.150400E+004 1.570926E+074 2.150400E+004, Wed Oct 07 14:54:51 2015
1.40, 1.80, 0.94, 1.80 , -5.354531E-005, 5.352730E-005, -2.924209E-011, -1.071930E-013, 2.150400E+004 1.570926E+074 2.150400E+004, Wed Oct 07 14:54:54 2015
1.40, 1.80, 0.92, 1.80 , -5.776739E-005, 5.774360E-005, -3.318349E-011, -8.571150E-014, 2.150400E+004 1.570926E+074 2.150400E+004, Wed Oct 07 14:54:58 2015
1.40, 1.80, 0.90, 1.80 , -6.200531E-005, 6.198040E-005, -3.272226E-011, -1.160260E-013, 2.150400E+004 1.570926E+074 2.150400E+004, Wed Oct 07 14:55:01 2015
1.40, 1.80, 0.88, 1.80 , -6.624690E-005, 6.623090E-005, -3.062577E-011, -8.401870E-014, 2.150400E+004 1.570926E+074 2.150400E+004, Wed Oct 07 14:55:05 2015
1.40, 1.80, 0.86, 1.80 , -7.048545E-005, 7.045440E-005, -3.179981E-011, -1.110320E-013, 2.150400E+004 1.570926E+074 2.150400E+004, Wed Oct 07 14:55:08 2015
1.40, 1.80, 0.84, 1.80 , -7.466619E-005, 7.463800E-005, -3.045805E-011, -9.794240E-014, 2.150400E+004 1.570926E+074 2.150400E+004, Wed Oct 07 14:55:12 2015
1.40, 1.80, 0.82, 1.80 , -7.882722E-005, 7.880740E-005, -3.100314E-011, -9.398460E-014, 2.150400E+004 1.570926E+074 2.150400E+004, Wed Oct 07 14:55:16 2015
1.40, 1.80, 0.80, 1.80 , -8.293172E-005, 8.290740E-005, -3.263840E-011, -1.244780E-013, 2.150400E+004 1.570926E+074 2.150400E+004, Wed Oct 07 14:55:19 2015
1.40, 1.80, 0.78, 1.80 , -8.699340E-005, 8.697410E-005, -2.844543E-011, -1.120090E-013, 2.150400E+004 1.570926E+074 2.150400E+004, Wed Oct 07 14:55:23 2015
1.40, 1.80, 0.76, 1.80 , -9.097415E-005, 9.095400E-005, -2.819385E-011, -1.049160E-013, 2.150400E+004 1.570926E+074 2.150400E+004, Wed Oct 07 14:55:26 2015
1.40, 1.80, 0.74, 1.80 , -9.493023E-005, 9.491050E-005, -3.008068E-011, -1.019000E-013, 2.150400E+004 1.570926E+074 2.150400E+004, Wed Oct 07 14:55:30 2015
1.40, 1.80, 0.72, 1.80 , -9.882369E-005, 9.880300E-005, -3.037419E-011, -8.244510E-014, 2.150400E+004 1.570926E+074 2.150400E+004, Wed Oct 07 14:55:33 2015
1.40, 1.80, 0.70, 1.80 , -1.026281E-004, 1.025970E-004, -3.205138E-011, -1.094100E-013, 2.150400E+004 1.570926E+074 2.150400E+004, Wed Oct 07 14:55:37 2015
1.40, 1.80, 0.68, 1.80 , -1.063688E-004, 1.063550E-004, -3.305769E-011, -9.026530E-014, 2.150400E+004 1.570926E+074 2.150400E+004, Wed Oct 07 14:55:41 2015
1.40, 1.80, 0.66, 1.80 , -1.100696E-004, 1.100470E-004, -2.949367E-011, -1.200800E-013, 2.150400E+004 1.570926E+074 2.150400E+004, Wed Oct 07 14:55:44 2015
1.40, 1.80, 0.64, 1.80 , -1.136864E-004, 1.136580E-004, -2.831964E-011, -9.176730E-014, 2.150400E+004 1.570926E+074 2.150400E+004, Wed Oct 07 14:55:48 2015
1.40, 1.80, 0.62, 1.80 , -1.172589E-004, 1.172350E-004, -3.330927E-011, -1.060720E-013, 2.150400E+004 1.570926E+074 2.150400E+004, Wed Oct 07 14:55:51 2015
1.40, 1.80, 0.60, 1.80 , -1.207427E-004, 1.207150E-004, -3.255453E-011, -1.044030E-013, 2.150400E+004 1.570926E+074 2.150400E+004, Wed Oct 07 14:55:55 2015
1.40, 1.80, 0.58, 1.80 , -1.241843E-004, 1.241400E-004, -3.129664E-011, -1.160380E-013, 2.150400E+004 1.570926E+074 2.150400E+004, Wed Oct 07 14:55:58 2015
1.40, 1.80, 0.56, 1.80 , -1.275316E-004, 1.275060E-004, -3.456716E-011, -9.679790E-014, 2.150400E+004 1.570926E+074 2.150400E+004, Wed Oct 07 14:56:02 2015
1.40, 1.80, 0.54, 1.80 , -1.308707E-004, 1.308390E-004, -3.175787E-011, -1.152750E-013, 2.150400E+004 1.570926E+074 2.150400E+004, Wed Oct 07 14:56:05 2015
1.40, 1.80, 0.52, 1.80 , -1.341159E-004, 1.340870E-004, -3.360278E-011, -1.021860E-013, 2.150400E+004 1.570926E+074 2.150400E+004, Wed Oct 07 14:56:09 2015
1.40, 1.80, 0.50, 1.80 , -1.373126E-004, 1.372840E-004, -3.146436E-011, -9.437800E-014, 2.150400E+004 1.570926E+074 2.150400E+004, Wed Oct 07 14:56:13 2015
1.40, 1.80, 0.48, 1.80 , -1.404541E-004, 1.404270E-004, -3.054191E-011, -1.018880E-013, 2.150400E+004 1.570926E+074 2.150400E+004, Wed Oct 07 14:56:16 2015
1.40, 1.80, 0.46, 1.80 , -1.435373E-004, 1.435020E-004, -3.062576E-011, -1.028540E-013, 2.150400E+004 1.570926E+074 2.150400E+004, Wed Oct 07 14:56:20 2015
1.40, 1.80, 0.44, 1.80 , -1.465774E-004, 1.465430E-004, -3.288997E-011, -1.058460E-013, 2.150400E+004 1.570926E+074 2.150400E+004, Wed Oct 07 14:56:23 2015
1.40, 1.80, 0.42, 1.80 , -1.495454E-004, 1.495190E-004, -3.360278E-011, -7.929800E-014, 2.150400E+004 1.570926E+074 2.150400E+004, Wed Oct 07 14:56:27 2015
1.40, 1.80, 0.40, 1.80 , -1.524735E-004, 1.524420E-004, -3.360277E-011, -1.258850E-013, 2.150400E+004 1.570926E+074 2.150400E+004, Wed Oct 07 14:56:30 2015
1.40, 1.80, 0.38, 1.80 , -1.553297E-004, 1.553030E-004, -3.347698E-011, -1.020910E-013, 2.150400E+004 1.570926E+074 2.150400E+004, Wed Oct 07 14:56:34 2015
1.40, 1.80, 0.36, 1.80 , -1.581622E-004, 1.581200E-004, -3.221909E-011, -1.031040E-013, 2.150400E+004 1.570926E+074 2.150400E+004, Wed Oct 07 14:56:37 2015
1.40, 1.80, 0.34, 1.80 , -1.609270E-004, 1.609000E-004, -2.995489E-011, -9.045600E-014, 2.150400E+004 1.570926E+074 2.150400E+004, Wed Oct 07 14:56:41 2015
1.40, 1.80, 0.32, 1.80 , -1.636483E-004, 1.636180E-004, -3.268031E-011, -9.217260E-014, 2.150400E+004 1.570926E+074 2.150400E+004, Wed Oct 07 14:56:44 2015
1.40, 1.80, 0.30, 1.80 , -1.663419E-004, 1.663100E-004, -3.372855E-011, -1.090410E-013, 2.150400E+004 1.570926E+074 2.150400E+004, Wed Oct 07 14:56:48 2015
1.40, 1.80, 0.28, 1.80 , -1.689808E-004, 1.689440E-004, -3.288997E-011, -1.249790E-013, 2.150400E+004 1.570926E+074 2.150400E+004, Wed Oct 07 14:56:52 2015
1.40, 1.80, 0.26, 1.80 , -1.715542E-004, 1.715170E-004, -3.410592E-011, -9.101630E-014, 2.150400E+004 1.570926E+074 2.150400E+004, Wed Oct 07 14:56:55 2015
1.40, 1.80, 0.24, 1.80 , -1.741122E-004, 1.740700E-004, -3.314154E-011, -1.224160E-013, 2.150400E+004 1.570926E+074 2.150400E+004, Wed Oct 07 14:56:59 2015
1.40, 1.80, 0.22, 1.80 , -1.765952E-004, 1.765610E-004, -2.119178E-011, -1.953360E-013, 2.150400E+004 1.570926E+074 2.150400E+004, Wed Oct 07 14:57:02 2015
1.40, 1.80, 0.20, 1.80 , -1.790676E-004, 1.790420E-004, -3.427364E-011, -1.667620E-013, 2.150400E+004 1.570926E+074 2.150400E+004, Wed Oct 07 14:57:06 2015
1.40, 1.80, 0.18, 1.80 , -1.814785E-004, 1.814380E-004, -3.398013E-011, -9.056330E-014, 2.150400E+004 1.570926E+074 2.150400E+004, Wed Oct 07 14:57:09 2015
1.40, 1.80, 0.16, 1.80 , -1.838931E-004, 1.838530E-004, -3.234488E-011, -1.173140E-013, 2.150400E+004 1.570926E+074 2.150400E+004, Wed Oct 07 14:57:13 2015
1.40, 1.80, 0.14, 1.80 , -1.862375E-004, 1.861900E-004, -3.209330E-011, -8.596180E-014, 2.150400E+004 1.570926E+074 2.150400E+004, Wed Oct 07 14:57:16 2015
1.40, 1.80, 0.12, 1.80 , -1.885324E-004, 1.884840E-004, -3.288996E-011, -1.090410E-013, 2.150400E+004 1.570926E+074 2.150400E+004, Wed Oct 07 14:57:20 2015
1.40, 1.80, 0.10, 1.80 , -1.907942E-004, 1.907560E-004, -3.439944E-011, -1.114960E-013, 2.150400E+004 1.570926E+074 2.150400E+004, Wed Oct 07 14:57:24 2015
1.40, 1.80, 0.08, 1.80 , -1.930249E-004, 1.929920E-004, -3.339313E-011, -1.162650E-013, 2.150400E+004 1.570926E+074 2.150400E+004, Wed Oct 07 14:57:27 2015
1.40, 1.80, 0.06, 1.80 , -1.952297E-004, 1.951860E-004, -3.167401E-011, -1.073360E-013, 2.150400E+004 1.570926E+074 2.150400E+004, Wed Oct 07 14:57:31 2015
1.40, 1.80, 0.04, 1.80 , -1.974067E-004, 1.973560E-004, -3.268032E-011, -1.097800E-013, 2.150400E+004 1.570926E+074 2.150400E+004, Wed Oct 07 14:57:34 2015
1.40, 1.80, 0.02, 1.80 , -1.995197E-004, 1.994950E-004, -3.356083E-011, -1.159790E-013, 2.150400E+004 1.570926E+074 2.150400E+004, Wed Oct 07 14:57:38 2015
1.40, 1.80, 0.00, 1.80 , -2.016233E-004, 2.015740E-004, -3.402207E-011, -8.668900E-014, 2.150400E+004 1.570926E+074 2.150400E+004, Wed Oct 07 14:57:41 2015
1.40, 1.80, -0.02, 1.80 , -2.036831E-004, 2.036420E-004, -3.414785E-011, -1.184230E-013, 2.150400E+004 1.570926E+074 2.150400E+004, Wed Oct 07 14:57:45 2015
1.40, 1.80, -0.04, 1.80 , -2.057308E-004, 2.056760E-004, -3.171594E-011, -1.145480E-013, 2.150400E+004 1.570926E+074 2.150400E+004, Wed Oct 07 14:57:48 2015
1.40, 1.80, -0.06, 1.80 , -2.077362E-004, 2.076880E-004, -3.527995E-011, -8.230210E-014, 2.150400E+004 1.570926E+074 2.150400E+004, Wed Oct 07 14:57:52 2015
1.40, 1.80, -0.08, 1.80 , -2.096982E-004, 2.096460E-004, -3.251259E-011, -1.001480E-013, 2.150400E+004 1.570926E+074 2.150400E+004, Wed Oct 07 14:57:55 2015
1.40, 1.80, -0.10, 1.80 , -2.116469E-004, 2.115730E-004, -3.209330E-011, -9.981390E-014, 2.150400E+004 1.570926E+074 2.150400E+004, Wed Oct 07 14:57:59 2015
1.40, 1.80, -0.12, 1.80 , -2.135342E-004, 2.134970E-004, -3.385434E-011, -1.127600E-013, 2.150400E+004 1.570926E+074 2.150400E+004, Wed Oct 07 14:58:03 2015
1.40, 1.80, -0.14, 1.80 , -2.154071E-004, 2.153760E-004, -3.867625E-011, -1.167650E-013, 2.150400E+004 1.570926E+074 2.150400E+004, Wed Oct 07 14:58:06 2015
1.40, 1.80, -0.16, 1.80 , -2.172840E-004, 2.172310E-004, -3.624433E-011, -1.149060E-013, 2.150400E+004 1.570926E+074 2.150400E+004, Wed Oct 07 14:58:10 2015
1.40, 1.80, -0.18, 1.80 , -2.191114E-004, 2.190590E-004, -3.406399E-011, -1.275300E-013, 2.150400E+004 1.570926E+074 2.150400E+004, Wed Oct 07 14:58:13 2015
1.40, 1.80, -0.20, 1.80 , -2.208977E-004, 2.208430E-004, -3.389627E-011, -1.052620E-013, 2.150400E+004 1.570926E+074 2.150400E+004, Wed Oct 07 14:58:17 2015
