1.75, 1.80, 1.80, 1.80 , -1.874589E-011, 2.973660E-012, -1.905717E-012, -6.427770E-014, 2.150400E+004 1.570926E+074 2.150400E+004, Wed Oct 07 14:31:00 2015
1.75, 1.80, 1.78, 1.80 , -1.845049E-011, 3.720940E-012, -6.140272E-012, -5.458590E-014, 2.150400E+004 1.570926E+074 2.150400E+004, Wed Oct 07 14:31:05 2015
1.75, 1.80, 1.76, 1.80 , -1.760645E-011, 3.818560E-012, -9.452433E-012, -9.468790E-014, 2.150400E+004 1.570926E+074 2.150400E+004, Wed Oct 07 14:31:15 2015
1.75, 1.80, 1.74, 1.80 , -2.056055E-011, 4.144020E-012, -1.079407E-011, -9.156470E-014, 2.150400E+004 1.570926E+074 2.150400E+004, Wed Oct 07 14:31:32 2015
1.75, 1.80, 1.72, 1.80 , -2.203757E-011, 5.256310E-012, -8.362349E-012, -1.136900E-013, 2.150400E+004 1.570926E+074 2.150400E+004, Wed Oct 07 14:31:57 2015
1.75, 1.80, 1.70, 1.80 , -2.541366E-011, 8.422730E-012, -1.184223E-011, -9.905100E-014, 2.150400E+004 1.570926E+074 2.150400E+004, Wed Oct 07 14:32:02 2015
1.75, 1.80, 1.68, 1.80 , -3.030899E-011, 1.379940E-011, -1.133911E-011, -1.114610E-013, 2.150400E+004 1.570926E+074 2.150400E+004, Wed Oct 07 14:32:14 2015
1.75, 1.80, 1.66, 1.80 , -4.077485E-011, 2.520780E-011, -1.343542E-011, -9.857420E-014, 2.150400E+004 1.570926E+074 2.150400E+004, Wed Oct 07 14:32:32 2015
1.75, 1.80, 1.64, 1.80 , -6.584235E-011, 4.943670E-011, -1.381276E-011, -1.186970E-013, 2.150400E+004 1.570926E+074 2.150400E+004, Wed Oct 07 14:32:40 2015
1.75, 1.80, 1.62, 1.80 , -1.160616E-010, 9.956010E-011, -1.532210E-011, -9.781120E-014, 2.150400E+004 1.570926E+074 2.150400E+004, Wed Oct 07 14:32:46 2015
1.75, 1.80, 1.60, 1.80 , -2.192011E-010, 2.033310E-010, -1.729263E-011, -1.044990E-013, 2.150400E+004 1.570926E+074 2.150400E+004, Wed Oct 07 14:32:52 2015
1.75, 1.80, 1.58, 1.80 , -4.365369E-010, 4.194510E-010, -1.926315E-011, -1.158120E-013, 2.150400E+004 1.570926E+074 2.150400E+004, Wed Oct 07 14:32:57 2015
1.75, 1.80, 1.56, 1.80 , -8.833619E-010, 8.683520E-010, -1.507054E-011, -1.148220E-013, 2.150400E+004 1.570926E+074 2.150400E+004, Wed Oct 07 14:33:02 2015
1.75, 1.80, 1.54, 1.80 , -1.816174E-009, 1.803150E-009, -1.972434E-011, -1.186130E-013, 2.150400E+004 1.570926E+074 2.150400E+004, Wed Oct 07 14:33:06 2015
1.75, 1.80, 1.52, 1.80 , -3.746369E-009, 3.727110E-009, -1.884389E-011, -6.883140E-014, 2.150400E+004 1.570926E+074 2.150400E+004, Wed Oct 07 14:33:10 2015
1.75, 1.80, 1.50, 1.80 , -7.714037E-009, 7.692870E-009, -1.729263E-011, -1.084450E-013, 2.150400E+004 1.570926E+074 2.150400E+004, Wed Oct 07 14:33:14 2015
1.75, 1.80, 1.48, 1.80 , -1.571957E-008, 1.570400E-008, -2.022745E-011, -1.117230E-013, 2.150400E+004 1.570926E+074 2.150400E+004, Wed Oct 07 14:33:17 2015
1.75, 1.80, 1.46, 1.80 , -3.158263E-008, 3.155640E-008, -1.985012E-011, -1.053930E-013, 2.150400E+004 1.570926E+074 2.150400E+004, Wed Oct 07 14:33:21 2015
1.75, 1.80, 1.44, 1.80 , -6.173569E-008, 6.168030E-008, -2.123368E-011, -1.041530E-013, 2.150400E+004 1.570926E+074 2.150400E+004, Wed Oct 07 14:33:25 2015
1.75, 1.80, 1.42, 1.80 , -1.162236E-007, 1.161710E-007, -2.358159E-011, -8.389950E-014, 2.150400E+004 1.570926E+074 2.150400E+004, Wed Oct 07 14:33:28 2015
1.75, 1.80, 1.40, 1.80 , -2.078067E-007, 2.078510E-007, -2.144331E-011, -8.741620E-014, 2.150400E+004 1.570926E+074 2.150400E+004, Wed Oct 07 14:33:32 2015
1.75, 1.80, 1.38, 1.80 , -3.509967E-007, 3.510880E-007, -2.278495E-011, -1.009700E-013, 2.150400E+004 1.570926E+074 2.150400E+004, Wed Oct 07 14:33:35 2015
1.75, 1.80, 1.36, 1.80 , -5.560074E-007, 5.562870E-007, -2.442020E-011, -8.399490E-014, 2.150400E+004 1.570926E+074 2.150400E+004, Wed Oct 07 14:33:39 2015
1.75, 1.80, 1.34, 1.80 , -8.301104E-007, 8.300600E-007, -2.483950E-011, -9.748940E-014, 2.150400E+004 1.570926E+074 2.150400E+004, Wed Oct 07 14:33:42 2015
1.75, 1.80, 1.32, 1.80 , -1.170777E-006, 1.170860E-006, -2.223991E-011, -8.773800E-014, 2.150400E+004 1.570926E+074 2.150400E+004, Wed Oct 07 14:33:46 2015
1.75, 1.80, 1.30, 1.80 , -1.572849E-006, 1.572280E-006, -2.488143E-011, -9.213690E-014, 2.150400E+004 1.570926E+074 2.150400E+004, Wed Oct 07 14:33:50 2015
1.75, 1.80, 1.28, 1.80 , -2.025382E-006, 2.025480E-006, -2.576196E-011, -9.430650E-014, 2.150400E+004 1.570926E+074 2.150400E+004, Wed Oct 07 14:33:53 2015
1.75, 1.80, 1.26, 1.80 , -2.521216E-006, 2.520320E-006, -2.626513E-011, -9.602310E-014, 2.150400E+004 1.570926E+074 2.150400E+004, Wed Oct 07 14:33:57 2015
1.75, 1.80, 1.24, 1.80 , -3.048170E-006, 3.048320E-006, -2.236569E-011, -8.798840E-014, 2.150400E+004 1.570926E+074 2.150400E+004, Wed Oct 07 14:34:00 2015
1.75, 1.80, 1.22, 1.80 , -3.597880E-006, 3.596880E-006, -2.504915E-011, -9.021760E-014, 2.150400E+004 1.570926E+074 2.150400E+004, Wed Oct 07 14:34:04 2015
1.75, 1.80, 1.20, 1.80 , -4.161926E-006, 4.161860E-006, -2.643285E-011, -9.222030E-014, 2.150400E+004 1.570926E+074 2.150400E+004, Wed Oct 07 14:34:07 2015
1.75, 1.80, 1.18, 1.80 , -4.735337E-006, 4.734470E-006, -2.282687E-011, -9.270910E-014, 2.150400E+004 1.570926E+074 2.150400E+004, Wed Oct 07 14:34:11 2015
1.75, 1.80, 1.16, 1.80 , -5.314816E-006, 5.313730E-006, -2.223991E-011, -9.514090E-014, 2.150400E+004 1.570926E+074 2.150400E+004, Wed Oct 07 14:34:14 2015
1.75, 1.80, 1.14, 1.80 , -5.895313E-006, 5.893750E-006, -2.387510E-011, -8.696320E-014, 2.150400E+004 1.570926E+074 2.150400E+004, Wed Oct 07 14:34:18 2015
1.75, 1.80, 1.12, 1.80 , -6.474062E-006, 6.473200E-006, -2.634899E-011, -8.223060E-014, 2.150400E+004 1.570926E+074 2.150400E+004, Wed Oct 07 14:34:22 2015
1.75, 1.80, 1.10, 1.80 , -7.049340E-006, 7.049890E-006, -2.664250E-011, -9.882450E-014, 2.150400E+004 1.570926E+074 2.150400E+004, Wed Oct 07 14:34:25 2015
1.75, 1.80, 1.08, 1.80 , -7.619951E-006, 7.619240E-006, -2.572003E-011, -9.781120E-014, 2.150400E+004 1.570926E+074 2.150400E+004, Wed Oct 07 14:34:29 2015
1.75, 1.80, 1.06, 1.80 , -8.184731E-006, 8.182860E-006, -2.567810E-011, -1.031280E-013, 2.150400E+004 1.570926E+074 2.150400E+004, Wed Oct 07 14:34:32 2015
1.75, 1.80, 1.04, 1.80 , -8.738762E-006, 8.739000E-006, -2.437827E-011, -7.151370E-014, 2.150400E+004 1.570926E+074 2.150400E+004, Wed Oct 07 14:34:36 2015
1.75, 1.80, 1.02, 1.80 , -9.288251E-006, 9.286850E-006, -2.395896E-011, -1.020910E-013, 2.150400E+004 1.570926E+074 2.150400E+004, Wed Oct 07 14:34:39 2015
1.75, 1.80, 1.00, 1.80 , -9.826941E-006, 9.827060E-006, -2.328808E-011, -8.256440E-014, 2.150400E+004 1.570926E+074 2.150400E+004, Wed Oct 07 14:34:43 2015
1.75, 1.80, 0.98, 1.80 , -1.035956E-005, 1.035170E-005, -2.865515E-011, -9.769200E-014, 2.150400E+004 1.570926E+074 2.150400E+004, Wed Oct 07 14:34:46 2015
1.75, 1.80, 0.96, 1.80 , -1.088410E-005, 1.087490E-005, -2.651671E-011, -9.042020E-014, 2.150400E+004 1.570926E+074 2.150400E+004, Wed Oct 07 14:34:50 2015
1.75, 1.80, 0.94, 1.80 , -1.139607E-005, 1.138650E-005, -2.819392E-011, -7.320640E-014, 2.150400E+004 1.570926E+074 2.150400E+004, Wed Oct 07 14:34:54 2015
1.75, 1.80, 0.92, 1.80 , -1.189835E-005, 1.188720E-005, -2.706180E-011, -1.040940E-013, 2.150400E+004 1.570926E+074 2.150400E+004, Wed Oct 07 14:34:57 2015
1.75, 1.80, 0.90, 1.80 , -1.239489E-005, 1.238690E-005, -2.701987E-011, -8.410220E-014, 2.150400E+004 1.570926E+074 2.150400E+004, Wed Oct 07 14:35:01 2015
1.75, 1.80, 0.88, 1.80 , -1.287741E-005, 1.286970E-005, -2.722952E-011, -9.489060E-014, 2.150400E+004 1.570926E+074 2.150400E+004, Wed Oct 07 14:35:04 2015
1.75, 1.80, 0.86, 1.80 , -1.335524E-005, 1.334490E-005, -2.639091E-011, -9.690520E-014, 2.150400E+004 1.570926E+074 2.150400E+004, Wed Oct 07 14:35:08 2015
1.75, 1.80, 0.84, 1.80 , -1.382184E-005, 1.381380E-005, -2.689407E-011, -1.008510E-013, 2.150400E+004 1.570926E+074 2.150400E+004, Wed Oct 07 14:35:11 2015
1.75, 1.80, 0.82, 1.80 , -1.428005E-005, 1.427060E-005, -2.857128E-011, -9.762050E-014, 2.150400E+004 1.570926E+074 2.150400E+004, Wed Oct 07 14:35:15 2015
1.75, 1.80, 0.80, 1.80 , -1.472861E-005, 1.472010E-005, -2.748110E-011, -1.075630E-013, 2.150400E+004 1.570926E+074 2.150400E+004, Wed Oct 07 14:35:19 2015
1.75, 1.80, 0.78, 1.80 , -1.517170E-005, 1.516420E-005, -2.869707E-011, -6.645920E-014, 2.150400E+004 1.570926E+074 2.150400E+004, Wed Oct 07 14:35:22 2015
1.75, 1.80, 0.76, 1.80 , -1.560549E-005, 1.559800E-005, -2.592968E-011, -9.313820E-014, 2.150400E+004 1.570926E+074 2.150400E+004, Wed Oct 07 14:35:26 2015
1.75, 1.80, 0.74, 1.80 , -1.603033E-005, 1.601860E-005, -2.588775E-011, -1.023770E-013, 2.150400E+004 1.570926E+074 2.150400E+004, Wed Oct 07 14:35:29 2015
1.75, 1.80, 0.72, 1.80 , -1.644529E-005, 1.643430E-005, -2.777461E-011, -9.053950E-014, 2.150400E+004 1.570926E+074 2.150400E+004, Wed Oct 07 14:35:33 2015
1.75, 1.80, 0.70, 1.80 , -1.685458E-005, 1.684630E-005, -2.362352E-011, -8.336310E-014, 2.150400E+004 1.570926E+074 2.150400E+004, Wed Oct 07 14:35:36 2015
1.75, 1.80, 0.68, 1.80 , -1.725532E-005, 1.724570E-005, -2.806812E-011, -9.051560E-014, 2.150400E+004 1.570926E+074 2.150400E+004, Wed Oct 07 14:35:40 2015
1.75, 1.80, 0.66, 1.80 , -1.765218E-005, 1.764170E-005, -2.894865E-011, -1.015190E-013, 2.150400E+004 1.570926E+074 2.150400E+004, Wed Oct 07 14:35:43 2015
1.75, 1.80, 0.64, 1.80 , -1.803882E-005, 1.802770E-005, -2.907444E-011, -9.864570E-014, 2.150400E+004 1.570926E+074 2.150400E+004, Wed Oct 07 14:35:47 2015
1.75, 1.80, 0.62, 1.80 , -1.841662E-005, 1.840770E-005, -2.936795E-011, -1.116630E-013, 2.150400E+004 1.570926E+074 2.150400E+004, Wed Oct 07 14:35:51 2015
1.75, 1.80, 0.60, 1.80 , -1.879020E-005, 1.878040E-005, -2.697793E-011, -9.130240E-014, 2.150400E+004 1.570926E+074 2.150400E+004, Wed Oct 07 14:35:54 2015
1.75, 1.80, 0.58, 1.80 , -1.915626E-005, 1.914760E-005, -2.605547E-011, -9.797810E-014, 2.150400E+004 1.570926E+074 2.150400E+004, Wed Oct 07 14:35:58 2015
1.75, 1.80, 0.56, 1.80 , -1.951986E-005, 1.950790E-005, -2.651670E-011, -1.170400E-013, 2.150400E+004 1.570926E+074 2.150400E+004, Wed Oct 07 14:36:01 2015
1.75, 1.80, 0.54, 1.80 , -1.987325E-005, 1.986150E-005, -2.844549E-011, -9.695290E-014, 2.150400E+004 1.570926E+074 2.150400E+004, Wed Oct 07 14:36:05 2015
1.75, 1.80, 0.52, 1.80 , -2.022000E-005, 2.020680E-005, -3.029042E-011, -1.018290E-013, 2.150400E+004 1.570926E+074 2.150400E+004, Wed Oct 07 14:36:08 2015
1.75, 1.80, 0.50, 1.80 , -2.055747E-005, 2.054790E-005, -2.366545E-011, -9.022950E-014, 2.150400E+004 1.570926E+074 2.150400E+004, Wed Oct 07 14:36:12 2015
1.75, 1.80, 0.48, 1.80 , -2.089645E-005, 2.088510E-005, -2.572003E-011, -1.110320E-013, 2.150400E+004 1.570926E+074 2.150400E+004, Wed Oct 07 14:36:15 2015
1.75, 1.80, 0.46, 1.80 , -2.122519E-005, 2.121360E-005, -2.894865E-011, -1.105790E-013, 2.150400E+004 1.570926E+074 2.150400E+004, Wed Oct 07 14:36:19 2015
1.75, 1.80, 0.44, 1.80 , -2.154782E-005, 2.153910E-005, -2.647477E-011, -9.850260E-014, 2.150400E+004 1.570926E+074 2.150400E+004, Wed Oct 07 14:36:22 2015
1.75, 1.80, 0.42, 1.80 , -2.186672E-005, 2.185520E-005, -2.538459E-011, -1.063350E-013, 2.150400E+004 1.570926E+074 2.150400E+004, Wed Oct 07 14:36:26 2015
1.75, 1.80, 0.40, 1.80 , -2.217857E-005, 2.216870E-005, -2.764882E-011, -8.333920E-014, 2.150400E+004 1.570926E+074 2.150400E+004, Wed Oct 07 14:36:30 2015
1.75, 1.80, 0.38, 1.80 , -2.248814E-005, 2.247630E-005, -3.058393E-011, -9.790660E-014, 2.150400E+004 1.570926E+074 2.150400E+004, Wed Oct 07 14:36:33 2015
1.75, 1.80, 0.36, 1.80 , -2.278861E-005, 2.277590E-005, -3.020655E-011, -1.019000E-013, 2.150400E+004 1.570926E+074 2.150400E+004, Wed Oct 07 14:36:37 2015
1.75, 1.80, 0.34, 1.80 , -2.308372E-005, 2.307120E-005, -2.982918E-011, -1.026030E-013, 2.150400E+004 1.570926E+074 2.150400E+004, Wed Oct 07 14:36:40 2015
1.75, 1.80, 0.32, 1.80 , -2.337939E-005, 2.336640E-005, -2.848742E-011, -1.087190E-013, 2.150400E+004 1.570926E+074 2.150400E+004, Wed Oct 07 14:36:44 2015
1.75, 1.80, 0.30, 1.80 , -2.366574E-005, 2.365390E-005, -2.911637E-011, -1.285670E-013, 2.150400E+004 1.570926E+074 2.150400E+004, Wed Oct 07 14:36:47 2015
1.75, 1.80, 0.28, 1.80 , -2.395014E-005, 2.393820E-005, -2.932602E-011, -9.999280E-014, 2.150400E+004 1.570926E+074 2.150400E+004, Wed Oct 07 14:36:51 2015
1.75, 1.80, 0.26, 1.80 , -2.422963E-005, 2.422030E-005, -2.920023E-011, -1.035570E-013, 2.150400E+004 1.570926E+074 2.150400E+004, Wed Oct 07 14:36:54 2015
1.75, 1.80, 0.24, 1.80 , -2.450192E-005, 2.448840E-005, -2.936795E-011, -1.121760E-013, 2.150400E+004 1.570926E+074 2.150400E+004, Wed Oct 07 14:36:58 2015
1.75, 1.80, 0.22, 1.80 , -2.477360E-005, 2.476400E-005, -3.993435E-011, -9.465220E-014, 2.150400E+004 1.570926E+074 2.150400E+004, Wed Oct 07 14:37:02 2015
1.75, 1.80, 0.20, 1.80 , -2.504004E-005, 2.502870E-005, -3.179990E-011, -1.000760E-013, 2.150400E+004 1.570926E+074 2.150400E+004, Wed Oct 07 14:37:05 2015
1.75, 1.80, 0.18, 1.80 , -2.529964E-005, 2.528720E-005, -2.773268E-011, -9.009840E-014, 2.150400E+004 1.570926E+074 2.150400E+004, Wed Oct 07 14:37:09 2015
1.75, 1.80, 0.16, 1.80 , -2.556130E-005, 2.554790E-005, -2.911637E-011, -1.290800E-013, 2.150400E+004 1.570926E+074 2.150400E+004, Wed Oct 07 14:37:12 2015
1.75, 1.80, 0.14, 1.80 , -2.581690E-005, 2.580320E-005, -3.104516E-011, -1.009580E-013, 2.150400E+004 1.570926E+074 2.150400E+004, Wed Oct 07 14:37:16 2015
1.75, 1.80, 0.12, 1.80 , -2.606313E-005, 2.605230E-005, -2.995497E-011, -1.033310E-013, 2.150400E+004 1.570926E+074 2.150400E+004, Wed Oct 07 14:37:19 2015
1.75, 1.80, 0.10, 1.80 , -2.630982E-005, 2.629520E-005, -2.861320E-011, -1.141910E-013, 2.150400E+004 1.570926E+074 2.150400E+004, Wed Oct 07 14:37:23 2015
1.75, 1.80, 0.08, 1.80 , -2.655141E-005, 2.653610E-005, -3.020655E-011, -8.976460E-014, 2.150400E+004 1.570926E+074 2.150400E+004, Wed Oct 07 14:37:26 2015
1.75, 1.80, 0.06, 1.80 , -2.679170E-005, 2.677690E-005, -2.957760E-011, -1.062630E-013, 2.150400E+004 1.570926E+074 2.150400E+004, Wed Oct 07 14:37:30 2015
1.75, 1.80, 0.04, 1.80 , -2.702479E-005, 2.701400E-005, -2.890671E-011, -9.573700E-014, 2.150400E+004 1.570926E+074 2.150400E+004, Wed Oct 07 14:37:34 2015
1.75, 1.80, 0.02, 1.80 , -2.725631E-005, 2.724350E-005, -3.041620E-011, -1.071570E-013, 2.150400E+004 1.570926E+074 2.150400E+004, Wed Oct 07 14:37:37 2015
1.75, 1.80, 0.00, 1.80 , -2.748940E-005, 2.747470E-005, -2.840355E-011, -1.127120E-013, 2.150400E+004 1.570926E+074 2.150400E+004, Wed Oct 07 14:37:41 2015
1.75, 1.80, -0.02, 1.80 , -2.771201E-005, 2.769780E-005, -3.070971E-011, -9.849070E-014, 2.150400E+004 1.570926E+074 2.150400E+004, Wed Oct 07 14:37:44 2015
1.75, 1.80, -0.04, 1.80 , -2.793359E-005, 2.792240E-005, -3.100322E-011, -1.076100E-013, 2.150400E+004 1.570926E+074 2.150400E+004, Wed Oct 07 14:37:48 2015
1.75, 1.80, -0.06, 1.80 , -2.815361E-005, 2.813800E-005, -3.050006E-011, -1.011250E-013, 2.150400E+004 1.570926E+074 2.150400E+004, Wed Oct 07 14:37:51 2015
1.75, 1.80, -0.08, 1.80 , -2.836119E-005, 2.835330E-005, -2.907443E-011, -9.531970E-014, 2.150400E+004 1.570926E+074 2.150400E+004, Wed Oct 07 14:37:55 2015
1.75, 1.80, -0.10, 1.80 , -2.858083E-005, 2.856460E-005, -3.297393E-011, -8.105040E-014, 2.150400E+004 1.570926E+074 2.150400E+004, Wed Oct 07 14:37:58 2015
1.75, 1.80, -0.12, 1.80 , -2.878447E-005, 2.877360E-005, -3.016462E-011, -9.808540E-014, 2.150400E+004 1.570926E+074 2.150400E+004, Wed Oct 07 14:38:02 2015
1.75, 1.80, -0.14, 1.80 , -2.898839E-005, 2.897420E-005, -2.735530E-011, -1.137850E-013, 2.150400E+004 1.570926E+074 2.150400E+004, Wed Oct 07 14:38:06 2015
1.75, 1.80, -0.16, 1.80 , -2.919303E-005, 2.917780E-005, -2.970339E-011, -1.176480E-013, 2.150400E+004 1.570926E+074 2.150400E+004, Wed Oct 07 14:38:09 2015
1.75, 1.80, -0.18, 1.80 , -2.939108E-005, 2.937950E-005, -2.915829E-011, -1.003980E-013, 2.150400E+004 1.570926E+074 2.150400E+004, Wed Oct 07 14:38:13 2015
1.75, 1.80, -0.20, 1.80 , -2.959069E-005, 2.957440E-005, -3.251270E-011, -9.679790E-014, 2.150400E+004 1.570926E+074 2.150400E+004, Wed Oct 07 14:38:16 2015
