0.00, 1.80, 1.80, 1.80 , -3.398030E-011, 3.544280E-012, 4.047625E-012, -9.621380E-014, 2.150400E+004 1.570926E+074 2.150400E+004, Wed Oct 07 14:38:51 2015
0.00, 1.80, 1.78, 1.80 , -3.376933E-011, 4.125550E-012, -3.540970E-012, -1.087670E-013, 2.150400E+004 1.570926E+074 2.150400E+004, Wed Oct 07 14:39:07 2015
0.00, 1.80, 1.76, 1.80 , -3.237666E-011, 4.767220E-012, -4.169864E-012, -1.213670E-013, 2.150400E+004 1.570926E+074 2.150400E+004, Wed Oct 07 14:39:21 2015
0.00, 1.80, 1.74, 1.80 , -3.322068E-011, 5.963370E-012, -6.475787E-012, -1.317860E-013, 2.150400E+004 1.570926E+074 2.150400E+004, Wed Oct 07 14:39:31 2015
0.00, 1.80, 1.72, 1.80 , -3.503531E-011, 7.552580E-012, -7.398150E-012, -1.042840E-013, 2.150400E+004 1.570926E+074 2.150400E+004, Wed Oct 07 14:39:47 2015
0.00, 1.80, 1.70, 1.80 , -3.798936E-011, 1.100030E-011, -5.134160E-012, -1.152040E-013, 2.150400E+004 1.570926E+074 2.150400E+004, Wed Oct 07 14:40:22 2015
0.00, 1.80, 1.68, 1.80 , -4.469929E-011, 1.829710E-011, -9.620238E-012, -1.057860E-013, 2.150400E+004 1.570926E+074 2.150400E+004, Wed Oct 07 14:40:37 2015
0.00, 1.80, 1.66, 1.80 , -5.811916E-011, 3.347320E-011, -1.389667E-011, -1.143220E-013, 2.150400E+004 1.570926E+074 2.150400E+004, Wed Oct 07 14:40:43 2015
0.00, 1.80, 1.64, 1.80 , -9.057165E-011, 6.445040E-011, -1.343549E-011, -1.096370E-013, 2.150400E+004 1.570926E+074 2.150400E+004, Wed Oct 07 14:40:49 2015
0.00, 1.80, 1.62, 1.80 , -1.540418E-010, 1.286560E-010, -1.297430E-011, -9.086130E-014, 2.150400E+004 1.570926E+074 2.150400E+004, Wed Oct 07 14:40:56 2015
0.00, 1.80, 1.60, 1.80 , -2.863834E-010, 2.625460E-010, -1.544793E-011, -1.135950E-013, 2.150400E+004 1.570926E+074 2.150400E+004, Wed Oct 07 14:41:01 2015
0.00, 1.80, 1.58, 1.80 , -5.648673E-010, 5.413330E-010, -1.561563E-011, -8.802410E-014, 2.150400E+004 1.570926E+074 2.150400E+004, Wed Oct 07 14:41:05 2015
0.00, 1.80, 1.56, 1.80 , -1.146942E-009, 1.123460E-009, -1.959858E-011, -9.114740E-014, 2.150400E+004 1.570926E+074 2.150400E+004, Wed Oct 07 14:41:10 2015
0.00, 1.80, 1.54, 1.80 , -2.359628E-009, 2.331800E-009, -1.611874E-011, -9.410380E-014, 2.150400E+004 1.570926E+074 2.150400E+004, Wed Oct 07 14:41:13 2015
0.00, 1.80, 1.52, 1.80 , -4.861807E-009, 4.842960E-009, -1.972436E-011, -8.591410E-014, 2.150400E+004 1.570926E+074 2.150400E+004, Wed Oct 07 14:41:17 2015
0.00, 1.80, 1.50, 1.80 , -1.003415E-008, 1.001110E-008, -1.859236E-011, -1.087670E-013, 2.150400E+004 1.570926E+074 2.150400E+004, Wed Oct 07 14:41:21 2015
0.00, 1.80, 1.48, 1.80 , -2.057279E-008, 2.054100E-008, -1.926318E-011, -7.915500E-014, 2.150400E+004 1.570926E+074 2.150400E+004, Wed Oct 07 14:41:24 2015
0.00, 1.80, 1.46, 1.80 , -4.162069E-008, 4.161330E-008, -2.098214E-011, -9.087320E-014, 2.150400E+004 1.570926E+074 2.150400E+004, Wed Oct 07 14:41:28 2015
0.00, 1.80, 1.44, 1.80 , -8.232931E-008, 8.229310E-008, -1.989207E-011, -1.089930E-013, 2.150400E+004 1.570926E+074 2.150400E+004, Wed Oct 07 14:41:31 2015
0.00, 1.80, 1.42, 1.80 , -1.576701E-007, 1.578420E-007, -2.060480E-011, -1.018400E-013, 2.150400E+004 1.570926E+074 2.150400E+004, Wed Oct 07 14:41:35 2015
0.00, 1.80, 1.40, 1.80 , -2.893218E-007, 2.892180E-007, -2.454598E-011, -1.204130E-013, 2.150400E+004 1.570926E+074 2.150400E+004, Wed Oct 07 14:41:39 2015
0.00, 1.80, 1.38, 1.80 , -5.051283E-007, 5.053030E-007, -2.349773E-011, -9.042020E-014, 2.150400E+004 1.570926E+074 2.150400E+004, Wed Oct 07 14:41:42 2015
0.00, 1.80, 1.36, 1.80 , -8.348622E-007, 8.356080E-007, -2.215606E-011, -1.112460E-013, 2.150400E+004 1.570926E+074 2.150400E+004, Wed Oct 07 14:41:46 2015
0.00, 1.80, 1.34, 1.80 , -1.313052E-006, 1.312550E-006, -2.135947E-011, -1.088740E-013, 2.150400E+004 1.570926E+074 2.150400E+004, Wed Oct 07 14:41:49 2015
0.00, 1.80, 1.32, 1.80 , -1.966964E-006, 1.966920E-006, -2.265917E-011, -9.665490E-014, 2.150400E+004 1.570926E+074 2.150400E+004, Wed Oct 07 14:41:53 2015
0.00, 1.80, 1.30, 1.80 , -2.821063E-006, 2.820620E-006, -2.668441E-011, -1.118420E-013, 2.150400E+004 1.570926E+074 2.150400E+004, Wed Oct 07 14:41:57 2015
0.00, 1.80, 1.28, 1.80 , -3.895441E-006, 3.894190E-006, -2.433633E-011, -9.562970E-014, 2.150400E+004 1.570926E+074 2.150400E+004, Wed Oct 07 14:42:00 2015
0.00, 1.80, 1.26, 1.80 , -5.200563E-006, 5.200780E-006, -2.295265E-011, -1.213190E-013, 2.150400E+004 1.570926E+074 2.150400E+004, Wed Oct 07 14:42:04 2015
0.00, 1.80, 1.24, 1.80 , -6.751312E-006, 6.749140E-006, -2.752300E-011, -9.013410E-014, 2.150400E+004 1.570926E+074 2.150400E+004, Wed Oct 07 14:42:07 2015
0.00, 1.80, 1.22, 1.80 , -8.548113E-006, 8.548460E-006, -2.722950E-011, -1.162770E-013, 2.150400E+004 1.570926E+074 2.150400E+004, Wed Oct 07 14:42:11 2015
0.00, 1.80, 1.20, 1.80 , -1.060272E-005, 1.059580E-005, -2.458791E-011, -8.894210E-014, 2.150400E+004 1.570926E+074 2.150400E+004, Wed Oct 07 14:42:14 2015
0.00, 1.80, 1.18, 1.80 , -1.291307E-005, 1.290420E-005, -2.572002E-011, -9.059910E-014, 2.150400E+004 1.570926E+074 2.150400E+004, Wed Oct 07 14:42:18 2015
0.00, 1.80, 1.16, 1.80 , -1.548730E-005, 1.547650E-005, -2.605545E-011, -1.012330E-013, 2.150400E+004 1.570926E+074 2.150400E+004, Wed Oct 07 14:42:22 2015
0.00, 1.80, 1.14, 1.80 , -1.830788E-005, 1.830240E-005, -2.530072E-011, -1.260160E-013, 2.150400E+004 1.570926E+074 2.150400E+004, Wed Oct 07 14:42:25 2015
0.00, 1.80, 1.12, 1.80 , -2.138684E-005, 2.137060E-005, -2.664248E-011, -1.141550E-013, 2.150400E+004 1.570926E+074 2.150400E+004, Wed Oct 07 14:42:29 2015
0.00, 1.80, 1.10, 1.80 , -2.471198E-005, 2.469780E-005, -2.689406E-011, -1.045580E-013, 2.150400E+004 1.570926E+074 2.150400E+004, Wed Oct 07 14:42:32 2015
0.00, 1.80, 1.08, 1.80 , -2.829806E-005, 2.827550E-005, -2.643282E-011, -1.060010E-013, 2.150400E+004 1.570926E+074 2.150400E+004, Wed Oct 07 14:42:36 2015
0.00, 1.80, 1.06, 1.80 , -3.211448E-005, 3.209410E-005, -2.743915E-011, -1.051780E-013, 2.150400E+004 1.570926E+074 2.150400E+004, Wed Oct 07 14:42:39 2015
0.00, 1.80, 1.04, 1.80 , -3.615751E-005, 3.613830E-005, -2.861318E-011, -1.042010E-013, 2.150400E+004 1.570926E+074 2.150400E+004, Wed Oct 07 14:42:43 2015
0.00, 1.80, 1.02, 1.80 , -4.045116E-005, 4.043020E-005, -2.790038E-011, -1.043680E-013, 2.150400E+004 1.570926E+074 2.150400E+004, Wed Oct 07 14:42:46 2015
0.00, 1.80, 1.00, 1.80 , -4.497359E-005, 4.496140E-005, -2.597159E-011, -1.031640E-013, 2.150400E+004 1.570926E+074 2.150400E+004, Wed Oct 07 14:42:50 2015
0.00, 1.80, 0.98, 1.80 , -4.972283E-005, 4.970840E-005, -2.735529E-011, -1.001240E-013, 2.150400E+004 1.570926E+074 2.150400E+004, Wed Oct 07 14:42:53 2015
0.00, 1.80, 0.96, 1.80 , -5.467279E-005, 5.464910E-005, -2.940985E-011, -8.829830E-014, 2.150400E+004 1.570926E+074 2.150400E+004, Wed Oct 07 14:42:57 2015
0.00, 1.80, 0.94, 1.80 , -5.984741E-005, 5.982520E-005, -2.743915E-011, -1.088740E-013, 2.150400E+004 1.570926E+074 2.150400E+004, Wed Oct 07 14:43:01 2015
0.00, 1.80, 0.92, 1.80 , -6.522526E-005, 6.519810E-005, -2.785845E-011, -1.126530E-013, 2.150400E+004 1.570926E+074 2.150400E+004, Wed Oct 07 14:43:04 2015
0.00, 1.80, 0.90, 1.80 , -7.081450E-005, 7.078320E-005, -2.815196E-011, -1.251820E-013, 2.150400E+004 1.570926E+074 2.150400E+004, Wed Oct 07 14:43:08 2015
0.00, 1.80, 0.88, 1.80 , -7.660389E-005, 7.658170E-005, -2.718757E-011, -1.012330E-013, 2.150400E+004 1.570926E+074 2.150400E+004, Wed Oct 07 14:43:11 2015
0.00, 1.80, 0.86, 1.80 , -8.256671E-005, 8.254220E-005, -2.555230E-011, -1.124500E-013, 2.150400E+004 1.570926E+074 2.150400E+004, Wed Oct 07 14:43:15 2015
0.00, 1.80, 0.84, 1.80 , -8.876742E-005, 8.873660E-005, -2.492335E-011, -1.056670E-013, 2.150400E+004 1.570926E+074 2.150400E+004, Wed Oct 07 14:43:18 2015
0.00, 1.80, 0.82, 1.80 , -9.511767E-005, 9.508280E-005, -2.718757E-011, -1.031280E-013, 2.150400E+004 1.570926E+074 2.150400E+004, Wed Oct 07 14:43:22 2015
0.00, 1.80, 0.80, 1.80 , -1.016500E-004, 1.016140E-004, -2.857125E-011, -7.330180E-014, 2.150400E+004 1.570926E+074 2.150400E+004, Wed Oct 07 14:43:25 2015
0.00, 1.80, 0.78, 1.80 , -1.083610E-004, 1.083400E-004, -2.920020E-011, -8.685590E-014, 2.150400E+004 1.570926E+074 2.150400E+004, Wed Oct 07 14:43:29 2015
0.00, 1.80, 0.76, 1.80 , -1.152448E-004, 1.152260E-004, -3.159021E-011, -1.101370E-013, 2.150400E+004 1.570926E+074 2.150400E+004, Wed Oct 07 14:43:33 2015
0.00, 1.80, 0.74, 1.80 , -1.223246E-004, 1.223020E-004, -2.878090E-011, -9.578470E-014, 2.150400E+004 1.570926E+074 2.150400E+004, Wed Oct 07 14:43:36 2015
0.00, 1.80, 0.72, 1.80 , -1.295547E-004, 1.295350E-004, -2.785844E-011, -1.009700E-013, 2.150400E+004 1.570926E+074 2.150400E+004, Wed Oct 07 14:43:40 2015
0.00, 1.80, 0.70, 1.80 , -1.369405E-004, 1.369020E-004, -3.343512E-011, -8.038280E-014, 2.150400E+004 1.570926E+074 2.150400E+004, Wed Oct 07 14:43:43 2015
0.00, 1.80, 0.68, 1.80 , -1.444545E-004, 1.444290E-004, -2.752300E-011, -1.063470E-013, 2.150400E+004 1.570926E+074 2.150400E+004, Wed Oct 07 14:43:47 2015
0.00, 1.80, 0.66, 1.80 , -1.521254E-004, 1.521040E-004, -2.899055E-011, -1.014830E-013, 2.150400E+004 1.570926E+074 2.150400E+004, Wed Oct 07 14:43:50 2015
0.00, 1.80, 0.64, 1.80 , -1.599570E-004, 1.599290E-004, -2.894862E-011, -9.410380E-014, 2.150400E+004 1.570926E+074 2.150400E+004, Wed Oct 07 14:43:54 2015
0.00, 1.80, 0.62, 1.80 , -1.679630E-004, 1.679140E-004, -3.062582E-011, -1.237630E-013, 2.150400E+004 1.570926E+074 2.150400E+004, Wed Oct 07 14:43:58 2015
0.00, 1.80, 0.60, 1.80 , -1.760672E-004, 1.760260E-004, -2.920020E-011, -1.327160E-013, 2.150400E+004 1.570926E+074 2.150400E+004, Wed Oct 07 14:44:01 2015
0.00, 1.80, 0.58, 1.80 , -1.842913E-004, 1.842830E-004, -3.087740E-011, -1.163960E-013, 2.150400E+004 1.570926E+074 2.150400E+004, Wed Oct 07 14:44:05 2015
0.00, 1.80, 0.56, 1.80 , -1.926942E-004, 1.926600E-004, -2.781651E-011, -1.121400E-013, 2.150400E+004 1.570926E+074 2.150400E+004, Wed Oct 07 14:44:08 2015
0.00, 1.80, 0.54, 1.80 , -2.012257E-004, 2.011890E-004, -2.831967E-011, -1.125450E-013, 2.150400E+004 1.570926E+074 2.150400E+004, Wed Oct 07 14:44:12 2015
0.00, 1.80, 0.52, 1.80 , -2.098700E-004, 2.098260E-004, -2.978722E-011, -1.048680E-013, 2.150400E+004 1.570926E+074 2.150400E+004, Wed Oct 07 14:44:15 2015
0.00, 1.80, 0.50, 1.80 , -2.186258E-004, 2.185840E-004, -2.953564E-011, -9.731050E-014, 2.150400E+004 1.570926E+074 2.150400E+004, Wed Oct 07 14:44:19 2015
0.00, 1.80, 0.48, 1.80 , -2.275331E-004, 2.274810E-004, -2.869704E-011, -1.028180E-013, 2.150400E+004 1.570926E+074 2.150400E+004, Wed Oct 07 14:44:22 2015
0.00, 1.80, 0.46, 1.80 , -2.365498E-004, 2.364820E-004, -3.108705E-011, -9.888410E-014, 2.150400E+004 1.570926E+074 2.150400E+004, Wed Oct 07 14:44:26 2015
0.00, 1.80, 0.44, 1.80 , -2.456771E-004, 2.456330E-004, -2.999687E-011, -1.127960E-013, 2.150400E+004 1.570926E+074 2.150400E+004, Wed Oct 07 14:44:29 2015
0.00, 1.80, 0.42, 1.80 , -2.549207E-004, 2.548710E-004, -3.238687E-011, -1.040220E-013, 2.150400E+004 1.570926E+074 2.150400E+004, Wed Oct 07 14:44:33 2015
0.00, 1.80, 0.40, 1.80 , -2.642866E-004, 2.642020E-004, -3.079354E-011, -9.001490E-014, 2.150400E+004 1.570926E+074 2.150400E+004, Wed Oct 07 14:44:37 2015
0.00, 1.80, 0.38, 1.80 , -2.736973E-004, 2.736510E-004, -3.251267E-011, -1.233100E-013, 2.150400E+004 1.570926E+074 2.150400E+004, Wed Oct 07 14:44:40 2015
0.00, 1.80, 0.36, 1.80 , -2.832431E-004, 2.831830E-004, -2.945178E-011, -1.120570E-013, 2.150400E+004 1.570926E+074 2.150400E+004, Wed Oct 07 14:44:44 2015
0.00, 1.80, 0.34, 1.80 , -2.928551E-004, 2.927910E-004, -2.991301E-011, -1.173620E-013, 2.150400E+004 1.570926E+074 2.150400E+004, Wed Oct 07 14:44:47 2015
0.00, 1.80, 0.32, 1.80 , -3.025923E-004, 3.025240E-004, -3.171599E-011, -1.189590E-013, 2.150400E+004 1.570926E+074 2.150400E+004, Wed Oct 07 14:44:51 2015
0.00, 1.80, 0.30, 1.80 , -3.124136E-004, 3.123590E-004, -2.957757E-011, -9.713170E-014, 2.150400E+004 1.570926E+074 2.150400E+004, Wed Oct 07 14:44:54 2015
0.00, 1.80, 0.28, 1.80 , -3.223722E-004, 3.223220E-004, -2.890669E-011, -1.023530E-013, 2.150400E+004 1.570926E+074 2.150400E+004, Wed Oct 07 14:44:58 2015
0.00, 1.80, 0.26, 1.80 , -3.323513E-004, 3.322310E-004, -2.827774E-011, -1.024720E-013, 2.150400E+004 1.570926E+074 2.150400E+004, Wed Oct 07 14:45:01 2015
0.00, 1.80, 0.24, 1.80 , -3.424336E-004, 3.423340E-004, -3.213529E-011, -9.098050E-014, 2.150400E+004 1.570926E+074 2.150400E+004, Wed Oct 07 14:45:05 2015
0.00, 1.80, 0.22, 1.80 , -3.526618E-004, 3.525740E-004, -3.146441E-011, -9.571310E-014, 2.150400E+004 1.570926E+074 2.150400E+004, Wed Oct 07 14:45:09 2015
0.00, 1.80, 0.20, 1.80 , -3.629002E-004, 3.627980E-004, -3.079353E-011, -9.988550E-014, 2.150400E+004 1.570926E+074 2.150400E+004, Wed Oct 07 14:45:12 2015
0.00, 1.80, 0.18, 1.80 , -3.732304E-004, 3.731010E-004, -3.003879E-011, -1.022930E-013, 2.150400E+004 1.570926E+074 2.150400E+004, Wed Oct 07 14:45:16 2015
0.00, 1.80, 0.16, 1.80 , -3.835920E-004, 3.835500E-004, -2.899054E-011, -1.080870E-013, 2.150400E+004 1.570926E+074 2.150400E+004, Wed Oct 07 14:45:19 2015
0.00, 1.80, 0.14, 1.80 , -3.940967E-004, 3.940190E-004, -3.234495E-011, -1.135950E-013, 2.150400E+004 1.570926E+074 2.150400E+004, Wed Oct 07 14:45:23 2015
0.00, 1.80, 0.12, 1.80 , -4.046730E-004, 4.045810E-004, -2.961950E-011, -1.072650E-013, 2.150400E+004 1.570926E+074 2.150400E+004, Wed Oct 07 14:45:26 2015
0.00, 1.80, 0.10, 1.80 , -4.152860E-004, 4.151610E-004, -3.238687E-011, -9.044410E-014, 2.150400E+004 1.570926E+074 2.150400E+004, Wed Oct 07 14:45:30 2015
0.00, 1.80, 0.08, 1.80 , -4.259469E-004, 4.258260E-004, -3.163213E-011, -1.144770E-013, 2.150400E+004 1.570926E+074 2.150400E+004, Wed Oct 07 14:45:33 2015
0.00, 1.80, 0.06, 1.80 , -4.366279E-004, 4.365180E-004, -3.108704E-011, -9.750130E-014, 2.150400E+004 1.570926E+074 2.150400E+004, Wed Oct 07 14:45:37 2015
0.00, 1.80, 0.04, 1.80 , -4.474219E-004, 4.473430E-004, -3.167406E-011, -8.840560E-014, 2.150400E+004 1.570926E+074 2.150400E+004, Wed Oct 07 14:45:40 2015
0.00, 1.80, 0.02, 1.80 , -4.582859E-004, 4.581830E-004, -2.873897E-011, -1.022220E-013, 2.150400E+004 1.570926E+074 2.150400E+004, Wed Oct 07 14:45:44 2015
0.00, 1.80, 0.00, 1.80 , -4.691125E-004, 4.690420E-004, -3.175792E-011, -1.156210E-013, 2.150400E+004 1.570926E+074 2.150400E+004, Wed Oct 07 14:45:48 2015
0.00, 1.80, -0.02, 1.80 , -4.800577E-004, 4.799680E-004, -3.079353E-011, -1.007440E-013, 2.150400E+004 1.570926E+074 2.150400E+004, Wed Oct 07 14:45:51 2015
0.00, 1.80, -0.04, 1.80 , -4.910514E-004, 4.909370E-004, -3.297388E-011, -1.223210E-013, 2.150400E+004 1.570926E+074 2.150400E+004, Wed Oct 07 14:45:55 2015
0.00, 1.80, -0.06, 1.80 , -5.020929E-004, 5.020100E-004, -3.100318E-011, -1.008270E-013, 2.150400E+004 1.570926E+074 2.150400E+004, Wed Oct 07 14:45:58 2015
0.00, 1.80, -0.08, 1.80 , -5.130889E-004, 5.129950E-004, -3.326739E-011, -1.241560E-013, 2.150400E+004 1.570926E+074 2.150400E+004, Wed Oct 07 14:46:02 2015
0.00, 1.80, -0.10, 1.80 , -5.240511E-004, 5.239330E-004, -3.154826E-011, -9.766820E-014, 2.150400E+004 1.570926E+074 2.150400E+004, Wed Oct 07 14:46:05 2015
0.00, 1.80, -0.12, 1.80 , -5.352157E-004, 5.350750E-004, -3.406406E-011, -1.202230E-013, 2.150400E+004 1.570926E+074 2.150400E+004, Wed Oct 07 14:46:09 2015
0.00, 1.80, -0.14, 1.80 , -5.464108E-004, 5.463120E-004, -3.293195E-011, -1.039740E-013, 2.150400E+004 1.570926E+074 2.150400E+004, Wed Oct 07 14:46:12 2015
0.00, 1.80, -0.16, 1.80 , -5.574783E-004, 5.573690E-004, -3.062581E-011, -9.030100E-014, 2.150400E+004 1.570926E+074 2.150400E+004, Wed Oct 07 14:46:16 2015
0.00, 1.80, -0.18, 1.80 , -5.685901E-004, 5.684980E-004, -3.230300E-011, -1.103880E-013, 2.150400E+004 1.570926E+074 2.150400E+004, Wed Oct 07 14:46:20 2015
0.00, 1.80, -0.20, 1.80 , -5.797964E-004, 5.796200E-004, -3.003879E-011, -1.083490E-013, 2.150400E+004 1.570926E+074 2.150400E+004, Wed Oct 07 14:46:23 2015
