1.30, 1.80, 1.80, 1.80 , -2.798745E-011, 1.486950E-012, -4.295833E-012, -1.204490E-013, 2.150400E+004 1.570926E+074 2.150400E+004, Wed Oct 07 14:58:54 2015
1.30, 1.80, 1.78, 1.80 , -2.760761E-011, 2.240320E-012, -1.020733E-011, -9.946820E-014, 2.150400E+004 1.570926E+074 2.150400E+004, Wed Oct 07 14:59:08 2015
1.30, 1.80, 1.76, 1.80 , -2.655262E-011, 2.946350E-012, -1.075235E-011, -1.073120E-013, 2.150400E+004 1.570926E+074 2.150400E+004, Wed Oct 07 14:59:19 2015
1.30, 1.80, 1.74, 1.80 , -2.722784E-011, 3.708290E-012, -1.037503E-011, -9.235140E-014, 2.150400E+004 1.570926E+074 2.150400E+004, Wed Oct 07 14:59:38 2015
1.30, 1.80, 1.72, 1.80 , -3.060387E-011, 5.471440E-012, -9.662296E-012, -1.077530E-013, 2.150400E+004 1.570926E+074 2.150400E+004, Wed Oct 07 14:59:55 2015
1.30, 1.80, 1.70, 1.80 , -3.149006E-011, 8.801620E-012, -1.427410E-011, -1.162890E-013, 2.150400E+004 1.570926E+074 2.150400E+004, Wed Oct 07 15:00:30 2015
1.30, 1.80, 1.68, 1.80 , -3.870635E-011, 1.600180E-011, -1.712502E-011, -9.700060E-014, 2.150400E+004 1.570926E+074 2.150400E+004, Wed Oct 07 15:00:35 2015
1.30, 1.80, 1.66, 1.80 , -5.237929E-011, 2.966010E-011, -1.402254E-011, -1.173260E-013, 2.150400E+004 1.570926E+074 2.150400E+004, Wed Oct 07 15:00:52 2015
1.30, 1.80, 1.64, 1.80 , -8.208841E-011, 5.897840E-011, -1.901167E-011, -1.158830E-013, 2.150400E+004 1.570926E+074 2.150400E+004, Wed Oct 07 15:00:59 2015
1.30, 1.80, 1.62, 1.80 , -1.410846E-010, 1.195350E-010, -1.959862E-011, -9.294750E-014, 2.150400E+004 1.570926E+074 2.150400E+004, Wed Oct 07 15:01:05 2015
1.30, 1.80, 1.60, 1.80 , -2.683612E-010, 2.454670E-010, -2.094023E-011, -1.112940E-013, 2.150400E+004 1.570926E+074 2.150400E+004, Wed Oct 07 15:01:10 2015
1.30, 1.80, 1.58, 1.80 , -5.289066E-010, 5.078500E-010, -2.513298E-011, -9.782310E-014, 2.150400E+004 1.570926E+074 2.150400E+004, Wed Oct 07 15:01:14 2015
1.30, 1.80, 1.56, 1.80 , -1.074431E-009, 1.052990E-009, -2.395895E-011, -1.089690E-013, 2.150400E+004 1.570926E+074 2.150400E+004, Wed Oct 07 15:01:19 2015
1.30, 1.80, 1.54, 1.80 , -2.210973E-009, 2.191920E-009, -2.395895E-011, -1.026030E-013, 2.150400E+004 1.570926E+074 2.150400E+004, Wed Oct 07 15:01:22 2015
1.30, 1.80, 1.52, 1.80 , -4.571286E-009, 4.542910E-009, -2.148526E-011, -1.050000E-013, 2.150400E+004 1.570926E+074 2.150400E+004, Wed Oct 07 15:01:26 2015
1.30, 1.80, 1.50, 1.80 , -9.407240E-009, 9.390760E-009, -2.433632E-011, -9.772780E-014, 2.150400E+004 1.570926E+074 2.150400E+004, Wed Oct 07 15:01:30 2015
1.30, 1.80, 1.48, 1.80 , -1.927502E-008, 1.927710E-008, -2.353965E-011, -1.150730E-013, 2.150400E+004 1.570926E+074 2.150400E+004, Wed Oct 07 15:01:33 2015
1.30, 1.80, 1.46, 1.80 , -3.899579E-008, 3.896380E-008, -2.890664E-011, -1.020430E-013, 2.150400E+004 1.570926E+074 2.150400E+004, Wed Oct 07 15:01:37 2015
1.30, 1.80, 1.44, 1.80 , -7.708491E-008, 7.705180E-008, -2.743910E-011, -1.179930E-013, 2.150400E+004 1.570926E+074 2.150400E+004, Wed Oct 07 15:01:40 2015
1.30, 1.80, 1.42, 1.80 , -1.477689E-007, 1.477600E-007, -2.584578E-011, -8.721350E-014, 2.150400E+004 1.570926E+074 2.150400E+004, Wed Oct 07 15:01:44 2015
1.30, 1.80, 1.40, 1.80 , -2.711325E-007, 2.711480E-007, -2.664244E-011, -1.291510E-013, 2.150400E+004 1.570926E+074 2.150400E+004, Wed Oct 07 15:01:48 2015
1.30, 1.80, 1.38, 1.80 , -4.735572E-007, 4.740740E-007, -2.668437E-011, -1.083490E-013, 2.150400E+004 1.570926E+074 2.150400E+004, Wed Oct 07 15:01:51 2015
1.30, 1.80, 1.36, 1.80 , -7.829995E-007, 7.825130E-007, -2.769068E-011, -1.341940E-013, 2.150400E+004 1.570926E+074 2.150400E+004, Wed Oct 07 15:01:55 2015
1.30, 1.80, 1.34, 1.80 , -1.231384E-006, 1.231480E-006, -2.836155E-011, -1.107810E-013, 2.150400E+004 1.570926E+074 2.150400E+004, Wed Oct 07 15:01:58 2015
1.30, 1.80, 1.32, 1.80 , -1.844542E-006, 1.844070E-006, -2.961944E-011, -1.077290E-013, 2.150400E+004 1.570926E+074 2.150400E+004, Wed Oct 07 15:02:02 2015
1.30, 1.80, 1.30, 1.80 , -2.645742E-006, 2.645790E-006, -2.953558E-011, -9.497400E-014, 2.150400E+004 1.570926E+074 2.150400E+004, Wed Oct 07 15:02:06 2015
1.30, 1.80, 1.28, 1.80 , -3.655932E-006, 3.655930E-006, -1.867627E-011, -1.338480E-013, 2.150400E+004 1.570926E+074 2.150400E+004, Wed Oct 07 15:02:09 2015
1.30, 1.80, 1.26, 1.80 , -4.887864E-006, 4.886700E-006, -2.592964E-011, -1.268390E-013, 2.150400E+004 1.570926E+074 2.150400E+004, Wed Oct 07 15:02:13 2015
1.30, 1.80, 1.24, 1.80 , -6.348910E-006, 6.348670E-006, -2.777454E-011, -1.115560E-013, 2.150400E+004 1.570926E+074 2.150400E+004, Wed Oct 07 15:02:16 2015
1.30, 1.80, 1.22, 1.80 , -8.045427E-006, 8.043990E-006, -2.936786E-011, -1.191500E-013, 2.150400E+004 1.570926E+074 2.150400E+004, Wed Oct 07 15:02:20 2015
1.30, 1.80, 1.20, 1.80 , -9.983013E-006, 9.981820E-006, -3.075154E-011, -1.217130E-013, 2.150400E+004 1.570926E+074 2.150400E+004, Wed Oct 07 15:02:23 2015
1.30, 1.80, 1.18, 1.80 , -1.216361E-005, 1.215410E-005, -2.953558E-011, -9.716750E-014, 2.150400E+004 1.570926E+074 2.150400E+004, Wed Oct 07 15:02:27 2015
1.30, 1.80, 1.16, 1.80 , -1.458762E-005, 1.457670E-005, -3.188363E-011, -9.313820E-014, 2.150400E+004 1.570926E+074 2.150400E+004, Wed Oct 07 15:02:31 2015
1.30, 1.80, 1.14, 1.80 , -1.724773E-005, 1.723770E-005, -3.045802E-011, -1.052860E-013, 2.150400E+004 1.570926E+074 2.150400E+004, Wed Oct 07 15:02:34 2015
1.30, 1.80, 1.12, 1.80 , -2.015081E-005, 2.013980E-005, -2.609736E-011, -1.029850E-013, 2.150400E+004 1.570926E+074 2.150400E+004, Wed Oct 07 15:02:38 2015
1.30, 1.80, 1.10, 1.80 , -2.328051E-005, 2.327150E-005, -2.630700E-011, -1.365300E-013, 2.150400E+004 1.570926E+074 2.150400E+004, Wed Oct 07 15:02:41 2015
1.30, 1.80, 1.08, 1.80 , -2.665412E-005, 2.664260E-005, -3.527993E-011, -1.036050E-013, 2.150400E+004 1.570926E+074 2.150400E+004, Wed Oct 07 15:02:45 2015
1.30, 1.80, 1.06, 1.80 , -3.024101E-005, 3.022960E-005, -2.873892E-011, -1.094460E-013, 2.150400E+004 1.570926E+074 2.150400E+004, Wed Oct 07 15:02:48 2015
1.30, 1.80, 1.04, 1.80 , -3.402854E-005, 3.401640E-005, -3.087733E-011, -1.027350E-013, 2.150400E+004 1.570926E+074 2.150400E+004, Wed Oct 07 15:02:52 2015
1.30, 1.80, 1.02, 1.80 , -3.803321E-005, 3.801710E-005, -3.305766E-011, -1.003030E-013, 2.150400E+004 1.570926E+074 2.150400E+004, Wed Oct 07 15:02:55 2015
1.30, 1.80, 1.00, 1.80 , -4.223465E-005, 4.222500E-005, -3.213521E-011, -1.267550E-013, 2.150400E+004 1.570926E+074 2.150400E+004, Wed Oct 07 15:02:59 2015
1.30, 1.80, 0.98, 1.80 , -4.661392E-005, 4.659090E-005, -2.999680E-011, -9.891990E-014, 2.150400E+004 1.570926E+074 2.150400E+004, Wed Oct 07 15:03:02 2015
1.30, 1.80, 0.96, 1.80 , -5.112969E-005, 5.111680E-005, -2.970330E-011, -9.764430E-014, 2.150400E+004 1.570926E+074 2.150400E+004, Wed Oct 07 15:03:06 2015
1.30, 1.80, 0.94, 1.80 , -5.580487E-005, 5.578410E-005, -2.416860E-011, -1.043560E-013, 2.150400E+004 1.570926E+074 2.150400E+004, Wed Oct 07 15:03:10 2015
1.30, 1.80, 0.92, 1.80 , -6.062209E-005, 6.060640E-005, -3.259644E-011, -1.163240E-013, 2.150400E+004 1.570926E+074 2.150400E+004, Wed Oct 07 15:03:13 2015
1.30, 1.80, 0.90, 1.80 , -6.553342E-005, 6.550740E-005, -3.377046E-011, -1.014710E-013, 2.150400E+004 1.570926E+074 2.150400E+004, Wed Oct 07 15:03:17 2015
1.30, 1.80, 0.88, 1.80 , -7.050737E-005, 7.048330E-005, -3.238678E-011, -1.148700E-013, 2.150400E+004 1.570926E+074 2.150400E+004, Wed Oct 07 15:03:20 2015
1.30, 1.80, 0.86, 1.80 , -7.556461E-005, 7.553890E-005, -3.087732E-011, -9.992120E-014, 2.150400E+004 1.570926E+074 2.150400E+004, Wed Oct 07 15:03:24 2015
1.30, 1.80, 0.84, 1.80 , -8.061923E-005, 8.060220E-005, -3.167399E-011, -1.022100E-013, 2.150400E+004 1.570926E+074 2.150400E+004, Wed Oct 07 15:03:27 2015
1.30, 1.80, 0.82, 1.80 , -8.573057E-005, 8.570890E-005, -2.932593E-011, -1.106980E-013, 2.150400E+004 1.570926E+074 2.150400E+004, Wed Oct 07 15:03:31 2015
1.30, 1.80, 0.80, 1.80 , -9.084049E-005, 9.080450E-005, -3.163206E-011, -1.082660E-013, 2.150400E+004 1.570926E+074 2.150400E+004, Wed Oct 07 15:03:34 2015
1.30, 1.80, 0.78, 1.80 , -9.591966E-005, 9.588440E-005, -3.117083E-011, -1.464370E-013, 2.150400E+004 1.570926E+074 2.150400E+004, Wed Oct 07 15:03:38 2015
1.30, 1.80, 0.76, 1.80 , -1.009783E-004, 1.009490E-004, -3.234485E-011, -1.009230E-013, 2.150400E+004 1.570926E+074 2.150400E+004, Wed Oct 07 15:03:42 2015
1.30, 1.80, 0.74, 1.80 , -1.059556E-004, 1.059320E-004, -3.230292E-011, -1.125810E-013, 2.150400E+004 1.570926E+074 2.150400E+004, Wed Oct 07 15:03:45 2015
1.30, 1.80, 0.72, 1.80 , -1.108948E-004, 1.108800E-004, -2.924206E-011, -1.266840E-013, 2.150400E+004 1.570926E+074 2.150400E+004, Wed Oct 07 15:03:49 2015
1.30, 1.80, 0.70, 1.80 , -1.157790E-004, 1.157510E-004, -3.477677E-011, -1.087070E-013, 2.150400E+004 1.570926E+074 2.150400E+004, Wed Oct 07 15:03:52 2015
1.30, 1.80, 0.68, 1.80 , -1.205848E-004, 1.205570E-004, -2.869698E-011, -8.704660E-014, 2.150400E+004 1.570926E+074 2.150400E+004, Wed Oct 07 15:03:56 2015
1.30, 1.80, 0.66, 1.80 , -1.253459E-004, 1.253250E-004, -3.213520E-011, -1.105430E-013, 2.150400E+004 1.570926E+074 2.150400E+004, Wed Oct 07 15:03:59 2015
1.30, 1.80, 0.64, 1.80 , -1.300262E-004, 1.300050E-004, -3.284801E-011, -9.919400E-014, 2.150400E+004 1.570926E+074 2.150400E+004, Wed Oct 07 15:04:03 2015
1.30, 1.80, 0.62, 1.80 , -1.346180E-004, 1.345900E-004, -3.276415E-011, -1.064540E-013, 2.150400E+004 1.570926E+074 2.150400E+004, Wed Oct 07 15:04:07 2015
1.30, 1.80, 0.60, 1.80 , -1.391593E-004, 1.391310E-004, -3.477675E-011, -1.002310E-013, 2.150400E+004 1.570926E+074 2.150400E+004, Wed Oct 07 15:04:10 2015
1.30, 1.80, 0.58, 1.80 , -1.436320E-004, 1.435990E-004, -3.326730E-011, -1.290200E-013, 2.150400E+004 1.570926E+074 2.150400E+004, Wed Oct 07 15:04:14 2015
1.30, 1.80, 0.56, 1.80 , -1.480130E-004, 1.479830E-004, -3.230292E-011, -9.295940E-014, 2.150400E+004 1.570926E+074 2.150400E+004, Wed Oct 07 15:04:17 2015
1.30, 1.80, 0.54, 1.80 , -1.523161E-004, 1.522800E-004, -3.175784E-011, -1.008270E-013, 2.150400E+004 1.570926E+074 2.150400E+004, Wed Oct 07 15:04:21 2015
1.30, 1.80, 0.52, 1.80 , -1.565528E-004, 1.565180E-004, 1.268389E-011, -1.139040E-013, 2.150400E+004 1.570926E+074 2.150400E+004, Wed Oct 07 15:04:24 2015
1.30, 1.80, 0.50, 1.80 , -1.607134E-004, 1.606700E-004, -3.498641E-011, -8.944270E-014, 2.150400E+004 1.570926E+074 2.150400E+004, Wed Oct 07 15:04:28 2015
1.30, 1.80, 0.48, 1.80 , -1.648039E-004, 1.647560E-004, -3.792147E-011, -1.020190E-013, 2.150400E+004 1.570926E+074 2.150400E+004, Wed Oct 07 15:04:31 2015
1.30, 1.80, 0.46, 1.80 , -1.688162E-004, 1.687790E-004, -3.037416E-011, -1.296640E-013, 2.150400E+004 1.570926E+074 2.150400E+004, Wed Oct 07 15:04:35 2015
1.30, 1.80, 0.44, 1.80 , -1.727637E-004, 1.727280E-004, -3.167398E-011, -1.197100E-013, 2.150400E+004 1.570926E+074 2.150400E+004, Wed Oct 07 15:04:39 2015
1.30, 1.80, 0.42, 1.80 , -1.766257E-004, 1.766070E-004, -3.595079E-011, -1.018400E-013, 2.150400E+004 1.570926E+074 2.150400E+004, Wed Oct 07 15:04:42 2015
1.30, 1.80, 0.40, 1.80 , -1.804497E-004, 1.804180E-004, -3.012258E-011, -1.085640E-013, 2.150400E+004 1.570926E+074 2.150400E+004, Wed Oct 07 15:04:46 2015
1.30, 1.80, 0.38, 1.80 , -1.841774E-004, 1.841390E-004, -3.221906E-011, -1.323820E-013, 2.150400E+004 1.570926E+074 2.150400E+004, Wed Oct 07 15:04:49 2015
1.30, 1.80, 0.36, 1.80 , -1.878625E-004, 1.878240E-004, -3.041609E-011, -1.223330E-013, 2.150400E+004 1.570926E+074 2.150400E+004, Wed Oct 07 15:04:53 2015
1.30, 1.80, 0.34, 1.80 , -1.914798E-004, 1.914420E-004, -3.368660E-011, -1.235600E-013, 2.150400E+004 1.570926E+074 2.150400E+004, Wed Oct 07 15:04:56 2015
1.30, 1.80, 0.32, 1.80 , -1.950279E-004, 1.950050E-004, -3.226099E-011, -1.025680E-013, 2.150400E+004 1.570926E+074 2.150400E+004, Wed Oct 07 15:05:00 2015
1.30, 1.80, 0.30, 1.80 , -1.985158E-004, 1.984710E-004, -3.335117E-011, -1.219150E-013, 2.150400E+004 1.570926E+074 2.150400E+004, Wed Oct 07 15:05:03 2015
1.30, 1.80, 0.28, 1.80 , -2.019418E-004, 2.018880E-004, -3.465097E-011, -1.048210E-013, 2.150400E+004 1.570926E+074 2.150400E+004, Wed Oct 07 15:05:07 2015
1.30, 1.80, 0.26, 1.80 , -2.052995E-004, 2.052550E-004, -3.125469E-011, -1.176480E-013, 2.150400E+004 1.570926E+074 2.150400E+004, Wed Oct 07 15:05:11 2015
1.30, 1.80, 0.24, 1.80 , -2.086219E-004, 2.085850E-004, -3.276415E-011, -9.062290E-014, 2.150400E+004 1.570926E+074 2.150400E+004, Wed Oct 07 15:05:14 2015
1.30, 1.80, 0.22, 1.80 , -2.118786E-004, 2.118320E-004, -3.171591E-011, -1.053210E-013, 2.150400E+004 1.570926E+074 2.150400E+004, Wed Oct 07 15:05:18 2015
1.30, 1.80, 0.20, 1.80 , -2.150729E-004, 2.150190E-004, -3.284801E-011, -1.132850E-013, 2.150400E+004 1.570926E+074 2.150400E+004, Wed Oct 07 15:05:21 2015
1.30, 1.80, 0.18, 1.80 , -2.182319E-004, 2.181850E-004, -3.532185E-011, -9.479520E-014, 2.150400E+004 1.570926E+074 2.150400E+004, Wed Oct 07 15:05:25 2015
1.30, 1.80, 0.16, 1.80 , -2.213576E-004, 2.212950E-004, -3.079346E-011, -1.161460E-013, 2.150400E+004 1.570926E+074 2.150400E+004, Wed Oct 07 15:05:28 2015
1.30, 1.80, 0.14, 1.80 , -2.244152E-004, 2.243630E-004, -3.297379E-011, -9.437800E-014, 2.150400E+004 1.570926E+074 2.150400E+004, Wed Oct 07 15:05:32 2015
1.30, 1.80, 0.12, 1.80 , -2.273934E-004, 2.273640E-004, -3.553149E-011, -9.429450E-014, 2.150400E+004 1.570926E+074 2.150400E+004, Wed Oct 07 15:05:35 2015
1.30, 1.80, 0.10, 1.80 , -2.303814E-004, 2.303360E-004, -3.368660E-011, -1.108290E-013, 2.150400E+004 1.570926E+074 2.150400E+004, Wed Oct 07 15:05:39 2015
1.30, 1.80, 0.08, 1.80 , -2.332724E-004, 2.332280E-004, -3.527991E-011, -9.719130E-014, 2.150400E+004 1.570926E+074 2.150400E+004, Wed Oct 07 15:05:42 2015
1.30, 1.80, 0.06, 1.80 , -2.361476E-004, 2.360780E-004, -3.356080E-011, -9.663110E-014, 2.150400E+004 1.570926E+074 2.150400E+004, Wed Oct 07 15:05:46 2015
1.30, 1.80, 0.04, 1.80 , -2.389466E-004, 2.389070E-004, -3.490255E-011, -1.164910E-013, 2.150400E+004 1.570926E+074 2.150400E+004, Wed Oct 07 15:05:50 2015
1.30, 1.80, 0.02, 1.80 , -2.417277E-004, 2.416710E-004, -3.616043E-011, -8.882280E-014, 2.150400E+004 1.570926E+074 2.150400E+004, Wed Oct 07 15:05:53 2015
1.30, 1.80, 0.00, 1.80 , -2.444478E-004, 2.444010E-004, -3.662166E-011, -1.218320E-013, 2.150400E+004 1.570926E+074 2.150400E+004, Wed Oct 07 15:05:57 2015
1.30, 1.80, -0.02, 1.80 , -2.471203E-004, 2.470720E-004, -3.498640E-011, -1.045350E-013, 2.150400E+004 1.570926E+074 2.150400E+004, Wed Oct 07 15:06:00 2015
1.30, 1.80, -0.04, 1.80 , -2.497582E-004, 2.497140E-004, -3.444132E-011, -1.303790E-013, 2.150400E+004 1.570926E+074 2.150400E+004, Wed Oct 07 15:06:04 2015
1.30, 1.80, -0.06, 1.80 , -2.523775E-004, 2.523130E-004, -3.565729E-011, -1.113770E-013, 2.150400E+004 1.570926E+074 2.150400E+004, Wed Oct 07 15:06:07 2015
1.30, 1.80, -0.08, 1.80 , -2.549202E-004, 2.548680E-004, -3.402203E-011, -9.881260E-014, 2.150400E+004 1.570926E+074 2.150400E+004, Wed Oct 07 15:06:11 2015
1.30, 1.80, -0.10, 1.80 , -2.574346E-004, 2.573720E-004, -4.345616E-011, -8.983610E-014, 2.150400E+004 1.570926E+074 2.150400E+004, Wed Oct 07 15:06:14 2015
1.30, 1.80, -0.12, 1.80 , -2.599054E-004, 2.598540E-004, -3.192555E-011, -1.142380E-013, 2.150400E+004 1.570926E+074 2.150400E+004, Wed Oct 07 15:06:18 2015
1.30, 1.80, -0.14, 1.80 , -2.623452E-004, 2.622790E-004, -3.632815E-011, -1.249670E-013, 2.150400E+004 1.570926E+074 2.150400E+004, Wed Oct 07 15:06:22 2015
1.30, 1.80, -0.16, 1.80 , -2.647713E-004, 2.647090E-004, -3.410588E-011, -1.097200E-013, 2.150400E+004 1.570926E+074 2.150400E+004, Wed Oct 07 15:06:25 2015
1.30, 1.80, -0.18, 1.80 , -2.671318E-004, 2.670690E-004, -2.555227E-011, -1.005050E-013, 2.150400E+004 1.570926E+074 2.150400E+004, Wed Oct 07 15:06:29 2015
1.30, 1.80, -0.20, 1.80 , -2.694639E-004, 2.694070E-004, -4.534299E-011, -1.057390E-013, 2.150400E+004 1.570926E+074 2.150400E+004, Wed Oct 07 15:06:32 2015
