1.75, 1.80, 1.80, 1.80 , -1.954730E-011, 4.972760E-012, 6.462501E-005, -7.414820E-014, 2.150400E+004 1.570926E+074 2.150400E+004, Sun Oct 11 12:43:49 2015
1.75, 1.80, 1.78, 1.80 , -2.330313E-011, 4.847350E-012, 6.260743E-005, -6.752010E-014, 2.150400E+004 1.570926E+074 2.150400E+004, Sun Oct 11 12:44:09 2015
1.75, 1.80, 1.76, 1.80 , -2.402054E-011, 4.740910E-012, 6.059085E-005, -1.184580E-013, 2.150400E+004 1.570926E+074 2.150400E+004, Sun Oct 11 12:44:25 2015
1.75, 1.80, 1.74, 1.80 , -2.347193E-011, 4.767010E-012, 5.856676E-005, -9.664300E-014, 2.150400E+004 1.570926E+074 2.150400E+004, Sun Oct 11 12:44:45 2015
1.75, 1.80, 1.72, 1.80 , -2.229034E-011, 4.617210E-012, 5.660183E-005, -9.837150E-014, 2.150400E+004 1.570926E+074 2.150400E+004, Sun Oct 11 12:45:22 2015
1.75, 1.80, 1.70, 1.80 , -2.220595E-011, 4.658210E-012, 5.461125E-005, -1.086950E-013, 2.150400E+004 1.570926E+074 2.150400E+004, Sun Oct 11 12:45:36 2015
1.75, 1.80, 1.68, 1.80 , -2.326094E-011, 4.646120E-012, 5.258846E-005, -9.586810E-014, 2.150400E+004 1.570926E+074 2.150400E+004, Sun Oct 11 12:45:55 2015
1.75, 1.80, 1.66, 1.80 , -2.136192E-011, 4.713820E-012, 5.062907E-005, -1.045580E-013, 2.150400E+004 1.570926E+074 2.150400E+004, Sun Oct 11 12:46:17 2015
1.75, 1.80, 1.64, 1.80 , -1.815472E-011, 4.851580E-012, 4.863790E-005, -1.122120E-013, 2.150400E+004 1.570926E+074 2.150400E+004, Sun Oct 11 12:46:25 2015
1.75, 1.80, 1.62, 1.80 , -2.444255E-011, 4.758830E-012, 4.666255E-005, -9.588000E-014, 2.150400E+004 1.570926E+074 2.150400E+004, Sun Oct 11 12:47:08 2015
1.75, 1.80, 1.60, 1.80 , -2.102433E-011, 4.842460E-012, 4.467945E-005, -1.305340E-013, 2.150400E+004 1.570926E+074 2.150400E+004, Sun Oct 11 12:47:37 2015
1.75, 1.80, 1.58, 1.80 , -2.326093E-011, 4.818300E-012, 4.272657E-005, -9.418730E-014, 2.150400E+004 1.570926E+074 2.150400E+004, Sun Oct 11 12:47:50 2015
1.75, 1.80, 1.56, 1.80 , -2.051793E-011, 4.877020E-012, 4.076116E-005, -1.130580E-013, 2.150400E+004 1.570926E+074 2.150400E+004, Sun Oct 11 12:47:59 2015
1.75, 1.80, 1.54, 1.80 , -2.279673E-011, 4.961990E-012, 3.882605E-005, -8.829830E-014, 2.150400E+004 1.570926E+074 2.150400E+004, Sun Oct 11 12:48:05 2015
1.75, 1.80, 1.52, 1.80 , -2.397833E-011, 4.871490E-012, 3.689406E-005, -9.614230E-014, 2.150400E+004 1.570926E+074 2.150400E+004, Sun Oct 11 12:48:17 2015
1.75, 1.80, 1.50, 1.80 , -2.292336E-011, 5.011000E-012, 3.497360E-005, -9.013410E-014, 2.150400E+004 1.570926E+074 2.150400E+004, Sun Oct 11 12:48:25 2015
1.75, 1.80, 1.48, 1.80 , -2.195272E-011, 4.935660E-012, 3.302311E-005, -9.714370E-014, 2.150400E+004 1.570926E+074 2.150400E+004, Sun Oct 11 12:48:58 2015
1.75, 1.80, 1.46, 1.80 , -2.600399E-011, 5.056860E-012, 3.111099E-005, -8.136030E-014, 2.150400E+004 1.570926E+074 2.150400E+004, Sun Oct 11 12:49:31 2015
1.75, 1.80, 1.44, 1.80 , -2.250136E-011, 5.059580E-012, 2.920552E-005, -1.167060E-013, 2.150400E+004 1.570926E+074 2.150400E+004, Sun Oct 11 12:49:38 2015
1.75, 1.80, 1.42, 1.80 , -2.220592E-011, 5.203630E-012, 2.729167E-005, -1.128080E-013, 2.150400E+004 1.570926E+074 2.150400E+004, Sun Oct 11 12:49:47 2015
1.75, 1.80, 1.40, 1.80 , -2.275452E-011, 5.133350E-012, 2.539583E-005, -1.098040E-013, 2.150400E+004 1.570926E+074 2.150400E+004, Sun Oct 11 12:49:52 2015
1.75, 1.80, 1.38, 1.80 , -2.123533E-011, 5.092430E-012, 2.348231E-005, -1.008390E-013, 2.150400E+004 1.570926E+074 2.150400E+004, Sun Oct 11 12:50:09 2015
1.75, 1.80, 1.36, 1.80 , -2.199494E-011, 5.246090E-012, 2.158964E-005, -1.045230E-013, 2.150400E+004 1.570926E+074 2.150400E+004, Sun Oct 11 12:50:37 2015
1.75, 1.80, 1.34, 1.80 , -2.553977E-011, 5.323720E-012, 1.970033E-005, -9.655950E-014, 2.150400E+004 1.570926E+074 2.150400E+004, Sun Oct 11 12:50:45 2015
1.75, 1.80, 1.32, 1.80 , -2.077112E-011, 5.332530E-012, 1.782451E-005, -6.642340E-014, 2.150400E+004 1.570926E+074 2.150400E+004, Sun Oct 11 12:50:49 2015
1.75, 1.80, 1.30, 1.80 , 3.409568E-012, 5.218910E-012, 1.595097E-005, -1.134280E-013, 2.150400E+004 1.570926E+074 2.150400E+004, Sun Oct 11 12:51:15 2015
1.75, 1.80, 1.28, 1.80 , -8.525459E-013, 3.135730E-011, 1.396554E-005, -1.008510E-013, 2.150400E+004 1.570926E+074 2.150400E+004, Sun Oct 11 12:51:39 2015
1.75, 1.80, 1.26, 1.80 , -2.355508E-009, 1.759810E-009, 8.037394E-006, -8.022790E-014, 2.150400E+004 1.570926E+074 2.150400E+004, Sun Oct 11 12:51:49 2015
1.75, 1.80, 1.24, 1.80 , -1.538423E-009, 1.531200E-009, 7.441477E-010, -9.723900E-014, 2.150400E+004 1.570926E+074 2.150400E+004, Sun Oct 11 12:51:53 2015
1.75, 1.80, 1.22, 1.80 , -9.912116E-009, 9.983300E-009, 1.048345E-010, -1.009580E-013, 2.150400E+004 1.570926E+074 2.150400E+004, Sun Oct 11 12:51:57 2015
1.75, 1.80, 1.20, 1.80 , -4.695292E-008, 4.709540E-008, 2.369981E-012, -1.079200E-013, 2.150400E+004 1.570926E+074 2.150400E+004, Sun Oct 11 12:52:00 2015
1.75, 1.80, 1.18, 1.80 , -1.417554E-007, 1.428860E-007, -3.583344E-012, -1.004700E-013, 2.150400E+004 1.570926E+074 2.150400E+004, Sun Oct 11 12:52:04 2015
1.75, 1.80, 1.16, 1.80 , -2.757937E-007, 2.764320E-007, -8.237012E-012, -9.385350E-014, 2.150400E+004 1.570926E+074 2.150400E+004, Sun Oct 11 12:52:07 2015
1.75, 1.80, 1.14, 1.80 , -4.513896E-007, 4.531110E-007, -7.146957E-012, -1.203420E-013, 2.150400E+004 1.570926E+074 2.150400E+004, Sun Oct 11 12:52:11 2015
1.75, 1.80, 1.12, 1.80 , -6.369881E-007, 6.390550E-007, -7.188878E-012, -1.007680E-013, 2.150400E+004 1.570926E+074 2.150400E+004, Sun Oct 11 12:52:14 2015
1.75, 1.80, 1.10, 1.80 , -8.213792E-007, 8.237160E-007, -9.285131E-012, -8.403060E-014, 2.150400E+004 1.570926E+074 2.150400E+004, Sun Oct 11 12:52:18 2015
1.75, 1.80, 1.08, 1.80 , -1.026668E-006, 1.028480E-006, -1.192641E-011, -1.461980E-013, 2.150400E+004 1.570926E+074 2.150400E+004, Sun Oct 11 12:52:22 2015
1.75, 1.80, 1.06, 1.80 , -1.206763E-006, 1.209680E-006, -9.075508E-012, -9.741780E-014, 2.150400E+004 1.570926E+074 2.150400E+004, Sun Oct 11 12:52:25 2015
1.75, 1.80, 1.04, 1.80 , -1.373590E-006, 1.376630E-006, -8.446636E-012, -8.528230E-014, 2.150400E+004 1.570926E+074 2.150400E+004, Sun Oct 11 12:52:29 2015
1.75, 1.80, 1.02, 1.80 , -1.542342E-006, 1.544670E-006, -9.704385E-012, -1.054290E-013, 2.150400E+004 1.570926E+074 2.150400E+004, Sun Oct 11 12:52:32 2015
1.75, 1.80, 1.00, 1.80 , -1.702536E-006, 1.705800E-006, -1.322608E-011, -1.147870E-013, 2.150400E+004 1.570926E+074 2.150400E+004, Sun Oct 11 12:52:36 2015
1.75, 1.80, 0.98, 1.80 , -1.848942E-006, 1.852720E-006, -1.385495E-011, -1.048560E-013, 2.150400E+004 1.570926E+074 2.150400E+004, Sun Oct 11 12:52:39 2015
1.75, 1.80, 0.96, 1.80 , -1.979957E-006, 1.982960E-006, -1.180064E-011, -7.866620E-014, 2.150400E+004 1.570926E+074 2.150400E+004, Sun Oct 11 12:52:43 2015
1.75, 1.80, 0.94, 1.80 , -2.097344E-006, 2.101350E-006, -1.523848E-011, -9.834770E-014, 2.150400E+004 1.570926E+074 2.150400E+004, Sun Oct 11 12:52:47 2015
1.75, 1.80, 0.92, 1.80 , -2.211766E-006, 2.215070E-006, -1.104598E-011, -8.988380E-014, 2.150400E+004 1.570926E+074 2.150400E+004, Sun Oct 11 12:52:50 2015
1.75, 1.80, 0.90, 1.80 , -2.323731E-006, 2.327200E-006, -1.226180E-011, -1.174090E-013, 2.150400E+004 1.570926E+074 2.150400E+004, Sun Oct 11 12:52:54 2015
1.75, 1.80, 0.88, 1.80 , -2.425872E-006, 2.429450E-006, -1.486115E-011, -1.111390E-013, 2.150400E+004 1.570926E+074 2.150400E+004, Sun Oct 11 12:52:57 2015
1.75, 1.80, 0.86, 1.80 , -2.529424E-006, 2.534620E-006, -1.632852E-011, -1.129390E-013, 2.150400E+004 1.570926E+074 2.150400E+004, Sun Oct 11 12:53:01 2015
1.75, 1.80, 0.84, 1.80 , -2.632681E-006, 2.637130E-006, -1.876016E-011, -1.016260E-013, 2.150400E+004 1.570926E+074 2.150400E+004, Sun Oct 11 12:53:04 2015
1.75, 1.80, 0.82, 1.80 , -2.726288E-006, 2.731640E-006, -1.532233E-011, -8.955000E-014, 2.150400E+004 1.570926E+074 2.150400E+004, Sun Oct 11 12:53:08 2015
1.75, 1.80, 0.80, 1.80 , -2.808596E-006, 2.813790E-006, -1.079443E-011, -9.230380E-014, 2.150400E+004 1.570926E+074 2.150400E+004, Sun Oct 11 12:53:11 2015
1.75, 1.80, 0.78, 1.80 , -2.889066E-006, 2.894010E-006, -1.439997E-011, -7.444620E-014, 2.150400E+004 1.570926E+074 2.150400E+004, Sun Oct 11 12:53:15 2015
1.75, 1.80, 0.76, 1.80 , -2.972245E-006, 2.977020E-006, -1.733472E-011, -7.731910E-014, 2.150400E+004 1.570926E+074 2.150400E+004, Sun Oct 11 12:53:19 2015
1.75, 1.80, 0.74, 1.80 , -3.065989E-006, 3.072050E-006, -1.649622E-011, -8.125310E-014, 2.150400E+004 1.570926E+074 2.150400E+004, Sun Oct 11 12:53:22 2015
1.75, 1.80, 0.72, 1.80 , -3.170491E-006, 3.176480E-006, -1.553194E-011, -9.689330E-014, 2.150400E+004 1.570926E+074 2.150400E+004, Sun Oct 11 12:53:26 2015
1.75, 1.80, 0.70, 1.80 , -3.264686E-006, 3.270340E-006, -1.381303E-011, -1.039390E-013, 2.150400E+004 1.570926E+074 2.150400E+004, Sun Oct 11 12:53:29 2015
1.75, 1.80, 0.68, 1.80 , -3.354107E-006, 3.360720E-006, -1.775396E-011, -8.785720E-014, 2.150400E+004 1.570926E+074 2.150400E+004, Sun Oct 11 12:53:33 2015
1.75, 1.80, 0.66, 1.80 , -3.432223E-006, 3.439610E-006, -1.628659E-011, -1.333710E-013, 2.150400E+004 1.570926E+074 2.150400E+004, Sun Oct 11 12:53:36 2015
1.75, 1.80, 0.64, 1.80 , -3.501857E-006, 3.507310E-006, -1.569965E-011, -9.698870E-014, 2.150400E+004 1.570926E+074 2.150400E+004, Sun Oct 11 12:53:40 2015
1.75, 1.80, 0.62, 1.80 , -3.577103E-006, 3.583670E-006, -1.829899E-011, -8.633140E-014, 2.150400E+004 1.570926E+074 2.150400E+004, Sun Oct 11 12:53:43 2015
1.75, 1.80, 0.60, 1.80 , -3.652311E-006, 3.657450E-006, -1.997598E-011, -1.034380E-013, 2.150400E+004 1.570926E+074 2.150400E+004, Sun Oct 11 12:53:47 2015
1.75, 1.80, 0.58, 1.80 , -3.730215E-006, 3.737590E-006, -1.578350E-011, -1.202110E-013, 2.150400E+004 1.570926E+074 2.150400E+004, Sun Oct 11 12:53:50 2015
1.75, 1.80, 0.56, 1.80 , -3.812256E-006, 3.818540E-006, -1.754434E-011, -1.160260E-013, 2.150400E+004 1.570926E+074 2.150400E+004, Sun Oct 11 12:53:54 2015
1.75, 1.80, 0.54, 1.80 , -3.891179E-006, 3.899110E-006, -2.249148E-011, -9.610650E-014, 2.150400E+004 1.570926E+074 2.150400E+004, Sun Oct 11 12:53:58 2015
1.75, 1.80, 0.52, 1.80 , -3.962677E-006, 3.968590E-006, -1.980829E-011, -1.241920E-013, 2.150400E+004 1.570926E+074 2.150400E+004, Sun Oct 11 12:54:01 2015
1.75, 1.80, 0.50, 1.80 , -4.022702E-006, 4.030090E-006, -2.421051E-011, -9.714370E-014, 2.150400E+004 1.570926E+074 2.150400E+004, Sun Oct 11 12:54:05 2015
1.75, 1.80, 0.48, 1.80 , -4.077338E-006, 4.083890E-006, -2.161106E-011, -9.511710E-014, 2.150400E+004 1.570926E+074 2.150400E+004, Sun Oct 11 12:54:08 2015
1.75, 1.80, 0.46, 1.80 , -4.131235E-006, 4.138520E-006, -2.018561E-011, -9.493830E-014, 2.150400E+004 1.570926E+074 2.150400E+004, Sun Oct 11 12:54:12 2015
1.75, 1.80, 0.44, 1.80 , -4.190631E-006, 4.199220E-006, -2.265918E-011, -1.152870E-013, 2.150400E+004 1.570926E+074 2.150400E+004, Sun Oct 11 12:54:15 2015
1.75, 1.80, 0.42, 1.80 , -4.255547E-006, 4.261750E-006, -2.412666E-011, -1.039270E-013, 2.150400E+004 1.570926E+074 2.150400E+004, Sun Oct 11 12:54:19 2015
1.75, 1.80, 0.40, 1.80 , -4.321643E-006, 4.328670E-006, -2.228186E-011, -9.478330E-014, 2.150400E+004 1.570926E+074 2.150400E+004, Sun Oct 11 12:54:22 2015
1.75, 1.80, 0.38, 1.80 , -4.386485E-006, 4.393600E-006, -2.127566E-011, -1.123910E-013, 2.150400E+004 1.570926E+074 2.150400E+004, Sun Oct 11 12:54:26 2015
1.75, 1.80, 0.36, 1.80 , -4.451874E-006, 4.459720E-006, -2.257533E-011, -1.173850E-013, 2.150400E+004 1.570926E+074 2.150400E+004, Sun Oct 11 12:54:30 2015
1.75, 1.80, 0.34, 1.80 , -4.517326E-006, 4.525570E-006, -2.395894E-011, -9.704830E-014, 2.150400E+004 1.570926E+074 2.150400E+004, Sun Oct 11 12:54:33 2015
1.75, 1.80, 0.32, 1.80 , -4.583766E-006, 4.592050E-006, -2.693590E-011, -1.198410E-013, 2.150400E+004 1.570926E+074 2.150400E+004, Sun Oct 11 12:54:37 2015
1.75, 1.80, 0.30, 1.80 , -4.649951E-006, 4.657400E-006, -2.450402E-011, -1.145480E-013, 2.150400E+004 1.570926E+074 2.150400E+004, Sun Oct 11 12:54:40 2015
1.75, 1.80, 0.28, 1.80 , -4.711141E-006, 4.718980E-006, -2.643276E-011, -9.239910E-014, 2.150400E+004 1.570926E+074 2.150400E+004, Sun Oct 11 12:54:44 2015
1.75, 1.80, 0.26, 1.80 , -4.770133E-006, 4.776860E-006, -2.555224E-011, -1.006600E-013, 2.150400E+004 1.570926E+074 2.150400E+004, Sun Oct 11 12:54:47 2015
1.75, 1.80, 0.24, 1.80 , -4.827801E-006, 4.836960E-006, -2.722941E-011, -1.033430E-013, 2.150400E+004 1.570926E+074 2.150400E+004, Sun Oct 11 12:54:51 2015
1.75, 1.80, 0.22, 1.80 , -4.882483E-006, 4.892200E-006, -2.609732E-011, -9.521250E-014, 2.150400E+004 1.570926E+074 2.150400E+004, Sun Oct 11 12:54:54 2015
1.75, 1.80, 0.20, 1.80 , -4.942500E-006, 4.949780E-006, -2.588768E-011, -9.547470E-014, 2.150400E+004 1.570926E+074 2.150400E+004, Sun Oct 11 12:54:58 2015
1.75, 1.80, 0.18, 1.80 , -5.000339E-006, 5.008970E-006, -2.588768E-011, -1.059290E-013, 2.150400E+004 1.570926E+074 2.150400E+004, Sun Oct 11 12:55:02 2015
1.75, 1.80, 0.16, 1.80 , -5.063772E-006, 5.071330E-006, -2.521681E-011, -1.023170E-013, 2.150400E+004 1.570926E+074 2.150400E+004, Sun Oct 11 12:55:05 2015
1.75, 1.80, 0.14, 1.80 , -5.126752E-006, 5.134900E-006, -2.592961E-011, -9.889600E-014, 2.150400E+004 1.570926E+074 2.150400E+004, Sun Oct 11 12:55:09 2015
1.75, 1.80, 0.12, 1.80 , -5.191933E-006, 5.200180E-006, -2.509102E-011, -9.089710E-014, 2.150400E+004 1.570926E+074 2.150400E+004, Sun Oct 11 12:55:12 2015
1.75, 1.80, 0.10, 1.80 , -5.252048E-006, 5.260670E-006, -2.978708E-011, -1.054880E-013, 2.150400E+004 1.570926E+074 2.150400E+004, Sun Oct 11 12:55:16 2015
1.75, 1.80, 0.08, 1.80 , -5.312968E-006, 5.321310E-006, -3.087724E-011, -1.045350E-013, 2.150400E+004 1.570926E+074 2.150400E+004, Sun Oct 11 12:55:19 2015
1.75, 1.80, 0.06, 1.80 , -5.374413E-006, 5.384450E-006, -2.785834E-011, -1.242760E-013, 2.150400E+004 1.570926E+074 2.150400E+004, Sun Oct 11 12:55:23 2015
1.75, 1.80, 0.04, 1.80 , -5.437897E-006, 5.446560E-006, -2.869692E-011, -9.745360E-014, 2.150400E+004 1.570926E+074 2.150400E+004, Sun Oct 11 12:55:26 2015
1.75, 1.80, 0.02, 1.80 , -5.499318E-006, 5.507360E-006, -2.974515E-011, -1.051660E-013, 2.150400E+004 1.570926E+074 2.150400E+004, Sun Oct 11 12:55:30 2015
1.75, 1.80, 0.00, 1.80 , -5.567211E-006, 5.576130E-006, -3.091917E-011, -9.429450E-014, 2.150400E+004 1.570926E+074 2.150400E+004, Sun Oct 11 12:55:33 2015
1.75, 1.80, -0.02, 1.80 , -5.632110E-006, 5.641950E-006, -3.192547E-011, -1.221300E-013, 2.150400E+004 1.570926E+074 2.150400E+004, Sun Oct 11 12:55:37 2015
1.75, 1.80, -0.04, 1.80 , -5.694732E-006, 5.704090E-006, -2.991287E-011, -1.076580E-013, 2.150400E+004 1.570926E+074 2.150400E+004, Sun Oct 11 12:55:41 2015
1.75, 1.80, -0.06, 1.80 , -5.757090E-006, 5.766920E-006, -3.163196E-011, -1.177910E-013, 2.150400E+004 1.570926E+074 2.150400E+004, Sun Oct 11 12:55:44 2015
1.75, 1.80, -0.08, 1.80 , -5.811463E-006, 5.819240E-006, -3.205125E-011, -1.173620E-013, 2.150400E+004 1.570926E+074 2.150400E+004, Sun Oct 11 12:55:48 2015
1.75, 1.80, -0.10, 1.80 , -5.866132E-006, 5.876470E-006, -3.473471E-011, -1.152400E-013, 2.150400E+004 1.570926E+074 2.150400E+004, Sun Oct 11 12:55:51 2015
1.75, 1.80, -0.12, 1.80 , -5.914008E-006, 5.924940E-006, -3.653766E-011, -1.276970E-013, 2.150400E+004 1.570926E+074 2.150400E+004, Sun Oct 11 12:55:55 2015
1.75, 1.80, -0.14, 1.80 , -5.963062E-006, 5.971560E-006, -3.418963E-011, -1.251820E-013, 2.150400E+004 1.570926E+074 2.150400E+004, Sun Oct 11 12:55:58 2015
1.75, 1.80, -0.16, 1.80 , -6.009551E-006, 6.018000E-006, -3.691502E-011, -1.153710E-013, 2.150400E+004 1.570926E+074 2.150400E+004, Sun Oct 11 12:56:02 2015
1.75, 1.80, -0.18, 1.80 , -6.052057E-006, 6.062430E-006, -3.523785E-011, -1.115920E-013, 2.150400E+004 1.570926E+074 2.150400E+004, Sun Oct 11 12:56:05 2015
1.75, 1.80, -0.20, 1.80 , -6.099472E-006, 6.110470E-006, -3.687309E-011, -1.187440E-013, 2.150400E+004 1.570926E+074 2.150400E+004, Sun Oct 11 12:56:09 2015
