1.80, 1.80, 0.60, 1.80 , 1.054627E-007, -1.040510E-007, -4.022753E-011, -9.706020E-014, 2.150400E+004 1.570926E+074 2.150400E+004, Wed Oct 07 15:20:10 2015
1.75, 1.80, 0.60, 1.80 , -1.878517E-005, 1.877910E-005, -3.184165E-011, -1.274110E-013, 2.150400E+004 1.570926E+074 2.150400E+004, Wed Oct 07 15:20:14 2015
1.70, 1.80, 0.60, 1.80 , -3.668214E-005, 3.666680E-005, -3.553144E-011, -1.022930E-013, 2.150400E+004 1.570926E+074 2.150400E+004, Wed Oct 07 15:20:17 2015
1.65, 1.80, 0.60, 1.80 , -5.348944E-005, 5.347160E-005, -3.414777E-011, -1.180410E-013, 2.150400E+004 1.570926E+074 2.150400E+004, Wed Oct 07 15:20:21 2015
1.60, 1.80, 0.60, 1.80 , -6.920133E-005, 6.917960E-005, -3.616038E-011, -1.319410E-013, 2.150400E+004 1.570926E+074 2.150400E+004, Wed Oct 07 15:20:24 2015
1.55, 1.80, 0.60, 1.80 , -8.382784E-005, 8.379810E-005, -3.339304E-011, -1.099110E-013, 2.150400E+004 1.570926E+074 2.150400E+004, Wed Oct 07 15:20:28 2015
1.50, 1.80, 0.60, 1.80 , -9.731456E-005, 9.728910E-005, -3.586687E-011, -1.072050E-013, 2.150400E+004 1.570926E+074 2.150400E+004, Wed Oct 07 15:20:31 2015
1.45, 1.80, 0.60, 1.80 , -1.096476E-004, 1.096300E-004, -3.507022E-011, -1.391410E-013, 2.150400E+004 1.570926E+074 2.150400E+004, Wed Oct 07 15:20:35 2015
1.40, 1.80, 0.60, 1.80 , -1.207368E-004, 1.207140E-004, -3.221903E-011, -1.240970E-013, 2.150400E+004 1.570926E+074 2.150400E+004, Wed Oct 07 15:20:39 2015
1.35, 1.80, 0.60, 1.80 , -1.305786E-004, 1.305520E-004, -2.932590E-011, -1.072530E-013, 2.150400E+004 1.570926E+074 2.150400E+004, Wed Oct 07 15:20:42 2015
1.30, 1.80, 0.60, 1.80 , -1.391322E-004, 1.391070E-004, -3.532179E-011, -1.360060E-013, 2.150400E+004 1.570926E+074 2.150400E+004, Wed Oct 07 15:20:46 2015
1.25, 1.80, 0.60, 1.80 , -1.464593E-004, 1.464380E-004, -2.274303E-011, -1.177430E-013, 2.150400E+004 1.570926E+074 2.150400E+004, Wed Oct 07 15:20:49 2015
1.20, 1.80, 0.60, 1.80 , -1.525764E-004, 1.525490E-004, -3.179974E-011, -1.095060E-013, 2.150400E+004 1.570926E+074 2.150400E+004, Wed Oct 07 15:20:53 2015
1.15, 1.80, 0.60, 1.80 , -1.575210E-004, 1.574750E-004, -3.184166E-011, -1.173970E-013, 2.150400E+004 1.570926E+074 2.150400E+004, Wed Oct 07 15:20:56 2015
1.10, 1.80, 0.60, 1.80 , -1.613513E-004, 1.613170E-004, -3.402199E-011, -1.132010E-013, 2.150400E+004 1.570926E+074 2.150400E+004, Wed Oct 07 15:21:00 2015
1.05, 1.80, 0.60, 1.80 , -1.642360E-004, 1.642090E-004, -3.448321E-011, -1.306530E-013, 2.150400E+004 1.570926E+074 2.150400E+004, Wed Oct 07 15:21:04 2015
1.00, 1.80, 0.60, 1.80 , -1.663798E-004, 1.663520E-004, -2.735522E-011, -1.237390E-013, 2.150400E+004 1.570926E+074 2.150400E+004, Wed Oct 07 15:21:07 2015
0.95, 1.80, 0.60, 1.80 , -1.679152E-004, 1.678680E-004, -3.339305E-011, -1.024840E-013, 2.150400E+004 1.570926E+074 2.150400E+004, Wed Oct 07 15:21:11 2015
0.90, 1.80, 0.60, 1.80 , -1.690693E-004, 1.690410E-004, -3.263832E-011, -8.306500E-014, 2.150400E+004 1.570926E+074 2.150400E+004, Wed Oct 07 15:21:14 2015
0.85, 1.80, 0.60, 1.80 , -1.699250E-004, 1.699010E-004, -3.515408E-011, -1.312380E-013, 2.150400E+004 1.570926E+074 2.150400E+004, Wed Oct 07 15:21:18 2015
0.80, 1.80, 0.60, 1.80 , -1.706697E-004, 1.706460E-004, -3.247060E-011, -1.041890E-013, 2.150400E+004 1.570926E+074 2.150400E+004, Wed Oct 07 15:21:21 2015
0.75, 1.80, 0.60, 1.80 , -1.712373E-004, 1.711900E-004, -3.150622E-011, -1.188160E-013, 2.150400E+004 1.570926E+074 2.150400E+004, Wed Oct 07 15:21:25 2015
0.70, 1.80, 0.60, 1.80 , -1.717446E-004, 1.717130E-004, -3.540566E-011, -1.212120E-013, 2.150400E+004 1.570926E+074 2.150400E+004, Wed Oct 07 15:21:28 2015
0.65, 1.80, 0.60, 1.80 , -1.721760E-004, 1.721520E-004, -3.410585E-011, -1.137140E-013, 2.150400E+004 1.570926E+074 2.150400E+004, Wed Oct 07 15:21:32 2015
0.60, 1.80, 0.60, 1.80 , -1.725964E-004, 1.725650E-004, -3.410584E-011, -9.104010E-014, 2.150400E+004 1.570926E+074 2.150400E+004, Wed Oct 07 15:21:36 2015
0.55, 1.80, 0.60, 1.80 , -1.729616E-004, 1.729250E-004, -3.435742E-011, -1.280900E-013, 2.150400E+004 1.570926E+074 2.150400E+004, Wed Oct 07 15:21:39 2015
0.50, 1.80, 0.60, 1.80 , -1.733485E-004, 1.733090E-004, -3.154815E-011, -1.026630E-013, 2.150400E+004 1.570926E+074 2.150400E+004, Wed Oct 07 15:21:43 2015
0.45, 1.80, 0.60, 1.80 , -1.736671E-004, 1.736270E-004, -3.221902E-011, -9.179120E-014, 2.150400E+004 1.570926E+074 2.150400E+004, Wed Oct 07 15:21:46 2015
0.40, 1.80, 0.60, 1.80 , -1.739795E-004, 1.739390E-004, -3.364462E-011, -1.024840E-013, 2.150400E+004 1.570926E+074 2.150400E+004, Wed Oct 07 15:21:50 2015
0.35, 1.80, 0.60, 1.80 , -1.742664E-004, 1.742310E-004, -3.263831E-011, -1.113530E-013, 2.150400E+004 1.570926E+074 2.150400E+004, Wed Oct 07 15:21:53 2015
0.30, 1.80, 0.60, 1.80 , -1.745636E-004, 1.745260E-004, -3.175780E-011, -9.218450E-014, 2.150400E+004 1.570926E+074 2.150400E+004, Wed Oct 07 15:21:57 2015
0.25, 1.80, 0.60, 1.80 , -1.748393E-004, 1.748170E-004, -3.385427E-011, -1.016860E-013, 2.150400E+004 1.570926E+074 2.150400E+004, Wed Oct 07 15:22:00 2015
0.20, 1.80, 0.60, 1.80 , -1.750708E-004, 1.750400E-004, -2.999677E-011, -1.248600E-013, 2.150400E+004 1.570926E+074 2.150400E+004, Wed Oct 07 15:22:04 2015
0.15, 1.80, 0.60, 1.80 , -1.753274E-004, 1.753020E-004, -3.507021E-011, -1.206400E-013, 2.150400E+004 1.570926E+074 2.150400E+004, Wed Oct 07 15:22:07 2015
0.10, 1.80, 0.60, 1.80 , -1.755548E-004, 1.755140E-004, -3.381234E-011, -1.297950E-013, 2.150400E+004 1.570926E+074 2.150400E+004, Wed Oct 07 15:22:11 2015
0.05, 1.80, 0.60, 1.80 , -1.757945E-004, 1.757740E-004, -3.200938E-011, -1.190540E-013, 2.150400E+004 1.570926E+074 2.150400E+004, Wed Oct 07 15:22:15 2015
0.00, 1.80, 0.60, 1.80 , -1.760190E-004, 1.759770E-004, -3.314147E-011, -9.846690E-014, 2.150400E+004 1.570926E+074 2.150400E+004, Wed Oct 07 15:22:18 2015
-0.05, 1.80, 0.60, 1.80 , -1.762296E-004, 1.761890E-004, -3.427356E-011, -1.246930E-013, 2.150400E+004 1.570926E+074 2.150400E+004, Wed Oct 07 15:22:22 2015
-0.10, 1.80, 0.60, 1.80 , -1.764083E-004, 1.763860E-004, -2.475560E-011, -1.208070E-013, 2.150400E+004 1.570926E+074 2.150400E+004, Wed Oct 07 15:22:25 2015
-0.15, 1.80, 0.60, 1.80 , -1.766209E-004, 1.766090E-004, -3.280603E-011, -1.470090E-013, 2.150400E+004 1.570926E+074 2.150400E+004, Wed Oct 07 15:22:29 2015
-0.20, 1.80, 0.60, 1.80 , -1.768167E-004, 1.767770E-004, -2.932590E-011, -1.120330E-013, 2.150400E+004 1.570926E+074 2.150400E+004, Wed Oct 07 15:22:32 2015
