1.80, 1.80, 1.40, 1.80 , 1.948892E-009, -1.958980E-009, -3.741827E-011, -1.376390E-013, 2.150400E+004 1.570926E+074 2.150400E+004, Wed Oct 07 15:15:15 2015
1.75, 1.80, 1.40, 1.80 , -2.075236E-007, 2.075520E-007, -2.987098E-011, -1.233340E-013, 2.150400E+004 1.570926E+074 2.150400E+004, Wed Oct 07 15:15:19 2015
1.70, 1.80, 1.40, 1.80 , -2.524431E-007, 2.526440E-007, -3.280605E-011, -1.282690E-013, 2.150400E+004 1.570926E+074 2.150400E+004, Wed Oct 07 15:15:22 2015
1.65, 1.80, 1.40, 1.80 , -2.615691E-007, 2.614990E-007, -2.865503E-011, -1.408930E-013, 2.150400E+004 1.570926E+074 2.150400E+004, Wed Oct 07 15:15:26 2015
1.60, 1.80, 1.40, 1.80 , -2.640348E-007, 2.642870E-007, -3.188359E-011, -1.012090E-013, 2.150400E+004 1.570926E+074 2.150400E+004, Wed Oct 07 15:15:29 2015
1.55, 1.80, 1.40, 1.80 , -2.658168E-007, 2.658130E-007, -3.016449E-011, -9.946820E-014, 2.150400E+004 1.570926E+074 2.150400E+004, Wed Oct 07 15:15:33 2015
1.50, 1.80, 1.40, 1.80 , -2.671076E-007, 2.671440E-007, -2.953555E-011, -1.221420E-013, 2.150400E+004 1.570926E+074 2.150400E+004, Wed Oct 07 15:15:36 2015
1.45, 1.80, 1.40, 1.80 , -2.684257E-007, 2.683790E-007, -3.209324E-011, -1.113300E-013, 2.150400E+004 1.570926E+074 2.150400E+004, Wed Oct 07 15:15:40 2015
1.40, 1.80, 1.40, 1.80 , -2.696931E-007, 2.694570E-007, -2.857118E-011, -1.194240E-013, 2.150400E+004 1.570926E+074 2.150400E+004, Wed Oct 07 15:15:44 2015
1.35, 1.80, 1.40, 1.80 , -2.704447E-007, 2.703520E-007, -2.873889E-011, -9.411570E-014, 2.150400E+004 1.570926E+074 2.150400E+004, Wed Oct 07 15:15:47 2015
1.30, 1.80, 1.40, 1.80 , -2.713460E-007, 2.713710E-007, -3.079344E-011, -1.140360E-013, 2.150400E+004 1.570926E+074 2.150400E+004, Wed Oct 07 15:15:51 2015
1.25, 1.80, 1.40, 1.80 , -2.722979E-007, 2.725140E-007, -3.205131E-011, -9.802580E-014, 2.150400E+004 1.570926E+074 2.150400E+004, Wed Oct 07 15:15:54 2015
1.20, 1.80, 1.40, 1.80 , -2.733499E-007, 2.732970E-007, -3.259639E-011, -1.330970E-013, 2.150400E+004 1.570926E+074 2.150400E+004, Wed Oct 07 15:15:58 2015
1.15, 1.80, 1.40, 1.80 , -2.741311E-007, 2.741180E-007, -2.756487E-011, -1.230960E-013, 2.150400E+004 1.570926E+074 2.150400E+004, Wed Oct 07 15:16:01 2015
1.10, 1.80, 1.40, 1.80 , -2.750591E-007, 2.749040E-007, -3.054186E-011, -1.051660E-013, 2.150400E+004 1.570926E+074 2.150400E+004, Wed Oct 07 15:16:05 2015
1.05, 1.80, 1.40, 1.80 , -2.758542E-007, 2.757410E-007, -3.041606E-011, -9.218450E-014, 2.150400E+004 1.570926E+074 2.150400E+004, Wed Oct 07 15:16:08 2015
1.00, 1.80, 1.40, 1.80 , -2.765224E-007, 2.767260E-007, -2.886468E-011, -1.062510E-013, 2.150400E+004 1.570926E+074 2.150400E+004, Wed Oct 07 15:16:12 2015
0.95, 1.80, 1.40, 1.80 , -2.777700E-007, 2.777920E-007, -2.823574E-011, -1.078250E-013, 2.150400E+004 1.570926E+074 2.150400E+004, Wed Oct 07 15:16:16 2015
0.90, 1.80, 1.40, 1.80 , -2.781675E-007, 2.780820E-007, -2.878082E-011, -1.198050E-013, 2.150400E+004 1.570926E+074 2.150400E+004, Wed Oct 07 15:16:19 2015
0.85, 1.80, 1.40, 1.80 , -2.789873E-007, 2.791680E-007, -2.643278E-011, -1.271960E-013, 2.150400E+004 1.570926E+074 2.150400E+004, Wed Oct 07 15:16:23 2015
0.80, 1.80, 1.40, 1.80 , -2.797782E-007, 2.795170E-007, -2.496525E-011, -7.984640E-014, 2.150400E+004 1.570926E+074 2.150400E+004, Wed Oct 07 15:16:26 2015
0.75, 1.80, 1.40, 1.80 , -2.807116E-007, 2.803470E-007, -2.773259E-011, -1.041170E-013, 2.150400E+004 1.570926E+074 2.150400E+004, Wed Oct 07 15:16:30 2015
0.70, 1.80, 1.40, 1.80 , -2.813681E-007, 2.813230E-007, -2.458788E-011, -1.195310E-013, 2.150400E+004 1.570926E+074 2.150400E+004, Wed Oct 07 15:16:33 2015
0.65, 1.80, 1.40, 1.80 , -2.815952E-007, 2.816260E-007, -1.993404E-011, -1.160260E-013, 2.150400E+004 1.570926E+074 2.150400E+004, Wed Oct 07 15:16:37 2015
0.60, 1.80, 1.40, 1.80 , -2.822272E-007, 2.824710E-007, -2.010174E-011, -1.019360E-013, 2.150400E+004 1.570926E+074 2.150400E+004, Wed Oct 07 15:16:40 2015
0.55, 1.80, 1.40, 1.80 , -2.831609E-007, 2.829590E-007, -2.244955E-011, -1.274940E-013, 2.150400E+004 1.570926E+074 2.150400E+004, Wed Oct 07 15:16:44 2015
0.50, 1.80, 1.40, 1.80 , -2.837248E-007, 2.835870E-007, -1.846666E-011, -9.312630E-014, 2.150400E+004 1.570926E+074 2.150400E+004, Wed Oct 07 15:16:48 2015
0.45, 1.80, 1.40, 1.80 , -2.845151E-007, 2.841460E-007, -2.207222E-011, -1.181960E-013, 2.150400E+004 1.570926E+074 2.150400E+004, Wed Oct 07 15:16:51 2015
0.40, 1.80, 1.40, 1.80 , -2.849759E-007, 2.848030E-007, -1.896976E-011, -1.125810E-013, 2.150400E+004 1.570926E+074 2.150400E+004, Wed Oct 07 15:16:55 2015
0.35, 1.80, 1.40, 1.80 , -2.853346E-007, 2.852540E-007, -1.930516E-011, -1.105070E-013, 2.150400E+004 1.570926E+074 2.150400E+004, Wed Oct 07 15:16:58 2015
0.30, 1.80, 1.40, 1.80 , -2.860245E-007, 2.860930E-007, -1.754431E-011, -1.015660E-013, 2.150400E+004 1.570926E+074 2.150400E+004, Wed Oct 07 15:17:02 2015
0.25, 1.80, 1.40, 1.80 , -2.866464E-007, 2.866460E-007, -1.637040E-011, -1.058700E-013, 2.150400E+004 1.570926E+074 2.150400E+004, Wed Oct 07 15:17:05 2015
0.20, 1.80, 1.40, 1.80 , -2.873725E-007, 2.873130E-007, -1.670581E-011, -1.195550E-013, 2.150400E+004 1.570926E+074 2.150400E+004, Wed Oct 07 15:17:09 2015
0.15, 1.80, 1.40, 1.80 , -2.878876E-007, 2.877840E-007, -1.678965E-011, -1.117590E-013, 2.150400E+004 1.570926E+074 2.150400E+004, Wed Oct 07 15:17:12 2015
0.10, 1.80, 1.40, 1.80 , -2.885620E-007, 2.884210E-007, -1.544805E-011, -9.992120E-014, 2.150400E+004 1.570926E+074 2.150400E+004, Wed Oct 07 15:17:16 2015
0.05, 1.80, 1.40, 1.80 , -2.891038E-007, 2.891330E-007, -1.846666E-011, -1.222490E-013, 2.150400E+004 1.570926E+074 2.150400E+004, Wed Oct 07 15:17:20 2015
0.00, 1.80, 1.40, 1.80 , -2.900643E-007, 2.899450E-007, -1.951479E-011, -1.145120E-013, 2.150400E+004 1.570926E+074 2.150400E+004, Wed Oct 07 15:17:23 2015
-0.05, 1.80, 1.40, 1.80 , -2.907986E-007, 2.908260E-007, -1.586730E-011, -1.144890E-013, 2.150400E+004 1.570926E+074 2.150400E+004, Wed Oct 07 15:17:27 2015
-0.10, 1.80, 1.40, 1.80 , -2.911183E-007, 2.912000E-007, -1.347756E-011, -1.124620E-013, 2.150400E+004 1.570926E+074 2.150400E+004, Wed Oct 07 15:17:30 2015
-0.15, 1.80, 1.40, 1.80 , -2.913139E-007, 2.912830E-007, -1.075243E-011, -1.172780E-013, 2.150400E+004 1.570926E+074 2.150400E+004, Wed Oct 07 15:17:34 2015
-0.20, 1.80, 1.40, 1.80 , -2.922291E-007, 2.920700E-007, -1.716698E-011, -1.079560E-013, 2.150400E+004 1.570926E+074 2.150400E+004, Wed Oct 07 15:17:37 2015
