1.80, 1.80, -0.20, 1.80 , 4.862673E-010, -2.364760E-010, -3.863402E-011, -1.202110E-013, 2.150400E+004 1.570926E+074 2.150400E+004, Sun Oct 11 15:23:52 2015
1.75, 1.80, -0.20, 1.80 , -6.004902E-006, 6.019380E-006, -3.934680E-011, -1.053570E-013, 2.150400E+004 1.570926E+074 2.150400E+004, Sun Oct 11 15:23:56 2015
1.70, 1.80, -0.20, 1.80 , -2.450985E-005, 2.452550E-005, -3.984995E-011, -9.477140E-014, 2.150400E+004 1.570926E+074 2.150400E+004, Sun Oct 11 15:24:00 2015
1.65, 1.80, -0.20, 1.80 , -5.501425E-005, 5.502610E-005, -3.892751E-011, -9.368660E-014, 2.150400E+004 1.570926E+074 2.150400E+004, Sun Oct 11 15:24:04 2015
1.60, 1.80, -0.20, 1.80 , -9.757715E-005, 9.759140E-005, -3.712458E-011, -1.051660E-013, 2.150400E+004 1.570926E+074 2.150400E+004, Sun Oct 11 15:24:07 2015
1.55, 1.80, -0.20, 1.80 , -1.475859E-004, 1.475950E-004, -3.850823E-011, -9.030100E-014, 2.150400E+004 1.570926E+074 2.150400E+004, Sun Oct 11 15:24:11 2015
1.50, 1.80, -0.20, 1.80 , -2.004545E-004, 2.004610E-004, -3.783736E-011, -8.773800E-014, 2.150400E+004 1.570926E+074 2.150400E+004, Sun Oct 11 15:24:14 2015
1.45, 1.80, -0.20, 1.80 , -2.533576E-004, 2.533450E-004, -3.641179E-011, -1.005170E-013, 2.150400E+004 1.570926E+074 2.150400E+004, Sun Oct 11 15:24:18 2015
1.40, 1.80, -0.20, 1.80 , -3.047959E-004, 3.047730E-004, -3.800508E-011, -1.050710E-013, 2.150400E+004 1.570926E+074 2.150400E+004, Sun Oct 11 15:24:22 2015
1.35, 1.80, -0.20, 1.80 , -3.541509E-004, 3.541200E-004, -3.905330E-011, -9.889600E-014, 2.150400E+004 1.570926E+074 2.150400E+004, Sun Oct 11 15:24:25 2015
1.30, 1.80, -0.20, 1.80 , -4.013139E-004, 4.012780E-004, -4.106589E-011, -9.020570E-014, 2.150400E+004 1.570926E+074 2.150400E+004, Sun Oct 11 15:24:29 2015
1.25, 1.80, -0.20, 1.80 , -4.464761E-004, 4.464380E-004, -3.586671E-011, -9.595160E-014, 2.150400E+004 1.570926E+074 2.150400E+004, Sun Oct 11 15:24:32 2015
1.20, 1.80, -0.20, 1.80 , -4.897451E-004, 4.896930E-004, -3.842437E-011, -7.061960E-014, 2.150400E+004 1.570926E+074 2.150400E+004, Sun Oct 11 15:24:36 2015
1.15, 1.80, -0.20, 1.80 , -5.310214E-004, 5.309570E-004, -3.746000E-011, -1.134280E-013, 2.150400E+004 1.570926E+074 2.150400E+004, Sun Oct 11 15:24:39 2015
1.10, 1.80, -0.20, 1.80 , -5.703515E-004, 5.702730E-004, -3.691493E-011, -1.161100E-013, 2.150400E+004 1.570926E+074 2.150400E+004, Sun Oct 11 15:24:43 2015
1.05, 1.80, -0.20, 1.80 , -6.076687E-004, 6.075880E-004, -3.838244E-011, -8.496050E-014, 2.150400E+004 1.570926E+074 2.150400E+004, Sun Oct 11 15:24:46 2015
1.00, 1.80, -0.20, 1.80 , -6.430377E-004, 6.429620E-004, -3.934680E-011, -9.168390E-014, 2.150400E+004 1.570926E+074 2.150400E+004, Sun Oct 11 15:24:50 2015
0.95, 1.80, -0.20, 1.80 , -6.764411E-004, 6.763520E-004, -3.930489E-011, -9.727480E-014, 2.150400E+004 1.570926E+074 2.150400E+004, Sun Oct 11 15:24:53 2015
0.90, 1.80, -0.20, 1.80 , -7.078236E-004, 7.077490E-004, -3.636987E-011, -9.528400E-014, 2.150400E+004 1.570926E+074 2.150400E+004, Sun Oct 11 15:24:57 2015
0.85, 1.80, -0.20, 1.80 , -7.371124E-004, 7.370540E-004, -3.729229E-011, -1.022700E-013, 2.150400E+004 1.570926E+074 2.150400E+004, Sun Oct 11 15:25:00 2015
0.80, 1.80, -0.20, 1.80 , -7.642350E-004, 7.641330E-004, -3.787929E-011, -9.834770E-014, 2.150400E+004 1.570926E+074 2.150400E+004, Sun Oct 11 15:25:04 2015
0.75, 1.80, -0.20, 1.80 , -7.891597E-004, 7.890710E-004, -3.972416E-011, -1.005410E-013, 2.150400E+004 1.570926E+074 2.150400E+004, Sun Oct 11 15:25:08 2015
0.70, 1.80, -0.20, 1.80 , -8.119695E-004, 8.118580E-004, -4.052081E-011, -8.060930E-014, 2.150400E+004 1.570926E+074 2.150400E+004, Sun Oct 11 15:25:11 2015
0.65, 1.80, -0.20, 1.80 , -8.326773E-004, 8.325670E-004, -3.657951E-011, -1.095770E-013, 2.150400E+004 1.570926E+074 2.150400E+004, Sun Oct 11 15:25:15 2015
0.60, 1.80, -0.20, 1.80 , -8.512595E-004, 8.511480E-004, -4.035311E-011, -1.017570E-013, 2.150400E+004 1.570926E+074 2.150400E+004, Sun Oct 11 15:25:18 2015
0.55, 1.80, -0.20, 1.80 , -8.677720E-004, 8.676220E-004, -3.968224E-011, -9.680990E-014, 2.150400E+004 1.570926E+074 2.150400E+004, Sun Oct 11 15:25:22 2015
0.50, 1.80, -0.20, 1.80 , -8.821501E-004, 8.820350E-004, -3.875981E-011, -9.596350E-014, 2.150400E+004 1.570926E+074 2.150400E+004, Sun Oct 11 15:25:25 2015
0.45, 1.80, -0.20, 1.80 , -8.946465E-004, 8.945410E-004, -3.578286E-011, -1.196150E-013, 2.150400E+004 1.570926E+074 2.150400E+004, Sun Oct 11 15:25:29 2015
0.40, 1.80, -0.20, 1.80 , -9.052925E-004, 9.051760E-004, -3.993381E-011, -1.147990E-013, 2.150400E+004 1.570926E+074 2.150400E+004, Sun Oct 11 15:25:32 2015
0.35, 1.80, -0.20, 1.80 , -9.142042E-004, 9.140900E-004, -3.838244E-011, -8.931160E-014, 2.150400E+004 1.570926E+074 2.150400E+004, Sun Oct 11 15:25:36 2015
0.30, 1.80, -0.20, 1.80 , -9.215395E-004, 9.214330E-004, -3.901138E-011, -1.133800E-013, 2.150400E+004 1.570926E+074 2.150400E+004, Sun Oct 11 15:25:39 2015
0.25, 1.80, -0.20, 1.80 , -9.274781E-004, 9.273590E-004, -3.649563E-011, -1.044030E-013, 2.150400E+004 1.570926E+074 2.150400E+004, Sun Oct 11 15:25:43 2015
0.20, 1.80, -0.20, 1.80 , -9.322318E-004, 9.321070E-004, -4.001767E-011, -9.502170E-014, 2.150400E+004 1.570926E+074 2.150400E+004, Sun Oct 11 15:25:47 2015
0.15, 1.80, -0.20, 1.80 , -9.360240E-004, 9.359090E-004, -3.792121E-011, -7.674690E-014, 2.150400E+004 1.570926E+074 2.150400E+004, Sun Oct 11 15:25:50 2015
0.10, 1.80, -0.20, 1.80 , -9.390384E-004, 9.389180E-004, -3.821474E-011, -9.237530E-014, 2.150400E+004 1.570926E+074 2.150400E+004, Sun Oct 11 15:25:54 2015
0.05, 1.80, -0.20, 1.80 , -9.414473E-004, 9.413100E-004, -3.804700E-011, -9.865760E-014, 2.150400E+004 1.570926E+074 2.150400E+004, Sun Oct 11 15:25:57 2015
0.00, 1.80, -0.20, 1.80 , -9.433730E-004, 9.432450E-004, -3.766965E-011, -8.562800E-014, 2.150400E+004 1.570926E+074 2.150400E+004, Sun Oct 11 15:26:01 2015
-0.05, 1.80, -0.20, 1.80 , -9.449496E-004, 9.448240E-004, -3.913716E-011, -1.013520E-013, 2.150400E+004 1.570926E+074 2.150400E+004, Sun Oct 11 15:26:04 2015
-0.10, 1.80, -0.20, 1.80 , -9.462541E-004, 9.461190E-004, -4.035310E-011, -9.846690E-014, 2.150400E+004 1.570926E+074 2.150400E+004, Sun Oct 11 15:26:08 2015
-0.15, 1.80, -0.20, 1.80 , -9.473734E-004, 9.472360E-004, -3.901137E-011, -1.050590E-013, 2.150400E+004 1.570926E+074 2.150400E+004, Sun Oct 11 15:26:11 2015
-0.20, 1.80, -0.20, 1.80 , -9.482976E-004, 9.481680E-004, -4.140132E-011, -8.274320E-014, 2.150400E+004 1.570926E+074 2.150400E+004, Sun Oct 11 15:26:15 2015
