1.80, 1.80, 1.00, 1.80 , -6.844964E-012, 2.247310E-011, -1.368731E-011, -9.822850E-014, 2.150400E+004 1.570926E+074 2.150400E+004, Sun Oct 11 15:15:15 2015
1.75, 1.80, 1.00, 1.80 , -1.479121E-006, 1.485670E-006, -1.507082E-011, -8.516310E-014, 2.150400E+004 1.570926E+074 2.150400E+004, Sun Oct 11 15:15:21 2015
1.70, 1.80, 1.00, 1.80 , -5.646265E-006, 5.651520E-006, -2.010178E-011, -1.064180E-013, 2.150400E+004 1.570926E+074 2.150400E+004, Sun Oct 11 15:15:25 2015
1.65, 1.80, 1.00, 1.80 , -1.080203E-005, 1.080140E-005, -1.729283E-011, -8.859630E-014, 2.150400E+004 1.570926E+074 2.150400E+004, Sun Oct 11 15:15:28 2015
1.60, 1.80, 1.00, 1.80 , -1.573508E-005, 1.573770E-005, -1.678973E-011, -1.163360E-013, 2.150400E+004 1.570926E+074 2.150400E+004, Sun Oct 11 15:15:32 2015
1.55, 1.80, 1.00, 1.80 , -1.956747E-005, 1.956760E-005, -1.511275E-011, -9.849070E-014, 2.150400E+004 1.570926E+074 2.150400E+004, Sun Oct 11 15:15:36 2015
1.50, 1.80, 1.00, 1.80 , -2.195206E-005, 2.195020E-005, -1.637048E-011, -8.633140E-014, 2.150400E+004 1.570926E+074 2.150400E+004, Sun Oct 11 15:15:39 2015
1.45, 1.80, 1.00, 1.80 , -2.315456E-005, 2.315390E-005, -1.645433E-011, -9.913440E-014, 2.150400E+004 1.570926E+074 2.150400E+004, Sun Oct 11 15:15:43 2015
1.40, 1.80, 1.00, 1.80 , -2.374352E-005, 2.374160E-005, -1.632856E-011, -1.070140E-013, 2.150400E+004 1.570926E+074 2.150400E+004, Sun Oct 11 15:15:46 2015
1.35, 1.80, 1.00, 1.80 , -2.407815E-005, 2.407890E-005, -2.584573E-011, -9.849070E-014, 2.150400E+004 1.570926E+074 2.150400E+004, Sun Oct 11 15:15:50 2015
1.30, 1.80, 1.00, 1.80 , -2.430524E-005, 2.430690E-005, -1.720898E-011, -8.234980E-014, 2.150400E+004 1.570926E+074 2.150400E+004, Sun Oct 11 15:15:53 2015
1.25, 1.80, 1.00, 1.80 , -2.448243E-005, 2.448560E-005, -1.473542E-011, -7.653240E-014, 2.150400E+004 1.570926E+074 2.150400E+004, Sun Oct 11 15:15:57 2015
1.20, 1.80, 1.00, 1.80 , -2.464000E-005, 2.463830E-005, -1.754438E-011, -1.083020E-013, 2.150400E+004 1.570926E+074 2.150400E+004, Sun Oct 11 15:16:00 2015
1.15, 1.80, 1.00, 1.80 , -2.477629E-005, 2.477600E-005, -1.460965E-011, -8.838180E-014, 2.150400E+004 1.570926E+074 2.150400E+004, Sun Oct 11 15:16:04 2015
1.10, 1.80, 1.00, 1.80 , -2.490661E-005, 2.490630E-005, -1.704128E-011, -1.052500E-013, 2.150400E+004 1.570926E+074 2.150400E+004, Sun Oct 11 15:16:07 2015
1.05, 1.80, 1.00, 1.80 , -2.503419E-005, 2.503250E-005, -1.729283E-011, -9.357930E-014, 2.150400E+004 1.570926E+074 2.150400E+004, Sun Oct 11 15:16:11 2015
1.00, 1.80, 1.00, 1.80 , -2.514138E-005, 2.514030E-005, -1.452580E-011, -1.147750E-013, 2.150400E+004 1.570926E+074 2.150400E+004, Sun Oct 11 15:16:14 2015
0.95, 1.80, 1.00, 1.80 , -2.525895E-005, 2.525730E-005, -1.670589E-011, -1.148700E-013, 2.150400E+004 1.570926E+074 2.150400E+004, Sun Oct 11 15:16:18 2015
0.90, 1.80, 1.00, 1.80 , -2.536934E-005, 2.536730E-005, -1.737667E-011, -1.059170E-013, 2.150400E+004 1.570926E+074 2.150400E+004, Sun Oct 11 15:16:22 2015
0.85, 1.80, 1.00, 1.80 , -2.547244E-005, 2.547020E-005, -1.607701E-011, -9.483100E-014, 2.150400E+004 1.570926E+074 2.150400E+004, Sun Oct 11 15:16:25 2015
0.80, 1.80, 1.00, 1.80 , -2.556484E-005, 2.556590E-005, -1.712513E-011, -1.061560E-013, 2.150400E+004 1.570926E+074 2.150400E+004, Sun Oct 11 15:16:29 2015
0.75, 1.80, 1.00, 1.80 , -2.565485E-005, 2.565470E-005, -1.771207E-011, -9.541510E-014, 2.150400E+004 1.570926E+074 2.150400E+004, Sun Oct 11 15:16:32 2015
0.70, 1.80, 1.00, 1.80 , -2.574782E-005, 2.574780E-005, -1.741861E-011, -1.174210E-013, 2.150400E+004 1.570926E+074 2.150400E+004, Sun Oct 11 15:16:36 2015
0.65, 1.80, 1.00, 1.80 , -2.590350E-005, 2.590390E-005, -1.658011E-011, -9.629730E-014, 2.150400E+004 1.570926E+074 2.150400E+004, Sun Oct 11 15:16:39 2015
0.60, 1.80, 1.00, 1.80 , -2.627840E-005, 2.628990E-005, -1.565777E-011, -8.819100E-014, 2.150400E+004 1.570926E+074 2.150400E+004, Sun Oct 11 15:16:43 2015
0.55, 1.80, 1.00, 1.80 , -2.739783E-005, 2.742990E-005, -1.603509E-011, -1.096730E-013, 2.150400E+004 1.570926E+074 2.150400E+004, Sun Oct 11 15:16:47 2015
0.50, 1.80, 1.00, 1.80 , -3.112263E-005, 3.111910E-005, -1.783785E-011, -9.863380E-014, 2.150400E+004 1.570926E+074 2.150400E+004, Sun Oct 11 15:16:55 2015
0.45, 1.80, 1.00, 1.80 , -3.235720E-005, 3.233810E-005, -1.653818E-011, -1.158000E-013, 2.150400E+004 1.570926E+074 2.150400E+004, Sun Oct 11 15:16:59 2015
0.40, 1.80, 1.00, 1.80 , -3.340507E-005, 3.335170E-005, -2.043717E-011, -1.024720E-013, 2.150400E+004 1.570926E+074 2.150400E+004, Sun Oct 11 15:17:02 2015
0.35, 1.80, 1.00, 1.80 , -3.436821E-005, 3.437470E-005, -1.720898E-011, -8.436440E-014, 2.150400E+004 1.570926E+074 2.150400E+004, Sun Oct 11 15:17:06 2015
0.30, 1.80, 1.00, 1.80 , -3.536674E-005, 3.536740E-005, -1.783785E-011, -8.870360E-014, 2.150400E+004 1.570926E+074 2.150400E+004, Sun Oct 11 15:17:10 2015
0.25, 1.80, 1.00, 1.80 , -3.647550E-005, 3.646550E-005, -1.859249E-011, -8.569960E-014, 2.150400E+004 1.570926E+074 2.150400E+004, Sun Oct 11 15:17:13 2015
0.20, 1.80, 1.00, 1.80 , -3.755994E-005, 3.763960E-005, -1.905366E-011, -1.026990E-013, 2.150400E+004 1.570926E+074 2.150400E+004, Sun Oct 11 15:17:17 2015
0.15, 1.80, 1.00, 1.80 , -3.877927E-005, 3.872830E-005, -1.737668E-011, -1.023050E-013, 2.150400E+004 1.570926E+074 2.150400E+004, Sun Oct 11 15:17:20 2015
0.10, 1.80, 1.00, 1.80 , -3.985916E-005, 3.988720E-005, -1.817324E-011, -1.030560E-013, 2.150400E+004 1.570926E+074 2.150400E+004, Sun Oct 11 15:17:24 2015
0.05, 1.80, 1.00, 1.80 , -4.115536E-005, 4.119640E-005, -1.871826E-011, -1.051660E-013, 2.150400E+004 1.570926E+074 2.150400E+004, Sun Oct 11 15:17:27 2015
0.00, 1.80, 1.00, 1.80 , -4.273276E-005, 4.276290E-005, -1.817324E-011, -8.325580E-014, 2.150400E+004 1.570926E+074 2.150400E+004, Sun Oct 11 15:17:31 2015
-0.05, 1.80, 1.00, 1.80 , -4.456170E-005, 4.455160E-005, -2.119182E-011, -1.058220E-013, 2.150400E+004 1.570926E+074 2.150400E+004, Sun Oct 11 15:17:34 2015
-0.10, 1.80, 1.00, 1.80 , -4.675155E-005, 4.668950E-005, -1.834094E-011, -8.298160E-014, 2.150400E+004 1.570926E+074 2.150400E+004, Sun Oct 11 15:17:38 2015
-0.15, 1.80, 1.00, 1.80 , -4.932134E-005, 4.932900E-005, -1.683166E-011, -8.517500E-014, 2.150400E+004 1.570926E+074 2.150400E+004, Sun Oct 11 15:17:41 2015
-0.20, 1.80, 1.00, 1.80 , -5.201442E-005, 5.199150E-005, -1.934714E-011, -9.834770E-014, 2.150400E+004 1.570926E+074 2.150400E+004, Sun Oct 11 15:17:45 2015
