1.40, 1.80, 1.80, 1.80 , -2.060227E-011, 7.394560E-012, 6.455112E-005, -3.389120E-014, 2.150400E+004 1.570926E+074 2.150400E+004, Sun Oct 11 14:17:47 2015
1.40, 1.80, 1.78, 1.80 , -2.427371E-011, 6.436600E-012, 6.253247E-005, -4.026890E-014, 2.150400E+004 1.570926E+074 2.150400E+004, Sun Oct 11 14:17:55 2015
1.40, 1.80, 1.76, 1.80 , -2.507551E-011, 5.805210E-012, 6.052037E-005, -6.498100E-014, 2.150400E+004 1.570926E+074 2.150400E+004, Sun Oct 11 14:18:18 2015
1.40, 1.80, 1.74, 1.80 , -2.359848E-011, 5.773040E-012, 5.852576E-005, -8.331540E-014, 2.150400E+004 1.570926E+074 2.150400E+004, Sun Oct 11 14:18:27 2015
1.40, 1.80, 1.72, 1.80 , -2.440028E-011, 5.604410E-012, 5.650129E-005, -7.188320E-014, 2.150400E+004 1.570926E+074 2.150400E+004, Sun Oct 11 14:18:35 2015
1.40, 1.80, 1.70, 1.80 , -2.427370E-011, 5.568730E-012, 5.451462E-005, -5.985500E-014, 2.150400E+004 1.570926E+074 2.150400E+004, Sun Oct 11 14:18:52 2015
1.40, 1.80, 1.68, 1.80 , -2.402049E-011, 5.545080E-012, 5.251363E-005, -8.046630E-014, 2.150400E+004 1.570926E+074 2.150400E+004, Sun Oct 11 14:18:59 2015
1.40, 1.80, 1.66, 1.80 , -2.608831E-011, 5.524980E-012, 5.053902E-005, -7.965560E-014, 2.150400E+004 1.570926E+074 2.150400E+004, Sun Oct 11 14:19:09 2015
1.40, 1.80, 1.64, 1.80 , -2.646810E-011, 5.541620E-012, 4.855069E-005, -7.244350E-014, 2.150400E+004 1.570926E+074 2.150400E+004, Sun Oct 11 14:19:24 2015
1.40, 1.80, 1.62, 1.80 , -2.507552E-011, 5.389920E-012, 4.660813E-005, -1.085400E-013, 2.150400E+004 1.570926E+074 2.150400E+004, Sun Oct 11 14:20:37 2015
1.40, 1.80, 1.60, 1.80 , -2.372511E-011, 5.346250E-012, 4.464756E-005, -6.983280E-014, 2.150400E+004 1.570926E+074 2.150400E+004, Sun Oct 11 14:21:30 2015
1.40, 1.80, 1.58, 1.80 , -2.245910E-011, 5.304620E-012, 4.269131E-005, -9.202960E-014, 2.150400E+004 1.570926E+074 2.150400E+004, Sun Oct 11 14:22:11 2015
1.40, 1.80, 1.56, 1.80 , -2.705889E-011, 5.396210E-012, 4.073085E-005, -9.653570E-014, 2.150400E+004 1.570926E+074 2.150400E+004, Sun Oct 11 14:22:39 2015
1.40, 1.80, 1.54, 1.80 , -2.499112E-011, 5.436060E-012, 3.877523E-005, -9.499790E-014, 2.150400E+004 1.570926E+074 2.150400E+004, Sun Oct 11 14:22:48 2015
1.40, 1.80, 1.52, 1.80 , -2.528651E-011, 5.438080E-012, 3.684683E-005, -1.137020E-013, 2.150400E+004 1.570926E+074 2.150400E+004, Sun Oct 11 14:22:57 2015
1.40, 1.80, 1.50, 1.80 , -2.625711E-011, 5.395060E-012, 3.491580E-005, -9.062290E-014, 2.150400E+004 1.570926E+074 2.150400E+004, Sun Oct 11 14:23:05 2015
1.40, 1.80, 1.48, 1.80 , -2.511772E-011, 5.539510E-012, 3.298032E-005, -1.054410E-013, 2.150400E+004 1.570926E+074 2.150400E+004, Sun Oct 11 14:23:28 2015
1.40, 1.80, 1.46, 1.80 , -2.705895E-011, 5.469580E-012, 3.109243E-005, -9.572510E-014, 2.150400E+004 1.570926E+074 2.150400E+004, Sun Oct 11 14:23:38 2015
1.40, 1.80, 1.44, 1.80 , -2.617272E-011, 5.499510E-012, 2.916762E-005, -9.808540E-014, 2.150400E+004 1.570926E+074 2.150400E+004, Sun Oct 11 14:23:58 2015
1.40, 1.80, 1.42, 1.80 , -2.490670E-011, 5.556040E-012, 2.724959E-005, -1.048330E-013, 2.150400E+004 1.570926E+074 2.150400E+004, Sun Oct 11 14:24:08 2015
1.40, 1.80, 1.40, 1.80 , -2.435811E-011, 5.581590E-012, 2.535950E-005, -1.060720E-013, 2.150400E+004 1.570926E+074 2.150400E+004, Sun Oct 11 14:25:05 2015
1.40, 1.80, 1.38, 1.80 , -2.444251E-011, 5.593990E-012, 2.345912E-005, -8.819100E-014, 2.150400E+004 1.570926E+074 2.150400E+004, Sun Oct 11 14:25:27 2015
1.40, 1.80, 1.36, 1.80 , -2.537091E-011, 5.646050E-012, 2.158053E-005, -1.039980E-013, 2.150400E+004 1.570926E+074 2.150400E+004, Sun Oct 11 14:26:46 2015
1.40, 1.80, 1.34, 1.80 , -2.410489E-011, 5.578540E-012, 1.968856E-005, -1.115320E-013, 2.150400E+004 1.570926E+074 2.150400E+004, Sun Oct 11 14:27:14 2015
1.40, 1.80, 1.32, 1.80 , -2.229027E-011, 5.616100E-012, 1.780907E-005, -8.943080E-014, 2.150400E+004 1.570926E+074 2.150400E+004, Sun Oct 11 14:27:25 2015
1.40, 1.80, 1.30, 1.80 , -2.372511E-011, 5.619850E-012, 1.594022E-005, -8.783340E-014, 2.150400E+004 1.570926E+074 2.150400E+004, Sun Oct 11 14:27:39 2015
1.40, 1.80, 1.28, 1.80 , 7.502659E-012, 9.248020E-013, 1.340819E-005, -8.916850E-014, 2.150400E+004 1.570926E+074 2.150400E+004, Sun Oct 11 14:27:59 2015
1.40, 1.80, 1.26, 1.80 , 6.244668E-013, 6.012060E-012, 1.007007E-005, -9.307860E-014, 2.150400E+004 1.570926E+074 2.150400E+004, Sun Oct 11 14:30:33 2015
1.40, 1.80, 1.24, 1.80 , -3.035054E-011, 1.064230E-011, 7.059083E-010, -1.049160E-013, 2.150400E+004 1.570926E+074 2.150400E+004, Sun Oct 11 14:30:40 2015
1.40, 1.80, 1.22, 1.80 , -1.699913E-010, 1.533690E-010, 6.777236E-011, -9.260180E-014, 2.150400E+004 1.570926E+074 2.150400E+004, Sun Oct 11 14:30:55 2015
1.40, 1.80, 1.20, 1.80 , -4.211595E-009, 4.231720E-009, -2.451494E-012, -1.205920E-013, 2.150400E+004 1.570926E+074 2.150400E+004, Sun Oct 11 14:31:00 2015
1.40, 1.80, 1.18, 1.80 , -4.207154E-008, 4.226080E-008, -9.159434E-012, -9.042020E-014, 2.150400E+004 1.570926E+074 2.150400E+004, Sun Oct 11 14:31:04 2015
1.40, 1.80, 1.16, 1.80 , -2.399342E-007, 2.408300E-007, -1.318420E-011, -1.007910E-013, 2.150400E+004 1.570926E+074 2.150400E+004, Sun Oct 11 14:31:07 2015
1.40, 1.80, 1.14, 1.80 , -7.866051E-007, 7.883910E-007, -1.372922E-011, -1.018880E-013, 2.150400E+004 1.570926E+074 2.150400E+004, Sun Oct 11 14:31:11 2015
1.40, 1.80, 1.12, 1.80 , -1.856240E-006, 1.859150E-006, -1.343575E-011, -7.605550E-014, 2.150400E+004 1.570926E+074 2.150400E+004, Sun Oct 11 14:31:16 2015
1.40, 1.80, 1.10, 1.80 , -3.582355E-006, 3.586670E-006, -1.498696E-011, -9.437800E-014, 2.150400E+004 1.570926E+074 2.150400E+004, Sun Oct 11 14:31:19 2015
1.40, 1.80, 1.08, 1.80 , -6.008836E-006, 6.013810E-006, -1.356152E-011, -1.014230E-013, 2.150400E+004 1.570926E+074 2.150400E+004, Sun Oct 11 14:31:23 2015
1.40, 1.80, 1.06, 1.80 , -9.121141E-006, 9.126740E-006, -1.603508E-011, -1.053330E-013, 2.150400E+004 1.570926E+074 2.150400E+004, Sun Oct 11 14:31:26 2015
1.40, 1.80, 1.04, 1.80 , -1.290414E-005, 1.289900E-005, -1.318420E-011, -9.312630E-014, 2.150400E+004 1.570926E+074 2.150400E+004, Sun Oct 11 14:31:30 2015
1.40, 1.80, 1.02, 1.80 , -1.733184E-005, 1.733050E-005, -1.465156E-011, -9.671450E-014, 2.150400E+004 1.570926E+074 2.150400E+004, Sun Oct 11 14:31:33 2015
1.40, 1.80, 1.00, 1.80 , -2.242443E-005, 2.242620E-005, -1.444194E-011, -9.295940E-014, 2.150400E+004 1.570926E+074 2.150400E+004, Sun Oct 11 14:31:37 2015
1.40, 1.80, 0.98, 1.80 , -2.816995E-005, 2.816520E-005, -1.775399E-011, -6.794930E-014, 2.150400E+004 1.570926E+074 2.150400E+004, Sun Oct 11 14:31:41 2015
1.40, 1.80, 0.96, 1.80 , -3.450394E-005, 3.450490E-005, -1.846671E-011, -9.849070E-014, 2.150400E+004 1.570926E+074 2.150400E+004, Sun Oct 11 14:31:44 2015
1.40, 1.80, 0.94, 1.80 , -4.137712E-005, 4.137810E-005, -1.783784E-011, -1.117230E-013, 2.150400E+004 1.570926E+074 2.150400E+004, Sun Oct 11 14:31:48 2015
1.40, 1.80, 0.92, 1.80 , -4.869785E-005, 4.869480E-005, -1.762822E-011, -1.080750E-013, 2.150400E+004 1.570926E+074 2.150400E+004, Sun Oct 11 14:31:51 2015
1.40, 1.80, 0.90, 1.80 , -5.635183E-005, 5.634720E-005, -1.922135E-011, -9.479520E-014, 2.150400E+004 1.570926E+074 2.150400E+004, Sun Oct 11 14:31:55 2015
1.40, 1.80, 0.88, 1.80 , -6.422748E-005, 6.422990E-005, -2.060487E-011, -1.042010E-013, 2.150400E+004 1.570926E+074 2.150400E+004, Sun Oct 11 14:31:58 2015
1.40, 1.80, 0.86, 1.80 , -7.223954E-005, 7.223580E-005, -1.389692E-011, -1.113060E-013, 2.150400E+004 1.570926E+074 2.150400E+004, Sun Oct 11 14:32:02 2015
1.40, 1.80, 0.84, 1.80 , -8.029412E-005, 8.029390E-005, -2.106604E-011, -8.000140E-014, 2.150400E+004 1.570926E+074 2.150400E+004, Sun Oct 11 14:32:05 2015
1.40, 1.80, 0.82, 1.80 , -8.833292E-005, 8.832650E-005, -2.022755E-011, -6.754400E-014, 2.150400E+004 1.570926E+074 2.150400E+004, Sun Oct 11 14:32:09 2015
1.40, 1.80, 0.80, 1.80 , -9.629117E-005, 9.628380E-005, -1.829902E-011, -6.897450E-014, 2.150400E+004 1.570926E+074 2.150400E+004, Sun Oct 11 14:32:12 2015
1.40, 1.80, 0.78, 1.80 , -1.041322E-004, 1.041230E-004, -1.746052E-011, -8.394720E-014, 2.150400E+004 1.570926E+074 2.150400E+004, Sun Oct 11 14:32:16 2015
1.40, 1.80, 0.76, 1.80 , -1.118202E-004, 1.118210E-004, -2.106604E-011, -7.923840E-014, 2.150400E+004 1.570926E+074 2.150400E+004, Sun Oct 11 14:32:20 2015
1.40, 1.80, 0.74, 1.80 , -1.193442E-004, 1.193440E-004, -2.089834E-011, -1.139880E-013, 2.150400E+004 1.570926E+074 2.150400E+004, Sun Oct 11 14:32:23 2015
1.40, 1.80, 0.72, 1.80 , -1.266837E-004, 1.266750E-004, -2.215609E-011, -9.262560E-014, 2.150400E+004 1.570926E+074 2.150400E+004, Sun Oct 11 14:32:27 2015
1.40, 1.80, 0.70, 1.80 , -1.338004E-004, 1.338030E-004, -2.089834E-011, -7.345680E-014, 2.150400E+004 1.570926E+074 2.150400E+004, Sun Oct 11 14:32:30 2015
1.40, 1.80, 0.68, 1.80 , -1.407423E-004, 1.407380E-004, -2.240763E-011, -5.909200E-014, 2.150400E+004 1.570926E+074 2.150400E+004, Sun Oct 11 14:32:34 2015
1.40, 1.80, 0.66, 1.80 , -1.474632E-004, 1.474610E-004, -2.333000E-011, -6.864070E-014, 2.150400E+004 1.570926E+074 2.150400E+004, Sun Oct 11 14:32:37 2015
1.40, 1.80, 0.64, 1.80 , -1.539921E-004, 1.539780E-004, -2.651659E-011, -7.168050E-014, 2.150400E+004 1.570926E+074 2.150400E+004, Sun Oct 11 14:32:41 2015
1.40, 1.80, 0.62, 1.80 , -1.603050E-004, 1.602990E-004, -2.555223E-011, -7.780790E-014, 2.150400E+004 1.570926E+074 2.150400E+004, Sun Oct 11 14:32:45 2015
1.40, 1.80, 0.60, 1.80 , -1.664207E-004, 1.664100E-004, -2.450401E-011, -7.185940E-014, 2.150400E+004 1.570926E+074 2.150400E+004, Sun Oct 11 14:32:48 2015
1.40, 1.80, 0.58, 1.80 , -1.723391E-004, 1.723350E-004, -2.559416E-011, -8.414980E-014, 2.150400E+004 1.570926E+074 2.150400E+004, Sun Oct 11 14:32:52 2015
1.40, 1.80, 0.56, 1.80 , -1.780736E-004, 1.780710E-004, -2.571995E-011, -9.824040E-014, 2.150400E+004 1.570926E+074 2.150400E+004, Sun Oct 11 14:32:55 2015
1.40, 1.80, 0.54, 1.80 , -1.836207E-004, 1.836110E-004, -2.601345E-011, -9.566550E-014, 2.150400E+004 1.570926E+074 2.150400E+004, Sun Oct 11 14:32:59 2015
1.40, 1.80, 0.52, 1.80 , -1.889952E-004, 1.889910E-004, -2.630695E-011, -9.696480E-014, 2.150400E+004 1.570926E+074 2.150400E+004, Sun Oct 11 14:33:02 2015
1.40, 1.80, 0.50, 1.80 , -1.941948E-004, 1.941850E-004, -2.639081E-011, -1.009940E-013, 2.150400E+004 1.570926E+074 2.150400E+004, Sun Oct 11 14:33:06 2015
1.40, 1.80, 0.48, 1.80 , -1.992231E-004, 1.992130E-004, -2.756482E-011, -9.561780E-014, 2.150400E+004 1.570926E+074 2.150400E+004, Sun Oct 11 14:33:09 2015
1.40, 1.80, 0.46, 1.80 , -2.041052E-004, 2.040940E-004, -2.769060E-011, -1.003740E-013, 2.150400E+004 1.570926E+074 2.150400E+004, Sun Oct 11 14:33:13 2015
1.40, 1.80, 0.44, 1.80 , -2.088245E-004, 2.088080E-004, -2.731325E-011, -1.095180E-013, 2.150400E+004 1.570926E+074 2.150400E+004, Sun Oct 11 14:33:17 2015
1.40, 1.80, 0.42, 1.80 , -2.133971E-004, 2.133880E-004, -2.735517E-011, -7.082220E-014, 2.150400E+004 1.570926E+074 2.150400E+004, Sun Oct 11 14:33:20 2015
1.40, 1.80, 0.40, 1.80 , -2.178278E-004, 2.178100E-004, -2.781639E-011, -1.119490E-013, 2.150400E+004 1.570926E+074 2.150400E+004, Sun Oct 11 14:33:24 2015
1.40, 1.80, 0.38, 1.80 , -2.221004E-004, 2.220930E-004, -2.928389E-011, -9.787080E-014, 2.150400E+004 1.570926E+074 2.150400E+004, Sun Oct 11 14:33:27 2015
1.40, 1.80, 0.36, 1.80 , -2.262419E-004, 2.262320E-004, -2.588766E-011, -1.123550E-013, 2.150400E+004 1.570926E+074 2.150400E+004, Sun Oct 11 14:33:31 2015
1.40, 1.80, 0.34, 1.80 , -2.302550E-004, 2.302490E-004, -2.710360E-011, -8.506770E-014, 2.150400E+004 1.570926E+074 2.150400E+004, Sun Oct 11 14:33:34 2015
1.40, 1.80, 0.32, 1.80 , -2.341664E-004, 2.341610E-004, -2.907426E-011, -1.090410E-013, 2.150400E+004 1.570926E+074 2.150400E+004, Sun Oct 11 14:33:38 2015
1.40, 1.80, 0.30, 1.80 , -2.379648E-004, 2.379430E-004, -2.655853E-011, -1.044750E-013, 2.150400E+004 1.570926E+074 2.150400E+004, Sun Oct 11 14:33:41 2015
1.40, 1.80, 0.28, 1.80 , -2.416506E-004, 2.416340E-004, -2.756482E-011, -8.097890E-014, 2.150400E+004 1.570926E+074 2.150400E+004, Sun Oct 11 14:33:45 2015
1.40, 1.80, 0.26, 1.80 , -2.452329E-004, 2.452180E-004, -2.815182E-011, -8.783340E-014, 2.150400E+004 1.570926E+074 2.150400E+004, Sun Oct 11 14:33:48 2015
1.40, 1.80, 0.24, 1.80 , -2.487049E-004, 2.486860E-004, -3.070948E-011, -8.960960E-014, 2.150400E+004 1.570926E+074 2.150400E+004, Sun Oct 11 14:33:52 2015
1.40, 1.80, 0.22, 1.80 , -2.520779E-004, 2.520660E-004, -2.857111E-011, -9.446140E-014, 2.150400E+004 1.570926E+074 2.150400E+004, Sun Oct 11 14:33:56 2015
1.40, 1.80, 0.20, 1.80 , -2.553471E-004, 2.553380E-004, -3.179964E-011, -1.102690E-013, 2.150400E+004 1.570926E+074 2.150400E+004, Sun Oct 11 14:33:59 2015
1.40, 1.80, 0.18, 1.80 , -2.585486E-004, 2.585300E-004, -3.108684E-011, -9.614230E-014, 2.150400E+004 1.570926E+074 2.150400E+004, Sun Oct 11 14:34:03 2015
1.40, 1.80, 0.16, 1.80 , -2.616413E-004, 2.616250E-004, -3.200928E-011, -1.062750E-013, 2.150400E+004 1.570926E+074 2.150400E+004, Sun Oct 11 14:34:06 2015
1.40, 1.80, 0.14, 1.80 , -2.646565E-004, 2.646440E-004, -3.079335E-011, -1.371030E-013, 2.150400E+004 1.570926E+074 2.150400E+004, Sun Oct 11 14:34:10 2015
1.40, 1.80, 0.12, 1.80 , -2.675863E-004, 2.675660E-004, -2.970319E-011, -9.394880E-014, 2.150400E+004 1.570926E+074 2.150400E+004, Sun Oct 11 14:34:13 2015
1.40, 1.80, 0.10, 1.80 , -2.704228E-004, 2.704040E-004, -3.251242E-011, -1.051900E-013, 2.150400E+004 1.570926E+074 2.150400E+004, Sun Oct 11 14:34:17 2015
1.40, 1.80, 0.08, 1.80 , -2.731811E-004, 2.731640E-004, -3.179964E-011, -1.019840E-013, 2.150400E+004 1.570926E+074 2.150400E+004, Sun Oct 11 14:34:20 2015
1.40, 1.80, 0.06, 1.80 , -2.758652E-004, 2.758480E-004, -3.033213E-011, -1.040580E-013, 2.150400E+004 1.570926E+074 2.150400E+004, Sun Oct 11 14:34:24 2015
1.40, 1.80, 0.04, 1.80 , -2.784843E-004, 2.784690E-004, -3.519587E-011, -1.035930E-013, 2.150400E+004 1.570926E+074 2.150400E+004, Sun Oct 11 14:34:28 2015
1.40, 1.80, 0.02, 1.80 , -2.810287E-004, 2.810130E-004, -3.465081E-011, -9.403230E-014, 2.150400E+004 1.570926E+074 2.150400E+004, Sun Oct 11 14:34:31 2015
1.40, 1.80, 0.00, 1.80 , -2.835114E-004, 2.834920E-004, -3.544746E-011, -9.980200E-014, 2.150400E+004 1.570926E+074 2.150400E+004, Sun Oct 11 14:34:35 2015
1.40, 1.80, -0.02, 1.80 , -2.859351E-004, 2.859170E-004, -3.452503E-011, -1.011490E-013, 2.150400E+004 1.570926E+074 2.150400E+004, Sun Oct 11 14:34:38 2015
1.40, 1.80, -0.04, 1.80 , -2.882779E-004, 2.882610E-004, -3.540552E-011, -9.521250E-014, 2.150400E+004 1.570926E+074 2.150400E+004, Sun Oct 11 14:34:42 2015
1.40, 1.80, -0.06, 1.80 , -2.905689E-004, 2.905520E-004, -3.649567E-011, -1.134040E-013, 2.150400E+004 1.570926E+074 2.150400E+004, Sun Oct 11 14:34:45 2015
1.40, 1.80, -0.08, 1.80 , -2.927884E-004, 2.927760E-004, -3.808897E-011, -1.071330E-013, 2.150400E+004 1.570926E+074 2.150400E+004, Sun Oct 11 14:34:49 2015
1.40, 1.80, -0.10, 1.80 , -2.949529E-004, 2.949340E-004, -3.762775E-011, -8.548500E-014, 2.150400E+004 1.570926E+074 2.150400E+004, Sun Oct 11 14:34:52 2015
1.40, 1.80, -0.12, 1.80 , -2.970554E-004, 2.970310E-004, -3.603445E-011, -1.162290E-013, 2.150400E+004 1.570926E+074 2.150400E+004, Sun Oct 11 14:34:56 2015
1.40, 1.80, -0.14, 1.80 , -2.991077E-004, 2.990950E-004, -3.645375E-011, -8.587840E-014, 2.150400E+004 1.570926E+074 2.150400E+004, Sun Oct 11 14:34:59 2015
1.40, 1.80, -0.16, 1.80 , -3.011128E-004, 3.010990E-004, -3.729233E-011, -1.111270E-013, 2.150400E+004 1.570926E+074 2.150400E+004, Sun Oct 11 14:35:03 2015
1.40, 1.80, -0.18, 1.80 , -3.030669E-004, 3.030440E-004, -3.783740E-011, -1.046900E-013, 2.150400E+004 1.570926E+074 2.150400E+004, Sun Oct 11 14:35:07 2015
1.40, 1.80, -0.20, 1.80 , -3.049623E-004, 3.049480E-004, -3.888562E-011, -7.356410E-014, 2.150400E+004 1.570926E+074 2.150400E+004, Sun Oct 11 14:35:10 2015
