1.80, 1.80, 0.20, 1.80 , 1.352874E-007, -1.346940E-007, -3.926314E-011, -1.086240E-013, 2.150400E+004 1.570926E+074 2.150400E+004, Wed Oct 07 15:22:37 2015
1.75, 1.80, 0.20, 1.80 , -2.503703E-005, 2.503280E-005, -3.754404E-011, -1.079800E-013, 2.150400E+004 1.570926E+074 2.150400E+004, Wed Oct 07 15:22:41 2015
1.70, 1.80, 0.20, 1.80 , -4.948933E-005, 4.947360E-005, -3.901157E-011, -1.098390E-013, 2.150400E+004 1.570926E+074 2.150400E+004, Wed Oct 07 15:22:44 2015
1.65, 1.80, 0.20, 1.80 , -7.311623E-005, 7.310020E-005, -3.561529E-011, -1.208660E-013, 2.150400E+004 1.570926E+074 2.150400E+004, Wed Oct 07 15:22:48 2015
1.60, 1.80, 0.20, 1.80 , -9.594046E-005, 9.591410E-005, -3.607651E-011, -1.092670E-013, 2.150400E+004 1.570926E+074 2.150400E+004, Wed Oct 07 15:22:51 2015
1.55, 1.80, 0.20, 1.80 , -1.179570E-004, 1.179390E-004, -3.465093E-011, -1.160260E-013, 2.150400E+004 1.570926E+074 2.150400E+004, Wed Oct 07 15:22:56 2015
1.50, 1.80, 0.20, 1.80 , -1.391965E-004, 1.391710E-004, -3.083536E-011, -1.112700E-013, 2.150400E+004 1.570926E+074 2.150400E+004, Wed Oct 07 15:23:00 2015
1.45, 1.80, 0.20, 1.80 , -1.595848E-004, 1.595520E-004, -3.322533E-011, -9.602310E-014, 2.150400E+004 1.570926E+074 2.150400E+004, Wed Oct 07 15:23:03 2015
1.40, 1.80, 0.20, 1.80 , -1.790624E-004, 1.790120E-004, -3.590880E-011, -1.245500E-013, 2.150400E+004 1.570926E+074 2.150400E+004, Wed Oct 07 15:23:07 2015
1.35, 1.80, 0.20, 1.80 , -1.975583E-004, 1.975100E-004, -3.527986E-011, -1.047610E-013, 2.150400E+004 1.570926E+074 2.150400E+004, Wed Oct 07 15:23:10 2015
1.30, 1.80, 0.20, 1.80 , -2.150802E-004, 2.150290E-004, -3.519600E-011, -1.018880E-013, 2.150400E+004 1.570926E+074 2.150400E+004, Wed Oct 07 15:23:14 2015
1.25, 1.80, 0.20, 1.80 , -2.316399E-004, 2.315970E-004, -3.448320E-011, -1.095410E-013, 2.150400E+004 1.570926E+074 2.150400E+004, Wed Oct 07 15:23:17 2015
1.20, 1.80, 0.20, 1.80 , -2.472057E-004, 2.471380E-004, -3.569915E-011, -1.029730E-013, 2.150400E+004 1.570926E+074 2.150400E+004, Wed Oct 07 15:23:21 2015
1.15, 1.80, 0.20, 1.80 , -2.617136E-004, 2.616680E-004, -3.255446E-011, -1.261950E-013, 2.150400E+004 1.570926E+074 2.150400E+004, Wed Oct 07 15:23:25 2015
1.10, 1.80, 0.20, 1.80 , -2.751630E-004, 2.750950E-004, -3.188358E-011, -7.264610E-014, 2.150400E+004 1.570926E+074 2.150400E+004, Wed Oct 07 15:23:28 2015
1.05, 1.80, 0.20, 1.80 , -2.874382E-004, 2.873900E-004, -3.582494E-011, -1.034380E-013, 2.150400E+004 1.570926E+074 2.150400E+004, Wed Oct 07 15:23:32 2015
1.00, 1.80, 0.20, 1.80 , -2.987047E-004, 2.986580E-004, -3.444128E-011, -1.294490E-013, 2.150400E+004 1.570926E+074 2.150400E+004, Wed Oct 07 15:23:35 2015
0.95, 1.80, 0.20, 1.80 , -3.088090E-004, 3.087660E-004, -3.381233E-011, -1.224990E-013, 2.150400E+004 1.570926E+074 2.150400E+004, Wed Oct 07 15:23:39 2015
0.90, 1.80, 0.20, 1.80 , -3.178091E-004, 3.177590E-004, -3.523793E-011, -1.100540E-013, 2.150400E+004 1.570926E+074 2.150400E+004, Wed Oct 07 15:23:42 2015
0.85, 1.80, 0.20, 1.80 , -3.256482E-004, 3.255950E-004, -3.536372E-011, -1.189470E-013, 2.150400E+004 1.570926E+074 2.150400E+004, Wed Oct 07 15:23:46 2015
0.80, 1.80, 0.20, 1.80 , -3.323793E-004, 3.323330E-004, -3.414776E-011, -1.029850E-013, 2.150400E+004 1.570926E+074 2.150400E+004, Wed Oct 07 15:23:49 2015
0.75, 1.80, 0.20, 1.80 , -3.380816E-004, 3.380400E-004, -3.532177E-011, -1.092550E-013, 2.150400E+004 1.570926E+074 2.150400E+004, Wed Oct 07 15:23:53 2015
0.70, 1.80, 0.20, 1.80 , -3.428385E-004, 3.427560E-004, -3.498635E-011, -1.138810E-013, 2.150400E+004 1.570926E+074 2.150400E+004, Wed Oct 07 15:23:56 2015
0.65, 1.80, 0.20, 1.80 , -3.466712E-004, 3.466090E-004, -3.469285E-011, -1.125450E-013, 2.150400E+004 1.570926E+074 2.150400E+004, Wed Oct 07 15:24:00 2015
0.60, 1.80, 0.20, 1.80 , -3.497237E-004, 3.496350E-004, -3.364461E-011, -1.203300E-013, 2.150400E+004 1.570926E+074 2.150400E+004, Wed Oct 07 15:24:04 2015
0.55, 1.80, 0.20, 1.80 , -3.521521E-004, 3.520980E-004, -3.150622E-011, -1.187440E-013, 2.150400E+004 1.570926E+074 2.150400E+004, Wed Oct 07 15:24:07 2015
0.50, 1.80, 0.20, 1.80 , -3.540724E-004, 3.540190E-004, -3.242866E-011, -1.129980E-013, 2.150400E+004 1.570926E+074 2.150400E+004, Wed Oct 07 15:24:11 2015
0.45, 1.80, 0.20, 1.80 , -3.556382E-004, 3.555540E-004, -3.393812E-011, -1.005890E-013, 2.150400E+004 1.570926E+074 2.150400E+004, Wed Oct 07 15:24:14 2015
0.40, 1.80, 0.20, 1.80 , -3.569592E-004, 3.568800E-004, -3.314147E-011, -1.310230E-013, 2.150400E+004 1.570926E+074 2.150400E+004, Wed Oct 07 15:24:18 2015
0.35, 1.80, 0.20, 1.80 , -3.579647E-004, 3.579070E-004, -3.385426E-011, -1.366380E-013, 2.150400E+004 1.570926E+074 2.150400E+004, Wed Oct 07 15:24:21 2015
0.30, 1.80, 0.20, 1.80 , -3.589579E-004, 3.588770E-004, -3.272217E-011, -1.226310E-013, 2.150400E+004 1.570926E+074 2.150400E+004, Wed Oct 07 15:24:25 2015
0.25, 1.80, 0.20, 1.80 , -3.597615E-004, 3.596810E-004, -3.490249E-011, -1.127480E-013, 2.150400E+004 1.570926E+074 2.150400E+004, Wed Oct 07 15:24:28 2015
0.20, 1.80, 0.20, 1.80 , -3.604597E-004, 3.603830E-004, -3.473478E-011, -1.012920E-013, 2.150400E+004 1.570926E+074 2.150400E+004, Wed Oct 07 15:24:32 2015
0.15, 1.80, 0.20, 1.80 , -3.611493E-004, 3.610610E-004, -3.402198E-011, -1.191380E-013, 2.150400E+004 1.570926E+074 2.150400E+004, Wed Oct 07 15:24:35 2015
0.10, 1.80, 0.20, 1.80 , -3.617104E-004, 3.616600E-004, -3.498636E-011, -1.372340E-013, 2.150400E+004 1.570926E+074 2.150400E+004, Wed Oct 07 15:24:39 2015
0.05, 1.80, 0.20, 1.80 , -3.622319E-004, 3.621600E-004, -3.339304E-011, -9.661910E-014, 2.150400E+004 1.570926E+074 2.150400E+004, Wed Oct 07 15:24:43 2015
0.00, 1.80, 0.20, 1.80 , -3.627113E-004, 3.626600E-004, -3.527987E-011, -9.881260E-014, 2.150400E+004 1.570926E+074 2.150400E+004, Wed Oct 07 15:24:46 2015
-0.05, 1.80, 0.20, 1.80 , -3.631876E-004, 3.631090E-004, -3.486056E-011, -1.298550E-013, 2.150400E+004 1.570926E+074 2.150400E+004, Wed Oct 07 15:24:50 2015
-0.10, 1.80, 0.20, 1.80 , -3.636758E-004, 3.635640E-004, -3.460899E-011, -1.207590E-013, 2.150400E+004 1.570926E+074 2.150400E+004, Wed Oct 07 15:24:53 2015
-0.15, 1.80, 0.20, 1.80 , -3.640619E-004, 3.640150E-004, -3.469285E-011, -1.185540E-013, 2.150400E+004 1.570926E+074 2.150400E+004, Wed Oct 07 15:24:57 2015
-0.20, 1.80, 0.20, 1.80 , -3.644252E-004, 3.643610E-004, -3.259638E-011, -1.243830E-013, 2.150400E+004 1.570926E+074 2.150400E+004, Wed Oct 07 15:25:00 2015
