0.00, 0.00, 2.00, 0.00 , 2.877481E-008, -2.843510E-008, 2.593191E-011, -9.596350E-014, 2.150400E+004 1.570926E+074 2.150400E+004, Mon Aug 31 02:20:48 2015
0.05, 0.00, 2.00, 0.00 , 1.506770E-005, -1.507530E-005, 1.109044E-011, -8.382800E-014, 2.150400E+004 1.570926E+074 2.150400E+004, Mon Aug 31 02:20:52 2015
0.10, 0.00, 2.00, 0.00 , 2.970852E-005, -2.970930E-005, 2.299716E-011, -7.206200E-014, 2.150400E+004 1.570926E+074 2.150400E+004, Mon Aug 31 02:20:55 2015
0.15, 0.00, 2.00, 0.00 , 4.389365E-005, -4.389280E-005, -6.266498E-012, -7.154940E-014, 2.150400E+004 1.570926E+074 2.150400E+004, Mon Aug 31 02:20:59 2015
0.20, 0.00, 2.00, 0.00 , 5.760142E-005, -5.760020E-005, -1.595118E-011, -8.146760E-014, 2.150400E+004 1.570926E+074 2.150400E+004, Mon Aug 31 02:21:02 2015
0.25, 0.00, 2.00, 0.00 , 7.083992E-005, -7.083450E-005, 5.220949E-012, -8.678440E-014, 2.150400E+004 1.570926E+074 2.150400E+004, Mon Aug 31 02:21:06 2015
0.30, 0.00, 2.00, 0.00 , 8.363885E-005, -8.363090E-005, -1.129751E-011, -9.764430E-014, 2.150400E+004 1.570926E+074 2.150400E+004, Mon Aug 31 02:21:09 2015
0.35, 0.00, 2.00, 0.00 , 9.592714E-005, -9.591830E-005, 1.784030E-011, -7.284880E-014, 2.150400E+004 1.570926E+074 2.150400E+004, Mon Aug 31 02:21:13 2015
0.40, 0.00, 2.00, 0.00 , 1.077147E-004, -1.077030E-004, 7.652604E-012, -8.350610E-014, 2.150400E+004 1.570926E+074 2.150400E+004, Mon Aug 31 02:21:17 2015
0.45, 0.00, 2.00, 0.00 , 1.189267E-004, -1.189280E-004, -3.876772E-012, -8.090730E-014, 2.150400E+004 1.570926E+074 2.150400E+004, Mon Aug 31 02:21:20 2015
0.50, 0.00, 2.00, 0.00 , 1.296196E-004, -1.295990E-004, -2.744791E-012, -8.146760E-014, 2.150400E+004 1.570926E+074 2.150400E+004, Mon Aug 31 02:21:24 2015
0.55, 0.00, 2.00, 0.00 , 1.397329E-004, -1.397220E-004, 2.537755E-012, -1.001600E-013, 2.150400E+004 1.570926E+074 2.150400E+004, Mon Aug 31 02:21:27 2015
0.60, 0.00, 2.00, 0.00 , 1.493073E-004, -1.492890E-004, -9.075471E-012, -6.105900E-014, 2.150400E+004 1.570926E+074 2.150400E+004, Mon Aug 31 02:21:31 2015
0.65, 0.00, 2.00, 0.00 , 1.582954E-004, -1.582760E-004, -7.440416E-012, -9.281640E-014, 2.150400E+004 1.570926E+074 2.150400E+004, Mon Aug 31 02:21:34 2015
0.70, 0.00, 2.00, 0.00 , 1.666874E-004, -1.666630E-004, -2.026945E-011, -7.979870E-014, 2.150400E+004 1.570926E+074 2.150400E+004, Mon Aug 31 02:21:38 2015
0.75, 0.00, 2.00, 0.00 , 1.744718E-004, -1.744640E-004, -1.445139E-012, -7.421970E-014, 2.150400E+004 1.570926E+074 2.150400E+004, Mon Aug 31 02:21:41 2015
0.80, 0.00, 2.00, 0.00 , 1.816424E-004, -1.816230E-004, 1.947545E-011, -9.323360E-014, 2.150400E+004 1.570926E+074 2.150400E+004, Mon Aug 31 02:21:45 2015
0.85, 0.00, 2.00, 0.00 , 1.882173E-004, -1.882010E-004, 1.834349E-011, -8.902550E-014, 2.150400E+004 1.570926E+074 2.150400E+004, Mon Aug 31 02:21:48 2015
0.90, 0.00, 2.00, 0.00 , 1.941862E-004, -1.941680E-004, 1.992720E-012, -7.084610E-014, 2.150400E+004 1.570926E+074 2.150400E+004, Mon Aug 31 02:21:52 2015
0.95, 0.00, 2.00, 0.00 , 1.995412E-004, -1.995230E-004, 6.939872E-012, -8.107420E-014, 2.150400E+004 1.570926E+074 2.150400E+004, Mon Aug 31 02:21:55 2015
1.00, 0.00, 2.00, 0.00 , 2.043426E-004, -2.043140E-004, -7.398474E-012, -7.101300E-014, 2.150400E+004 1.570926E+074 2.150400E+004, Mon Aug 31 02:21:59 2015
1.05, 0.00, 2.00, 0.00 , 2.084670E-004, -2.084690E-004, -3.709085E-012, -1.046420E-013, 2.150400E+004 1.570926E+074 2.150400E+004, Mon Aug 31 02:22:03 2015
1.10, 0.00, 2.00, 0.00 , 2.121155E-004, -2.120980E-004, -1.234563E-011, -7.281300E-014, 2.150400E+004 1.570926E+074 2.150400E+004, Mon Aug 31 02:22:06 2015
1.15, 0.00, 2.00, 0.00 , 2.151904E-004, -2.151730E-004, 2.132017E-011, -7.725950E-014, 2.150400E+004 1.570926E+074 2.150400E+004, Mon Aug 31 02:22:10 2015
1.20, 0.00, 2.00, 0.00 , 2.177919E-004, -2.177760E-004, -7.743545E-013, -7.444620E-014, 2.150400E+004 1.570926E+074 2.150400E+004, Mon Aug 31 02:22:13 2015
1.25, 0.00, 2.00, 0.00 , 2.199112E-004, -2.198870E-004, 8.365305E-012, -8.302930E-014, 2.150400E+004 1.570926E+074 2.150400E+004, Mon Aug 31 02:22:17 2015
1.30, 0.00, 2.00, 0.00 , 2.216187E-004, -2.215950E-004, 8.365326E-012, -9.968280E-014, 2.150400E+004 1.570926E+074 2.150400E+004, Mon Aug 31 02:22:20 2015
1.35, 0.00, 2.00, 0.00 , 2.229541E-004, -2.229540E-004, 1.331248E-011, -7.948880E-014, 2.150400E+004 1.570926E+074 2.150400E+004, Mon Aug 31 02:22:24 2015
1.40, 0.00, 2.00, 0.00 , 2.240317E-004, -2.240220E-004, -2.577093E-012, -9.019370E-014, 2.150400E+004 1.570926E+074 2.150400E+004, Mon Aug 31 02:22:27 2015
1.45, 0.00, 2.00, 0.00 , 2.248486E-004, -2.248210E-004, 1.213860E-011, -8.400680E-014, 2.150400E+004 1.570926E+074 2.150400E+004, Mon Aug 31 02:22:31 2015
1.50, 0.00, 2.00, 0.00 , 2.255244E-004, -2.255040E-004, 3.250469E-012, -6.637570E-014, 2.150400E+004 1.570926E+074 2.150400E+004, Mon Aug 31 02:22:34 2015
1.55, 0.00, 2.00, 0.00 , 2.259948E-004, -2.259790E-004, 7.736457E-012, -9.295940E-014, 2.150400E+004 1.570926E+074 2.150400E+004, Mon Aug 31 02:22:38 2015
1.60, 0.00, 2.00, 0.00 , 2.264459E-004, -2.264270E-004, -2.293096E-013, -9.043220E-014, 2.150400E+004 1.570926E+074 2.150400E+004, Mon Aug 31 02:22:42 2015
1.65, 0.00, 2.00, 0.00 , 2.267848E-004, -2.267580E-004, -1.343568E-011, -7.971530E-014, 2.150400E+004 1.570926E+074 2.150400E+004, Mon Aug 31 02:22:45 2015
1.70, 0.00, 2.00, 0.00 , 2.270996E-004, -2.270910E-004, -1.549001E-011, -8.027550E-014, 2.150400E+004 1.570926E+074 2.150400E+004, Mon Aug 31 02:22:49 2015
1.75, 0.00, 2.00, 0.00 , 2.273698E-004, -2.273280E-004, -7.272702E-012, -1.062390E-013, 2.150400E+004 1.570926E+074 2.150400E+004, Mon Aug 31 02:22:52 2015
1.80, 0.00, 2.00, 0.00 , 2.275879E-004, -2.275960E-004, -2.022753E-011, -7.494690E-014, 2.150400E+004 1.570926E+074 2.150400E+004, Mon Aug 31 02:22:56 2015
1.85, 0.00, 2.00, 0.00 , 2.278191E-004, -2.277720E-004, -4.924894E-012, -7.630590E-014, 2.150400E+004 1.570926E+074 2.150400E+004, Mon Aug 31 02:22:59 2015
1.90, 0.00, 2.00, 0.00 , 2.280348E-004, -2.279950E-004, 1.343827E-011, -1.010540E-013, 2.150400E+004 1.570926E+074 2.150400E+004, Mon Aug 31 02:23:03 2015
1.95, 0.00, 2.00, 0.00 , 2.282052E-004, -2.281860E-004, 2.886668E-011, -8.870360E-014, 2.150400E+004 1.570926E+074 2.150400E+004, Mon Aug 31 02:23:06 2015
2.00, 0.00, 2.00, 0.00 , 2.283684E-004, -2.283710E-004, 1.566033E-011, -1.014230E-013, 2.150400E+004 1.570926E+074 2.150400E+004, Mon Aug 31 02:23:10 2015
