0.00, 0.00, 2.00, 0.00 , -5.571221E-013, 9.877680E-011, 4.081566E-011, -1.041170E-013, 2.150400E+004 1.570926E+074 2.150400E+004, Thu Sep 10 19:56:59 2015
0.05, 0.00, 2.00, 0.00 , 2.550369E-006, -2.536070E-006, 4.110912E-011, -1.270530E-013, 2.150400E+004 1.570926E+074 2.150400E+004, Thu Sep 10 19:57:06 2015
0.10, 0.00, 2.00, 0.00 , 1.429733E-005, -1.428110E-005, 2.371015E-011, -1.163130E-013, 2.150400E+004 1.570926E+074 2.150400E+004, Thu Sep 10 19:57:09 2015
0.15, 0.00, 2.00, 0.00 , 3.687913E-005, -3.683380E-005, 4.068989E-011, -1.061080E-013, 2.150400E+004 1.570926E+074 2.150400E+004, Thu Sep 10 19:57:13 2015
0.20, 0.00, 2.00, 0.00 , 6.658897E-005, -6.652160E-005, 9.011969E-011, -1.035810E-013, 2.150400E+004 1.570926E+074 2.150400E+004, Thu Sep 10 19:57:16 2015
0.25, 0.00, 2.00, 0.00 , 9.975196E-005, -9.966400E-005, 3.113090E-011, -9.541510E-014, 2.150400E+004 1.570926E+074 2.150400E+004, Thu Sep 10 19:57:20 2015
0.30, 0.00, 2.00, 0.00 , 1.342036E-004, -1.341220E-004, 3.498804E-011, -8.887050E-014, 2.150400E+004 1.570926E+074 2.150400E+004, Thu Sep 10 19:57:24 2015
0.35, 0.00, 2.00, 0.00 , 1.690556E-004, -1.689880E-004, 3.624577E-011, -8.487700E-014, 2.150400E+004 1.570926E+074 2.150400E+004, Thu Sep 10 19:57:27 2015
0.40, 0.00, 2.00, 0.00 , 2.036053E-004, -2.035260E-004, 4.102525E-011, -1.031160E-013, 2.150400E+004 1.570926E+074 2.150400E+004, Thu Sep 10 19:57:31 2015
0.45, 0.00, 2.00, 0.00 , 2.371568E-004, -2.370610E-004, 3.737774E-011, -1.021620E-013, 2.150400E+004 1.570926E+074 2.150400E+004, Thu Sep 10 19:57:34 2015
0.50, 0.00, 2.00, 0.00 , 2.694821E-004, -2.694010E-004, 3.402376E-011, -1.101850E-013, 2.150400E+004 1.570926E+074 2.150400E+004, Thu Sep 10 19:57:38 2015
0.55, 0.00, 2.00, 0.00 , 3.001458E-004, -3.000550E-004, 4.442122E-011, -9.746550E-014, 2.150400E+004 1.570926E+074 2.150400E+004, Thu Sep 10 19:57:41 2015
0.60, 0.00, 2.00, 0.00 , 3.290011E-004, -3.289260E-004, 3.502992E-011, -8.502010E-014, 2.150400E+004 1.570926E+074 2.150400E+004, Thu Sep 10 19:57:45 2015
0.65, 0.00, 2.00, 0.00 , 3.559301E-004, -3.557570E-004, 3.393991E-011, -1.099350E-013, 2.150400E+004 1.570926E+074 2.150400E+004, Thu Sep 10 19:57:48 2015
0.70, 0.00, 2.00, 0.00 , 3.806620E-004, -3.804830E-004, 4.442117E-011, -8.778570E-014, 2.150400E+004 1.570926E+074 2.150400E+004, Thu Sep 10 19:57:52 2015
0.75, 0.00, 2.00, 0.00 , 4.031125E-004, -4.030390E-004, 3.284983E-011, -8.716580E-014, 2.150400E+004 1.570926E+074 2.150400E+004, Thu Sep 10 19:57:56 2015
0.80, 0.00, 2.00, 0.00 , 4.234302E-004, -4.232770E-004, 3.293367E-011, -7.524490E-014, 2.150400E+004 1.570926E+074 2.150400E+004, Thu Sep 10 19:57:59 2015
0.85, 0.00, 2.00, 0.00 , 4.413971E-004, -4.412400E-004, 3.465262E-011, -8.504390E-014, 2.150400E+004 1.570926E+074 2.150400E+004, Thu Sep 10 19:58:03 2015
0.90, 0.00, 2.00, 0.00 , 4.573369E-004, -4.572350E-004, 3.046010E-011, -8.686780E-014, 2.150400E+004 1.570926E+074 2.150400E+004, Thu Sep 10 19:58:06 2015
0.95, 0.00, 2.00, 0.00 , 4.711681E-004, -4.710680E-004, 3.821626E-011, -1.148100E-013, 2.150400E+004 1.570926E+074 2.150400E+004, Thu Sep 10 19:58:10 2015
1.00, 0.00, 2.00, 0.00 , 4.830998E-004, -4.829300E-004, 2.840574E-011, -1.097560E-013, 2.150400E+004 1.570926E+074 2.150400E+004, Thu Sep 10 19:58:13 2015
1.05, 0.00, 2.00, 0.00 , 4.932384E-004, -4.930480E-004, 3.502993E-011, -7.852320E-014, 2.150400E+004 1.570926E+074 2.150400E+004, Thu Sep 10 19:58:17 2015
1.10, 0.00, 2.00, 0.00 , 5.017809E-004, -5.016190E-004, 3.037625E-011, -6.490950E-014, 2.150400E+004 1.570926E+074 2.150400E+004, Thu Sep 10 19:58:20 2015
1.15, 0.00, 2.00, 0.00 , 5.089535E-004, -5.088510E-004, 4.211532E-011, -1.126050E-013, 2.150400E+004 1.570926E+074 2.150400E+004, Thu Sep 10 19:58:24 2015
1.20, 0.00, 2.00, 0.00 , 5.147872E-004, -5.145910E-004, 3.326909E-011, -9.243490E-014, 2.150400E+004 1.570926E+074 2.150400E+004, Thu Sep 10 19:58:27 2015
1.25, 0.00, 2.00, 0.00 , 5.195265E-004, -5.195020E-004, 2.568063E-011, -1.079320E-013, 2.150400E+004 1.570926E+074 2.150400E+004, Thu Sep 10 19:58:31 2015
1.30, 0.00, 2.00, 0.00 , 5.235728E-004, -5.233990E-004, 3.142435E-011, -1.028540E-013, 2.150400E+004 1.570926E+074 2.150400E+004, Thu Sep 10 19:58:35 2015
1.35, 0.00, 2.00, 0.00 , 5.267052E-004, -5.265700E-004, 3.155017E-011, -8.324390E-014, 2.150400E+004 1.570926E+074 2.150400E+004, Thu Sep 10 19:58:38 2015
1.40, 0.00, 2.00, 0.00 , 5.293630E-004, -5.292920E-004, 4.509200E-011, -9.578470E-014, 2.150400E+004 1.570926E+074 2.150400E+004, Thu Sep 10 19:58:42 2015
1.45, 0.00, 2.00, 0.00 , 5.317384E-004, -5.315350E-004, 2.702225E-011, -9.160040E-014, 2.150400E+004 1.570926E+074 2.150400E+004, Thu Sep 10 19:58:45 2015
1.50, 0.00, 2.00, 0.00 , 5.337717E-004, -5.335930E-004, 3.062780E-011, -1.038310E-013, 2.150400E+004 1.570926E+074 2.150400E+004, Thu Sep 10 19:58:49 2015
1.55, 0.00, 2.00, 0.00 , 5.352852E-004, -5.352540E-004, 3.310136E-011, -1.072170E-013, 2.150400E+004 1.570926E+074 2.150400E+004, Thu Sep 10 19:58:52 2015
1.60, 0.00, 2.00, 0.00 , 5.368455E-004, -5.367300E-004, 2.077538E-011, -8.056160E-014, 2.150400E+004 1.570926E+074 2.150400E+004, Thu Sep 10 19:58:56 2015
1.65, 0.00, 2.00, 0.00 , 5.382962E-004, -5.382030E-004, 3.331099E-011, -8.052590E-014, 2.150400E+004 1.570926E+074 2.150400E+004, Thu Sep 10 19:58:59 2015
1.70, 0.00, 2.00, 0.00 , 5.399571E-004, -5.397140E-004, 3.016664E-011, -1.061680E-013, 2.150400E+004 1.570926E+074 2.150400E+004, Thu Sep 10 19:59:03 2015
1.75, 0.00, 2.00, 0.00 , 5.413174E-004, -5.410370E-004, 3.565876E-011, -8.189680E-014, 2.150400E+004 1.570926E+074 2.150400E+004, Thu Sep 10 19:59:06 2015
1.80, 0.00, 2.00, 0.00 , 5.426261E-004, -5.425060E-004, 3.398179E-011, -6.929640E-014, 2.150400E+004 1.570926E+074 2.150400E+004, Thu Sep 10 19:59:10 2015
1.85, 0.00, 2.00, 0.00 , 5.441208E-004, -5.439130E-004, 3.741967E-011, -6.704330E-014, 2.150400E+004 1.570926E+074 2.150400E+004, Thu Sep 10 19:59:14 2015
1.90, 0.00, 2.00, 0.00 , 5.454299E-004, -5.452260E-004, 3.645539E-011, -1.117830E-013, 2.150400E+004 1.570926E+074 2.150400E+004, Thu Sep 10 19:59:17 2015
1.95, 0.00, 2.00, 0.00 , 5.466574E-004, -5.463550E-004, 2.299737E-011, -1.376150E-013, 2.150400E+004 1.570926E+074 2.150400E+004, Thu Sep 10 19:59:21 2015
2.00, 0.00, 2.00, 0.00 , 5.479502E-004, -5.476890E-004, 4.098332E-011, -1.122240E-013, 2.150400E+004 1.570926E+074 2.150400E+004, Thu Sep 10 19:59:24 2015
