1.75, 1.80, 1.80, 1.80 , 2.228047E-012, 2.061800E-010, 1.696141E-009, -8.428100E-015, 2.150400E+004 1.570926E+074 2.150400E+004, Sat Sep 05 01:05:34 2015
1.75, 1.80, 1.78, 1.80 , 7.591020E-014, 1.850330E-010, 1.382541E-009, -3.852840E-014, 2.150400E+004 1.570926E+074 2.150400E+004, Sat Sep 05 01:05:37 2015
1.75, 1.80, 1.76, 1.80 , -5.494394E-012, 1.787560E-010, 1.318983E-009, -3.986360E-014, 2.150400E+004 1.570926E+074 2.150400E+004, Sat Sep 05 01:05:41 2015
1.75, 1.80, 1.74, 1.80 , -3.933022E-012, 1.711160E-010, 1.253832E-009, -4.894730E-014, 2.150400E+004 1.570926E+074 2.150400E+004, Sat Sep 05 01:05:44 2015
1.75, 1.80, 1.72, 1.80 , -7.984148E-012, 1.664950E-010, 1.173419E-009, -3.983970E-014, 2.150400E+004 1.570926E+074 2.150400E+004, Sat Sep 05 01:05:48 2015
1.75, 1.80, 1.70, 1.80 , -6.718165E-012, 1.645760E-010, 1.116695E-009, -7.227660E-014, 2.150400E+004 1.570926E+074 2.150400E+004, Sat Sep 05 01:05:51 2015
1.75, 1.80, 1.80, 1.80 , 7.502523E-012, 2.019450E-010, 1.351141E-009, -6.008150E-015, 2.150400E+004 1.570926E+074 2.150400E+004, Sat Sep 05 01:07:14 2015
1.75, 1.80, 1.78, 1.80 , 5.730303E-012, 1.837750E-010, 1.138202E-009, -2.294780E-014, 2.150400E+004 1.570926E+074 2.150400E+004, Sat Sep 05 01:07:17 2015
1.75, 1.80, 1.76, 1.80 , 4.000271E-012, 1.763170E-010, 1.071709E-009, -3.483300E-014, 2.150400E+004 1.570926E+074 2.150400E+004, Sat Sep 05 01:07:20 2015
1.75, 1.80, 1.74, 1.80 , -6.591574E-012, 1.753890E-010, 1.042572E-009, -5.522970E-014, 2.150400E+004 1.570926E+074 2.150400E+004, Sat Sep 05 01:07:24 2015
1.75, 1.80, 1.72, 1.80 , -2.962443E-012, 1.731050E-010, 1.031923E-009, -5.136730E-014, 2.150400E+004 1.570926E+074 2.150400E+004, Sat Sep 05 01:07:27 2015
1.75, 1.80, 1.70, 1.80 , -8.448343E-012, 1.682350E-010, 9.951966E-010, -7.054810E-014, 2.150400E+004 1.570926E+074 2.150400E+004, Sat Sep 05 01:07:31 2015
1.75, 1.80, 1.68, 1.80 , -4.945806E-012, 1.712450E-010, 9.456407E-010, -5.060430E-014, 2.150400E+004 1.570926E+074 2.150400E+004, Sat Sep 05 01:07:35 2015
1.75, 1.80, 1.66, 1.80 , -7.941954E-012, 1.696300E-010, 9.353278E-010, -6.630420E-014, 2.150400E+004 1.570926E+074 2.150400E+004, Sat Sep 05 01:07:38 2015
1.75, 1.80, 1.64, 1.80 , -9.798717E-012, 1.664420E-010, 9.013265E-010, -8.709430E-014, 2.150400E+004 1.570926E+074 2.150400E+004, Sat Sep 05 01:07:54 2015
1.75, 1.80, 1.62, 1.80 , -2.110812E-011, 1.684830E-010, 8.689604E-010, -6.713870E-014, 2.150400E+004 1.570926E+074 2.150400E+004, Sat Sep 05 01:08:01 2015
1.75, 1.80, 1.60, 1.80 , -2.895719E-011, 1.759920E-010, 8.975112E-010, -7.998940E-014, 2.150400E+004 1.570926E+074 2.150400E+004, Sat Sep 05 01:08:36 2015
1.75, 1.80, 1.58, 1.80 , -4.111058E-011, 1.949920E-010, 8.823349E-010, -1.033310E-013, 2.150400E+004 1.570926E+074 2.150400E+004, Sat Sep 05 01:09:10 2015
1.75, 1.80, 1.56, 1.80 , -6.520637E-011, 2.236440E-010, 8.558804E-010, -9.223220E-014, 2.150400E+004 1.570926E+074 2.150400E+004, Sat Sep 05 01:09:15 2015
1.75, 1.80, 1.54, 1.80 , -1.127228E-010, 2.795500E-010, 8.402417E-010, -7.636550E-014, 2.150400E+004 1.570926E+074 2.150400E+004, Sat Sep 05 01:09:19 2015
1.75, 1.80, 1.52, 1.80 , -2.215971E-010, 3.851430E-010, 8.156739E-010, -8.336310E-014, 2.150400E+004 1.570926E+074 2.150400E+004, Sat Sep 05 01:09:24 2015
1.75, 1.80, 1.50, 1.80 , -4.276142E-010, 5.911150E-010, 7.760547E-010, -9.982590E-014, 2.150400E+004 1.570926E+074 2.150400E+004, Sat Sep 05 01:09:28 2015
1.75, 1.80, 1.48, 1.80 , -8.322636E-010, 1.003420E-009, 7.513613E-010, -1.003620E-013, 2.150400E+004 1.570926E+074 2.150400E+004, Sat Sep 05 01:09:33 2015
1.75, 1.80, 1.46, 1.80 , -1.621855E-009, 1.792740E-009, 7.369804E-010, -7.231240E-014, 2.150400E+004 1.570926E+074 2.150400E+004, Sat Sep 05 01:09:36 2015
1.75, 1.80, 1.44, 1.80 , -3.096719E-009, 3.257720E-009, 7.090158E-010, -1.027700E-013, 2.150400E+004 1.570926E+074 2.150400E+004, Sat Sep 05 01:09:40 2015
1.75, 1.80, 1.42, 1.80 , -5.880315E-009, 6.068200E-009, 6.815557E-010, -1.004220E-013, 2.150400E+004 1.570926E+074 2.150400E+004, Sat Sep 05 01:09:44 2015
1.75, 1.80, 1.40, 1.80 , -1.090506E-008, 1.055290E-008, 6.559819E-010, -8.791680E-014, 2.150400E+004 1.570926E+074 2.150400E+004, Sat Sep 05 01:09:47 2015
1.75, 1.80, 1.38, 1.80 , -1.849933E-008, 1.948300E-008, 6.442425E-010, -9.524820E-014, 2.150400E+004 1.570926E+074 2.150400E+004, Sat Sep 05 01:09:51 2015
1.75, 1.80, 1.36, 1.80 , -3.135980E-008, 3.166650E-008, 6.200936E-010, -9.572510E-014, 2.150400E+004 1.570926E+074 2.150400E+004, Sat Sep 05 01:09:58 2015
1.75, 1.80, 1.34, 1.80 , -5.042442E-008, 5.065760E-008, 6.016467E-010, -9.832380E-014, 2.150400E+004 1.570926E+074 2.150400E+004, Sat Sep 05 01:10:03 2015
1.75, 1.80, 1.32, 1.80 , -7.674943E-008, 7.703840E-008, 5.642913E-010, -9.377000E-014, 2.150400E+004 1.570926E+074 2.150400E+004, Sat Sep 05 01:10:07 2015
1.75, 1.80, 1.30, 1.80 , -1.112946E-007, 1.114250E-007, 5.402686E-010, -8.519890E-014, 2.150400E+004 1.570926E+074 2.150400E+004, Sat Sep 05 01:10:11 2015
1.75, 1.80, 1.28, 1.80 , -1.549008E-007, 1.551240E-007, 5.084475E-010, -9.408000E-014, 2.150400E+004 1.570926E+074 2.150400E+004, Sat Sep 05 01:10:14 2015
1.75, 1.80, 1.26, 1.80 , -2.074218E-007, 2.079970E-007, 4.855141E-010, -8.307700E-014, 2.150400E+004 1.570926E+074 2.150400E+004, Sat Sep 05 01:10:18 2015
1.75, 1.80, 1.24, 1.80 , -2.683705E-007, 2.686100E-007, 4.601916E-010, -8.693930E-014, 2.150400E+004 1.570926E+074 2.150400E+004, Sat Sep 05 01:10:21 2015
1.75, 1.80, 1.22, 1.80 , -3.373474E-007, 3.377940E-007, 4.391450E-010, -9.194610E-014, 2.150400E+004 1.570926E+074 2.150400E+004, Sat Sep 05 01:10:25 2015
1.75, 1.80, 1.20, 1.80 , -4.139020E-007, 4.142050E-007, 4.146192E-010, -6.921290E-014, 2.150400E+004 1.570926E+074 2.150400E+004, Sat Sep 05 01:10:28 2015
1.75, 1.80, 1.18, 1.80 , -4.961398E-007, 4.957100E-007, 3.952077E-010, -1.042960E-013, 2.150400E+004 1.570926E+074 2.150400E+004, Sat Sep 05 01:10:32 2015
1.75, 1.80, 1.16, 1.80 , -5.824544E-007, 5.824600E-007, 3.724004E-010, -9.204150E-014, 2.150400E+004 1.570926E+074 2.150400E+004, Sat Sep 05 01:10:36 2015
1.75, 1.80, 1.14, 1.80 , -6.725282E-007, 6.725210E-007, 3.507671E-010, -8.827450E-014, 2.150400E+004 1.570926E+074 2.150400E+004, Sat Sep 05 01:10:39 2015
1.75, 1.80, 1.12, 1.80 , -7.654107E-007, 7.659100E-007, 3.274150E-010, -8.736850E-014, 2.150400E+004 1.570926E+074 2.150400E+004, Sat Sep 05 01:10:43 2015
1.75, 1.80, 1.10, 1.80 , -8.606887E-007, 8.608780E-007, 3.103094E-010, -1.079320E-013, 2.150400E+004 1.570926E+074 2.150400E+004, Sat Sep 05 01:10:46 2015
1.75, 1.80, 1.08, 1.80 , -9.570215E-007, 9.572080E-007, 2.869153E-010, -9.608270E-014, 2.150400E+004 1.570926E+074 2.150400E+004, Sat Sep 05 01:10:50 2015
1.75, 1.80, 1.06, 1.80 , -1.054429E-006, 1.054620E-006, 2.687618E-010, -8.655790E-014, 2.150400E+004 1.570926E+074 2.150400E+004, Sat Sep 05 01:10:53 2015
1.75, 1.80, 1.04, 1.80 , -1.151749E-006, 1.151510E-006, 2.479670E-010, -8.320810E-014, 2.150400E+004 1.570926E+074 2.150400E+004, Sat Sep 05 01:10:57 2015
1.75, 1.80, 1.02, 1.80 , -1.248990E-006, 1.249300E-006, 2.295202E-010, -5.797150E-014, 2.150400E+004 1.570926E+074 2.150400E+004, Sat Sep 05 01:11:01 2015
1.75, 1.80, 1.00, 1.80 , -1.346453E-006, 1.345730E-006, 2.089349E-010, -8.163450E-014, 2.150400E+004 1.570926E+074 2.150400E+004, Sat Sep 05 01:11:04 2015
1.75, 1.80, 0.98, 1.80 , -1.442417E-006, 1.442520E-006, 1.925421E-010, -9.531970E-014, 2.150400E+004 1.570926E+074 2.150400E+004, Sat Sep 05 01:11:08 2015
1.75, 1.80, 0.96, 1.80 , -1.537631E-006, 1.537940E-006, 1.771136E-010, -8.218290E-014, 2.150400E+004 1.570926E+074 2.150400E+004, Sat Sep 05 01:11:11 2015
1.75, 1.80, 0.94, 1.80 , -1.632072E-006, 1.631970E-006, 1.600503E-010, -8.187290E-014, 2.150400E+004 1.570926E+074 2.150400E+004, Sat Sep 05 01:11:15 2015
1.75, 1.80, 0.92, 1.80 , -1.725973E-006, 1.725920E-006, 1.449571E-010, -6.333590E-014, 2.150400E+004 1.570926E+074 2.150400E+004, Sat Sep 05 01:11:18 2015
1.75, 1.80, 0.90, 1.80 , -1.817716E-006, 1.818160E-006, 1.258813E-010, -1.010890E-013, 2.150400E+004 1.570926E+074 2.150400E+004, Sat Sep 05 01:11:22 2015
1.75, 1.80, 0.88, 1.80 , -1.908899E-006, 1.909440E-006, 1.129264E-010, -8.114580E-014, 2.150400E+004 1.570926E+074 2.150400E+004, Sat Sep 05 01:11:25 2015
1.75, 1.80, 0.86, 1.80 , -1.999524E-006, 1.998840E-006, 9.712063E-011, -1.022460E-013, 2.150400E+004 1.570926E+074 2.150400E+004, Sat Sep 05 01:11:29 2015
1.75, 1.80, 0.84, 1.80 , -2.088330E-006, 2.088360E-006, 8.404005E-011, -8.983610E-014, 2.150400E+004 1.570926E+074 2.150400E+004, Sat Sep 05 01:11:33 2015
1.75, 1.80, 0.82, 1.80 , -2.174811E-006, 2.174680E-006, 6.999511E-011, -9.230380E-014, 2.150400E+004 1.570926E+074 2.150400E+004, Sat Sep 05 01:11:36 2015
1.75, 1.80, 0.80, 1.80 , -2.261401E-006, 2.261640E-006, 5.922037E-011, -1.073720E-013, 2.150400E+004 1.570926E+074 2.150400E+004, Sat Sep 05 01:11:40 2015
1.75, 1.80, 0.78, 1.80 , -2.346027E-006, 2.346800E-006, 4.831992E-011, -1.053210E-013, 2.150400E+004 1.570926E+074 2.150400E+004, Sat Sep 05 01:11:43 2015
1.75, 1.80, 0.76, 1.80 , -2.428617E-006, 2.428580E-006, 4.027029E-011, -8.336310E-014, 2.150400E+004 1.570926E+074 2.150400E+004, Sat Sep 05 01:11:47 2015
1.75, 1.80, 0.74, 1.80 , -2.511823E-006, 2.511500E-006, 3.125642E-011, -8.972880E-014, 2.150400E+004 1.570926E+074 2.150400E+004, Sat Sep 05 01:11:50 2015
1.75, 1.80, 0.72, 1.80 , -2.593498E-006, 2.594060E-006, 2.320679E-011, -1.014470E-013, 2.150400E+004 1.570926E+074 2.150400E+004, Sat Sep 05 01:11:54 2015
1.75, 1.80, 0.70, 1.80 , -2.673327E-006, 2.672360E-006, 1.817580E-011, -9.462830E-014, 2.150400E+004 1.570926E+074 2.150400E+004, Sat Sep 05 01:11:57 2015
1.75, 1.80, 0.68, 1.80 , -2.751476E-006, 2.751580E-006, 1.457027E-011, -1.174930E-013, 2.150400E+004 1.570926E+074 2.150400E+004, Sat Sep 05 01:12:01 2015
1.75, 1.80, 0.66, 1.80 , -2.828693E-006, 2.829100E-006, 9.958489E-012, -9.799000E-014, 2.150400E+004 1.570926E+074 2.150400E+004, Sat Sep 05 01:12:05 2015
1.75, 1.80, 0.64, 1.80 , -2.905249E-006, 2.905110E-006, 4.634028E-012, -9.621380E-014, 2.150400E+004 1.570926E+074 2.150400E+004, Sat Sep 05 01:12:08 2015
1.75, 1.80, 0.62, 1.80 , -2.979799E-006, 2.979850E-006, 2.328160E-012, -9.353160E-014, 2.150400E+004 1.570926E+074 2.150400E+004, Sat Sep 05 01:12:12 2015
1.75, 1.80, 0.60, 1.80 , -3.053064E-006, 3.052940E-006, -5.227520E-013, -1.101850E-013, 2.150400E+004 1.570926E+074 2.150400E+004, Sat Sep 05 01:12:15 2015
1.75, 1.80, 0.58, 1.80 , -3.124233E-006, 3.124360E-006, -3.918687E-012, -9.160040E-014, 2.150400E+004 1.570926E+074 2.150400E+004, Sat Sep 05 01:12:19 2015
1.75, 1.80, 0.56, 1.80 , -3.194287E-006, 3.194880E-006, -4.715249E-012, -1.172540E-013, 2.150400E+004 1.570926E+074 2.150400E+004, Sat Sep 05 01:12:22 2015
1.75, 1.80, 0.54, 1.80 , -3.262724E-006, 3.263360E-006, -9.913969E-012, -7.984640E-014, 2.150400E+004 1.570926E+074 2.150400E+004, Sat Sep 05 01:12:26 2015
1.75, 1.80, 0.52, 1.80 , -3.333630E-006, 3.332780E-006, -1.213599E-011, -9.984970E-014, 2.150400E+004 1.570926E+074 2.150400E+004, Sat Sep 05 01:12:29 2015
1.75, 1.80, 0.50, 1.80 , -3.401519E-006, 3.401750E-006, -1.439995E-011, -7.467270E-014, 2.150400E+004 1.570926E+074 2.150400E+004, Sat Sep 05 01:12:33 2015
1.75, 1.80, 0.48, 1.80 , -3.468367E-006, 3.468510E-006, -1.460958E-011, -9.524820E-014, 2.150400E+004 1.570926E+074 2.150400E+004, Sat Sep 05 01:12:37 2015
1.75, 1.80, 0.46, 1.80 , -3.533307E-006, 3.532410E-006, -1.930518E-011, -1.128200E-013, 2.150400E+004 1.570926E+074 2.150400E+004, Sat Sep 05 01:12:40 2015
1.75, 1.80, 0.44, 1.80 , -3.598930E-006, 3.598670E-006, -1.938903E-011, -8.167030E-014, 2.150400E+004 1.570926E+074 2.150400E+004, Sat Sep 05 01:12:44 2015
1.75, 1.80, 0.42, 1.80 , -3.662967E-006, 3.663550E-006, -2.303650E-011, -1.019720E-013, 2.150400E+004 1.570926E+074 2.150400E+004, Sat Sep 05 01:12:47 2015
1.75, 1.80, 0.40, 1.80 , -3.725910E-006, 3.725980E-006, -2.513296E-011, -9.262560E-014, 2.150400E+004 1.570926E+074 2.150400E+004, Sat Sep 05 01:12:51 2015
1.75, 1.80, 0.38, 1.80 , -3.788994E-006, 3.787890E-006, -2.576190E-011, -1.161580E-013, 2.150400E+004 1.570926E+074 2.150400E+004, Sat Sep 05 01:12:54 2015
1.75, 1.80, 0.36, 1.80 , -3.849820E-006, 3.849660E-006, -3.037411E-011, -8.434060E-014, 2.150400E+004 1.570926E+074 2.150400E+004, Sat Sep 05 01:12:58 2015
1.75, 1.80, 0.34, 1.80 , -3.910246E-006, 3.911830E-006, -3.079341E-011, -8.772610E-014, 2.150400E+004 1.570926E+074 2.150400E+004, Sat Sep 05 01:13:01 2015
1.75, 1.80, 0.32, 1.80 , -3.972685E-006, 3.972130E-006, -3.301566E-011, -9.927750E-014, 2.150400E+004 1.570926E+074 2.150400E+004, Sat Sep 05 01:13:05 2015
1.75, 1.80, 0.30, 1.80 , -4.031026E-006, 4.032660E-006, -3.477669E-011, -1.080870E-013, 2.150400E+004 1.570926E+074 2.150400E+004, Sat Sep 05 01:13:09 2015
1.75, 1.80, 0.28, 1.80 , -4.092966E-006, 4.093310E-006, -3.808909E-011, -8.816720E-014, 2.150400E+004 1.570926E+074 2.150400E+004, Sat Sep 05 01:13:12 2015
1.75, 1.80, 0.26, 1.80 , -4.152773E-006, 4.154010E-006, -3.796331E-011, -1.020070E-013, 2.150400E+004 1.570926E+074 2.150400E+004, Sat Sep 05 01:13:16 2015
1.75, 1.80, 0.24, 1.80 , -4.217683E-006, 4.215490E-006, -4.135957E-011, -9.324550E-014, 2.150400E+004 1.570926E+074 2.150400E+004, Sat Sep 05 01:13:19 2015
1.75, 1.80, 0.22, 1.80 , -4.277591E-006, 4.278030E-006, -4.358182E-011, -1.085880E-013, 2.150400E+004 1.570926E+074 2.150400E+004, Sat Sep 05 01:13:23 2015
1.75, 1.80, 0.20, 1.80 , -4.336051E-006, 4.337580E-006, -4.588792E-011, -1.086470E-013, 2.150400E+004 1.570926E+074 2.150400E+004, Sat Sep 05 01:13:26 2015
1.75, 1.80, 0.18, 1.80 , -4.399240E-006, 4.400520E-006, -5.024856E-011, -9.980200E-014, 2.150400E+004 1.570926E+074 2.150400E+004, Sat Sep 05 01:13:30 2015
1.75, 1.80, 0.16, 1.80 , -4.458181E-006, 4.459350E-006, -5.003891E-011, -9.040830E-014, 2.150400E+004 1.570926E+074 2.150400E+004, Sat Sep 05 01:13:33 2015
1.75, 1.80, 0.14, 1.80 , -4.521184E-006, 4.520450E-006, -5.138066E-011, -9.843110E-014, 2.150400E+004 1.570926E+074 2.150400E+004, Sat Sep 05 01:13:37 2015
1.75, 1.80, 0.12, 1.80 , -4.579939E-006, 4.579770E-006, -5.486079E-011, -1.012800E-013, 2.150400E+004 1.570926E+074 2.150400E+004, Sat Sep 05 01:13:41 2015
1.75, 1.80, 0.10, 1.80 , -4.639901E-006, 4.640740E-006, -5.544778E-011, -8.518700E-014, 2.150400E+004 1.570926E+074 2.150400E+004, Sat Sep 05 01:13:44 2015
1.75, 1.80, 0.08, 1.80 , -4.693926E-006, 4.694240E-006, -5.733461E-011, -9.956360E-014, 2.150400E+004 1.570926E+074 2.150400E+004, Sat Sep 05 01:13:48 2015
1.75, 1.80, 0.06, 1.80 , -4.753007E-006, 4.752440E-006, -6.131790E-011, -1.091960E-013, 2.150400E+004 1.570926E+074 2.150400E+004, Sat Sep 05 01:13:51 2015
1.75, 1.80, 0.04, 1.80 , -4.808310E-006, 4.808880E-006, -6.123404E-011, -9.320970E-014, 2.150400E+004 1.570926E+074 2.150400E+004, Sat Sep 05 01:13:55 2015
1.75, 1.80, 0.02, 1.80 , -4.864122E-006, 4.864010E-006, -6.374978E-011, -1.030920E-013, 2.150400E+004 1.570926E+074 2.150400E+004, Sat Sep 05 01:13:58 2015
1.75, 1.80, 0.00, 1.80 , -4.919170E-006, 4.920670E-006, -6.546887E-011, -1.019950E-013, 2.150400E+004 1.570926E+074 2.150400E+004, Sat Sep 05 01:14:02 2015
1.75, 1.80, -0.02, 1.80 , -4.974442E-006, 4.974110E-006, -6.911671E-011, -9.964700E-014, 2.150400E+004 1.570926E+074 2.150400E+004, Sat Sep 05 01:14:05 2015
1.75, 1.80, -0.04, 1.80 , -5.029333E-006, 5.029710E-006, -6.957791E-011, -9.288790E-014, 2.150400E+004 1.570926E+074 2.150400E+004, Sat Sep 05 01:14:09 2015
1.75, 1.80, -0.06, 1.80 , -5.082024E-006, 5.082440E-006, -7.414822E-011, -8.975270E-014, 2.150400E+004 1.570926E+074 2.150400E+004, Sat Sep 05 01:14:13 2015
1.75, 1.80, -0.08, 1.80 , -5.132606E-006, 5.134630E-006, -7.398051E-011, -1.020190E-013, 2.150400E+004 1.570926E+074 2.150400E+004, Sat Sep 05 01:14:16 2015
1.75, 1.80, -0.10, 1.80 , -5.184757E-006, 5.185460E-006, -7.720907E-011, -1.194000E-013, 2.150400E+004 1.570926E+074 2.150400E+004, Sat Sep 05 01:14:20 2015
1.75, 1.80, -0.12, 1.80 , -5.235442E-006, 5.234850E-006, -7.989254E-011, -1.075510E-013, 2.150400E+004 1.570926E+074 2.150400E+004, Sat Sep 05 01:14:23 2015
1.75, 1.80, -0.14, 1.80 , -5.281155E-006, 5.283470E-006, -8.265989E-011, -1.142740E-013, 2.150400E+004 1.570926E+074 2.150400E+004, Sat Sep 05 01:14:27 2015
1.75, 1.80, -0.16, 1.80 , -5.332609E-006, 5.333960E-006, -8.647540E-011, -1.007560E-013, 2.150400E+004 1.570926E+074 2.150400E+004, Sat Sep 05 01:14:30 2015
1.75, 1.80, -0.18, 1.80 , -5.381909E-006, 5.380700E-006, -8.555300E-011, -8.491280E-014, 2.150400E+004 1.570926E+074 2.150400E+004, Sat Sep 05 01:14:34 2015
1.75, 1.80, -0.20, 1.80 , -5.429057E-006, 5.429300E-006, -8.844610E-011, -9.884830E-014, 2.150400E+004 1.570926E+074 2.150400E+004, Sat Sep 05 01:14:37 2015
