1.80, 1.80, 1.80, 1.80 , -9.289357E-014, 1.616180E-010, 9.497524E-010, -2.008680E-014, 2.150400E+004 1.570926E+074 2.150400E+004, Sat Sep 05 01:27:35 2015
1.75, 1.80, 1.80, 1.80 , -6.043006E-012, 1.478940E-010, 8.166823E-010, -3.466610E-014, 2.150400E+004 1.570926E+074 2.150400E+004, Sat Sep 05 01:27:40 2015
1.70, 1.80, 1.80, 1.80 , -8.110772E-012, 1.425110E-010, 8.047338E-010, -2.954010E-014, 2.150400E+004 1.570926E+074 2.150400E+004, Sat Sep 05 01:27:43 2015
1.65, 1.80, 1.80, 1.80 , -9.165753E-012, 1.347740E-010, 7.940846E-010, -5.021100E-014, 2.150400E+004 1.570926E+074 2.150400E+004, Sat Sep 05 01:27:51 2015
1.60, 1.80, 1.80, 1.80 , -2.317595E-011, 1.274990E-010, 7.187450E-010, -6.952290E-014, 2.150400E+004 1.570926E+074 2.150400E+004, Sat Sep 05 01:28:04 2015
1.55, 1.80, 1.80, 1.80 , -2.182560E-011, 1.030490E-010, 7.354736E-010, -8.130070E-014, 2.150400E+004 1.570926E+074 2.150400E+004, Sat Sep 05 01:28:37 2015
1.50, 1.80, 1.80, 1.80 , -2.292277E-011, 9.246660E-011, 6.574090E-010, -8.623600E-014, 2.150400E+004 1.570926E+074 2.150400E+004, Sat Sep 05 01:29:26 2015
1.45, 1.80, 1.80, 1.80 , -2.401993E-011, 9.158950E-011, 6.253780E-010, -7.773640E-014, 2.150400E+004 1.570926E+074 2.150400E+004, Sat Sep 05 01:29:40 2015
1.40, 1.80, 1.80, 1.80 , -2.980126E-011, 8.298180E-011, 5.572078E-010, -9.839540E-014, 2.150400E+004 1.570926E+074 2.150400E+004, Sat Sep 05 01:30:15 2015
1.35, 1.80, 1.80, 1.80 , -3.456979E-011, 8.217920E-011, 5.619455E-010, -6.955860E-014, 2.150400E+004 1.570926E+074 2.150400E+004, Sat Sep 05 01:30:25 2015
1.30, 1.80, 1.80, 1.80 , -2.401994E-011, 8.166900E-011, 5.593043E-010, -8.143190E-014, 2.150400E+004 1.570926E+074 2.150400E+004, Sat Sep 05 01:30:38 2015
1.25, 1.80, 1.80, 1.80 , -3.334601E-011, 7.922410E-011, 5.375034E-010, -9.163620E-014, 2.150400E+004 1.570926E+074 2.150400E+004, Sat Sep 05 01:30:46 2015
1.20, 1.80, 1.80, 1.80 , -3.351482E-011, 7.745530E-011, 4.937751E-010, -8.556840E-014, 2.150400E+004 1.570926E+074 2.150400E+004, Sat Sep 05 01:31:04 2015
1.15, 1.80, 1.80, 1.80 , -3.229104E-011, 7.480260E-011, 4.651820E-010, -9.026530E-014, 2.150400E+004 1.570926E+074 2.150400E+004, Sat Sep 05 01:31:23 2015
1.10, 1.80, 1.80, 1.80 , -3.503401E-011, 7.081380E-011, 4.444712E-010, -7.942920E-014, 2.150400E+004 1.570926E+074 2.150400E+004, Sat Sep 05 01:31:45 2015
1.05, 1.80, 1.80, 1.80 , -3.148926E-011, 6.502260E-011, 3.595308E-010, -1.294730E-013, 2.150400E+004 1.570926E+074 2.150400E+004, Sat Sep 05 01:32:26 2015
1.00, 1.80, 1.80, 1.80 , -3.330386E-011, 5.915490E-011, 3.068728E-010, -8.862020E-014, 2.150400E+004 1.570926E+074 2.150400E+004, Sat Sep 05 01:33:18 2015
0.95, 1.80, 1.80, 1.80 , -3.397904E-011, 5.903210E-011, 2.847364E-010, -9.682180E-014, 2.150400E+004 1.570926E+074 2.150400E+004, Sat Sep 05 01:33:35 2015
0.90, 1.80, 1.80, 1.80 , -3.321945E-011, 5.866120E-011, 2.850717E-010, -1.029130E-013, 2.150400E+004 1.570926E+074 2.150400E+004, Sat Sep 05 01:33:43 2015
0.85, 1.80, 1.80, 1.80 , -3.663760E-011, 5.513780E-011, 2.727877E-010, -6.893870E-014, 2.150400E+004 1.570926E+074 2.150400E+004, Sat Sep 05 01:34:08 2015
0.80, 1.80, 1.80, 1.80 , -3.760820E-011, 5.471760E-011, 2.550535E-010, -1.156690E-013, 2.150400E+004 1.570926E+074 2.150400E+004, Sat Sep 05 01:34:16 2015
0.75, 1.80, 1.80, 1.80 , -3.385244E-011, 5.366230E-011, 2.630191E-010, -1.029370E-013, 2.150400E+004 1.570926E+074 2.150400E+004, Sat Sep 05 01:34:26 2015
0.70, 1.80, 1.80, 1.80 , -3.646884E-011, 4.795020E-011, 2.297306E-010, -8.820300E-014, 2.150400E+004 1.570926E+074 2.150400E+004, Sat Sep 05 01:34:49 2015
0.65, 1.80, 1.80, 1.80 , -3.587800E-011, 4.588500E-011, 2.236934E-010, -8.317230E-014, 2.150400E+004 1.570926E+074 2.150400E+004, Sat Sep 05 01:35:02 2015
0.60, 1.80, 1.80, 1.80 , -4.533070E-011, 4.592410E-011, 2.171950E-010, -1.049400E-013, 2.150400E+004 1.570926E+074 2.150400E+004, Sat Sep 05 01:35:08 2015
0.55, 1.80, 1.80, 1.80 , -3.722845E-011, 4.250490E-011, 1.927108E-010, -9.812120E-014, 2.150400E+004 1.570926E+074 2.150400E+004, Sat Sep 05 01:36:13 2015
0.50, 1.80, 1.80, 1.80 , -4.081545E-011, 3.876340E-011, 1.717481E-010, -1.013400E-013, 2.150400E+004 1.570926E+074 2.150400E+004, Sat Sep 05 01:36:36 2015
0.45, 1.80, 1.80, 1.80 , -3.815684E-011, 3.626820E-011, 2.101938E-010, -1.151440E-013, 2.150400E+004 1.570926E+074 2.150400E+004, Sat Sep 05 01:37:17 2015
0.40, 1.80, 1.80, 1.80 , -3.984488E-011, 3.624400E-011, 1.950167E-010, -9.814500E-014, 2.150400E+004 1.570926E+074 2.150400E+004, Sat Sep 05 01:37:41 2015
0.35, 1.80, 1.80, 1.80 , -4.144842E-011, 3.620750E-011, 2.186206E-010, -1.060250E-013, 2.150400E+004 1.570926E+074 2.150400E+004, Sat Sep 05 01:38:07 2015
0.30, 1.80, 1.80, 1.80 , -4.035124E-011, 3.690170E-011, 2.215974E-010, -1.040700E-013, 2.150400E+004 1.570926E+074 2.150400E+004, Sat Sep 05 01:38:18 2015
0.25, 1.80, 1.80, 1.80 , -3.828348E-011, 3.791240E-011, 2.355168E-010, -8.277890E-014, 2.150400E+004 1.570926E+074 2.150400E+004, Sat Sep 05 01:38:53 2015
0.20, 1.80, 1.80, 1.80 , -4.203926E-011, 3.855900E-011, 2.377805E-010, -9.340050E-014, 2.150400E+004 1.570926E+074 2.150400E+004, Sat Sep 05 01:39:01 2015
0.15, 1.80, 1.80, 1.80 , -4.284106E-011, 3.904880E-011, 2.459981E-010, -9.572510E-014, 2.150400E+004 1.570926E+074 2.150400E+004, Sat Sep 05 01:39:19 2015
0.10, 1.80, 1.80, 1.80 , -4.026688E-011, 3.942210E-011, 2.473819E-010, -9.055140E-014, 2.150400E+004 1.570926E+074 2.150400E+004, Sat Sep 05 01:39:29 2015
0.05, 1.80, 1.80, 1.80 , -4.018248E-011, 3.982890E-011, 2.488911E-010, -1.137380E-013, 2.150400E+004 1.570926E+074 2.150400E+004, Sat Sep 05 01:39:37 2015
0.00, 1.80, 1.80, 1.80 , -4.545746E-011, 3.980760E-011, 2.529157E-010, -1.084690E-013, 2.150400E+004 1.570926E+074 2.150400E+004, Sat Sep 05 01:39:42 2015
-0.05, 1.80, 1.80, 1.80 , -4.427583E-011, 4.001110E-011, 2.646549E-010, -8.964540E-014, 2.150400E+004 1.570926E+074 2.150400E+004, Sat Sep 05 01:39:50 2015
-0.10, 1.80, 1.80, 1.80 , -4.347407E-011, 4.034030E-011, 2.633131E-010, -1.147870E-013, 2.150400E+004 1.570926E+074 2.150400E+004, Sat Sep 05 01:39:59 2015
-0.15, 1.80, 1.80, 1.80 , -4.486663E-011, 4.085520E-011, 2.725786E-010, -8.927580E-014, 2.150400E+004 1.570926E+074 2.150400E+004, Sat Sep 05 01:40:12 2015
-0.20, 1.80, 1.80, 1.80 , -5.014157E-011, 4.104290E-011, 2.766037E-010, -1.019360E-013, 2.150400E+004 1.570926E+074 2.150400E+004, Sat Sep 05 01:40:17 2015
