1.80, 1.80, 0.60, 1.80 , 1.563171E-008, -1.540350E-008, -3.041608E-011, -9.456870E-014, 2.150400E+004 1.570926E+074 2.150400E+004, Sat Sep 05 01:45:35 2015
1.75, 1.80, 0.60, 1.80 , -3.057979E-006, 3.058750E-006, -2.798417E-011, -1.117350E-013, 2.150400E+004 1.570926E+074 2.150400E+004, Sat Sep 05 01:45:39 2015
1.70, 1.80, 0.60, 1.80 , -5.921318E-006, 5.919730E-006, -2.735523E-011, -9.385350E-014, 2.150400E+004 1.570926E+074 2.150400E+004, Sat Sep 05 01:45:42 2015
1.65, 1.80, 0.60, 1.80 , -8.567126E-006, 8.567260E-006, -2.706172E-011, -1.123790E-013, 2.150400E+004 1.570926E+074 2.150400E+004, Sat Sep 05 01:45:46 2015
1.60, 1.80, 0.60, 1.80 , -1.099361E-005, 1.098460E-005, -2.865504E-011, -1.183750E-013, 2.150400E+004 1.570926E+074 2.150400E+004, Sat Sep 05 01:45:49 2015
1.55, 1.80, 0.60, 1.80 , -1.319779E-005, 1.318530E-005, -2.710366E-011, -9.788270E-014, 2.150400E+004 1.570926E+074 2.150400E+004, Sat Sep 05 01:45:53 2015
1.50, 1.80, 0.60, 1.80 , -1.517571E-005, 1.517040E-005, -2.882277E-011, -8.943080E-014, 2.150400E+004 1.570926E+074 2.150400E+004, Sat Sep 05 01:45:57 2015
1.45, 1.80, 0.60, 1.80 , -1.693869E-005, 1.693100E-005, -2.735523E-011, -9.107590E-014, 2.150400E+004 1.570926E+074 2.150400E+004, Sat Sep 05 01:46:00 2015
1.40, 1.80, 0.60, 1.80 , -1.846545E-005, 1.846040E-005, -2.509104E-011, -1.220940E-013, 2.150400E+004 1.570926E+074 2.150400E+004, Sat Sep 05 01:46:04 2015
1.35, 1.80, 0.60, 1.80 , -1.977424E-005, 1.976200E-005, -2.597156E-011, -8.971690E-014, 2.150400E+004 1.570926E+074 2.150400E+004, Sat Sep 05 01:46:07 2015
1.30, 1.80, 0.60, 1.80 , -2.087128E-005, 2.086170E-005, -2.207222E-011, -1.077650E-013, 2.150400E+004 1.570926E+074 2.150400E+004, Sat Sep 05 01:46:11 2015
1.25, 1.80, 0.60, 1.80 , -2.177121E-005, 2.175250E-005, -2.207222E-011, -1.044870E-013, 2.150400E+004 1.570926E+074 2.150400E+004, Sat Sep 05 01:46:14 2015
1.20, 1.80, 0.60, 1.80 , -2.249745E-005, 2.248720E-005, -2.379123E-011, -1.014470E-013, 2.150400E+004 1.570926E+074 2.150400E+004, Sat Sep 05 01:46:18 2015
1.15, 1.80, 0.60, 1.80 , -2.307165E-005, 2.306330E-005, -2.492332E-011, -1.030330E-013, 2.150400E+004 1.570926E+074 2.150400E+004, Sat Sep 05 01:46:21 2015
1.10, 1.80, 0.60, 1.80 , -2.353855E-005, 2.352500E-005, -2.634893E-011, -8.466240E-014, 2.150400E+004 1.570926E+074 2.150400E+004, Sat Sep 05 01:46:25 2015
1.05, 1.80, 0.60, 1.80 , -2.390060E-005, 2.389020E-005, -2.374930E-011, -1.140830E-013, 2.150400E+004 1.570926E+074 2.150400E+004, Sat Sep 05 01:46:28 2015
1.00, 1.80, 0.60, 1.80 , -2.418693E-005, 2.416870E-005, -2.551034E-011, -9.329320E-014, 2.150400E+004 1.570926E+074 2.150400E+004, Sat Sep 05 01:46:32 2015
0.95, 1.80, 0.60, 1.80 , -2.440744E-005, 2.439400E-005, -2.362351E-011, -9.446140E-014, 2.150400E+004 1.570926E+074 2.150400E+004, Sat Sep 05 01:46:36 2015
0.90, 1.80, 0.60, 1.80 , -2.460655E-005, 2.459640E-005, -2.169489E-011, -1.196740E-013, 2.150400E+004 1.570926E+074 2.150400E+004, Sat Sep 05 01:46:39 2015
0.85, 1.80, 0.60, 1.80 , -2.477382E-005, 2.476260E-005, -1.993403E-011, -8.993150E-014, 2.150400E+004 1.570926E+074 2.150400E+004, Sat Sep 05 01:46:43 2015
0.80, 1.80, 0.60, 1.80 , -2.491796E-005, 2.490760E-005, -2.374930E-011, -1.088500E-013, 2.150400E+004 1.570926E+074 2.150400E+004, Sat Sep 05 01:46:46 2015
0.75, 1.80, 0.60, 1.80 , -2.504969E-005, 2.503700E-005, -2.056291E-011, -8.556840E-014, 2.150400E+004 1.570926E+074 2.150400E+004, Sat Sep 05 01:46:50 2015
0.70, 1.80, 0.60, 1.80 , -2.516327E-005, 2.515440E-005, -2.232377E-011, -1.044870E-013, 2.150400E+004 1.570926E+074 2.150400E+004, Sat Sep 05 01:46:53 2015
0.65, 1.80, 0.60, 1.80 , -2.528913E-005, 2.527460E-005, -2.152719E-011, -8.839370E-014, 2.150400E+004 1.570926E+074 2.150400E+004, Sat Sep 05 01:46:57 2015
0.60, 1.80, 0.60, 1.80 , -2.536873E-005, 2.535960E-005, -1.934708E-011, -1.019120E-013, 2.150400E+004 1.570926E+074 2.150400E+004, Sat Sep 05 01:47:00 2015
0.55, 1.80, 0.60, 1.80 , -2.546896E-005, 2.545690E-005, -2.089831E-011, -8.084770E-014, 2.150400E+004 1.570926E+074 2.150400E+004, Sat Sep 05 01:47:04 2015
0.50, 1.80, 0.60, 1.80 , -2.555629E-005, 2.554940E-005, -2.198837E-011, -9.264950E-014, 2.150400E+004 1.570926E+074 2.150400E+004, Sat Sep 05 01:47:07 2015
0.45, 1.80, 0.60, 1.80 , -2.563050E-005, 2.561730E-005, -2.060484E-011, -9.238720E-014, 2.150400E+004 1.570926E+074 2.150400E+004, Sat Sep 05 01:47:11 2015
0.40, 1.80, 0.60, 1.80 , -2.572093E-005, 2.571200E-005, -2.068869E-011, -1.054290E-013, 2.150400E+004 1.570926E+074 2.150400E+004, Sat Sep 05 01:47:15 2015
0.35, 1.80, 0.60, 1.80 , -2.579216E-005, 2.578220E-005, -1.955671E-011, -1.066210E-013, 2.150400E+004 1.570926E+074 2.150400E+004, Sat Sep 05 01:47:18 2015
0.30, 1.80, 0.60, 1.80 , -2.585512E-005, 2.585330E-005, -2.324615E-011, -9.630920E-014, 2.150400E+004 1.570926E+074 2.150400E+004, Sat Sep 05 01:47:22 2015
0.25, 1.80, 0.60, 1.80 , -2.593191E-005, 2.592030E-005, -1.934708E-011, -1.173380E-013, 2.150400E+004 1.570926E+074 2.150400E+004, Sat Sep 05 01:47:25 2015
0.20, 1.80, 0.60, 1.80 , -2.600630E-005, 2.597970E-005, -1.792162E-011, -9.721520E-014, 2.150400E+004 1.570926E+074 2.150400E+004, Sat Sep 05 01:47:29 2015
0.15, 1.80, 0.60, 1.80 , -2.606629E-005, 2.605240E-005, -2.073062E-011, -8.174180E-014, 2.150400E+004 1.570926E+074 2.150400E+004, Sat Sep 05 01:47:32 2015
0.10, 1.80, 0.60, 1.80 , -2.613233E-005, 2.611700E-005, -1.955671E-011, -8.827450E-014, 2.150400E+004 1.570926E+074 2.150400E+004, Sat Sep 05 01:47:36 2015
0.05, 1.80, 0.60, 1.80 , -2.619251E-005, 2.618220E-005, -1.985018E-011, -1.166220E-013, 2.150400E+004 1.570926E+074 2.150400E+004, Sat Sep 05 01:47:39 2015
0.00, 1.80, 0.60, 1.80 , -2.624928E-005, 2.623790E-005, -1.813125E-011, -1.173260E-013, 2.150400E+004 1.570926E+074 2.150400E+004, Sat Sep 05 01:47:43 2015
-0.05, 1.80, 0.60, 1.80 , -2.631799E-005, 2.630690E-005, -1.825702E-011, -7.045270E-014, 2.150400E+004 1.570926E+074 2.150400E+004, Sat Sep 05 01:47:47 2015
-0.10, 1.80, 0.60, 1.80 , -2.637303E-005, 2.637450E-005, -2.060484E-011, -1.147750E-013, 2.150400E+004 1.570926E+074 2.150400E+004, Sat Sep 05 01:47:50 2015
-0.15, 1.80, 0.60, 1.80 , -2.643525E-005, 2.642300E-005, -1.993403E-011, -8.491280E-014, 2.150400E+004 1.570926E+074 2.150400E+004, Sat Sep 05 01:47:54 2015
-0.20, 1.80, 0.60, 1.80 , -2.649590E-005, 2.648630E-005, -1.796355E-011, -9.756090E-014, 2.150400E+004 1.570926E+074 2.150400E+004, Sat Sep 05 01:47:57 2015
