1.80, 1.80, 1.40, 1.80 , 2.689511E-010, 7.082760E-011, 3.075352E-011, -1.060490E-013, 2.150400E+004 1.570926E+074 2.150400E+004, Wed Sep 09 19:35:34 2015
1.75, 1.80, 1.40, 1.80 , 2.342235E-010, 7.087340E-011, 3.414941E-011, -1.087900E-013, 2.150400E+004 1.570926E+074 2.150400E+004, Wed Sep 09 19:35:39 2015
1.70, 1.80, 1.40, 1.80 , 2.102982E-010, 7.092080E-011, 3.284971E-011, -8.543730E-014, 2.150400E+004 1.570926E+074 2.150400E+004, Wed Sep 09 19:35:44 2015
1.65, 1.80, 1.40, 1.80 , 1.903393E-010, 7.092420E-011, 3.238852E-011, -8.927580E-014, 2.150400E+004 1.570926E+074 2.150400E+004, Wed Sep 09 19:35:50 2015
1.60, 1.80, 1.40, 1.80 , 1.666250E-010, 7.097100E-011, 3.708419E-011, -6.600620E-014, 2.150400E+004 1.570926E+074 2.150400E+004, Wed Sep 09 19:35:54 2015
1.55, 1.80, 1.40, 1.80 , 1.491979E-010, 7.110410E-011, 3.498794E-011, -9.880070E-014, 2.150400E+004 1.570926E+074 2.150400E+004, Wed Sep 09 19:35:59 2015
1.50, 1.80, 1.40, 1.80 , 1.311801E-010, 7.124330E-011, 3.536522E-011, -8.093120E-014, 2.150400E+004 1.570926E+074 2.150400E+004, Wed Sep 09 19:36:04 2015
1.45, 1.80, 1.40, 1.80 , 1.173397E-010, 7.126390E-011, 3.637143E-011, -8.772610E-014, 2.150400E+004 1.570926E+074 2.150400E+004, Wed Sep 09 19:36:09 2015
1.40, 1.80, 1.40, 1.80 , 1.053559E-010, 7.130430E-011, 3.687449E-011, -9.071830E-014, 2.150400E+004 1.570926E+074 2.150400E+004, Wed Sep 09 19:36:13 2015
1.35, 1.80, 1.40, 1.80 , 9.197961E-011, 7.142180E-011, 3.863544E-011, -9.684560E-014, 2.150400E+004 1.570926E+074 2.150400E+004, Wed Sep 09 19:36:18 2015
1.30, 1.80, 1.40, 1.80 , 8.370921E-011, 7.120890E-011, 3.511366E-011, -8.612870E-014, 2.150400E+004 1.570926E+074 2.150400E+004, Wed Sep 09 19:36:28 2015
1.25, 1.80, 1.40, 1.80 , 7.138786E-011, 7.135360E-011, 3.972541E-011, -8.986000E-014, 2.150400E+004 1.570926E+074 2.150400E+004, Wed Sep 09 19:36:34 2015
1.20, 1.80, 1.40, 1.80 , 6.252660E-011, 7.132820E-011, 3.880309E-011, -1.010660E-013, 2.150400E+004 1.570926E+074 2.150400E+004, Wed Sep 09 19:36:40 2015
1.15, 1.80, 1.40, 1.80 , 5.252607E-011, 7.169730E-011, 3.905466E-011, -7.570980E-014, 2.150400E+004 1.570926E+074 2.150400E+004, Wed Sep 09 19:36:46 2015
1.10, 1.80, 1.40, 1.80 , 4.328508E-011, 7.160390E-011, 3.632949E-011, -1.049640E-013, 2.150400E+004 1.570926E+074 2.150400E+004, Wed Sep 09 19:36:52 2015
1.05, 1.80, 1.40, 1.80 , 3.505681E-011, 7.183670E-011, 3.679071E-011, -1.050470E-013, 2.150400E+004 1.570926E+074 2.150400E+004, Wed Sep 09 19:37:03 2015
1.00, 1.80, 1.40, 1.80 , 2.404356E-011, 7.155210E-011, 3.922235E-011, -9.020570E-014, 2.150400E+004 1.570926E+074 2.150400E+004, Wed Sep 09 19:37:11 2015
0.95, 1.80, 1.40, 1.80 , 1.830485E-011, 7.209200E-011, 3.783880E-011, -9.540320E-014, 2.150400E+004 1.570926E+074 2.150400E+004, Wed Sep 09 19:37:47 2015
0.90, 1.80, 1.40, 1.80 , 8.093339E-012, 7.201780E-011, 4.048011E-011, -1.035810E-013, 2.150400E+004 1.570926E+074 2.150400E+004, Wed Sep 09 19:37:50 2015
0.85, 1.80, 1.40, 1.80 , -2.034102E-012, 7.205300E-011, 3.867730E-011, -1.144530E-013, 2.150400E+004 1.570926E+074 2.150400E+004, Wed Sep 09 19:37:54 2015
0.80, 1.80, 1.40, 1.80 , -8.659467E-012, 7.212450E-011, 3.880312E-011, -9.337660E-014, 2.150400E+004 1.570926E+074 2.150400E+004, Wed Sep 09 19:38:03 2015
0.75, 1.80, 1.40, 1.80 , -1.587563E-011, 7.220720E-011, 3.976733E-011, -8.945470E-014, 2.150400E+004 1.570926E+074 2.150400E+004, Wed Sep 09 19:38:19 2015
0.70, 1.80, 1.40, 1.80 , -2.359818E-011, 7.195810E-011, 3.876111E-011, -9.790660E-014, 2.150400E+004 1.570926E+074 2.150400E+004, Wed Sep 09 19:38:32 2015
0.65, 1.80, 1.40, 1.80 , -3.089873E-011, 7.097590E-011, 3.813226E-011, -9.077790E-014, 2.150400E+004 1.570926E+074 2.150400E+004, Wed Sep 09 19:38:56 2015
0.60, 1.80, 1.40, 1.80 , -3.942310E-011, 7.113010E-011, 3.792264E-011, -9.673830E-014, 2.150400E+004 1.570926E+074 2.150400E+004, Wed Sep 09 19:39:06 2015
0.55, 1.80, 1.40, 1.80 , -5.073260E-011, 7.105240E-011, 4.052200E-011, -6.967780E-014, 2.150400E+004 1.570926E+074 2.150400E+004, Wed Sep 09 19:39:11 2015
0.50, 1.80, 1.40, 1.80 , -5.575440E-011, 7.125980E-011, 3.976731E-011, -8.767840E-014, 2.150400E+004 1.570926E+074 2.150400E+004, Wed Sep 09 19:39:23 2015
0.45, 1.80, 1.40, 1.80 , -6.132477E-011, 7.074370E-011, 4.261824E-011, -9.962320E-014, 2.150400E+004 1.570926E+074 2.150400E+004, Wed Sep 09 19:39:35 2015
0.40, 1.80, 1.40, 1.80 , -7.309853E-011, 7.104890E-011, 4.056387E-011, -9.229180E-014, 2.150400E+004 1.570926E+074 2.150400E+004, Wed Sep 09 19:39:40 2015
0.35, 1.80, 1.40, 1.80 , -7.812024E-011, 7.104540E-011, 4.320522E-011, -1.152280E-013, 2.150400E+004 1.570926E+074 2.150400E+004, Wed Sep 09 19:39:49 2015
0.30, 1.80, 1.40, 1.80 , -8.689783E-011, 7.106930E-011, 4.094122E-011, -7.328990E-014, 2.150400E+004 1.570926E+074 2.150400E+004, Wed Sep 09 19:39:54 2015
0.25, 1.80, 1.40, 1.80 , -9.609731E-011, 7.116810E-011, 4.123467E-011, -9.058710E-014, 2.150400E+004 1.570926E+074 2.150400E+004, Wed Sep 09 19:39:59 2015
0.20, 1.80, 1.40, 1.80 , -1.019209E-010, 7.111740E-011, 4.307939E-011, -9.757280E-014, 2.150400E+004 1.570926E+074 2.150400E+004, Wed Sep 09 19:40:04 2015
0.15, 1.80, 1.40, 1.80 , -1.065207E-010, 7.082330E-011, 4.261826E-011, -9.182690E-014, 2.150400E+004 1.570926E+074 2.150400E+004, Wed Sep 09 19:40:12 2015
0.10, 1.80, 1.40, 1.80 , -1.148762E-010, 7.086030E-011, 4.224093E-011, -8.132460E-014, 2.150400E+004 1.570926E+074 2.150400E+004, Wed Sep 09 19:40:16 2015
0.05, 1.80, 1.40, 1.80 , -1.161844E-010, 7.080600E-011, 4.194745E-011, -1.135950E-013, 2.150400E+004 1.570926E+074 2.150400E+004, Wed Sep 09 19:40:26 2015
0.00, 1.80, 1.40, 1.80 , -1.247932E-010, 7.081760E-011, 4.140242E-011, -9.920600E-014, 2.150400E+004 1.570926E+074 2.150400E+004, Wed Sep 09 19:40:30 2015
-0.05, 1.80, 1.40, 1.80 , -1.369889E-010, 7.085130E-011, 4.068963E-011, -1.090880E-013, 2.150400E+004 1.570926E+074 2.150400E+004, Wed Sep 09 19:40:36 2015
-0.10, 1.80, 1.40, 1.80 , -1.422217E-010, 7.072020E-011, 4.266019E-011, -1.023650E-013, 2.150400E+004 1.570926E+074 2.150400E+004, Wed Sep 09 19:40:41 2015
-0.15, 1.80, 1.40, 1.80 , -1.502398E-010, 7.079350E-011, 4.358252E-011, -8.894210E-014, 2.150400E+004 1.570926E+074 2.150400E+004, Wed Sep 09 19:40:46 2015
-0.20, 1.80, 1.40, 1.80 , -1.522652E-010, 7.103500E-011, 4.161207E-011, -7.617470E-014, 2.150400E+004 1.570926E+074 2.150400E+004, Wed Sep 09 19:40:51 2015
