1.80, 1.80, 0.60, 1.80 , 2.540978E-010, 5.191560E-011, -2.433631E-011, -1.235130E-013, 2.150400E+004 1.570926E+074 2.150400E+004, Wed Sep 09 19:43:50 2015
1.75, 1.80, 0.60, 1.80 , -1.336264E-007, 1.348220E-007, -2.244955E-011, -9.807350E-014, 2.150400E+004 1.570926E+074 2.150400E+004, Wed Sep 09 19:43:57 2015
1.70, 1.80, 0.60, 1.80 , -6.313634E-007, 6.329610E-007, -2.010174E-011, -1.031880E-013, 2.150400E+004 1.570926E+074 2.150400E+004, Wed Sep 09 19:44:01 2015
1.65, 1.80, 0.60, 1.80 , -1.650642E-006, 1.653580E-006, -2.077254E-011, -1.079680E-013, 2.150400E+004 1.570926E+074 2.150400E+004, Wed Sep 09 19:44:04 2015
1.60, 1.80, 0.60, 1.80 , -3.672634E-006, 3.676810E-006, -2.014367E-011, -7.708070E-014, 2.150400E+004 1.570926E+074 2.150400E+004, Wed Sep 09 19:44:08 2015
1.55, 1.80, 0.60, 1.80 , -6.593722E-006, 6.601740E-006, -1.964057E-011, -1.294610E-013, 2.150400E+004 1.570926E+074 2.150400E+004, Wed Sep 09 19:44:11 2015
1.50, 1.80, 0.60, 1.80 , -9.791764E-006, 9.800730E-006, -1.943094E-011, -9.495020E-014, 2.150400E+004 1.570926E+074 2.150400E+004, Wed Sep 09 19:44:15 2015
1.45, 1.80, 0.60, 1.80 , -1.283526E-005, 1.283340E-005, -2.123372E-011, -1.132490E-013, 2.150400E+004 1.570926E+074 2.150400E+004, Wed Sep 09 19:44:19 2015
1.40, 1.80, 0.60, 1.80 , -1.550773E-005, 1.550860E-005, -2.085639E-011, -9.772780E-014, 2.150400E+004 1.570926E+074 2.150400E+004, Wed Sep 09 19:44:22 2015
1.35, 1.80, 0.60, 1.80 , -1.773157E-005, 1.773500E-005, -1.909554E-011, -9.617810E-014, 2.150400E+004 1.570926E+074 2.150400E+004, Wed Sep 09 19:44:26 2015
1.30, 1.80, 0.60, 1.80 , -1.950489E-005, 1.950320E-005, -1.838281E-011, -9.840730E-014, 2.150400E+004 1.570926E+074 2.150400E+004, Wed Sep 09 19:44:29 2015
1.25, 1.80, 0.60, 1.80 , -2.085925E-005, 2.085600E-005, -1.758623E-011, -1.074670E-013, 2.150400E+004 1.570926E+074 2.150400E+004, Wed Sep 09 19:44:33 2015
1.20, 1.80, 0.60, 1.80 , -2.185568E-005, 2.185250E-005, -1.787971E-011, -8.941890E-014, 2.150400E+004 1.570926E+074 2.150400E+004, Wed Sep 09 19:44:36 2015
1.15, 1.80, 0.60, 1.80 , -2.256427E-005, 2.255870E-005, -1.884399E-011, -7.927420E-014, 2.150400E+004 1.570926E+074 2.150400E+004, Wed Sep 09 19:44:40 2015
1.10, 1.80, 0.60, 1.80 , -2.307523E-005, 2.307390E-005, -1.980827E-011, -1.013280E-013, 2.150400E+004 1.570926E+074 2.150400E+004, Wed Sep 09 19:44:43 2015
1.05, 1.80, 0.60, 1.80 , -2.344735E-005, 2.344210E-005, -1.972441E-011, -1.014950E-013, 2.150400E+004 1.570926E+074 2.150400E+004, Wed Sep 09 19:44:47 2015
1.00, 1.80, 0.60, 1.80 , -2.370826E-005, 2.370300E-005, -1.846666E-011, -1.056080E-013, 2.150400E+004 1.570926E+074 2.150400E+004, Wed Sep 09 19:44:50 2015
0.95, 1.80, 0.60, 1.80 , -2.392603E-005, 2.392210E-005, -1.637040E-011, -8.177760E-014, 2.150400E+004 1.570926E+074 2.150400E+004, Wed Sep 09 19:44:54 2015
0.90, 1.80, 0.60, 1.80 , -2.411109E-005, 2.411260E-005, -1.674773E-011, -8.788110E-014, 2.150400E+004 1.570926E+074 2.150400E+004, Wed Sep 09 19:44:58 2015
0.85, 1.80, 0.60, 1.80 , -2.427054E-005, 2.426580E-005, -1.834088E-011, -1.160860E-013, 2.150400E+004 1.570926E+074 2.150400E+004, Wed Sep 09 19:45:01 2015
0.80, 1.80, 0.60, 1.80 , -2.441681E-005, 2.441420E-005, -1.561575E-011, -8.298160E-014, 2.150400E+004 1.570926E+074 2.150400E+004, Wed Sep 09 19:45:05 2015
0.75, 1.80, 0.60, 1.80 , -2.455057E-005, 2.454230E-005, -1.632847E-011, -8.772610E-014, 2.150400E+004 1.570926E+074 2.150400E+004, Wed Sep 09 19:45:08 2015
0.70, 1.80, 0.60, 1.80 , -2.467254E-005, 2.467330E-005, -1.733468E-011, -8.739230E-014, 2.150400E+004 1.570926E+074 2.150400E+004, Wed Sep 09 19:45:12 2015
0.65, 1.80, 0.60, 1.80 , -2.477993E-005, 2.477830E-005, -1.586730E-011, -1.129750E-013, 2.150400E+004 1.570926E+074 2.150400E+004, Wed Sep 09 19:45:15 2015
0.60, 1.80, 0.60, 1.80 , -2.489343E-005, 2.488860E-005, -1.536420E-011, -8.119340E-014, 2.150400E+004 1.570926E+074 2.150400E+004, Wed Sep 09 19:45:19 2015
0.55, 1.80, 0.60, 1.80 , -2.500464E-005, 2.499860E-005, -1.603500E-011, -7.984640E-014, 2.150400E+004 1.570926E+074 2.150400E+004, Wed Sep 09 19:45:22 2015
0.50, 1.80, 0.60, 1.80 , -2.512887E-005, 2.512860E-005, -1.821512E-011, -8.642670E-014, 2.150400E+004 1.570926E+074 2.150400E+004, Wed Sep 09 19:45:26 2015
0.45, 1.80, 0.60, 1.80 , -2.524090E-005, 2.523580E-005, -1.599308E-011, -9.379390E-014, 2.150400E+004 1.570926E+074 2.150400E+004, Wed Sep 09 19:45:29 2015
0.40, 1.80, 0.60, 1.80 , -2.535415E-005, 2.536290E-005, -1.678966E-011, -8.993150E-014, 2.150400E+004 1.570926E+074 2.150400E+004, Wed Sep 09 19:45:33 2015
0.35, 1.80, 0.60, 1.80 , -2.547543E-005, 2.548380E-005, -1.733468E-011, -8.785720E-014, 2.150400E+004 1.570926E+074 2.150400E+004, Wed Sep 09 19:45:37 2015
0.30, 1.80, 0.60, 1.80 , -2.559532E-005, 2.560030E-005, -1.645425E-011, -1.023890E-013, 2.150400E+004 1.570926E+074 2.150400E+004, Wed Sep 09 19:45:40 2015
0.25, 1.80, 0.60, 1.80 , -2.572089E-005, 2.571910E-005, -1.578345E-011, -1.099470E-013, 2.150400E+004 1.570926E+074 2.150400E+004, Wed Sep 09 19:45:44 2015
0.20, 1.80, 0.60, 1.80 , -2.584463E-005, 2.583780E-005, -1.259714E-011, -1.256350E-013, 2.150400E+004 1.570926E+074 2.150400E+004, Wed Sep 09 19:45:47 2015
0.15, 1.80, 0.60, 1.80 , -2.595762E-005, 2.595210E-005, -1.343564E-011, -7.023810E-014, 2.150400E+004 1.570926E+074 2.150400E+004, Wed Sep 09 19:45:51 2015
0.10, 1.80, 0.60, 1.80 , -2.606930E-005, 2.607560E-005, -1.410645E-011, -1.136540E-013, 2.150400E+004 1.570926E+074 2.150400E+004, Wed Sep 09 19:45:54 2015
0.05, 1.80, 0.60, 1.80 , -2.618720E-005, 2.619020E-005, -1.360335E-011, -1.013280E-013, 2.150400E+004 1.570926E+074 2.150400E+004, Wed Sep 09 19:45:58 2015
0.00, 1.80, 0.60, 1.80 , -2.630731E-005, 2.630440E-005, -1.381297E-011, -1.012330E-013, 2.150400E+004 1.570926E+074 2.150400E+004, Wed Sep 09 19:46:01 2015
-0.05, 1.80, 0.60, 1.80 , -2.640792E-005, 2.643210E-005, -1.368720E-011, -1.045470E-013, 2.150400E+004 1.570926E+074 2.150400E+004, Wed Sep 09 19:46:05 2015
-0.10, 1.80, 0.60, 1.80 , -2.654073E-005, 2.654240E-005, -1.201019E-011, -8.066890E-014, 2.150400E+004 1.570926E+074 2.150400E+004, Wed Sep 09 19:46:09 2015
-0.15, 1.80, 0.60, 1.80 , -2.665013E-005, 2.663970E-005, -1.314216E-011, -1.096730E-013, 2.150400E+004 1.570926E+074 2.150400E+004, Wed Sep 09 19:46:12 2015
-0.20, 1.80, 0.60, 1.80 , -2.677064E-005, 2.676910E-005, -1.154900E-011, -1.082660E-013, 2.150400E+004 1.570926E+074 2.150400E+004, Wed Sep 09 19:46:16 2015
