1.80, 1.80, 1.40, 1.80 , 9.636752E-011, -2.324600E-011, 4.957814E-011, -9.617810E-014, 2.150400E+004 1.570926E+074 2.150400E+004, Sat Sep 05 01:40:31 2015
1.75, 1.80, 1.40, 1.80 , -1.057341E-008, 1.062290E-008, 9.427036E-011, -1.105190E-013, 2.150400E+004 1.570926E+074 2.150400E+004, Sat Sep 05 01:40:37 2015
1.70, 1.80, 1.40, 1.80 , -1.278466E-008, 1.287080E-008, 1.186291E-010, -1.079680E-013, 2.150400E+004 1.570926E+074 2.150400E+004, Sat Sep 05 01:40:41 2015
1.65, 1.80, 1.40, 1.80 , -1.332701E-008, 1.338320E-008, 1.254209E-010, -1.122590E-013, 2.150400E+004 1.570926E+074 2.150400E+004, Sat Sep 05 01:40:44 2015
1.60, 1.80, 1.40, 1.80 , -1.357562E-008, 1.366940E-008, 1.203899E-010, -9.377000E-014, 2.150400E+004 1.570926E+074 2.150400E+004, Sat Sep 05 01:40:48 2015
1.55, 1.80, 1.40, 1.80 , -1.385919E-008, 1.388510E-008, 1.234504E-010, -9.608270E-014, 2.150400E+004 1.570926E+074 2.150400E+004, Sat Sep 05 01:40:52 2015
1.50, 1.80, 1.40, 1.80 , -1.393026E-008, 1.398720E-008, 1.258821E-010, -1.120690E-013, 2.150400E+004 1.570926E+074 2.150400E+004, Sat Sep 05 01:40:55 2015
1.45, 1.80, 1.40, 1.80 , -1.430912E-008, 1.438620E-008, 1.255467E-010, -1.018400E-013, 2.150400E+004 1.570926E+074 2.150400E+004, Sat Sep 05 01:40:59 2015
1.40, 1.80, 1.40, 1.80 , -1.452286E-008, 1.450430E-008, 1.322129E-010, -9.725090E-014, 2.150400E+004 1.570926E+074 2.150400E+004, Sat Sep 05 01:41:02 2015
1.35, 1.80, 1.40, 1.80 , -1.465981E-008, 1.470710E-008, 1.332611E-010, -9.111170E-014, 2.150400E+004 1.570926E+074 2.150400E+004, Sat Sep 05 01:41:06 2015
1.30, 1.80, 1.40, 1.80 , -1.475112E-008, 1.477530E-008, 1.360280E-010, -9.984970E-014, 2.150400E+004 1.570926E+074 2.150400E+004, Sat Sep 05 01:41:09 2015
1.25, 1.80, 1.40, 1.80 , -1.505378E-008, 1.504550E-008, 1.410170E-010, -1.056550E-013, 2.150400E+004 1.570926E+074 2.150400E+004, Sat Sep 05 01:41:13 2015
1.20, 1.80, 1.40, 1.80 , -1.521118E-008, 1.528350E-008, 1.369085E-010, -9.630920E-014, 2.150400E+004 1.570926E+074 2.150400E+004, Sat Sep 05 01:41:17 2015
1.15, 1.80, 1.40, 1.80 , -1.531655E-008, 1.535680E-008, 1.416460E-010, -9.322170E-014, 2.150400E+004 1.570926E+074 2.150400E+004, Sat Sep 05 01:41:20 2015
1.10, 1.80, 1.40, 1.80 , -1.544970E-008, 1.553880E-008, 1.438680E-010, -8.904930E-014, 2.150400E+004 1.570926E+074 2.150400E+004, Sat Sep 05 01:41:24 2015
1.05, 1.80, 1.40, 1.80 , -1.556120E-008, 1.563500E-008, 1.491088E-010, -1.071330E-013, 2.150400E+004 1.570926E+074 2.150400E+004, Sat Sep 05 01:41:27 2015
1.00, 1.80, 1.40, 1.80 , -1.574256E-008, 1.574890E-008, 1.445389E-010, -1.108050E-013, 2.150400E+004 1.570926E+074 2.150400E+004, Sat Sep 05 01:41:31 2015
0.95, 1.80, 1.40, 1.80 , -1.584569E-008, 1.587280E-008, 1.414364E-010, -1.030330E-013, 2.150400E+004 1.570926E+074 2.150400E+004, Sat Sep 05 01:41:34 2015
0.90, 1.80, 1.40, 1.80 , -1.534379E-008, 1.533910E-008, 1.522111E-010, -1.078010E-013, 2.150400E+004 1.570926E+074 2.150400E+004, Sat Sep 05 01:41:38 2015
0.85, 1.80, 1.40, 1.80 , -1.609632E-008, 1.609300E-008, 1.535947E-010, -8.337500E-014, 2.150400E+004 1.570926E+074 2.150400E+004, Sat Sep 05 01:41:42 2015
0.80, 1.80, 1.40, 1.80 , -1.624005E-008, 1.617910E-008, 1.611832E-010, -1.166580E-013, 2.150400E+004 1.570926E+074 2.150400E+004, Sat Sep 05 01:41:45 2015
0.75, 1.80, 1.40, 1.80 , -1.630597E-008, 1.631610E-008, 1.659626E-010, -1.150370E-013, 2.150400E+004 1.570926E+074 2.150400E+004, Sat Sep 05 01:41:49 2015
0.70, 1.80, 1.40, 1.80 , -1.640244E-008, 1.648680E-008, 1.655854E-010, -1.061320E-013, 2.150400E+004 1.570926E+074 2.150400E+004, Sat Sep 05 01:41:52 2015
0.65, 1.80, 1.40, 1.80 , -1.650828E-008, 1.654990E-008, 1.626927E-010, -1.082660E-013, 2.150400E+004 1.570926E+074 2.150400E+004, Sat Sep 05 01:41:56 2015
0.60, 1.80, 1.40, 1.80 , -1.658288E-008, 1.664880E-008, 1.524626E-010, -1.072880E-013, 2.150400E+004 1.570926E+074 2.150400E+004, Sat Sep 05 01:41:59 2015
0.55, 1.80, 1.40, 1.80 , -1.672190E-008, 1.674780E-008, 1.551041E-010, -1.098870E-013, 2.150400E+004 1.570926E+074 2.150400E+004, Sat Sep 05 01:42:03 2015
0.50, 1.80, 1.40, 1.80 , -1.683637E-008, 1.694150E-008, 1.604704E-010, -9.900330E-014, 2.150400E+004 1.570926E+074 2.150400E+004, Sat Sep 05 01:42:07 2015
0.45, 1.80, 1.40, 1.80 , -1.695404E-008, 1.694860E-008, 1.580808E-010, -8.265970E-014, 2.150400E+004 1.570926E+074 2.150400E+004, Sat Sep 05 01:42:10 2015
0.40, 1.80, 1.40, 1.80 , -1.710452E-008, 1.704120E-008, 1.645792E-010, -9.356740E-014, 2.150400E+004 1.570926E+074 2.150400E+004, Sat Sep 05 01:42:14 2015
0.35, 1.80, 1.40, 1.80 , -1.715629E-008, 1.715330E-008, 1.672204E-010, -9.067060E-014, 2.150400E+004 1.570926E+074 2.150400E+004, Sat Sep 05 01:42:17 2015
0.30, 1.80, 1.40, 1.80 , -1.727239E-008, 1.722480E-008, 1.668432E-010, -9.756090E-014, 2.150400E+004 1.570926E+074 2.150400E+004, Sat Sep 05 01:42:21 2015
0.25, 1.80, 1.40, 1.80 , -1.733404E-008, 1.733440E-008, 1.655435E-010, -9.684560E-014, 2.150400E+004 1.570926E+074 2.150400E+004, Sat Sep 05 01:42:24 2015
0.20, 1.80, 1.40, 1.80 , -1.732902E-008, 1.735910E-008, 1.669270E-010, -1.014110E-013, 2.150400E+004 1.570926E+074 2.150400E+004, Sat Sep 05 01:42:28 2015
0.15, 1.80, 1.40, 1.80 , -1.751204E-008, 1.749270E-008, 1.657111E-010, -1.089690E-013, 2.150400E+004 1.570926E+074 2.150400E+004, Sat Sep 05 01:42:31 2015
0.10, 1.80, 1.40, 1.80 , -1.760344E-008, 1.755980E-008, 1.628603E-010, -1.204130E-013, 2.150400E+004 1.570926E+074 2.150400E+004, Sat Sep 05 01:42:35 2015
0.05, 1.80, 1.40, 1.80 , -1.767848E-008, 1.769340E-008, 1.660466E-010, -8.486510E-014, 2.150400E+004 1.570926E+074 2.150400E+004, Sat Sep 05 01:42:39 2015
0.00, 1.80, 1.40, 1.80 , -1.773696E-008, 1.773180E-008, 1.693587E-010, -1.050950E-013, 2.150400E+004 1.570926E+074 2.150400E+004, Sat Sep 05 01:42:42 2015
-0.05, 1.80, 1.40, 1.80 , -1.789180E-008, 1.787010E-008, 1.740962E-010, -1.121880E-013, 2.150400E+004 1.570926E+074 2.150400E+004, Sat Sep 05 01:42:46 2015
-0.10, 1.80, 1.40, 1.80 , -1.793585E-008, 1.793900E-008, 1.776179E-010, -9.524820E-014, 2.150400E+004 1.570926E+074 2.150400E+004, Sat Sep 05 01:42:49 2015
-0.15, 1.80, 1.40, 1.80 , -1.804493E-008, 1.804100E-008, 1.814331E-010, -1.217370E-013, 2.150400E+004 1.570926E+074 2.150400E+004, Sat Sep 05 01:42:53 2015
-0.20, 1.80, 1.40, 1.80 , -1.803480E-008, 1.802660E-008, 1.750605E-010, -1.126410E-013, 2.150400E+004 1.570926E+074 2.150400E+004, Sat Sep 05 01:42:58 2015
