1.80, 1.80, -0.20, 1.80 , 1.085628E-010, 9.726990E-011, -7.230348E-011, -1.128200E-013, 2.150400E+004 1.570926E+074 2.150400E+004, Wed Sep 09 19:49:35 2015
1.75, 1.80, -0.20, 1.80 , -2.354748E-007, 2.370720E-007, -7.498694E-011, -9.138580E-014, 2.150400E+004 1.570926E+074 2.150400E+004, Wed Sep 09 19:49:41 2015
1.70, 1.80, -0.20, 1.80 , -1.176011E-006, 1.178950E-006, -7.226158E-011, -9.772780E-014, 2.150400E+004 1.570926E+074 2.150400E+004, Wed Sep 09 19:49:45 2015
1.65, 1.80, -0.20, 1.80 , -3.461521E-006, 3.467210E-006, -7.398065E-011, -9.599920E-014, 2.150400E+004 1.570926E+074 2.150400E+004, Wed Sep 09 19:49:48 2015
1.60, 1.80, -0.20, 1.80 , -7.919140E-006, 7.928000E-006, -7.326789E-011, -8.981230E-014, 2.150400E+004 1.570926E+074 2.150400E+004, Wed Sep 09 19:49:52 2015
1.55, 1.80, -0.20, 1.80 , -1.388873E-005, 1.389310E-005, -7.305823E-011, -1.097920E-013, 2.150400E+004 1.570926E+074 2.150400E+004, Wed Sep 09 19:49:56 2015
1.50, 1.80, -0.20, 1.80 , -2.059543E-005, 2.059820E-005, -7.297440E-011, -9.971860E-014, 2.150400E+004 1.570926E+074 2.150400E+004, Wed Sep 09 19:49:59 2015
1.45, 1.80, -0.20, 1.80 , -2.759362E-005, 2.759370E-005, -7.175839E-011, -8.392330E-014, 2.150400E+004 1.570926E+074 2.150400E+004, Wed Sep 09 19:50:03 2015
1.40, 1.80, -0.20, 1.80 , -3.465510E-005, 3.465590E-005, -7.217773E-011, -9.834770E-014, 2.150400E+004 1.570926E+074 2.150400E+004, Wed Sep 09 19:50:06 2015
1.35, 1.80, -0.20, 1.80 , -4.162873E-005, 4.162810E-005, -7.033280E-011, -1.045470E-013, 2.150400E+004 1.570926E+074 2.150400E+004, Wed Sep 09 19:50:10 2015
1.30, 1.80, -0.20, 1.80 , -4.841958E-005, 4.841750E-005, -6.953613E-011, -9.053950E-014, 2.150400E+004 1.570926E+074 2.150400E+004, Wed Sep 09 19:50:13 2015
1.25, 1.80, -0.20, 1.80 , -5.498737E-005, 5.498640E-005, -6.982966E-011, -1.081470E-013, 2.150400E+004 1.570926E+074 2.150400E+004, Wed Sep 09 19:50:17 2015
1.20, 1.80, -0.20, 1.80 , -6.127100E-005, 6.126180E-005, -6.848794E-011, -7.998940E-014, 2.150400E+004 1.570926E+074 2.150400E+004, Wed Sep 09 19:50:20 2015
1.15, 1.80, -0.20, 1.80 , -6.721328E-005, 6.720740E-005, -7.129718E-011, -9.455680E-014, 2.150400E+004 1.570926E+074 2.150400E+004, Wed Sep 09 19:50:24 2015
1.10, 1.80, -0.20, 1.80 , -7.278930E-005, 7.278600E-005, -7.016508E-011, -9.855030E-014, 2.150400E+004 1.570926E+074 2.150400E+004, Wed Sep 09 19:50:27 2015
1.05, 1.80, -0.20, 1.80 , -7.795420E-005, 7.794680E-005, -6.991353E-011, -1.212360E-013, 2.150400E+004 1.570926E+074 2.150400E+004, Wed Sep 09 19:50:31 2015
1.00, 1.80, -0.20, 1.80 , -8.273238E-005, 8.271840E-005, -6.739777E-011, -9.756090E-014, 2.150400E+004 1.570926E+074 2.150400E+004, Wed Sep 09 19:50:35 2015
0.95, 1.80, -0.20, 1.80 , -8.711070E-005, 8.709730E-005, -6.806866E-011, -1.055240E-013, 2.150400E+004 1.570926E+074 2.150400E+004, Wed Sep 09 19:50:38 2015
0.90, 1.80, -0.20, 1.80 , -9.109437E-005, 9.107940E-005, -6.718813E-011, -9.634490E-014, 2.150400E+004 1.570926E+074 2.150400E+004, Wed Sep 09 19:50:42 2015
0.85, 1.80, -0.20, 1.80 , -9.465718E-005, 9.464030E-005, -6.697844E-011, -8.561610E-014, 2.150400E+004 1.570926E+074 2.150400E+004, Wed Sep 09 19:50:45 2015
0.80, 1.80, -0.20, 1.80 , -9.782740E-005, 9.781260E-005, -7.142295E-011, -9.109970E-014, 2.150400E+004 1.570926E+074 2.150400E+004, Wed Sep 09 19:50:49 2015
0.75, 1.80, -0.20, 1.80 , -1.006073E-004, 1.005850E-004, -6.756549E-011, -1.102920E-013, 2.150400E+004 1.570926E+074 2.150400E+004, Wed Sep 09 19:50:52 2015
0.70, 1.80, -0.20, 1.80 , -1.030459E-004, 1.030260E-004, -6.718810E-011, -9.942050E-014, 2.150400E+004 1.570926E+074 2.150400E+004, Wed Sep 09 19:50:56 2015
0.65, 1.80, -0.20, 1.80 , -1.051206E-004, 1.051120E-004, -6.785895E-011, -9.307860E-014, 2.150400E+004 1.570926E+074 2.150400E+004, Wed Sep 09 19:50:59 2015
0.60, 1.80, -0.20, 1.80 , -1.068670E-004, 1.068610E-004, -6.714614E-011, -1.004340E-013, 2.150400E+004 1.570926E+074 2.150400E+004, Wed Sep 09 19:51:03 2015
0.55, 1.80, -0.20, 1.80 , -1.083766E-004, 1.083700E-004, -6.458848E-011, -1.102570E-013, 2.150400E+004 1.570926E+074 2.150400E+004, Wed Sep 09 19:51:07 2015
0.50, 1.80, -0.20, 1.80 , -1.095896E-004, 1.095910E-004, -6.626564E-011, -1.034860E-013, 2.150400E+004 1.570926E+074 2.150400E+004, Wed Sep 09 19:51:10 2015
0.45, 1.80, -0.20, 1.80 , -1.106232E-004, 1.106160E-004, -6.672689E-011, -1.004700E-013, 2.150400E+004 1.570926E+074 2.150400E+004, Wed Sep 09 19:51:14 2015
0.40, 1.80, -0.20, 1.80 , -1.114825E-004, 1.114730E-004, -6.760739E-011, -8.702280E-014, 2.150400E+004 1.570926E+074 2.150400E+004, Wed Sep 09 19:51:17 2015
0.35, 1.80, -0.20, 1.80 , -1.122179E-004, 1.122030E-004, -6.576251E-011, -9.721520E-014, 2.150400E+004 1.570926E+074 2.150400E+004, Wed Sep 09 19:51:21 2015
0.30, 1.80, -0.20, 1.80 , -1.128160E-004, 1.128040E-004, -6.593025E-011, -1.070860E-013, 2.150400E+004 1.570926E+074 2.150400E+004, Wed Sep 09 19:51:24 2015
0.25, 1.80, -0.20, 1.80 , -1.132974E-004, 1.132910E-004, -6.622374E-011, -1.146670E-013, 2.150400E+004 1.570926E+074 2.150400E+004, Wed Sep 09 19:51:28 2015
0.20, 1.80, -0.20, 1.80 , -1.137286E-004, 1.137150E-004, -5.741860E-011, -9.918210E-014, 2.150400E+004 1.570926E+074 2.150400E+004, Wed Sep 09 19:51:31 2015
0.15, 1.80, -0.20, 1.80 , -1.141020E-004, 1.140820E-004, -6.261781E-011, -9.804960E-014, 2.150400E+004 1.570926E+074 2.150400E+004, Wed Sep 09 19:51:35 2015
0.10, 1.80, -0.20, 1.80 , -1.144253E-004, 1.144160E-004, -6.421114E-011, -9.262560E-014, 2.150400E+004 1.570926E+074 2.150400E+004, Wed Sep 09 19:51:39 2015
0.05, 1.80, -0.20, 1.80 , -1.147315E-004, 1.147290E-004, -6.429501E-011, -9.212490E-014, 2.150400E+004 1.570926E+074 2.150400E+004, Wed Sep 09 19:51:42 2015
0.00, 1.80, -0.20, 1.80 , -1.149998E-004, 1.149900E-004, -6.412727E-011, -1.045470E-013, 2.150400E+004 1.570926E+074 2.150400E+004, Wed Sep 09 19:51:46 2015
-0.05, 1.80, -0.20, 1.80 , -1.152612E-004, 1.152540E-004, -6.521743E-011, -1.211640E-013, 2.150400E+004 1.570926E+074 2.150400E+004, Wed Sep 09 19:51:49 2015
-0.10, 1.80, -0.20, 1.80 , -1.154948E-004, 1.154800E-004, -6.379187E-011, -7.780790E-014, 2.150400E+004 1.570926E+074 2.150400E+004, Wed Sep 09 19:51:53 2015
-0.15, 1.80, -0.20, 1.80 , -1.157236E-004, 1.157100E-004, -6.479815E-011, -8.385180E-014, 2.150400E+004 1.570926E+074 2.150400E+004, Wed Sep 09 19:51:56 2015
-0.20, 1.80, -0.20, 1.80 , -1.159433E-004, 1.159440E-004, -6.488201E-011, -8.825060E-014, 2.150400E+004 1.570926E+074 2.150400E+004, Wed Sep 09 19:52:00 2015
