0.00, 1.80, 1.80, 1.80 , -6.338515E-012, 3.159710E-011, 3.189910E-010, -8.056160E-014, 2.150400E+004 1.570926E+074 2.150400E+004, Wed Sep 09 17:58:39 2015
0.00, 1.80, 1.78, 1.80 , 4.886432E-012, 1.539570E-011, 1.834042E-010, -9.901520E-014, 2.150400E+004 1.570926E+074 2.150400E+004, Wed Sep 09 17:58:43 2015
0.00, 1.80, 1.76, 1.80 , 2.270248E-012, -2.068400E-012, 1.694431E-010, -8.708240E-014, 2.150400E+004 1.570926E+074 2.150400E+004, Wed Sep 09 17:58:57 2015
0.00, 1.80, 1.74, 1.80 , 6.574291E-012, -4.024950E-012, 1.578716E-010, -8.554460E-014, 2.150400E+004 1.570926E+074 2.150400E+004, Wed Sep 09 17:59:04 2015
0.00, 1.80, 1.72, 1.80 , -3.300116E-012, 8.922950E-011, 1.405565E-010, -8.879900E-014, 2.150400E+004 1.570926E+074 2.150400E+004, Wed Sep 09 17:59:10 2015
0.00, 1.80, 1.70, 1.80 , -1.991923E-012, 4.209350E-011, 1.384602E-010, -1.150730E-013, 2.150400E+004 1.570926E+074 2.150400E+004, Wed Sep 09 17:59:42 2015
0.00, 1.80, 1.68, 1.80 , 7.510766E-013, -6.188810E-011, 1.059261E-010, -1.042720E-013, 2.150400E+004 1.570926E+074 2.150400E+004, Wed Sep 09 17:59:53 2015
0.00, 1.80, 1.66, 1.80 , -5.578920E-012, 2.781440E-011, 1.229059E-010, -1.025800E-013, 2.150400E+004 1.570926E+074 2.150400E+004, Wed Sep 09 18:00:21 2015
0.00, 1.80, 1.64, 1.80 , -4.858070E-011, -5.013040E-011, 1.052972E-010, -9.390120E-014, 2.150400E+004 1.570926E+074 2.150400E+004, Wed Sep 09 18:00:33 2015
0.00, 1.80, 1.62, 1.80 , 5.055221E-012, 8.193440E-011, 1.032429E-010, -9.905100E-014, 2.150400E+004 1.570926E+074 2.150400E+004, Wed Sep 09 18:00:52 2015
0.00, 1.80, 1.60, 1.80 , -3.558311E-011, 8.786480E-011, 9.095872E-011, -1.137260E-013, 2.150400E+004 1.570926E+074 2.150400E+004, Wed Sep 09 18:01:18 2015
0.00, 1.80, 1.58, 1.80 , -8.715149E-011, 8.933840E-011, 7.515284E-011, -8.525850E-014, 2.150400E+004 1.570926E+074 2.150400E+004, Wed Sep 09 18:01:31 2015
0.00, 1.80, 1.56, 1.80 , -9.841123E-012, 8.536170E-011, 9.578015E-011, -9.318590E-014, 2.150400E+004 1.570926E+074 2.150400E+004, Wed Sep 09 18:01:48 2015
0.00, 1.80, 1.54, 1.80 , -4.481721E-012, 8.228840E-011, 9.703795E-011, -8.518700E-014, 2.150400E+004 1.570926E+074 2.150400E+004, Wed Sep 09 18:03:05 2015
0.00, 1.80, 1.52, 1.80 , -9.630122E-012, 8.535700E-011, 9.079115E-011, -8.425710E-014, 2.150400E+004 1.570926E+074 2.150400E+004, Wed Sep 09 18:03:40 2015
0.00, 1.80, 1.50, 1.80 , -9.626668E-011, 7.727010E-011, 5.926314E-011, -9.505750E-014, 2.150400E+004 1.570926E+074 2.150400E+004, Wed Sep 09 18:03:51 2015
0.00, 1.80, 1.48, 1.80 , -1.081673E-010, 7.501370E-011, 5.389663E-011, -1.005770E-013, 2.150400E+004 1.570926E+074 2.150400E+004, Wed Sep 09 18:04:53 2015
0.00, 1.80, 1.46, 1.80 , -5.571223E-013, 7.276580E-011, 7.381127E-011, -9.059910E-014, 2.150400E+004 1.570926E+074 2.150400E+004, Wed Sep 09 18:06:38 2015
0.00, 1.80, 1.44, 1.80 , -8.546353E-011, 6.428000E-011, 4.316376E-011, -1.006130E-013, 2.150400E+004 1.570926E+074 2.150400E+004, Wed Sep 09 18:07:19 2015
0.00, 1.80, 1.42, 1.80 , 6.067938E-012, 6.508840E-011, 4.542776E-011, -1.194240E-013, 2.150400E+004 1.570926E+074 2.150400E+004, Wed Sep 09 18:07:47 2015
0.00, 1.80, 1.40, 1.80 , -1.081248E-010, 6.493500E-011, 4.115129E-011, -1.034860E-013, 2.150400E+004 1.570926E+074 2.150400E+004, Wed Sep 09 18:08:22 2015
0.00, 1.80, 1.38, 1.80 , -8.820648E-011, 6.447740E-011, 4.245104E-011, -8.541350E-014, 2.150400E+004 1.570926E+074 2.150400E+004, Wed Sep 09 18:09:07 2015
0.00, 1.80, 1.36, 1.80 , -9.141370E-011, 6.495910E-011, 3.716845E-011, -1.020550E-013, 2.150400E+004 1.570926E+074 2.150400E+004, Wed Sep 09 18:09:24 2015
0.00, 1.80, 1.34, 1.80 , -9.685748E-011, 6.462620E-011, 3.213736E-011, -1.019000E-013, 2.150400E+004 1.570926E+074 2.150400E+004, Wed Sep 09 18:11:45 2015
0.00, 1.80, 1.32, 1.80 , 3.409555E-012, 6.369480E-011, 3.796500E-011, -1.087430E-013, 2.150400E+004 1.570926E+074 2.150400E+004, Wed Sep 09 18:13:45 2015
0.00, 1.80, 1.30, 1.80 , -7.883800E-011, 6.334720E-011, 2.622585E-011, -9.497400E-014, 2.150400E+004 1.570926E+074 2.150400E+004, Wed Sep 09 18:14:42 2015
0.00, 1.80, 1.28, 1.80 , -9.702616E-011, 6.309470E-011, 2.756744E-011, -9.779930E-014, 2.150400E+004 1.570926E+074 2.150400E+004, Wed Sep 09 18:15:22 2015
0.00, 1.80, 1.26, 1.80 , -7.626383E-011, 6.245740E-011, 3.037650E-011, -1.013280E-013, 2.150400E+004 1.570926E+074 2.150400E+004, Wed Sep 09 18:16:01 2015
0.00, 1.80, 1.24, 1.80 , -8.195323E-012, 6.188170E-011, 3.649760E-011, -8.320810E-014, 2.150400E+004 1.570926E+074 2.150400E+004, Wed Sep 09 18:16:49 2015
0.00, 1.80, 1.22, 1.80 , -8.225627E-011, 6.281900E-011, 2.412960E-011, -8.704660E-014, 2.150400E+004 1.570926E+074 2.150400E+004, Wed Sep 09 18:18:10 2015
0.00, 1.80, 1.20, 1.80 , -1.342044E-010, 1.187650E-010, 2.480043E-011, -1.003380E-013, 2.150400E+004 1.570926E+074 2.150400E+004, Wed Sep 09 18:18:38 2015
0.00, 1.80, 1.18, 1.80 , -1.270354E-009, 1.357160E-009, 2.442306E-011, -1.067520E-013, 2.150400E+004 1.570926E+074 2.150400E+004, Wed Sep 09 18:18:44 2015
0.00, 1.80, 1.16, 1.80 , -9.989799E-009, 1.040060E-008, 1.951782E-011, -1.056080E-013, 2.150400E+004 1.570926E+074 2.150400E+004, Wed Sep 09 18:18:50 2015
0.00, 1.80, 1.14, 1.80 , -4.121022E-008, 4.198840E-008, 3.452710E-011, -9.503360E-014, 2.150400E+004 1.570926E+074 2.150400E+004, Wed Sep 09 18:18:54 2015
0.00, 1.80, 1.12, 1.80 , -1.078921E-007, 1.080680E-007, 9.162240E-012, -1.030800E-013, 2.150400E+004 1.570926E+074 2.150400E+004, Wed Sep 09 18:19:00 2015
0.00, 1.80, 1.10, 1.80 , -2.153768E-007, 2.166740E-007, 2.115291E-011, -1.069550E-013, 2.150400E+004 1.570926E+074 2.150400E+004, Wed Sep 09 18:19:04 2015
0.00, 1.80, 1.08, 1.80 , -3.676529E-007, 3.673380E-007, 7.024006E-012, -1.030560E-013, 2.150400E+004 1.570926E+074 2.150400E+004, Wed Sep 09 18:19:07 2015
0.00, 1.80, 1.06, 1.80 , -5.621021E-007, 5.626750E-007, 2.408769E-011, -9.286400E-014, 2.150400E+004 1.570926E+074 2.150400E+004, Wed Sep 09 18:19:11 2015
0.00, 1.80, 1.04, 1.80 , -8.074973E-007, 8.072200E-007, 5.808187E-012, -8.836980E-014, 2.150400E+004 1.570926E+074 2.150400E+004, Wed Sep 09 18:19:14 2015
0.00, 1.80, 1.02, 1.80 , -1.119547E-006, 1.122520E-006, 1.230664E-011, -9.865760E-014, 2.150400E+004 1.570926E+074 2.150400E+004, Wed Sep 09 18:19:18 2015
0.00, 1.80, 1.00, 1.80 , -1.500590E-006, 1.502170E-006, 7.443289E-012, -7.822510E-014, 2.150400E+004 1.570926E+074 2.150400E+004, Wed Sep 09 18:19:22 2015
0.00, 1.80, 0.98, 1.80 , -1.975225E-006, 1.980490E-006, 9.371878E-012, -1.068830E-013, 2.150400E+004 1.570926E+074 2.150400E+004, Wed Sep 09 18:19:25 2015
0.00, 1.80, 0.96, 1.80 , -2.557432E-006, 2.558500E-006, 3.795747E-012, -1.046540E-013, 2.150400E+004 1.570926E+074 2.150400E+004, Wed Sep 09 18:19:29 2015
0.00, 1.80, 0.94, 1.80 , -3.233734E-006, 3.233200E-006, 1.607991E-011, -9.645220E-014, 2.150400E+004 1.570926E+074 2.150400E+004, Wed Sep 09 18:19:32 2015
0.00, 1.80, 0.92, 1.80 , -4.006226E-006, 4.017440E-006, 5.011602E-012, -8.635520E-014, 2.150400E+004 1.570926E+074 2.150400E+004, Wed Sep 09 18:19:36 2015
0.00, 1.80, 0.90, 1.80 , -4.877995E-006, 4.882290E-006, 4.836669E-013, -9.963510E-014, 2.150400E+004 1.570926E+074 2.150400E+004, Wed Sep 09 18:19:39 2015
0.00, 1.80, 0.88, 1.80 , -5.817866E-006, 5.820470E-006, 1.825288E-012, -1.183390E-013, 2.150400E+004 1.570926E+074 2.150400E+004, Wed Sep 09 18:19:43 2015
0.00, 1.80, 0.86, 1.80 , -6.856997E-006, 6.861630E-006, 3.998017E-013, -1.158950E-013, 2.150400E+004 1.570926E+074 2.150400E+004, Wed Sep 09 18:19:46 2015
0.00, 1.80, 0.84, 1.80 , -7.978981E-006, 7.983230E-006, 3.166878E-012, -7.311110E-014, 2.150400E+004 1.570926E+074 2.150400E+004, Wed Sep 09 18:19:50 2015
0.00, 1.80, 0.82, 1.80 , -9.169648E-006, 9.177110E-006, 3.124962E-012, -1.286980E-013, 2.150400E+004 1.570926E+074 2.150400E+004, Wed Sep 09 18:19:53 2015
0.00, 1.80, 0.80, 1.80 , -1.043474E-005, 1.042470E-005, -7.321799E-013, -1.005170E-013, 2.150400E+004 1.570926E+074 2.150400E+004, Wed Sep 09 18:19:57 2015
0.00, 1.80, 0.78, 1.80 , -1.177356E-005, 1.178580E-005, -7.859510E-012, -1.153590E-013, 2.150400E+004 1.570926E+074 2.150400E+004, Wed Sep 09 18:20:02 2015
0.00, 1.80, 0.76, 1.80 , -1.316778E-005, 1.316050E-005, -9.075332E-012, -9.565350E-014, 2.150400E+004 1.570926E+074 2.150400E+004, Wed Sep 09 18:20:05 2015
0.00, 1.80, 0.74, 1.80 , -1.460521E-005, 1.461270E-005, -1.112968E-011, -1.064300E-013, 2.150400E+004 1.570926E+074 2.150400E+004, Wed Sep 09 18:20:09 2015
0.00, 1.80, 0.72, 1.80 , -1.613714E-005, 1.612640E-005, -7.901431E-012, -9.679790E-014, 2.150400E+004 1.570926E+074 2.150400E+004, Wed Sep 09 18:20:12 2015
0.00, 1.80, 0.70, 1.80 , -1.767829E-005, 1.767620E-005, -5.385897E-012, -8.955000E-014, 2.150400E+004 1.570926E+074 2.150400E+004, Wed Sep 09 18:20:16 2015
0.00, 1.80, 0.68, 1.80 , -1.929730E-005, 1.929410E-005, -1.276477E-011, -9.554620E-014, 2.150400E+004 1.570926E+074 2.150400E+004, Wed Sep 09 18:20:19 2015
0.00, 1.80, 0.66, 1.80 , -2.095072E-005, 2.095600E-005, -1.163278E-011, -1.109840E-013, 2.150400E+004 1.570926E+074 2.150400E+004, Wed Sep 09 18:20:23 2015
0.00, 1.80, 0.64, 1.80 , -2.266547E-005, 2.266740E-005, -1.465142E-011, -9.864570E-014, 2.150400E+004 1.570926E+074 2.150400E+004, Wed Sep 09 18:20:26 2015
0.00, 1.80, 0.62, 1.80 , -2.441549E-005, 2.442100E-005, -1.431602E-011, -9.723900E-014, 2.150400E+004 1.570926E+074 2.150400E+004, Wed Sep 09 18:20:30 2015
0.00, 1.80, 0.60, 1.80 , -2.620562E-005, 2.619410E-005, -1.335172E-011, -1.030680E-013, 2.150400E+004 1.570926E+074 2.150400E+004, Wed Sep 09 18:20:34 2015
0.00, 1.80, 0.58, 1.80 , -2.802218E-005, 2.801120E-005, -1.746042E-011, -8.903740E-014, 2.150400E+004 1.570926E+074 2.150400E+004, Wed Sep 09 18:20:37 2015
0.00, 1.80, 0.56, 1.80 , -2.988819E-005, 2.986780E-005, -1.624458E-011, -9.313820E-014, 2.150400E+004 1.570926E+074 2.150400E+004, Wed Sep 09 18:20:41 2015
0.00, 1.80, 0.54, 1.80 , -3.177119E-005, 3.176880E-005, -2.014365E-011, -8.602140E-014, 2.150400E+004 1.570926E+074 2.150400E+004, Wed Sep 09 18:20:44 2015
0.00, 1.80, 0.52, 1.80 , -3.372145E-005, 3.371460E-005, -1.859241E-011, -1.067400E-013, 2.150400E+004 1.570926E+074 2.150400E+004, Wed Sep 09 18:20:48 2015
0.00, 1.80, 0.50, 1.80 , -3.571938E-005, 3.571220E-005, -2.462982E-011, -1.065490E-013, 2.150400E+004 1.570926E+074 2.150400E+004, Wed Sep 09 18:20:51 2015
0.00, 1.80, 0.48, 1.80 , -3.771308E-005, 3.770780E-005, -1.561570E-011, -9.604690E-014, 2.150400E+004 1.570926E+074 2.150400E+004, Wed Sep 09 18:20:55 2015
0.00, 1.80, 0.46, 1.80 , -3.972473E-005, 3.971540E-005, -2.349772E-011, -8.051400E-014, 2.150400E+004 1.570926E+074 2.150400E+004, Wed Sep 09 18:20:58 2015
0.00, 1.80, 0.44, 1.80 , -4.176213E-005, 4.176930E-005, -2.442018E-011, -1.009700E-013, 2.150400E+004 1.570926E+074 2.150400E+004, Wed Sep 09 18:21:02 2015
0.00, 1.80, 0.42, 1.80 , -4.381769E-005, 4.381390E-005, -3.465099E-011, -1.130580E-013, 2.150400E+004 1.570926E+074 2.150400E+004, Wed Sep 09 18:21:05 2015
0.00, 1.80, 0.40, 1.80 , -4.590402E-005, 4.590550E-005, -2.672631E-011, -9.154080E-014, 2.150400E+004 1.570926E+074 2.150400E+004, Wed Sep 09 18:21:09 2015
0.00, 1.80, 0.38, 1.80 , -4.800669E-005, 4.799850E-005, -2.790033E-011, -9.880070E-014, 2.150400E+004 1.570926E+074 2.150400E+004, Wed Sep 09 18:21:13 2015
0.00, 1.80, 0.36, 1.80 , -5.012839E-005, 5.013060E-005, -2.727139E-011, -9.665490E-014, 2.150400E+004 1.570926E+074 2.150400E+004, Wed Sep 09 18:21:16 2015
0.00, 1.80, 0.34, 1.80 , -5.226864E-005, 5.226090E-005, -2.580385E-011, -1.244190E-013, 2.150400E+004 1.570926E+074 2.150400E+004, Wed Sep 09 18:21:20 2015
0.00, 1.80, 0.32, 1.80 , -5.442318E-005, 5.441630E-005, -3.607661E-011, -9.775160E-014, 2.150400E+004 1.570926E+074 2.150400E+004, Wed Sep 09 18:21:23 2015
0.00, 1.80, 0.30, 1.80 , -5.662306E-005, 5.661590E-005, -3.117085E-011, -1.122240E-013, 2.150400E+004 1.570926E+074 2.150400E+004, Wed Sep 09 18:21:27 2015
0.00, 1.80, 0.28, 1.80 , -5.882296E-005, 5.881870E-005, -3.758607E-011, -8.678440E-014, 2.150400E+004 1.570926E+074 2.150400E+004, Wed Sep 09 18:21:30 2015
0.00, 1.80, 0.26, 1.80 , -6.101562E-005, 6.101030E-005, -3.339311E-011, -1.155500E-013, 2.150400E+004 1.570926E+074 2.150400E+004, Wed Sep 09 18:21:34 2015
0.00, 1.80, 0.24, 1.80 , -6.323944E-005, 6.323600E-005, -3.226102E-011, -1.002190E-013, 2.150400E+004 1.570926E+074 2.150400E+004, Wed Sep 09 18:21:37 2015
0.00, 1.80, 0.22, 1.80 , -6.545521E-005, 6.544040E-005, -4.073080E-011, -1.119490E-013, 2.150400E+004 1.570926E+074 2.150400E+004, Wed Sep 09 18:21:41 2015
0.00, 1.80, 0.20, 1.80 , -6.772506E-005, 6.770380E-005, -3.586696E-011, -1.119380E-013, 2.150400E+004 1.570926E+074 2.150400E+004, Wed Sep 09 18:21:44 2015
0.00, 1.80, 0.18, 1.80 , -6.998478E-005, 6.997900E-005, -4.622357E-011, -1.126050E-013, 2.150400E+004 1.570926E+074 2.150400E+004, Wed Sep 09 18:21:48 2015
0.00, 1.80, 0.16, 1.80 , -7.225118E-005, 7.224030E-005, -4.500761E-011, -9.155270E-014, 2.150400E+004 1.570926E+074 2.150400E+004, Wed Sep 09 18:21:51 2015
0.00, 1.80, 0.14, 1.80 , -7.447625E-005, 7.447640E-005, -4.714602E-011, -1.011130E-013, 2.150400E+004 1.570926E+074 2.150400E+004, Wed Sep 09 18:21:55 2015
0.00, 1.80, 0.12, 1.80 , -7.678664E-005, 7.676350E-005, -4.173711E-011, -9.999280E-014, 2.150400E+004 1.570926E+074 2.150400E+004, Wed Sep 09 18:21:58 2015
0.00, 1.80, 0.10, 1.80 , -7.911297E-005, 7.909620E-005, -5.180020E-011, -8.772610E-014, 2.150400E+004 1.570926E+074 2.150400E+004, Wed Sep 09 18:22:02 2015
0.00, 1.80, 0.08, 1.80 , -8.142668E-005, 8.140750E-005, -4.773303E-011, -1.026870E-013, 2.150400E+004 1.570926E+074 2.150400E+004, Wed Sep 09 18:22:06 2015
0.00, 1.80, 0.06, 1.80 , -8.373369E-005, 8.373210E-005, -5.125512E-011, -1.005890E-013, 2.150400E+004 1.570926E+074 2.150400E+004, Wed Sep 09 18:22:09 2015
0.00, 1.80, 0.04, 1.80 , -8.605521E-005, 8.604560E-005, -5.268076E-011, -1.071210E-013, 2.150400E+004 1.570926E+074 2.150400E+004, Wed Sep 09 18:22:13 2015
0.00, 1.80, 0.02, 1.80 , -8.840410E-005, 8.839500E-005, -4.827812E-011, -9.663110E-014, 2.150400E+004 1.570926E+074 2.150400E+004, Wed Sep 09 18:22:16 2015
0.00, 1.80, 0.00, 1.80 , -9.076529E-005, 9.076020E-005, -5.884440E-011, -9.729860E-014, 2.150400E+004 1.570926E+074 2.150400E+004, Wed Sep 09 18:22:20 2015
0.00, 1.80, -0.02, 1.80 , -9.313711E-005, 9.313850E-005, -5.490302E-011, -9.653570E-014, 2.150400E+004 1.570926E+074 2.150400E+004, Wed Sep 09 18:22:23 2015
0.00, 1.80, -0.04, 1.80 , -9.549637E-005, 9.548600E-005, -5.620281E-011, -7.725950E-014, 2.150400E+004 1.570926E+074 2.150400E+004, Wed Sep 09 18:22:27 2015
0.00, 1.80, -0.06, 1.80 , -9.791303E-005, 9.789830E-005, -5.419022E-011, -1.147270E-013, 2.150400E+004 1.570926E+074 2.150400E+004, Wed Sep 09 18:22:30 2015
0.00, 1.80, -0.08, 1.80 , -1.003186E-004, 1.003020E-004, -5.398054E-011, -1.031040E-013, 2.150400E+004 1.570926E+074 2.150400E+004, Wed Sep 09 18:22:34 2015
0.00, 1.80, -0.10, 1.80 , -1.026929E-004, 1.026830E-004, -5.565773E-011, -1.092310E-013, 2.150400E+004 1.570926E+074 2.150400E+004, Wed Sep 09 18:22:37 2015
0.00, 1.80, -0.12, 1.80 , -1.050788E-004, 1.050630E-004, -6.211490E-011, -9.812120E-014, 2.150400E+004 1.570926E+074 2.150400E+004, Wed Sep 09 18:22:41 2015
0.00, 1.80, -0.14, 1.80 , -1.075081E-004, 1.074940E-004, -5.616089E-011, -1.054290E-013, 2.150400E+004 1.570926E+074 2.150400E+004, Wed Sep 09 18:22:45 2015
0.00, 1.80, -0.16, 1.80 , -1.099313E-004, 1.099220E-004, -6.194718E-011, -9.572510E-014, 2.150400E+004 1.570926E+074 2.150400E+004, Wed Sep 09 18:22:48 2015
0.00, 1.80, -0.18, 1.80 , -1.123596E-004, 1.123550E-004, -6.077318E-011, -1.001830E-013, 2.150400E+004 1.570926E+074 2.150400E+004, Wed Sep 09 18:22:52 2015
0.00, 1.80, -0.20, 1.80 , -1.148200E-004, 1.148140E-004, -6.588854E-011, -8.642670E-014, 2.150400E+004 1.570926E+074 2.150400E+004, Wed Sep 09 18:22:55 2015
