1.80, 1.80, 1.00, 1.80 , 4.493026E-011, 3.666270E-011, 2.176960E-010, 2.372930E-011, 2.150400E+004 1.570926E+074 2.150400E+004, Sun Aug 23 08:24:31 2015
1.75, 1.80, 1.00, 1.80 , 2.033007E-011, 3.661690E-011, 2.472531E-010, 2.348240E-011, 2.150400E+004 1.570926E+074 2.150400E+004, Sun Aug 23 08:25:11 2015
1.70, 1.80, 1.00, 1.80 , 1.201748E-011, 3.651610E-011, 2.546734E-010, 2.343380E-011, 2.150400E+004 1.570926E+074 2.150400E+004, Sun Aug 23 08:25:44 2015
1.65, 1.80, 1.00, 1.80 , 8.684012E-012, 3.638500E-011, 2.587824E-010, 2.347090E-011, 2.150400E+004 1.570926E+074 2.150400E+004, Sun Aug 23 08:25:48 2015
1.60, 1.80, 1.00, 1.80 , 7.249352E-012, 3.620100E-011, 2.595368E-010, 2.367630E-011, 2.150400E+004 1.570926E+074 2.150400E+004, Sun Aug 23 08:25:52 2015
1.55, 1.80, 1.00, 1.80 , 9.992082E-012, 3.650390E-011, 2.597046E-010, 2.490180E-011, 2.150400E+004 1.570926E+074 2.150400E+004, Sun Aug 23 08:25:55 2015
1.50, 1.80, 1.00, 1.80 , 6.244990E-013, 3.656290E-011, 2.618426E-010, 2.383470E-011, 2.150400E+004 1.570926E+074 2.150400E+004, Sun Aug 23 08:25:59 2015
1.45, 1.80, 1.00, 1.80 , 3.747099E-012, 3.643470E-011, 2.598304E-010, 2.393330E-011, 2.150400E+004 1.570926E+074 2.150400E+004, Sun Aug 23 08:26:03 2015
1.40, 1.80, 1.00, 1.80 , -4.304842E-013, 3.672390E-011, 2.649872E-010, 2.367260E-011, 2.150400E+004 1.570926E+074 2.150400E+004, Sun Aug 23 08:26:06 2015
1.35, 1.80, 1.00, 1.80 , -2.202856E-012, 3.653370E-011, 2.641907E-010, 2.411280E-011, 2.150400E+004 1.570926E+074 2.150400E+004, Sun Aug 23 08:26:10 2015
1.30, 1.80, 1.00, 1.80 , -5.620996E-012, 3.645860E-011, 2.645259E-010, 2.418380E-011, 2.150400E+004 1.570926E+074 2.150400E+004, Sun Aug 23 08:26:14 2015
1.25, 1.80, 1.00, 1.80 , -5.452202E-012, 3.641860E-011, 2.676702E-010, 2.402010E-011, 2.150400E+004 1.570926E+074 2.150400E+004, Sun Aug 23 08:26:17 2015
1.20, 1.80, 1.00, 1.80 , -6.886978E-012, 3.665160E-011, 2.666641E-010, 2.380290E-011, 2.150400E+004 1.570926E+074 2.150400E+004, Sun Aug 23 08:26:21 2015
1.15, 1.80, 1.00, 1.80 , -9.081335E-012, 3.665730E-011, 2.701019E-010, 2.415240E-011, 2.150400E+004 1.570926E+074 2.150400E+004, Sun Aug 23 08:26:25 2015
1.10, 1.80, 1.00, 1.80 , -9.334540E-012, 3.634540E-011, 2.688022E-010, 2.429080E-011, 2.150400E+004 1.570926E+074 2.150400E+004, Sun Aug 23 08:26:28 2015
1.05, 1.80, 1.00, 1.80 , -9.461129E-012, 3.660990E-011, 2.680057E-010, 2.420480E-011, 2.150400E+004 1.570926E+074 2.150400E+004, Sun Aug 23 08:26:37 2015
1.00, 1.80, 1.00, 1.80 , -9.925321E-012, 3.651570E-011, 2.705633E-010, 2.459740E-011, 2.150400E+004 1.570926E+074 2.150400E+004, Sun Aug 23 08:26:50 2015
0.95, 1.80, 1.00, 1.80 , -1.642403E-011, 3.676520E-011, 2.704374E-010, 2.437470E-011, 2.150400E+004 1.570926E+074 2.150400E+004, Sun Aug 23 08:26:57 2015
0.90, 1.80, 1.00, 1.80 , -1.709921E-011, 3.685080E-011, 2.841468E-010, 2.435440E-011, 2.150400E+004 1.570926E+074 2.150400E+004, Sun Aug 23 08:27:56 2015
0.85, 1.80, 1.00, 1.80 , -2.127695E-011, 3.718720E-011, 2.847755E-010, 2.449720E-011, 2.150400E+004 1.570926E+074 2.150400E+004, Sun Aug 23 08:28:07 2015
0.80, 1.80, 1.00, 1.80 , -4.059622E-012, 3.704300E-011, 2.946277E-010, 2.458770E-011, 2.150400E+004 1.570926E+074 2.150400E+004, Sun Aug 23 08:28:31 2015
0.75, 1.80, 1.00, 1.80 , -2.655184E-011, 3.701990E-011, 2.908130E-010, 2.472880E-011, 2.150400E+004 1.570926E+074 2.150400E+004, Sun Aug 23 08:28:41 2015
0.70, 1.80, 1.00, 1.80 , -2.819760E-011, 3.732970E-011, 2.927414E-010, 2.473210E-011, 2.150400E+004 1.570926E+074 2.150400E+004, Sun Aug 23 08:28:48 2015
0.65, 1.80, 1.00, 1.80 , -3.212216E-011, 3.723040E-011, 2.982333E-010, 2.484670E-011, 2.150400E+004 1.570926E+074 2.150400E+004, Sun Aug 23 08:29:11 2015
0.60, 1.80, 1.00, 1.80 , -3.203773E-011, 3.708630E-011, 3.001620E-010, 2.521020E-011, 2.150400E+004 1.570926E+074 2.150400E+004, Sun Aug 23 08:29:37 2015
0.55, 1.80, 1.00, 1.80 , -3.554029E-011, 3.744240E-011, 3.018393E-010, 2.508270E-011, 2.150400E+004 1.570926E+074 2.150400E+004, Sun Aug 23 08:29:50 2015
0.50, 1.80, 1.00, 1.80 , -3.507610E-011, 3.760310E-011, 3.035161E-010, 2.519050E-011, 2.150400E+004 1.570926E+074 2.150400E+004, Sun Aug 23 08:30:06 2015
0.45, 1.80, 1.00, 1.80 , -3.638428E-011, 3.770180E-011, 3.006651E-010, 2.552680E-011, 2.150400E+004 1.570926E+074 2.150400E+004, Sun Aug 23 08:30:23 2015
0.40, 1.80, 1.00, 1.80 , -4.229217E-011, 3.824430E-011, 3.062831E-010, 2.518190E-011, 2.150400E+004 1.570926E+074 2.150400E+004, Sun Aug 23 08:30:55 2015
0.35, 1.80, 1.00, 1.80 , -4.220773E-011, 3.786140E-011, 3.031387E-010, 2.531560E-011, 2.150400E+004 1.570926E+074 2.150400E+004, Sun Aug 23 08:31:12 2015
0.30, 1.80, 1.00, 1.80 , -4.368476E-011, 3.753790E-011, 3.059895E-010, 2.541700E-011, 2.150400E+004 1.570926E+074 2.150400E+004, Sun Aug 23 08:31:18 2015
0.25, 1.80, 1.00, 1.80 , -4.423334E-011, 3.738280E-011, 3.029712E-010, 2.571430E-011, 2.150400E+004 1.570926E+074 2.150400E+004, Sun Aug 23 08:31:24 2015
0.20, 1.80, 1.00, 1.80 , -4.870647E-011, 3.790820E-011, 3.022581E-010, 2.529850E-011, 2.150400E+004 1.570926E+074 2.150400E+004, Sun Aug 23 08:31:32 2015
0.15, 1.80, 1.00, 1.80 , -5.064766E-011, 3.782490E-011, 3.077925E-010, 2.548770E-011, 2.150400E+004 1.570926E+074 2.150400E+004, Sun Aug 23 08:31:40 2015
0.10, 1.80, 1.00, 1.80 , -4.794686E-011, 3.730450E-011, 3.021326E-010, 2.565820E-011, 2.150400E+004 1.570926E+074 2.150400E+004, Sun Aug 23 08:31:55 2015
0.05, 1.80, 1.00, 1.80 , -5.301082E-011, 3.750180E-011, 2.958856E-010, 2.576950E-011, 2.150400E+004 1.570926E+074 2.150400E+004, Sun Aug 23 08:32:00 2015
0.00, 1.80, 1.00, 1.80 , -5.229340E-011, 3.723440E-011, 2.976465E-010, 2.578450E-011, 2.150400E+004 1.570926E+074 2.150400E+004, Sun Aug 23 08:32:09 2015
-0.05, 1.80, 1.00, 1.80 , -5.685091E-011, 3.737220E-011, 2.966822E-010, 2.549520E-011, 2.150400E+004 1.570926E+074 2.150400E+004, Sun Aug 23 08:32:15 2015
-0.10, 1.80, 1.00, 1.80 , -5.811690E-011, 3.740130E-011, 2.945443E-010, 2.538450E-011, 2.150400E+004 1.570926E+074 2.150400E+004, Sun Aug 23 08:32:30 2015
-0.15, 1.80, 1.00, 1.80 , -5.921408E-011, 3.738600E-011, 2.950473E-010, 2.538660E-011, 2.150400E+004 1.570926E+074 2.150400E+004, Sun Aug 23 08:32:40 2015
-0.20, 1.80, 1.00, 1.80 , -6.081763E-011, 3.727410E-011, 2.890101E-010, 2.536740E-011, 2.150400E+004 1.570926E+074 2.150400E+004, Sun Aug 23 08:33:07 2015
