1.80, 1.80, 1.80, 1.80 , 9.485136E-010, 1.516730E-010, 2.652319E-009, -1.562570E-010, 2.150400E+004 1.570926E+074 2.150400E+004, Sun Aug 16 21:17:46 2015
1.75, 1.80, 1.80, 1.80 , 7.139884E-010, 1.461440E-010, 2.655340E-009, -3.200530E-011, 2.150400E+004 1.570926E+074 2.150400E+004, Sun Aug 16 21:17:52 2015
1.70, 1.80, 1.80, 1.80 , 4.999705E-010, 1.359190E-010, 2.643260E-009, 8.105500E-011, 2.150400E+004 1.570926E+074 2.150400E+004, Sun Aug 16 21:17:57 2015
1.65, 1.80, 1.80, 1.80 , 3.254907E-010, 1.336550E-010, 2.695837E-009, 1.692340E-010, 2.150400E+004 1.570926E+074 2.150400E+004, Sun Aug 16 21:18:05 2015
1.60, 1.80, 1.80, 1.80 , 1.593233E-010, 1.315900E-010, 2.708794E-009, 2.597460E-010, 2.150400E+004 1.570926E+074 2.150400E+004, Sun Aug 16 21:18:13 2015
1.55, 1.80, 1.80, 1.80 , -8.524806E-013, 1.317190E-010, 2.754030E-009, 3.416240E-010, 2.150400E+004 1.570926E+074 2.150400E+004, Sun Aug 16 21:18:18 2015
1.50, 1.80, 1.80, 1.80 , -1.565258E-010, 1.236070E-010, 2.879134E-009, 4.205560E-010, 2.150400E+004 1.570926E+074 2.150400E+004, Sun Aug 16 21:18:22 2015
1.45, 1.80, 1.80, 1.80 , -2.074183E-010, 1.215860E-010, 2.723592E-009, 4.032760E-010, 2.150400E+004 1.570926E+074 2.150400E+004, Sun Aug 16 21:18:38 2015
1.40, 1.80, 1.80, 1.80 , -3.039282E-010, 1.214700E-010, 2.774904E-009, 4.733510E-010, 2.150400E+004 1.570926E+074 2.150400E+004, Sun Aug 16 21:18:45 2015
1.35, 1.80, 1.80, 1.80 , -3.691685E-010, 1.151590E-010, 2.725604E-009, 5.108820E-010, 2.150400E+004 1.570926E+074 2.150400E+004, Sun Aug 16 21:18:53 2015
1.30, 1.80, 1.80, 1.80 , -4.498114E-010, 1.179250E-010, 2.725101E-009, 5.573810E-010, 2.150400E+004 1.570926E+074 2.150400E+004, Sun Aug 16 21:18:59 2015
1.25, 1.80, 1.80, 1.80 , -5.107471E-010, 1.177150E-010, 2.729041E-009, 6.201940E-010, 2.150400E+004 1.570926E+074 2.150400E+004, Sun Aug 16 21:19:06 2015
1.20, 1.80, 1.80, 1.80 , -5.824016E-010, 1.180280E-010, 2.717926E-009, 6.808560E-010, 2.150400E+004 1.570926E+074 2.150400E+004, Sun Aug 16 21:19:11 2015
1.15, 1.80, 1.80, 1.80 , -6.104218E-010, 1.148590E-010, 2.688333E-009, 7.021770E-010, 2.150400E+004 1.570926E+074 2.150400E+004, Sun Aug 16 21:19:20 2015
1.10, 1.80, 1.80, 1.80 , -6.689949E-010, 1.203510E-010, 2.627624E-009, 7.658430E-010, 2.150400E+004 1.570926E+074 2.150400E+004, Sun Aug 16 21:19:24 2015
1.05, 1.80, 1.80, 1.80 , -7.127978E-010, 1.174550E-010, 2.630523E-009, 7.901060E-010, 2.150400E+004 1.570926E+074 2.150400E+004, Sun Aug 16 21:19:31 2015
1.00, 1.80, 1.80, 1.80 , -7.249933E-010, 1.084170E-010, 2.627203E-009, 7.772920E-010, 2.150400E+004 1.570926E+074 2.150400E+004, Sun Aug 16 21:19:39 2015
0.95, 1.80, 1.80, 1.80 , -8.205328E-010, 1.167920E-010, 2.609471E-009, 8.363520E-010, 2.150400E+004 1.570926E+074 2.150400E+004, Sun Aug 16 21:19:43 2015
0.90, 1.80, 1.80, 1.80 , -8.531101E-010, 1.067820E-010, 2.529938E-009, 8.741940E-010, 2.150400E+004 1.570926E+074 2.150400E+004, Sun Aug 16 21:19:47 2015
0.85, 1.80, 1.80, 1.80 , -8.830724E-010, 9.493510E-011, 2.631228E-009, 8.111560E-010, 2.150400E+004 1.570926E+074 2.150400E+004, Sun Aug 16 21:19:54 2015
0.80, 1.80, 1.80, 1.80 , -7.985886E-010, 9.063620E-011, 2.605361E-009, 7.994410E-010, 2.150400E+004 1.570926E+074 2.150400E+004, Sun Aug 16 21:20:02 2015
0.75, 1.80, 1.80, 1.80 , -8.228527E-010, 9.084560E-011, 2.590984E-009, 8.307050E-010, 2.150400E+004 1.570926E+074 2.150400E+004, Sun Aug 16 21:20:07 2015
0.70, 1.80, 1.80, 1.80 , -8.715090E-010, 8.807770E-011, 2.562939E-009, 8.580330E-010, 2.150400E+004 1.570926E+074 2.150400E+004, Sun Aug 16 21:20:15 2015
0.65, 1.80, 1.80, 1.80 , -8.879246E-010, 9.056880E-011, 2.507761E-009, 8.898150E-010, 2.150400E+004 1.570926E+074 2.150400E+004, Sun Aug 16 21:20:25 2015
0.60, 1.80, 1.80, 1.80 , -9.546846E-010, 9.278400E-011, 2.493132E-009, 9.237040E-010, 2.150400E+004 1.570926E+074 2.150400E+004, Sun Aug 16 21:20:29 2015
0.55, 1.80, 1.80, 1.80 , -9.939294E-010, 9.136670E-011, 2.516816E-009, 9.707370E-010, 2.150400E+004 1.570926E+074 2.150400E+004, Sun Aug 16 21:20:34 2015
0.50, 1.80, 1.80, 1.80 , -1.070015E-009, 9.202180E-011, 2.502689E-009, 1.015350E-009, 2.150400E+004 1.570926E+074 2.150400E+004, Sun Aug 16 21:20:38 2015
0.45, 1.80, 1.80, 1.80 , -1.116815E-009, 8.979330E-011, 2.512960E-009, 1.065860E-009, 2.150400E+004 1.570926E+074 2.150400E+004, Sun Aug 16 21:20:42 2015
0.40, 1.80, 1.80, 1.80 , -1.118249E-009, 9.257780E-011, 2.481431E-009, 1.097150E-009, 2.150400E+004 1.570926E+074 2.150400E+004, Sun Aug 16 21:20:50 2015
0.35, 1.80, 1.80, 1.80 , -1.126773E-009, 8.284370E-011, 2.409110E-009, 1.057030E-009, 2.150400E+004 1.570926E+074 2.150400E+004, Sun Aug 16 21:20:56 2015
0.30, 1.80, 1.80, 1.80 , -1.158928E-009, 7.702070E-011, 2.296752E-009, 1.086490E-009, 2.150400E+004 1.570926E+074 2.150400E+004, Sun Aug 16 21:21:03 2015
0.25, 1.80, 1.80, 1.80 , -1.191970E-009, 8.256960E-011, 2.440093E-009, 1.129810E-009, 2.150400E+004 1.570926E+074 2.150400E+004, Sun Aug 16 21:21:07 2015
0.20, 1.80, 1.80, 1.80 , -1.185852E-009, 8.019170E-011, 2.416826E-009, 1.132640E-009, 2.150400E+004 1.570926E+074 2.150400E+004, Sun Aug 16 21:21:13 2015
0.15, 1.80, 1.80, 1.80 , -1.242611E-009, 7.690480E-011, 2.407478E-009, 1.153640E-009, 2.150400E+004 1.570926E+074 2.150400E+004, Sun Aug 16 21:21:18 2015
0.10, 1.80, 1.80, 1.80 , -1.276834E-009, 7.488450E-011, 2.397539E-009, 1.166120E-009, 2.150400E+004 1.570926E+074 2.150400E+004, Sun Aug 16 21:21:21 2015
0.05, 1.80, 1.80, 1.80 , -1.312240E-009, 7.396650E-011, 2.374438E-009, 1.203440E-009, 2.150400E+004 1.570926E+074 2.150400E+004, Sun Aug 16 21:21:25 2015
0.00, 1.80, 1.80, 1.80 , -1.286370E-009, 7.215210E-011, 2.377877E-009, 1.179040E-009, 2.150400E+004 1.570926E+074 2.150400E+004, Sun Aug 16 21:21:30 2015
-0.05, 1.80, 1.80, 1.80 , -1.349248E-009, 7.711570E-011, 2.359181E-009, 1.245540E-009, 2.150400E+004 1.570926E+074 2.150400E+004, Sun Aug 16 21:21:34 2015
-0.10, 1.80, 1.80, 1.80 , -1.367395E-009, 5.093000E-011, 2.373432E-009, 1.241350E-009, 2.150400E+004 1.570926E+074 2.150400E+004, Sun Aug 16 21:21:39 2015
-0.15, 1.80, 1.80, 1.80 , -1.426979E-009, 6.796510E-011, 2.431248E-009, 1.270490E-009, 2.150400E+004 1.570926E+074 2.150400E+004, Sun Aug 16 21:21:43 2015
-0.20, 1.80, 1.80, 1.80 , -1.443478E-009, 7.336250E-011, 2.319686E-009, 1.299930E-009, 2.150400E+004 1.570926E+074 2.150400E+004, Sun Aug 16 21:21:46 2015
