1.80, 1.80, 0.20, 1.80 , 2.404277E-010, -1.727170E-010, -3.976644E-011, 1.751600E-011, 2.150400E+004 1.570926E+074 2.150400E+004, Wed Sep 02 20:50:15 2015
1.75, 1.80, 0.20, 1.80 , -1.965185E-006, 1.974190E-006, -3.750223E-011, 1.765680E-011, 2.150400E+004 1.570926E+074 2.150400E+004, Wed Sep 02 20:50:20 2015
1.70, 1.80, 0.20, 1.80 , -8.195072E-006, 8.207840E-006, -3.746032E-011, 1.771510E-011, 2.150400E+004 1.570926E+074 2.150400E+004, Wed Sep 02 20:50:23 2015
1.65, 1.80, 0.20, 1.80 , -1.787337E-005, 1.788600E-005, -3.683135E-011, 1.771310E-011, 2.150400E+004 1.570926E+074 2.150400E+004, Wed Sep 02 20:50:27 2015
1.60, 1.80, 0.20, 1.80 , -3.269727E-005, 3.271520E-005, -3.766995E-011, 1.775590E-011, 2.150400E+004 1.570926E+074 2.150400E+004, Wed Sep 02 20:50:31 2015
1.55, 1.80, 0.20, 1.80 , -5.291426E-005, 5.293720E-005, -3.884398E-011, 1.779770E-011, 2.150400E+004 1.570926E+074 2.150400E+004, Wed Sep 02 20:50:34 2015
1.50, 1.80, 0.20, 1.80 , -7.606824E-005, 7.609440E-005, -3.733451E-011, 1.787460E-011, 2.150400E+004 1.570926E+074 2.150400E+004, Wed Sep 02 20:50:38 2015
1.45, 1.80, 0.20, 1.80 , -9.969356E-005, 9.970010E-005, -3.876013E-011, 1.787500E-011, 2.150400E+004 1.570926E+074 2.150400E+004, Wed Sep 02 20:50:41 2015
1.40, 1.80, 0.20, 1.80 , -1.223520E-004, 1.223570E-004, -3.838275E-011, 1.788250E-011, 2.150400E+004 1.570926E+074 2.150400E+004, Wed Sep 02 20:50:45 2015
1.35, 1.80, 0.20, 1.80 , -1.433251E-004, 1.433200E-004, -3.678943E-011, 1.789810E-011, 2.150400E+004 1.570926E+074 2.150400E+004, Wed Sep 02 20:50:49 2015
1.30, 1.80, 0.20, 1.80 , -1.624526E-004, 1.624490E-004, -3.792154E-011, 1.801330E-011, 2.150400E+004 1.570926E+074 2.150400E+004, Wed Sep 02 20:50:52 2015
1.25, 1.80, 0.20, 1.80 , -1.795312E-004, 1.794930E-004, -3.595084E-011, 1.803070E-011, 2.150400E+004 1.570926E+074 2.150400E+004, Wed Sep 02 20:50:56 2015
1.20, 1.80, 0.20, 1.80 , -1.945554E-004, 1.945500E-004, -3.611855E-011, 1.803060E-011, 2.150400E+004 1.570926E+074 2.150400E+004, Wed Sep 02 20:50:59 2015
1.15, 1.80, 0.20, 1.80 , -2.075334E-004, 2.075460E-004, -3.754416E-011, 1.810890E-011, 2.150400E+004 1.570926E+074 2.150400E+004, Wed Sep 02 20:51:03 2015
1.10, 1.80, 0.20, 1.80 , -2.186605E-004, 2.186240E-004, -3.494453E-011, 1.814260E-011, 2.150400E+004 1.570926E+074 2.150400E+004, Wed Sep 02 20:51:06 2015
1.05, 1.80, 0.20, 1.80 , -2.277110E-004, 2.276980E-004, -3.536383E-011, 1.819360E-011, 2.150400E+004 1.570926E+074 2.150400E+004, Wed Sep 02 20:51:10 2015
1.00, 1.80, 0.20, 1.80 , -2.354054E-004, 2.354110E-004, -3.699907E-011, 1.825100E-011, 2.150400E+004 1.570926E+074 2.150400E+004, Wed Sep 02 20:51:13 2015
0.95, 1.80, 0.20, 1.80 , -2.418921E-004, 2.418670E-004, -3.544769E-011, 1.827650E-011, 2.150400E+004 1.570926E+074 2.150400E+004, Wed Sep 02 20:51:17 2015
0.90, 1.80, 0.20, 1.80 , -2.473469E-004, 2.473120E-004, -3.712488E-011, 1.838200E-011, 2.150400E+004 1.570926E+074 2.150400E+004, Wed Sep 02 20:51:20 2015
0.85, 1.80, 0.20, 1.80 , -2.517548E-004, 2.517220E-004, -3.603470E-011, 1.847070E-011, 2.150400E+004 1.570926E+074 2.150400E+004, Wed Sep 02 20:51:24 2015
0.80, 1.80, 0.20, 1.80 , -2.556682E-004, 2.556570E-004, -3.649592E-011, 1.843210E-011, 2.150400E+004 1.570926E+074 2.150400E+004, Wed Sep 02 20:51:28 2015
0.75, 1.80, 0.20, 1.80 , -2.590144E-004, 2.589950E-004, -3.746031E-011, 1.847300E-011, 2.150400E+004 1.570926E+074 2.150400E+004, Wed Sep 02 20:51:31 2015
0.70, 1.80, 0.20, 1.80 , -2.620013E-004, 2.619850E-004, -3.486067E-011, 1.854090E-011, 2.150400E+004 1.570926E+074 2.150400E+004, Wed Sep 02 20:51:35 2015
0.65, 1.80, 0.20, 1.80 , -2.647264E-004, 2.647280E-004, -3.569926E-011, 1.859230E-011, 2.150400E+004 1.570926E+074 2.150400E+004, Wed Sep 02 20:51:38 2015
0.60, 1.80, 0.20, 1.80 , -2.672276E-004, 2.672040E-004, -3.733451E-011, 1.870780E-011, 2.150400E+004 1.570926E+074 2.150400E+004, Wed Sep 02 20:51:42 2015
0.55, 1.80, 0.20, 1.80 , -2.694406E-004, 2.694030E-004, -3.645399E-011, 1.879990E-011, 2.150400E+004 1.570926E+074 2.150400E+004, Wed Sep 02 20:51:45 2015
0.50, 1.80, 0.20, 1.80 , -2.715876E-004, 2.715730E-004, -3.515417E-011, 1.876340E-011, 2.150400E+004 1.570926E+074 2.150400E+004, Wed Sep 02 20:51:49 2015
0.45, 1.80, 0.20, 1.80 , -2.734998E-004, 2.734640E-004, -3.670557E-011, 1.877840E-011, 2.150400E+004 1.570926E+074 2.150400E+004, Wed Sep 02 20:51:52 2015
0.40, 1.80, 0.20, 1.80 , -2.759658E-004, 2.760100E-004, -3.628627E-011, 1.874390E-011, 2.150400E+004 1.570926E+074 2.150400E+004, Wed Sep 02 20:51:56 2015
0.35, 1.80, 0.20, 1.80 , -2.796517E-004, 2.795460E-004, -3.385435E-011, 1.887160E-011, 2.150400E+004 1.570926E+074 2.150400E+004, Wed Sep 02 20:51:59 2015
0.30, 1.80, 0.20, 1.80 , -2.828338E-004, 2.828320E-004, -3.494453E-011, 1.898860E-011, 2.150400E+004 1.570926E+074 2.150400E+004, Wed Sep 02 20:52:03 2015
0.25, 1.80, 0.20, 1.80 , -2.856918E-004, 2.856030E-004, -3.695715E-011, 1.895890E-011, 2.150400E+004 1.570926E+074 2.150400E+004, Wed Sep 02 20:52:07 2015
0.20, 1.80, 0.20, 1.80 , -2.883879E-004, 2.883310E-004, -3.536382E-011, 1.895650E-011, 2.150400E+004 1.570926E+074 2.150400E+004, Wed Sep 02 20:52:10 2015
0.15, 1.80, 0.20, 1.80 , -2.910135E-004, 2.908870E-004, -3.527996E-011, 1.895840E-011, 2.150400E+004 1.570926E+074 2.150400E+004, Wed Sep 02 20:52:14 2015
0.10, 1.80, 0.20, 1.80 , -2.932290E-004, 2.932510E-004, -3.439944E-011, 1.901090E-011, 2.150400E+004 1.570926E+074 2.150400E+004, Wed Sep 02 20:52:17 2015
0.05, 1.80, 0.20, 1.80 , -2.957396E-004, 2.957450E-004, -3.297383E-011, 1.914470E-011, 2.150400E+004 1.570926E+074 2.150400E+004, Wed Sep 02 20:52:21 2015
0.00, 1.80, 0.20, 1.80 , -2.982191E-004, 2.982150E-004, -3.439944E-011, 1.929650E-011, 2.150400E+004 1.570926E+074 2.150400E+004, Wed Sep 02 20:52:24 2015
-0.05, 1.80, 0.20, 1.80 , -3.005501E-004, 3.005450E-004, -3.582505E-011, 1.933130E-011, 2.150400E+004 1.570926E+074 2.150400E+004, Wed Sep 02 20:52:28 2015
-0.10, 1.80, 0.20, 1.80 , -3.029282E-004, 3.029200E-004, -3.175787E-011, 1.956850E-011, 2.150400E+004 1.570926E+074 2.150400E+004, Wed Sep 02 20:52:31 2015
-0.15, 1.80, 0.20, 1.80 , -3.051552E-004, 3.051170E-004, -3.490259E-011, 1.980190E-011, 2.150400E+004 1.570926E+074 2.150400E+004, Wed Sep 02 20:52:35 2015
-0.20, 1.80, 0.20, 1.80 , -3.074493E-004, 3.074570E-004, -3.662171E-011, 2.005880E-011, 2.150400E+004 1.570926E+074 2.150400E+004, Wed Sep 02 20:52:38 2015
