1.75, 1.80, 1.80, 1.80 , 1.142162E-010, 7.417170E-011, 4.496568E-011, 6.354470E-011, 2.150400E+004 1.570926E+074 2.150400E+004, Mon Aug 31 00:00:11 2015
1.75, 1.80, 1.78, 1.80 , 1.099121E-010, 6.945820E-011, 2.479982E-011, 5.941820E-011, 2.150400E+004 1.570926E+074 2.150400E+004, Mon Aug 31 00:00:16 2015
1.75, 1.80, 1.76, 1.80 , 1.074225E-010, 6.463100E-011, 2.215850E-011, 5.297210E-011, 2.150400E+004 1.570926E+074 2.150400E+004, Mon Aug 31 00:00:24 2015
1.75, 1.80, 1.74, 1.80 , 1.034140E-010, 6.202360E-011, 1.985267E-011, 5.409620E-011, 2.150400E+004 1.570926E+074 2.150400E+004, Mon Aug 31 00:00:30 2015
1.75, 1.80, 1.72, 1.80 , 1.017262E-010, 6.125650E-011, 4.969331E-012, 5.410510E-011, 2.150400E+004 1.570926E+074 2.150400E+004, Mon Aug 31 00:00:35 2015
1.75, 1.80, 1.70, 1.80 , 1.022325E-010, 5.869260E-011, 1.482171E-011, 5.361360E-011, 2.150400E+004 1.570926E+074 2.150400E+004, Mon Aug 31 00:00:41 2015
1.75, 1.80, 1.68, 1.80 , 1.011776E-010, 5.901580E-011, 3.921228E-012, 5.264880E-011, 2.150400E+004 1.570926E+074 2.150400E+004, Mon Aug 31 00:00:47 2015
1.75, 1.80, 1.66, 1.80 , 1.014307E-010, 6.006300E-011, 3.427478E-011, 5.091620E-011, 2.150400E+004 1.570926E+074 2.150400E+004, Mon Aug 31 00:00:53 2015
1.75, 1.80, 1.64, 1.80 , 1.011777E-010, 5.687450E-011, -2.534260E-011, 4.965150E-011, 2.150400E+004 1.570926E+074 2.150400E+004, Mon Aug 31 00:00:57 2015
1.75, 1.80, 1.62, 1.80 , 1.000805E-010, 5.776790E-011, -3.457562E-012, 4.965400E-011, 2.150400E+004 1.570926E+074 2.150400E+004, Mon Aug 31 00:01:04 2015
1.75, 1.80, 1.60, 1.80 , 1.000384E-010, 5.544780E-011, 8.365260E-012, 5.030550E-011, 2.150400E+004 1.570926E+074 2.150400E+004, Mon Aug 31 00:01:12 2015
1.75, 1.80, 1.58, 1.80 , 9.902560E-011, 5.342260E-011, 2.789245E-012, 4.783100E-011, 2.150400E+004 1.570926E+074 2.150400E+004, Mon Aug 31 00:01:17 2015
1.75, 1.80, 1.56, 1.80 , 9.742213E-011, 5.466640E-011, 4.927399E-012, 4.798980E-011, 2.150400E+004 1.570926E+074 2.150400E+004, Mon Aug 31 00:01:22 2015
1.75, 1.80, 1.54, 1.80 , 9.784426E-011, 5.405900E-011, -5.763438E-012, 4.962960E-011, 2.150400E+004 1.570926E+074 2.150400E+004, Mon Aug 31 00:01:27 2015
1.75, 1.80, 1.52, 1.80 , 9.704246E-011, 5.609790E-011, 6.017513E-012, 4.684490E-011, 2.150400E+004 1.570926E+074 2.150400E+004, Mon Aug 31 00:01:32 2015
1.75, 1.80, 1.50, 1.80 , 9.278065E-011, 5.860080E-011, -2.701977E-011, 4.988150E-011, 2.150400E+004 1.570926E+074 2.150400E+004, Mon Aug 31 00:01:37 2015
1.75, 1.80, 1.48, 1.80 , 9.020671E-011, 6.034070E-011, -2.081448E-011, 4.864410E-011, 2.150400E+004 1.570926E+074 2.150400E+004, Mon Aug 31 00:01:45 2015
1.75, 1.80, 1.46, 1.80 , 8.130330E-011, 6.612200E-011, -3.331783E-012, 4.740470E-011, 2.150400E+004 1.570926E+074 2.150400E+004, Mon Aug 31 00:01:54 2015
1.75, 1.80, 1.44, 1.80 , 6.780058E-011, 7.754140E-011, -1.339377E-011, 4.570100E-011, 2.150400E+004 1.570926E+074 2.150400E+004, Mon Aug 31 00:02:02 2015
1.75, 1.80, 1.42, 1.80 , 4.682921E-011, 9.856460E-011, -1.780562E-012, 4.963170E-011, 2.150400E+004 1.570926E+074 2.150400E+004, Mon Aug 31 00:02:08 2015
1.75, 1.80, 1.40, 1.80 , 5.561530E-012, 1.412290E-010, -6.485819E-013, 4.831620E-011, 2.150400E+004 1.570926E+074 2.150400E+004, Mon Aug 31 00:02:13 2015
1.75, 1.80, 1.38, 1.80 , -7.588305E-011, 2.246490E-010, -6.601924E-012, 4.756830E-011, 2.150400E+004 1.570926E+074 2.150400E+004, Mon Aug 31 00:02:21 2015
1.75, 1.80, 1.36, 1.80 , -2.266616E-010, 3.770760E-010, -1.193620E-012, 4.908290E-011, 2.150400E+004 1.570926E+074 2.150400E+004, Mon Aug 31 00:02:26 2015
1.75, 1.80, 1.34, 1.80 , -5.174578E-010, 6.784300E-010, -1.532233E-011, 4.794940E-011, 2.150400E+004 1.570926E+074 2.150400E+004, Mon Aug 31 00:02:31 2015
1.75, 1.80, 1.32, 1.80 , -1.120403E-009, 1.267150E-009, -9.001098E-013, 4.758060E-011, 2.150400E+004 1.570926E+074 2.150400E+004, Mon Aug 31 00:02:36 2015
1.75, 1.80, 1.30, 1.80 , -2.218516E-009, 2.353420E-009, -1.180063E-011, 4.673270E-011, 2.150400E+004 1.570926E+074 2.150400E+004, Mon Aug 31 00:02:39 2015
1.75, 1.80, 1.28, 1.80 , -3.904933E-009, 4.076460E-009, -6.560006E-012, 4.900100E-011, 2.150400E+004 1.570926E+074 2.150400E+004, Mon Aug 31 00:02:45 2015
1.75, 1.80, 1.26, 1.80 , -7.516870E-009, 7.602250E-009, -1.590926E-011, 4.934870E-011, 2.150400E+004 1.570926E+074 2.150400E+004, Mon Aug 31 00:02:50 2015
1.75, 1.80, 1.24, 1.80 , -1.352780E-008, 1.361960E-008, -7.324280E-013, 4.790200E-011, 2.150400E+004 1.570926E+074 2.150400E+004, Mon Aug 31 00:02:54 2015
1.75, 1.80, 1.22, 1.80 , -2.415037E-008, 2.438760E-008, -2.609733E-011, 4.726440E-011, 2.150400E+004 1.570926E+074 2.150400E+004, Mon Aug 31 00:02:59 2015
1.75, 1.80, 1.20, 1.80 , -4.198582E-008, 4.215910E-008, -8.488559E-012, 4.707640E-011, 2.150400E+004 1.570926E+074 2.150400E+004, Mon Aug 31 00:03:05 2015
1.75, 1.80, 1.18, 1.80 , -7.143367E-008, 7.130860E-008, -1.570957E-012, 4.892620E-011, 2.150400E+004 1.570926E+074 2.150400E+004, Mon Aug 31 00:03:11 2015
1.75, 1.80, 1.16, 1.80 , -1.186277E-007, 1.193020E-007, -8.195078E-012, 4.878440E-011, 2.150400E+004 1.570926E+074 2.150400E+004, Mon Aug 31 00:03:14 2015
1.75, 1.80, 1.14, 1.80 , -1.885871E-007, 1.886840E-007, -5.721500E-012, 5.042320E-011, 2.150400E+004 1.570926E+074 2.150400E+004, Mon Aug 31 00:03:18 2015
1.75, 1.80, 1.12, 1.80 , -2.962055E-007, 2.953460E-007, -6.518073E-012, 4.805240E-011, 2.150400E+004 1.570926E+074 2.150400E+004, Mon Aug 31 00:03:25 2015
1.75, 1.80, 1.10, 1.80 , -4.369763E-007, 4.392550E-007, -4.547609E-012, 4.819180E-011, 2.150400E+004 1.570926E+074 2.150400E+004, Mon Aug 31 00:03:28 2015
1.75, 1.80, 1.08, 1.80 , -6.250262E-007, 6.226540E-007, 1.209660E-011, 4.927110E-011, 2.150400E+004 1.570926E+074 2.150400E+004, Mon Aug 31 00:03:32 2015
1.75, 1.80, 1.06, 1.80 , -8.699720E-007, 8.700100E-007, -1.653816E-011, 4.990070E-011, 2.150400E+004 1.570926E+074 2.150400E+004, Mon Aug 31 00:03:36 2015
1.75, 1.80, 1.04, 1.80 , -1.164042E-006, 1.164240E-006, -5.179992E-011, 4.942400E-011, 2.150400E+004 1.570926E+074 2.150400E+004, Mon Aug 31 00:03:39 2015
1.75, 1.80, 1.02, 1.80 , -1.504773E-006, 1.505610E-006, -2.530067E-011, 4.696960E-011, 2.150400E+004 1.570926E+074 2.150400E+004, Mon Aug 31 00:03:43 2015
1.75, 1.80, 1.00, 1.80 , -1.928772E-006, 1.937080E-006, -1.997598E-011, 4.800700E-011, 2.150400E+004 1.570926E+074 2.150400E+004, Mon Aug 31 00:03:46 2015
1.75, 1.80, 0.98, 1.80 , -2.415493E-006, 2.416820E-006, -1.259720E-011, 4.739650E-011, 2.150400E+004 1.570926E+074 2.150400E+004, Mon Aug 31 00:03:54 2015
1.75, 1.80, 0.96, 1.80 , -2.953395E-006, 2.951940E-006, -1.850861E-011, 4.766260E-011, 2.150400E+004 1.570926E+074 2.150400E+004, Mon Aug 31 00:03:58 2015
1.75, 1.80, 0.94, 1.80 , -3.531974E-006, 3.540420E-006, -1.720893E-011, 5.085250E-011, 2.150400E+004 1.570926E+074 2.150400E+004, Mon Aug 31 00:04:01 2015
1.75, 1.80, 0.92, 1.80 , -4.171529E-006, 4.175530E-006, -1.733472E-011, 4.632120E-011, 2.150400E+004 1.570926E+074 2.150400E+004, Mon Aug 31 00:04:05 2015
1.75, 1.80, 0.90, 1.80 , -4.844944E-006, 4.843280E-006, -1.460959E-011, 4.932040E-011, 2.150400E+004 1.570926E+074 2.150400E+004, Mon Aug 31 00:04:08 2015
1.75, 1.80, 0.88, 1.80 , -5.494855E-006, 5.510020E-006, -2.140143E-011, 4.759490E-011, 2.150400E+004 1.570926E+074 2.150400E+004, Mon Aug 31 00:04:12 2015
1.75, 1.80, 0.86, 1.80 , -6.228338E-006, 6.207240E-006, -2.823571E-011, 4.739090E-011, 2.150400E+004 1.570926E+074 2.150400E+004, Mon Aug 31 00:04:16 2015
1.75, 1.80, 0.84, 1.80 , -6.929024E-006, 6.928150E-006, -5.842467E-011, 5.016540E-011, 2.150400E+004 1.570926E+074 2.150400E+004, Mon Aug 31 00:04:19 2015
1.75, 1.80, 0.82, 1.80 , -7.691176E-006, 7.682440E-006, 1.574404E-011, 4.925900E-011, 2.150400E+004 1.570926E+074 2.150400E+004, Mon Aug 31 00:04:23 2015
1.75, 1.80, 0.80, 1.80 , -8.408480E-006, 8.401800E-006, -2.286880E-011, 4.805890E-011, 2.150400E+004 1.570926E+074 2.150400E+004, Mon Aug 31 00:04:26 2015
1.75, 1.80, 0.78, 1.80 , -9.078188E-006, 9.091350E-006, -1.666392E-011, 4.675720E-011, 2.150400E+004 1.570926E+074 2.150400E+004, Mon Aug 31 00:04:30 2015
1.75, 1.80, 0.76, 1.80 , -9.784249E-006, 9.796760E-006, -2.504910E-011, 4.791530E-011, 2.150400E+004 1.570926E+074 2.150400E+004, Mon Aug 31 00:04:33 2015
1.75, 1.80, 0.74, 1.80 , -1.046830E-005, 1.052910E-005, -6.022756E-011, 4.761340E-011, 2.150400E+004 1.570926E+074 2.150400E+004, Mon Aug 31 00:04:37 2015
1.75, 1.80, 0.72, 1.80 , -1.120316E-005, 1.120350E-005, -4.978725E-011, 4.610270E-011, 2.150400E+004 1.570926E+074 2.150400E+004, Mon Aug 31 00:04:41 2015
1.75, 1.80, 0.70, 1.80 , -1.185659E-005, 1.184340E-005, -2.551031E-011, 4.694710E-011, 2.150400E+004 1.570926E+074 2.150400E+004, Mon Aug 31 00:04:44 2015
1.75, 1.80, 0.68, 1.80 , -1.245692E-005, 1.248570E-005, -3.934693E-011, 4.794740E-011, 2.150400E+004 1.570926E+074 2.150400E+004, Mon Aug 31 00:04:48 2015
1.75, 1.80, 0.66, 1.80 , -1.309087E-005, 1.307370E-005, -2.592961E-011, 4.808270E-011, 2.150400E+004 1.570926E+074 2.150400E+004, Mon Aug 31 00:04:51 2015
1.75, 1.80, 0.64, 1.80 , -1.367705E-005, 1.366750E-005, -3.486049E-011, 4.685870E-011, 2.150400E+004 1.570926E+074 2.150400E+004, Mon Aug 31 00:04:55 2015
1.75, 1.80, 0.62, 1.80 , -1.423137E-005, 1.421040E-005, -2.467174E-011, 4.885620E-011, 2.150400E+004 1.570926E+074 2.150400E+004, Mon Aug 31 00:04:58 2015
1.75, 1.80, 0.60, 1.80 , -1.477536E-005, 1.477020E-005, -3.381229E-011, 4.835320E-011, 2.150400E+004 1.570926E+074 2.150400E+004, Mon Aug 31 00:05:02 2015
1.75, 1.80, 0.58, 1.80 , -1.531273E-005, 1.530190E-005, -3.972426E-011, 4.904000E-011, 2.150400E+004 1.570926E+074 2.150400E+004, Mon Aug 31 00:05:05 2015
1.75, 1.80, 0.56, 1.80 , -1.581508E-005, 1.581080E-005, -3.070953E-011, 4.942990E-011, 2.150400E+004 1.570926E+074 2.150400E+004, Mon Aug 31 00:05:09 2015
1.75, 1.80, 0.54, 1.80 , -1.632207E-005, 1.632000E-005, -2.932587E-011, 4.873560E-011, 2.150400E+004 1.570926E+074 2.150400E+004, Mon Aug 31 00:05:12 2015
1.75, 1.80, 0.52, 1.80 , -1.681206E-005, 1.679850E-005, -3.536365E-011, 3.824210E-011, 2.150400E+004 1.570926E+074 2.150400E+004, Mon Aug 31 00:05:16 2015
1.75, 1.80, 0.50, 1.80 , -1.728804E-005, 1.727770E-005, -2.349772E-011, 5.154650E-011, 2.150400E+004 1.570926E+074 2.150400E+004, Mon Aug 31 00:05:20 2015
1.75, 1.80, 0.48, 1.80 , -1.775993E-005, 1.774800E-005, -4.442034E-011, 5.240460E-011, 2.150400E+004 1.570926E+074 2.150400E+004, Mon Aug 31 00:05:23 2015
1.75, 1.80, 0.46, 1.80 , -1.819234E-005, 1.818400E-005, -3.045795E-011, 4.873800E-011, 2.150400E+004 1.570926E+074 2.150400E+004, Mon Aug 31 00:05:27 2015
1.75, 1.80, 0.44, 1.80 , -1.865325E-005, 1.864590E-005, -2.974516E-011, 4.903910E-011, 2.150400E+004 1.570926E+074 2.150400E+004, Mon Aug 31 00:05:30 2015
1.75, 1.80, 0.42, 1.80 , -1.907438E-005, 1.905580E-005, -2.781642E-011, 5.006250E-011, 2.150400E+004 1.570926E+074 2.150400E+004, Mon Aug 31 00:05:34 2015
1.75, 1.80, 0.40, 1.80 , -1.947946E-005, 1.947210E-005, -3.523787E-011, 4.696170E-011, 2.150400E+004 1.570926E+074 2.150400E+004, Mon Aug 31 00:05:37 2015
1.75, 1.80, 0.38, 1.80 , -1.986925E-005, 1.986400E-005, -2.836150E-011, 4.941560E-011, 2.150400E+004 1.570926E+074 2.150400E+004, Mon Aug 31 00:05:41 2015
1.75, 1.80, 0.36, 1.80 , -2.025363E-005, 2.023740E-005, -2.760677E-011, 4.945170E-011, 2.150400E+004 1.570926E+074 2.150400E+004, Mon Aug 31 00:05:44 2015
1.75, 1.80, 0.34, 1.80 , -2.065009E-005, 2.057480E-005, -2.722941E-011, 4.792830E-011, 2.150400E+004 1.570926E+074 2.150400E+004, Mon Aug 31 00:05:48 2015
1.75, 1.80, 0.32, 1.80 , -2.095392E-005, 2.095020E-005, -3.070951E-011, 4.590150E-011, 2.150400E+004 1.570926E+074 2.150400E+004, Mon Aug 31 00:05:51 2015
1.75, 1.80, 0.30, 1.80 , -2.131788E-005, 2.131780E-005, -2.081448E-011, 4.300560E-011, 2.150400E+004 1.570926E+074 2.150400E+004, Mon Aug 31 00:05:55 2015
1.75, 1.80, 0.28, 1.80 , -2.168644E-005, 2.166720E-005, -4.748114E-011, 5.162910E-011, 2.150400E+004 1.570926E+074 2.150400E+004, Mon Aug 31 00:06:00 2015
1.75, 1.80, 0.26, 1.80 , -2.202266E-005, 2.201170E-005, -4.509119E-011, 4.768590E-011, 2.150400E+004 1.570926E+074 2.150400E+004, Mon Aug 31 00:06:05 2015
1.75, 1.80, 0.24, 1.80 , -2.235565E-005, 2.235460E-005, -2.940972E-011, 4.801090E-011, 2.150400E+004 1.570926E+074 2.150400E+004, Mon Aug 31 00:06:08 2015
1.75, 1.80, 0.22, 1.80 , -2.268235E-005, 2.267760E-005, -3.964042E-011, 4.747390E-011, 2.150400E+004 1.570926E+074 2.150400E+004, Mon Aug 31 00:06:12 2015
1.75, 1.80, 0.20, 1.80 , -2.300802E-005, 2.299560E-005, -4.152723E-011, 4.733940E-011, 2.150400E+004 1.570926E+074 2.150400E+004, Mon Aug 31 00:06:16 2015
1.75, 1.80, 0.18, 1.80 , -2.330370E-005, 2.328780E-005, -5.045817E-011, 4.964910E-011, 2.150400E+004 1.570926E+074 2.150400E+004, Mon Aug 31 00:06:19 2015
1.75, 1.80, 0.16, 1.80 , -2.361400E-005, 2.360680E-005, -4.014354E-011, 4.992430E-011, 2.150400E+004 1.570926E+074 2.150400E+004, Mon Aug 31 00:06:23 2015
1.75, 1.80, 0.14, 1.80 , -2.390952E-005, 2.389320E-005, -1.913748E-011, 4.966170E-011, 2.150400E+004 1.570926E+074 2.150400E+004, Mon Aug 31 00:06:26 2015
1.75, 1.80, 0.12, 1.80 , -2.420040E-005, 2.418660E-005, -4.718765E-011, 4.918720E-011, 2.150400E+004 1.570926E+074 2.150400E+004, Mon Aug 31 00:06:30 2015
1.75, 1.80, 0.10, 1.80 , -2.447515E-005, 2.446550E-005, -5.448338E-011, 4.826990E-011, 2.150400E+004 1.570926E+074 2.150400E+004, Mon Aug 31 00:06:33 2015
1.75, 1.80, 0.08, 1.80 , -2.475077E-005, 2.473610E-005, -4.551046E-011, 4.922840E-011, 2.150400E+004 1.570926E+074 2.150400E+004, Mon Aug 31 00:06:37 2015
1.75, 1.80, 0.06, 1.80 , -2.501482E-005, 2.501210E-005, -5.414791E-011, 4.930990E-011, 2.150400E+004 1.570926E+074 2.150400E+004, Mon Aug 31 00:06:40 2015
1.75, 1.80, 0.04, 1.80 , -2.528528E-005, 2.527570E-005, -5.289000E-011, 4.790070E-011, 2.150400E+004 1.570926E+074 2.150400E+004, Mon Aug 31 00:06:44 2015
1.75, 1.80, 0.02, 1.80 , -2.554715E-005, 2.553600E-005, -4.639100E-011, 5.032150E-011, 2.150400E+004 1.570926E+074 2.150400E+004, Mon Aug 31 00:06:47 2015
1.75, 1.80, 0.00, 1.80 , -2.581527E-005, 2.581400E-005, -4.114988E-011, 4.690750E-011, 2.150400E+004 1.570926E+074 2.150400E+004, Mon Aug 31 00:06:51 2015
1.75, 1.80, -0.02, 1.80 , -2.606385E-005, 2.604160E-005, -3.616030E-011, 4.849690E-011, 2.150400E+004 1.570926E+074 2.150400E+004, Mon Aug 31 00:06:55 2015
1.75, 1.80, -0.04, 1.80 , -2.629529E-005, 2.628990E-005, -4.722960E-011, 4.905550E-011, 2.150400E+004 1.570926E+074 2.150400E+004, Mon Aug 31 00:06:58 2015
1.75, 1.80, -0.06, 1.80 , -2.656273E-005, 2.654750E-005, -4.467192E-011, 4.770440E-011, 2.150400E+004 1.570926E+074 2.150400E+004, Mon Aug 31 00:07:02 2015
1.75, 1.80, -0.08, 1.80 , -2.679877E-005, 2.679150E-005, -4.546856E-011, 4.927030E-011, 2.150400E+004 1.570926E+074 2.150400E+004, Mon Aug 31 00:07:05 2015
1.75, 1.80, -0.10, 1.80 , -2.703818E-005, 2.702750E-005, -4.630712E-011, 4.669310E-011, 2.150400E+004 1.570926E+074 2.150400E+004, Mon Aug 31 00:07:09 2015
1.75, 1.80, -0.12, 1.80 , -2.727253E-005, 2.725710E-005, -4.530087E-011, 4.928880E-011, 2.150400E+004 1.570926E+074 2.150400E+004, Mon Aug 31 00:07:12 2015
1.75, 1.80, -0.14, 1.80 , -2.748790E-005, 2.746880E-005, -4.454614E-011, 4.755230E-011, 2.150400E+004 1.570926E+074 2.150400E+004, Mon Aug 31 00:07:16 2015
1.75, 1.80, -0.16, 1.80 , -2.771441E-005, 2.770430E-005, -4.580403E-011, 4.947660E-011, 2.150400E+004 1.570926E+074 2.150400E+004, Mon Aug 31 00:07:19 2015
1.75, 1.80, -0.18, 1.80 , -2.792379E-005, 2.791680E-005, -5.796350E-011, 4.673040E-011, 2.150400E+004 1.570926E+074 2.150400E+004, Mon Aug 31 00:07:23 2015
1.75, 1.80, -0.20, 1.80 , -2.813751E-005, 2.812490E-005, -4.978727E-011, 5.080310E-011, 2.150400E+004 1.570926E+074 2.150400E+004, Mon Aug 31 00:07:27 2015
