1.80, 1.80, 1.40, 1.80 , 1.117688E-010, 3.099460E-011, -8.195087E-012, 4.874420E-011, 2.150400E+004 1.570926E+074 2.150400E+004, Mon Aug 31 00:25:52 2015
1.75, 1.80, 1.40, 1.80 , -6.043013E-012, 1.322310E-010, -1.175873E-011, 5.012580E-011, 2.150400E+004 1.570926E+074 2.150400E+004, Mon Aug 31 00:25:57 2015
1.70, 1.80, 1.40, 1.80 , -3.832558E-011, 1.570980E-010, 2.245200E-011, 4.945420E-011, 2.150400E+004 1.570926E+074 2.150400E+004, Mon Aug 31 00:26:04 2015
1.65, 1.80, 1.40, 1.80 , -6.111319E-011, 1.736870E-010, 1.071308E-011, 4.918650E-011, 2.150400E+004 1.570926E+074 2.150400E+004, Mon Aug 31 00:26:11 2015
1.60, 1.80, 1.40, 1.80 , -7.411063E-011, 1.830590E-010, 1.528282E-011, 5.040110E-011, 2.150400E+004 1.570926E+074 2.150400E+004, Mon Aug 31 00:26:18 2015
1.55, 1.80, 1.40, 1.80 , -8.904927E-011, 1.933570E-010, 1.321849E-012, 5.130840E-011, 2.150400E+004 1.570926E+074 2.150400E+004, Mon Aug 31 00:26:26 2015
1.50, 1.80, 1.40, 1.80 , -1.020466E-010, 2.019370E-010, -1.171679E-011, 5.121100E-011, 2.150400E+004 1.570926E+074 2.150400E+004, Mon Aug 31 00:26:39 2015
1.45, 1.80, 1.40, 1.80 , -1.227245E-010, 2.153620E-010, -1.209410E-011, 5.264840E-011, 2.150400E+004 1.570926E+074 2.150400E+004, Mon Aug 31 00:26:46 2015
1.40, 1.80, 1.40, 1.80 , -1.331476E-010, 2.236710E-010, -1.255528E-011, 5.500870E-011, 2.150400E+004 1.570926E+074 2.150400E+004, Mon Aug 31 00:26:53 2015
1.35, 1.80, 1.40, 1.80 , -1.520531E-010, 2.335080E-010, -8.237019E-012, 5.525500E-011, 2.150400E+004 1.570926E+074 2.150400E+004, Mon Aug 31 00:27:00 2015
1.30, 1.80, 1.40, 1.80 , -1.674136E-010, 2.515610E-010, 4.833477E-013, 5.852430E-011, 2.150400E+004 1.570926E+074 2.150400E+004, Mon Aug 31 00:27:05 2015
1.25, 1.80, 1.40, 1.80 , -1.820147E-010, 2.598280E-010, -1.498693E-011, 5.808390E-011, 2.150400E+004 1.570926E+074 2.150400E+004, Mon Aug 31 00:27:11 2015
1.20, 1.80, 1.40, 1.80 , -2.049289E-010, 2.776650E-010, -1.029133E-011, 5.851410E-011, 2.150400E+004 1.570926E+074 2.150400E+004, Mon Aug 31 00:27:15 2015
1.15, 1.80, 1.40, 1.80 , -2.227371E-010, 2.924350E-010, -7.440479E-012, 5.828060E-011, 2.150400E+004 1.570926E+074 2.150400E+004, Mon Aug 31 00:27:21 2015
1.10, 1.80, 1.40, 1.80 , -2.414737E-010, 3.058160E-010, -2.828685E-012, 6.071590E-011, 2.150400E+004 1.570926E+074 2.150400E+004, Mon Aug 31 00:27:27 2015
1.05, 1.80, 1.40, 1.80 , -2.586066E-010, 3.168880E-010, -2.712639E-013, 6.094610E-011, 2.150400E+004 1.570926E+074 2.150400E+004, Mon Aug 31 00:27:33 2015
1.00, 1.80, 1.40, 1.80 , -2.773853E-010, 3.349510E-010, -1.427420E-011, 6.174820E-011, 2.150400E+004 1.570926E+074 2.150400E+004, Mon Aug 31 00:27:38 2015
0.95, 1.80, 1.40, 1.80 , -3.000886E-010, 3.480090E-010, -1.758627E-011, 6.148610E-011, 2.150400E+004 1.570926E+074 2.150400E+004, Mon Aug 31 00:27:42 2015
0.90, 1.80, 1.40, 1.80 , -3.235518E-010, 3.768560E-010, -8.991665E-012, 6.101000E-011, 2.150400E+004 1.570926E+074 2.150400E+004, Mon Aug 31 00:27:47 2015
0.85, 1.80, 1.40, 1.80 , -3.454108E-010, 3.849660E-010, -8.195096E-012, 6.123210E-011, 2.150400E+004 1.570926E+074 2.150400E+004, Mon Aug 31 00:27:51 2015
0.80, 1.80, 1.40, 1.80 , -3.630922E-010, 4.031260E-010, -6.166595E-014, 6.111650E-011, 2.150400E+004 1.570926E+074 2.150400E+004, Mon Aug 31 00:27:57 2015
0.75, 1.80, 1.40, 1.80 , -3.845719E-010, 4.142980E-010, -1.112984E-011, 6.081630E-011, 2.150400E+004 1.570926E+074 2.150400E+004, Mon Aug 31 00:28:01 2015
0.70, 1.80, 1.40, 1.80 , -4.134363E-010, 4.399130E-010, -3.206010E-012, 6.218090E-011, 2.150400E+004 1.570926E+074 2.150400E+004, Mon Aug 31 00:28:07 2015
0.65, 1.80, 1.40, 1.80 , -4.581680E-010, 4.881980E-010, -8.278937E-012, 6.429690E-011, 2.150400E+004 1.570926E+074 2.150400E+004, Mon Aug 31 00:28:12 2015
0.60, 1.80, 1.40, 1.80 , -4.801963E-010, 4.923490E-010, -1.874282E-013, 6.522700E-011, 2.150400E+004 1.570926E+074 2.150400E+004, Mon Aug 31 00:28:19 2015
0.55, 1.80, 1.40, 1.80 , -4.959363E-010, 5.257380E-010, 1.741145E-012, 6.503140E-011, 2.150400E+004 1.570926E+074 2.150400E+004, Mon Aug 31 00:28:23 2015
0.50, 1.80, 1.40, 1.80 , -5.197788E-010, 5.375180E-010, -9.201290E-012, 6.425750E-011, 2.150400E+004 1.570926E+074 2.150400E+004, Mon Aug 31 00:28:29 2015
0.45, 1.80, 1.40, 1.80 , -5.575477E-010, 5.572780E-010, -6.308447E-012, 6.586930E-011, 2.150400E+004 1.570926E+074 2.150400E+004, Mon Aug 31 00:28:38 2015
0.40, 1.80, 1.40, 1.80 , -5.786059E-010, 5.954900E-010, -1.284874E-011, 6.725440E-011, 2.150400E+004 1.570926E+074 2.150400E+004, Mon Aug 31 00:28:42 2015
0.35, 1.80, 1.40, 1.80 , -6.247295E-010, 6.060160E-010, -4.128389E-012, 6.790240E-011, 2.150400E+004 1.570926E+074 2.150400E+004, Mon Aug 31 00:28:47 2015
0.30, 1.80, 1.40, 1.80 , -6.222394E-010, 6.382010E-010, 9.445240E-013, 6.906360E-011, 2.150400E+004 1.570926E+074 2.150400E+004, Mon Aug 31 00:28:53 2015
0.25, 1.80, 1.40, 1.80 , -6.665493E-010, 6.847880E-010, -1.445172E-012, 6.918410E-011, 2.150400E+004 1.570926E+074 2.150400E+004, Mon Aug 31 00:28:59 2015
0.20, 1.80, 1.40, 1.80 , -7.193409E-010, 7.086990E-010, -1.012363E-011, 7.066280E-011, 2.150400E+004 1.570926E+074 2.150400E+004, Mon Aug 31 00:29:03 2015
0.15, 1.80, 1.40, 1.80 , -7.452934E-010, 7.386140E-010, 1.951730E-011, 7.044350E-011, 2.150400E+004 1.570926E+074 2.150400E+004, Mon Aug 31 00:29:11 2015
0.10, 1.80, 1.40, 1.80 , -7.865223E-010, 7.718460E-010, -6.685805E-012, 6.961270E-011, 2.150400E+004 1.570926E+074 2.150400E+004, Mon Aug 31 00:29:15 2015
0.05, 1.80, 1.40, 1.80 , -8.241224E-010, 7.985580E-010, -3.709108E-012, 7.107790E-011, 2.150400E+004 1.570926E+074 2.150400E+004, Mon Aug 31 00:29:24 2015
0.00, 1.80, 1.40, 1.80 , -9.083949E-010, 9.192490E-010, 1.531485E-012, 7.265610E-011, 2.150400E+004 1.570926E+074 2.150400E+004, Mon Aug 31 00:29:30 2015
-0.05, 1.80, 1.40, 1.80 , -9.504250E-010, 9.284840E-010, -9.285131E-012, 7.161630E-011, 2.150400E+004 1.570926E+074 2.150400E+004, Mon Aug 31 00:29:34 2015
-0.10, 1.80, 1.40, 1.80 , -9.823704E-010, 9.551470E-010, -2.744829E-012, 7.318830E-011, 2.150400E+004 1.570926E+074 2.150400E+004, Mon Aug 31 00:29:39 2015
-0.15, 1.80, 1.40, 1.80 , -1.020645E-009, 1.000060E-009, -8.069313E-012, 7.463250E-011, 2.150400E+004 1.570926E+074 2.150400E+004, Mon Aug 31 00:29:43 2015
-0.20, 1.80, 1.40, 1.80 , -1.085464E-009, 1.042510E-009, -9.578602E-012, 7.516670E-011, 2.150400E+004 1.570926E+074 2.150400E+004, Mon Aug 31 00:29:47 2015
