1.80, 1.80, 1.00, 1.80 , 6.489908E-012, 2.033400E-011, -2.462982E-011, 1.756340E-011, 2.150400E+004 1.570926E+074 2.150400E+004, Wed Sep 02 20:42:03 2015
1.75, 1.80, 1.00, 1.80 , -9.378193E-010, 9.504570E-010, -2.383316E-011, 1.832950E-011, 2.150400E+004 1.570926E+074 2.150400E+004, Wed Sep 02 20:42:16 2015
1.70, 1.80, 1.00, 1.80 , -4.278458E-009, 4.276220E-009, -2.794226E-011, 1.830960E-011, 2.150400E+004 1.570926E+074 2.150400E+004, Wed Sep 02 20:42:36 2015
1.65, 1.80, 1.00, 1.80 , -8.593034E-009, 8.524910E-009, -2.592964E-011, 1.818240E-011, 2.150400E+004 1.570926E+074 2.150400E+004, Wed Sep 02 20:42:45 2015
1.60, 1.80, 1.00, 1.80 , -1.177740E-008, 1.151890E-008, -2.630701E-011, 1.838270E-011, 2.150400E+004 1.570926E+074 2.150400E+004, Wed Sep 02 20:42:51 2015
1.55, 1.80, 1.00, 1.80 , -1.272374E-008, 1.310170E-008, -2.542649E-011, 1.827470E-011, 2.150400E+004 1.570926E+074 2.150400E+004, Wed Sep 02 20:42:59 2015
1.50, 1.80, 1.00, 1.80 , -1.607674E-008, 1.604510E-008, -2.651666E-011, 1.856900E-011, 2.150400E+004 1.570926E+074 2.150400E+004, Wed Sep 02 20:43:02 2015
1.45, 1.80, 1.00, 1.80 , -1.204297E-008, 1.253090E-008, -2.391702E-011, 1.850990E-011, 2.150400E+004 1.570926E+074 2.150400E+004, Wed Sep 02 20:43:36 2015
1.40, 1.80, 1.00, 1.80 , -1.419609E-008, 1.515180E-008, -2.777454E-011, 1.843300E-011, 2.150400E+004 1.570926E+074 2.150400E+004, Wed Sep 02 20:43:49 2015
1.35, 1.80, 1.00, 1.80 , -1.752462E-008, 1.700590E-008, -2.861314E-011, 1.867990E-011, 2.150400E+004 1.570926E+074 2.150400E+004, Wed Sep 02 20:43:54 2015
1.30, 1.80, 1.00, 1.80 , -2.014647E-008, 2.008940E-008, -2.496526E-011, 1.856540E-011, 2.150400E+004 1.570926E+074 2.150400E+004, Wed Sep 02 20:43:58 2015
1.25, 1.80, 1.00, 1.80 , -1.742200E-008, 1.682830E-008, -2.764876E-011, 1.855630E-011, 2.150400E+004 1.570926E+074 2.150400E+004, Wed Sep 02 20:44:10 2015
1.20, 1.80, 1.00, 1.80 , -1.938531E-008, 2.006170E-008, -2.437825E-011, 1.864310E-011, 2.150400E+004 1.570926E+074 2.150400E+004, Wed Sep 02 20:44:15 2015
1.15, 1.80, 1.00, 1.80 , -2.260214E-008, 2.158760E-008, -2.500719E-011, 1.846970E-011, 2.150400E+004 1.570926E+074 2.150400E+004, Wed Sep 02 20:44:20 2015
1.10, 1.80, 1.00, 1.80 , -2.339086E-008, 2.245270E-008, -2.412667E-011, 1.848060E-011, 2.150400E+004 1.570926E+074 2.150400E+004, Wed Sep 02 20:44:29 2015
1.05, 1.80, 1.00, 1.80 , -2.543537E-008, 2.506040E-008, -2.437825E-011, 1.844980E-011, 2.150400E+004 1.570926E+074 2.150400E+004, Wed Sep 02 20:44:34 2015
1.00, 1.80, 1.00, 1.80 , -2.812713E-008, 2.784360E-008, -2.471368E-011, 1.851770E-011, 2.150400E+004 1.570926E+074 2.150400E+004, Wed Sep 02 20:44:38 2015
0.95, 1.80, 1.00, 1.80 , -3.011801E-008, 3.028210E-008, -2.400088E-011, 1.848440E-011, 2.150400E+004 1.570926E+074 2.150400E+004, Wed Sep 02 20:44:44 2015
0.90, 1.80, 1.00, 1.80 , -3.076257E-008, 3.108220E-008, -2.534263E-011, 1.838050E-011, 2.150400E+004 1.570926E+074 2.150400E+004, Wed Sep 02 20:44:52 2015
0.85, 1.80, 1.00, 1.80 , -3.362320E-008, 3.389570E-008, -2.622315E-011, 1.848730E-011, 2.150400E+004 1.570926E+074 2.150400E+004, Wed Sep 02 20:44:55 2015
0.80, 1.80, 1.00, 1.80 , -3.518252E-008, 3.505450E-008, -2.492333E-011, 1.839740E-011, 2.150400E+004 1.570926E+074 2.150400E+004, Wed Sep 02 20:45:01 2015
0.75, 1.80, 1.00, 1.80 , -3.869100E-008, 3.859070E-008, -2.416860E-011, 1.856400E-011, 2.150400E+004 1.570926E+074 2.150400E+004, Wed Sep 02 20:45:07 2015
0.70, 1.80, 1.00, 1.80 , -4.441083E-008, 4.317110E-008, -2.400088E-011, 1.863720E-011, 2.150400E+004 1.570926E+074 2.150400E+004, Wed Sep 02 20:45:10 2015
0.65, 1.80, 1.00, 1.80 , -5.232947E-008, 5.438900E-008, -2.320422E-011, 1.856180E-011, 2.150400E+004 1.570926E+074 2.150400E+004, Wed Sep 02 20:45:15 2015
0.60, 1.80, 1.00, 1.80 , -6.946497E-008, 6.984450E-008, -2.362351E-011, 1.866760E-011, 2.150400E+004 1.570926E+074 2.150400E+004, Wed Sep 02 20:45:21 2015
0.55, 1.80, 1.00, 1.80 , -9.138225E-008, 9.445090E-008, -2.605543E-011, 1.867360E-011, 2.150400E+004 1.570926E+074 2.150400E+004, Wed Sep 02 20:45:25 2015
0.50, 1.80, 1.00, 1.80 , -1.362402E-007, 1.352010E-007, -2.467175E-011, 1.861030E-011, 2.150400E+004 1.570926E+074 2.150400E+004, Wed Sep 02 20:45:31 2015
0.45, 1.80, 1.00, 1.80 , -1.882038E-007, 1.855190E-007, -2.270110E-011, 1.865800E-011, 2.150400E+004 1.570926E+074 2.150400E+004, Wed Sep 02 20:45:36 2015
0.40, 1.80, 1.00, 1.80 , -2.315674E-007, 2.252260E-007, -2.282688E-011, 1.865560E-011, 2.150400E+004 1.570926E+074 2.150400E+004, Wed Sep 02 20:45:39 2015
0.35, 1.80, 1.00, 1.80 , -2.975799E-007, 2.986370E-007, -2.416860E-011, 1.877290E-011, 2.150400E+004 1.570926E+074 2.150400E+004, Wed Sep 02 20:45:43 2015
0.30, 1.80, 1.00, 1.80 , -3.906039E-007, 3.899210E-007, -2.081445E-011, 1.877190E-011, 2.150400E+004 1.570926E+074 2.150400E+004, Wed Sep 02 20:45:48 2015
0.25, 1.80, 1.00, 1.80 , -5.538280E-007, 5.582480E-007, -2.353965E-011, 1.897700E-011, 2.150400E+004 1.570926E+074 2.150400E+004, Wed Sep 02 20:45:51 2015
0.20, 1.80, 1.00, 1.80 , -6.898678E-007, 6.917670E-007, -2.458790E-011, 1.888290E-011, 2.150400E+004 1.570926E+074 2.150400E+004, Wed Sep 02 20:45:55 2015
0.15, 1.80, 1.00, 1.80 , -8.635108E-007, 8.711140E-007, -2.383316E-011, 1.895440E-011, 2.150400E+004 1.570926E+074 2.150400E+004, Wed Sep 02 20:45:58 2015
0.10, 1.80, 1.00, 1.80 , -1.125976E-006, 1.133480E-006, -2.475561E-011, 1.903540E-011, 2.150400E+004 1.570926E+074 2.150400E+004, Wed Sep 02 20:46:02 2015
0.05, 1.80, 1.00, 1.80 , -1.507685E-006, 1.504680E-006, -2.513298E-011, 1.905970E-011, 2.150400E+004 1.570926E+074 2.150400E+004, Wed Sep 02 20:46:06 2015
0.00, 1.80, 1.00, 1.80 , -2.627047E-006, 2.628960E-006, -2.391702E-011, 1.962220E-011, 2.150400E+004 1.570926E+074 2.150400E+004, Wed Sep 02 20:46:09 2015
-0.05, 1.80, 1.00, 1.80 , -3.117970E-006, 3.119990E-006, -2.483947E-011, 2.004380E-011, 2.150400E+004 1.570926E+074 2.150400E+004, Wed Sep 02 20:46:13 2015
-0.10, 1.80, 1.00, 1.80 , -3.744595E-006, 3.750290E-006, -2.119178E-011, 2.090000E-011, 2.150400E+004 1.570926E+074 2.150400E+004, Wed Sep 02 20:46:16 2015
-0.15, 1.80, 1.00, 1.80 , -4.745822E-006, 4.771800E-006, -2.194644E-011, 2.252640E-011, 2.150400E+004 1.570926E+074 2.150400E+004, Wed Sep 02 20:46:21 2015
-0.20, 1.80, 1.00, 1.80 , -6.377668E-006, 6.371680E-006, -2.366544E-011, 2.584020E-011, 2.150400E+004 1.570926E+074 2.150400E+004, Wed Sep 02 20:46:24 2015
