1.80, 1.80, 0.20, 1.80 , 2.322160E-008, -2.337410E-008, -4.102432E-011, -1.195910E-013, 2.150400E+004 1.570926E+074 2.150400E+004, Wed Oct 07 22:38:46 2015
1.75, 1.80, 0.20, 1.80 , -4.925954E-006, 4.925400E-006, -3.628628E-011, -1.180770E-013, 2.150400E+004 1.570926E+074 2.150400E+004, Wed Oct 07 22:38:50 2015
1.70, 1.80, 0.20, 1.80 , -9.698962E-006, 9.696980E-006, -3.716679E-011, -1.124620E-013, 2.150400E+004 1.570926E+074 2.150400E+004, Wed Oct 07 22:38:53 2015
1.65, 1.80, 0.20, 1.80 , -1.428146E-005, 1.426970E-005, -3.737644E-011, -9.137390E-014, 2.150400E+004 1.570926E+074 2.150400E+004, Wed Oct 07 22:38:57 2015
1.60, 1.80, 0.20, 1.80 , -1.867216E-005, 1.866250E-005, -3.523803E-011, -1.097080E-013, 2.150400E+004 1.570926E+074 2.150400E+004, Wed Oct 07 22:39:00 2015
1.55, 1.80, 0.20, 1.80 , -2.287603E-005, 2.286250E-005, -3.607662E-011, -1.153110E-013, 2.150400E+004 1.570926E+074 2.150400E+004, Wed Oct 07 22:39:04 2015
1.50, 1.80, 0.20, 1.80 , -2.689707E-005, 2.688190E-005, -3.611855E-011, -1.273390E-013, 2.150400E+004 1.570926E+074 2.150400E+004, Wed Oct 07 22:39:07 2015
1.45, 1.80, 0.20, 1.80 , -3.073421E-005, 3.071800E-005, -3.502839E-011, -1.104470E-013, 2.150400E+004 1.570926E+074 2.150400E+004, Wed Oct 07 22:39:11 2015
1.40, 1.80, 0.20, 1.80 , -3.435410E-005, 3.433400E-005, -3.418979E-011, -9.611850E-014, 2.150400E+004 1.570926E+074 2.150400E+004, Wed Oct 07 22:39:15 2015
1.35, 1.80, 0.20, 1.80 , -3.777042E-005, 3.775020E-005, -3.431558E-011, -1.210810E-013, 2.150400E+004 1.570926E+074 2.150400E+004, Wed Oct 07 22:39:18 2015
1.30, 1.80, 0.20, 1.80 , -4.097374E-005, 4.095890E-005, -3.599276E-011, -1.179100E-013, 2.150400E+004 1.570926E+074 2.150400E+004, Wed Oct 07 22:39:22 2015
1.25, 1.80, 0.20, 1.80 , -4.395302E-005, 4.393570E-005, -3.473488E-011, -9.984970E-014, 2.150400E+004 1.570926E+074 2.150400E+004, Wed Oct 07 22:39:25 2015
1.20, 1.80, 0.20, 1.80 , -4.673399E-005, 4.672690E-005, -3.540574E-011, -1.031760E-013, 2.150400E+004 1.570926E+074 2.150400E+004, Wed Oct 07 22:39:29 2015
1.15, 1.80, 0.20, 1.80 , -4.928147E-005, 4.926550E-005, -3.582504E-011, -1.049760E-013, 2.150400E+004 1.570926E+074 2.150400E+004, Wed Oct 07 22:39:32 2015
1.10, 1.80, 0.20, 1.80 , -5.160331E-005, 5.158860E-005, -3.469295E-011, -1.125930E-013, 2.150400E+004 1.570926E+074 2.150400E+004, Wed Oct 07 22:39:36 2015
1.05, 1.80, 0.20, 1.80 , -5.369803E-005, 5.368700E-005, -3.574120E-011, -9.664300E-014, 2.150400E+004 1.570926E+074 2.150400E+004, Wed Oct 07 22:39:39 2015
1.00, 1.80, 0.20, 1.80 , -5.555031E-005, 5.554150E-005, -3.360278E-011, -1.086710E-013, 2.150400E+004 1.570926E+074 2.150400E+004, Wed Oct 07 22:39:43 2015
0.95, 1.80, 0.20, 1.80 , -5.720376E-005, 5.719130E-005, -3.465101E-011, -1.125100E-013, 2.150400E+004 1.570926E+074 2.150400E+004, Wed Oct 07 22:39:46 2015
0.90, 1.80, 0.20, 1.80 , -5.862893E-005, 5.860650E-005, -3.439945E-011, -1.047490E-013, 2.150400E+004 1.570926E+074 2.150400E+004, Wed Oct 07 22:39:50 2015
0.85, 1.80, 0.20, 1.80 , -5.983280E-005, 5.981050E-005, -3.502838E-011, -1.168250E-013, 2.150400E+004 1.570926E+074 2.150400E+004, Wed Oct 07 22:39:54 2015
0.80, 1.80, 0.20, 1.80 , -6.083201E-005, 6.081350E-005, -3.494453E-011, -9.783510E-014, 2.150400E+004 1.570926E+074 2.150400E+004, Wed Oct 07 22:39:57 2015
0.75, 1.80, 0.20, 1.80 , -6.164084E-005, 6.160850E-005, -3.356085E-011, -1.048560E-013, 2.150400E+004 1.570926E+074 2.150400E+004, Wed Oct 07 22:40:01 2015
0.70, 1.80, 0.20, 1.80 , -6.229086E-005, 6.227740E-005, -3.473487E-011, -1.268510E-013, 2.150400E+004 1.570926E+074 2.150400E+004, Wed Oct 07 22:40:04 2015
0.65, 1.80, 0.20, 1.80 , -6.281468E-005, 6.278780E-005, -3.519610E-011, -1.405840E-013, 2.150400E+004 1.570926E+074 2.150400E+004, Wed Oct 07 22:40:08 2015
0.60, 1.80, 0.20, 1.80 , -6.321447E-005, 6.319730E-005, -3.477680E-011, -1.007680E-013, 2.150400E+004 1.570926E+074 2.150400E+004, Wed Oct 07 22:40:11 2015
0.55, 1.80, 0.20, 1.80 , -6.352973E-005, 6.351100E-005, -3.456717E-011, -9.607080E-014, 2.150400E+004 1.570926E+074 2.150400E+004, Wed Oct 07 22:40:15 2015
0.50, 1.80, 0.20, 1.80 , -6.379316E-005, 6.376890E-005, -3.192559E-011, -1.117110E-013, 2.150400E+004 1.570926E+074 2.150400E+004, Wed Oct 07 22:40:18 2015
0.45, 1.80, 0.20, 1.80 , -6.398870E-005, 6.396900E-005, -3.494452E-011, -1.099710E-013, 2.150400E+004 1.570926E+074 2.150400E+004, Wed Oct 07 22:40:22 2015
0.40, 1.80, 0.20, 1.80 , -6.418148E-005, 6.415610E-005, -3.184173E-011, -1.121280E-013, 2.150400E+004 1.570926E+074 2.150400E+004, Wed Oct 07 22:40:25 2015
0.35, 1.80, 0.20, 1.80 , -6.433836E-005, 6.431590E-005, -3.343506E-011, -1.213790E-013, 2.150400E+004 1.570926E+074 2.150400E+004, Wed Oct 07 22:40:29 2015
0.30, 1.80, 0.20, 1.80 , -6.447211E-005, 6.446230E-005, -3.326734E-011, -9.958740E-014, 2.150400E+004 1.570926E+074 2.150400E+004, Wed Oct 07 22:40:33 2015
0.25, 1.80, 0.20, 1.80 , -6.459860E-005, 6.457390E-005, -3.418980E-011, -1.101260E-013, 2.150400E+004 1.570926E+074 2.150400E+004, Wed Oct 07 22:40:36 2015
0.20, 1.80, 0.20, 1.80 , -6.471686E-005, 6.469650E-005, -3.439944E-011, -1.075740E-013, 2.150400E+004 1.570926E+074 2.150400E+004, Wed Oct 07 22:40:40 2015
0.15, 1.80, 0.20, 1.80 , -6.483650E-005, 6.480370E-005, -3.704101E-011, -1.090410E-013, 2.150400E+004 1.570926E+074 2.150400E+004, Wed Oct 07 22:40:43 2015
0.10, 1.80, 0.20, 1.80 , -6.494052E-005, 6.491260E-005, -3.507031E-011, -1.246930E-013, 2.150400E+004 1.570926E+074 2.150400E+004, Wed Oct 07 22:40:47 2015
0.05, 1.80, 0.20, 1.80 , -6.501139E-005, 6.499780E-005, -3.314156E-011, -1.134630E-013, 2.150400E+004 1.570926E+074 2.150400E+004, Wed Oct 07 22:40:50 2015
0.00, 1.80, 0.20, 1.80 , -6.509855E-005, 6.508090E-005, -3.427365E-011, -9.311440E-014, 2.150400E+004 1.570926E+074 2.150400E+004, Wed Oct 07 22:40:54 2015
-0.05, 1.80, 0.20, 1.80 , -6.518237E-005, 6.514770E-005, -3.418979E-011, -1.215930E-013, 2.150400E+004 1.570926E+074 2.150400E+004, Wed Oct 07 22:40:57 2015
-0.10, 1.80, 0.20, 1.80 , -6.524938E-005, 6.522220E-005, -3.305769E-011, -9.514090E-014, 2.150400E+004 1.570926E+074 2.150400E+004, Wed Oct 07 22:41:01 2015
-0.15, 1.80, 0.20, 1.80 , -6.533768E-005, 6.530900E-005, -3.473489E-011, -9.685750E-014, 2.150400E+004 1.570926E+074 2.150400E+004, Wed Oct 07 22:41:05 2015
-0.20, 1.80, 0.20, 1.80 , -6.541174E-005, 6.539350E-005, -3.318348E-011, -8.865600E-014, 2.150400E+004 1.570926E+074 2.150400E+004, Wed Oct 07 22:41:08 2015
