0.00, 1.80, 1.80, 1.80 , -4.520501E-011, 2.723810E-012, 4.256944E-012, -8.919240E-014, 2.150400E+004 1.570926E+074 2.150400E+004, Wed Oct 07 22:03:27 2015
0.00, 1.80, 1.78, 1.80 , -4.085835E-011, 3.552320E-012, -4.337766E-012, -9.806160E-014, 2.150400E+004 1.570926E+074 2.150400E+004, Wed Oct 07 22:03:34 2015
0.00, 1.80, 1.76, 1.80 , -3.819975E-011, 3.822020E-012, -8.194913E-012, -1.148100E-013, 2.150400E+004 1.570926E+074 2.150400E+004, Wed Oct 07 22:03:55 2015
0.00, 1.80, 1.74, 1.80 , -3.824196E-011, 4.192070E-012, -1.012347E-011, -1.225710E-013, 2.150400E+004 1.570926E+074 2.150400E+004, Wed Oct 07 22:04:01 2015
0.00, 1.80, 1.72, 1.80 , -3.697594E-011, 4.571370E-012, -1.456757E-011, -9.310250E-014, 2.150400E+004 1.570926E+074 2.150400E+004, Wed Oct 07 22:04:05 2015
0.00, 1.80, 1.70, 1.80 , -3.587873E-011, 4.884860E-012, -1.289055E-011, -1.170520E-013, 2.150400E+004 1.570926E+074 2.150400E+004, Wed Oct 07 22:04:12 2015
0.00, 1.80, 1.68, 1.80 , -3.651171E-011, 5.470980E-012, -1.691539E-011, -1.140590E-013, 2.150400E+004 1.570926E+074 2.150400E+004, Wed Oct 07 22:04:18 2015
0.00, 1.80, 1.66, 1.80 , -3.841076E-011, 6.220820E-012, -1.494490E-011, -8.550880E-014, 2.150400E+004 1.570926E+074 2.150400E+004, Wed Oct 07 22:04:36 2015
0.00, 1.80, 1.64, 1.80 , -3.955019E-011, 8.455570E-012, -1.519645E-011, -9.725090E-014, 2.150400E+004 1.570926E+074 2.150400E+004, Wed Oct 07 22:04:44 2015
0.00, 1.80, 1.62, 1.80 , -4.372800E-011, 1.286630E-011, -1.477720E-011, -1.157400E-013, 2.150400E+004 1.570926E+074 2.150400E+004, Wed Oct 07 22:04:51 2015
0.00, 1.80, 1.60, 1.80 , -5.208364E-011, 2.183180E-011, -2.031135E-011, -1.030330E-013, 2.150400E+004 1.570926E+074 2.150400E+004, Wed Oct 07 22:04:56 2015
0.00, 1.80, 1.58, 1.80 , -7.086279E-011, 4.024090E-011, -2.102408E-011, -1.008390E-013, 2.150400E+004 1.570926E+074 2.150400E+004, Wed Oct 07 22:05:02 2015
0.00, 1.80, 1.56, 1.80 , -1.078724E-010, 7.856190E-011, -1.980825E-011, -9.020570E-014, 2.150400E+004 1.570926E+074 2.150400E+004, Wed Oct 07 22:05:07 2015
0.00, 1.80, 1.54, 1.80 , -1.880951E-010, 1.583730E-010, -1.997595E-011, -1.032230E-013, 2.150400E+004 1.570926E+074 2.150400E+004, Wed Oct 07 22:05:14 2015
0.00, 1.80, 1.52, 1.80 , -3.557565E-010, 3.225600E-010, -1.628651E-011, -1.088620E-013, 2.150400E+004 1.570926E+074 2.150400E+004, Wed Oct 07 22:05:18 2015
0.00, 1.80, 1.50, 1.80 , -6.934429E-010, 6.629510E-010, -2.362351E-011, -1.141910E-013, 2.150400E+004 1.570926E+074 2.150400E+004, Wed Oct 07 22:05:22 2015
0.00, 1.80, 1.48, 1.80 , -1.392407E-009, 1.362480E-009, -2.257532E-011, -9.263750E-014, 2.150400E+004 1.570926E+074 2.150400E+004, Wed Oct 07 22:05:27 2015
0.00, 1.80, 1.46, 1.80 , -2.814556E-009, 2.788080E-009, -2.366544E-011, -1.026750E-013, 2.150400E+004 1.570926E+074 2.150400E+004, Wed Oct 07 22:05:31 2015
0.00, 1.80, 1.44, 1.80 , -5.666113E-009, 5.640620E-009, -2.576193E-011, -1.038430E-013, 2.150400E+004 1.570926E+074 2.150400E+004, Wed Oct 07 22:05:34 2015
0.00, 1.80, 1.42, 1.80 , -1.121664E-008, 1.118690E-008, -2.517491E-011, -1.074080E-013, 2.150400E+004 1.570926E+074 2.150400E+004, Wed Oct 07 22:05:38 2015
0.00, 1.80, 1.40, 1.80 , -2.161177E-008, 2.158060E-008, -2.559421E-011, -1.120090E-013, 2.150400E+004 1.570926E+074 2.150400E+004, Wed Oct 07 22:05:42 2015
0.00, 1.80, 1.38, 1.80 , -3.961867E-008, 3.961320E-008, -2.513298E-011, -1.052380E-013, 2.150400E+004 1.570926E+074 2.150400E+004, Wed Oct 07 22:05:45 2015
0.00, 1.80, 1.36, 1.80 , -6.973601E-008, 6.969370E-008, -2.760683E-011, -1.165870E-013, 2.150400E+004 1.570926E+074 2.150400E+004, Wed Oct 07 22:05:49 2015
0.00, 1.80, 1.34, 1.80 , -1.166307E-007, 1.165330E-007, -2.785840E-011, -1.000760E-013, 2.150400E+004 1.570926E+074 2.150400E+004, Wed Oct 07 22:05:52 2015
0.00, 1.80, 1.32, 1.80 , -1.857755E-007, 1.856680E-007, -2.718753E-011, -1.026390E-013, 2.150400E+004 1.570926E+074 2.150400E+004, Wed Oct 07 22:05:56 2015
0.00, 1.80, 1.30, 1.80 , -2.821732E-007, 2.821090E-007, -2.546842E-011, -9.344820E-014, 2.150400E+004 1.570926E+074 2.150400E+004, Wed Oct 07 22:05:59 2015
0.00, 1.80, 1.28, 1.80 , -4.103272E-007, 4.102210E-007, -2.718753E-011, -9.510520E-014, 2.150400E+004 1.570926E+074 2.150400E+004, Wed Oct 07 22:06:03 2015
0.00, 1.80, 1.26, 1.80 , -5.742812E-007, 5.743220E-007, -2.911629E-011, -1.177190E-013, 2.150400E+004 1.570926E+074 2.150400E+004, Wed Oct 07 22:06:07 2015
0.00, 1.80, 1.24, 1.80 , -7.766621E-007, 7.765420E-007, -2.815191E-011, -1.179700E-013, 2.150400E+004 1.570926E+074 2.150400E+004, Wed Oct 07 22:06:10 2015
0.00, 1.80, 1.22, 1.80 , -1.020792E-006, 1.020460E-006, -2.970331E-011, -1.182560E-013, 2.150400E+004 1.570926E+074 2.150400E+004, Wed Oct 07 22:06:14 2015
0.00, 1.80, 1.20, 1.80 , -1.307196E-006, 1.307180E-006, -2.810998E-011, -1.088500E-013, 2.150400E+004 1.570926E+074 2.150400E+004, Wed Oct 07 22:06:17 2015
0.00, 1.80, 1.18, 1.80 , -1.638662E-006, 1.638330E-006, -2.815191E-011, -1.119610E-013, 2.150400E+004 1.570926E+074 2.150400E+004, Wed Oct 07 22:06:21 2015
0.00, 1.80, 1.16, 1.80 , -2.014626E-006, 2.014510E-006, -3.049997E-011, -9.741780E-014, 2.150400E+004 1.570926E+074 2.150400E+004, Wed Oct 07 22:06:25 2015
0.00, 1.80, 1.14, 1.80 , -2.435657E-006, 2.435470E-006, -3.024839E-011, -9.025340E-014, 2.150400E+004 1.570926E+074 2.150400E+004, Wed Oct 07 22:06:28 2015
0.00, 1.80, 1.12, 1.80 , -2.904752E-006, 2.903970E-006, -2.865507E-011, -1.250620E-013, 2.150400E+004 1.570926E+074 2.150400E+004, Wed Oct 07 22:06:32 2015
0.00, 1.80, 1.10, 1.80 , -3.418177E-006, 3.418200E-006, -2.987103E-011, -1.110430E-013, 2.150400E+004 1.570926E+074 2.150400E+004, Wed Oct 07 22:06:35 2015
0.00, 1.80, 1.08, 1.80 , -3.981789E-006, 3.981830E-006, -3.133856E-011, -1.020070E-013, 2.150400E+004 1.570926E+074 2.150400E+004, Wed Oct 07 22:06:39 2015
0.00, 1.80, 1.06, 1.80 , -4.589494E-006, 4.588640E-006, -2.978717E-011, -9.666680E-014, 2.150400E+004 1.570926E+074 2.150400E+004, Wed Oct 07 22:06:42 2015
0.00, 1.80, 1.04, 1.80 , -5.239321E-006, 5.238750E-006, -2.882278E-011, -1.021740E-013, 2.150400E+004 1.570926E+074 2.150400E+004, Wed Oct 07 22:06:46 2015
0.00, 1.80, 1.02, 1.80 , -5.936501E-006, 5.936060E-006, -2.966137E-011, -1.168730E-013, 2.150400E+004 1.570926E+074 2.150400E+004, Wed Oct 07 22:06:49 2015
0.00, 1.80, 1.00, 1.80 , -6.677322E-006, 6.677000E-006, -2.936787E-011, -1.004820E-013, 2.150400E+004 1.570926E+074 2.150400E+004, Wed Oct 07 22:06:53 2015
0.00, 1.80, 0.98, 1.80 , -7.463884E-006, 7.462230E-006, -2.940981E-011, -1.178030E-013, 2.150400E+004 1.570926E+074 2.150400E+004, Wed Oct 07 22:06:56 2015
0.00, 1.80, 0.96, 1.80 , -8.287637E-006, 8.288130E-006, -3.121277E-011, -1.071100E-013, 2.150400E+004 1.570926E+074 2.150400E+004, Wed Oct 07 22:07:00 2015
0.00, 1.80, 0.94, 1.80 , -9.159446E-006, 9.158510E-006, -2.857121E-011, -1.300330E-013, 2.150400E+004 1.570926E+074 2.150400E+004, Wed Oct 07 22:07:04 2015
0.00, 1.80, 0.92, 1.80 , -1.006874E-005, 1.006200E-005, -3.268031E-011, -1.055960E-013, 2.150400E+004 1.570926E+074 2.150400E+004, Wed Oct 07 22:07:07 2015
0.00, 1.80, 0.90, 1.80 , -1.102552E-005, 1.101660E-005, -2.894857E-011, -1.103760E-013, 2.150400E+004 1.570926E+074 2.150400E+004, Wed Oct 07 22:07:11 2015
0.00, 1.80, 0.88, 1.80 , -1.201453E-005, 1.200930E-005, -3.054190E-011, -1.092670E-013, 2.150400E+004 1.570926E+074 2.150400E+004, Wed Oct 07 22:07:14 2015
0.00, 1.80, 0.86, 1.80 , -1.305259E-005, 1.304290E-005, -3.175786E-011, -1.209140E-013, 2.150400E+004 1.570926E+074 2.150400E+004, Wed Oct 07 22:07:18 2015
0.00, 1.80, 0.84, 1.80 , -1.412455E-005, 1.411690E-005, -3.167400E-011, -1.019840E-013, 2.150400E+004 1.570926E+074 2.150400E+004, Wed Oct 07 22:07:21 2015
0.00, 1.80, 0.82, 1.80 , -1.523938E-005, 1.523070E-005, -3.301575E-011, -9.666680E-014, 2.150400E+004 1.570926E+074 2.150400E+004, Wed Oct 07 22:07:25 2015
0.00, 1.80, 0.80, 1.80 , -1.638778E-005, 1.637870E-005, -3.041611E-011, -1.119850E-013, 2.150400E+004 1.570926E+074 2.150400E+004, Wed Oct 07 22:07:29 2015
0.00, 1.80, 0.78, 1.80 , -1.757375E-005, 1.756790E-005, -3.037418E-011, -1.263380E-013, 2.150400E+004 1.570926E+074 2.150400E+004, Wed Oct 07 22:07:32 2015
0.00, 1.80, 0.76, 1.80 , -1.879636E-005, 1.878930E-005, -3.175786E-011, -1.099230E-013, 2.150400E+004 1.570926E+074 2.150400E+004, Wed Oct 07 22:07:36 2015
0.00, 1.80, 0.74, 1.80 , -2.005441E-005, 2.004320E-005, -3.096120E-011, -1.117110E-013, 2.150400E+004 1.570926E+074 2.150400E+004, Wed Oct 07 22:07:39 2015
0.00, 1.80, 0.72, 1.80 , -2.134748E-005, 2.134040E-005, -3.351890E-011, -1.053690E-013, 2.150400E+004 1.570926E+074 2.150400E+004, Wed Oct 07 22:07:43 2015
0.00, 1.80, 0.70, 1.80 , -2.266993E-005, 2.265980E-005, -3.209330E-011, -1.008510E-013, 2.150400E+004 1.570926E+074 2.150400E+004, Wed Oct 07 22:07:46 2015
0.00, 1.80, 0.68, 1.80 , -2.403214E-005, 2.402210E-005, -3.175786E-011, -1.028660E-013, 2.150400E+004 1.570926E+074 2.150400E+004, Wed Oct 07 22:07:50 2015
0.00, 1.80, 0.66, 1.80 , -2.541630E-005, 2.540650E-005, -3.343505E-011, -9.374620E-014, 2.150400E+004 1.570926E+074 2.150400E+004, Wed Oct 07 22:07:53 2015
0.00, 1.80, 0.64, 1.80 , -2.684115E-005, 2.683010E-005, -3.410592E-011, -1.175520E-013, 2.150400E+004 1.570926E+074 2.150400E+004, Wed Oct 07 22:07:57 2015
0.00, 1.80, 0.62, 1.80 , -2.829593E-005, 2.829170E-005, -3.268032E-011, -9.016990E-014, 2.150400E+004 1.570926E+074 2.150400E+004, Wed Oct 07 22:08:00 2015
0.00, 1.80, 0.60, 1.80 , -2.979000E-005, 2.977490E-005, -3.242872E-011, -1.244900E-013, 2.150400E+004 1.570926E+074 2.150400E+004, Wed Oct 07 22:08:04 2015
0.00, 1.80, 0.58, 1.80 , -3.130328E-005, 3.129430E-005, -3.087734E-011, -1.044870E-013, 2.150400E+004 1.570926E+074 2.150400E+004, Wed Oct 07 22:08:08 2015
0.00, 1.80, 0.56, 1.80 , -3.285595E-005, 3.284250E-005, -3.142243E-011, -1.178030E-013, 2.150400E+004 1.570926E+074 2.150400E+004, Wed Oct 07 22:08:11 2015
0.00, 1.80, 0.54, 1.80 , -3.441998E-005, 3.440690E-005, -3.318347E-011, -1.024010E-013, 2.150400E+004 1.570926E+074 2.150400E+004, Wed Oct 07 22:08:15 2015
0.00, 1.80, 0.52, 1.80 , -3.601294E-005, 3.600620E-005, -3.372855E-011, -1.243830E-013, 2.150400E+004 1.570926E+074 2.150400E+004, Wed Oct 07 22:08:18 2015
0.00, 1.80, 0.50, 1.80 , -3.766190E-005, 3.764820E-005, -3.427363E-011, -9.583240E-014, 2.150400E+004 1.570926E+074 2.150400E+004, Wed Oct 07 22:08:22 2015
0.00, 1.80, 0.48, 1.80 , -3.931556E-005, 3.930080E-005, -3.515416E-011, -9.959940E-014, 2.150400E+004 1.570926E+074 2.150400E+004, Wed Oct 07 22:08:25 2015
0.00, 1.80, 0.46, 1.80 , -4.100284E-005, 4.098720E-005, -3.368662E-011, -1.166460E-013, 2.150400E+004 1.570926E+074 2.150400E+004, Wed Oct 07 22:08:29 2015
0.00, 1.80, 0.44, 1.80 , -4.271868E-005, 4.269830E-005, -3.435750E-011, -1.188400E-013, 2.150400E+004 1.570926E+074 2.150400E+004, Wed Oct 07 22:08:32 2015
0.00, 1.80, 0.42, 1.80 , -4.444909E-005, 4.442860E-005, -3.293189E-011, -8.947850E-014, 2.150400E+004 1.570926E+074 2.150400E+004, Wed Oct 07 22:08:36 2015
0.00, 1.80, 0.40, 1.80 , -4.621417E-005, 4.619630E-005, -3.481872E-011, -1.024010E-013, 2.150400E+004 1.570926E+074 2.150400E+004, Wed Oct 07 22:08:39 2015
0.00, 1.80, 0.38, 1.80 , -4.800082E-005, 4.798650E-005, -3.439943E-011, -9.900330E-014, 2.150400E+004 1.570926E+074 2.150400E+004, Wed Oct 07 22:08:43 2015
0.00, 1.80, 0.36, 1.80 , -4.981040E-005, 4.979440E-005, -3.117085E-011, -1.071100E-013, 2.150400E+004 1.570926E+074 2.150400E+004, Wed Oct 07 22:08:47 2015
0.00, 1.80, 0.34, 1.80 , -5.163076E-005, 5.161680E-005, -3.477679E-011, -9.890790E-014, 2.150400E+004 1.570926E+074 2.150400E+004, Wed Oct 07 22:08:50 2015
0.00, 1.80, 0.32, 1.80 , -5.348440E-005, 5.346700E-005, -3.527994E-011, -1.138210E-013, 2.150400E+004 1.570926E+074 2.150400E+004, Wed Oct 07 22:08:54 2015
0.00, 1.80, 0.30, 1.80 , -5.535795E-005, 5.533950E-005, -3.444136E-011, -1.060610E-013, 2.150400E+004 1.570926E+074 2.150400E+004, Wed Oct 07 22:08:57 2015
0.00, 1.80, 0.28, 1.80 , -5.727360E-005, 5.726590E-005, -3.448329E-011, -1.126050E-013, 2.150400E+004 1.570926E+074 2.150400E+004, Wed Oct 07 22:09:01 2015
0.00, 1.80, 0.26, 1.80 , -5.921683E-005, 5.920410E-005, -3.616046E-011, -1.091240E-013, 2.150400E+004 1.570926E+074 2.150400E+004, Wed Oct 07 22:09:04 2015
0.00, 1.80, 0.24, 1.80 , -6.114835E-005, 6.113700E-005, -3.574118E-011, -1.068350E-013, 2.150400E+004 1.570926E+074 2.150400E+004, Wed Oct 07 22:09:08 2015
0.00, 1.80, 0.22, 1.80 , -6.311722E-005, 6.309930E-005, -3.578311E-011, -1.011250E-013, 2.150400E+004 1.570926E+074 2.150400E+004, Wed Oct 07 22:09:11 2015
0.00, 1.80, 0.20, 1.80 , -6.509574E-005, 6.509140E-005, -3.418978E-011, -9.313820E-014, 2.150400E+004 1.570926E+074 2.150400E+004, Wed Oct 07 22:09:15 2015
0.00, 1.80, 0.18, 1.80 , -6.711279E-005, 6.709360E-005, -3.448329E-011, -1.095290E-013, 2.150400E+004 1.570926E+074 2.150400E+004, Wed Oct 07 22:09:19 2015
0.00, 1.80, 0.16, 1.80 , -6.915013E-005, 6.912390E-005, -3.620240E-011, -9.708410E-014, 2.150400E+004 1.570926E+074 2.150400E+004, Wed Oct 07 22:09:22 2015
0.00, 1.80, 0.14, 1.80 , -7.118603E-005, 7.115850E-005, -3.653784E-011, -1.178380E-013, 2.150400E+004 1.570926E+074 2.150400E+004, Wed Oct 07 22:09:26 2015
0.00, 1.80, 0.12, 1.80 , -7.324366E-005, 7.323370E-005, -3.645399E-011, -9.962320E-014, 2.150400E+004 1.570926E+074 2.150400E+004, Wed Oct 07 22:09:29 2015
0.00, 1.80, 0.10, 1.80 , -7.536374E-005, 7.531860E-005, -3.624433E-011, -1.047850E-013, 2.150400E+004 1.570926E+074 2.150400E+004, Wed Oct 07 22:09:33 2015
0.00, 1.80, 0.08, 1.80 , -7.745549E-005, 7.742860E-005, -3.720872E-011, -9.905100E-014, 2.150400E+004 1.570926E+074 2.150400E+004, Wed Oct 07 22:09:36 2015
0.00, 1.80, 0.06, 1.80 , -7.957450E-005, 7.954420E-005, -3.720872E-011, -1.092430E-013, 2.150400E+004 1.570926E+074 2.150400E+004, Wed Oct 07 22:09:40 2015
0.00, 1.80, 0.04, 1.80 , -8.171624E-005, 8.168160E-005, -3.766994E-011, -1.169440E-013, 2.150400E+004 1.570926E+074 2.150400E+004, Wed Oct 07 22:09:43 2015
0.00, 1.80, 0.02, 1.80 , -8.388267E-005, 8.385150E-005, -3.611855E-011, -1.134750E-013, 2.150400E+004 1.570926E+074 2.150400E+004, Wed Oct 07 22:09:47 2015
0.00, 1.80, 0.00, 1.80 , -8.604223E-005, 8.600790E-005, -3.548959E-011, -1.020550E-013, 2.150400E+004 1.570926E+074 2.150400E+004, Wed Oct 07 22:09:50 2015
0.00, 1.80, -0.02, 1.80 , -8.820301E-005, 8.820210E-005, -3.607662E-011, -1.170640E-013, 2.150400E+004 1.570926E+074 2.150400E+004, Wed Oct 07 22:09:54 2015
0.00, 1.80, -0.04, 1.80 , -9.043190E-005, 9.043310E-005, -3.804730E-011, -1.360420E-013, 2.150400E+004 1.570926E+074 2.150400E+004, Wed Oct 07 22:09:58 2015
0.00, 1.80, -0.06, 1.80 , -9.267640E-005, 9.264290E-005, -3.762801E-011, -1.064060E-013, 2.150400E+004 1.570926E+074 2.150400E+004, Wed Oct 07 22:10:01 2015
0.00, 1.80, -0.08, 1.80 , -9.487775E-005, 9.484860E-005, -3.750221E-011, -1.227500E-013, 2.150400E+004 1.570926E+074 2.150400E+004, Wed Oct 07 22:10:05 2015
0.00, 1.80, -0.10, 1.80 , -9.714425E-005, 9.711170E-005, -3.674749E-011, -1.048330E-013, 2.150400E+004 1.570926E+074 2.150400E+004, Wed Oct 07 22:10:08 2015
0.00, 1.80, -0.12, 1.80 , -9.939523E-005, 9.934530E-005, -3.876010E-011, -1.007680E-013, 2.150400E+004 1.570926E+074 2.150400E+004, Wed Oct 07 22:10:12 2015
0.00, 1.80, -0.14, 1.80 , -1.016607E-004, 1.016010E-004, -3.838275E-011, -9.915830E-014, 2.150400E+004 1.570926E+074 2.150400E+004, Wed Oct 07 22:10:15 2015
0.00, 1.80, -0.16, 1.80 , -1.039649E-004, 1.039310E-004, -3.943097E-011, -1.060250E-013, 2.150400E+004 1.570926E+074 2.150400E+004, Wed Oct 07 22:10:19 2015
0.00, 1.80, -0.18, 1.80 , -1.062309E-004, 1.062060E-004, -3.867624E-011, -1.015070E-013, 2.150400E+004 1.570926E+074 2.150400E+004, Wed Oct 07 22:10:23 2015
0.00, 1.80, -0.20, 1.80 , -1.085495E-004, 1.085340E-004, -3.842468E-011, -1.036410E-013, 2.150400E+004 1.570926E+074 2.150400E+004, Wed Oct 07 22:10:26 2015
