1.40, 1.80, 1.80, 1.80 , -2.786030E-011, 4.918790E-012, 6.153537E-005, -8.271930E-014, 2.150400E+004 1.570926E+074 2.150400E+004, Mon Oct 12 22:40:56 2015
1.40, 1.80, 1.78, 1.80 , -2.629889E-011, 5.297170E-012, 5.960792E-005, -8.161070E-014, 2.150400E+004 1.570926E+074 2.150400E+004, Mon Oct 12 22:41:10 2015
1.40, 1.80, 1.76, 1.80 , -2.984367E-011, 4.968480E-012, 5.770843E-005, -8.035900E-014, 2.150400E+004 1.570926E+074 2.150400E+004, Mon Oct 12 22:41:59 2015
1.40, 1.80, 1.74, 1.80 , -2.954826E-011, 4.990110E-012, 5.581522E-005, -8.072850E-014, 2.150400E+004 1.570926E+074 2.150400E+004, Mon Oct 12 22:42:14 2015
1.40, 1.80, 1.72, 1.80 , -2.857766E-011, 5.059300E-012, 5.393680E-005, -8.347030E-014, 2.150400E+004 1.570926E+074 2.150400E+004, Mon Oct 12 22:42:24 2015
1.40, 1.80, 1.70, 1.80 , -2.646771E-011, 5.332610E-012, 5.204490E-005, -6.995200E-014, 2.150400E+004 1.570926E+074 2.150400E+004, Mon Oct 12 22:42:31 2015
1.40, 1.80, 1.68, 1.80 , -2.748050E-011, 5.506170E-012, 5.014010E-005, -9.394880E-014, 2.150400E+004 1.570926E+074 2.150400E+004, Mon Oct 12 22:42:39 2015
1.40, 1.80, 1.66, 1.80 , -2.613009E-011, 5.237460E-012, 4.828331E-005, -9.570120E-014, 2.150400E+004 1.570926E+074 2.150400E+004, Mon Oct 12 22:42:48 2015
1.40, 1.80, 1.64, 1.80 , -2.866204E-011, 5.453280E-012, 4.637984E-005, -9.053950E-014, 2.150400E+004 1.570926E+074 2.150400E+004, Mon Oct 12 22:43:21 2015
1.40, 1.80, 1.62, 1.80 , -2.634108E-011, 5.525920E-012, 4.451847E-005, -7.603170E-014, 2.150400E+004 1.570926E+074 2.150400E+004, Mon Oct 12 22:43:46 2015
1.40, 1.80, 1.60, 1.80 , -2.807122E-011, 5.539570E-012, 4.264504E-005, -1.036170E-013, 2.150400E+004 1.570926E+074 2.150400E+004, Mon Oct 12 22:43:56 2015
1.40, 1.80, 1.58, 1.80 , -2.853544E-011, 5.399540E-012, 4.077509E-005, -9.169580E-014, 2.150400E+004 1.570926E+074 2.150400E+004, Mon Oct 12 22:44:15 2015
1.40, 1.80, 1.56, 1.80 , -2.984363E-011, 5.579350E-012, 3.892422E-005, -8.958580E-014, 2.150400E+004 1.570926E+074 2.150400E+004, Mon Oct 12 22:44:24 2015
1.40, 1.80, 1.54, 1.80 , -2.908405E-011, 5.518590E-012, 3.706326E-005, -9.195800E-014, 2.150400E+004 1.570926E+074 2.150400E+004, Mon Oct 12 22:44:31 2015
1.40, 1.80, 1.52, 1.80 , -2.537048E-011, 5.942270E-012, 3.521940E-005, -9.038450E-014, 2.150400E+004 1.570926E+074 2.150400E+004, Mon Oct 12 22:44:40 2015
1.40, 1.80, 1.50, 1.80 , -2.604566E-011, 5.651830E-012, 3.338701E-005, -9.489060E-014, 2.150400E+004 1.570926E+074 2.150400E+004, Mon Oct 12 22:44:56 2015
1.40, 1.80, 1.48, 1.80 , -2.802909E-011, 5.744740E-012, 3.154978E-005, -9.379390E-014, 2.150400E+004 1.570926E+074 2.150400E+004, Mon Oct 12 22:45:07 2015
1.40, 1.80, 1.46, 1.80 , -2.870428E-011, 5.881430E-012, 2.973418E-005, -9.183880E-014, 2.150400E+004 1.570926E+074 2.150400E+004, Mon Oct 12 22:45:12 2015
1.40, 1.80, 1.44, 1.80 , -2.777586E-011, 5.811250E-012, 2.790033E-005, -8.172990E-014, 2.150400E+004 1.570926E+074 2.150400E+004, Mon Oct 12 22:45:26 2015
1.40, 1.80, 1.42, 1.80 , -2.688963E-011, 6.035950E-012, 2.608956E-005, -8.250470E-014, 2.150400E+004 1.570926E+074 2.150400E+004, Mon Oct 12 22:46:20 2015
1.40, 1.80, 1.40, 1.80 , -2.663647E-011, 6.243970E-012, 2.427331E-005, -6.353860E-014, 2.150400E+004 1.570926E+074 2.150400E+004, Mon Oct 12 22:46:25 2015
1.40, 1.80, 1.38, 1.80 , -2.684748E-011, 6.179510E-012, 2.245972E-005, -8.825060E-014, 2.150400E+004 1.570926E+074 2.150400E+004, Mon Oct 12 22:46:31 2015
1.40, 1.80, 1.36, 1.80 , -2.659427E-011, 6.441720E-012, 2.064488E-005, -8.001330E-014, 2.150400E+004 1.570926E+074 2.150400E+004, Mon Oct 12 22:46:38 2015
1.40, 1.80, 1.34, 1.80 , -2.697408E-011, 6.376980E-012, 1.883149E-005, -8.475780E-014, 2.150400E+004 1.570926E+074 2.150400E+004, Mon Oct 12 22:46:52 2015
1.40, 1.80, 1.32, 1.80 , -2.659429E-011, 6.421860E-012, 1.703312E-005, -9.334090E-014, 2.150400E+004 1.570926E+074 2.150400E+004, Mon Oct 12 22:47:09 2015
1.40, 1.80, 1.30, 1.80 , -2.815568E-011, 6.424900E-012, 1.523974E-005, -7.398130E-014, 2.150400E+004 1.570926E+074 2.150400E+004, Mon Oct 12 22:47:27 2015
1.40, 1.80, 1.28, 1.80 , -2.659427E-011, 6.328080E-012, 1.345422E-005, -9.593960E-014, 2.150400E+004 1.570926E+074 2.150400E+004, Mon Oct 12 22:47:54 2015
1.40, 1.80, 1.26, 1.80 , -2.524390E-011, 6.351320E-012, 1.167063E-005, -9.623770E-014, 2.150400E+004 1.570926E+074 2.150400E+004, Mon Oct 12 22:48:06 2015
1.40, 1.80, 1.24, 1.80 , -2.684748E-011, 7.045110E-012, 3.213558E-011, -7.309910E-014, 2.150400E+004 1.570926E+074 2.150400E+004, Mon Oct 12 22:48:18 2015
1.40, 1.80, 1.22, 1.80 , -2.781807E-011, 8.635740E-012, -1.834101E-011, -7.251500E-014, 2.150400E+004 1.570926E+074 2.150400E+004, Mon Oct 12 22:48:23 2015
1.40, 1.80, 1.20, 1.80 , -3.680658E-011, 2.027310E-011, -2.613919E-011, -7.711650E-014, 2.150400E+004 1.570926E+074 2.150400E+004, Mon Oct 12 22:48:32 2015
1.40, 1.80, 1.18, 1.80 , -3.360439E-010, 3.175570E-010, -2.957731E-011, -8.038280E-014, 2.150400E+004 1.570926E+074 2.150400E+004, Mon Oct 12 22:48:38 2015
1.40, 1.80, 1.16, 1.80 , -3.606051E-009, 3.617620E-009, -2.869681E-011, -8.759500E-014, 2.150400E+004 1.570926E+074 2.150400E+004, Mon Oct 12 22:48:43 2015
1.40, 1.80, 1.14, 1.80 , -1.981658E-008, 1.972200E-008, -3.477642E-011, -9.452110E-014, 2.150400E+004 1.570926E+074 2.150400E+004, Mon Oct 12 22:48:46 2015
1.40, 1.80, 1.12, 1.80 , -6.170481E-008, 6.177210E-008, -3.138022E-011, -9.940860E-014, 2.150400E+004 1.570926E+074 2.150400E+004, Mon Oct 12 22:48:50 2015
1.40, 1.80, 1.10, 1.80 , -1.426108E-007, 1.425590E-007, -3.276385E-011, -1.018050E-013, 2.150400E+004 1.570926E+074 2.150400E+004, Mon Oct 12 22:48:54 2015
1.40, 1.80, 1.08, 1.80 , -2.777085E-007, 2.780590E-007, -3.217686E-011, -1.102920E-013, 2.150400E+004 1.570926E+074 2.150400E+004, Mon Oct 12 22:48:57 2015
1.40, 1.80, 1.06, 1.80 , -4.775356E-007, 4.774920E-007, -3.221879E-011, -9.638070E-014, 2.150400E+004 1.570926E+074 2.150400E+004, Mon Oct 12 22:49:01 2015
1.40, 1.80, 1.04, 1.80 , -7.563031E-007, 7.567970E-007, -3.175758E-011, -7.641320E-014, 2.150400E+004 1.570926E+074 2.150400E+004, Mon Oct 12 22:49:04 2015
1.40, 1.80, 1.02, 1.80 , -1.137407E-006, 1.138550E-006, -3.423134E-011, -7.003550E-014, 2.150400E+004 1.570926E+074 2.150400E+004, Mon Oct 12 22:49:08 2015
1.40, 1.80, 1.00, 1.80 , -1.619415E-006, 1.620610E-006, -3.163179E-011, -7.357600E-014, 2.150400E+004 1.570926E+074 2.150400E+004, Mon Oct 12 22:49:11 2015
1.40, 1.80, 0.98, 1.80 , -2.215060E-006, 2.215960E-006, -3.448292E-011, -9.255410E-014, 2.150400E+004 1.570926E+074 2.150400E+004, Mon Oct 12 22:49:15 2015
1.40, 1.80, 0.96, 1.80 , -2.932081E-006, 2.933280E-006, -3.397977E-011, -8.977650E-014, 2.150400E+004 1.570926E+074 2.150400E+004, Mon Oct 12 22:49:19 2015
1.40, 1.80, 0.94, 1.80 , -3.769436E-006, 3.771330E-006, -3.305735E-011, -8.913280E-014, 2.150400E+004 1.570926E+074 2.150400E+004, Mon Oct 12 22:49:22 2015
1.40, 1.80, 0.92, 1.80 , -4.714028E-006, 4.716510E-006, -3.230264E-011, -9.438990E-014, 2.150400E+004 1.570926E+074 2.150400E+004, Mon Oct 12 22:49:26 2015
1.40, 1.80, 0.90, 1.80 , -5.751985E-006, 5.752710E-006, -3.288964E-011, -8.775000E-014, 2.150400E+004 1.570926E+074 2.150400E+004, Mon Oct 12 22:49:29 2015
1.40, 1.80, 0.88, 1.80 , -6.857029E-006, 6.859340E-006, -3.377013E-011, -8.627180E-014, 2.150400E+004 1.570926E+074 2.150400E+004, Mon Oct 12 22:49:33 2015
1.40, 1.80, 0.86, 1.80 , -8.012608E-006, 8.013500E-006, -3.527955E-011, -8.186100E-014, 2.150400E+004 1.570926E+074 2.150400E+004, Mon Oct 12 22:49:36 2015
1.40, 1.80, 0.84, 1.80 , -9.193944E-006, 9.194270E-006, -3.527954E-011, -1.002310E-013, 2.150400E+004 1.570926E+074 2.150400E+004, Mon Oct 12 22:49:40 2015
1.40, 1.80, 0.82, 1.80 , -1.038849E-005, 1.038730E-005, -3.288964E-011, -9.493830E-014, 2.150400E+004 1.570926E+074 2.150400E+004, Mon Oct 12 22:49:43 2015
1.40, 1.80, 0.80, 1.80 , -1.158394E-005, 1.157880E-005, -3.662126E-011, -7.762910E-014, 2.150400E+004 1.570926E+074 2.150400E+004, Mon Oct 12 22:49:47 2015
1.40, 1.80, 0.78, 1.80 , -1.275448E-005, 1.274780E-005, -3.339278E-011, -8.606910E-014, 2.150400E+004 1.570926E+074 2.150400E+004, Mon Oct 12 22:49:51 2015
1.40, 1.80, 0.76, 1.80 , -1.390707E-005, 1.390150E-005, -3.725018E-011, -8.903740E-014, 2.150400E+004 1.570926E+074 2.150400E+004, Mon Oct 12 22:49:54 2015
1.40, 1.80, 0.74, 1.80 , -1.503598E-005, 1.503120E-005, -3.603426E-011, -8.001330E-014, 2.150400E+004 1.570926E+074 2.150400E+004, Mon Oct 12 22:49:58 2015
1.40, 1.80, 0.72, 1.80 , -1.613663E-005, 1.613200E-005, -3.444098E-011, -1.002670E-013, 2.150400E+004 1.570926E+074 2.150400E+004, Mon Oct 12 22:50:01 2015
1.40, 1.80, 0.70, 1.80 , -1.720358E-005, 1.719880E-005, -3.410556E-011, -7.839200E-014, 2.150400E+004 1.570926E+074 2.150400E+004, Mon Oct 12 22:50:05 2015
1.40, 1.80, 0.68, 1.80 , -1.823426E-005, 1.822790E-005, -3.402170E-011, -1.050710E-013, 2.150400E+004 1.570926E+074 2.150400E+004, Mon Oct 12 22:50:08 2015
1.40, 1.80, 0.66, 1.80 , -1.922704E-005, 1.922140E-005, -3.481834E-011, -1.098040E-013, 2.150400E+004 1.570926E+074 2.150400E+004, Mon Oct 12 22:50:12 2015
1.40, 1.80, 0.64, 1.80 , -2.018426E-005, 2.017640E-005, -3.377014E-011, -8.707050E-014, 2.150400E+004 1.570926E+074 2.150400E+004, Mon Oct 12 22:50:15 2015
1.40, 1.80, 0.62, 1.80 , -2.110431E-005, 2.109820E-005, -3.377014E-011, -9.160040E-014, 2.150400E+004 1.570926E+074 2.150400E+004, Mon Oct 12 22:50:19 2015
1.40, 1.80, 0.60, 1.80 , -2.199024E-005, 2.198550E-005, -3.553112E-011, -8.963350E-014, 2.150400E+004 1.570926E+074 2.150400E+004, Mon Oct 12 22:50:22 2015
1.40, 1.80, 0.58, 1.80 , -2.285023E-005, 2.284460E-005, -3.532147E-011, -9.549860E-014, 2.150400E+004 1.570926E+074 2.150400E+004, Mon Oct 12 22:50:26 2015
1.40, 1.80, 0.56, 1.80 , -2.367677E-005, 2.367060E-005, -3.595040E-011, -9.279250E-014, 2.150400E+004 1.570926E+074 2.150400E+004, Mon Oct 12 22:50:30 2015
1.40, 1.80, 0.54, 1.80 , -2.447408E-005, 2.446760E-005, -3.406363E-011, -8.314850E-014, 2.150400E+004 1.570926E+074 2.150400E+004, Mon Oct 12 22:50:33 2015
1.40, 1.80, 0.52, 1.80 , -2.524313E-005, 2.523590E-005, -3.632774E-011, -1.038910E-013, 2.150400E+004 1.570926E+074 2.150400E+004, Mon Oct 12 22:50:37 2015
1.40, 1.80, 0.50, 1.80 , -2.598566E-005, 2.598000E-005, -3.733404E-011, -1.010060E-013, 2.150400E+004 1.570926E+074 2.150400E+004, Mon Oct 12 22:50:40 2015
1.40, 1.80, 0.48, 1.80 , -2.670242E-005, 2.669470E-005, -3.720825E-011, -1.067280E-013, 2.150400E+004 1.570926E+074 2.150400E+004, Mon Oct 12 22:50:44 2015
1.40, 1.80, 0.46, 1.80 , -2.739239E-005, 2.738500E-005, -3.796296E-011, -8.350610E-014, 2.150400E+004 1.570926E+074 2.150400E+004, Mon Oct 12 22:50:47 2015
1.40, 1.80, 0.44, 1.80 , -2.806025E-005, 2.805260E-005, -3.494413E-011, -9.440180E-014, 2.150400E+004 1.570926E+074 2.150400E+004, Mon Oct 12 22:50:51 2015
1.40, 1.80, 0.42, 1.80 , -2.870488E-005, 2.869850E-005, -3.561498E-011, -8.927580E-014, 2.150400E+004 1.570926E+074 2.150400E+004, Mon Oct 12 22:50:54 2015
1.40, 1.80, 0.40, 1.80 , -2.933119E-005, 2.932460E-005, -3.578269E-011, -8.621220E-014, 2.150400E+004 1.570926E+074 2.150400E+004, Mon Oct 12 22:50:58 2015
1.40, 1.80, 0.38, 1.80 , -2.992985E-005, 2.992330E-005, -3.465063E-011, -8.023980E-014, 2.150400E+004 1.570926E+074 2.150400E+004, Mon Oct 12 22:51:01 2015
1.40, 1.80, 0.36, 1.80 , -3.051347E-005, 3.050650E-005, -3.909502E-011, -8.000140E-014, 2.150400E+004 1.570926E+074 2.150400E+004, Mon Oct 12 22:51:05 2015
1.40, 1.80, 0.34, 1.80 , -3.107755E-005, 3.106950E-005, -3.498606E-011, -8.733270E-014, 2.150400E+004 1.570926E+074 2.150400E+004, Mon Oct 12 22:51:08 2015
1.40, 1.80, 0.32, 1.80 , -3.162188E-005, 3.161350E-005, -3.616005E-011, -8.338690E-014, 2.150400E+004 1.570926E+074 2.150400E+004, Mon Oct 12 22:51:12 2015
1.40, 1.80, 0.30, 1.80 , -3.215266E-005, 3.214370E-005, -3.699863E-011, -7.148980E-014, 2.150400E+004 1.570926E+074 2.150400E+004, Mon Oct 12 22:51:16 2015
1.40, 1.80, 0.28, 1.80 , -3.266774E-005, 3.265970E-005, -3.875961E-011, -8.820300E-014, 2.150400E+004 1.570926E+074 2.150400E+004, Mon Oct 12 22:51:19 2015
1.40, 1.80, 0.26, 1.80 , -3.316517E-005, 3.315610E-005, -4.123337E-011, -7.807020E-014, 2.150400E+004 1.570926E+074 2.150400E+004, Mon Oct 12 22:51:23 2015
1.40, 1.80, 0.24, 1.80 , -3.364701E-005, 3.363770E-005, -3.351857E-011, -1.037000E-013, 2.150400E+004 1.570926E+074 2.150400E+004, Mon Oct 12 22:51:26 2015
1.40, 1.80, 0.22, 1.80 , -3.411604E-005, 3.410920E-005, -3.775332E-011, -6.716250E-014, 2.150400E+004 1.570926E+074 2.150400E+004, Mon Oct 12 22:51:30 2015
1.40, 1.80, 0.20, 1.80 , -3.456809E-005, 3.456030E-005, -3.766947E-011, -8.234980E-014, 2.150400E+004 1.570926E+074 2.150400E+004, Mon Oct 12 22:51:33 2015
1.40, 1.80, 0.18, 1.80 , -3.501278E-005, 3.500470E-005, -3.947238E-011, -9.390120E-014, 2.150400E+004 1.570926E+074 2.150400E+004, Mon Oct 12 22:51:37 2015
1.40, 1.80, 0.16, 1.80 , -3.544183E-005, 3.543300E-005, -3.821455E-011, -7.497070E-014, 2.150400E+004 1.570926E+074 2.150400E+004, Mon Oct 12 22:51:40 2015
1.40, 1.80, 0.14, 1.80 , -3.586035E-005, 3.584860E-005, -3.867575E-011, -7.297990E-014, 2.150400E+004 1.570926E+074 2.150400E+004, Mon Oct 12 22:51:44 2015
1.40, 1.80, 0.12, 1.80 , -3.626415E-005, 3.625760E-005, -3.892731E-011, -7.382630E-014, 2.150400E+004 1.570926E+074 2.150400E+004, Mon Oct 12 22:51:47 2015
1.40, 1.80, 0.10, 1.80 , -3.665653E-005, 3.665000E-005, -4.081410E-011, -8.701090E-014, 2.150400E+004 1.570926E+074 2.150400E+004, Mon Oct 12 22:51:51 2015
1.40, 1.80, 0.08, 1.80 , -3.704140E-005, 3.703350E-005, -3.850803E-011, -9.520050E-014, 2.150400E+004 1.570926E+074 2.150400E+004, Mon Oct 12 22:51:55 2015
1.40, 1.80, 0.06, 1.80 , -3.741421E-005, 3.740380E-005, -3.880154E-011, -1.007560E-013, 2.150400E+004 1.570926E+074 2.150400E+004, Mon Oct 12 22:51:58 2015
1.40, 1.80, 0.04, 1.80 , -3.777204E-005, 3.776580E-005, -3.725019E-011, -8.386370E-014, 2.150400E+004 1.570926E+074 2.150400E+004, Mon Oct 12 22:52:02 2015
1.40, 1.80, 0.02, 1.80 , -3.812546E-005, 3.811650E-005, -3.829839E-011, -9.042020E-014, 2.150400E+004 1.570926E+074 2.150400E+004, Mon Oct 12 22:52:05 2015
1.40, 1.80, 0.00, 1.80 , -3.846777E-005, 3.845760E-005, -3.888538E-011, -6.827120E-014, 2.150400E+004 1.570926E+074 2.150400E+004, Mon Oct 12 22:52:09 2015
1.40, 1.80, -0.02, 1.80 , -3.880005E-005, 3.879350E-005, -3.943047E-011, -8.583070E-014, 2.150400E+004 1.570926E+074 2.150400E+004, Mon Oct 12 22:52:12 2015
1.40, 1.80, -0.04, 1.80 , -3.912898E-005, 3.912200E-005, -3.951430E-011, -9.884830E-014, 2.150400E+004 1.570926E+074 2.150400E+004, Mon Oct 12 22:52:16 2015
1.40, 1.80, -0.06, 1.80 , -3.944788E-005, 3.943790E-005, -3.846610E-011, -8.523460E-014, 2.150400E+004 1.570926E+074 2.150400E+004, Mon Oct 12 22:52:19 2015
1.40, 1.80, -0.08, 1.80 , -3.975906E-005, 3.974980E-005, -4.588742E-011, -8.844140E-014, 2.150400E+004 1.570926E+074 2.150400E+004, Mon Oct 12 22:52:23 2015
1.40, 1.80, -0.10, 1.80 , -4.006216E-005, 4.005340E-005, -4.073023E-011, -8.221860E-014, 2.150400E+004 1.570926E+074 2.150400E+004, Mon Oct 12 22:52:26 2015
1.40, 1.80, -0.12, 1.80 , -4.035734E-005, 4.034850E-005, -4.026902E-011, -7.719990E-014, 2.150400E+004 1.570926E+074 2.150400E+004, Mon Oct 12 22:52:30 2015
1.40, 1.80, -0.14, 1.80 , -4.065136E-005, 4.064150E-005, -3.888539E-011, -9.180310E-014, 2.150400E+004 1.570926E+074 2.150400E+004, Mon Oct 12 22:52:33 2015
1.40, 1.80, -0.16, 1.80 , -4.093379E-005, 4.092560E-005, -4.165265E-011, -9.889600E-014, 2.150400E+004 1.570926E+074 2.150400E+004, Mon Oct 12 22:52:37 2015
1.40, 1.80, -0.18, 1.80 , -4.121353E-005, 4.120630E-005, -4.156879E-011, -6.954670E-014, 2.150400E+004 1.570926E+074 2.150400E+004, Mon Oct 12 22:52:41 2015
1.40, 1.80, -0.20, 1.80 , -4.149000E-005, 4.148030E-005, -3.884346E-011, -8.617640E-014, 2.150400E+004 1.570926E+074 2.150400E+004, Mon Oct 12 22:52:44 2015
