1.80, 1.80, 1.00, 1.80 , 6.773933E-009, -6.747390E-009, -2.639077E-011, -1.014230E-013, 2.150400E+004 1.570926E+074 2.150400E+004, Tue Oct 13 00:32:31 2015
1.75, 1.80, 1.00, 1.80 , -1.283162E-007, 1.288320E-007, -3.263810E-011, -7.859470E-014, 2.150400E+004 1.570926E+074 2.150400E+004, Tue Oct 13 00:32:35 2015
1.70, 1.80, 1.00, 1.80 , -4.520946E-007, 4.528260E-007, -3.251232E-011, -1.182560E-013, 2.150400E+004 1.570926E+074 2.150400E+004, Tue Oct 13 00:32:39 2015
1.65, 1.80, 1.00, 1.80 , -8.859847E-007, 8.861400E-007, -3.330896E-011, -8.813140E-014, 2.150400E+004 1.570926E+074 2.150400E+004, Tue Oct 13 00:32:42 2015
1.60, 1.80, 1.00, 1.80 , -1.332412E-006, 1.333490E-006, -3.087711E-011, -9.529590E-014, 2.150400E+004 1.570926E+074 2.150400E+004, Tue Oct 13 00:32:46 2015
1.55, 1.80, 1.00, 1.80 , -1.716522E-006, 1.716330E-006, -3.293159E-011, -9.276870E-014, 2.150400E+004 1.570926E+074 2.150400E+004, Tue Oct 13 00:32:49 2015
1.50, 1.80, 1.00, 1.80 , -1.972416E-006, 1.972370E-006, -3.041590E-011, -8.939500E-014, 2.150400E+004 1.570926E+074 2.150400E+004, Tue Oct 13 00:32:53 2015
1.45, 1.80, 1.00, 1.80 , -2.106327E-006, 2.106160E-006, -2.907419E-011, -9.472370E-014, 2.150400E+004 1.570926E+074 2.150400E+004, Tue Oct 13 00:32:56 2015
1.40, 1.80, 1.00, 1.80 , -2.160486E-006, 2.162180E-006, -3.171568E-011, -7.867810E-014, 2.150400E+004 1.570926E+074 2.150400E+004, Tue Oct 13 00:33:00 2015
1.35, 1.80, 1.00, 1.80 , -2.191596E-006, 2.192980E-006, -2.894840E-011, -1.115320E-013, 2.150400E+004 1.570926E+074 2.150400E+004, Tue Oct 13 00:33:03 2015
1.30, 1.80, 1.00, 1.80 , -2.211581E-006, 2.211530E-006, -3.163182E-011, -1.050950E-013, 2.150400E+004 1.570926E+074 2.150400E+004, Tue Oct 13 00:33:07 2015
1.25, 1.80, 1.00, 1.80 , -2.226855E-006, 2.228210E-006, -3.171568E-011, -6.605390E-014, 2.150400E+004 1.570926E+074 2.150400E+004, Tue Oct 13 00:33:11 2015
1.20, 1.80, 1.00, 1.80 , -2.240317E-006, 2.240730E-006, -3.003854E-011, -1.129630E-013, 2.150400E+004 1.570926E+074 2.150400E+004, Tue Oct 13 00:33:14 2015
1.15, 1.80, 1.00, 1.80 , -2.254562E-006, 2.256060E-006, -3.477645E-011, -9.590390E-014, 2.150400E+004 1.570926E+074 2.150400E+004, Tue Oct 13 00:33:18 2015
1.10, 1.80, 1.00, 1.80 , -2.262825E-006, 2.264330E-006, -3.393788E-011, -9.144540E-014, 2.150400E+004 1.570926E+074 2.150400E+004, Tue Oct 13 00:33:21 2015
1.05, 1.80, 1.00, 1.80 , -2.270494E-006, 2.271940E-006, -3.230267E-011, -1.020550E-013, 2.150400E+004 1.570926E+074 2.150400E+004, Tue Oct 13 00:33:25 2015
1.00, 1.80, 1.00, 1.80 , -2.282978E-006, 2.281860E-006, -3.158989E-011, -1.067400E-013, 2.150400E+004 1.570926E+074 2.150400E+004, Tue Oct 13 00:33:28 2015
0.95, 1.80, 1.00, 1.80 , -2.289775E-006, 2.292590E-006, -3.255425E-011, -1.017450E-013, 2.150400E+004 1.570926E+074 2.150400E+004, Tue Oct 13 00:33:32 2015
0.90, 1.80, 1.00, 1.80 , -2.302583E-006, 2.302010E-006, -3.251231E-011, -9.211300E-014, 2.150400E+004 1.570926E+074 2.150400E+004, Tue Oct 13 00:33:35 2015
0.85, 1.80, 1.00, 1.80 , -2.309085E-006, 2.310280E-006, -3.368631E-011, -1.004220E-013, 2.150400E+004 1.570926E+074 2.150400E+004, Tue Oct 13 00:33:39 2015
0.80, 1.80, 1.00, 1.80 , -2.317890E-006, 2.317330E-006, -3.108675E-011, -9.454490E-014, 2.150400E+004 1.570926E+074 2.150400E+004, Tue Oct 13 00:33:42 2015
0.75, 1.80, 1.00, 1.80 , -2.329360E-006, 2.327700E-006, -3.288967E-011, -9.258990E-014, 2.150400E+004 1.570926E+074 2.150400E+004, Tue Oct 13 00:33:46 2015
0.70, 1.80, 1.00, 1.80 , -2.337655E-006, 2.337690E-006, -3.196725E-011, -1.123070E-013, 2.150400E+004 1.570926E+074 2.150400E+004, Tue Oct 13 00:33:50 2015
0.65, 1.80, 1.00, 1.80 , -2.358104E-006, 2.358630E-006, -3.054168E-011, -1.077770E-013, 2.150400E+004 1.570926E+074 2.150400E+004, Tue Oct 13 00:33:53 2015
0.60, 1.80, 1.00, 1.80 , -2.407376E-006, 2.412510E-006, -3.288967E-011, -1.086240E-013, 2.150400E+004 1.570926E+074 2.150400E+004, Tue Oct 13 00:33:57 2015
0.55, 1.80, 1.00, 1.80 , -2.487492E-006, 2.490900E-006, -3.171568E-011, -1.122000E-013, 2.150400E+004 1.570926E+074 2.150400E+004, Tue Oct 13 00:34:00 2015
0.50, 1.80, 1.00, 1.80 , -2.560229E-006, 2.564460E-006, -3.066747E-011, -9.615420E-014, 2.150400E+004 1.570926E+074 2.150400E+004, Tue Oct 13 00:34:04 2015
0.45, 1.80, 1.00, 1.80 , -2.683346E-006, 2.679280E-006, -3.171569E-011, -7.380250E-014, 2.150400E+004 1.570926E+074 2.150400E+004, Tue Oct 13 00:34:07 2015
0.40, 1.80, 1.00, 1.80 , -2.818373E-006, 2.814350E-006, -3.049976E-011, -8.891820E-014, 2.150400E+004 1.570926E+074 2.150400E+004, Tue Oct 13 00:34:11 2015
0.35, 1.80, 1.00, 1.80 , -2.947503E-006, 2.939830E-006, -3.129640E-011, -9.093280E-014, 2.150400E+004 1.570926E+074 2.150400E+004, Tue Oct 13 00:34:14 2015
0.30, 1.80, 1.00, 1.80 , -3.057988E-006, 3.054060E-006, -3.251232E-011, -9.262560E-014, 2.150400E+004 1.570926E+074 2.150400E+004, Tue Oct 13 00:34:18 2015
0.25, 1.80, 1.00, 1.80 , -3.160901E-006, 3.150240E-006, -3.020625E-011, -1.152990E-013, 2.150400E+004 1.570926E+074 2.150400E+004, Tue Oct 13 00:34:21 2015
0.20, 1.80, 1.00, 1.80 , -3.258711E-006, 3.272430E-006, -3.389595E-011, -9.511710E-014, 2.150400E+004 1.570926E+074 2.150400E+004, Tue Oct 13 00:34:25 2015
0.15, 1.80, 1.00, 1.80 , -3.386420E-006, 3.398440E-006, -2.949348E-011, -8.335110E-014, 2.150400E+004 1.570926E+074 2.150400E+004, Tue Oct 13 00:34:29 2015
0.10, 1.80, 1.00, 1.80 , -3.518159E-006, 3.522720E-006, -3.079325E-011, -8.565190E-014, 2.150400E+004 1.570926E+074 2.150400E+004, Tue Oct 13 00:34:32 2015
0.05, 1.80, 1.00, 1.80 , -3.675142E-006, 3.686520E-006, -3.423138E-011, -9.702440E-014, 2.150400E+004 1.570926E+074 2.150400E+004, Tue Oct 13 00:34:36 2015
0.00, 1.80, 1.00, 1.80 , -3.811594E-006, 3.812050E-006, -3.309932E-011, -1.009700E-013, 2.150400E+004 1.570926E+074 2.150400E+004, Tue Oct 13 00:34:39 2015
-0.05, 1.80, 1.00, 1.80 , -3.942163E-006, 3.943380E-006, -3.381210E-011, -9.934900E-014, 2.150400E+004 1.570926E+074 2.150400E+004, Tue Oct 13 00:34:43 2015
-0.10, 1.80, 1.00, 1.80 , -4.091787E-006, 4.090540E-006, -2.806791E-011, -8.734460E-014, 2.150400E+004 1.570926E+074 2.150400E+004, Tue Oct 13 00:34:46 2015
-0.15, 1.80, 1.00, 1.80 , -4.261003E-006, 4.262500E-006, -2.722934E-011, -1.037840E-013, 2.150400E+004 1.570926E+074 2.150400E+004, Tue Oct 13 00:34:50 2015
-0.20, 1.80, 1.00, 1.80 , -4.474739E-006, 4.467130E-006, -3.108675E-011, -9.493830E-014, 2.150400E+004 1.570926E+074 2.150400E+004, Tue Oct 13 00:34:53 2015
