1.75, 1.80, 1.80, 1.80 , -2.684751E-011, 6.002250E-012, 6.157412E-005, -8.168220E-014, 2.150400E+004 1.570926E+074 2.150400E+004, Mon Oct 12 22:11:46 2015
1.75, 1.80, 1.78, 1.80 , -2.439990E-011, 5.275810E-012, 5.962847E-005, 3.401040E-014, 2.150400E+004 1.570926E+074 2.150400E+004, Mon Oct 12 22:12:24 2015
1.75, 1.80, 1.76, 1.80 , -2.705849E-011, 5.280020E-012, 5.772842E-005, -8.374450E-014, 2.150400E+004 1.570926E+074 2.150400E+004, Mon Oct 12 22:12:47 2015
1.75, 1.80, 1.74, 1.80 , -2.600351E-011, 5.151670E-012, 5.583024E-005, -7.629390E-014, 2.150400E+004 1.570926E+074 2.150400E+004, Mon Oct 12 22:12:55 2015
1.75, 1.80, 1.72, 1.80 , -2.874646E-011, 5.316790E-012, 5.393980E-005, -9.524820E-014, 2.150400E+004 1.570926E+074 2.150400E+004, Mon Oct 12 22:13:12 2015
1.75, 1.80, 1.70, 1.80 , -2.726950E-011, 5.421500E-012, 5.203700E-005, -1.185420E-013, 2.150400E+004 1.570926E+074 2.150400E+004, Mon Oct 12 22:13:39 2015
1.75, 1.80, 1.68, 1.80 , -2.697411E-011, 5.146170E-012, 5.014171E-005, -1.112700E-013, 2.150400E+004 1.570926E+074 2.150400E+004, Mon Oct 12 22:13:52 2015
1.75, 1.80, 1.66, 1.80 , -2.659428E-011, 5.393600E-012, 4.829299E-005, -1.306650E-013, 2.150400E+004 1.570926E+074 2.150400E+004, Mon Oct 12 22:14:44 2015
1.75, 1.80, 1.64, 1.80 , -2.693188E-011, 5.493400E-012, 4.640285E-005, -1.034860E-013, 2.150400E+004 1.570926E+074 2.150400E+004, Mon Oct 12 22:14:59 2015
1.75, 1.80, 1.62, 1.80 , -2.676309E-011, 5.281110E-012, 4.449133E-005, -3.251910E-013, 2.150400E+004 1.570926E+074 2.150400E+004, Mon Oct 12 22:15:46 2015
1.75, 1.80, 1.60, 1.80 , -2.431554E-011, 5.589270E-012, 4.263233E-005, -1.423720E-013, 2.150400E+004 1.570926E+074 2.150400E+004, Mon Oct 12 22:15:53 2015
1.75, 1.80, 1.58, 1.80 , -2.878869E-011, 5.571700E-012, 4.079608E-005, -1.351360E-013, 2.150400E+004 1.570926E+074 2.150400E+004, Mon Oct 12 22:16:27 2015
1.75, 1.80, 1.56, 1.80 , -2.937946E-011, 5.442190E-012, 3.893714E-005, -1.871710E-013, 2.150400E+004 1.570926E+074 2.150400E+004, Mon Oct 12 22:16:36 2015
1.75, 1.80, 1.54, 1.80 , -2.448431E-011, 5.488100E-012, 3.709985E-005, -7.321830E-014, 2.150400E+004 1.570926E+074 2.150400E+004, Mon Oct 12 22:16:53 2015
1.75, 1.80, 1.52, 1.80 , -2.566592E-011, 5.467500E-012, 3.525546E-005, -1.215820E-013, 2.150400E+004 1.570926E+074 2.150400E+004, Mon Oct 12 22:17:01 2015
1.75, 1.80, 1.50, 1.80 , -2.520172E-011, 5.784090E-012, 3.341565E-005, -1.107570E-013, 2.150400E+004 1.570926E+074 2.150400E+004, Mon Oct 12 22:17:28 2015
1.75, 1.80, 1.48, 1.80 , -2.587690E-011, 5.576660E-012, 3.155185E-005, -6.597040E-014, 2.150400E+004 1.570926E+074 2.150400E+004, Mon Oct 12 22:17:48 2015
1.75, 1.80, 1.46, 1.80 , -2.587689E-011, 5.785010E-012, 2.973609E-005, -9.424690E-014, 2.150400E+004 1.570926E+074 2.150400E+004, Mon Oct 12 22:17:54 2015
1.75, 1.80, 1.44, 1.80 , -2.621447E-011, 5.739810E-012, 2.791572E-005, -1.048680E-013, 2.150400E+004 1.570926E+074 2.150400E+004, Mon Oct 12 22:18:48 2015
1.75, 1.80, 1.42, 1.80 , -2.490630E-011, 5.932400E-012, 2.609188E-005, -8.490090E-014, 2.150400E+004 1.570926E+074 2.150400E+004, Mon Oct 12 22:18:57 2015
1.75, 1.80, 1.40, 1.80 , -2.731167E-011, 5.722260E-012, 2.426903E-005, -7.547140E-014, 2.150400E+004 1.570926E+074 2.150400E+004, Mon Oct 12 22:19:22 2015
1.75, 1.80, 1.38, 1.80 , -2.309173E-011, 5.893960E-012, 2.246330E-005, -9.154080E-014, 2.150400E+004 1.570926E+074 2.150400E+004, Mon Oct 12 22:19:33 2015
1.75, 1.80, 1.36, 1.80 , -2.587690E-011, 5.881040E-012, 2.064353E-005, -1.036050E-013, 2.150400E+004 1.570926E+074 2.150400E+004, Mon Oct 12 22:19:44 2015
1.75, 1.80, 1.34, 1.80 , -2.659429E-011, 6.168460E-012, 1.883580E-005, -9.239910E-014, 2.150400E+004 1.570926E+074 2.150400E+004, Mon Oct 12 22:20:06 2015
1.75, 1.80, 1.32, 1.80 , -2.667867E-011, 6.127950E-012, 1.703546E-005, -1.067640E-013, 2.150400E+004 1.570926E+074 2.150400E+004, Mon Oct 12 22:20:12 2015
1.75, 1.80, 1.30, 1.80 , -2.591907E-011, 5.872260E-012, 1.522972E-005, -8.729700E-014, 2.150400E+004 1.570926E+074 2.150400E+004, Mon Oct 12 22:20:55 2015
1.75, 1.80, 1.28, 1.80 , -2.397790E-011, 5.214830E-012, 1.343981E-005, -6.947520E-014, 2.150400E+004 1.570926E+074 2.150400E+004, Mon Oct 12 22:21:30 2015
1.75, 1.80, 1.26, 1.80 , -2.292293E-011, 2.431940E-012, 1.166218E-005, -9.993320E-014, 2.150400E+004 1.570926E+074 2.150400E+004, Mon Oct 12 22:21:52 2015
1.75, 1.80, 1.24, 1.80 , -9.798820E-012, -4.934560E-012, 6.366248E-011, -9.627340E-014, 2.150400E+004 1.570926E+074 2.150400E+004, Mon Oct 12 22:22:36 2015
1.75, 1.80, 1.22, 1.80 , 1.046485E-012, -2.174040E-011, -2.425242E-011, -9.275670E-014, 2.150400E+004 1.570926E+074 2.150400E+004, Mon Oct 12 22:22:40 2015
1.75, 1.80, 1.20, 1.80 , 7.502571E-012, -3.051510E-011, -3.012238E-011, -7.678270E-014, 2.150400E+004 1.570926E+074 2.150400E+004, Mon Oct 12 22:22:47 2015
1.75, 1.80, 1.18, 1.80 , -2.812691E-010, 2.667100E-010, -3.301543E-011, -8.566380E-014, 2.150400E+004 1.570926E+074 2.150400E+004, Mon Oct 12 22:22:55 2015
1.75, 1.80, 1.16, 1.80 , -1.442435E-009, 1.460530E-009, -2.915803E-011, -1.055000E-013, 2.150400E+004 1.570926E+074 2.150400E+004, Mon Oct 12 22:23:02 2015
1.75, 1.80, 1.14, 1.80 , -5.465323E-009, 5.476970E-009, -3.465062E-011, -9.765630E-014, 2.150400E+004 1.570926E+074 2.150400E+004, Mon Oct 12 22:23:05 2015
1.75, 1.80, 1.12, 1.80 , -1.435015E-008, 1.445850E-008, -3.322507E-011, -8.391140E-014, 2.150400E+004 1.570926E+074 2.150400E+004, Mon Oct 12 22:23:09 2015
1.75, 1.80, 1.10, 1.80 , -2.906227E-008, 2.907750E-008, -3.288964E-011, -9.325740E-014, 2.150400E+004 1.570926E+074 2.150400E+004, Mon Oct 12 22:23:13 2015
1.75, 1.80, 1.08, 1.80 , -4.673114E-008, 4.679400E-008, -3.314120E-011, -1.031990E-013, 2.150400E+004 1.570926E+074 2.150400E+004, Mon Oct 12 22:23:16 2015
1.75, 1.80, 1.06, 1.80 , -6.625972E-008, 6.627680E-008, -3.439905E-011, -7.596020E-014, 2.150400E+004 1.570926E+074 2.150400E+004, Mon Oct 12 22:23:20 2015
1.75, 1.80, 1.04, 1.80 , -8.743802E-008, 8.752080E-008, -3.477641E-011, -7.587670E-014, 2.150400E+004 1.570926E+074 2.150400E+004, Mon Oct 12 22:23:23 2015
1.75, 1.80, 1.02, 1.80 , -1.065231E-007, 1.068490E-007, -3.439906E-011, -1.032230E-013, 2.150400E+004 1.570926E+074 2.150400E+004, Mon Oct 12 22:23:27 2015
1.75, 1.80, 1.00, 1.80 , -1.229623E-007, 1.230180E-007, -3.385399E-011, -9.268520E-014, 2.150400E+004 1.570926E+074 2.150400E+004, Mon Oct 12 22:23:31 2015
1.75, 1.80, 0.98, 1.80 , -1.405357E-007, 1.408330E-007, -3.267999E-011, -1.150370E-013, 2.150400E+004 1.570926E+074 2.150400E+004, Mon Oct 12 22:23:34 2015
1.75, 1.80, 0.96, 1.80 , -1.567116E-007, 1.569180E-007, -3.502798E-011, -8.022790E-014, 2.150400E+004 1.570926E+074 2.150400E+004, Mon Oct 12 22:23:38 2015
1.75, 1.80, 0.94, 1.80 , -1.730304E-007, 1.733450E-007, -3.448292E-011, -1.072530E-013, 2.150400E+004 1.570926E+074 2.150400E+004, Mon Oct 12 22:23:41 2015
1.75, 1.80, 0.92, 1.80 , -1.881667E-007, 1.883930E-007, -3.502798E-011, -1.164080E-013, 2.150400E+004 1.570926E+074 2.150400E+004, Mon Oct 12 22:23:45 2015
1.75, 1.80, 0.90, 1.80 , -2.015797E-007, 2.016950E-007, -3.540534E-011, -6.545780E-014, 2.150400E+004 1.570926E+074 2.150400E+004, Mon Oct 12 22:23:48 2015
1.75, 1.80, 0.88, 1.80 , -2.142585E-007, 2.143150E-007, -3.645354E-011, -7.525680E-014, 2.150400E+004 1.570926E+074 2.150400E+004, Mon Oct 12 22:23:52 2015
1.75, 1.80, 0.86, 1.80 , -2.264445E-007, 2.266490E-007, -3.284771E-011, -8.504390E-014, 2.150400E+004 1.570926E+074 2.150400E+004, Mon Oct 12 22:23:55 2015
1.75, 1.80, 0.84, 1.80 , -2.385781E-007, 2.386820E-007, -3.687281E-011, -6.916520E-014, 2.150400E+004 1.570926E+074 2.150400E+004, Mon Oct 12 22:23:59 2015
1.75, 1.80, 0.82, 1.80 , -2.493263E-007, 2.494150E-007, -3.393784E-011, -7.586480E-014, 2.150400E+004 1.570926E+074 2.150400E+004, Mon Oct 12 22:24:03 2015
1.75, 1.80, 0.80, 1.80 , -2.588567E-007, 2.593980E-007, -3.494413E-011, -8.834600E-014, 2.150400E+004 1.570926E+074 2.150400E+004, Mon Oct 12 22:24:06 2015
1.75, 1.80, 0.78, 1.80 , -2.684811E-007, 2.686240E-007, -3.460870E-011, -9.859800E-014, 2.150400E+004 1.570926E+074 2.150400E+004, Mon Oct 12 22:24:11 2015
1.75, 1.80, 0.76, 1.80 , -2.787436E-007, 2.788630E-007, -3.611812E-011, -7.311110E-014, 2.150400E+004 1.570926E+074 2.150400E+004, Mon Oct 12 22:24:15 2015
1.75, 1.80, 0.74, 1.80 , -2.888548E-007, 2.891940E-007, -3.553112E-011, -8.736850E-014, 2.150400E+004 1.570926E+074 2.150400E+004, Mon Oct 12 22:24:18 2015
1.75, 1.80, 0.72, 1.80 , -2.967858E-007, 2.973360E-007, -3.620197E-011, -8.192060E-014, 2.150400E+004 1.570926E+074 2.150400E+004, Mon Oct 12 22:24:22 2015
1.75, 1.80, 0.70, 1.80 , -3.046430E-007, 3.049380E-007, -3.494413E-011, -7.958410E-014, 2.150400E+004 1.570926E+074 2.150400E+004, Mon Oct 12 22:24:25 2015
1.75, 1.80, 0.68, 1.80 , -3.117437E-007, 3.121680E-007, -3.515375E-011, -7.824900E-014, 2.150400E+004 1.570926E+074 2.150400E+004, Mon Oct 12 22:24:29 2015
1.75, 1.80, 0.66, 1.80 , -3.187668E-007, 3.191690E-007, -3.255421E-011, -9.697680E-014, 2.150400E+004 1.570926E+074 2.150400E+004, Mon Oct 12 22:24:33 2015
1.75, 1.80, 0.64, 1.80 , -3.253750E-007, 3.259360E-007, -3.636968E-011, -9.524820E-014, 2.150400E+004 1.570926E+074 2.150400E+004, Mon Oct 12 22:24:36 2015
1.75, 1.80, 0.62, 1.80 , -3.327833E-007, 3.330600E-007, -3.448291E-011, -8.836980E-014, 2.150400E+004 1.570926E+074 2.150400E+004, Mon Oct 12 22:24:40 2015
1.75, 1.80, 0.60, 1.80 , -3.396253E-007, 3.395820E-007, -3.565691E-011, -9.738210E-014, 2.150400E+004 1.570926E+074 2.150400E+004, Mon Oct 12 22:24:43 2015
1.75, 1.80, 0.58, 1.80 , -3.452706E-007, 3.456890E-007, -3.729211E-011, -1.170400E-013, 2.150400E+004 1.570926E+074 2.150400E+004, Mon Oct 12 22:24:47 2015
1.75, 1.80, 0.56, 1.80 , -3.504541E-007, 3.505420E-007, -3.699861E-011, -9.728670E-014, 2.150400E+004 1.570926E+074 2.150400E+004, Mon Oct 12 22:24:50 2015
1.75, 1.80, 0.54, 1.80 , -3.553808E-007, 3.554880E-007, -4.018515E-011, -1.067880E-013, 2.150400E+004 1.570926E+074 2.150400E+004, Mon Oct 12 22:24:54 2015
1.75, 1.80, 0.52, 1.80 , -3.598334E-007, 3.600920E-007, -3.586654E-011, -1.052380E-013, 2.150400E+004 1.570926E+074 2.150400E+004, Mon Oct 12 22:24:57 2015
1.75, 1.80, 0.50, 1.80 , -3.655282E-007, 3.653400E-007, -3.771139E-011, -7.631780E-014, 2.150400E+004 1.570926E+074 2.150400E+004, Mon Oct 12 22:25:01 2015
1.75, 1.80, 0.48, 1.80 , -3.703988E-007, 3.708350E-007, -3.984973E-011, -8.800030E-014, 2.150400E+004 1.570926E+074 2.150400E+004, Mon Oct 12 22:25:05 2015
1.75, 1.80, 0.46, 1.80 , -3.751254E-007, 3.755400E-007, -3.817260E-011, -8.226630E-014, 2.150400E+004 1.570926E+074 2.150400E+004, Mon Oct 12 22:25:08 2015
1.75, 1.80, 0.44, 1.80 , -3.796269E-007, 3.801060E-007, -3.892730E-011, -7.766490E-014, 2.150400E+004 1.570926E+074 2.150400E+004, Mon Oct 12 22:25:12 2015
1.75, 1.80, 0.42, 1.80 , -3.838069E-007, 3.840810E-007, -3.666319E-011, -1.047370E-013, 2.150400E+004 1.570926E+074 2.150400E+004, Mon Oct 12 22:25:15 2015
1.75, 1.80, 0.40, 1.80 , -3.873869E-007, 3.874310E-007, -3.783716E-011, -9.698870E-014, 2.150400E+004 1.570926E+074 2.150400E+004, Mon Oct 12 22:25:19 2015
1.75, 1.80, 0.38, 1.80 , -3.906258E-007, 3.911000E-007, -3.603426E-011, -9.180310E-014, 2.150400E+004 1.570926E+074 2.150400E+004, Mon Oct 12 22:25:22 2015
1.75, 1.80, 0.36, 1.80 , -3.937982E-007, 3.939050E-007, -3.653741E-011, -9.974240E-014, 2.150400E+004 1.570926E+074 2.150400E+004, Mon Oct 12 22:25:26 2015
1.75, 1.80, 0.34, 1.80 , -3.973620E-007, 3.976890E-007, -3.641161E-011, -8.792880E-014, 2.150400E+004 1.570926E+074 2.150400E+004, Mon Oct 12 22:25:29 2015
1.75, 1.80, 0.32, 1.80 , -4.007750E-007, 4.012580E-007, -3.586654E-011, -1.099230E-013, 2.150400E+004 1.570926E+074 2.150400E+004, Mon Oct 12 22:25:33 2015
1.75, 1.80, 0.30, 1.80 , -4.038871E-007, 4.047290E-007, -3.808874E-011, -1.127720E-013, 2.150400E+004 1.570926E+074 2.150400E+004, Mon Oct 12 22:25:37 2015
1.75, 1.80, 0.28, 1.80 , -4.073335E-007, 4.079510E-007, -4.135916E-011, -8.834600E-014, 2.150400E+004 1.570926E+074 2.150400E+004, Mon Oct 12 22:25:40 2015
1.75, 1.80, 0.26, 1.80 , -4.106386E-007, 4.112480E-007, -3.867572E-011, -1.032830E-013, 2.150400E+004 1.570926E+074 2.150400E+004, Mon Oct 12 22:25:44 2015
1.75, 1.80, 0.24, 1.80 , -4.152053E-007, 4.154730E-007, -4.018516E-011, -8.180140E-014, 2.150400E+004 1.570926E+074 2.150400E+004, Mon Oct 12 22:25:47 2015
1.75, 1.80, 0.22, 1.80 , -4.193697E-007, 4.201090E-007, -4.093987E-011, -1.149650E-013, 2.150400E+004 1.570926E+074 2.150400E+004, Mon Oct 12 22:25:51 2015
1.75, 1.80, 0.20, 1.80 , -4.248809E-007, 4.251570E-007, -3.922080E-011, -9.758470E-014, 2.150400E+004 1.570926E+074 2.150400E+004, Mon Oct 12 22:25:54 2015
1.75, 1.80, 0.18, 1.80 , -4.301822E-007, 4.301460E-007, -4.089794E-011, -8.858440E-014, 2.150400E+004 1.570926E+074 2.150400E+004, Mon Oct 12 22:25:58 2015
1.75, 1.80, 0.16, 1.80 , -4.347892E-007, 4.349260E-007, -3.968202E-011, -8.895400E-014, 2.150400E+004 1.570926E+074 2.150400E+004, Mon Oct 12 22:26:01 2015
1.75, 1.80, 0.14, 1.80 , -4.397808E-007, 4.403990E-007, -3.850803E-011, -9.403230E-014, 2.150400E+004 1.570926E+074 2.150400E+004, Mon Oct 12 22:26:05 2015
1.75, 1.80, 0.12, 1.80 , -4.447079E-007, 4.453210E-007, -4.152685E-011, -6.564860E-014, 2.150400E+004 1.570926E+074 2.150400E+004, Mon Oct 12 22:26:09 2015
1.75, 1.80, 0.10, 1.80 , -4.492826E-007, 4.493400E-007, -4.244928E-011, -1.114250E-013, 2.150400E+004 1.570926E+074 2.150400E+004, Mon Oct 12 22:26:12 2015
1.75, 1.80, 0.08, 1.80 , -4.543195E-007, 4.544280E-007, -4.228157E-011, -8.423330E-014, 2.150400E+004 1.570926E+074 2.150400E+004, Mon Oct 12 22:26:16 2015
1.75, 1.80, 0.06, 1.80 , -4.582664E-007, 4.587600E-007, -4.211386E-011, -9.744170E-014, 2.150400E+004 1.570926E+074 2.150400E+004, Mon Oct 12 22:26:19 2015
1.75, 1.80, 0.04, 1.80 , -4.622046E-007, 4.627520E-007, -4.253314E-011, -1.069070E-013, 2.150400E+004 1.570926E+074 2.150400E+004, Mon Oct 12 22:26:23 2015
1.75, 1.80, 0.02, 1.80 , -4.656082E-007, 4.663330E-007, -4.119143E-011, -8.794070E-014, 2.150400E+004 1.570926E+074 2.150400E+004, Mon Oct 12 22:26:26 2015
1.75, 1.80, 0.00, 1.80 , -4.692405E-007, 4.695920E-007, -3.955623E-011, -1.061680E-013, 2.150400E+004 1.570926E+074 2.150400E+004, Mon Oct 12 22:26:30 2015
1.75, 1.80, -0.02, 1.80 , -4.730556E-007, 4.731360E-007, -4.161071E-011, -8.600950E-014, 2.150400E+004 1.570926E+074 2.150400E+004, Mon Oct 12 22:26:33 2015
1.75, 1.80, -0.04, 1.80 , -4.761643E-007, 4.765880E-007, -3.980780E-011, -9.627340E-014, 2.150400E+004 1.570926E+074 2.150400E+004, Mon Oct 12 22:26:37 2015
1.75, 1.80, -0.06, 1.80 , -4.792252E-007, 4.796160E-007, -4.366520E-011, -9.713170E-014, 2.150400E+004 1.570926E+074 2.150400E+004, Mon Oct 12 22:26:41 2015
1.75, 1.80, -0.08, 1.80 , -4.819279E-007, 4.822360E-007, -3.934659E-011, -1.045110E-013, 2.150400E+004 1.570926E+074 2.150400E+004, Mon Oct 12 22:26:44 2015
1.75, 1.80, -0.10, 1.80 , -4.846885E-007, 4.855430E-007, -4.207192E-011, -1.125100E-013, 2.150400E+004 1.570926E+074 2.150400E+004, Mon Oct 12 22:26:48 2015
1.75, 1.80, -0.12, 1.80 , -4.875521E-007, 4.880710E-007, -4.001745E-011, -1.014950E-013, 2.150400E+004 1.570926E+074 2.150400E+004, Mon Oct 12 22:26:51 2015
1.75, 1.80, -0.14, 1.80 , -4.900818E-007, 4.907400E-007, -4.307820E-011, -1.003030E-013, 2.150400E+004 1.570926E+074 2.150400E+004, Mon Oct 12 22:26:55 2015
1.75, 1.80, -0.16, 1.80 , -4.924490E-007, 4.923760E-007, -4.400062E-011, -1.006360E-013, 2.150400E+004 1.570926E+074 2.150400E+004, Mon Oct 12 22:26:58 2015
1.75, 1.80, -0.18, 1.80 , -4.948185E-007, 4.955390E-007, -4.358134E-011, -8.833410E-014, 2.150400E+004 1.570926E+074 2.150400E+004, Mon Oct 12 22:27:02 2015
1.75, 1.80, -0.20, 1.80 , -4.976744E-007, 4.979080E-007, -4.395868E-011, -9.064670E-014, 2.150400E+004 1.570926E+074 2.150400E+004, Mon Oct 12 22:27:05 2015
