1.80, 1.80, 1.40, 1.80 , -2.402017E-011, 5.951700E-012, 2.424554E-005, -1.117110E-013, 2.150400E+004 1.570926E+074 2.150400E+004, Tue Oct 13 00:18:49 2015
1.75, 1.80, 1.40, 1.80 , -2.364037E-011, 5.845840E-012, 2.423784E-005, -8.533000E-014, 2.150400E+004 1.570926E+074 2.150400E+004, Tue Oct 13 00:19:07 2015
1.70, 1.80, 1.40, 1.80 , -2.667875E-011, 5.878280E-012, 2.423798E-005, -8.529420E-014, 2.150400E+004 1.570926E+074 2.150400E+004, Tue Oct 13 00:19:22 2015
1.65, 1.80, 1.40, 1.80 , -2.773372E-011, 5.957670E-012, 2.424003E-005, -1.089220E-013, 2.150400E+004 1.570926E+074 2.150400E+004, Tue Oct 13 00:20:44 2015
1.60, 1.80, 1.40, 1.80 , -2.477978E-011, 5.794760E-012, 2.420993E-005, -1.043440E-013, 2.150400E+004 1.570926E+074 2.150400E+004, Tue Oct 13 00:21:32 2015
1.55, 1.80, 1.40, 1.80 , -2.461096E-011, 6.052390E-012, 2.423196E-005, -1.008030E-013, 2.150400E+004 1.570926E+074 2.150400E+004, Tue Oct 13 00:21:54 2015
1.50, 1.80, 1.40, 1.80 , -2.423117E-011, 6.018910E-012, 2.422311E-005, -1.165750E-013, 2.150400E+004 1.570926E+074 2.150400E+004, Tue Oct 13 00:22:34 2015
1.45, 1.80, 1.40, 1.80 , -2.878874E-011, 5.730100E-012, 2.423872E-005, -1.066090E-013, 2.150400E+004 1.570926E+074 2.150400E+004, Tue Oct 13 00:22:42 2015
1.40, 1.80, 1.40, 1.80 , -2.617234E-011, 5.975320E-012, 2.423633E-005, -1.291990E-013, 2.150400E+004 1.570926E+074 2.150400E+004, Tue Oct 13 00:22:50 2015
1.35, 1.80, 1.40, 1.80 , -2.461095E-011, 6.224940E-012, 2.423293E-005, -1.030560E-013, 2.150400E+004 1.570926E+074 2.150400E+004, Tue Oct 13 00:23:18 2015
1.30, 1.80, 1.40, 1.80 , -2.499074E-011, 6.163920E-012, 2.424744E-005, -9.071830E-014, 2.150400E+004 1.570926E+074 2.150400E+004, Tue Oct 13 00:23:30 2015
1.25, 1.80, 1.40, 1.80 , -2.461096E-011, 5.964000E-012, 2.427083E-005, -8.952620E-014, 2.150400E+004 1.570926E+074 2.150400E+004, Tue Oct 13 00:23:44 2015
1.20, 1.80, 1.40, 1.80 , -2.423120E-011, 6.074880E-012, 2.426111E-005, -9.477140E-014, 2.150400E+004 1.570926E+074 2.150400E+004, Tue Oct 13 00:23:54 2015
1.15, 1.80, 1.40, 1.80 , -2.857773E-011, 5.945640E-012, 2.425372E-005, -8.816720E-014, 2.150400E+004 1.570926E+074 2.150400E+004, Tue Oct 13 00:24:22 2015
1.10, 1.80, 1.40, 1.80 , -2.482194E-011, 6.187570E-012, 2.424678E-005, -8.345840E-014, 2.150400E+004 1.570926E+074 2.150400E+004, Tue Oct 13 00:24:40 2015
1.05, 1.80, 1.40, 1.80 , -2.710071E-011, 5.936440E-012, 2.425957E-005, -8.792880E-014, 2.150400E+004 1.570926E+074 2.150400E+004, Tue Oct 13 00:24:57 2015
1.00, 1.80, 1.40, 1.80 , -2.769156E-011, 6.117130E-012, 2.424882E-005, -1.103760E-013, 2.150400E+004 1.570926E+074 2.150400E+004, Tue Oct 13 00:25:06 2015
0.95, 1.80, 1.40, 1.80 , -2.866218E-011, 6.254570E-012, 2.424946E-005, -1.046900E-013, 2.150400E+004 1.570926E+074 2.150400E+004, Tue Oct 13 00:25:29 2015
0.90, 1.80, 1.40, 1.80 , -2.726954E-011, 5.927340E-012, 2.426260E-005, -9.508130E-014, 2.150400E+004 1.570926E+074 2.150400E+004, Tue Oct 13 00:25:36 2015
0.85, 1.80, 1.40, 1.80 , -3.018132E-011, 6.053050E-012, 2.424647E-005, -1.007440E-013, 2.150400E+004 1.570926E+074 2.150400E+004, Tue Oct 13 00:26:04 2015
0.80, 1.80, 1.40, 1.80 , -2.760717E-011, 6.301420E-012, 2.425009E-005, -8.794070E-014, 2.150400E+004 1.570926E+074 2.150400E+004, Tue Oct 13 00:26:21 2015
0.75, 1.80, 1.40, 1.80 , -2.899975E-011, 6.210050E-012, 2.424299E-005, -1.081940E-013, 2.150400E+004 1.570926E+074 2.150400E+004, Tue Oct 13 00:26:26 2015
0.70, 1.80, 1.40, 1.80 , -2.870433E-011, 6.192410E-012, 2.423553E-005, -9.242300E-014, 2.150400E+004 1.570926E+074 2.150400E+004, Tue Oct 13 00:27:00 2015
0.65, 1.80, 1.40, 1.80 , -2.916856E-011, 6.311920E-012, 2.424097E-005, -1.000640E-013, 2.150400E+004 1.570926E+074 2.150400E+004, Tue Oct 13 00:27:12 2015
0.60, 1.80, 1.40, 1.80 , -2.992814E-011, 6.418110E-012, 2.420924E-005, -9.237530E-014, 2.150400E+004 1.570926E+074 2.150400E+004, Tue Oct 13 00:27:29 2015
0.55, 1.80, 1.40, 1.80 , -2.925293E-011, 6.266150E-012, 2.422395E-005, -7.613900E-014, 2.150400E+004 1.570926E+074 2.150400E+004, Tue Oct 13 00:27:38 2015
0.50, 1.80, 1.40, 1.80 , -3.199598E-011, 6.060790E-012, 2.423084E-005, -7.928610E-014, 2.150400E+004 1.570926E+074 2.150400E+004, Tue Oct 13 00:27:58 2015
0.45, 1.80, 1.40, 1.80 , -3.013913E-011, 6.187200E-012, 2.422522E-005, -9.186270E-014, 2.150400E+004 1.570926E+074 2.150400E+004, Tue Oct 13 00:28:25 2015
0.40, 1.80, 1.40, 1.80 , -2.870434E-011, 6.174020E-012, 2.422074E-005, -8.881090E-014, 2.150400E+004 1.570926E+074 2.150400E+004, Tue Oct 13 00:28:31 2015
0.35, 1.80, 1.40, 1.80 , -2.971714E-011, 6.189320E-012, 2.423145E-005, -9.607080E-014, 2.150400E+004 1.570926E+074 2.150400E+004, Tue Oct 13 00:28:35 2015
0.30, 1.80, 1.40, 1.80 , -3.051891E-011, 6.496300E-012, 2.421583E-005, -1.097440E-013, 2.150400E+004 1.570926E+074 2.150400E+004, Tue Oct 13 00:28:47 2015
0.25, 1.80, 1.40, 1.80 , -2.891533E-011, 6.494860E-012, 2.422463E-005, -1.093510E-013, 2.150400E+004 1.570926E+074 2.150400E+004, Tue Oct 13 00:28:59 2015
0.20, 1.80, 1.40, 1.80 , -3.136292E-011, 6.254710E-012, 2.422461E-005, -1.049880E-013, 2.150400E+004 1.570926E+074 2.150400E+004, Tue Oct 13 00:29:54 2015
0.15, 1.80, 1.40, 1.80 , -2.933734E-011, 6.474650E-012, 2.423150E-005, -8.729700E-014, 2.150400E+004 1.570926E+074 2.150400E+004, Tue Oct 13 00:30:19 2015
0.10, 1.80, 1.40, 1.80 , -2.971718E-011, 6.473730E-012, 2.423953E-005, -1.035090E-013, 2.150400E+004 1.570926E+074 2.150400E+004, Tue Oct 13 00:30:34 2015
0.05, 1.80, 1.40, 1.80 , -3.098314E-011, 6.332410E-012, 2.423556E-005, -1.112220E-013, 2.150400E+004 1.570926E+074 2.150400E+004, Tue Oct 13 00:30:58 2015
0.00, 1.80, 1.40, 1.80 , -3.178491E-011, 6.532540E-012, 2.422935E-005, -1.161930E-013, 2.150400E+004 1.570926E+074 2.150400E+004, Tue Oct 13 00:31:07 2015
-0.05, 1.80, 1.40, 1.80 , -3.317752E-011, 6.376520E-012, 2.422589E-005, -9.653570E-014, 2.150400E+004 1.570926E+074 2.150400E+004, Tue Oct 13 00:31:17 2015
-0.10, 1.80, 1.40, 1.80 , -3.148955E-011, 6.598770E-012, 2.424142E-005, -1.010420E-013, 2.150400E+004 1.570926E+074 2.150400E+004, Tue Oct 13 00:31:44 2015
-0.15, 1.80, 1.40, 1.80 , -3.039232E-011, 6.606790E-012, 2.423587E-005, -8.738040E-014, 2.150400E+004 1.570926E+074 2.150400E+004, Tue Oct 13 00:31:51 2015
-0.20, 1.80, 1.40, 1.80 , -2.904193E-011, 6.600320E-012, 2.422881E-005, -1.040700E-013, 2.150400E+004 1.570926E+074 2.150400E+004, Tue Oct 13 00:32:21 2015
