1.30, 1.80, 1.80, 1.80 , -2.623814E-009, 2.740280E-012, 6.155400E-005, -8.728500E-014, 2.150400E+004 1.570926E+074 2.150400E+004, Mon Oct 12 22:52:52 2015
1.30, 1.80, 1.78, 1.80 , -2.802908E-011, 4.071240E-012, 5.965508E-005, -7.616280E-014, 2.150400E+004 1.570926E+074 2.150400E+004, Mon Oct 12 22:52:58 2015
1.30, 1.80, 1.76, 1.80 , -2.710070E-011, 4.877510E-012, 5.769130E-005, -8.984800E-014, 2.150400E+004 1.570926E+074 2.150400E+004, Mon Oct 12 22:53:19 2015
1.30, 1.80, 1.74, 1.80 , -2.933727E-011, 5.065080E-012, 5.578581E-005, -9.840730E-014, 2.150400E+004 1.570926E+074 2.150400E+004, Mon Oct 12 22:53:25 2015
1.30, 1.80, 1.72, 1.80 , -2.807127E-011, 5.153810E-012, 5.389746E-005, -8.382800E-014, 2.150400E+004 1.570926E+074 2.150400E+004, Mon Oct 12 22:54:40 2015
1.30, 1.80, 1.70, 1.80 , -2.874646E-011, 5.091480E-012, 5.200338E-005, -8.326770E-014, 2.150400E+004 1.570926E+074 2.150400E+004, Mon Oct 12 22:55:25 2015
1.30, 1.80, 1.68, 1.80 , -2.980145E-011, 5.350690E-012, 5.013029E-005, -6.911750E-014, 2.150400E+004 1.570926E+074 2.150400E+004, Mon Oct 12 22:56:12 2015
1.30, 1.80, 1.66, 1.80 , -3.005466E-011, 5.366650E-012, 4.823885E-005, -1.080870E-013, 2.150400E+004 1.570926E+074 2.150400E+004, Mon Oct 12 22:56:28 2015
1.30, 1.80, 1.64, 1.80 , -2.895750E-011, 5.495430E-012, 4.635500E-005, -9.051560E-014, 2.150400E+004 1.570926E+074 2.150400E+004, Mon Oct 12 22:56:41 2015
1.30, 1.80, 1.62, 1.80 , -2.705850E-011, 5.636250E-012, 4.449135E-005, -9.160040E-014, 2.150400E+004 1.570926E+074 2.150400E+004, Mon Oct 12 22:56:52 2015
1.30, 1.80, 1.60, 1.80 , -2.482189E-011, 5.391530E-012, 4.261284E-005, -8.609300E-014, 2.150400E+004 1.570926E+074 2.150400E+004, Mon Oct 12 22:57:10 2015
1.30, 1.80, 1.58, 1.80 , -2.773368E-011, 5.787100E-012, 4.076974E-005, -6.544590E-014, 2.150400E+004 1.570926E+074 2.150400E+004, Mon Oct 12 22:57:29 2015
1.30, 1.80, 1.56, 1.80 , -2.667872E-011, 5.501340E-012, 3.890540E-005, -1.091000E-013, 2.150400E+004 1.570926E+074 2.150400E+004, Mon Oct 12 22:57:40 2015
1.30, 1.80, 1.54, 1.80 , -2.499070E-011, 5.893650E-012, 3.702376E-005, -8.777380E-014, 2.150400E+004 1.570926E+074 2.150400E+004, Mon Oct 12 22:58:15 2015
1.30, 1.80, 1.52, 1.80 , -2.773364E-011, 5.618560E-012, 3.517722E-005, -8.744000E-014, 2.150400E+004 1.570926E+074 2.150400E+004, Mon Oct 12 22:58:27 2015
1.30, 1.80, 1.50, 1.80 , -2.587690E-011, 6.017270E-012, 3.335220E-005, -9.982590E-014, 2.150400E+004 1.570926E+074 2.150400E+004, Mon Oct 12 22:58:43 2015
1.30, 1.80, 1.48, 1.80 , -2.693187E-011, 5.668990E-012, 3.152041E-005, -9.313820E-014, 2.150400E+004 1.570926E+074 2.150400E+004, Mon Oct 12 22:58:59 2015
1.30, 1.80, 1.46, 1.80 , -2.853550E-011, 6.041750E-012, 2.969340E-005, -8.692740E-014, 2.150400E+004 1.570926E+074 2.150400E+004, Mon Oct 12 22:59:11 2015
1.30, 1.80, 1.44, 1.80 , -2.659429E-011, 5.783150E-012, 2.788853E-005, -9.744170E-014, 2.150400E+004 1.570926E+074 2.150400E+004, Mon Oct 12 22:59:36 2015
1.30, 1.80, 1.42, 1.80 , -2.824007E-011, 6.175790E-012, 2.606184E-005, -1.003860E-013, 2.150400E+004 1.570926E+074 2.150400E+004, Mon Oct 12 22:59:42 2015
1.30, 1.80, 1.40, 1.80 , -2.541269E-011, 6.350470E-012, 2.424425E-005, -8.294580E-014, 2.150400E+004 1.570926E+074 2.150400E+004, Mon Oct 12 22:59:50 2015
1.30, 1.80, 1.38, 1.80 , -2.735388E-011, 6.354210E-012, 2.243207E-005, -7.945300E-014, 2.150400E+004 1.570926E+074 2.150400E+004, Mon Oct 12 22:59:55 2015
1.30, 1.80, 1.36, 1.80 , -2.684748E-011, 6.340550E-012, 2.062811E-005, -8.819100E-014, 2.150400E+004 1.570926E+074 2.150400E+004, Mon Oct 12 23:00:10 2015
1.30, 1.80, 1.34, 1.80 , -2.828229E-011, 6.484020E-012, 1.882460E-005, -7.436280E-014, 2.150400E+004 1.570926E+074 2.150400E+004, Mon Oct 12 23:00:15 2015
1.30, 1.80, 1.32, 1.80 , -2.646769E-011, 6.112690E-012, 1.702224E-005, -5.460980E-014, 2.150400E+004 1.570926E+074 2.150400E+004, Mon Oct 12 23:01:00 2015
1.30, 1.80, 1.30, 1.80 , -2.853547E-011, 6.418740E-012, 1.522347E-005, -8.623600E-014, 2.150400E+004 1.570926E+074 2.150400E+004, Mon Oct 12 23:01:20 2015
1.30, 1.80, 1.28, 1.80 , -2.697406E-011, 6.475150E-012, 1.342637E-005, -8.782150E-014, 2.150400E+004 1.570926E+074 2.150400E+004, Mon Oct 12 23:02:23 2015
1.30, 1.80, 1.26, 1.80 , -2.604567E-011, 6.510720E-012, 1.166094E-005, -6.997590E-014, 2.150400E+004 1.570926E+074 2.150400E+004, Mon Oct 12 23:02:56 2015
1.30, 1.80, 1.24, 1.80 , -2.646770E-011, 6.899790E-012, 3.779541E-011, -9.920600E-014, 2.150400E+004 1.570926E+074 2.150400E+004, Mon Oct 12 23:03:16 2015
1.30, 1.80, 1.22, 1.80 , -3.035008E-011, 1.013660E-011, -1.473553E-011, -9.802580E-014, 2.150400E+004 1.570926E+074 2.150400E+004, Mon Oct 12 23:03:25 2015
1.30, 1.80, 1.20, 1.80 , -4.900234E-011, 3.191030E-011, -3.045781E-011, -1.039270E-013, 2.150400E+004 1.570926E+074 2.150400E+004, Mon Oct 12 23:03:48 2015
1.30, 1.80, 1.18, 1.80 , -5.552724E-010, 5.489950E-010, -2.945153E-011, -9.167190E-014, 2.150400E+004 1.570926E+074 2.150400E+004, Mon Oct 12 23:03:56 2015
1.30, 1.80, 1.16, 1.80 , -5.466721E-009, 5.496780E-009, -3.087710E-011, -8.596180E-014, 2.150400E+004 1.570926E+074 2.150400E+004, Mon Oct 12 23:04:00 2015
1.30, 1.80, 1.14, 1.80 , -2.629959E-008, 2.640750E-008, -3.247037E-011, -1.143930E-013, 2.150400E+004 1.570926E+074 2.150400E+004, Mon Oct 12 23:04:04 2015
1.30, 1.80, 1.12, 1.80 , -7.647067E-008, 7.661780E-008, -3.138024E-011, -8.667710E-014, 2.150400E+004 1.570926E+074 2.150400E+004, Mon Oct 12 23:04:08 2015
1.30, 1.80, 1.10, 1.80 , -1.678453E-007, 1.684490E-007, -2.936768E-011, -8.659360E-014, 2.150400E+004 1.570926E+074 2.150400E+004, Mon Oct 12 23:04:11 2015
1.30, 1.80, 1.08, 1.80 , -3.189811E-007, 3.194660E-007, -2.970310E-011, -1.099350E-013, 2.150400E+004 1.570926E+074 2.150400E+004, Mon Oct 12 23:04:15 2015
1.30, 1.80, 1.06, 1.80 , -5.383567E-007, 5.389180E-007, -3.251231E-011, -9.794240E-014, 2.150400E+004 1.570926E+074 2.150400E+004, Mon Oct 12 23:04:18 2015
1.30, 1.80, 1.04, 1.80 , -8.443014E-007, 8.444180E-007, -3.423136E-011, -1.005650E-013, 2.150400E+004 1.570926E+074 2.150400E+004, Mon Oct 12 23:04:22 2015
1.30, 1.80, 1.02, 1.80 , -1.253577E-006, 1.254740E-006, -2.957732E-011, -9.711980E-014, 2.150400E+004 1.570926E+074 2.150400E+004, Mon Oct 12 23:04:27 2015
1.30, 1.80, 1.00, 1.80 , -1.773527E-006, 1.775090E-006, -3.473450E-011, -1.054050E-013, 2.150400E+004 1.570926E+074 2.150400E+004, Mon Oct 12 23:04:30 2015
1.30, 1.80, 0.98, 1.80 , -2.420910E-006, 2.421530E-006, -3.561499E-011, -1.092430E-013, 2.150400E+004 1.570926E+074 2.150400E+004, Mon Oct 12 23:04:34 2015
1.30, 1.80, 0.96, 1.80 , -3.204251E-006, 3.206010E-006, -3.247037E-011, -8.502010E-014, 2.150400E+004 1.570926E+074 2.150400E+004, Mon Oct 12 23:04:37 2015
1.30, 1.80, 0.94, 1.80 , -4.137228E-006, 4.137930E-006, -3.339279E-011, -9.483100E-014, 2.150400E+004 1.570926E+074 2.150400E+004, Mon Oct 12 23:04:41 2015
1.30, 1.80, 0.92, 1.80 , -5.215512E-006, 5.217270E-006, -3.314123E-011, -8.552070E-014, 2.150400E+004 1.570926E+074 2.150400E+004, Mon Oct 12 23:04:44 2015
1.30, 1.80, 0.90, 1.80 , -6.427985E-006, 6.429570E-006, -3.209302E-011, -9.148120E-014, 2.150400E+004 1.570926E+074 2.150400E+004, Mon Oct 12 23:04:48 2015
1.30, 1.80, 0.88, 1.80 , -7.760937E-006, 7.761990E-006, -3.611813E-011, -9.043220E-014, 2.150400E+004 1.570926E+074 2.150400E+004, Mon Oct 12 23:04:51 2015
1.30, 1.80, 0.86, 1.80 , -9.196769E-006, 9.198420E-006, -3.330895E-011, -8.424520E-014, 2.150400E+004 1.570926E+074 2.150400E+004, Mon Oct 12 23:04:55 2015
1.30, 1.80, 0.84, 1.80 , -1.070566E-005, 1.070790E-005, -3.259616E-011, -7.665160E-014, 2.150400E+004 1.570926E+074 2.150400E+004, Mon Oct 12 23:04:59 2015
1.30, 1.80, 0.82, 1.80 , -1.228836E-005, 1.228170E-005, -3.393786E-011, -9.406810E-014, 2.150400E+004 1.570926E+074 2.150400E+004, Mon Oct 12 23:05:02 2015
1.30, 1.80, 0.80, 1.80 , -1.390049E-005, 1.389610E-005, -3.364436E-011, -1.092790E-013, 2.150400E+004 1.570926E+074 2.150400E+004, Mon Oct 12 23:05:06 2015
1.30, 1.80, 0.78, 1.80 , -1.552963E-005, 1.552540E-005, -3.569885E-011, -9.377000E-014, 2.150400E+004 1.570926E+074 2.150400E+004, Mon Oct 12 23:05:09 2015
1.30, 1.80, 0.76, 1.80 , -1.716179E-005, 1.715640E-005, -3.511186E-011, -8.466240E-014, 2.150400E+004 1.570926E+074 2.150400E+004, Mon Oct 12 23:05:13 2015
1.30, 1.80, 0.74, 1.80 , -1.878249E-005, 1.877590E-005, -3.351858E-011, -7.281300E-014, 2.150400E+004 1.570926E+074 2.150400E+004, Mon Oct 12 23:05:16 2015
1.30, 1.80, 0.72, 1.80 , -2.037065E-005, 2.036380E-005, -3.268002E-011, -9.013410E-014, 2.150400E+004 1.570926E+074 2.150400E+004, Mon Oct 12 23:05:20 2015
1.30, 1.80, 0.70, 1.80 , -2.192909E-005, 2.192300E-005, -3.838227E-011, -8.280280E-014, 2.150400E+004 1.570926E+074 2.150400E+004, Mon Oct 12 23:05:23 2015
1.30, 1.80, 0.68, 1.80 , -2.345114E-005, 2.344440E-005, -3.477642E-011, -9.305480E-014, 2.150400E+004 1.570926E+074 2.150400E+004, Mon Oct 12 23:05:27 2015
1.30, 1.80, 0.66, 1.80 , -2.492783E-005, 2.492080E-005, -3.712441E-011, -7.896420E-014, 2.150400E+004 1.570926E+074 2.150400E+004, Mon Oct 12 23:05:31 2015
1.30, 1.80, 0.64, 1.80 , -2.635773E-005, 2.635130E-005, -3.527957E-011, -8.850100E-014, 2.150400E+004 1.570926E+074 2.150400E+004, Mon Oct 12 23:05:34 2015
1.30, 1.80, 0.62, 1.80 , -2.773715E-005, 2.772900E-005, -3.402172E-011, -9.995700E-014, 2.150400E+004 1.570926E+074 2.150400E+004, Mon Oct 12 23:05:38 2015
1.30, 1.80, 0.60, 1.80 , -2.907177E-005, 2.906390E-005, -3.431522E-011, -9.830000E-014, 2.150400E+004 1.570926E+074 2.150400E+004, Mon Oct 12 23:05:41 2015
1.30, 1.80, 0.58, 1.80 , -3.036277E-005, 3.035270E-005, -3.787913E-011, -1.118300E-013, 2.150400E+004 1.570926E+074 2.150400E+004, Mon Oct 12 23:05:45 2015
1.30, 1.80, 0.56, 1.80 , -3.160502E-005, 3.159610E-005, -3.599234E-011, -9.279250E-014, 2.150400E+004 1.570926E+074 2.150400E+004, Mon Oct 12 23:05:48 2015
1.30, 1.80, 0.54, 1.80 , -3.280540E-005, 3.279710E-005, -3.511185E-011, -1.047610E-013, 2.150400E+004 1.570926E+074 2.150400E+004, Mon Oct 12 23:05:52 2015
1.30, 1.80, 0.52, 1.80 , -3.395931E-005, 3.395200E-005, -3.586657E-011, -9.164810E-014, 2.150400E+004 1.570926E+074 2.150400E+004, Mon Oct 12 23:05:55 2015
1.30, 1.80, 0.50, 1.80 , -3.507217E-005, 3.506500E-005, -3.704055E-011, -8.900170E-014, 2.150400E+004 1.570926E+074 2.150400E+004, Mon Oct 12 23:05:59 2015
1.30, 1.80, 0.48, 1.80 , -3.614557E-005, 3.613620E-005, -3.628585E-011, -8.996730E-014, 2.150400E+004 1.570926E+074 2.150400E+004, Mon Oct 12 23:06:02 2015
1.30, 1.80, 0.46, 1.80 , -3.718258E-005, 3.717350E-005, -3.540536E-011, -7.747410E-014, 2.150400E+004 1.570926E+074 2.150400E+004, Mon Oct 12 23:06:06 2015
1.30, 1.80, 0.44, 1.80 , -3.817746E-005, 3.816930E-005, -3.595042E-011, -9.423490E-014, 2.150400E+004 1.570926E+074 2.150400E+004, Mon Oct 12 23:06:10 2015
1.30, 1.80, 0.42, 1.80 , -3.914035E-005, 3.912990E-005, -3.838227E-011, -9.144540E-014, 2.150400E+004 1.570926E+074 2.150400E+004, Mon Oct 12 23:06:13 2015
1.30, 1.80, 0.40, 1.80 , -4.007000E-005, 4.006100E-005, -3.976590E-011, -9.992120E-014, 2.150400E+004 1.570926E+074 2.150400E+004, Mon Oct 12 23:06:17 2015
1.30, 1.80, 0.38, 1.80 , -4.096792E-005, 4.095540E-005, -4.047868E-011, -9.405610E-014, 2.150400E+004 1.570926E+074 2.150400E+004, Mon Oct 12 23:06:20 2015
1.30, 1.80, 0.36, 1.80 , -4.183228E-005, 4.182300E-005, -3.804685E-011, -9.574890E-014, 2.150400E+004 1.570926E+074 2.150400E+004, Mon Oct 12 23:06:24 2015
1.30, 1.80, 0.34, 1.80 , -4.266770E-005, 4.265770E-005, -4.119146E-011, -8.682010E-014, 2.150400E+004 1.570926E+074 2.150400E+004, Mon Oct 12 23:06:27 2015
1.30, 1.80, 0.32, 1.80 , -4.347576E-005, 4.346530E-005, -4.010133E-011, -1.068230E-013, 2.150400E+004 1.570926E+074 2.150400E+004, Mon Oct 12 23:06:31 2015
1.30, 1.80, 0.30, 1.80 , -4.426006E-005, 4.424920E-005, -4.039482E-011, -1.018290E-013, 2.150400E+004 1.570926E+074 2.150400E+004, Mon Oct 12 23:06:34 2015
1.30, 1.80, 0.28, 1.80 , -4.501225E-005, 4.499880E-005, -3.779528E-011, -9.413960E-014, 2.150400E+004 1.570926E+074 2.150400E+004, Mon Oct 12 23:06:38 2015
1.30, 1.80, 0.26, 1.80 , -4.574891E-005, 4.573510E-005, -3.938854E-011, -1.134750E-013, 2.150400E+004 1.570926E+074 2.150400E+004, Mon Oct 12 23:06:42 2015
1.30, 1.80, 0.24, 1.80 , -4.645652E-005, 4.644720E-005, -3.947240E-011, -8.506770E-014, 2.150400E+004 1.570926E+074 2.150400E+004, Mon Oct 12 23:06:45 2015
1.30, 1.80, 0.22, 1.80 , -4.714110E-005, 4.713070E-005, -3.905312E-011, -1.100060E-013, 2.150400E+004 1.570926E+074 2.150400E+004, Mon Oct 12 23:06:49 2015
1.30, 1.80, 0.20, 1.80 , -4.780917E-005, 4.779730E-005, -4.005941E-011, -1.114610E-013, 2.150400E+004 1.570926E+074 2.150400E+004, Mon Oct 12 23:06:52 2015
1.30, 1.80, 0.18, 1.80 , -4.845284E-005, 4.843980E-005, -3.808877E-011, -9.158850E-014, 2.150400E+004 1.570926E+074 2.150400E+004, Mon Oct 12 23:06:56 2015
1.30, 1.80, 0.16, 1.80 , -4.907874E-005, 4.906720E-005, -4.031097E-011, -9.371040E-014, 2.150400E+004 1.570926E+074 2.150400E+004, Mon Oct 12 23:06:59 2015
1.30, 1.80, 0.14, 1.80 , -4.968435E-005, 4.967390E-005, -3.922084E-011, -1.013520E-013, 2.150400E+004 1.570926E+074 2.150400E+004, Mon Oct 12 23:07:03 2015
1.30, 1.80, 0.12, 1.80 , -5.027411E-005, 5.026190E-005, -3.884348E-011, -1.069190E-013, 2.150400E+004 1.570926E+074 2.150400E+004, Mon Oct 12 23:07:06 2015
1.30, 1.80, 0.10, 1.80 , -5.084370E-005, 5.083140E-005, -3.892733E-011, -8.407830E-014, 2.150400E+004 1.570926E+074 2.150400E+004, Mon Oct 12 23:07:10 2015
1.30, 1.80, 0.08, 1.80 , -5.139965E-005, 5.138810E-005, -3.846612E-011, -9.973050E-014, 2.150400E+004 1.570926E+074 2.150400E+004, Mon Oct 12 23:07:13 2015
1.30, 1.80, 0.06, 1.80 , -5.193450E-005, 5.192430E-005, -3.976590E-011, -9.779930E-014, 2.150400E+004 1.570926E+074 2.150400E+004, Mon Oct 12 23:07:17 2015
1.30, 1.80, 0.04, 1.80 , -5.245052E-005, 5.243850E-005, -4.102375E-011, -8.695130E-014, 2.150400E+004 1.570926E+074 2.150400E+004, Mon Oct 12 23:07:21 2015
1.30, 1.80, 0.02, 1.80 , -5.295817E-005, 5.294720E-005, -4.148497E-011, -9.369850E-014, 2.150400E+004 1.570926E+074 2.150400E+004, Mon Oct 12 23:07:24 2015
1.30, 1.80, 0.00, 1.80 , -5.345282E-005, 5.343940E-005, -3.993362E-011, -9.832380E-014, 2.150400E+004 1.570926E+074 2.150400E+004, Mon Oct 12 23:07:28 2015
1.30, 1.80, -0.02, 1.80 , -5.393322E-005, 5.391990E-005, -3.825648E-011, -1.019000E-013, 2.150400E+004 1.570926E+074 2.150400E+004, Mon Oct 12 23:07:31 2015
1.30, 1.80, -0.04, 1.80 , -5.440391E-005, 5.439090E-005, -3.976592E-011, -1.118540E-013, 2.150400E+004 1.570926E+074 2.150400E+004, Mon Oct 12 23:07:35 2015
1.30, 1.80, -0.06, 1.80 , -5.486283E-005, 5.485040E-005, -4.341367E-011, -1.051900E-013, 2.150400E+004 1.570926E+074 2.150400E+004, Mon Oct 12 23:07:38 2015
1.30, 1.80, -0.08, 1.80 , -5.530609E-005, 5.529580E-005, -3.968205E-011, -8.866790E-014, 2.150400E+004 1.570926E+074 2.150400E+004, Mon Oct 12 23:07:42 2015
1.30, 1.80, -0.10, 1.80 , -5.574017E-005, 5.572610E-005, -4.257509E-011, -1.147630E-013, 2.150400E+004 1.570926E+074 2.150400E+004, Mon Oct 12 23:07:45 2015
1.30, 1.80, -0.12, 1.80 , -5.616426E-005, 5.615130E-005, -4.114952E-011, -9.533170E-014, 2.150400E+004 1.570926E+074 2.150400E+004, Mon Oct 12 23:07:49 2015
1.30, 1.80, -0.14, 1.80 , -5.657439E-005, 5.656240E-005, -4.098183E-011, -7.255080E-014, 2.150400E+004 1.570926E+074 2.150400E+004, Mon Oct 12 23:07:52 2015
1.30, 1.80, -0.16, 1.80 , -5.698441E-005, 5.697080E-005, -4.194617E-011, -9.900330E-014, 2.150400E+004 1.570926E+074 2.150400E+004, Mon Oct 12 23:07:56 2015
1.30, 1.80, -0.18, 1.80 , -5.738133E-005, 5.736710E-005, -4.089796E-011, -9.728670E-014, 2.150400E+004 1.570926E+074 2.150400E+004, Mon Oct 12 23:08:00 2015
1.30, 1.80, -0.20, 1.80 , -5.776815E-005, 5.775670E-005, -4.047868E-011, -8.171800E-014, 2.150400E+004 1.570926E+074 2.150400E+004, Mon Oct 12 23:08:03 2015
