1.80, 1.80, -0.20, 1.80 , 2.903129E-008, -2.850330E-008, -4.664292E-011, -1.081350E-013, 2.150400E+004 1.570926E+074 2.150400E+004, Wed Oct 07 22:41:14 2015
1.75, 1.80, -0.20, 1.80 , -6.056671E-006, 6.057100E-006, -4.098240E-011, -1.043440E-013, 2.150400E+004 1.570926E+074 2.150400E+004, Wed Oct 07 22:41:18 2015
1.70, 1.80, -0.20, 1.80 , -1.199965E-005, 1.199030E-005, -3.930521E-011, -1.117350E-013, 2.150400E+004 1.570926E+074 2.150400E+004, Wed Oct 07 22:41:21 2015
1.65, 1.80, -0.20, 1.80 , -1.778844E-005, 1.777730E-005, -3.947294E-011, -1.171230E-013, 2.150400E+004 1.570926E+074 2.150400E+004, Wed Oct 07 22:41:25 2015
1.60, 1.80, -0.20, 1.80 , -2.341837E-005, 2.340620E-005, -3.787961E-011, -8.945470E-014, 2.150400E+004 1.570926E+074 2.150400E+004, Wed Oct 07 22:41:28 2015
1.55, 1.80, -0.20, 1.80 , -2.889876E-005, 2.888890E-005, -3.750224E-011, -9.179120E-014, 2.150400E+004 1.570926E+074 2.150400E+004, Wed Oct 07 22:41:32 2015
1.50, 1.80, -0.20, 1.80 , -3.423187E-005, 3.422120E-005, -3.716680E-011, -1.163360E-013, 2.150400E+004 1.570926E+074 2.150400E+004, Wed Oct 07 22:41:36 2015
1.45, 1.80, -0.20, 1.80 , -3.941908E-005, 3.940110E-005, -3.771189E-011, -1.075270E-013, 2.150400E+004 1.570926E+074 2.150400E+004, Wed Oct 07 22:41:39 2015
1.40, 1.80, -0.20, 1.80 , -4.442405E-005, 4.440620E-005, -4.572047E-011, -1.078840E-013, 2.150400E+004 1.570926E+074 2.150400E+004, Wed Oct 07 22:41:43 2015
1.35, 1.80, -0.20, 1.80 , -4.926179E-005, 4.924880E-005, -3.653785E-011, -1.074910E-013, 2.150400E+004 1.570926E+074 2.150400E+004, Wed Oct 07 22:41:46 2015
1.30, 1.80, -0.20, 1.80 , -5.391288E-005, 5.389060E-005, -3.758609E-011, -1.052380E-013, 2.150400E+004 1.570926E+074 2.150400E+004, Wed Oct 07 22:41:50 2015
1.25, 1.80, -0.20, 1.80 , -5.838670E-005, 5.836430E-005, -3.783767E-011, -1.043440E-013, 2.150400E+004 1.570926E+074 2.150400E+004, Wed Oct 07 22:41:53 2015
1.20, 1.80, -0.20, 1.80 , -6.270277E-005, 6.268160E-005, -3.842469E-011, -9.678600E-014, 2.150400E+004 1.570926E+074 2.150400E+004, Wed Oct 07 22:41:57 2015
1.15, 1.80, -0.20, 1.80 , -6.682645E-005, 6.681050E-005, -3.678943E-011, -1.174690E-013, 2.150400E+004 1.570926E+074 2.150400E+004, Wed Oct 07 22:42:00 2015
1.10, 1.80, -0.20, 1.80 , -7.075013E-005, 7.073530E-005, -3.926329E-011, -1.183150E-013, 2.150400E+004 1.570926E+074 2.150400E+004, Wed Oct 07 22:42:04 2015
1.05, 1.80, -0.20, 1.80 , -7.449101E-005, 7.445320E-005, -3.699909E-011, -9.735820E-014, 2.150400E+004 1.570926E+074 2.150400E+004, Wed Oct 07 22:42:07 2015
1.00, 1.80, -0.20, 1.80 , -7.802351E-005, 7.799340E-005, -3.779575E-011, -8.902550E-014, 2.150400E+004 1.570926E+074 2.150400E+004, Wed Oct 07 22:42:11 2015
0.95, 1.80, -0.20, 1.80 , -8.133228E-005, 8.130530E-005, -3.653785E-011, -1.013400E-013, 2.150400E+004 1.570926E+074 2.150400E+004, Wed Oct 07 22:42:15 2015
0.90, 1.80, -0.20, 1.80 , -8.448635E-005, 8.444790E-005, -3.565733E-011, -1.076580E-013, 2.150400E+004 1.570926E+074 2.150400E+004, Wed Oct 07 22:42:18 2015
0.85, 1.80, -0.20, 1.80 , -8.741260E-005, 8.739900E-005, -3.775382E-011, -9.733440E-014, 2.150400E+004 1.570926E+074 2.150400E+004, Wed Oct 07 22:42:22 2015
0.80, 1.80, -0.20, 1.80 , -9.012510E-005, 9.010400E-005, -3.766995E-011, -1.155260E-013, 2.150400E+004 1.570926E+074 2.150400E+004, Wed Oct 07 22:42:25 2015
0.75, 1.80, -0.20, 1.80 , -9.262215E-005, 9.258570E-005, -3.725066E-011, -1.213430E-013, 2.150400E+004 1.570926E+074 2.150400E+004, Wed Oct 07 22:42:29 2015
0.70, 1.80, -0.20, 1.80 , -9.491732E-005, 9.489290E-005, -3.834083E-011, -1.209020E-013, 2.150400E+004 1.570926E+074 2.150400E+004, Wed Oct 07 22:42:32 2015
0.65, 1.80, -0.20, 1.80 , -9.701149E-005, 9.697740E-005, -3.825698E-011, -9.250640E-014, 2.150400E+004 1.570926E+074 2.150400E+004, Wed Oct 07 22:42:36 2015
0.60, 1.80, -0.20, 1.80 , -9.888118E-005, 9.885870E-005, -3.771189E-011, -1.154900E-013, 2.150400E+004 1.570926E+074 2.150400E+004, Wed Oct 07 22:42:39 2015
0.55, 1.80, -0.20, 1.80 , -1.005462E-004, 1.005190E-004, -3.729259E-011, -1.036170E-013, 2.150400E+004 1.570926E+074 2.150400E+004, Wed Oct 07 22:42:43 2015
0.50, 1.80, -0.20, 1.80 , -1.019909E-004, 1.019410E-004, -3.901170E-011, -1.037840E-013, 2.150400E+004 1.570926E+074 2.150400E+004, Wed Oct 07 22:42:46 2015
0.45, 1.80, -0.20, 1.80 , -1.032723E-004, 1.032170E-004, -3.817311E-011, -1.070500E-013, 2.150400E+004 1.570926E+074 2.150400E+004, Wed Oct 07 22:42:50 2015
0.40, 1.80, -0.20, 1.80 , -1.043486E-004, 1.043070E-004, -3.859241E-011, -1.048450E-013, 2.150400E+004 1.570926E+074 2.150400E+004, Wed Oct 07 22:42:54 2015
0.35, 1.80, -0.20, 1.80 , -1.052579E-004, 1.052420E-004, -3.729258E-011, -1.123670E-013, 2.150400E+004 1.570926E+074 2.150400E+004, Wed Oct 07 22:42:57 2015
0.30, 1.80, -0.20, 1.80 , -1.060211E-004, 1.059810E-004, -3.762803E-011, -1.234410E-013, 2.150400E+004 1.570926E+074 2.150400E+004, Wed Oct 07 22:43:01 2015
0.25, 1.80, -0.20, 1.80 , -1.066497E-004, 1.066340E-004, -3.678942E-011, -8.945470E-014, 2.150400E+004 1.570926E+074 2.150400E+004, Wed Oct 07 22:43:04 2015
0.20, 1.80, -0.20, 1.80 , -1.071546E-004, 1.071370E-004, -3.460910E-011, -1.143570E-013, 2.150400E+004 1.570926E+074 2.150400E+004, Wed Oct 07 22:43:08 2015
0.15, 1.80, -0.20, 1.80 , -1.075816E-004, 1.075430E-004, -3.666364E-011, -1.087430E-013, 2.150400E+004 1.570926E+074 2.150400E+004, Wed Oct 07 22:43:11 2015
0.10, 1.80, -0.20, 1.80 , -1.079433E-004, 1.079290E-004, -3.683136E-011, -1.184940E-013, 2.150400E+004 1.570926E+074 2.150400E+004, Wed Oct 07 22:43:15 2015
0.05, 1.80, -0.20, 1.80 , -1.082634E-004, 1.082330E-004, -3.645400E-011, -1.062630E-013, 2.150400E+004 1.570926E+074 2.150400E+004, Wed Oct 07 22:43:19 2015
0.00, 1.80, -0.20, 1.80 , -1.084970E-004, 1.084730E-004, -3.515417E-011, -1.098630E-013, 2.150400E+004 1.570926E+074 2.150400E+004, Wed Oct 07 22:43:22 2015
-0.05, 1.80, -0.20, 1.80 , -1.087276E-004, 1.086890E-004, -3.431558E-011, -9.849070E-014, 2.150400E+004 1.570926E+074 2.150400E+004, Wed Oct 07 22:43:26 2015
-0.10, 1.80, -0.20, 1.80 , -1.089616E-004, 1.089450E-004, -3.423173E-011, -1.097560E-013, 2.150400E+004 1.570926E+074 2.150400E+004, Wed Oct 07 22:43:29 2015
-0.15, 1.80, -0.20, 1.80 , -1.091401E-004, 1.091010E-004, -3.729259E-011, -1.165390E-013, 2.150400E+004 1.570926E+074 2.150400E+004, Wed Oct 07 22:43:33 2015
-0.20, 1.80, -0.20, 1.80 , -1.092837E-004, 1.092610E-004, -3.611856E-011, -1.080750E-013, 2.150400E+004 1.570926E+074 2.150400E+004, Wed Oct 07 22:43:36 2015
