1.80, 1.80, 1.00, 1.80 , 8.296364E-009, -8.468910E-009, -3.737644E-011, -1.123910E-013, 2.150400E+004 1.570926E+074 2.150400E+004, Wed Oct 07 22:33:50 2015
1.75, 1.80, 1.00, 1.80 , -1.629824E-006, 1.630310E-006, -3.435750E-011, -1.175400E-013, 2.150400E+004 1.570926E+074 2.150400E+004, Wed Oct 07 22:33:54 2015
1.70, 1.80, 1.00, 1.80 , -2.995250E-006, 2.994340E-006, -3.238681E-011, -1.115920E-013, 2.150400E+004 1.570926E+074 2.150400E+004, Wed Oct 07 22:33:57 2015
1.65, 1.80, 1.00, 1.80 , -4.087722E-006, 4.087460E-006, -3.184173E-011, -1.053930E-013, 2.150400E+004 1.570926E+074 2.150400E+004, Wed Oct 07 22:34:01 2015
1.60, 1.80, 1.00, 1.80 , -4.916608E-006, 4.915770E-006, -3.427365E-011, -1.212240E-013, 2.150400E+004 1.570926E+074 2.150400E+004, Wed Oct 07 22:34:04 2015
1.55, 1.80, 1.00, 1.80 , -5.505010E-006, 5.504340E-006, -3.079349E-011, -1.276730E-013, 2.150400E+004 1.570926E+074 2.150400E+004, Wed Oct 07 22:34:08 2015
1.50, 1.80, 1.00, 1.80 , -5.889725E-006, 5.889290E-006, -3.238682E-011, -1.091240E-013, 2.150400E+004 1.570926E+074 2.150400E+004, Wed Oct 07 22:34:11 2015
1.45, 1.80, 1.00, 1.80 , -6.114522E-006, 6.113140E-006, -3.121278E-011, -9.586810E-014, 2.150400E+004 1.570926E+074 2.150400E+004, Wed Oct 07 22:34:15 2015
1.40, 1.80, 1.00, 1.80 , -6.237260E-006, 6.236760E-006, -3.402207E-011, -1.339790E-013, 2.150400E+004 1.570926E+074 2.150400E+004, Wed Oct 07 22:34:18 2015
1.35, 1.80, 1.00, 1.80 , -6.303721E-006, 6.303430E-006, -3.234489E-011, -1.002550E-013, 2.150400E+004 1.570926E+074 2.150400E+004, Wed Oct 07 22:34:22 2015
1.30, 1.80, 1.00, 1.80 , -6.346333E-006, 6.345310E-006, -3.406400E-011, -1.105550E-013, 2.150400E+004 1.570926E+074 2.150400E+004, Wed Oct 07 22:34:25 2015
1.25, 1.80, 1.00, 1.80 , -6.373454E-006, 6.372960E-006, -2.861314E-011, -1.190420E-013, 2.150400E+004 1.570926E+074 2.150400E+004, Wed Oct 07 22:34:29 2015
1.20, 1.80, 1.00, 1.80 , -6.394347E-006, 6.394650E-006, -3.003875E-011, -1.052860E-013, 2.150400E+004 1.570926E+074 2.150400E+004, Wed Oct 07 22:34:33 2015
1.15, 1.80, 1.00, 1.80 , -6.414448E-006, 6.413630E-006, -2.999682E-011, -9.284020E-014, 2.150400E+004 1.570926E+074 2.150400E+004, Wed Oct 07 22:34:36 2015
1.10, 1.80, 1.00, 1.80 , -6.429574E-006, 6.432720E-006, -2.945174E-011, -1.199720E-013, 2.150400E+004 1.570926E+074 2.150400E+004, Wed Oct 07 22:34:40 2015
1.05, 1.80, 1.00, 1.80 , -6.448511E-006, 6.448000E-006, -2.915823E-011, -1.192810E-013, 2.150400E+004 1.570926E+074 2.150400E+004, Wed Oct 07 22:34:43 2015
1.00, 1.80, 1.00, 1.80 , -6.463214E-006, 6.462210E-006, -3.406399E-011, -1.068470E-013, 2.150400E+004 1.570926E+074 2.150400E+004, Wed Oct 07 22:34:47 2015
0.95, 1.80, 1.00, 1.80 , -6.477638E-006, 6.477850E-006, -2.936788E-011, -1.192210E-013, 2.150400E+004 1.570926E+074 2.150400E+004, Wed Oct 07 22:34:50 2015
0.90, 1.80, 1.00, 1.80 , -6.490558E-006, 6.489320E-006, -2.991297E-011, -1.071690E-013, 2.150400E+004 1.570926E+074 2.150400E+004, Wed Oct 07 22:34:54 2015
0.85, 1.80, 1.00, 1.80 , -6.505125E-006, 6.504330E-006, -2.920016E-011, -1.055600E-013, 2.150400E+004 1.570926E+074 2.150400E+004, Wed Oct 07 22:34:57 2015
0.80, 1.80, 1.00, 1.80 , -6.516075E-006, 6.515770E-006, -3.351892E-011, -1.182440E-013, 2.150400E+004 1.570926E+074 2.150400E+004, Wed Oct 07 22:35:01 2015
0.75, 1.80, 1.00, 1.80 , -6.525507E-006, 6.526230E-006, -2.928402E-011, -9.971860E-014, 2.150400E+004 1.570926E+074 2.150400E+004, Wed Oct 07 22:35:04 2015
0.70, 1.80, 1.00, 1.80 , -6.539617E-006, 6.537980E-006, -2.928402E-011, -1.014830E-013, 2.150400E+004 1.570926E+074 2.150400E+004, Wed Oct 07 22:35:08 2015
0.65, 1.80, 1.00, 1.80 , -6.551292E-006, 6.549880E-006, -2.999682E-011, -9.155270E-014, 2.150400E+004 1.570926E+074 2.150400E+004, Wed Oct 07 22:35:12 2015
0.60, 1.80, 1.00, 1.80 , -6.561655E-006, 6.562190E-006, -2.903244E-011, -1.024130E-013, 2.150400E+004 1.570926E+074 2.150400E+004, Wed Oct 07 22:35:15 2015
0.55, 1.80, 1.00, 1.80 , -6.572459E-006, 6.572620E-006, -2.831963E-011, -1.192930E-013, 2.150400E+004 1.570926E+074 2.150400E+004, Wed Oct 07 22:35:19 2015
0.50, 1.80, 1.00, 1.80 , -6.582487E-006, 6.581670E-006, -2.899051E-011, -9.605880E-014, 2.150400E+004 1.570926E+074 2.150400E+004, Wed Oct 07 22:35:22 2015
0.45, 1.80, 1.00, 1.80 , -6.594461E-006, 6.593600E-006, -3.142243E-011, -1.005890E-013, 2.150400E+004 1.570926E+074 2.150400E+004, Wed Oct 07 22:35:26 2015
0.40, 1.80, 1.00, 1.80 , -6.605245E-006, 6.603600E-006, -2.886472E-011, -9.716750E-014, 2.150400E+004 1.570926E+074 2.150400E+004, Wed Oct 07 22:35:29 2015
0.35, 1.80, 1.00, 1.80 , -6.612412E-006, 6.611760E-006, -2.966139E-011, -9.460450E-014, 2.150400E+004 1.570926E+074 2.150400E+004, Wed Oct 07 22:35:33 2015
0.30, 1.80, 1.00, 1.80 , -6.621027E-006, 6.620020E-006, -3.075156E-011, -1.152750E-013, 2.150400E+004 1.570926E+074 2.150400E+004, Wed Oct 07 22:35:36 2015
0.25, 1.80, 1.00, 1.80 , -6.631219E-006, 6.628990E-006, -2.777455E-011, -1.124620E-013, 2.150400E+004 1.570926E+074 2.150400E+004, Wed Oct 07 22:35:40 2015
0.20, 1.80, 1.00, 1.80 , -6.637127E-006, 6.639020E-006, -2.689403E-011, -9.715560E-014, 2.150400E+004 1.570926E+074 2.150400E+004, Wed Oct 07 22:35:44 2015
0.15, 1.80, 1.00, 1.80 , -6.649036E-006, 6.648550E-006, -3.024840E-011, -1.137610E-013, 2.150400E+004 1.570926E+074 2.150400E+004, Wed Oct 07 22:35:47 2015
0.10, 1.80, 1.00, 1.80 , -6.658493E-006, 6.657250E-006, -2.701982E-011, -9.663110E-014, 2.150400E+004 1.570926E+074 2.150400E+004, Wed Oct 07 22:35:51 2015
0.05, 1.80, 1.00, 1.80 , -6.666290E-006, 6.666320E-006, -2.857122E-011, -1.138450E-013, 2.150400E+004 1.570926E+074 2.150400E+004, Wed Oct 07 22:35:54 2015
0.00, 1.80, 1.00, 1.80 , -6.677129E-006, 6.675910E-006, -2.831964E-011, -1.177070E-013, 2.150400E+004 1.570926E+074 2.150400E+004, Wed Oct 07 22:35:58 2015
-0.05, 1.80, 1.00, 1.80 , -6.685260E-006, 6.684220E-006, -2.907437E-011, -1.312140E-013, 2.150400E+004 1.570926E+074 2.150400E+004, Wed Oct 07 22:36:01 2015
-0.10, 1.80, 1.00, 1.80 , -6.694048E-006, 6.693350E-006, -2.886472E-011, -1.345750E-013, 2.150400E+004 1.570926E+074 2.150400E+004, Wed Oct 07 22:36:05 2015
-0.15, 1.80, 1.00, 1.80 , -6.700589E-006, 6.700890E-006, -2.957753E-011, -1.123190E-013, 2.150400E+004 1.570926E+074 2.150400E+004, Wed Oct 07 22:36:08 2015
-0.20, 1.80, 1.00, 1.80 , -6.711424E-006, 6.711200E-006, -3.029033E-011, -1.005170E-013, 2.150400E+004 1.570926E+074 2.150400E+004, Wed Oct 07 22:36:12 2015
