1.75, 1.80, 1.80, 1.80 , -2.807169E-011, 3.032420E-012, 2.945413E-011, -7.464890E-014, 2.150400E+004 1.570926E+074 2.150400E+004, Wed Oct 07 21:56:23 2015
1.75, 1.80, 1.78, 1.80 , -3.461376E-013, 3.548310E-012, -1.289056E-011, -8.459090E-014, 2.150400E+004 1.570926E+074 2.150400E+004, Wed Oct 07 21:56:40 2015
1.75, 1.80, 1.76, 1.80 , -6.254173E-012, 3.705930E-012, -1.683155E-011, -1.005890E-013, 2.150400E+004 1.570926E+074 2.150400E+004, Wed Oct 07 21:56:49 2015
1.75, 1.80, 1.74, 1.80 , -2.646808E-011, 3.783250E-012, -1.980825E-011, -6.474260E-014, 2.150400E+004 1.570926E+074 2.150400E+004, Wed Oct 07 21:56:55 2015
1.75, 1.80, 1.72, 1.80 , -2.625709E-011, 4.042080E-012, -2.098216E-011, -1.018290E-013, 2.150400E+004 1.570926E+074 2.150400E+004, Wed Oct 07 21:56:59 2015
1.75, 1.80, 1.70, 1.80 , -2.655248E-011, 4.177510E-012, -2.047905E-011, -1.138690E-013, 2.150400E+004 1.570926E+074 2.150400E+004, Wed Oct 07 21:57:08 2015
1.75, 1.80, 1.68, 1.80 , -2.642590E-011, 4.675150E-012, -2.152719E-011, -9.721520E-014, 2.150400E+004 1.570926E+074 2.150400E+004, Wed Oct 07 21:57:13 2015
1.75, 1.80, 1.66, 1.80 , -2.676350E-011, 5.521120E-012, -2.161104E-011, -1.063230E-013, 2.150400E+004 1.570926E+074 2.150400E+004, Wed Oct 07 21:57:18 2015
1.75, 1.80, 1.64, 1.80 , -2.807169E-011, 7.189040E-012, -2.442017E-011, -1.122950E-013, 2.150400E+004 1.570926E+074 2.150400E+004, Wed Oct 07 21:57:24 2015
1.75, 1.80, 1.62, 1.80 , -3.237613E-011, 1.057020E-011, -2.404281E-011, -1.088860E-013, 2.150400E+004 1.570926E+074 2.150400E+004, Wed Oct 07 21:57:30 2015
1.75, 1.80, 1.60, 1.80 , -3.992999E-011, 1.753670E-011, -2.504912E-011, -1.006360E-013, 2.150400E+004 1.570926E+074 2.150400E+004, Wed Oct 07 21:57:41 2015
1.75, 1.80, 1.58, 1.80 , -5.296987E-011, 3.229980E-011, -2.509105E-011, -8.190870E-014, 2.150400E+004 1.570926E+074 2.150400E+004, Wed Oct 07 21:57:46 2015
1.75, 1.80, 1.56, 1.80 , -8.402924E-011, 6.247940E-011, -2.613929E-011, -9.176730E-014, 2.150400E+004 1.570926E+074 2.150400E+004, Wed Oct 07 21:57:53 2015
1.75, 1.80, 1.54, 1.80 , -1.455150E-010, 1.249630E-010, -2.534263E-011, -1.204370E-013, 2.150400E+004 1.570926E+074 2.150400E+004, Wed Oct 07 21:57:59 2015
1.75, 1.80, 1.52, 1.80 , -2.771375E-010, 2.547890E-010, -2.500719E-011, -1.091720E-013, 2.150400E+004 1.570926E+074 2.150400E+004, Wed Oct 07 21:58:03 2015
1.75, 1.80, 1.50, 1.80 , -5.443919E-010, 5.227520E-010, -2.664244E-011, -1.078010E-013, 2.150400E+004 1.570926E+074 2.150400E+004, Wed Oct 07 21:58:08 2015
1.75, 1.80, 1.48, 1.80 , -1.092488E-009, 1.071860E-009, -2.773262E-011, -9.956360E-014, 2.150400E+004 1.570926E+074 2.150400E+004, Wed Oct 07 21:58:12 2015
1.75, 1.80, 1.46, 1.80 , -2.204676E-009, 2.185650E-009, -2.668437E-011, -1.019000E-013, 2.150400E+004 1.570926E+074 2.150400E+004, Wed Oct 07 21:58:16 2015
1.75, 1.80, 1.44, 1.80 , -4.403815E-009, 4.387340E-009, -2.785840E-011, -1.029250E-013, 2.150400E+004 1.570926E+074 2.150400E+004, Wed Oct 07 21:58:20 2015
1.75, 1.80, 1.42, 1.80 , -8.614090E-009, 8.591250E-009, -2.714560E-011, -9.850260E-014, 2.150400E+004 1.570926E+074 2.150400E+004, Wed Oct 07 21:58:23 2015
1.75, 1.80, 1.40, 1.80 , -1.627398E-008, 1.624300E-008, -2.886471E-011, -9.399650E-014, 2.150400E+004 1.570926E+074 2.150400E+004, Wed Oct 07 21:58:27 2015
1.75, 1.80, 1.38, 1.80 , -2.932067E-008, 2.929000E-008, -3.096119E-011, -1.127360E-013, 2.150400E+004 1.570926E+074 2.150400E+004, Wed Oct 07 21:58:31 2015
1.75, 1.80, 1.36, 1.80 , -4.993902E-008, 4.991810E-008, -2.676823E-011, -9.279250E-014, 2.150400E+004 1.570926E+074 2.150400E+004, Wed Oct 07 21:58:34 2015
1.75, 1.80, 1.34, 1.80 , -8.029433E-008, 8.029340E-008, -3.012261E-011, -1.067520E-013, 2.150400E+004 1.570926E+074 2.150400E+004, Wed Oct 07 21:58:38 2015
1.75, 1.80, 1.32, 1.80 , -1.219074E-007, 1.218170E-007, -2.961945E-011, -1.259210E-013, 2.150400E+004 1.570926E+074 2.150400E+004, Wed Oct 07 21:58:41 2015
1.75, 1.80, 1.30, 1.80 , -1.751383E-007, 1.751980E-007, -3.087734E-011, -7.634160E-014, 2.150400E+004 1.570926E+074 2.150400E+004, Wed Oct 07 21:58:45 2015
1.75, 1.80, 1.28, 1.80 , -2.397360E-007, 2.398060E-007, -2.940980E-011, -1.053210E-013, 2.150400E+004 1.570926E+074 2.150400E+004, Wed Oct 07 21:58:48 2015
1.75, 1.80, 1.26, 1.80 , -3.144706E-007, 3.144060E-007, -2.957751E-011, -1.005890E-013, 2.150400E+004 1.570926E+074 2.150400E+004, Wed Oct 07 21:58:52 2015
1.75, 1.80, 1.24, 1.80 , -3.976685E-007, 3.976310E-007, -3.146435E-011, -9.205340E-014, 2.150400E+004 1.570926E+074 2.150400E+004, Wed Oct 07 21:58:56 2015
1.75, 1.80, 1.22, 1.80 , -4.871237E-007, 4.871220E-007, -3.117084E-011, -1.078370E-013, 2.150400E+004 1.570926E+074 2.150400E+004, Wed Oct 07 21:58:59 2015
1.75, 1.80, 1.20, 1.80 , -5.823071E-007, 5.823040E-007, -3.054190E-011, -1.067880E-013, 2.150400E+004 1.570926E+074 2.150400E+004, Wed Oct 07 21:59:03 2015
1.75, 1.80, 1.18, 1.80 , -6.817231E-007, 6.816790E-007, -3.117084E-011, -1.187440E-013, 2.150400E+004 1.570926E+074 2.150400E+004, Wed Oct 07 21:59:06 2015
1.75, 1.80, 1.16, 1.80 , -7.833689E-007, 7.834080E-007, -3.096119E-011, -1.248720E-013, 2.150400E+004 1.570926E+074 2.150400E+004, Wed Oct 07 21:59:10 2015
1.75, 1.80, 1.14, 1.80 , -8.874636E-007, 8.872670E-007, -2.953559E-011, -1.033190E-013, 2.150400E+004 1.570926E+074 2.150400E+004, Wed Oct 07 21:59:13 2015
1.75, 1.80, 1.12, 1.80 , -9.928506E-007, 9.928910E-007, -3.150628E-011, -1.181240E-013, 2.150400E+004 1.570926E+074 2.150400E+004, Wed Oct 07 21:59:17 2015
1.75, 1.80, 1.10, 1.80 , -1.099539E-006, 1.099510E-006, -3.146435E-011, -1.065250E-013, 2.150400E+004 1.570926E+074 2.150400E+004, Wed Oct 07 21:59:21 2015
1.75, 1.80, 1.08, 1.80 , -1.206391E-006, 1.206310E-006, -3.179979E-011, -9.826420E-014, 2.150400E+004 1.570926E+074 2.150400E+004, Wed Oct 07 21:59:24 2015
1.75, 1.80, 1.06, 1.80 , -1.312754E-006, 1.313010E-006, -3.335118E-011, -1.161690E-013, 2.150400E+004 1.570926E+074 2.150400E+004, Wed Oct 07 21:59:28 2015
1.75, 1.80, 1.04, 1.80 , -1.419399E-006, 1.419080E-006, -3.037418E-011, -8.550880E-014, 2.150400E+004 1.570926E+074 2.150400E+004, Wed Oct 07 21:59:31 2015
1.75, 1.80, 1.02, 1.80 , -1.525433E-006, 1.525080E-006, -3.163207E-011, -1.098870E-013, 2.150400E+004 1.570926E+074 2.150400E+004, Wed Oct 07 21:59:35 2015
1.75, 1.80, 1.00, 1.80 , -1.629652E-006, 1.629850E-006, -3.083540E-011, -1.114010E-013, 2.150400E+004 1.570926E+074 2.150400E+004, Wed Oct 07 21:59:38 2015
1.75, 1.80, 0.98, 1.80 , -1.734676E-006, 1.734550E-006, -3.175786E-011, -1.033310E-013, 2.150400E+004 1.570926E+074 2.150400E+004, Wed Oct 07 21:59:42 2015
1.75, 1.80, 0.96, 1.80 , -1.837867E-006, 1.837660E-006, -3.251259E-011, -1.243350E-013, 2.150400E+004 1.570926E+074 2.150400E+004, Wed Oct 07 21:59:46 2015
1.75, 1.80, 0.94, 1.80 , -1.939642E-006, 1.939090E-006, -3.221908E-011, -9.280440E-014, 2.150400E+004 1.570926E+074 2.150400E+004, Wed Oct 07 21:59:49 2015
1.75, 1.80, 0.92, 1.80 , -2.041033E-006, 2.040770E-006, -3.364468E-011, -9.150510E-014, 2.150400E+004 1.570926E+074 2.150400E+004, Wed Oct 07 21:59:53 2015
1.75, 1.80, 0.90, 1.80 , -2.140574E-006, 2.140450E-006, -3.171593E-011, -1.107930E-013, 2.150400E+004 1.570926E+074 2.150400E+004, Wed Oct 07 21:59:56 2015
1.75, 1.80, 0.88, 1.80 , -2.238987E-006, 2.238570E-006, -3.284803E-011, -9.529590E-014, 2.150400E+004 1.570926E+074 2.150400E+004, Wed Oct 07 22:00:00 2015
1.75, 1.80, 0.86, 1.80 , -2.337327E-006, 2.337150E-006, -3.364469E-011, -1.075150E-013, 2.150400E+004 1.570926E+074 2.150400E+004, Wed Oct 07 22:00:03 2015
1.75, 1.80, 0.84, 1.80 , -2.433404E-006, 2.433080E-006, -3.293189E-011, -8.919240E-014, 2.150400E+004 1.570926E+074 2.150400E+004, Wed Oct 07 22:00:07 2015
1.75, 1.80, 0.82, 1.80 , -2.527917E-006, 2.527610E-006, -3.452522E-011, -1.081590E-013, 2.150400E+004 1.570926E+074 2.150400E+004, Wed Oct 07 22:00:10 2015
1.75, 1.80, 0.80, 1.80 , -2.621723E-006, 2.621260E-006, -3.326732E-011, -1.015070E-013, 2.150400E+004 1.570926E+074 2.150400E+004, Wed Oct 07 22:00:14 2015
1.75, 1.80, 0.78, 1.80 , -2.714538E-006, 2.714050E-006, -3.221908E-011, -1.003740E-013, 2.150400E+004 1.570926E+074 2.150400E+004, Wed Oct 07 22:00:17 2015
1.75, 1.80, 0.76, 1.80 , -2.805518E-006, 2.805070E-006, -3.431557E-011, -1.144530E-013, 2.150400E+004 1.570926E+074 2.150400E+004, Wed Oct 07 22:00:21 2015
1.75, 1.80, 0.74, 1.80 , -2.895040E-006, 2.894870E-006, -3.251259E-011, -1.070980E-013, 2.150400E+004 1.570926E+074 2.150400E+004, Wed Oct 07 22:00:25 2015
1.75, 1.80, 0.72, 1.80 , -2.983628E-006, 2.982960E-006, -3.335118E-011, -1.114730E-013, 2.150400E+004 1.570926E+074 2.150400E+004, Wed Oct 07 22:00:28 2015
1.75, 1.80, 0.70, 1.80 , -3.071153E-006, 3.070300E-006, -3.548959E-011, -1.023530E-013, 2.150400E+004 1.570926E+074 2.150400E+004, Wed Oct 07 22:00:32 2015
1.75, 1.80, 0.68, 1.80 , -3.157483E-006, 3.157170E-006, -3.477679E-011, -8.616450E-014, 2.150400E+004 1.570926E+074 2.150400E+004, Wed Oct 07 22:00:35 2015
1.75, 1.80, 0.66, 1.80 , -3.242901E-006, 3.242410E-006, -3.347697E-011, -9.967090E-014, 2.150400E+004 1.570926E+074 2.150400E+004, Wed Oct 07 22:00:39 2015
1.75, 1.80, 0.64, 1.80 , -3.326058E-006, 3.325980E-006, -3.435750E-011, -1.042720E-013, 2.150400E+004 1.570926E+074 2.150400E+004, Wed Oct 07 22:00:42 2015
1.75, 1.80, 0.62, 1.80 , -3.409504E-006, 3.408830E-006, -3.423170E-011, -1.131530E-013, 2.150400E+004 1.570926E+074 2.150400E+004, Wed Oct 07 22:00:46 2015
1.75, 1.80, 0.60, 1.80 , -3.491223E-006, 3.491450E-006, -3.385434E-011, -1.149060E-013, 2.150400E+004 1.570926E+074 2.150400E+004, Wed Oct 07 22:00:49 2015
1.75, 1.80, 0.58, 1.80 , -3.570465E-006, 3.570450E-006, -3.519608E-011, -1.173380E-013, 2.150400E+004 1.570926E+074 2.150400E+004, Wed Oct 07 22:00:53 2015
1.75, 1.80, 0.56, 1.80 , -3.650585E-006, 3.649630E-006, -3.582503E-011, -9.222030E-014, 2.150400E+004 1.570926E+074 2.150400E+004, Wed Oct 07 22:00:57 2015
1.75, 1.80, 0.54, 1.80 , -3.727857E-006, 3.727690E-006, -3.498644E-011, -1.258490E-013, 2.150400E+004 1.570926E+074 2.150400E+004, Wed Oct 07 22:01:00 2015
1.75, 1.80, 0.52, 1.80 , -3.806430E-006, 3.806700E-006, -3.431556E-011, -9.361510E-014, 2.150400E+004 1.570926E+074 2.150400E+004, Wed Oct 07 22:01:04 2015
1.75, 1.80, 0.50, 1.80 , -3.882599E-006, 3.881690E-006, -3.519609E-011, -1.157050E-013, 2.150400E+004 1.570926E+074 2.150400E+004, Wed Oct 07 22:01:07 2015
1.75, 1.80, 0.48, 1.80 , -3.958167E-006, 3.957410E-006, -3.418977E-011, -1.213310E-013, 2.150400E+004 1.570926E+074 2.150400E+004, Wed Oct 07 22:01:11 2015
1.75, 1.80, 0.46, 1.80 , -4.032594E-006, 4.031570E-006, -3.527994E-011, -1.177190E-013, 2.150400E+004 1.570926E+074 2.150400E+004, Wed Oct 07 22:01:14 2015
1.75, 1.80, 0.44, 1.80 , -4.104911E-006, 4.103940E-006, -3.427364E-011, -1.031400E-013, 2.150400E+004 1.570926E+074 2.150400E+004, Wed Oct 07 22:01:18 2015
1.75, 1.80, 0.42, 1.80 , -4.177323E-006, 4.177820E-006, -3.414784E-011, -1.126050E-013, 2.150400E+004 1.570926E+074 2.150400E+004, Wed Oct 07 22:01:21 2015
1.75, 1.80, 0.40, 1.80 , -4.249668E-006, 4.250150E-006, -3.624432E-011, -9.864570E-014, 2.150400E+004 1.570926E+074 2.150400E+004, Wed Oct 07 22:01:25 2015
1.75, 1.80, 0.38, 1.80 , -4.320152E-006, 4.319330E-006, -3.439943E-011, -1.133920E-013, 2.150400E+004 1.570926E+074 2.150400E+004, Wed Oct 07 22:01:28 2015
1.75, 1.80, 0.36, 1.80 , -4.388952E-006, 4.389110E-006, -3.750222E-011, -9.980200E-014, 2.150400E+004 1.570926E+074 2.150400E+004, Wed Oct 07 22:01:32 2015
1.75, 1.80, 0.34, 1.80 , -4.458891E-006, 4.458600E-006, -4.052114E-011, -8.612870E-014, 2.150400E+004 1.570926E+074 2.150400E+004, Wed Oct 07 22:01:36 2015
1.75, 1.80, 0.32, 1.80 , -4.526541E-006, 4.526130E-006, -3.595081E-011, -1.026630E-013, 2.150400E+004 1.570926E+074 2.150400E+004, Wed Oct 07 22:01:39 2015
1.75, 1.80, 0.30, 1.80 , -4.594400E-006, 4.593230E-006, -3.733450E-011, -1.032350E-013, 2.150400E+004 1.570926E+074 2.150400E+004, Wed Oct 07 22:01:43 2015
1.75, 1.80, 0.28, 1.80 , -4.661316E-006, 4.660630E-006, -3.766994E-011, -1.028540E-013, 2.150400E+004 1.570926E+074 2.150400E+004, Wed Oct 07 22:01:46 2015
1.75, 1.80, 0.26, 1.80 , -4.727983E-006, 4.728420E-006, -3.657976E-011, -9.649990E-014, 2.150400E+004 1.570926E+074 2.150400E+004, Wed Oct 07 22:01:50 2015
1.75, 1.80, 0.24, 1.80 , -4.793660E-006, 4.793930E-006, -3.716678E-011, -7.525680E-014, 2.150400E+004 1.570926E+074 2.150400E+004, Wed Oct 07 22:01:53 2015
1.75, 1.80, 0.22, 1.80 , -4.858841E-006, 4.857650E-006, -3.616046E-011, -9.531970E-014, 2.150400E+004 1.570926E+074 2.150400E+004, Wed Oct 07 22:01:57 2015
1.75, 1.80, 0.20, 1.80 , -4.922704E-006, 4.922330E-006, -3.766993E-011, -1.114610E-013, 2.150400E+004 1.570926E+074 2.150400E+004, Wed Oct 07 22:02:00 2015
1.75, 1.80, 0.18, 1.80 , -4.986925E-006, 4.986470E-006, -3.683134E-011, -1.017330E-013, 2.150400E+004 1.570926E+074 2.150400E+004, Wed Oct 07 22:02:04 2015
1.75, 1.80, 0.16, 1.80 , -5.048998E-006, 5.048630E-006, -3.783764E-011, -1.035810E-013, 2.150400E+004 1.570926E+074 2.150400E+004, Wed Oct 07 22:02:08 2015
1.75, 1.80, 0.14, 1.80 , -5.110895E-006, 5.110740E-006, -3.469294E-011, -1.028660E-013, 2.150400E+004 1.570926E+074 2.150400E+004, Wed Oct 07 22:02:11 2015
1.75, 1.80, 0.12, 1.80 , -5.171409E-006, 5.171000E-006, -3.473486E-011, -1.153110E-013, 2.150400E+004 1.570926E+074 2.150400E+004, Wed Oct 07 22:02:15 2015
1.75, 1.80, 0.10, 1.80 , -5.232773E-006, 5.231750E-006, -3.750221E-011, -9.171960E-014, 2.150400E+004 1.570926E+074 2.150400E+004, Wed Oct 07 22:02:18 2015
1.75, 1.80, 0.08, 1.80 , -5.292420E-006, 5.292610E-006, -3.725064E-011, -1.046180E-013, 2.150400E+004 1.570926E+074 2.150400E+004, Wed Oct 07 22:02:22 2015
1.75, 1.80, 0.06, 1.80 , -5.349933E-006, 5.349420E-006, -4.463024E-011, -1.186370E-013, 2.150400E+004 1.570926E+074 2.150400E+004, Wed Oct 07 22:02:25 2015
1.75, 1.80, 0.04, 1.80 , -5.408351E-006, 5.406860E-006, -3.766993E-011, -1.126170E-013, 2.150400E+004 1.570926E+074 2.150400E+004, Wed Oct 07 22:02:29 2015
1.75, 1.80, 0.02, 1.80 , -5.464996E-006, 5.464810E-006, -4.320463E-011, -9.502170E-014, 2.150400E+004 1.570926E+074 2.150400E+004, Wed Oct 07 22:02:32 2015
1.75, 1.80, 0.00, 1.80 , -5.522826E-006, 5.522240E-006, -3.980834E-011, -1.072880E-013, 2.150400E+004 1.570926E+074 2.150400E+004, Wed Oct 07 22:02:36 2015
1.75, 1.80, -0.02, 1.80 , -5.579794E-006, 5.578700E-006, -3.985027E-011, -1.160620E-013, 2.150400E+004 1.570926E+074 2.150400E+004, Wed Oct 07 22:02:40 2015
1.75, 1.80, -0.04, 1.80 , -5.634529E-006, 5.634270E-006, -4.018571E-011, -1.099230E-013, 2.150400E+004 1.570926E+074 2.150400E+004, Wed Oct 07 22:02:43 2015
1.75, 1.80, -0.06, 1.80 , -5.687702E-006, 5.686750E-006, -3.796344E-011, -9.975430E-014, 2.150400E+004 1.570926E+074 2.150400E+004, Wed Oct 07 22:02:47 2015
1.75, 1.80, -0.08, 1.80 , -5.741266E-006, 5.740460E-006, -4.211446E-011, -9.649990E-014, 2.150400E+004 1.570926E+074 2.150400E+004, Wed Oct 07 22:02:50 2015
1.75, 1.80, -0.10, 1.80 , -5.795182E-006, 5.794900E-006, -3.947289E-011, -9.254220E-014, 2.150400E+004 1.570926E+074 2.150400E+004, Wed Oct 07 22:02:54 2015
1.75, 1.80, -0.12, 1.80 , -5.849103E-006, 5.848850E-006, -4.022763E-011, -1.033900E-013, 2.150400E+004 1.570926E+074 2.150400E+004, Wed Oct 07 22:02:57 2015
1.75, 1.80, -0.14, 1.80 , -5.900713E-006, 5.899640E-006, -3.989219E-011, -1.162170E-013, 2.150400E+004 1.570926E+074 2.150400E+004, Wed Oct 07 22:03:01 2015
1.75, 1.80, -0.16, 1.80 , -5.951625E-006, 5.951200E-006, -4.031148E-011, -1.208190E-013, 2.150400E+004 1.570926E+074 2.150400E+004, Wed Oct 07 22:03:04 2015
1.75, 1.80, -0.18, 1.80 , -6.002966E-006, 6.002030E-006, -3.980833E-011, -1.144770E-013, 2.150400E+004 1.570926E+074 2.150400E+004, Wed Oct 07 22:03:08 2015
1.75, 1.80, -0.20, 1.80 , -6.054104E-006, 6.053570E-006, -3.934711E-011, -8.754730E-014, 2.150400E+004 1.570926E+074 2.150400E+004, Wed Oct 07 22:03:12 2015
