1.80, 1.80, -0.20, 1.80 , 8.899868E-010, -3.446210E-010, -5.814470E-010, 7.535660E-010, 2.150400E+004 1.570926E+074 2.150400E+004, Sun Aug 16 22:29:49 2015
1.75, 1.80, -0.20, 1.80 , -1.938181E-007, 1.927220E-007, -5.365426E-010, 7.654790E-010, 2.150400E+004 1.570926E+074 2.150400E+004, Sun Aug 16 22:29:53 2015
1.70, 1.80, -0.20, 1.80 , -3.787243E-007, 3.790730E-007, -5.287851E-010, 7.673490E-010, 2.150400E+004 1.570926E+074 2.150400E+004, Sun Aug 16 22:29:57 2015
1.65, 1.80, -0.20, 1.80 , -5.536240E-007, 5.540040E-007, -5.314684E-010, 7.739380E-010, 2.150400E+004 1.570926E+074 2.150400E+004, Sun Aug 16 22:30:00 2015
1.60, 1.80, -0.20, 1.80 , -7.194806E-007, 7.199200E-007, -5.308816E-010, 7.741600E-010, 2.150400E+004 1.570926E+074 2.150400E+004, Sun Aug 16 22:30:03 2015
1.55, 1.80, -0.20, 1.80 , -8.769583E-007, 8.773230E-007, -5.296661E-010, 7.813000E-010, 2.150400E+004 1.570926E+074 2.150400E+004, Sun Aug 16 22:30:06 2015
1.50, 1.80, -0.20, 1.80 , -1.026607E-006, 1.026750E-006, -5.250953E-010, 7.564120E-010, 2.150400E+004 1.570926E+074 2.150400E+004, Sun Aug 16 22:30:10 2015
1.45, 1.80, -0.20, 1.80 , -1.168190E-006, 1.168600E-006, -5.177155E-010, 7.630070E-010, 2.150400E+004 1.570926E+074 2.150400E+004, Sun Aug 16 22:30:13 2015
1.40, 1.80, -0.20, 1.80 , -1.301086E-006, 1.301440E-006, -5.018670E-010, 7.563170E-010, 2.150400E+004 1.570926E+074 2.150400E+004, Sun Aug 16 22:30:16 2015
1.35, 1.80, -0.20, 1.80 , -1.425254E-006, 1.425500E-006, -5.122647E-010, 7.596590E-010, 2.150400E+004 1.570926E+074 2.150400E+004, Sun Aug 16 22:30:20 2015
1.30, 1.80, -0.20, 1.80 , -1.541201E-006, 1.541400E-006, -5.049698E-010, 7.643830E-010, 2.150400E+004 1.570926E+074 2.150400E+004, Sun Aug 16 22:30:23 2015
1.25, 1.80, -0.20, 1.80 , -1.649459E-006, 1.649880E-006, -5.241731E-010, 7.888220E-010, 2.150400E+004 1.570926E+074 2.150400E+004, Sun Aug 16 22:30:26 2015
1.20, 1.80, -0.20, 1.80 , -1.748566E-006, 1.749090E-006, -5.180094E-010, 7.796980E-010, 2.150400E+004 1.570926E+074 2.150400E+004, Sun Aug 16 22:30:30 2015
1.15, 1.80, -0.20, 1.80 , -1.838634E-006, 1.839150E-006, -5.027898E-010, 7.715320E-010, 2.150400E+004 1.570926E+074 2.150400E+004, Sun Aug 16 22:30:33 2015
1.10, 1.80, -0.20, 1.80 , -1.921315E-006, 1.921850E-006, -4.908821E-010, 7.714290E-010, 2.150400E+004 1.570926E+074 2.150400E+004, Sun Aug 16 22:30:36 2015
1.05, 1.80, -0.20, 1.80 , -1.994629E-006, 1.995150E-006, -5.081135E-010, 7.860520E-010, 2.150400E+004 1.570926E+074 2.150400E+004, Sun Aug 16 22:30:39 2015
1.00, 1.80, -0.20, 1.80 , -2.057108E-006, 2.057270E-006, -5.073176E-010, 7.730060E-010, 2.150400E+004 1.570926E+074 2.150400E+004, Sun Aug 16 22:30:43 2015
0.95, 1.80, -0.20, 1.80 , -2.112828E-006, 2.113210E-006, -4.978415E-010, 7.725090E-010, 2.150400E+004 1.570926E+074 2.150400E+004, Sun Aug 16 22:30:46 2015
0.90, 1.80, -0.20, 1.80 , -2.159538E-006, 2.159990E-006, -5.206509E-010, 8.018310E-010, 2.150400E+004 1.570926E+074 2.150400E+004, Sun Aug 16 22:30:49 2015
0.85, 1.80, -0.20, 1.80 , -2.197266E-006, 2.197900E-006, -5.322231E-010, 8.034520E-010, 2.150400E+004 1.570926E+074 2.150400E+004, Sun Aug 16 22:30:52 2015
0.80, 1.80, -0.20, 1.80 , -2.227255E-006, 2.227200E-006, -5.125166E-010, 7.993080E-010, 2.150400E+004 1.570926E+074 2.150400E+004, Sun Aug 16 22:30:56 2015
0.75, 1.80, -0.20, 1.80 , -2.249820E-006, 2.249920E-006, -4.891615E-010, 7.844840E-010, 2.150400E+004 1.570926E+074 2.150400E+004, Sun Aug 16 22:30:59 2015
0.70, 1.80, -0.20, 1.80 , -2.264891E-006, 2.265200E-006, -5.046343E-010, 7.703410E-010, 2.150400E+004 1.570926E+074 2.150400E+004, Sun Aug 16 22:31:02 2015
0.65, 1.80, -0.20, 1.80 , -2.276229E-006, 2.275870E-006, -4.935232E-010, 7.690950E-010, 2.150400E+004 1.570926E+074 2.150400E+004, Sun Aug 16 22:31:05 2015
0.60, 1.80, -0.20, 1.80 , -2.280889E-006, 2.281040E-006, -4.960386E-010, 7.687010E-010, 2.150400E+004 1.570926E+074 2.150400E+004, Sun Aug 16 22:31:09 2015
0.55, 1.80, -0.20, 1.80 , -2.288207E-006, 2.287830E-006, -4.918460E-010, 7.532350E-010, 2.150400E+004 1.570926E+074 2.150400E+004, Sun Aug 16 22:31:12 2015
0.50, 1.80, -0.20, 1.80 , -2.289539E-006, 2.290100E-006, -4.927683E-010, 7.599900E-010, 2.150400E+004 1.570926E+074 2.150400E+004, Sun Aug 16 22:31:15 2015
0.45, 1.80, -0.20, 1.80 , -2.291237E-006, 2.291590E-006, -4.779249E-010, 7.501750E-010, 2.150400E+004 1.570926E+074 2.150400E+004, Sun Aug 16 22:31:18 2015
0.40, 1.80, -0.20, 1.80 , -2.294951E-006, 2.295130E-006, -4.834181E-010, 7.481580E-010, 2.150400E+004 1.570926E+074 2.150400E+004, Sun Aug 16 22:31:22 2015
0.35, 1.80, -0.20, 1.80 , -2.293839E-006, 2.294100E-006, -4.699168E-010, 7.646140E-010, 2.150400E+004 1.570926E+074 2.150400E+004, Sun Aug 16 22:31:25 2015
0.30, 1.80, -0.20, 1.80 , -2.293591E-006, 2.293160E-006, -4.916353E-010, 7.915130E-010, 2.150400E+004 1.570926E+074 2.150400E+004, Sun Aug 16 22:31:28 2015
0.25, 1.80, -0.20, 1.80 , -2.295522E-006, 2.295370E-006, -5.021605E-010, 7.856490E-010, 2.150400E+004 1.570926E+074 2.150400E+004, Sun Aug 16 22:31:31 2015
0.20, 1.80, -0.20, 1.80 , -2.292521E-006, 2.292440E-006, -4.970863E-010, 7.964880E-010, 2.150400E+004 1.570926E+074 2.150400E+004, Sun Aug 16 22:31:35 2015
0.15, 1.80, -0.20, 1.80 , -2.295083E-006, 2.293650E-006, -4.671910E-010, 7.564830E-010, 2.150400E+004 1.570926E+074 2.150400E+004, Sun Aug 16 22:31:38 2015
0.10, 1.80, -0.20, 1.80 , -2.294307E-006, 2.293880E-006, -4.876949E-010, 7.650970E-010, 2.150400E+004 1.570926E+074 2.150400E+004, Sun Aug 16 22:31:41 2015
0.05, 1.80, -0.20, 1.80 , -2.296388E-006, 2.296000E-006, -4.724325E-010, 7.549050E-010, 2.150400E+004 1.570926E+074 2.150400E+004, Sun Aug 16 22:31:44 2015
0.00, 1.80, -0.20, 1.80 , -2.295384E-006, 2.294170E-006, -4.640884E-010, 7.530880E-010, 2.150400E+004 1.570926E+074 2.150400E+004, Sun Aug 16 22:31:48 2015
-0.05, 1.80, -0.20, 1.80 , -2.296904E-006, 2.296080E-006, -4.825794E-010, 7.538860E-010, 2.150400E+004 1.570926E+074 2.150400E+004, Sun Aug 16 22:31:51 2015
-0.10, 1.80, -0.20, 1.80 , -2.295046E-006, 2.295320E-006, -4.682810E-010, 7.485550E-010, 2.150400E+004 1.570926E+074 2.150400E+004, Sun Aug 16 22:31:54 2015
-0.15, 1.80, -0.20, 1.80 , -2.296857E-006, 2.294820E-006, -4.721389E-010, 7.496300E-010, 2.150400E+004 1.570926E+074 2.150400E+004, Sun Aug 16 22:31:57 2015
-0.20, 1.80, -0.20, 1.80 , -2.295466E-006, 2.295100E-006, -4.745289E-010, 7.562200E-010, 2.150400E+004 1.570926E+074 2.150400E+004, Sun Aug 16 22:32:01 2015
