1.80, 1.80, 1.00, 1.80 , 6.653866E-010, -1.597660E-010, 8.365496E-012, -1.128790E-013, 2.150400E+004 1.570926E+074 2.150400E+004, Thu Sep 10 03:42:33 2015
1.75, 1.80, 1.00, 1.80 , -2.472384E-006, 2.484480E-006, 8.239704E-012, -1.053810E-013, 2.150400E+004 1.570926E+074 2.150400E+004, Thu Sep 10 03:42:38 2015
1.70, 1.80, 1.00, 1.80 , -1.030785E-005, 1.032500E-005, 1.171950E-011, -1.135230E-013, 2.150400E+004 1.570926E+074 2.150400E+004, Thu Sep 10 03:42:41 2015
1.65, 1.80, 1.00, 1.80 , -2.161551E-005, 2.163280E-005, 1.213873E-011, -1.045700E-013, 2.150400E+004 1.570926E+074 2.150400E+004, Thu Sep 10 03:42:45 2015
1.60, 1.80, 1.00, 1.80 , -3.377332E-005, 3.378010E-005, 1.092291E-011, -9.280440E-014, 2.150400E+004 1.570926E+074 2.150400E+004, Thu Sep 10 03:42:49 2015
1.55, 1.80, 1.00, 1.80 , -4.375743E-005, 4.375110E-005, 1.041980E-011, -9.394880E-014, 2.150400E+004 1.570926E+074 2.150400E+004, Thu Sep 10 03:42:52 2015
1.50, 1.80, 1.00, 1.80 , -5.035476E-005, 5.034510E-005, 9.329766E-012, -9.138580E-014, 2.150400E+004 1.570926E+074 2.150400E+004, Thu Sep 10 03:42:56 2015
1.45, 1.80, 1.00, 1.80 , -5.395109E-005, 5.396210E-005, 1.180333E-011, -1.062040E-013, 2.150400E+004 1.570926E+074 2.150400E+004, Thu Sep 10 03:42:59 2015
1.40, 1.80, 1.00, 1.80 , -5.596567E-005, 5.595390E-005, 1.142600E-011, -9.031300E-014, 2.150400E+004 1.570926E+074 2.150400E+004, Thu Sep 10 03:43:03 2015
1.35, 1.80, 1.00, 1.80 , -5.717029E-005, 5.717480E-005, 1.331265E-011, -9.419920E-014, 2.150400E+004 1.570926E+074 2.150400E+004, Thu Sep 10 03:43:06 2015
1.30, 1.80, 1.00, 1.80 , -5.802441E-005, 5.802400E-005, 1.201297E-011, -9.235140E-014, 2.150400E+004 1.570926E+074 2.150400E+004, Thu Sep 10 03:43:10 2015
1.25, 1.80, 1.00, 1.80 , -5.870211E-005, 5.870030E-005, 1.360614E-011, -9.318590E-014, 2.150400E+004 1.570926E+074 2.150400E+004, Thu Sep 10 03:43:13 2015
1.20, 1.80, 1.00, 1.80 , -5.934371E-005, 5.936440E-005, 1.096485E-011, -1.095650E-013, 2.150400E+004 1.570926E+074 2.150400E+004, Thu Sep 10 03:43:17 2015
1.15, 1.80, 1.00, 1.80 , -5.995320E-005, 5.995210E-005, 1.184528E-011, -9.344820E-014, 2.150400E+004 1.570926E+074 2.150400E+004, Thu Sep 10 03:43:21 2015
1.10, 1.80, 1.00, 1.80 , -6.050223E-005, 6.052550E-005, 1.293534E-011, -8.291010E-014, 2.150400E+004 1.570926E+074 2.150400E+004, Thu Sep 10 03:43:24 2015
1.05, 1.80, 1.00, 1.80 , -6.102677E-005, 6.105130E-005, 1.536696E-011, -1.075270E-013, 2.150400E+004 1.570926E+074 2.150400E+004, Thu Sep 10 03:43:28 2015
1.00, 1.80, 1.00, 1.80 , -6.157978E-005, 6.157910E-005, 1.276762E-011, -1.126170E-013, 2.150400E+004 1.570926E+074 2.150400E+004, Thu Sep 10 03:43:31 2015
0.95, 1.80, 1.00, 1.80 , -6.208059E-005, 6.210920E-005, 1.310300E-011, -9.039640E-014, 2.150400E+004 1.570926E+074 2.150400E+004, Thu Sep 10 03:43:35 2015
0.90, 1.80, 1.00, 1.80 , -6.258777E-005, 6.261910E-005, 1.373190E-011, -1.037720E-013, 2.150400E+004 1.570926E+074 2.150400E+004, Thu Sep 10 03:43:38 2015
0.85, 1.80, 1.00, 1.80 , -6.308188E-005, 6.311140E-005, 1.331264E-011, -1.065250E-013, 2.150400E+004 1.570926E+074 2.150400E+004, Thu Sep 10 03:43:42 2015
0.80, 1.80, 1.00, 1.80 , -6.353496E-005, 6.354760E-005, 1.490581E-011, -1.008630E-013, 2.150400E+004 1.570926E+074 2.150400E+004, Thu Sep 10 03:43:45 2015
0.75, 1.80, 1.00, 1.80 , -6.404777E-005, 6.405760E-005, 1.431884E-011, -1.069070E-013, 2.150400E+004 1.570926E+074 2.150400E+004, Thu Sep 10 03:43:49 2015
0.70, 1.80, 1.00, 1.80 , -6.475849E-005, 6.478040E-005, 1.318687E-011, -9.726290E-014, 2.150400E+004 1.570926E+074 2.150400E+004, Thu Sep 10 03:43:52 2015
0.65, 1.80, 1.00, 1.80 , -6.666068E-005, 6.668030E-005, 1.595393E-011, -1.062390E-013, 2.150400E+004 1.570926E+074 2.150400E+004, Thu Sep 10 03:43:56 2015
0.60, 1.80, 1.00, 1.80 , -6.913643E-005, 6.913450E-005, 1.536700E-011, -1.082060E-013, 2.150400E+004 1.570926E+074 2.150400E+004, Thu Sep 10 03:44:00 2015
0.55, 1.80, 1.00, 1.80 , -7.118552E-005, 7.123150E-005, 1.352230E-011, -1.387720E-013, 2.150400E+004 1.570926E+074 2.150400E+004, Thu Sep 10 03:44:03 2015
0.50, 1.80, 1.00, 1.80 , -7.291913E-005, 7.297270E-005, 1.373191E-011, -9.081360E-014, 2.150400E+004 1.570926E+074 2.150400E+004, Thu Sep 10 03:44:07 2015
0.45, 1.80, 1.00, 1.80 , -7.458743E-005, 7.464760E-005, 1.645703E-011, -1.079080E-013, 2.150400E+004 1.570926E+074 2.150400E+004, Thu Sep 10 03:44:10 2015
0.40, 1.80, 1.00, 1.80 , -7.622853E-005, 7.632290E-005, 1.725359E-011, -1.057980E-013, 2.150400E+004 1.570926E+074 2.150400E+004, Thu Sep 10 03:44:14 2015
0.35, 1.80, 1.00, 1.80 , -7.784323E-005, 7.781780E-005, 1.721167E-011, -9.430650E-014, 2.150400E+004 1.570926E+074 2.150400E+004, Thu Sep 10 03:44:17 2015
0.30, 1.80, 1.00, 1.80 , -7.942961E-005, 7.947330E-005, 1.809211E-011, -1.005530E-013, 2.150400E+004 1.570926E+074 2.150400E+004, Thu Sep 10 03:44:21 2015
0.25, 1.80, 1.00, 1.80 , -8.117827E-005, 8.118940E-005, 1.599586E-011, -8.163450E-014, 2.150400E+004 1.570926E+074 2.150400E+004, Thu Sep 10 03:44:24 2015
0.20, 1.80, 1.00, 1.80 , -8.300746E-005, 8.309790E-005, 1.737940E-011, -9.191040E-014, 2.150400E+004 1.570926E+074 2.150400E+004, Thu Sep 10 03:44:28 2015
0.15, 1.80, 1.00, 1.80 , -8.498577E-005, 8.504550E-005, 1.784055E-011, -8.988380E-014, 2.150400E+004 1.570926E+074 2.150400E+004, Thu Sep 10 03:44:31 2015
0.10, 1.80, 1.00, 1.80 , -8.692470E-005, 8.694440E-005, 1.733748E-011, -9.472370E-014, 2.150400E+004 1.570926E+074 2.150400E+004, Thu Sep 10 03:44:35 2015
0.05, 1.80, 1.00, 1.80 , -8.907662E-005, 8.912380E-005, 1.779864E-011, -9.996890E-014, 2.150400E+004 1.570926E+074 2.150400E+004, Thu Sep 10 03:44:39 2015
0.00, 1.80, 1.00, 1.80 , -9.144645E-005, 9.146040E-005, 1.540890E-011, -1.057510E-013, 2.150400E+004 1.570926E+074 2.150400E+004, Thu Sep 10 03:44:42 2015
-0.05, 1.80, 1.00, 1.80 , -9.399541E-005, 9.401090E-005, 1.649896E-011, -1.078130E-013, 2.150400E+004 1.570926E+074 2.150400E+004, Thu Sep 10 03:44:46 2015
-0.10, 1.80, 1.00, 1.80 , -9.666089E-005, 9.668410E-005, 1.905638E-011, -1.147150E-013, 2.150400E+004 1.570926E+074 2.150400E+004, Thu Sep 10 03:44:49 2015
-0.15, 1.80, 1.00, 1.80 , -9.935200E-005, 9.938940E-005, 1.838556E-011, -9.396080E-014, 2.150400E+004 1.570926E+074 2.150400E+004, Thu Sep 10 03:44:53 2015
-0.20, 1.80, 1.00, 1.80 , -1.018566E-004, 1.018600E-004, 1.754707E-011, -1.128320E-013, 2.150400E+004 1.570926E+074 2.150400E+004, Thu Sep 10 03:44:56 2015
