1.80, 1.80, 1.40, 1.80 , 3.424313E-009, -3.085610E-009, -2.068873E-011, -9.179120E-014, 2.150400E+004 1.570926E+074 2.150400E+004, Sat Sep 05 02:55:16 2015
1.75, 1.80, 1.40, 1.80 , -5.777600E-007, 5.793950E-007, 1.346417E-010, -9.638070E-014, 2.150400E+004 1.570926E+074 2.150400E+004, Sat Sep 05 02:55:19 2015
1.70, 1.80, 1.40, 1.80 , -7.225113E-007, 7.233070E-007, 1.631504E-010, -1.152750E-013, 2.150400E+004 1.570926E+074 2.150400E+004, Sat Sep 05 02:55:23 2015
1.65, 1.80, 1.40, 1.80 , -7.646791E-007, 7.649720E-007, 1.756020E-010, -1.027700E-013, 2.150400E+004 1.570926E+074 2.150400E+004, Sat Sep 05 02:55:26 2015
1.60, 1.80, 1.40, 1.80 , -7.861129E-007, 7.863640E-007, 1.836095E-010, -9.961130E-014, 2.150400E+004 1.570926E+074 2.150400E+004, Sat Sep 05 02:55:30 2015
1.55, 1.80, 1.40, 1.80 , -8.017711E-007, 8.013360E-007, 1.891435E-010, -1.117830E-013, 2.150400E+004 1.570926E+074 2.150400E+004, Sat Sep 05 02:55:34 2015
1.50, 1.80, 1.40, 1.80 , -8.158985E-007, 8.165090E-007, 1.928331E-010, -1.008630E-013, 2.150400E+004 1.570926E+074 2.150400E+004, Sat Sep 05 02:55:37 2015
1.45, 1.80, 1.40, 1.80 , -8.276118E-007, 8.275010E-007, 1.947614E-010, -1.010060E-013, 2.150400E+004 1.570926E+074 2.150400E+004, Sat Sep 05 02:55:41 2015
1.40, 1.80, 1.40, 1.80 , -8.419896E-007, 8.420560E-007, 1.999603E-010, -8.524660E-014, 2.150400E+004 1.570926E+074 2.150400E+004, Sat Sep 05 02:55:44 2015
1.35, 1.80, 1.40, 1.80 , -8.535121E-007, 8.541670E-007, 1.993731E-010, -1.183270E-013, 2.150400E+004 1.570926E+074 2.150400E+004, Sat Sep 05 02:55:48 2015
1.30, 1.80, 1.40, 1.80 , -8.658234E-007, 8.665410E-007, 2.044042E-010, -1.149890E-013, 2.150400E+004 1.570926E+074 2.150400E+004, Sat Sep 05 02:55:51 2015
1.25, 1.80, 1.40, 1.80 , -8.765683E-007, 8.776100E-007, 2.057038E-010, -9.298320E-014, 2.150400E+004 1.570926E+074 2.150400E+004, Sat Sep 05 02:55:55 2015
1.20, 1.80, 1.40, 1.80 , -8.891874E-007, 8.895760E-007, 2.082193E-010, -1.262430E-013, 2.150400E+004 1.570926E+074 2.150400E+004, Sat Sep 05 02:55:58 2015
1.15, 1.80, 1.40, 1.80 , -8.995707E-007, 8.991860E-007, 2.076323E-010, -1.166340E-013, 2.150400E+004 1.570926E+074 2.150400E+004, Sat Sep 05 02:56:02 2015
1.10, 1.80, 1.40, 1.80 , -9.132697E-007, 9.128930E-007, 2.092255E-010, -1.009700E-013, 2.150400E+004 1.570926E+074 2.150400E+004, Sat Sep 05 02:56:06 2015
1.05, 1.80, 1.40, 1.80 , -9.236081E-007, 9.233480E-007, 2.106929E-010, -9.291170E-014, 2.150400E+004 1.570926E+074 2.150400E+004, Sat Sep 05 02:56:09 2015
1.00, 1.80, 1.40, 1.80 , -9.326933E-007, 9.335360E-007, 2.133760E-010, -8.586650E-014, 2.150400E+004 1.570926E+074 2.150400E+004, Sat Sep 05 02:56:13 2015
0.95, 1.80, 1.40, 1.80 , -9.431292E-007, 9.436070E-007, 2.161848E-010, -9.690520E-014, 2.150400E+004 1.570926E+074 2.150400E+004, Sat Sep 05 02:56:16 2015
0.90, 1.80, 1.40, 1.80 , -9.532183E-007, 9.550980E-007, 2.138791E-010, -1.053210E-013, 2.150400E+004 1.570926E+074 2.150400E+004, Sat Sep 05 02:56:20 2015
0.85, 1.80, 1.40, 1.80 , -9.642764E-007, 9.642290E-007, 2.173169E-010, -9.768010E-014, 2.150400E+004 1.570926E+074 2.150400E+004, Sat Sep 05 02:56:23 2015
0.80, 1.80, 1.40, 1.80 , -9.742146E-007, 9.758370E-007, 2.176942E-010, -8.862020E-014, 2.150400E+004 1.570926E+074 2.150400E+004, Sat Sep 05 02:56:27 2015
0.75, 1.80, 1.40, 1.80 , -9.857313E-007, 9.857250E-007, 2.179039E-010, -1.029970E-013, 2.150400E+004 1.570926E+074 2.150400E+004, Sat Sep 05 02:56:30 2015
0.70, 1.80, 1.40, 1.80 , -9.948005E-007, 9.947970E-007, 2.207967E-010, -9.065870E-014, 2.150400E+004 1.570926E+074 2.150400E+004, Sat Sep 05 02:56:34 2015
0.65, 1.80, 1.40, 1.80 , -1.005129E-006, 1.006070E-006, 2.196227E-010, -8.386370E-014, 2.150400E+004 1.570926E+074 2.150400E+004, Sat Sep 05 02:56:38 2015
0.60, 1.80, 1.40, 1.80 , -1.016376E-006, 1.014130E-006, 2.227251E-010, -9.850260E-014, 2.150400E+004 1.570926E+074 2.150400E+004, Sat Sep 05 02:56:41 2015
0.55, 1.80, 1.40, 1.80 , -1.025256E-006, 1.025750E-006, 2.250729E-010, -1.036520E-013, 2.150400E+004 1.570926E+074 2.150400E+004, Sat Sep 05 02:56:45 2015
0.50, 1.80, 1.40, 1.80 , -1.036183E-006, 1.035880E-006, 2.250729E-010, -1.072530E-013, 2.150400E+004 1.570926E+074 2.150400E+004, Sat Sep 05 02:56:48 2015
0.45, 1.80, 1.40, 1.80 , -1.045332E-006, 1.045160E-006, 2.267079E-010, -1.106380E-013, 2.150400E+004 1.570926E+074 2.150400E+004, Sat Sep 05 02:56:52 2015
0.40, 1.80, 1.40, 1.80 , -1.056277E-006, 1.056640E-006, 2.252826E-010, -1.072170E-013, 2.150400E+004 1.570926E+074 2.150400E+004, Sat Sep 05 02:56:56 2015
0.35, 1.80, 1.40, 1.80 , -1.066884E-006, 1.066750E-006, 2.251987E-010, -1.067520E-013, 2.150400E+004 1.570926E+074 2.150400E+004, Sat Sep 05 02:56:59 2015
0.30, 1.80, 1.40, 1.80 , -1.076915E-006, 1.077780E-006, 2.301878E-010, -1.186850E-013, 2.150400E+004 1.570926E+074 2.150400E+004, Sat Sep 05 02:57:03 2015
0.25, 1.80, 1.40, 1.80 , -1.086509E-006, 1.087020E-006, 2.294750E-010, -1.203060E-013, 2.150400E+004 1.570926E+074 2.150400E+004, Sat Sep 05 02:57:06 2015
0.20, 1.80, 1.40, 1.80 , -1.098941E-006, 1.098330E-006, 2.316549E-010, -9.578470E-014, 2.150400E+004 1.570926E+074 2.150400E+004, Sat Sep 05 02:57:10 2015
0.15, 1.80, 1.40, 1.80 , -1.106842E-006, 1.107370E-006, 2.317808E-010, -1.031040E-013, 2.150400E+004 1.570926E+074 2.150400E+004, Sat Sep 05 02:57:13 2015
0.10, 1.80, 1.40, 1.80 , -1.118002E-006, 1.117950E-006, 2.335415E-010, -8.577110E-014, 2.150400E+004 1.570926E+074 2.150400E+004, Sat Sep 05 02:57:17 2015
0.05, 1.80, 1.40, 1.80 , -1.128100E-006, 1.126760E-006, 2.346317E-010, -9.323360E-014, 2.150400E+004 1.570926E+074 2.150400E+004, Sat Sep 05 02:57:20 2015
0.00, 1.80, 1.40, 1.80 , -1.137755E-006, 1.139580E-006, 2.337514E-010, -1.237270E-013, 2.150400E+004 1.570926E+074 2.150400E+004, Sat Sep 05 02:57:24 2015
-0.05, 1.80, 1.40, 1.80 , -1.149449E-006, 1.148210E-006, 2.345477E-010, -1.087780E-013, 2.150400E+004 1.570926E+074 2.150400E+004, Sat Sep 05 02:57:27 2015
-0.10, 1.80, 1.40, 1.80 , -1.156100E-006, 1.157540E-006, 2.336674E-010, -1.067040E-013, 2.150400E+004 1.570926E+074 2.150400E+004, Sat Sep 05 02:57:31 2015
-0.15, 1.80, 1.40, 1.80 , -1.165148E-006, 1.167820E-006, 2.340446E-010, -9.782310E-014, 2.150400E+004 1.570926E+074 2.150400E+004, Sat Sep 05 02:57:35 2015
-0.20, 1.80, 1.40, 1.80 , -1.175583E-006, 1.176530E-006, 2.381534E-010, -1.011490E-013, 2.150400E+004 1.570926E+074 2.150400E+004, Sat Sep 05 02:57:38 2015
