1.80, 1.80, 0.60, 1.80 , 8.334962E-010, -3.382800E-010, -1.968249E-011, -9.107590E-014, 2.150400E+004 1.570926E+074 2.150400E+004, Thu Sep 10 03:45:09 2015
1.75, 1.80, 0.60, 1.80 , -4.656647E-006, 4.678330E-006, -1.943094E-011, -9.413960E-014, 2.150400E+004 1.570926E+074 2.150400E+004, Thu Sep 10 03:45:14 2015
1.70, 1.80, 0.60, 1.80 , -1.988986E-005, 1.992100E-005, -2.068869E-011, -1.035690E-013, 2.150400E+004 1.570926E+074 2.150400E+004, Thu Sep 10 03:45:18 2015
1.65, 1.80, 0.60, 1.80 , -4.516335E-005, 4.520290E-005, -1.934709E-011, -8.149150E-014, 2.150400E+004 1.570926E+074 2.150400E+004, Thu Sep 10 03:45:21 2015
1.60, 1.80, 0.60, 1.80 , -8.175331E-005, 8.180540E-005, -1.951479E-011, -1.011010E-013, 2.150400E+004 1.570926E+074 2.150400E+004, Thu Sep 10 03:45:25 2015
1.55, 1.80, 0.60, 1.80 , -1.257518E-004, 1.257940E-004, -1.762816E-011, -8.819100E-014, 2.150400E+004 1.570926E+074 2.150400E+004, Thu Sep 10 03:45:28 2015
1.50, 1.80, 0.60, 1.80 , -1.710780E-004, 1.711300E-004, -2.031137E-011, -7.872580E-014, 2.150400E+004 1.570926E+074 2.150400E+004, Thu Sep 10 03:45:32 2015
1.45, 1.80, 0.60, 1.80 , -2.139084E-004, 2.139250E-004, -1.813126E-011, -1.046060E-013, 2.150400E+004 1.570926E+074 2.150400E+004, Thu Sep 10 03:45:36 2015
1.40, 1.80, 0.60, 1.80 , -2.526198E-004, 2.526330E-004, -1.557382E-011, -9.303090E-014, 2.150400E+004 1.570926E+074 2.150400E+004, Thu Sep 10 03:45:39 2015
1.35, 1.80, 0.60, 1.80 , -2.865202E-004, 2.865460E-004, -1.708313E-011, -8.225440E-014, 2.150400E+004 1.570926E+074 2.150400E+004, Thu Sep 10 03:45:43 2015
1.30, 1.80, 0.60, 1.80 , -3.157482E-004, 3.157700E-004, -1.561575E-011, -8.381610E-014, 2.150400E+004 1.570926E+074 2.150400E+004, Thu Sep 10 03:45:46 2015
1.25, 1.80, 0.60, 1.80 , -3.402665E-004, 3.402810E-004, -1.771201E-011, -8.409020E-014, 2.150400E+004 1.570926E+074 2.150400E+004, Thu Sep 10 03:45:50 2015
1.20, 1.80, 0.60, 1.80 , -3.601390E-004, 3.601330E-004, -1.725083E-011, -8.955000E-014, 2.150400E+004 1.570926E+074 2.150400E+004, Thu Sep 10 03:45:53 2015
1.15, 1.80, 0.60, 1.80 , -3.757215E-004, 3.757290E-004, -1.767008E-011, -9.927750E-014, 2.150400E+004 1.570926E+074 2.150400E+004, Thu Sep 10 03:45:57 2015
1.10, 1.80, 0.60, 1.80 , -3.876962E-004, 3.876830E-004, -1.901169E-011, -1.022220E-013, 2.150400E+004 1.570926E+074 2.150400E+004, Thu Sep 10 03:46:00 2015
1.05, 1.80, 0.60, 1.80 , -3.965884E-004, 3.965950E-004, -1.662195E-011, -1.124860E-013, 2.150400E+004 1.570926E+074 2.150400E+004, Thu Sep 10 03:46:04 2015
1.00, 1.80, 0.60, 1.80 , -4.030340E-004, 4.030270E-004, -1.603500E-011, -1.066330E-013, 2.150400E+004 1.570926E+074 2.150400E+004, Thu Sep 10 03:46:08 2015
0.95, 1.80, 0.60, 1.80 , -4.078981E-004, 4.079110E-004, -1.544804E-011, -9.479520E-014, 2.150400E+004 1.570926E+074 2.150400E+004, Thu Sep 10 03:46:11 2015
0.90, 1.80, 0.60, 1.80 , -4.116348E-004, 4.116520E-004, -1.641232E-011, -1.131180E-013, 2.150400E+004 1.570926E+074 2.150400E+004, Thu Sep 10 03:46:15 2015
0.85, 1.80, 0.60, 1.80 , -4.146024E-004, 4.145910E-004, -1.528034E-011, -1.074190E-013, 2.150400E+004 1.570926E+074 2.150400E+004, Thu Sep 10 03:46:18 2015
0.80, 1.80, 0.60, 1.80 , -4.171098E-004, 4.171140E-004, -1.486109E-011, -1.003030E-013, 2.150400E+004 1.570926E+074 2.150400E+004, Thu Sep 10 03:46:22 2015
0.75, 1.80, 0.60, 1.80 , -4.194019E-004, 4.194140E-004, -1.611885E-011, -7.513760E-014, 2.150400E+004 1.570926E+074 2.150400E+004, Thu Sep 10 03:46:25 2015
0.70, 1.80, 0.60, 1.80 , -4.214545E-004, 4.214810E-004, -1.322602E-011, -1.130460E-013, 2.150400E+004 1.570926E+074 2.150400E+004, Thu Sep 10 03:46:29 2015
0.65, 1.80, 0.60, 1.80 , -4.233854E-004, 4.233920E-004, -1.502880E-011, -7.382630E-014, 2.150400E+004 1.570926E+074 2.150400E+004, Thu Sep 10 03:46:32 2015
0.60, 1.80, 0.60, 1.80 , -4.251849E-004, 4.252050E-004, -1.213596E-011, -1.224400E-013, 2.150400E+004 1.570926E+074 2.150400E+004, Thu Sep 10 03:46:36 2015
0.55, 1.80, 0.60, 1.80 , -4.268605E-004, 4.268820E-004, -1.201019E-011, -9.146930E-014, 2.150400E+004 1.570926E+074 2.150400E+004, Thu Sep 10 03:46:39 2015
0.50, 1.80, 0.60, 1.80 , -4.284755E-004, 4.284810E-004, -1.473531E-011, -8.214710E-014, 2.150400E+004 1.570926E+074 2.150400E+004, Thu Sep 10 03:46:43 2015
0.45, 1.80, 0.60, 1.80 , -4.300632E-004, 4.300880E-004, -1.318409E-011, -1.023890E-013, 2.150400E+004 1.570926E+074 2.150400E+004, Thu Sep 10 03:46:47 2015
0.40, 1.80, 0.60, 1.80 , -4.317781E-004, 4.317830E-004, -1.238752E-011, -1.022460E-013, 2.150400E+004 1.570926E+074 2.150400E+004, Thu Sep 10 03:46:50 2015
0.35, 1.80, 0.60, 1.80 , -4.338989E-004, 4.338680E-004, -1.154900E-011, -8.820300E-014, 2.150400E+004 1.570926E+074 2.150400E+004, Thu Sep 10 03:46:54 2015
0.30, 1.80, 0.60, 1.80 , -4.361442E-004, 4.361270E-004, -1.251328E-011, -9.064670E-014, 2.150400E+004 1.570926E+074 2.150400E+004, Thu Sep 10 03:46:57 2015
0.25, 1.80, 0.60, 1.80 , -4.388182E-004, 4.386510E-004, -1.201018E-011, -1.082060E-013, 2.150400E+004 1.570926E+074 2.150400E+004, Thu Sep 10 03:47:01 2015
0.20, 1.80, 0.60, 1.80 , -4.413944E-004, 4.414320E-004, -1.779586E-011, -8.150340E-014, 2.150400E+004 1.570926E+074 2.150400E+004, Thu Sep 10 03:47:04 2015
0.15, 1.80, 0.60, 1.80 , -4.438080E-004, 4.437910E-004, -1.242944E-011, -1.025800E-013, 2.150400E+004 1.570926E+074 2.150400E+004, Thu Sep 10 03:47:08 2015
0.10, 1.80, 0.60, 1.80 , -4.458656E-004, 4.458890E-004, -1.360334E-011, -9.055140E-014, 2.150400E+004 1.570926E+074 2.150400E+004, Thu Sep 10 03:47:11 2015
0.05, 1.80, 0.60, 1.80 , -4.479375E-004, 4.479430E-004, -1.263906E-011, -8.177760E-014, 2.150400E+004 1.570926E+074 2.150400E+004, Thu Sep 10 03:47:15 2015
0.00, 1.80, 0.60, 1.80 , -4.499305E-004, 4.499500E-004, -1.033317E-011, -9.270910E-014, 2.150400E+004 1.570926E+074 2.150400E+004, Thu Sep 10 03:47:18 2015
-0.05, 1.80, 0.60, 1.80 , -4.517466E-004, 4.518100E-004, -1.272291E-011, -1.021980E-013, 2.150400E+004 1.570926E+074 2.150400E+004, Thu Sep 10 03:47:22 2015
-0.10, 1.80, 0.60, 1.80 , -4.535967E-004, 4.536170E-004, -1.356142E-011, -8.791680E-014, 2.150400E+004 1.570926E+074 2.150400E+004, Thu Sep 10 03:47:26 2015
-0.15, 1.80, 0.60, 1.80 , -4.553775E-004, 4.554040E-004, -1.012356E-011, -1.100900E-013, 2.150400E+004 1.570926E+074 2.150400E+004, Thu Sep 10 03:47:29 2015
-0.20, 1.80, 0.60, 1.80 , -4.571204E-004, 4.570920E-004, -9.536607E-012, -9.385350E-014, 2.150400E+004 1.570926E+074 2.150400E+004, Thu Sep 10 03:47:33 2015
