1.80, 1.80, -0.20, 1.80 , 2.417852E-007, -2.454020E-007, -9.062550E-011, -1.061200E-013, 2.150400E+004 1.570926E+074 2.150400E+004, Sat Sep 05 03:05:14 2015
1.75, 1.80, -0.20, 1.80 , -4.952461E-005, 4.951880E-005, -7.708256E-011, -1.076100E-013, 2.150400E+004 1.570926E+074 2.150400E+004, Sat Sep 05 03:05:17 2015
1.70, 1.80, -0.20, 1.80 , -9.860834E-005, 9.858480E-005, -7.238654E-011, -1.182440E-013, 2.150400E+004 1.570926E+074 2.150400E+004, Sat Sep 05 03:05:21 2015
1.65, 1.80, -0.20, 1.80 , -1.468051E-004, 1.467880E-004, -7.268002E-011, -8.386370E-014, 2.150400E+004 1.570926E+074 2.150400E+004, Sat Sep 05 03:05:25 2015
1.60, 1.80, -0.20, 1.80 , -1.941597E-004, 1.941110E-004, -6.760666E-011, -9.112360E-014, 2.150400E+004 1.570926E+074 2.150400E+004, Sat Sep 05 03:05:28 2015
1.55, 1.80, -0.20, 1.80 , -2.407270E-004, 2.406770E-004, -6.857103E-011, -1.052020E-013, 2.150400E+004 1.570926E+074 2.150400E+004, Sat Sep 05 03:05:32 2015
1.50, 1.80, -0.20, 1.80 , -2.865599E-004, 2.865180E-004, -6.802598E-011, -9.251830E-014, 2.150400E+004 1.570926E+074 2.150400E+004, Sat Sep 05 03:05:35 2015
1.45, 1.80, -0.20, 1.80 , -3.315492E-004, 3.314500E-004, -6.471362E-011, -8.535380E-014, 2.150400E+004 1.570926E+074 2.150400E+004, Sat Sep 05 03:05:39 2015
1.40, 1.80, -0.20, 1.80 , -3.754806E-004, 3.754200E-004, -6.425237E-011, -1.153710E-013, 2.150400E+004 1.570926E+074 2.150400E+004, Sat Sep 05 03:05:42 2015
1.35, 1.80, -0.20, 1.80 , -4.182872E-004, 4.182330E-004, -6.291066E-011, -8.362530E-014, 2.150400E+004 1.570926E+074 2.150400E+004, Sat Sep 05 03:05:46 2015
1.30, 1.80, -0.20, 1.80 , -4.600789E-004, 4.600210E-004, -6.169473E-011, -8.779760E-014, 2.150400E+004 1.570926E+074 2.150400E+004, Sat Sep 05 03:05:50 2015
1.25, 1.80, -0.20, 1.80 , -5.008388E-004, 5.007430E-004, -6.219786E-011, -9.301900E-014, 2.150400E+004 1.570926E+074 2.150400E+004, Sat Sep 05 03:05:53 2015
1.20, 1.80, -0.20, 1.80 , -5.404249E-004, 5.403610E-004, -6.303643E-011, -9.747740E-014, 2.150400E+004 1.570926E+074 2.150400E+004, Sat Sep 05 03:05:57 2015
1.15, 1.80, -0.20, 1.80 , -5.789730E-004, 5.788800E-004, -6.341380E-011, -9.137390E-014, 2.150400E+004 1.570926E+074 2.150400E+004, Sat Sep 05 03:06:00 2015
1.10, 1.80, -0.20, 1.80 , -6.161894E-004, 6.161370E-004, -6.182050E-011, -1.201630E-013, 2.150400E+004 1.570926E+074 2.150400E+004, Sat Sep 05 03:06:04 2015
1.05, 1.80, -0.20, 1.80 , -6.519524E-004, 6.518910E-004, -6.165279E-011, -1.015900E-013, 2.150400E+004 1.570926E+074 2.150400E+004, Sat Sep 05 03:06:07 2015
1.00, 1.80, -0.20, 1.80 , -6.865554E-004, 6.864640E-004, -6.010144E-011, -1.089220E-013, 2.150400E+004 1.570926E+074 2.150400E+004, Sat Sep 05 03:06:11 2015
0.95, 1.80, -0.20, 1.80 , -7.197185E-004, 7.196000E-004, -5.875971E-011, -1.067400E-013, 2.150400E+004 1.570926E+074 2.150400E+004, Sat Sep 05 03:06:14 2015
0.90, 1.80, -0.20, 1.80 , -7.515065E-004, 7.514290E-004, -6.089809E-011, -1.070140E-013, 2.150400E+004 1.570926E+074 2.150400E+004, Sat Sep 05 03:06:18 2015
0.85, 1.80, -0.20, 1.80 , -7.818584E-004, 7.817580E-004, -6.035304E-011, -9.107590E-014, 2.150400E+004 1.570926E+074 2.150400E+004, Sat Sep 05 03:06:21 2015
0.80, 1.80, -0.20, 1.80 , -8.106756E-004, 8.105770E-004, -5.880166E-011, -1.098990E-013, 2.150400E+004 1.570926E+074 2.150400E+004, Sat Sep 05 03:06:25 2015
0.75, 1.80, -0.20, 1.80 , -8.378026E-004, 8.377930E-004, -5.783730E-011, -1.075270E-013, 2.150400E+004 1.570926E+074 2.150400E+004, Sat Sep 05 03:06:29 2015
0.70, 1.80, -0.20, 1.80 , -8.634598E-004, 8.633450E-004, -5.867584E-011, -1.063350E-013, 2.150400E+004 1.570926E+074 2.150400E+004, Sat Sep 05 03:06:32 2015
0.65, 1.80, -0.20, 1.80 , -8.876018E-004, 8.875310E-004, -5.804692E-011, -1.014230E-013, 2.150400E+004 1.570926E+074 2.150400E+004, Sat Sep 05 03:06:36 2015
0.60, 1.80, -0.20, 1.80 , -9.099513E-004, 9.099220E-004, -5.863393E-011, -1.143810E-013, 2.150400E+004 1.570926E+074 2.150400E+004, Sat Sep 05 03:06:39 2015
0.55, 1.80, -0.20, 1.80 , -9.306669E-004, 9.306650E-004, -5.569892E-011, -1.225230E-013, 2.150400E+004 1.570926E+074 2.150400E+004, Sat Sep 05 03:06:43 2015
0.50, 1.80, -0.20, 1.80 , -9.498083E-004, 9.497200E-004, -5.691485E-011, -1.092200E-013, 2.150400E+004 1.570926E+074 2.150400E+004, Sat Sep 05 03:06:46 2015
0.45, 1.80, -0.20, 1.80 , -9.671949E-004, 9.670440E-004, -5.234463E-011, -8.829830E-014, 2.150400E+004 1.570926E+074 2.150400E+004, Sat Sep 05 03:06:50 2015
0.40, 1.80, -0.20, 1.80 , -9.829320E-004, 9.828740E-004, -5.704064E-011, -8.850100E-014, 2.150400E+004 1.570926E+074 2.150400E+004, Sat Sep 05 03:06:53 2015
0.35, 1.80, -0.20, 1.80 , -9.972955E-004, 9.971570E-004, -5.704063E-011, -7.431510E-014, 2.150400E+004 1.570926E+074 2.150400E+004, Sat Sep 05 03:06:57 2015
0.30, 1.80, -0.20, 1.80 , -1.009880E-003, 1.009020E-003, -5.486035E-011, -9.782310E-014, 2.150400E+004 1.570926E+074 2.150400E+004, Sat Sep 05 03:07:01 2015
0.25, 1.80, -0.20, 1.80 , -1.021153E-003, 1.020300E-003, -5.519577E-011, -1.090410E-013, 2.150400E+004 1.570926E+074 2.150400E+004, Sat Sep 05 03:07:04 2015
0.20, 1.80, -0.20, 1.80 , -1.031180E-003, 1.030330E-003, -5.486035E-011, -9.870530E-014, 2.150400E+004 1.570926E+074 2.150400E+004, Sat Sep 05 03:07:08 2015
0.15, 1.80, -0.20, 1.80 , -1.039680E-003, 1.038800E-003, -5.288970E-011, -1.039150E-013, 2.150400E+004 1.570926E+074 2.150400E+004, Sat Sep 05 03:07:11 2015
0.10, 1.80, -0.20, 1.80 , -1.047248E-003, 1.046450E-003, -5.473456E-011, -9.444950E-014, 2.150400E+004 1.570926E+074 2.150400E+004, Sat Sep 05 03:07:15 2015
0.05, 1.80, -0.20, 1.80 , -1.053735E-003, 1.053030E-003, -5.226079E-011, -7.342100E-014, 2.150400E+004 1.570926E+074 2.150400E+004, Sat Sep 05 03:07:18 2015
0.00, 1.80, -0.20, 1.80 , -1.059710E-003, 1.058780E-003, -5.242846E-011, -9.697680E-014, 2.150400E+004 1.570926E+074 2.150400E+004, Sat Sep 05 03:07:22 2015
-0.05, 1.80, -0.20, 1.80 , -1.064561E-003, 1.063820E-003, -5.049977E-011, -1.064060E-013, 2.150400E+004 1.570926E+074 2.150400E+004, Sat Sep 05 03:07:25 2015
-0.10, 1.80, -0.20, 1.80 , -1.068697E-003, 1.067910E-003, -5.154798E-011, -1.096490E-013, 2.150400E+004 1.570926E+074 2.150400E+004, Sat Sep 05 03:07:29 2015
-0.15, 1.80, -0.20, 1.80 , -1.072558E-003, 1.071770E-003, -4.974507E-011, -1.086240E-013, 2.150400E+004 1.570926E+074 2.150400E+004, Sat Sep 05 03:07:32 2015
-0.20, 1.80, -0.20, 1.80 , -1.075801E-003, 1.074840E-003, -5.263813E-011, -1.250860E-013, 2.150400E+004 1.570926E+074 2.150400E+004, Sat Sep 05 03:07:36 2015
