1.75, 1.80, 1.80, 1.80 , 3.382366E-010, 1.589710E-010, 2.061678E-010, -3.774170E-014, 2.150400E+004 1.570926E+074 2.150400E+004, Thu Sep 10 02:17:08 2015
1.75, 1.80, 1.78, 1.80 , 3.073913E-010, 1.596160E-010, 1.643686E-010, -5.465750E-014, 2.150400E+004 1.570926E+074 2.150400E+004, Thu Sep 10 02:17:18 2015
1.75, 1.80, 1.76, 1.80 , 2.430420E-010, 1.706690E-010, 1.520426E-010, -6.470680E-014, 2.150400E+004 1.570926E+074 2.150400E+004, Thu Sep 10 02:17:35 2015
1.75, 1.80, 1.74, 1.80 , 1.518981E-010, 1.122550E-010, 1.252106E-010, -7.686620E-014, 2.150400E+004 1.570926E+074 2.150400E+004, Thu Sep 10 02:18:48 2015
1.75, 1.80, 1.72, 1.80 , 1.358214E-010, 9.822380E-011, 1.353145E-010, -7.104870E-014, 2.150400E+004 1.570926E+074 2.150400E+004, Thu Sep 10 02:18:58 2015
1.75, 1.80, 1.70, 1.80 , 1.115586E-010, 9.900630E-011, 1.442445E-010, -9.640460E-014, 2.150400E+004 1.570926E+074 2.150400E+004, Thu Sep 10 02:21:19 2015
1.75, 1.80, 1.68, 1.80 , 1.276353E-010, 9.395510E-011, 9.904938E-011, -7.956030E-014, 2.150400E+004 1.570926E+074 2.150400E+004, Thu Sep 10 02:21:39 2015
1.75, 1.80, 1.66, 1.80 , 1.012627E-010, -6.005870E-011, 1.460894E-010, -9.882450E-014, 2.150400E+004 1.570926E+074 2.150400E+004, Thu Sep 10 02:22:00 2015
1.75, 1.80, 1.64, 1.80 , 8.020679E-011, 9.259720E-011, 1.553129E-010, -9.889600E-014, 2.150400E+004 1.570926E+074 2.150400E+004, Thu Sep 10 02:25:02 2015
1.75, 1.80, 1.62, 1.80 , 7.463692E-011, -3.906720E-011, 1.771140E-010, -1.063470E-013, 2.150400E+004 1.570926E+074 2.150400E+004, Thu Sep 10 02:26:46 2015
1.75, 1.80, 1.60, 1.80 , 3.493021E-011, 8.432100E-011, 1.805940E-010, -8.251670E-014, 2.150400E+004 1.570926E+074 2.150400E+004, Thu Sep 10 02:39:00 2015
1.75, 1.80, 1.58, 1.80 , 3.741980E-011, 7.819470E-011, 1.167840E-010, -9.238720E-014, 2.150400E+004 1.570926E+074 2.150400E+004, Thu Sep 10 02:39:16 2015
1.75, 1.80, 1.56, 1.80 , 3.260940E-011, 5.686150E-011, 1.426518E-010, -1.000170E-013, 2.150400E+004 1.570926E+074 2.150400E+004, Thu Sep 10 02:39:24 2015
1.75, 1.80, 1.54, 1.80 , 3.096373E-011, 5.595680E-011, 1.391721E-010, -1.271010E-013, 2.150400E+004 1.570926E+074 2.150400E+004, Thu Sep 10 02:39:39 2015
1.75, 1.80, 1.52, 1.80 , 3.168109E-011, 5.409660E-011, 1.121303E-010, -1.078370E-013, 2.150400E+004 1.570926E+074 2.150400E+004, Thu Sep 10 02:40:07 2015
1.75, 1.80, 1.50, 1.80 , 3.235623E-011, 5.326020E-011, 9.523451E-011, -1.063230E-013, 2.150400E+004 1.570926E+074 2.150400E+004, Thu Sep 10 02:40:28 2015
1.75, 1.80, 1.48, 1.80 , 3.438165E-011, 5.349240E-011, 7.297214E-011, -7.681850E-014, 2.150400E+004 1.570926E+074 2.150400E+004, Thu Sep 10 02:40:36 2015
1.75, 1.80, 1.46, 1.80 , 3.265162E-011, 5.343870E-011, 5.741784E-011, -8.167030E-014, 2.150400E+004 1.570926E+074 2.150400E+004, Thu Sep 10 02:40:40 2015
1.75, 1.80, 1.44, 1.80 , 3.273599E-011, 5.283050E-011, 5.427357E-011, -9.462830E-014, 2.150400E+004 1.570926E+074 2.150400E+004, Thu Sep 10 02:40:46 2015
1.75, 1.80, 1.42, 1.80 , 3.109034E-011, 5.377790E-011, 4.966178E-011, -7.377860E-014, 2.150400E+004 1.570926E+074 2.150400E+004, Thu Sep 10 02:41:15 2015
1.75, 1.80, 1.40, 1.80 , 3.269380E-011, 5.377710E-011, 4.609818E-011, -1.102330E-013, 2.150400E+004 1.570926E+074 2.150400E+004, Thu Sep 10 02:41:24 2015
1.75, 1.80, 1.38, 1.80 , 3.290479E-011, 5.419610E-011, 4.316341E-011, -1.025560E-013, 2.150400E+004 1.570926E+074 2.150400E+004, Thu Sep 10 02:41:56 2015
1.75, 1.80, 1.36, 1.80 , 3.547878E-011, 5.428530E-011, 3.989322E-011, -9.297130E-014, 2.150400E+004 1.570926E+074 2.150400E+004, Thu Sep 10 02:42:01 2015
1.75, 1.80, 1.34, 1.80 , 3.379091E-011, 5.424530E-011, 4.018669E-011, -8.819100E-014, 2.150400E+004 1.570926E+074 2.150400E+004, Thu Sep 10 02:42:16 2015
1.75, 1.80, 1.32, 1.80 , 3.408629E-011, 5.437270E-011, 4.022863E-011, -8.369680E-014, 2.150400E+004 1.570926E+074 2.150400E+004, Thu Sep 10 02:42:28 2015
1.75, 1.80, 1.30, 1.80 , 2.961346E-011, 5.802770E-011, 3.687461E-011, -9.566550E-014, 2.150400E+004 1.570926E+074 2.150400E+004, Thu Sep 10 02:42:45 2015
1.75, 1.80, 1.28, 1.80 , -1.645033E-010, 2.508710E-010, 3.532334E-011, -1.032110E-013, 2.150400E+004 1.570926E+074 2.150400E+004, Thu Sep 10 02:43:04 2015
1.75, 1.80, 1.26, 1.80 , -2.386534E-009, 2.306800E-009, 3.490412E-011, -7.722380E-014, 2.150400E+004 1.570926E+074 2.150400E+004, Thu Sep 10 02:43:10 2015
1.75, 1.80, 1.24, 1.80 , -1.966172E-008, 2.017940E-008, 3.284977E-011, -8.314850E-014, 2.150400E+004 1.570926E+074 2.150400E+004, Thu Sep 10 02:43:14 2015
1.75, 1.80, 1.22, 1.80 , -8.656760E-008, 8.706030E-008, 2.945386E-011, -1.065250E-013, 2.150400E+004 1.570926E+074 2.150400E+004, Thu Sep 10 02:43:17 2015
1.75, 1.80, 1.20, 1.80 , -2.251767E-007, 2.271660E-007, 2.903463E-011, -9.391310E-014, 2.150400E+004 1.570926E+074 2.150400E+004, Thu Sep 10 02:43:21 2015
1.75, 1.80, 1.18, 1.80 , -4.551091E-007, 4.592860E-007, 2.534518E-011, -8.329150E-014, 2.150400E+004 1.570926E+074 2.150400E+004, Thu Sep 10 02:43:25 2015
1.75, 1.80, 1.16, 1.80 , -7.180220E-007, 7.214370E-007, 2.366816E-011, -1.022340E-013, 2.150400E+004 1.570926E+074 2.150400E+004, Thu Sep 10 02:43:28 2015
1.75, 1.80, 1.14, 1.80 , -9.918873E-007, 9.970050E-007, 2.383592E-011, -8.537770E-014, 2.150400E+004 1.570926E+074 2.150400E+004, Thu Sep 10 02:43:32 2015
1.75, 1.80, 1.12, 1.80 , -1.285921E-006, 1.291320E-006, 2.161386E-011, -9.313820E-014, 2.150400E+004 1.570926E+074 2.150400E+004, Thu Sep 10 02:43:35 2015
1.75, 1.80, 1.10, 1.80 , -1.559308E-006, 1.564810E-006, 1.867909E-011, -9.299520E-014, 2.150400E+004 1.570926E+074 2.150400E+004, Thu Sep 10 02:43:39 2015
1.75, 1.80, 1.08, 1.80 , -1.784562E-006, 1.791830E-006, 1.918222E-011, -9.216070E-014, 2.150400E+004 1.570926E+074 2.150400E+004, Thu Sep 10 02:43:42 2015
1.75, 1.80, 1.06, 1.80 , -1.981749E-006, 1.989890E-006, 1.997880E-011, -7.859470E-014, 2.150400E+004 1.570926E+074 2.150400E+004, Thu Sep 10 02:43:46 2015
1.75, 1.80, 1.04, 1.80 , -2.177149E-006, 2.185800E-006, 1.536699E-011, -8.668900E-014, 2.150400E+004 1.570926E+074 2.150400E+004, Thu Sep 10 02:43:50 2015
1.75, 1.80, 1.02, 1.80 , -2.363498E-006, 2.373130E-006, 1.444465E-011, -1.030090E-013, 2.150400E+004 1.570926E+074 2.150400E+004, Thu Sep 10 02:43:53 2015
1.75, 1.80, 1.00, 1.80 , -2.542410E-006, 2.553110E-006, 1.264186E-011, -9.551050E-014, 2.150400E+004 1.570926E+074 2.150400E+004, Thu Sep 10 02:43:57 2015
1.75, 1.80, 0.98, 1.80 , -2.710305E-006, 2.721200E-006, 1.075521E-011, -8.828640E-014, 2.150400E+004 1.570926E+074 2.150400E+004, Thu Sep 10 02:44:00 2015
1.75, 1.80, 0.96, 1.80 , -2.867978E-006, 2.879400E-006, 9.707086E-012, -7.860660E-014, 2.150400E+004 1.570926E+074 2.150400E+004, Thu Sep 10 02:44:04 2015
1.75, 1.80, 0.94, 1.80 , -3.014704E-006, 3.027150E-006, 5.975746E-012, -1.034980E-013, 2.150400E+004 1.570926E+074 2.150400E+004, Thu Sep 10 02:44:07 2015
1.75, 1.80, 0.92, 1.80 , -3.146722E-006, 3.158860E-006, 4.298742E-012, -9.565350E-014, 2.150400E+004 1.570926E+074 2.150400E+004, Thu Sep 10 02:44:11 2015
1.75, 1.80, 0.90, 1.80 , -3.266186E-006, 3.279020E-006, 2.328249E-012, -9.757280E-014, 2.150400E+004 1.570926E+074 2.150400E+004, Thu Sep 10 02:44:14 2015
1.75, 1.80, 0.88, 1.80 , -3.386463E-006, 3.400130E-006, 4.214873E-012, -9.595160E-014, 2.150400E+004 1.570926E+074 2.150400E+004, Thu Sep 10 02:44:18 2015
1.75, 1.80, 0.86, 1.80 , -3.507884E-006, 3.521800E-006, -3.130413E-013, -8.810760E-014, 2.150400E+004 1.570926E+074 2.150400E+004, Thu Sep 10 02:44:22 2015
1.75, 1.80, 0.84, 1.80 , -3.628299E-006, 3.642820E-006, 8.189439E-013, -1.062630E-013, 2.150400E+004 1.570926E+074 2.150400E+004, Thu Sep 10 02:44:25 2015
1.75, 1.80, 0.82, 1.80 , -3.747761E-006, 3.761310E-006, -1.403091E-012, -9.759660E-014, 2.150400E+004 1.570926E+074 2.150400E+004, Thu Sep 10 02:44:29 2015
1.75, 1.80, 0.80, 1.80 , -3.865094E-006, 3.879440E-006, -4.337863E-012, -9.974240E-014, 2.150400E+004 1.570926E+074 2.150400E+004, Thu Sep 10 02:44:32 2015
1.75, 1.80, 0.78, 1.80 , -3.972366E-006, 3.988110E-006, -6.727598E-012, -9.902720E-014, 2.150400E+004 1.570926E+074 2.150400E+004, Thu Sep 10 02:44:36 2015
1.75, 1.80, 0.76, 1.80 , -4.071207E-006, 4.086430E-006, -5.176361E-012, -1.027350E-013, 2.150400E+004 1.570926E+074 2.150400E+004, Thu Sep 10 02:44:39 2015
1.75, 1.80, 0.74, 1.80 , -4.162012E-006, 4.177740E-006, -7.691868E-012, -1.136900E-013, 2.150400E+004 1.570926E+074 2.150400E+004, Thu Sep 10 02:44:43 2015
1.75, 1.80, 0.72, 1.80 , -4.241026E-006, 4.257150E-006, -9.704283E-012, -8.728500E-014, 2.150400E+004 1.570926E+074 2.150400E+004, Thu Sep 10 02:44:46 2015
1.75, 1.80, 0.70, 1.80 , -4.308603E-006, 4.324410E-006, -1.150706E-011, -7.857080E-014, 2.150400E+004 1.570926E+074 2.150400E+004, Thu Sep 10 02:44:50 2015
1.75, 1.80, 0.68, 1.80 , -4.380568E-006, 4.396640E-006, -1.490301E-011, -1.014470E-013, 2.150400E+004 1.570926E+074 2.150400E+004, Thu Sep 10 02:44:53 2015
1.75, 1.80, 0.66, 1.80 , -4.449478E-006, 4.467040E-006, -1.439990E-011, -9.542700E-014, 2.150400E+004 1.570926E+074 2.150400E+004, Thu Sep 10 02:44:57 2015
1.75, 1.80, 0.64, 1.80 , -4.520084E-006, 4.538420E-006, -1.637040E-011, -9.403230E-014, 2.150400E+004 1.570926E+074 2.150400E+004, Thu Sep 10 02:45:00 2015
1.75, 1.80, 0.62, 1.80 , -4.590368E-006, 4.608890E-006, -1.842473E-011, -1.115320E-013, 2.150400E+004 1.570926E+074 2.150400E+004, Thu Sep 10 02:45:04 2015
1.75, 1.80, 0.60, 1.80 , -4.664871E-006, 4.682710E-006, -1.821510E-011, -8.996730E-014, 2.150400E+004 1.570926E+074 2.150400E+004, Thu Sep 10 02:45:08 2015
1.75, 1.80, 0.58, 1.80 , -4.739025E-006, 4.756520E-006, -2.194645E-011, -8.484130E-014, 2.150400E+004 1.570926E+074 2.150400E+004, Thu Sep 10 02:45:11 2015
1.75, 1.80, 0.56, 1.80 , -4.813927E-006, 4.830760E-006, -2.186260E-011, -9.396080E-014, 2.150400E+004 1.570926E+074 2.150400E+004, Thu Sep 10 02:45:15 2015
1.75, 1.80, 0.54, 1.80 , -4.889917E-006, 4.907570E-006, -2.496525E-011, -1.050350E-013, 2.150400E+004 1.570926E+074 2.150400E+004, Thu Sep 10 02:45:18 2015
1.75, 1.80, 0.52, 1.80 , -4.965765E-006, 4.983990E-006, -2.437824E-011, -1.007680E-013, 2.150400E+004 1.570926E+074 2.150400E+004, Thu Sep 10 02:45:22 2015
1.75, 1.80, 0.50, 1.80 , -5.043176E-006, 5.062360E-006, -2.760680E-011, -9.436610E-014, 2.150400E+004 1.570926E+074 2.150400E+004, Thu Sep 10 02:45:25 2015
1.75, 1.80, 0.48, 1.80 , -5.123430E-006, 5.142480E-006, -2.911626E-011, -1.149890E-013, 2.150400E+004 1.570926E+074 2.150400E+004, Thu Sep 10 02:45:29 2015
1.75, 1.80, 0.46, 1.80 , -5.203297E-006, 5.222740E-006, -3.104501E-011, -9.734630E-014, 2.150400E+004 1.570926E+074 2.150400E+004, Thu Sep 10 02:45:32 2015
1.75, 1.80, 0.44, 1.80 , -5.281874E-006, 5.302620E-006, -3.217711E-011, -8.950230E-014, 2.150400E+004 1.570926E+074 2.150400E+004, Thu Sep 10 02:45:36 2015
1.75, 1.80, 0.42, 1.80 , -5.358616E-006, 5.377070E-006, -3.423165E-011, -8.244510E-014, 2.150400E+004 1.570926E+074 2.150400E+004, Thu Sep 10 02:45:39 2015
1.75, 1.80, 0.40, 1.80 , -5.430319E-006, 5.450810E-006, -3.574111E-011, -9.130240E-014, 2.150400E+004 1.570926E+074 2.150400E+004, Thu Sep 10 02:45:43 2015
1.75, 1.80, 0.38, 1.80 , -5.505189E-006, 5.525270E-006, -3.750215E-011, -1.075030E-013, 2.150400E+004 1.570926E+074 2.150400E+004, Thu Sep 10 02:45:47 2015
1.75, 1.80, 0.36, 1.80 , -5.577300E-006, 5.598220E-006, -3.704093E-011, -1.069430E-013, 2.150400E+004 1.570926E+074 2.150400E+004, Thu Sep 10 02:45:50 2015
1.75, 1.80, 0.34, 1.80 , -5.644788E-006, 5.666090E-006, -3.817302E-011, -1.012560E-013, 2.150400E+004 1.570926E+074 2.150400E+004, Thu Sep 10 02:45:54 2015
1.75, 1.80, 0.32, 1.80 , -5.708740E-006, 5.732340E-006, -3.922125E-011, -8.258820E-014, 2.150400E+004 1.570926E+074 2.150400E+004, Thu Sep 10 02:45:57 2015
1.75, 1.80, 0.30, 1.80 , -5.775721E-006, 5.797870E-006, -4.475594E-011, -1.142260E-013, 2.150400E+004 1.570926E+074 2.150400E+004, Thu Sep 10 02:46:01 2015
1.75, 1.80, 0.28, 1.80 , -5.844669E-006, 5.865430E-006, -4.324649E-011, -7.960800E-014, 2.150400E+004 1.570926E+074 2.150400E+004, Thu Sep 10 02:46:04 2015
1.75, 1.80, 0.26, 1.80 , -5.914747E-006, 5.935860E-006, -4.425279E-011, -1.143340E-013, 2.150400E+004 1.570926E+074 2.150400E+004, Thu Sep 10 02:46:08 2015
1.75, 1.80, 0.24, 1.80 , -5.977573E-006, 5.999900E-006, -4.722978E-011, -8.770230E-014, 2.150400E+004 1.570926E+074 2.150400E+004, Thu Sep 10 02:46:11 2015
1.75, 1.80, 0.22, 1.80 , -6.042245E-006, 6.064780E-006, -4.932624E-011, -1.170520E-013, 2.150400E+004 1.570926E+074 2.150400E+004, Thu Sep 10 02:46:15 2015
1.75, 1.80, 0.20, 1.80 , -6.103710E-006, 6.126590E-006, -4.970361E-011, -1.034620E-013, 2.150400E+004 1.570926E+074 2.150400E+004, Thu Sep 10 02:46:19 2015
1.75, 1.80, 0.18, 1.80 , -6.162976E-006, 6.185820E-006, -5.129691E-011, -9.766820E-014, 2.150400E+004 1.570926E+074 2.150400E+004, Thu Sep 10 02:46:22 2015
1.75, 1.80, 0.16, 1.80 , -6.219191E-006, 6.240920E-006, -5.163235E-011, -1.025200E-013, 2.150400E+004 1.570926E+074 2.150400E+004, Thu Sep 10 02:46:26 2015
1.75, 1.80, 0.14, 1.80 , -6.274842E-006, 6.297900E-006, -5.301605E-011, -9.968280E-014, 2.150400E+004 1.570926E+074 2.150400E+004, Thu Sep 10 02:46:29 2015
1.75, 1.80, 0.12, 1.80 , -6.327898E-006, 6.351740E-006, -5.653810E-011, -1.101730E-013, 2.150400E+004 1.570926E+074 2.150400E+004, Thu Sep 10 02:46:33 2015
1.75, 1.80, 0.10, 1.80 , -6.385127E-006, 6.407570E-006, -5.637038E-011, -1.256350E-013, 2.150400E+004 1.570926E+074 2.150400E+004, Thu Sep 10 02:46:36 2015
1.75, 1.80, 0.08, 1.80 , -6.439794E-006, 6.463330E-006, -5.871843E-011, -8.360150E-014, 2.150400E+004 1.570926E+074 2.150400E+004, Thu Sep 10 02:46:40 2015
1.75, 1.80, 0.06, 1.80 , -6.495252E-006, 6.519060E-006, -5.842490E-011, -1.165390E-013, 2.150400E+004 1.570926E+074 2.150400E+004, Thu Sep 10 02:46:43 2015
1.75, 1.80, 0.04, 1.80 , -6.556375E-006, 6.581470E-006, -6.085685E-011, -1.040220E-013, 2.150400E+004 1.570926E+074 2.150400E+004, Thu Sep 10 02:46:47 2015
1.75, 1.80, 0.02, 1.80 , -6.614830E-006, 6.640370E-006, -6.232438E-011, -9.658340E-014, 2.150400E+004 1.570926E+074 2.150400E+004, Thu Sep 10 02:46:50 2015
1.75, 1.80, 0.00, 1.80 , -6.674245E-006, 6.699110E-006, -6.488206E-011, -9.902720E-014, 2.150400E+004 1.570926E+074 2.150400E+004, Thu Sep 10 02:46:54 2015
1.75, 1.80, -0.02, 1.80 , -6.738659E-006, 6.763930E-006, -6.622381E-011, -1.081470E-013, 2.150400E+004 1.570926E+074 2.150400E+004, Thu Sep 10 02:46:57 2015
1.75, 1.80, -0.04, 1.80 , -6.797593E-006, 6.822150E-006, -6.773326E-011, -9.238720E-014, 2.150400E+004 1.570926E+074 2.150400E+004, Thu Sep 10 02:47:01 2015
1.75, 1.80, -0.06, 1.80 , -6.859499E-006, 6.884090E-006, -6.702049E-011, -9.511710E-014, 2.150400E+004 1.570926E+074 2.150400E+004, Thu Sep 10 02:47:05 2015
1.75, 1.80, -0.08, 1.80 , -6.917243E-006, 6.941330E-006, -6.999745E-011, -9.180310E-014, 2.150400E+004 1.570926E+074 2.150400E+004, Thu Sep 10 02:47:08 2015
1.75, 1.80, -0.10, 1.80 , -6.972265E-006, 6.998390E-006, -7.242937E-011, -5.103350E-014, 2.150400E+004 1.570926E+074 2.150400E+004, Thu Sep 10 02:47:12 2015
1.75, 1.80, -0.12, 1.80 , -7.025616E-006, 7.049920E-006, -7.444198E-011, -8.441210E-014, 2.150400E+004 1.570926E+074 2.150400E+004, Thu Sep 10 02:47:15 2015
1.75, 1.80, -0.14, 1.80 , -7.080162E-006, 7.105880E-006, -7.398075E-011, -1.005290E-013, 2.150400E+004 1.570926E+074 2.150400E+004, Thu Sep 10 02:47:19 2015
1.75, 1.80, -0.16, 1.80 , -7.139966E-006, 7.165230E-006, -7.247129E-011, -9.331700E-014, 2.150400E+004 1.570926E+074 2.150400E+004, Thu Sep 10 02:47:22 2015
1.75, 1.80, -0.18, 1.80 , -7.199052E-006, 7.225810E-006, -7.779633E-011, -9.548660E-014, 2.150400E+004 1.570926E+074 2.150400E+004, Thu Sep 10 02:47:26 2015
1.75, 1.80, -0.20, 1.80 , -7.258792E-006, 7.284300E-006, -7.813176E-011, -1.089450E-013, 2.150400E+004 1.570926E+074 2.150400E+004, Thu Sep 10 02:47:29 2015
