1.80, 1.80, 0.20, 1.80 , 2.175013E-007, -2.165480E-007, -6.664232E-011, -1.106140E-013, 2.150400E+004 1.570926E+074 2.150400E+004, Sat Sep 05 03:02:45 2015
1.75, 1.80, 0.20, 1.80 , -4.378377E-005, 4.377900E-005, -5.850815E-011, -1.051310E-013, 2.150400E+004 1.570926E+074 2.150400E+004, Sat Sep 05 03:02:48 2015
1.70, 1.80, 0.20, 1.80 , -8.681847E-005, 8.680120E-005, -5.527965E-011, -1.153950E-013, 2.150400E+004 1.570926E+074 2.150400E+004, Sat Sep 05 03:02:52 2015
1.65, 1.80, 0.20, 1.80 , -1.287276E-004, 1.286970E-004, -5.473460E-011, -9.708410E-014, 2.150400E+004 1.570926E+074 2.150400E+004, Sat Sep 05 03:02:56 2015
1.60, 1.80, 0.20, 1.80 , -1.694527E-004, 1.694170E-004, -5.154800E-011, -1.031880E-013, 2.150400E+004 1.570926E+074 2.150400E+004, Sat Sep 05 03:02:59 2015
1.55, 1.80, 0.20, 1.80 , -2.091021E-004, 2.090700E-004, -5.045786E-011, -1.122000E-013, 2.150400E+004 1.570926E+074 2.150400E+004, Sat Sep 05 03:03:03 2015
1.50, 1.80, 0.20, 1.80 , -2.476544E-004, 2.476130E-004, -4.882264E-011, -1.076220E-013, 2.150400E+004 1.570926E+074 2.150400E+004, Sat Sep 05 03:03:06 2015
1.45, 1.80, 0.20, 1.80 , -2.849803E-004, 2.849340E-004, -4.961931E-011, -1.206520E-013, 2.150400E+004 1.570926E+074 2.150400E+004, Sat Sep 05 03:03:10 2015
1.40, 1.80, 0.20, 1.80 , -3.209303E-004, 3.208810E-004, -4.924192E-011, -1.203890E-013, 2.150400E+004 1.570926E+074 2.150400E+004, Sat Sep 05 03:03:13 2015
1.35, 1.80, 0.20, 1.80 , -3.554354E-004, 3.553650E-004, -4.777443E-011, -1.031280E-013, 2.150400E+004 1.570926E+074 2.150400E+004, Sat Sep 05 03:03:17 2015
1.30, 1.80, 0.20, 1.80 , -3.883569E-004, 3.883110E-004, -4.865491E-011, -1.089330E-013, 2.150400E+004 1.570926E+074 2.150400E+004, Sat Sep 05 03:03:20 2015
1.25, 1.80, 0.20, 1.80 , -4.198762E-004, 4.198400E-004, -4.555221E-011, -1.202820E-013, 2.150400E+004 1.570926E+074 2.150400E+004, Sat Sep 05 03:03:24 2015
1.20, 1.80, 0.20, 1.80 , -4.499049E-004, 4.498540E-004, -4.530063E-011, -9.372230E-014, 2.150400E+004 1.570926E+074 2.150400E+004, Sat Sep 05 03:03:28 2015
1.15, 1.80, 0.20, 1.80 , -4.781258E-004, 4.780770E-004, -4.626499E-011, -1.010660E-013, 2.150400E+004 1.570926E+074 2.150400E+004, Sat Sep 05 03:03:31 2015
1.10, 1.80, 0.20, 1.80 , -5.047027E-004, 5.046100E-004, -4.571993E-011, -8.300540E-014, 2.150400E+004 1.570926E+074 2.150400E+004, Sat Sep 05 03:03:35 2015
1.05, 1.80, 0.20, 1.80 , -5.293916E-004, 5.292890E-004, -4.471363E-011, -1.078720E-013, 2.150400E+004 1.570926E+074 2.150400E+004, Sat Sep 05 03:03:38 2015
1.00, 1.80, 0.20, 1.80 , -5.521584E-004, 5.521140E-004, -4.261720E-011, -8.628370E-014, 2.150400E+004 1.570926E+074 2.150400E+004, Sat Sep 05 03:03:42 2015
0.95, 1.80, 0.20, 1.80 , -5.732186E-004, 5.731770E-004, -3.938869E-011, -1.023410E-013, 2.150400E+004 1.570926E+074 2.150400E+004, Sat Sep 05 03:03:45 2015
0.90, 1.80, 0.20, 1.80 , -5.924374E-004, 5.923600E-004, -4.517484E-011, -9.332900E-014, 2.150400E+004 1.570926E+074 2.150400E+004, Sat Sep 05 03:03:49 2015
0.85, 1.80, 0.20, 1.80 , -6.097074E-004, 6.095910E-004, -4.362349E-011, -1.009820E-013, 2.150400E+004 1.570926E+074 2.150400E+004, Sat Sep 05 03:03:52 2015
0.80, 1.80, 0.20, 1.80 , -6.249774E-004, 6.248880E-004, -4.312033E-011, -8.970500E-014, 2.150400E+004 1.570926E+074 2.150400E+004, Sat Sep 05 03:03:56 2015
0.75, 1.80, 0.20, 1.80 , -6.384835E-004, 6.384450E-004, -4.324611E-011, -8.780960E-014, 2.150400E+004 1.570926E+074 2.150400E+004, Sat Sep 05 03:03:59 2015
0.70, 1.80, 0.20, 1.80 , -6.502111E-004, 6.501830E-004, -4.337191E-011, -1.083730E-013, 2.150400E+004 1.570926E+074 2.150400E+004, Sat Sep 05 03:04:03 2015
0.65, 1.80, 0.20, 1.80 , -6.604811E-004, 6.603580E-004, -4.123354E-011, -9.856220E-014, 2.150400E+004 1.570926E+074 2.150400E+004, Sat Sep 05 03:04:07 2015
0.60, 1.80, 0.20, 1.80 , -6.690685E-004, 6.689460E-004, -3.951446E-011, -1.267080E-013, 2.150400E+004 1.570926E+074 2.150400E+004, Sat Sep 05 03:04:10 2015
0.55, 1.80, 0.20, 1.80 , -6.763918E-004, 6.763380E-004, -4.161091E-011, -8.531810E-014, 2.150400E+004 1.570926E+074 2.150400E+004, Sat Sep 05 03:04:14 2015
0.50, 1.80, 0.20, 1.80 , -6.826829E-004, 6.826340E-004, -3.947254E-011, -8.560420E-014, 2.150400E+004 1.570926E+074 2.150400E+004, Sat Sep 05 03:04:17 2015
0.45, 1.80, 0.20, 1.80 , -6.879346E-004, 6.878640E-004, -4.177860E-011, -9.986160E-014, 2.150400E+004 1.570926E+074 2.150400E+004, Sat Sep 05 03:04:21 2015
0.40, 1.80, 0.20, 1.80 , -6.925071E-004, 6.923120E-004, -4.114968E-011, -9.109970E-014, 2.150400E+004 1.570926E+074 2.150400E+004, Sat Sep 05 03:04:24 2015
0.35, 1.80, 0.20, 1.80 , -6.963824E-004, 6.962420E-004, -4.098196E-011, -1.022340E-013, 2.150400E+004 1.570926E+074 2.150400E+004, Sat Sep 05 03:04:28 2015
0.30, 1.80, 0.20, 1.80 , -6.997920E-004, 6.996950E-004, -3.859203E-011, -9.084940E-014, 2.150400E+004 1.570926E+074 2.150400E+004, Sat Sep 05 03:04:31 2015
0.25, 1.80, 0.20, 1.80 , -7.027202E-004, 7.026920E-004, -3.775347E-011, -1.098630E-013, 2.150400E+004 1.570926E+074 2.150400E+004, Sat Sep 05 03:04:35 2015
0.20, 1.80, 0.20, 1.80 , -7.053100E-004, 7.052390E-004, -4.043690E-011, -1.189590E-013, 2.150400E+004 1.570926E+074 2.150400E+004, Sat Sep 05 03:04:39 2015
0.15, 1.80, 0.20, 1.80 , -7.076996E-004, 7.076870E-004, -4.022725E-011, -9.391310E-014, 2.150400E+004 1.570926E+074 2.150400E+004, Sat Sep 05 03:04:42 2015
0.10, 1.80, 0.20, 1.80 , -7.099955E-004, 7.097890E-004, -3.917903E-011, -1.213670E-013, 2.150400E+004 1.570926E+074 2.150400E+004, Sat Sep 05 03:04:46 2015
0.05, 1.80, 0.20, 1.80 , -7.119538E-004, 7.118570E-004, -3.653753E-011, -1.134870E-013, 2.150400E+004 1.570926E+074 2.150400E+004, Sat Sep 05 03:04:49 2015
0.00, 1.80, 0.20, 1.80 , -7.137216E-004, 7.136290E-004, -3.792118E-011, -9.146930E-014, 2.150400E+004 1.570926E+074 2.150400E+004, Sat Sep 05 03:04:53 2015
-0.05, 1.80, 0.20, 1.80 , -7.154417E-004, 7.153310E-004, -3.913711E-011, -1.048330E-013, 2.150400E+004 1.570926E+074 2.150400E+004, Sat Sep 05 03:04:56 2015
-0.10, 1.80, 0.20, 1.80 , -7.169807E-004, 7.169020E-004, -3.829853E-011, -1.003030E-013, 2.150400E+004 1.570926E+074 2.150400E+004, Sat Sep 05 03:05:00 2015
-0.15, 1.80, 0.20, 1.80 , -7.184756E-004, 7.184300E-004, -3.771154E-011, -1.081710E-013, 2.150400E+004 1.570926E+074 2.150400E+004, Sat Sep 05 03:05:03 2015
-0.20, 1.80, 0.20, 1.80 , -7.198784E-004, 7.198640E-004, -3.775346E-011, -9.700060E-014, 2.150400E+004 1.570926E+074 2.150400E+004, Sat Sep 05 03:05:07 2015
