1.75, 1.80, 1.80, 1.80 , -7.857488E-012, 1.304030E-010, 6.643192E-010, -1.842980E-014, 2.150400E+004 1.570926E+074 2.150400E+004, Sat Sep 05 02:35:09 2015
1.75, 1.80, 1.78, 1.80 , -4.397171E-012, 1.214150E-010, 5.317529E-010, -2.185110E-014, 2.150400E+004 1.570926E+074 2.150400E+004, Sat Sep 05 02:35:13 2015
1.75, 1.80, 1.76, 1.80 , -5.789747E-012, 1.170010E-010, 4.973326E-010, -6.073710E-014, 2.150400E+004 1.570926E+074 2.150400E+004, Sat Sep 05 02:35:16 2015
1.75, 1.80, 1.74, 1.80 , -8.195082E-012, 1.151240E-010, 4.644218E-010, -5.656480E-014, 2.150400E+004 1.570926E+074 2.150400E+004, Sat Sep 05 02:35:20 2015
1.75, 1.80, 1.72, 1.80 , -1.760546E-011, 1.116900E-010, 4.484487E-010, -6.970170E-014, 2.150400E+004 1.570926E+074 2.150400E+004, Sat Sep 05 02:35:28 2015
1.75, 1.80, 1.70, 1.80 , -2.490589E-011, 1.212780E-010, 4.211139E-010, -8.600950E-014, 2.150400E+004 1.570926E+074 2.150400E+004, Sat Sep 05 02:35:33 2015
1.75, 1.80, 1.68, 1.80 , -4.533019E-011, 1.407200E-010, 4.036311E-010, -9.236340E-014, 2.150400E+004 1.570926E+074 2.150400E+004, Sat Sep 05 02:35:37 2015
1.75, 1.80, 1.66, 1.80 , -8.866856E-011, 1.836170E-010, 3.853103E-010, -7.641320E-014, 2.150400E+004 1.570926E+074 2.150400E+004, Sat Sep 05 02:35:42 2015
1.75, 1.80, 1.64, 1.80 , -1.769910E-010, 2.696370E-010, 3.734871E-010, -8.206370E-014, 2.150400E+004 1.570926E+074 2.150400E+004, Sat Sep 05 02:35:47 2015
1.75, 1.80, 1.62, 1.80 , -3.554082E-010, 4.482560E-010, 3.552500E-010, -8.383990E-014, 2.150400E+004 1.570926E+074 2.150400E+004, Sat Sep 05 02:35:52 2015
1.75, 1.80, 1.60, 1.80 , -7.216951E-010, 8.146360E-010, 3.401990E-010, -8.245710E-014, 2.150400E+004 1.570926E+074 2.150400E+004, Sat Sep 05 02:35:56 2015
1.75, 1.80, 1.58, 1.80 , -1.471614E-009, 1.562290E-009, 3.230100E-010, -6.638770E-014, 2.150400E+004 1.570926E+074 2.150400E+004, Sat Sep 05 02:36:01 2015
1.75, 1.80, 1.56, 1.80 , -3.000991E-009, 3.092090E-009, 3.068270E-010, -6.668570E-014, 2.150400E+004 1.570926E+074 2.150400E+004, Sat Sep 05 02:36:04 2015
1.75, 1.80, 1.54, 1.80 , -6.085273E-009, 6.198280E-009, 2.905181E-010, -8.914470E-014, 2.150400E+004 1.570926E+074 2.150400E+004, Sat Sep 05 02:36:08 2015
1.75, 1.80, 1.52, 1.80 , -1.233790E-008, 1.243590E-008, 2.755091E-010, -8.702280E-014, 2.150400E+004 1.570926E+074 2.150400E+004, Sat Sep 05 02:36:12 2015
1.75, 1.80, 1.50, 1.80 , -2.474910E-008, 2.482340E-008, 2.680884E-010, -7.673500E-014, 2.150400E+004 1.570926E+074 2.150400E+004, Sat Sep 05 02:36:15 2015
1.75, 1.80, 1.48, 1.80 , -4.919529E-008, 4.930890E-008, 2.522828E-010, -8.119340E-014, 2.150400E+004 1.570926E+074 2.150400E+004, Sat Sep 05 02:36:19 2015
1.75, 1.80, 1.46, 1.80 , -9.576464E-008, 9.585080E-008, 2.363514E-010, -9.551050E-014, 2.150400E+004 1.570926E+074 2.150400E+004, Sat Sep 05 02:36:23 2015
1.75, 1.80, 1.44, 1.80 , -1.814937E-007, 1.793170E-007, 2.207974E-010, -9.633300E-014, 2.150400E+004 1.570926E+074 2.150400E+004, Sat Sep 05 02:36:26 2015
1.75, 1.80, 1.42, 1.80 , -3.316753E-007, 3.315620E-007, 2.097712E-010, -8.866790E-014, 2.150400E+004 1.570926E+074 2.150400E+004, Sat Sep 05 02:36:30 2015
1.75, 1.80, 1.40, 1.80 , -5.757153E-007, 5.765630E-007, 1.965651E-010, -7.053610E-014, 2.150400E+004 1.570926E+074 2.150400E+004, Sat Sep 05 02:36:33 2015
1.75, 1.80, 1.38, 1.80 , -9.478429E-007, 9.475560E-007, 1.828556E-010, -9.471180E-014, 2.150400E+004 1.570926E+074 2.150400E+004, Sat Sep 05 02:36:37 2015
1.75, 1.80, 1.36, 1.80 , -1.471081E-006, 1.472610E-006, 1.707814E-010, -8.559230E-014, 2.150400E+004 1.570926E+074 2.150400E+004, Sat Sep 05 02:36:41 2015
1.75, 1.80, 1.34, 1.80 , -2.157074E-006, 2.156490E-006, 1.574073E-010, -9.471180E-014, 2.150400E+004 1.570926E+074 2.150400E+004, Sat Sep 05 02:36:44 2015
1.75, 1.80, 1.32, 1.80 , -2.993425E-006, 2.993200E-006, 1.449138E-010, -9.831190E-014, 2.150400E+004 1.570926E+074 2.150400E+004, Sat Sep 05 02:36:48 2015
1.75, 1.80, 1.30, 1.80 , -3.959704E-006, 3.960810E-006, 1.347679E-010, -8.759500E-014, 2.150400E+004 1.570926E+074 2.150400E+004, Sat Sep 05 02:36:51 2015
1.75, 1.80, 1.28, 1.80 , -5.029993E-006, 5.029820E-006, 1.229871E-010, -8.908510E-014, 2.150400E+004 1.570926E+074 2.150400E+004, Sat Sep 05 02:36:55 2015
1.75, 1.80, 1.26, 1.80 , -6.176992E-006, 6.176090E-006, 1.118352E-010, -1.018290E-013, 2.150400E+004 1.570926E+074 2.150400E+004, Sat Sep 05 02:36:58 2015
1.75, 1.80, 1.24, 1.80 , -7.371650E-006, 7.372510E-006, 1.011444E-010, -7.649660E-014, 2.150400E+004 1.570926E+074 2.150400E+004, Sat Sep 05 02:37:02 2015
1.75, 1.80, 1.22, 1.80 , -8.595569E-006, 8.594250E-006, 8.911202E-011, -7.880930E-014, 2.150400E+004 1.570926E+074 2.150400E+004, Sat Sep 05 02:37:05 2015
1.75, 1.80, 1.20, 1.80 , -9.823330E-006, 9.822270E-006, 8.185905E-011, -9.914640E-014, 2.150400E+004 1.570926E+074 2.150400E+004, Sat Sep 05 02:37:09 2015
1.75, 1.80, 1.18, 1.80 , -1.104975E-005, 1.104270E-005, 7.489957E-011, -1.056550E-013, 2.150400E+004 1.570926E+074 2.150400E+004, Sat Sep 05 02:37:13 2015
1.75, 1.80, 1.16, 1.80 , -1.225852E-005, 1.225070E-005, 6.295098E-011, -1.228090E-013, 2.150400E+004 1.570926E+074 2.150400E+004, Sat Sep 05 02:37:16 2015
1.75, 1.80, 1.14, 1.80 , -1.345104E-005, 1.344300E-005, 5.498529E-011, -1.037000E-013, 2.150400E+004 1.570926E+074 2.150400E+004, Sat Sep 05 02:37:20 2015
1.75, 1.80, 1.12, 1.80 , -1.461164E-005, 1.460190E-005, 4.651648E-011, -1.099820E-013, 2.150400E+004 1.570926E+074 2.150400E+004, Sat Sep 05 02:37:23 2015
1.75, 1.80, 1.10, 1.80 , -1.574255E-005, 1.573480E-005, 3.980855E-011, -8.780960E-014, 2.150400E+004 1.570926E+074 2.150400E+004, Sat Sep 05 02:37:27 2015
1.75, 1.80, 1.08, 1.80 , -1.684676E-005, 1.683410E-005, 3.205251E-011, -8.909700E-014, 2.150400E+004 1.570926E+074 2.150400E+004, Sat Sep 05 02:37:30 2015
1.75, 1.80, 1.06, 1.80 , -1.791612E-005, 1.790660E-005, 2.375142E-011, -9.790660E-014, 2.150400E+004 1.570926E+074 2.150400E+004, Sat Sep 05 02:37:34 2015
1.75, 1.80, 1.04, 1.80 , -1.895368E-005, 1.894330E-005, 2.081669E-011, -7.783170E-014, 2.150400E+004 1.570926E+074 2.150400E+004, Sat Sep 05 02:37:37 2015
1.75, 1.80, 1.02, 1.80 , -1.995710E-005, 1.994640E-005, 1.218023E-011, -8.015630E-014, 2.150400E+004 1.570926E+074 2.150400E+004, Sat Sep 05 02:37:41 2015
1.75, 1.80, 1.00, 1.80 , -2.093448E-005, 2.092350E-005, 6.730016E-012, -8.730890E-014, 2.150400E+004 1.570926E+074 2.150400E+004, Sat Sep 05 02:37:45 2015
1.75, 1.80, 0.98, 1.80 , -2.188173E-005, 2.187560E-005, 2.872936E-012, -9.821650E-014, 2.150400E+004 1.570926E+074 2.150400E+004, Sat Sep 05 02:37:48 2015
1.75, 1.80, 0.96, 1.80 , -2.279607E-005, 2.278630E-005, -1.277617E-012, -9.566550E-014, 2.150400E+004 1.570926E+074 2.150400E+004, Sat Sep 05 02:37:52 2015
1.75, 1.80, 0.94, 1.80 , -2.368760E-005, 2.367410E-005, -4.673513E-012, -1.010780E-013, 2.150400E+004 1.570926E+074 2.150400E+004, Sat Sep 05 02:37:55 2015
1.75, 1.80, 0.92, 1.80 , -2.454304E-005, 2.453280E-005, -9.830225E-012, -9.686950E-014, 2.150400E+004 1.570926E+074 2.150400E+004, Sat Sep 05 02:37:59 2015
1.75, 1.80, 0.90, 1.80 , -2.537054E-005, 2.536090E-005, -1.163300E-011, -7.070300E-014, 2.150400E+004 1.570926E+074 2.150400E+004, Sat Sep 05 02:38:02 2015
1.75, 1.80, 0.88, 1.80 , -2.617751E-005, 2.616670E-005, -1.586739E-011, -1.016970E-013, 2.150400E+004 1.570926E+074 2.150400E+004, Sat Sep 05 02:38:06 2015
1.75, 1.80, 0.86, 1.80 , -2.696323E-005, 2.695210E-005, -1.486120E-011, -7.570980E-014, 2.150400E+004 1.570926E+074 2.150400E+004, Sat Sep 05 02:38:09 2015
1.75, 1.80, 0.84, 1.80 , -2.771728E-005, 2.770880E-005, -1.683166E-011, -1.114490E-013, 2.150400E+004 1.570926E+074 2.150400E+004, Sat Sep 05 02:38:13 2015
1.75, 1.80, 0.82, 1.80 , -2.845405E-005, 2.844180E-005, -2.068872E-011, -8.826260E-014, 2.150400E+004 1.570926E+074 2.150400E+004, Sat Sep 05 02:38:17 2015
1.75, 1.80, 0.80, 1.80 , -2.916926E-005, 2.915350E-005, -2.274303E-011, -9.555820E-014, 2.150400E+004 1.570926E+074 2.150400E+004, Sat Sep 05 02:38:20 2015
1.75, 1.80, 0.78, 1.80 , -2.986062E-005, 2.984950E-005, -2.337193E-011, -9.214880E-014, 2.150400E+004 1.570926E+074 2.150400E+004, Sat Sep 05 02:38:24 2015
1.75, 1.80, 0.76, 1.80 , -3.053499E-005, 3.052750E-005, -2.609730E-011, -9.435420E-014, 2.150400E+004 1.570926E+074 2.150400E+004, Sat Sep 05 02:38:27 2015
1.75, 1.80, 0.74, 1.80 , -3.118970E-005, 3.118070E-005, -2.605538E-011, -9.465220E-014, 2.150400E+004 1.570926E+074 2.150400E+004, Sat Sep 05 02:38:31 2015
1.75, 1.80, 0.72, 1.80 , -3.182889E-005, 3.181570E-005, -2.911618E-011, -9.562970E-014, 2.150400E+004 1.570926E+074 2.150400E+004, Sat Sep 05 02:38:34 2015
1.75, 1.80, 0.70, 1.80 , -3.243938E-005, 3.243080E-005, -2.827760E-011, -9.632110E-014, 2.150400E+004 1.570926E+074 2.150400E+004, Sat Sep 05 02:38:38 2015
1.75, 1.80, 0.68, 1.80 , -3.304521E-005, 3.303350E-005, -2.915811E-011, -9.984970E-014, 2.150400E+004 1.570926E+074 2.150400E+004, Sat Sep 05 02:38:41 2015
1.75, 1.80, 0.66, 1.80 , -3.363106E-005, 3.362220E-005, -3.070947E-011, -8.561610E-014, 2.150400E+004 1.570926E+074 2.150400E+004, Sat Sep 05 02:38:45 2015
1.75, 1.80, 0.64, 1.80 , -3.420103E-005, 3.418770E-005, -3.142227E-011, -1.088020E-013, 2.150400E+004 1.570926E+074 2.150400E+004, Sat Sep 05 02:38:49 2015
1.75, 1.80, 0.62, 1.80 , -3.475466E-005, 3.474290E-005, -3.184156E-011, -1.091840E-013, 2.150400E+004 1.570926E+074 2.150400E+004, Sat Sep 05 02:38:52 2015
1.75, 1.80, 0.60, 1.80 , -3.530179E-005, 3.528560E-005, -3.129648E-011, -9.858610E-014, 2.150400E+004 1.570926E+074 2.150400E+004, Sat Sep 05 02:38:56 2015
1.75, 1.80, 0.58, 1.80 , -3.582731E-005, 3.581300E-005, -3.402186E-011, -1.055720E-013, 2.150400E+004 1.570926E+074 2.150400E+004, Sat Sep 05 02:38:59 2015
1.75, 1.80, 0.56, 1.80 , -3.634613E-005, 3.633090E-005, -3.716652E-011, -1.307610E-013, 2.150400E+004 1.570926E+074 2.150400E+004, Sat Sep 05 02:39:03 2015
1.75, 1.80, 0.54, 1.80 , -3.684350E-005, 3.682950E-005, -3.712460E-011, -1.051660E-013, 2.150400E+004 1.570926E+074 2.150400E+004, Sat Sep 05 02:39:06 2015
1.75, 1.80, 0.52, 1.80 , -3.733307E-005, 3.731860E-005, -3.603444E-011, -9.145740E-014, 2.150400E+004 1.570926E+074 2.150400E+004, Sat Sep 05 02:39:10 2015
1.75, 1.80, 0.50, 1.80 , -3.780958E-005, 3.779590E-005, -3.498622E-011, -1.004100E-013, 2.150400E+004 1.570926E+074 2.150400E+004, Sat Sep 05 02:39:13 2015
1.75, 1.80, 0.48, 1.80 , -3.827130E-005, 3.825590E-005, -3.964031E-011, -7.505420E-014, 2.150400E+004 1.570926E+074 2.150400E+004, Sat Sep 05 02:39:17 2015
1.75, 1.80, 0.46, 1.80 , -3.872827E-005, 3.871510E-005, -3.829860E-011, -1.030800E-013, 2.150400E+004 1.570926E+074 2.150400E+004, Sat Sep 05 02:39:21 2015
1.75, 1.80, 0.44, 1.80 , -3.917930E-005, 3.916230E-005, -3.947261E-011, -9.095670E-014, 2.150400E+004 1.570926E+074 2.150400E+004, Sat Sep 05 02:39:24 2015
1.75, 1.80, 0.42, 1.80 , -3.960456E-005, 3.959090E-005, -4.026925E-011, -1.046300E-013, 2.150400E+004 1.570926E+074 2.150400E+004, Sat Sep 05 02:39:28 2015
1.75, 1.80, 0.40, 1.80 , -4.003232E-005, 4.002120E-005, -4.039504E-011, -1.120690E-013, 2.150400E+004 1.570926E+074 2.150400E+004, Sat Sep 05 02:39:31 2015
1.75, 1.80, 0.38, 1.80 , -4.044593E-005, 4.043750E-005, -4.165289E-011, -8.811950E-014, 2.150400E+004 1.570926E+074 2.150400E+004, Sat Sep 05 02:39:35 2015
1.75, 1.80, 0.36, 1.80 , -4.085843E-005, 4.084320E-005, -4.278497E-011, -8.056160E-014, 2.150400E+004 1.570926E+074 2.150400E+004, Sat Sep 05 02:39:38 2015
1.75, 1.80, 0.34, 1.80 , -4.125472E-005, 4.123840E-005, -4.270110E-011, -1.168850E-013, 2.150400E+004 1.570926E+074 2.150400E+004, Sat Sep 05 02:39:42 2015
1.75, 1.80, 0.32, 1.80 , -4.164363E-005, 4.163270E-005, -4.559421E-011, -1.006360E-013, 2.150400E+004 1.570926E+074 2.150400E+004, Sat Sep 05 02:39:45 2015
1.75, 1.80, 0.30, 1.80 , -4.202542E-005, 4.201270E-005, -4.433635E-011, -1.090650E-013, 2.150400E+004 1.570926E+074 2.150400E+004, Sat Sep 05 02:39:49 2015
1.75, 1.80, 0.28, 1.80 , -4.239776E-005, 4.238130E-005, -4.500720E-011, -9.834770E-014, 2.150400E+004 1.570926E+074 2.150400E+004, Sat Sep 05 02:39:52 2015
1.75, 1.80, 0.26, 1.80 , -4.276831E-005, 4.275150E-005, -4.714559E-011, -7.983450E-014, 2.150400E+004 1.570926E+074 2.150400E+004, Sat Sep 05 02:39:56 2015
1.75, 1.80, 0.24, 1.80 , -4.313218E-005, 4.311430E-005, -4.592964E-011, -9.807350E-014, 2.150400E+004 1.570926E+074 2.150400E+004, Sat Sep 05 02:40:00 2015
1.75, 1.80, 0.22, 1.80 , -4.347852E-005, 4.345710E-005, -4.949359E-011, -9.626150E-014, 2.150400E+004 1.570926E+074 2.150400E+004, Sat Sep 05 02:40:03 2015
1.75, 1.80, 0.20, 1.80 , -4.382623E-005, 4.381320E-005, -4.844537E-011, -9.622570E-014, 2.150400E+004 1.570926E+074 2.150400E+004, Sat Sep 05 02:40:07 2015
1.75, 1.80, 0.18, 1.80 , -4.416427E-005, 4.415180E-005, -5.087724E-011, -8.621220E-014, 2.150400E+004 1.570926E+074 2.150400E+004, Sat Sep 05 02:40:10 2015
1.75, 1.80, 0.16, 1.80 , -4.449824E-005, 4.448670E-005, -4.873889E-011, -9.176730E-014, 2.150400E+004 1.570926E+074 2.150400E+004, Sat Sep 05 02:40:14 2015
1.75, 1.80, 0.14, 1.80 , -4.482692E-005, 4.481410E-005, -5.255439E-011, -9.933710E-014, 2.150400E+004 1.570926E+074 2.150400E+004, Sat Sep 05 02:40:17 2015
1.75, 1.80, 0.12, 1.80 , -4.514512E-005, 4.512830E-005, -5.075146E-011, -8.536580E-014, 2.150400E+004 1.570926E+074 2.150400E+004, Sat Sep 05 02:40:21 2015
1.75, 1.80, 0.10, 1.80 , -4.546978E-005, 4.545610E-005, -5.288985E-011, -9.679790E-014, 2.150400E+004 1.570926E+074 2.150400E+004, Sat Sep 05 02:40:24 2015
1.75, 1.80, 0.08, 1.80 , -4.577539E-005, 4.575390E-005, -5.397997E-011, -1.167060E-013, 2.150400E+004 1.570926E+074 2.150400E+004, Sat Sep 05 02:40:28 2015
1.75, 1.80, 0.06, 1.80 , -4.607446E-005, 4.606250E-005, -5.435733E-011, -1.071210E-013, 2.150400E+004 1.570926E+074 2.150400E+004, Sat Sep 05 02:40:32 2015
1.75, 1.80, 0.04, 1.80 , -4.637681E-005, 4.636350E-005, -5.523785E-011, -9.479520E-014, 2.150400E+004 1.570926E+074 2.150400E+004, Sat Sep 05 02:40:35 2015
1.75, 1.80, 0.02, 1.80 , -4.666268E-005, 4.665060E-005, -5.569907E-011, -8.156300E-014, 2.150400E+004 1.570926E+074 2.150400E+004, Sat Sep 05 02:40:39 2015
1.75, 1.80, 0.00, 1.80 , -4.695371E-005, 4.693630E-005, -5.783745E-011, -9.807350E-014, 2.150400E+004 1.570926E+074 2.150400E+004, Sat Sep 05 02:40:42 2015
1.75, 1.80, -0.02, 1.80 , -4.723452E-005, 4.722320E-005, -5.825671E-011, -1.076580E-013, 2.150400E+004 1.570926E+074 2.150400E+004, Sat Sep 05 02:40:46 2015
1.75, 1.80, -0.04, 1.80 , -4.750952E-005, 4.748940E-005, -5.850829E-011, -1.093030E-013, 2.150400E+004 1.570926E+074 2.150400E+004, Sat Sep 05 02:40:49 2015
1.75, 1.80, -0.06, 1.80 , -4.778292E-005, 4.776910E-005, -5.863406E-011, -1.004220E-013, 2.150400E+004 1.570926E+074 2.150400E+004, Sat Sep 05 02:40:53 2015
1.75, 1.80, -0.08, 1.80 , -4.805188E-005, 4.803850E-005, -5.989192E-011, -9.920600E-014, 2.150400E+004 1.570926E+074 2.150400E+004, Sat Sep 05 02:40:56 2015
1.75, 1.80, -0.10, 1.80 , -4.830802E-005, 4.829780E-005, -6.265924E-011, -1.003030E-013, 2.150400E+004 1.570926E+074 2.150400E+004, Sat Sep 05 02:41:00 2015
1.75, 1.80, -0.12, 1.80 , -4.856941E-005, 4.854850E-005, -6.135945E-011, -8.578300E-014, 2.150400E+004 1.570926E+074 2.150400E+004, Sat Sep 05 02:41:03 2015
1.75, 1.80, -0.14, 1.80 , -4.881921E-005, 4.880880E-005, -6.316241E-011, -8.624790E-014, 2.150400E+004 1.570926E+074 2.150400E+004, Sat Sep 05 02:41:07 2015
1.75, 1.80, -0.16, 1.80 , -4.907987E-005, 4.905860E-005, -6.509113E-011, -8.184910E-014, 2.150400E+004 1.570926E+074 2.150400E+004, Sat Sep 05 02:41:11 2015
1.75, 1.80, -0.18, 1.80 , -4.932748E-005, 4.930850E-005, -6.404288E-011, -9.408000E-014, 2.150400E+004 1.570926E+074 2.150400E+004, Sat Sep 05 02:41:14 2015
1.75, 1.80, -0.20, 1.80 , -4.956111E-005, 4.954850E-005, -6.404288E-011, -1.014950E-013, 2.150400E+004 1.570926E+074 2.150400E+004, Sat Sep 05 02:41:18 2015
