0.00, 1.80, 1.80, 1.80 , -1.020032E-010, 6.419810E-011, 6.072587E-010, -9.943250E-014, 2.150400E+004 1.570926E+074 2.150400E+004, Sat Sep 05 02:41:35 2015
0.00, 1.80, 1.78, 1.80 , -8.757119E-011, 6.810780E-011, 5.540564E-010, -8.016820E-014, 2.150400E+004 1.570926E+074 2.150400E+004, Sat Sep 05 02:41:42 2015
0.00, 1.80, 1.76, 1.80 , -8.145238E-011, 7.239170E-011, 5.307457E-010, -8.356570E-014, 2.150400E+004 1.570926E+074 2.150400E+004, Sat Sep 05 02:41:48 2015
0.00, 1.80, 1.74, 1.80 , -8.216976E-011, 7.871850E-011, 5.030338E-010, -1.068230E-013, 2.150400E+004 1.570926E+074 2.150400E+004, Sat Sep 05 02:41:55 2015
0.00, 1.80, 1.72, 1.80 , -8.934358E-011, 8.955290E-011, 4.840841E-010, -8.772610E-014, 2.150400E+004 1.570926E+074 2.150400E+004, Sat Sep 05 02:42:01 2015
0.00, 1.80, 1.70, 1.80 , -1.071094E-010, 1.098970E-010, 4.646308E-010, -8.258820E-014, 2.150400E+004 1.570926E+074 2.150400E+004, Sat Sep 05 02:42:08 2015
0.00, 1.80, 1.68, 1.80 , -1.412904E-010, 1.504320E-010, 4.440459E-010, -1.065250E-013, 2.150400E+004 1.570926E+074 2.150400E+004, Sat Sep 05 02:42:13 2015
0.00, 1.80, 1.66, 1.80 , -2.231563E-010, 2.319290E-010, 4.252636E-010, -1.060960E-013, 2.150400E+004 1.570926E+074 2.150400E+004, Sat Sep 05 02:42:17 2015
0.00, 1.80, 1.64, 1.80 , -3.887454E-010, 3.994070E-010, 4.082424E-010, -1.055120E-013, 2.150400E+004 1.570926E+074 2.150400E+004, Sat Sep 05 02:42:22 2015
0.00, 1.80, 1.62, 1.80 , -7.265048E-010, 7.409730E-010, 3.944069E-010, -1.042010E-013, 2.150400E+004 1.570926E+074 2.150400E+004, Sat Sep 05 02:42:26 2015
0.00, 1.80, 1.60, 1.80 , -1.424686E-009, 1.437690E-009, 3.777211E-010, -8.578300E-014, 2.150400E+004 1.570926E+074 2.150400E+004, Sat Sep 05 02:42:31 2015
0.00, 1.80, 1.58, 1.80 , -2.853499E-009, 2.869360E-009, 3.622509E-010, -1.050110E-013, 2.150400E+004 1.570926E+074 2.150400E+004, Sat Sep 05 02:42:34 2015
0.00, 1.80, 1.56, 1.80 , -5.762862E-009, 5.795260E-009, 3.466548E-010, -1.016970E-013, 2.150400E+004 1.570926E+074 2.150400E+004, Sat Sep 05 02:42:38 2015
0.00, 1.80, 1.54, 1.80 , -1.171173E-008, 1.172990E-008, 3.330294E-010, -1.029130E-013, 2.150400E+004 1.570926E+074 2.150400E+004, Sat Sep 05 02:42:42 2015
0.00, 1.80, 1.52, 1.80 , -2.364851E-008, 2.370220E-008, 3.181043E-010, -9.684560E-014, 2.150400E+004 1.570926E+074 2.150400E+004, Sat Sep 05 02:42:45 2015
0.00, 1.80, 1.50, 1.80 , -4.763173E-008, 4.766430E-008, 3.018793E-010, -1.147390E-013, 2.150400E+004 1.570926E+074 2.150400E+004, Sat Sep 05 02:42:49 2015
0.00, 1.80, 1.48, 1.80 , -9.454868E-008, 9.462620E-008, 2.890923E-010, -8.217100E-014, 2.150400E+004 1.570926E+074 2.150400E+004, Sat Sep 05 02:42:52 2015
0.00, 1.80, 1.46, 1.80 , -1.847290E-007, 1.826510E-007, 2.760121E-010, -8.310080E-014, 2.150400E+004 1.570926E+074 2.150400E+004, Sat Sep 05 02:42:56 2015
0.00, 1.80, 1.44, 1.80 , -3.506369E-007, 3.510820E-007, 2.634343E-010, -1.043560E-013, 2.150400E+004 1.570926E+074 2.150400E+004, Sat Sep 05 02:43:00 2015
0.00, 1.80, 1.42, 1.80 , -6.451353E-007, 6.444080E-007, 2.494736E-010, -1.130580E-013, 2.150400E+004 1.570926E+074 2.150400E+004, Sat Sep 05 02:43:03 2015
0.00, 1.80, 1.40, 1.80 , -1.133268E-006, 1.133170E-006, 2.465807E-010, -1.076340E-013, 2.150400E+004 1.570926E+074 2.150400E+004, Sat Sep 05 02:43:07 2015
0.00, 1.80, 1.38, 1.80 , -1.901653E-006, 1.898100E-006, 2.210908E-010, -8.391140E-014, 2.150400E+004 1.570926E+074 2.150400E+004, Sat Sep 05 02:43:10 2015
0.00, 1.80, 1.36, 1.80 , -3.029703E-006, 3.030720E-006, 2.095195E-010, -1.010890E-013, 2.150400E+004 1.570926E+074 2.150400E+004, Sat Sep 05 02:43:14 2015
0.00, 1.80, 1.34, 1.80 , -4.601003E-006, 4.604680E-006, 1.952651E-010, -1.066210E-013, 2.150400E+004 1.570926E+074 2.150400E+004, Sat Sep 05 02:43:17 2015
0.00, 1.80, 1.32, 1.80 , -6.687038E-006, 6.689060E-006, 1.846999E-010, -1.066920E-013, 2.150400E+004 1.570926E+074 2.150400E+004, Sat Sep 05 02:43:21 2015
0.00, 1.80, 1.30, 1.80 , -9.319843E-006, 9.322630E-006, 1.740091E-010, -1.154900E-013, 2.150400E+004 1.570926E+074 2.150400E+004, Sat Sep 05 02:43:25 2015
0.00, 1.80, 1.28, 1.80 , -1.255397E-005, 1.253560E-005, 1.915335E-010, -1.067880E-013, 2.150400E+004 1.570926E+074 2.150400E+004, Sat Sep 05 02:43:28 2015
0.00, 1.80, 1.26, 1.80 , -1.637935E-005, 1.637180E-005, 1.545562E-010, -1.235600E-013, 2.150400E+004 1.570926E+074 2.150400E+004, Sat Sep 05 02:43:32 2015
0.00, 1.80, 1.24, 1.80 , -2.079941E-005, 2.078320E-005, 1.403017E-010, -1.185180E-013, 2.150400E+004 1.570926E+074 2.150400E+004, Sat Sep 05 02:43:35 2015
0.00, 1.80, 1.22, 1.80 , -2.581505E-005, 2.580310E-005, 1.267601E-010, -1.230120E-013, 2.150400E+004 1.570926E+074 2.150400E+004, Sat Sep 05 02:43:39 2015
0.00, 1.80, 1.20, 1.80 , -3.141717E-005, 3.140520E-005, 1.192976E-010, -1.027820E-013, 2.150400E+004 1.570926E+074 2.150400E+004, Sat Sep 05 02:43:42 2015
0.00, 1.80, 1.18, 1.80 , -3.757286E-005, 3.755990E-005, 1.092357E-010, -1.086120E-013, 2.150400E+004 1.570926E+074 2.150400E+004, Sat Sep 05 02:43:46 2015
0.00, 1.80, 1.16, 1.80 , -4.432611E-005, 4.431190E-005, 9.623904E-011, -1.178860E-013, 2.150400E+004 1.570926E+074 2.150400E+004, Sat Sep 05 02:43:50 2015
0.00, 1.80, 1.14, 1.80 , -5.157278E-005, 5.155850E-005, 8.932145E-011, -1.062990E-013, 2.150400E+004 1.570926E+074 2.150400E+004, Sat Sep 05 02:43:53 2015
0.00, 1.80, 1.12, 1.80 , -5.935651E-005, 5.932130E-005, 7.775031E-011, -1.115680E-013, 2.150400E+004 1.570926E+074 2.150400E+004, Sat Sep 05 02:43:57 2015
0.00, 1.80, 1.10, 1.80 , -6.761035E-005, 6.759150E-005, 7.024581E-011, -1.075860E-013, 2.150400E+004 1.570926E+074 2.150400E+004, Sat Sep 05 02:44:00 2015
0.00, 1.80, 1.08, 1.80 , -7.634430E-005, 7.630500E-005, 6.391514E-011, -9.477140E-014, 2.150400E+004 1.570926E+074 2.150400E+004, Sat Sep 05 02:44:04 2015
0.00, 1.80, 1.06, 1.80 , -8.554132E-005, 8.551850E-005, 5.553026E-011, -8.870360E-014, 2.150400E+004 1.570926E+074 2.150400E+004, Sat Sep 05 02:44:07 2015
0.00, 1.80, 1.04, 1.80 , -9.513880E-005, 9.509560E-005, 4.546829E-011, -1.243710E-013, 2.150400E+004 1.570926E+074 2.150400E+004, Sat Sep 05 02:44:11 2015
0.00, 1.80, 1.02, 1.80 , -1.051287E-004, 1.051210E-004, 3.964076E-011, -1.122470E-013, 2.150400E+004 1.570926E+074 2.150400E+004, Sat Sep 05 02:44:14 2015
0.00, 1.80, 1.00, 1.80 , -1.155441E-004, 1.155120E-004, 3.314246E-011, -9.641650E-014, 2.150400E+004 1.570926E+074 2.150400E+004, Sat Sep 05 02:44:18 2015
0.00, 1.80, 0.98, 1.80 , -1.263128E-004, 1.262720E-004, 2.660228E-011, -1.031400E-013, 2.150400E+004 1.570926E+074 2.150400E+004, Sat Sep 05 02:44:22 2015
0.00, 1.80, 0.96, 1.80 , -1.374341E-004, 1.373920E-004, 2.081664E-011, -1.038550E-013, 2.150400E+004 1.570926E+074 2.150400E+004, Sat Sep 05 02:44:25 2015
0.00, 1.80, 0.94, 1.80 , -1.489245E-004, 1.488770E-004, 1.477951E-011, -1.064420E-013, 2.150400E+004 1.570926E+074 2.150400E+004, Sat Sep 05 02:44:29 2015
0.00, 1.80, 0.92, 1.80 , -1.606515E-004, 1.606440E-004, 1.109016E-011, -1.257420E-013, 2.150400E+004 1.570926E+074 2.150400E+004, Sat Sep 05 02:44:32 2015
0.00, 1.80, 0.90, 1.80 , -1.727305E-004, 1.727290E-004, 6.562251E-012, -8.811950E-014, 2.150400E+004 1.570926E+074 2.150400E+004, Sat Sep 05 02:44:36 2015
0.00, 1.80, 0.88, 1.80 , -1.851126E-004, 1.851220E-004, 3.962941E-012, -1.083970E-013, 2.150400E+004 1.570926E+074 2.150400E+004, Sat Sep 05 02:44:39 2015
0.00, 1.80, 0.86, 1.80 , -1.978065E-004, 1.977400E-004, -3.667342E-012, -1.102210E-013, 2.150400E+004 1.570926E+074 2.150400E+004, Sat Sep 05 02:44:43 2015
0.00, 1.80, 0.84, 1.80 , -2.106660E-004, 2.106490E-004, -4.631604E-012, -9.298320E-014, 2.150400E+004 1.570926E+074 2.150400E+004, Sat Sep 05 02:44:46 2015
0.00, 1.80, 0.82, 1.80 , -2.238716E-004, 2.238500E-004, -6.895536E-012, -9.573700E-014, 2.150400E+004 1.570926E+074 2.150400E+004, Sat Sep 05 02:44:50 2015
0.00, 1.80, 0.80, 1.80 , -2.373335E-004, 2.373040E-004, -1.171686E-011, -9.213690E-014, 2.150400E+004 1.570926E+074 2.150400E+004, Sat Sep 05 02:44:54 2015
0.00, 1.80, 0.78, 1.80 , -2.510351E-004, 2.509980E-004, -1.377116E-011, -1.019360E-013, 2.150400E+004 1.570926E+074 2.150400E+004, Sat Sep 05 02:44:57 2015
0.00, 1.80, 0.76, 1.80 , -2.649353E-004, 2.648990E-004, -1.498698E-011, -1.049520E-013, 2.150400E+004 1.570926E+074 2.150400E+004, Sat Sep 05 02:45:01 2015
0.00, 1.80, 0.74, 1.80 , -2.790685E-004, 2.790070E-004, -1.502890E-011, -9.586810E-014, 2.150400E+004 1.570926E+074 2.150400E+004, Sat Sep 05 02:45:04 2015
0.00, 1.80, 0.72, 1.80 , -2.934088E-004, 2.933220E-004, -1.662204E-011, -9.151700E-014, 2.150400E+004 1.570926E+074 2.150400E+004, Sat Sep 05 02:45:08 2015
0.00, 1.80, 0.70, 1.80 , -3.078883E-004, 3.078390E-004, -2.001793E-011, -8.810760E-014, 2.150400E+004 1.570926E+074 2.150400E+004, Sat Sep 05 02:45:11 2015
0.00, 1.80, 0.68, 1.80 , -3.225913E-004, 3.225280E-004, -2.014371E-011, -1.006600E-013, 2.150400E+004 1.570926E+074 2.150400E+004, Sat Sep 05 02:45:15 2015
0.00, 1.80, 0.66, 1.80 , -3.374430E-004, 3.373710E-004, -2.442015E-011, -1.134510E-013, 2.150400E+004 1.570926E+074 2.150400E+004, Sat Sep 05 02:45:18 2015
0.00, 1.80, 0.64, 1.80 , -3.524810E-004, 3.524140E-004, -2.228186E-011, -1.021150E-013, 2.150400E+004 1.570926E+074 2.150400E+004, Sat Sep 05 02:45:22 2015
0.00, 1.80, 0.62, 1.80 , -3.676532E-004, 3.675830E-004, -2.618116E-011, -1.111510E-013, 2.150400E+004 1.570926E+074 2.150400E+004, Sat Sep 05 02:45:25 2015
0.00, 1.80, 0.60, 1.80 , -3.829596E-004, 3.828770E-004, -2.613923E-011, -9.529590E-014, 2.150400E+004 1.570926E+074 2.150400E+004, Sat Sep 05 02:45:29 2015
0.00, 1.80, 0.58, 1.80 , -3.985071E-004, 3.984910E-004, -2.890653E-011, -1.333120E-013, 2.150400E+004 1.570926E+074 2.150400E+004, Sat Sep 05 02:45:33 2015
0.00, 1.80, 0.56, 1.80 , -4.141871E-004, 4.140760E-004, -2.915810E-011, -1.260880E-013, 2.150400E+004 1.570926E+074 2.150400E+004, Sat Sep 05 02:45:36 2015
0.00, 1.80, 0.54, 1.80 , -4.299466E-004, 4.298890E-004, -2.886460E-011, -9.113550E-014, 2.150400E+004 1.570926E+074 2.150400E+004, Sat Sep 05 02:45:40 2015
0.00, 1.80, 0.52, 1.80 , -4.459362E-004, 4.458550E-004, -2.869689E-011, -1.050710E-013, 2.150400E+004 1.570926E+074 2.150400E+004, Sat Sep 05 02:45:43 2015
0.00, 1.80, 0.50, 1.80 , -4.620333E-004, 4.619620E-004, -2.882268E-011, -9.876490E-014, 2.150400E+004 1.570926E+074 2.150400E+004, Sat Sep 05 02:45:47 2015
0.00, 1.80, 0.48, 1.80 , -4.781567E-004, 4.780690E-004, -2.693588E-011, -1.022700E-013, 2.150400E+004 1.570926E+074 2.150400E+004, Sat Sep 05 02:45:50 2015
0.00, 1.80, 0.46, 1.80 , -4.943962E-004, 4.943300E-004, -3.238662E-011, -1.186250E-013, 2.150400E+004 1.570926E+074 2.150400E+004, Sat Sep 05 02:45:54 2015
0.00, 1.80, 0.44, 1.80 , -5.108480E-004, 5.107720E-004, -3.351870E-011, -1.006600E-013, 2.150400E+004 1.570926E+074 2.150400E+004, Sat Sep 05 02:45:57 2015
0.00, 1.80, 0.42, 1.80 , -5.274353E-004, 5.273590E-004, -3.347676E-011, -1.094580E-013, 2.150400E+004 1.570926E+074 2.150400E+004, Sat Sep 05 02:46:01 2015
0.00, 1.80, 0.40, 1.80 , -5.439734E-004, 5.438830E-004, -3.507006E-011, -1.028420E-013, 2.150400E+004 1.570926E+074 2.150400E+004, Sat Sep 05 02:46:05 2015
0.00, 1.80, 0.38, 1.80 , -5.606411E-004, 5.606300E-004, -3.486043E-011, -1.071330E-013, 2.150400E+004 1.570926E+074 2.150400E+004, Sat Sep 05 02:46:08 2015
0.00, 1.80, 0.36, 1.80 , -5.774131E-004, 5.773870E-004, -3.620214E-011, -9.905100E-014, 2.150400E+004 1.570926E+074 2.150400E+004, Sat Sep 05 02:46:12 2015
0.00, 1.80, 0.34, 1.80 , -5.942134E-004, 5.941780E-004, -3.695685E-011, -1.075740E-013, 2.150400E+004 1.570926E+074 2.150400E+004, Sat Sep 05 02:46:15 2015
0.00, 1.80, 0.32, 1.80 , -6.111627E-004, 6.110560E-004, -3.855015E-011, -1.190780E-013, 2.150400E+004 1.570926E+074 2.150400E+004, Sat Sep 05 02:46:19 2015
0.00, 1.80, 0.30, 1.80 , -6.281719E-004, 6.280470E-004, -3.871787E-011, -9.586810E-014, 2.150400E+004 1.570926E+074 2.150400E+004, Sat Sep 05 02:46:22 2015
0.00, 1.80, 0.28, 1.80 , -6.453632E-004, 6.452740E-004, -3.800507E-011, -1.051190E-013, 2.150400E+004 1.570926E+074 2.150400E+004, Sat Sep 05 02:46:26 2015
0.00, 1.80, 0.26, 1.80 , -6.624383E-004, 6.623160E-004, -3.880173E-011, -8.838180E-014, 2.150400E+004 1.570926E+074 2.150400E+004, Sat Sep 05 02:46:29 2015
0.00, 1.80, 0.24, 1.80 , -6.797247E-004, 6.796310E-004, -3.917908E-011, -9.690520E-014, 2.150400E+004 1.570926E+074 2.150400E+004, Sat Sep 05 02:46:33 2015
0.00, 1.80, 0.22, 1.80 , -6.969533E-004, 6.968030E-004, -4.140131E-011, -1.256350E-013, 2.150400E+004 1.570926E+074 2.150400E+004, Sat Sep 05 02:46:36 2015
0.00, 1.80, 0.20, 1.80 , -7.142063E-004, 7.140930E-004, -4.232373E-011, -1.049040E-013, 2.150400E+004 1.570926E+074 2.150400E+004, Sat Sep 05 02:46:40 2015
0.00, 1.80, 0.18, 1.80 , -7.316671E-004, 7.315640E-004, -4.337197E-011, -9.893180E-014, 2.150400E+004 1.570926E+074 2.150400E+004, Sat Sep 05 02:46:44 2015
0.00, 1.80, 0.16, 1.80 , -7.490523E-004, 7.489380E-004, -4.345581E-011, -9.671450E-014, 2.150400E+004 1.570926E+074 2.150400E+004, Sat Sep 05 02:46:47 2015
0.00, 1.80, 0.14, 1.80 , -7.664405E-004, 7.663270E-004, -4.462982E-011, -7.523300E-014, 2.150400E+004 1.570926E+074 2.150400E+004, Sat Sep 05 02:46:51 2015
0.00, 1.80, 0.12, 1.80 , -7.838365E-004, 7.837250E-004, -4.551033E-011, -1.093510E-013, 2.150400E+004 1.570926E+074 2.150400E+004, Sat Sep 05 02:46:54 2015
0.00, 1.80, 0.10, 1.80 , -8.012883E-004, 8.012040E-004, -4.668435E-011, -9.809730E-014, 2.150400E+004 1.570926E+074 2.150400E+004, Sat Sep 05 02:46:58 2015
0.00, 1.80, 0.08, 1.80 , -8.188212E-004, 8.186230E-004, -4.710363E-011, -9.887220E-014, 2.150400E+004 1.570926E+074 2.150400E+004, Sat Sep 05 02:47:01 2015
0.00, 1.80, 0.06, 1.80 , -8.362352E-004, 8.361140E-004, -4.727134E-011, -1.058340E-013, 2.150400E+004 1.570926E+074 2.150400E+004, Sat Sep 05 02:47:05 2015
0.00, 1.80, 0.04, 1.80 , -8.537069E-004, 8.536130E-004, -4.886462E-011, -1.014110E-013, 2.150400E+004 1.570926E+074 2.150400E+004, Sat Sep 05 02:47:08 2015
0.00, 1.80, 0.02, 1.80 , -8.711877E-004, 8.710650E-004, -4.857113E-011, -1.173730E-013, 2.150400E+004 1.570926E+074 2.150400E+004, Sat Sep 05 02:47:12 2015
0.00, 1.80, 0.00, 1.80 , -8.885139E-004, 8.884730E-004, -5.024828E-011, -7.103680E-014, 2.150400E+004 1.570926E+074 2.150400E+004, Sat Sep 05 02:47:15 2015
0.00, 1.80, -0.02, 1.80 , -9.060387E-004, 9.058540E-004, -5.133843E-011, -9.826420E-014, 2.150400E+004 1.570926E+074 2.150400E+004, Sat Sep 05 02:47:19 2015
0.00, 1.80, -0.04, 1.80 , -9.234169E-004, 9.232110E-004, -4.982899E-011, -1.181720E-013, 2.150400E+004 1.570926E+074 2.150400E+004, Sat Sep 05 02:47:23 2015
0.00, 1.80, -0.06, 1.80 , -9.408233E-004, 9.406370E-004, -5.251243E-011, -1.012800E-013, 2.150400E+004 1.570926E+074 2.150400E+004, Sat Sep 05 02:47:26 2015
0.00, 1.80, -0.08, 1.80 , -9.580562E-004, 9.578060E-004, -5.200931E-011, -8.212330E-014, 2.150400E+004 1.570926E+074 2.150400E+004, Sat Sep 05 02:47:30 2015
0.00, 1.80, -0.10, 1.80 , -9.751959E-004, 9.749360E-004, -5.435729E-011, -1.260280E-013, 2.150400E+004 1.570926E+074 2.150400E+004, Sat Sep 05 02:47:33 2015
0.00, 1.80, -0.12, 1.80 , -9.923449E-004, 9.922660E-004, -5.465080E-011, -1.019240E-013, 2.150400E+004 1.570926E+074 2.150400E+004, Sat Sep 05 02:47:37 2015
0.00, 1.80, -0.14, 1.80 , -1.009515E-003, 1.008670E-003, -5.293170E-011, -7.606740E-014, 2.150400E+004 1.570926E+074 2.150400E+004, Sat Sep 05 02:47:40 2015
0.00, 1.80, -0.16, 1.80 , -1.026353E-003, 1.025510E-003, -5.607640E-011, -1.229760E-013, 2.150400E+004 1.570926E+074 2.150400E+004, Sat Sep 05 02:47:44 2015
0.00, 1.80, -0.18, 1.80 , -1.043346E-003, 1.042490E-003, -5.901139E-011, -1.033310E-013, 2.150400E+004 1.570926E+074 2.150400E+004, Sat Sep 05 02:47:47 2015
0.00, 1.80, -0.20, 1.80 , -1.060171E-003, 1.059170E-003, -5.607638E-011, -8.908510E-014, 2.150400E+004 1.570926E+074 2.150400E+004, Sat Sep 05 02:47:51 2015
