1.80, 1.80, 1.80, 1.80 , 2.487395E-010, 1.260520E-010, 1.612247E-010, -6.752010E-014, 2.150400E+004 1.570926E+074 2.150400E+004, Thu Sep 10 03:12:53 2015
1.75, 1.80, 1.80, 1.80 , 2.100452E-010, -5.977360E-011, 1.742216E-010, -6.980900E-014, 2.150400E+004 1.570926E+074 2.150400E+004, Thu Sep 10 03:13:08 2015
1.70, 1.80, 1.80, 1.80 , 1.852759E-010, 9.503490E-011, 7.036952E-009, -6.872420E-014, 2.150400E+004 1.570926E+074 2.150400E+004, Thu Sep 10 03:13:28 2015
1.65, 1.80, 1.80, 1.80 , 1.786512E-010, 6.841700E-011, 1.354407E-010, -8.519890E-014, 2.150400E+004 1.570926E+074 2.150400E+004, Thu Sep 10 03:13:58 2015
1.60, 1.80, 1.80, 1.80 , 1.472149E-010, 1.135480E-010, 2.070489E-010, -6.351470E-014, 2.150400E+004 1.570926E+074 2.150400E+004, Thu Sep 10 03:14:05 2015
1.55, 1.80, 1.80, 1.80 , 1.259058E-010, 1.137290E-010, 1.374111E-010, -7.449390E-014, 2.150400E+004 1.570926E+074 2.150400E+004, Thu Sep 10 03:14:12 2015
1.50, 1.80, 1.80, 1.80 , 1.381847E-010, 1.205070E-010, 1.357760E-010, -8.146760E-014, 2.150400E+004 1.570926E+074 2.150400E+004, Thu Sep 10 03:14:20 2015
1.45, 1.80, 1.80, 1.80 , 1.394929E-010, -4.705980E-011, 1.320447E-010, -8.618830E-014, 2.150400E+004 1.570926E+074 2.150400E+004, Thu Sep 10 03:14:28 2015
1.40, 1.80, 1.80, 1.80 , 1.114323E-010, 3.429780E-011, 1.719575E-010, -8.268360E-014, 2.150400E+004 1.570926E+074 2.150400E+004, Thu Sep 10 03:14:42 2015
1.35, 1.80, 1.80, 1.80 , 9.252824E-011, -6.535330E-011, 1.177482E-010, -8.184910E-014, 2.150400E+004 1.570926E+074 2.150400E+004, Thu Sep 10 03:17:37 2015
1.30, 1.80, 1.80, 1.80 , 6.446766E-011, 2.347300E-011, 1.177902E-010, -9.332900E-014, 2.150400E+004 1.570926E+074 2.150400E+004, Thu Sep 10 03:17:42 2015
1.25, 1.80, 1.80, 1.80 , 6.666196E-011, 7.558070E-011, 1.625663E-010, -7.950070E-014, 2.150400E+004 1.570926E+074 2.150400E+004, Thu Sep 10 03:17:53 2015
1.20, 1.80, 1.80, 1.80 , 6.446770E-011, 3.684670E-011, 1.348118E-010, -9.204150E-014, 2.150400E+004 1.570926E+074 2.150400E+004, Thu Sep 10 03:18:00 2015
1.15, 1.80, 1.80, 1.80 , 4.720938E-011, 8.810550E-011, 1.262590E-010, -1.062990E-013, 2.150400E+004 1.570926E+074 2.150400E+004, Thu Sep 10 03:18:07 2015
1.10, 1.80, 1.80, 1.80 , 5.248391E-011, 7.436540E-011, 1.245402E-010, -9.467600E-014, 2.150400E+004 1.570926E+074 2.150400E+004, Thu Sep 10 03:18:37 2015
1.05, 1.80, 1.80, 1.80 , 5.218857E-011, 8.647210E-011, 1.117949E-010, -1.026870E-013, 2.150400E+004 1.570926E+074 2.150400E+004, Thu Sep 10 03:21:11 2015
1.00, 1.80, 1.80, 1.80 , 3.564761E-011, 8.447010E-011, 8.860835E-009, -1.028300E-013, 2.150400E+004 1.570926E+074 2.150400E+004, Thu Sep 10 03:24:17 2015
0.95, 1.80, 1.80, 1.80 , 3.147016E-011, 9.675980E-011, 1.637823E-010, -8.995530E-014, 2.150400E+004 1.570926E+074 2.150400E+004, Thu Sep 10 03:24:27 2015
0.90, 1.80, 1.80, 1.80 , 3.395977E-011, 1.477190E-011, 1.247499E-010, -9.377000E-014, 2.150400E+004 1.570926E+074 2.150400E+004, Thu Sep 10 03:24:47 2015
0.85, 1.80, 1.80, 1.80 , 8.219946E-012, 6.925900E-011, 1.151490E-010, -9.020570E-014, 2.150400E+004 1.570926E+074 2.150400E+004, Thu Sep 10 03:25:15 2015
0.80, 1.80, 1.80, 1.80 , 7.080642E-012, 8.679780E-011, 1.232825E-010, -9.173150E-014, 2.150400E+004 1.570926E+074 2.150400E+004, Thu Sep 10 03:25:19 2015
0.75, 1.80, 1.80, 1.80 , -1.612114E-012, 8.758250E-011, 8.367000E-009, -8.420940E-014, 2.150400E+004 1.570926E+074 2.150400E+004, Thu Sep 10 03:25:23 2015
0.70, 1.80, 1.80, 1.80 , -9.967695E-012, 9.166580E-011, 1.235342E-010, -9.157660E-014, 2.150400E+004 1.570926E+074 2.150400E+004, Thu Sep 10 03:25:26 2015
0.65, 1.80, 1.80, 1.80 , 8.008964E-012, -6.694070E-011, 1.156941E-010, -8.516310E-014, 2.150400E+004 1.570926E+074 2.150400E+004, Thu Sep 10 03:25:37 2015
0.60, 1.80, 1.80, 1.80 , -5.874305E-012, 3.007570E-011, 1.169938E-010, -8.772610E-014, 2.150400E+004 1.570926E+074 2.150400E+004, Thu Sep 10 03:25:45 2015
0.55, 1.80, 1.80, 1.80 , -6.040158E-010, -4.167960E-011, 1.136398E-010, -1.027110E-013, 2.150400E+004 1.570926E+074 2.150400E+004, Thu Sep 10 03:25:55 2015
0.50, 1.80, 1.80, 1.80 , -3.018145E-011, 9.480870E-011, 1.843677E-010, -9.707210E-014, 2.150400E+004 1.570926E+074 2.150400E+004, Thu Sep 10 03:26:01 2015
0.45, 1.80, 1.80, 1.80 , -2.579266E-011, -6.241610E-011, 1.221506E-010, -8.056160E-014, 2.150400E+004 1.570926E+074 2.150400E+004, Thu Sep 10 03:26:06 2015
0.40, 1.80, 1.80, 1.80 , -7.309100E-012, -4.880290E-011, 1.145622E-010, -9.924170E-014, 2.150400E+004 1.570926E+074 2.150400E+004, Thu Sep 10 03:27:21 2015
0.35, 1.80, 1.80, 1.80 , -4.157545E-011, 4.031570E-011, 2.039468E-010, -9.422300E-014, 2.150400E+004 1.570926E+074 2.150400E+004, Thu Sep 10 03:27:26 2015
0.30, 1.80, 1.80, 1.80 , -4.376982E-011, 1.627840E-011, 1.398849E-010, -8.610490E-014, 2.150400E+004 1.570926E+074 2.150400E+004, Thu Sep 10 03:27:33 2015
0.25, 1.80, 1.80, 1.80 , -5.765360E-011, 8.448500E-011, 9.125599E-009, -9.323360E-014, 2.150400E+004 1.570926E+074 2.150400E+004, Thu Sep 10 03:27:56 2015
0.20, 1.80, 1.80, 1.80 , -5.980581E-011, -3.387080E-011, 1.333030E-010, -1.033660E-013, 2.150400E+004 1.570926E+074 2.150400E+004, Thu Sep 10 03:30:02 2015
0.15, 1.80, 1.80, 1.80 , -4.879164E-011, 8.092520E-011, 1.545591E-010, -9.946820E-014, 2.150400E+004 1.570926E+074 2.150400E+004, Thu Sep 10 03:31:28 2015
0.10, 1.80, 1.80, 1.80 , -6.782380E-011, 6.799720E-011, 1.190483E-010, -8.692740E-014, 2.150400E+004 1.570926E+074 2.150400E+004, Thu Sep 10 03:32:09 2015
0.05, 1.80, 1.80, 1.80 , -5.153461E-011, 2.549750E-011, 1.478509E-010, -8.641480E-014, 2.150400E+004 1.570926E+074 2.150400E+004, Thu Sep 10 03:34:09 2015
0.00, 1.80, 1.80, 1.80 , -5.575459E-011, 7.069840E-011, 1.555651E-010, -1.062040E-013, 2.150400E+004 1.570926E+074 2.150400E+004, Thu Sep 10 03:35:01 2015
-0.05, 1.80, 1.80, 1.80 , -6.237993E-011, 2.943160E-011, 1.407236E-010, -9.791850E-014, 2.150400E+004 1.570926E+074 2.150400E+004, Thu Sep 10 03:35:08 2015
-0.10, 1.80, 1.80, 1.80 , -4.794760E-011, -3.486660E-012, 1.161554E-010, -1.052740E-013, 2.150400E+004 1.570926E+074 2.150400E+004, Thu Sep 10 03:35:16 2015
-0.15, 1.80, 1.80, 1.80 , -7.529317E-011, 7.256340E-011, 1.732157E-010, -8.769040E-014, 2.150400E+004 1.570926E+074 2.150400E+004, Thu Sep 10 03:35:21 2015
-0.20, 1.80, 1.80, 1.80 , -7.596833E-011, 5.110420E-012, 1.289426E-010, -1.024250E-013, 2.150400E+004 1.570926E+074 2.150400E+004, Thu Sep 10 03:35:50 2015
