0.00, 0.00, 0.00, 0.00 , -5.855245E-010, 5.490870E-010, -6.702001E-011, -2.092660E-012, 2.150400E+004 1.570926E+074 2.150400E+004, Sun Aug 30 23:30:43 2015
0.05, 0.00, 0.00, 0.00 , -4.682102E-010, 4.368550E-010, -7.117103E-011, -1.839470E-012, 2.150400E+004 1.570926E+074 2.150400E+004, Sun Aug 30 23:30:48 2015
0.10, 0.00, 0.00, 0.00 , -3.497149E-010, 3.307910E-010, -6.991312E-011, -1.622120E-012, 2.150400E+004 1.570926E+074 2.150400E+004, Sun Aug 30 23:30:54 2015
0.15, 0.00, 0.00, 0.00 , -2.586062E-010, 2.354570E-010, -6.823599E-011, -1.321380E-012, 2.150400E+004 1.570926E+074 2.150400E+004, Sun Aug 30 23:31:02 2015
0.20, 0.00, 0.00, 0.00 , -1.787649E-010, 1.534340E-010, -6.395921E-011, -1.074590E-012, 2.150400E+004 1.570926E+074 2.150400E+004, Sun Aug 30 23:31:18 2015
0.25, 0.00, 0.00, 0.00 , -8.757219E-011, 7.241390E-011, -6.429466E-011, -1.150420E-012, 2.150400E+004 1.570926E+074 2.150400E+004, Sun Aug 30 23:31:34 2015
0.30, 0.00, 0.00, 0.00 , 8.219870E-012, -2.250680E-011, -6.098227E-011, -1.151960E-012, 2.150400E+004 1.570926E+074 2.150400E+004, Sun Aug 30 23:31:42 2015
0.35, 0.00, 0.00, 0.00 , 9.560760E-011, -1.023780E-010, -6.094034E-011, -1.135850E-012, 2.150400E+004 1.570926E+074 2.150400E+004, Sun Aug 30 23:31:53 2015
0.40, 0.00, 0.00, 0.00 , 1.640495E-010, -1.742040E-010, -5.855036E-011, -1.219460E-012, 2.150400E+004 1.570926E+074 2.150400E+004, Sun Aug 30 23:32:05 2015
0.45, 0.00, 0.00, 0.00 , 2.697078E-010, -2.698950E-010, -5.876000E-011, -1.389030E-012, 2.150400E+004 1.570926E+074 2.150400E+004, Sun Aug 30 23:32:10 2015
0.50, 0.00, 0.00, 0.00 , 3.514411E-010, -3.499440E-010, -5.775372E-011, -1.385020E-012, 2.150400E+004 1.570926E+074 2.150400E+004, Sun Aug 30 23:32:17 2015
0.55, 0.00, 0.00, 0.00 , 4.004308E-010, -4.045820E-010, -5.754409E-011, -1.324810E-012, 2.150400E+004 1.570926E+074 2.150400E+004, Sun Aug 30 23:32:28 2015
0.60, 0.00, 0.00, 0.00 , 4.737250E-010, -4.735210E-010, -5.519606E-011, -1.351330E-012, 2.150400E+004 1.570926E+074 2.150400E+004, Sun Aug 30 23:32:36 2015
0.65, 0.00, 0.00, 0.00 , 5.398459E-010, -5.390930E-010, -5.578304E-011, -1.457460E-012, 2.150400E+004 1.570926E+074 2.150400E+004, Sun Aug 30 23:32:44 2015
0.70, 0.00, 0.00, 0.00 , 6.098910E-010, -6.004710E-010, -5.339311E-011, -1.148500E-012, 2.150400E+004 1.570926E+074 2.150400E+004, Sun Aug 30 23:32:51 2015
0.75, 0.00, 0.00, 0.00 , 6.740287E-010, -6.692280E-010, -5.523797E-011, -1.563800E-012, 2.150400E+004 1.570926E+074 2.150400E+004, Sun Aug 30 23:32:58 2015
0.80, 0.00, 0.00, 0.00 , 7.336515E-010, -7.187070E-010, -5.003876E-011, -1.568600E-012, 2.150400E+004 1.570926E+074 2.150400E+004, Sun Aug 30 23:33:06 2015
0.85, 0.00, 0.00, 0.00 , 7.896875E-010, -7.717650E-010, -5.117086E-011, -1.680280E-012, 2.150400E+004 1.570926E+074 2.150400E+004, Sun Aug 30 23:33:12 2015
0.90, 0.00, 0.00, 0.00 , 8.388457E-010, -8.186780E-010, -5.351889E-011, -1.727460E-012, 2.150400E+004 1.570926E+074 2.150400E+004, Sun Aug 30 23:33:19 2015
0.95, 0.00, 0.00, 0.00 , 8.685100E-010, -8.487650E-010, -5.104508E-011, -1.773490E-012, 2.150400E+004 1.570926E+074 2.150400E+004, Sun Aug 30 23:33:28 2015
1.00, 0.00, 0.00, 0.00 , 9.334487E-010, -9.112700E-010, -5.234485E-011, -1.934390E-012, 2.150400E+004 1.570926E+074 2.150400E+004, Sun Aug 30 23:33:33 2015
1.05, 0.00, 0.00, 0.00 , 9.818052E-010, -9.559130E-010, -5.054192E-011, -1.860670E-012, 2.150400E+004 1.570926E+074 2.150400E+004, Sun Aug 30 23:33:40 2015
1.10, 0.00, 0.00, 0.00 , 1.013705E-009, -9.844970E-010, -5.041614E-011, -1.987620E-012, 2.150400E+004 1.570926E+074 2.150400E+004, Sun Aug 30 23:33:47 2015
1.15, 0.00, 0.00, 0.00 , 1.074214E-009, -1.040620E-009, -5.138051E-011, -2.176730E-012, 2.150400E+004 1.570926E+074 2.150400E+004, Sun Aug 30 23:33:51 2015
1.20, 0.00, 0.00, 0.00 , 1.124386E-009, -1.098510E-009, -5.242877E-011, -2.213480E-012, 2.150400E+004 1.570926E+074 2.150400E+004, Sun Aug 30 23:33:56 2015
1.25, 0.00, 0.00, 0.00 , 1.176075E-009, -1.153430E-009, -5.096122E-011, -2.173820E-012, 2.150400E+004 1.570926E+074 2.150400E+004, Sun Aug 30 23:34:02 2015
1.30, 0.00, 0.00, 0.00 , 1.247259E-009, -1.215680E-009, -5.070965E-011, -2.353890E-012, 2.150400E+004 1.570926E+074 2.150400E+004, Sun Aug 30 23:34:07 2015
1.35, 0.00, 0.00, 0.00 , 1.337136E-009, -1.301730E-009, -5.050000E-011, -2.547690E-012, 2.150400E+004 1.570926E+074 2.150400E+004, Sun Aug 30 23:34:10 2015
1.40, 0.00, 0.00, 0.00 , 1.405410E-009, -1.370780E-009, -5.050000E-011, -2.395950E-012, 2.150400E+004 1.570926E+074 2.150400E+004, Sun Aug 30 23:34:15 2015
1.45, 0.00, 0.00, 0.00 , 1.462078E-009, -1.423730E-009, -5.125473E-011, -2.358440E-012, 2.150400E+004 1.570926E+074 2.150400E+004, Sun Aug 30 23:34:21 2015
1.50, 0.00, 0.00, 0.00 , 1.539213E-009, -1.495910E-009, -4.936793E-011, -2.745780E-012, 2.150400E+004 1.570926E+074 2.150400E+004, Sun Aug 30 23:34:24 2015
1.55, 0.00, 0.00, 0.00 , 1.595755E-009, -1.552170E-009, -5.008072E-011, -2.684750E-012, 2.150400E+004 1.570926E+074 2.150400E+004, Sun Aug 30 23:34:29 2015
1.60, 0.00, 0.00, 0.00 , 1.637234E-009, -1.595800E-009, -5.054192E-011, -2.606300E-012, 2.150400E+004 1.570926E+074 2.150400E+004, Sun Aug 30 23:34:35 2015
1.65, 0.00, 0.00, 0.00 , 1.707786E-009, -1.659680E-009, -4.911635E-011, -2.930470E-012, 2.150400E+004 1.570926E+074 2.150400E+004, Sun Aug 30 23:34:39 2015
1.70, 0.00, 0.00, 0.00 , 1.779392E-009, -1.729640E-009, -4.852933E-011, -3.116170E-012, 2.150400E+004 1.570926E+074 2.150400E+004, Sun Aug 30 23:34:42 2015
1.75, 0.00, 0.00, 0.00 , 1.847708E-009, -1.792050E-009, -4.907441E-011, -3.052320E-012, 2.150400E+004 1.570926E+074 2.150400E+004, Sun Aug 30 23:34:46 2015
1.80, 0.00, 0.00, 0.00 , 1.900790E-009, -1.848190E-009, -4.840354E-011, -3.020800E-012, 2.150400E+004 1.570926E+074 2.150400E+004, Sun Aug 30 23:34:49 2015
1.85, 0.00, 0.00, 0.00 , 1.965349E-009, -1.909160E-009, -4.966144E-011, -3.066650E-012, 2.150400E+004 1.570926E+074 2.150400E+004, Sun Aug 30 23:34:53 2015
1.90, 0.00, 0.00, 0.00 , 2.020371E-009, -1.961610E-009, -4.899055E-011, -2.975730E-012, 2.150400E+004 1.570926E+074 2.150400E+004, Sun Aug 30 23:34:58 2015
1.95, 0.00, 0.00, 0.00 , 2.078349E-009, -2.015430E-009, -4.907441E-011, -3.107730E-012, 2.150400E+004 1.570926E+074 2.150400E+004, Sun Aug 30 23:35:01 2015
2.00, 0.00, 0.00, 0.00 , 2.139111E-009, -2.072210E-009, -5.029036E-011, -3.176610E-012, 2.150400E+004 1.570926E+074 2.150400E+004, Sun Aug 30 23:35:05 2015
