1.80, 1.80, -0.20, 1.80 , 7.182523E-010, 8.391770E-010, -4.092508E-008, 3.326500E-008, 2.150400E+004 1.570926E+074 2.150400E+004, Sun Aug 23 04:18:24 2015
1.75, 1.80, -0.20, 1.80 , -3.275838E-007, 3.301570E-007, -2.727858E-008, 2.900290E-008, 2.150400E+004 1.570926E+074 2.150400E+004, Sun Aug 23 04:18:28 2015
1.70, 1.80, -0.20, 1.80 , -1.381475E-006, 1.385780E-006, -2.143428E-008, 1.992320E-008, 2.150400E+004 1.570926E+074 2.150400E+004, Sun Aug 23 04:18:30 2015
1.65, 1.80, -0.20, 1.80 , -3.391525E-006, 3.396310E-006, -1.356902E-008, 1.348780E-008, 2.150400E+004 1.570926E+074 2.150400E+004, Sun Aug 23 04:18:33 2015
1.60, 1.80, -0.20, 1.80 , -6.641257E-006, 6.650340E-006, -9.660220E-009, 9.896360E-009, 2.150400E+004 1.570926E+074 2.150400E+004, Sun Aug 23 04:18:35 2015
1.55, 1.80, -0.20, 1.80 , -1.085829E-005, 1.085360E-005, -7.471048E-009, 6.776680E-009, 2.150400E+004 1.570926E+074 2.150400E+004, Sun Aug 23 04:18:38 2015
1.50, 1.80, -0.20, 1.80 , -1.551853E-005, 1.552350E-005, -6.232502E-009, 5.579590E-009, 2.150400E+004 1.570926E+074 2.150400E+004, Sun Aug 23 04:18:40 2015
1.45, 1.80, -0.20, 1.80 , -2.032829E-005, 2.032130E-005, -5.570144E-009, 5.100720E-009, 2.150400E+004 1.570926E+074 2.150400E+004, Sun Aug 23 04:18:43 2015
1.40, 1.80, -0.20, 1.80 , -2.508423E-005, 2.509930E-005, -5.100663E-009, 5.002010E-009, 2.150400E+004 1.570926E+074 2.150400E+004, Sun Aug 23 04:18:45 2015
1.35, 1.80, -0.20, 1.80 , -2.977409E-005, 2.977010E-005, -5.083097E-009, 4.888340E-009, 2.150400E+004 1.570926E+074 2.150400E+004, Sun Aug 23 04:18:47 2015
1.30, 1.80, -0.20, 1.80 , -3.423892E-005, 3.423740E-005, -4.754246E-009, 4.410820E-009, 2.150400E+004 1.570926E+074 2.150400E+004, Sun Aug 23 04:18:50 2015
1.25, 1.80, -0.20, 1.80 , -3.849961E-005, 3.850220E-005, -4.610177E-009, 4.498240E-009, 2.150400E+004 1.570926E+074 2.150400E+004, Sun Aug 23 04:18:52 2015
1.20, 1.80, -0.20, 1.80 , -4.251953E-005, 4.251020E-005, -4.500869E-009, 4.004950E-009, 2.150400E+004 1.570926E+074 2.150400E+004, Sun Aug 23 04:18:55 2015
1.15, 1.80, -0.20, 1.80 , -4.624170E-005, 4.624850E-005, -4.423130E-009, 4.244500E-009, 2.150400E+004 1.570926E+074 2.150400E+004, Sun Aug 23 04:18:57 2015
1.10, 1.80, -0.20, 1.80 , -4.970003E-005, 4.967800E-005, -4.331307E-009, 4.179990E-009, 2.150400E+004 1.570926E+074 2.150400E+004, Sun Aug 23 04:19:00 2015
1.05, 1.80, -0.20, 1.80 , -5.283065E-005, 5.282380E-005, -4.254489E-009, 4.137440E-009, 2.150400E+004 1.570926E+074 2.150400E+004, Sun Aug 23 04:19:02 2015
1.00, 1.80, -0.20, 1.80 , -5.567383E-005, 5.568350E-005, -3.978051E-009, 4.097560E-009, 2.150400E+004 1.570926E+074 2.150400E+004, Sun Aug 23 04:19:04 2015
0.95, 1.80, -0.20, 1.80 , -5.825646E-005, 5.825530E-005, -4.012097E-009, 4.097700E-009, 2.150400E+004 1.570926E+074 2.150400E+004, Sun Aug 23 04:19:07 2015
0.90, 1.80, -0.20, 1.80 , -6.052226E-005, 6.051770E-005, -4.182541E-009, 4.097450E-009, 2.150400E+004 1.570926E+074 2.150400E+004, Sun Aug 23 04:19:09 2015
0.85, 1.80, -0.20, 1.80 , -6.249108E-005, 6.253050E-005, -4.131094E-009, 4.047940E-009, 2.150400E+004 1.570926E+074 2.150400E+004, Sun Aug 23 04:19:12 2015
0.80, 1.80, -0.20, 1.80 , -6.427676E-005, 6.426860E-005, -4.070840E-009, 4.023350E-009, 2.150400E+004 1.570926E+074 2.150400E+004, Sun Aug 23 04:19:14 2015
0.75, 1.80, -0.20, 1.80 , -6.578294E-005, 6.578190E-005, -4.095205E-009, 4.024510E-009, 2.150400E+004 1.570926E+074 2.150400E+004, Sun Aug 23 04:19:16 2015
0.70, 1.80, -0.20, 1.80 , -6.710422E-005, 6.711720E-005, -4.038135E-009, 3.989410E-009, 2.150400E+004 1.570926E+074 2.150400E+004, Sun Aug 23 04:19:19 2015
0.65, 1.80, -0.20, 1.80 , -6.823293E-005, 6.823980E-005, -4.108872E-009, 4.054820E-009, 2.150400E+004 1.570926E+074 2.150400E+004, Sun Aug 23 04:19:21 2015
0.60, 1.80, -0.20, 1.80 , -6.923339E-005, 6.921960E-005, -3.943543E-009, 4.005060E-009, 2.150400E+004 1.570926E+074 2.150400E+004, Sun Aug 23 04:19:24 2015
0.55, 1.80, -0.20, 1.80 , -7.007066E-005, 7.005730E-005, -4.077044E-009, 3.901350E-009, 2.150400E+004 1.570926E+074 2.150400E+004, Sun Aug 23 04:19:26 2015
0.50, 1.80, -0.20, 1.80 , -7.076147E-005, 7.078620E-005, -4.057130E-009, 3.995890E-009, 2.150400E+004 1.570926E+074 2.150400E+004, Sun Aug 23 04:19:29 2015
0.45, 1.80, -0.20, 1.80 , -7.144258E-005, 7.142810E-005, -4.105056E-009, 4.013630E-009, 2.150400E+004 1.570926E+074 2.150400E+004, Sun Aug 23 04:19:31 2015
0.40, 1.80, -0.20, 1.80 , -7.201556E-005, 7.199840E-005, -4.118516E-009, 4.032300E-009, 2.150400E+004 1.570926E+074 2.150400E+004, Sun Aug 23 04:19:33 2015
0.35, 1.80, -0.20, 1.80 , -7.250239E-005, 7.251000E-005, -4.130757E-009, 4.052470E-009, 2.150400E+004 1.570926E+074 2.150400E+004, Sun Aug 23 04:19:36 2015
0.30, 1.80, -0.20, 1.80 , -7.295347E-005, 7.293260E-005, -4.171347E-009, 4.107590E-009, 2.150400E+004 1.570926E+074 2.150400E+004, Sun Aug 23 04:19:38 2015
0.25, 1.80, -0.20, 1.80 , -7.328946E-005, 7.329500E-005, -4.112014E-009, 4.074410E-009, 2.150400E+004 1.570926E+074 2.150400E+004, Sun Aug 23 04:19:41 2015
0.20, 1.80, -0.20, 1.80 , -7.367344E-005, 7.365590E-005, -4.174953E-009, 4.018360E-009, 2.150400E+004 1.570926E+074 2.150400E+004, Sun Aug 23 04:19:43 2015
0.15, 1.80, -0.20, 1.80 , -7.401006E-005, 7.398520E-005, -4.245769E-009, 4.115120E-009, 2.150400E+004 1.570926E+074 2.150400E+004, Sun Aug 23 04:19:46 2015
0.10, 1.80, -0.20, 1.80 , -7.432119E-005, 7.429720E-005, -4.242373E-009, 4.098740E-009, 2.150400E+004 1.570926E+074 2.150400E+004, Sun Aug 23 04:19:48 2015
0.05, 1.80, -0.20, 1.80 , -7.458384E-005, 7.458680E-005, -4.229545E-009, 4.156090E-009, 2.150400E+004 1.570926E+074 2.150400E+004, Sun Aug 23 04:19:50 2015
0.00, 1.80, -0.20, 1.80 , -7.486672E-005, 7.483940E-005, -4.188201E-009, 4.102990E-009, 2.150400E+004 1.570926E+074 2.150400E+004, Sun Aug 23 04:19:53 2015
-0.05, 1.80, -0.20, 1.80 , -7.513878E-005, 7.512000E-005, -4.232476E-009, 4.115040E-009, 2.150400E+004 1.570926E+074 2.150400E+004, Sun Aug 23 04:19:55 2015
-0.10, 1.80, -0.20, 1.80 , -7.536628E-005, 7.536650E-005, -4.266649E-009, 4.148340E-009, 2.150400E+004 1.570926E+074 2.150400E+004, Sun Aug 23 04:19:58 2015
-0.15, 1.80, -0.20, 1.80 , -7.562390E-005, 7.556860E-005, -4.296043E-009, 4.158440E-009, 2.150400E+004 1.570926E+074 2.150400E+004, Sun Aug 23 04:20:00 2015
-0.20, 1.80, -0.20, 1.80 , -7.578863E-005, 7.576910E-005, -4.261869E-009, 4.175210E-009, 2.150400E+004 1.570926E+074 2.150400E+004, Sun Aug 23 04:20:03 2015
