0.00, 0.00, 1.20, 0.00 , 2.543209E-009, -2.560580E-009, -3.096116E-011, -8.967400E-013, 2.150400E+004 1.570926E+074 2.150400E+004, Tue Aug 04 22:45:41 2015
0.05, 0.00, 1.20, 0.00 , 6.557390E-007, -6.568780E-007, -3.100309E-011, -8.647320E-013, 2.150400E+004 1.570926E+074 2.150400E+004, Tue Aug 04 22:45:45 2015
0.10, 0.00, 1.20, 0.00 , 1.078567E-006, -1.077940E-006, -3.112888E-011, -8.800510E-013, 2.150400E+004 1.570926E+074 2.150400E+004, Tue Aug 04 22:45:49 2015
0.15, 0.00, 1.20, 0.00 , 1.338838E-006, -1.338470E-006, -3.003871E-011, -8.259420E-013, 2.150400E+004 1.570926E+074 2.150400E+004, Tue Aug 04 22:45:52 2015
0.20, 0.00, 1.20, 0.00 , 1.525499E-006, -1.519730E-006, -3.075152E-011, -8.610250E-013, 2.150400E+004 1.570926E+074 2.150400E+004, Tue Aug 04 22:45:56 2015
0.25, 0.00, 1.20, 0.00 , 1.656290E-006, -1.653360E-006, -3.012256E-011, -8.197070E-013, 2.150400E+004 1.570926E+074 2.150400E+004, Tue Aug 04 22:45:59 2015
0.30, 0.00, 1.20, 0.00 , 1.757818E-006, -1.769420E-006, -3.184168E-011, -9.202480E-013, 2.150400E+004 1.570926E+074 2.150400E+004, Tue Aug 04 22:46:03 2015
0.35, 0.00, 1.20, 0.00 , 1.855577E-006, -1.864060E-006, -3.012257E-011, -8.504150E-013, 2.150400E+004 1.570926E+074 2.150400E+004, Tue Aug 04 22:46:06 2015
0.40, 0.00, 1.20, 0.00 , 1.940446E-006, -1.944770E-006, -3.104502E-011, -9.348150E-013, 2.150400E+004 1.570926E+074 2.150400E+004, Tue Aug 04 22:46:10 2015
0.45, 0.00, 1.20, 0.00 , 2.019272E-006, -2.013130E-006, -3.016450E-011, -9.008410E-013, 2.150400E+004 1.570926E+074 2.150400E+004, Tue Aug 04 22:46:13 2015
0.50, 0.00, 1.20, 0.00 , 2.089289E-006, -2.093610E-006, -3.058380E-011, -8.596300E-013, 2.150400E+004 1.570926E+074 2.150400E+004, Tue Aug 04 22:46:17 2015
0.55, 0.00, 1.20, 0.00 , 2.153708E-006, -2.161750E-006, -3.133853E-011, -8.792280E-013, 2.150400E+004 1.570926E+074 2.150400E+004, Tue Aug 04 22:46:21 2015
0.60, 0.00, 1.20, 0.00 , 2.210427E-006, -2.210880E-006, -3.171589E-011, -8.883830E-013, 2.150400E+004 1.570926E+074 2.150400E+004, Tue Aug 04 22:46:24 2015
0.65, 0.00, 1.20, 0.00 , 2.274136E-006, -2.275450E-006, -3.129659E-011, -9.692070E-013, 2.150400E+004 1.570926E+074 2.150400E+004, Tue Aug 04 22:46:28 2015
0.70, 0.00, 1.20, 0.00 , 2.325112E-006, -2.321520E-006, -3.142238E-011, -5.437490E-013, 2.150400E+004 1.570926E+074 2.150400E+004, Tue Aug 04 22:46:31 2015
0.75, 0.00, 1.20, 0.00 , 2.384936E-006, -2.382670E-006, -3.167396E-011, -9.298320E-013, 2.150400E+004 1.570926E+074 2.150400E+004, Tue Aug 04 22:46:35 2015
0.80, 0.00, 1.20, 0.00 , 2.433937E-006, -2.437240E-006, -3.184169E-011, -9.148240E-013, 2.150400E+004 1.570926E+074 2.150400E+004, Tue Aug 04 22:46:38 2015
0.85, 0.00, 1.20, 0.00 , 2.489975E-006, -2.492870E-006, -3.012258E-011, -9.527330E-013, 2.150400E+004 1.570926E+074 2.150400E+004, Tue Aug 04 22:46:42 2015
0.90, 0.00, 1.20, 0.00 , 2.536405E-006, -2.539260E-006, -3.205133E-011, -9.454130E-013, 2.150400E+004 1.570926E+074 2.150400E+004, Tue Aug 04 22:46:45 2015
0.95, 0.00, 1.20, 0.00 , 2.578230E-006, -2.576660E-006, -3.096116E-011, -9.480950E-013, 2.150400E+004 1.570926E+074 2.150400E+004, Tue Aug 04 22:46:49 2015
1.00, 0.00, 1.20, 0.00 , 2.645094E-006, -2.638890E-006, -3.276413E-011, -9.632350E-013, 2.150400E+004 1.570926E+074 2.150400E+004, Tue Aug 04 22:46:52 2015
1.05, 0.00, 1.20, 0.00 , 2.694227E-006, -2.675950E-006, -3.117081E-011, -9.989980E-013, 2.150400E+004 1.570926E+074 2.150400E+004, Tue Aug 04 22:46:56 2015
1.10, 0.00, 1.20, 0.00 , 2.733287E-006, -2.726900E-006, -3.171589E-011, -1.027550E-012, 2.150400E+004 1.570926E+074 2.150400E+004, Tue Aug 04 22:47:00 2015
1.15, 0.00, 1.20, 0.00 , 2.793638E-006, -2.809020E-006, -3.217712E-011, -1.113710E-012, 2.150400E+004 1.570926E+074 2.150400E+004, Tue Aug 04 22:47:03 2015
1.20, 0.00, 1.20, 0.00 , 2.854154E-006, -2.854480E-006, -3.121274E-011, -1.327980E-012, 2.150400E+004 1.570926E+074 2.150400E+004, Tue Aug 04 22:47:07 2015
1.25, 0.00, 1.20, 0.00 , 2.888210E-006, -2.901840E-006, -3.129660E-011, -1.674470E-012, 2.150400E+004 1.570926E+074 2.150400E+004, Tue Aug 04 22:47:10 2015
1.30, 0.00, 1.20, 0.00 , 2.958384E-006, -2.955700E-006, -3.280606E-011, -2.511260E-012, 2.150400E+004 1.570926E+074 2.150400E+004, Tue Aug 04 22:47:14 2015
1.35, 0.00, 1.20, 0.00 , 2.999725E-006, -2.989800E-006, -3.272220E-011, -4.064010E-012, 2.150400E+004 1.570926E+074 2.150400E+004, Tue Aug 04 22:47:17 2015
1.40, 0.00, 1.20, 0.00 , 3.070031E-006, -3.063850E-006, -3.188361E-011, -7.119500E-012, 2.150400E+004 1.570926E+074 2.150400E+004, Tue Aug 04 22:47:21 2015
1.45, 0.00, 1.20, 0.00 , 3.139204E-006, -3.125860E-006, -3.247062E-011, -1.268520E-011, 2.150400E+004 1.570926E+074 2.150400E+004, Tue Aug 04 22:47:24 2015
1.50, 0.00, 1.20, 0.00 , 3.216157E-006, -3.212370E-006, -3.159011E-011, -2.229400E-011, 2.150400E+004 1.570926E+074 2.150400E+004, Tue Aug 04 22:47:28 2015
1.55, 0.00, 1.20, 0.00 , 3.287860E-006, -3.291260E-006, -3.230290E-011, -3.786840E-011, 2.150400E+004 1.570926E+074 2.150400E+004, Tue Aug 04 22:47:32 2015
1.60, 0.00, 1.20, 0.00 , 3.531872E-006, -3.542180E-006, -3.196747E-011, -4.636940E-011, 2.150400E+004 1.570926E+074 2.150400E+004, Tue Aug 04 22:47:36 2015
1.65, 0.00, 1.20, 0.00 , 3.820162E-006, -3.829260E-006, -3.159011E-011, -4.263660E-011, 2.150400E+004 1.570926E+074 2.150400E+004, Tue Aug 04 22:47:40 2015
1.70, 0.00, 1.20, 0.00 , 4.024364E-006, -4.033880E-006, -3.247063E-011, -3.995480E-011, 2.150400E+004 1.570926E+074 2.150400E+004, Tue Aug 04 22:47:43 2015
1.75, 0.00, 1.20, 0.00 , 4.247277E-006, -4.257230E-006, -3.238677E-011, -3.770740E-011, 2.150400E+004 1.570926E+074 2.150400E+004, Tue Aug 04 22:47:47 2015
1.80, 0.00, 1.20, 0.00 , 4.464100E-006, -4.475060E-006, -3.133854E-011, -3.805830E-011, 2.150400E+004 1.570926E+074 2.150400E+004, Tue Aug 04 22:47:50 2015
1.85, 0.00, 1.20, 0.00 , 4.679946E-006, -4.677360E-006, -3.230290E-011, -3.512410E-011, 2.150400E+004 1.570926E+074 2.150400E+004, Tue Aug 04 22:47:54 2015
1.90, 0.00, 1.20, 0.00 , 4.900066E-006, -4.914100E-006, -3.293184E-011, -3.395500E-011, 2.150400E+004 1.570926E+074 2.150400E+004, Tue Aug 04 22:47:57 2015
1.95, 0.00, 1.20, 0.00 , 5.111709E-006, -5.104660E-006, -3.288991E-011, -3.405700E-011, 2.150400E+004 1.570926E+074 2.150400E+004, Tue Aug 04 22:48:01 2015
2.00, 0.00, 1.20, 0.00 , 5.360293E-006, -5.355310E-006, -3.356079E-011, -3.314960E-011, 2.150400E+004 1.570926E+074 2.150400E+004, Tue Aug 04 22:48:05 2015
