0.00, 0.00, 1.60, 0.00 , 6.723537E-009, -7.061980E-009, 1.342646E-010, 5.882630E-012, 2.150400E+004 1.570926E+074 2.150400E+004, Sun Aug 16 17:20:07 2015
0.05, 0.00, 1.60, 0.00 , 3.582695E-006, -3.581640E-006, 1.161533E-010, 3.071990E-012, 2.150400E+004 1.570926E+074 2.150400E+004, Sun Aug 16 17:20:11 2015
0.10, 0.00, 1.60, 0.00 , 6.739950E-006, -6.738570E-006, 1.144762E-010, 1.963710E-012, 2.150400E+004 1.570926E+074 2.150400E+004, Sun Aug 16 17:20:15 2015
0.15, 0.00, 1.60, 0.00 , 9.471140E-006, -9.473500E-006, 1.102839E-010, 7.755160E-013, 2.150400E+004 1.570926E+074 2.150400E+004, Sun Aug 16 17:20:18 2015
0.20, 0.00, 1.60, 0.00 , 1.179131E-005, -1.179640E-005, 1.076425E-010, -4.235150E-013, 2.150400E+004 1.570926E+074 2.150400E+004, Sun Aug 16 17:20:22 2015
0.25, 0.00, 1.60, 0.00 , 1.376774E-005, -1.376360E-005, 1.097807E-010, -1.446810E-012, 2.150400E+004 1.570926E+074 2.150400E+004, Sun Aug 16 17:20:26 2015
0.30, 0.00, 1.60, 0.00 , 1.537863E-005, -1.534930E-005, 1.065944E-010, -2.114060E-012, 2.150400E+004 1.570926E+074 2.150400E+004, Sun Aug 16 17:20:29 2015
0.35, 0.00, 1.60, 0.00 , 1.666492E-005, -1.667820E-005, 1.056302E-010, -2.392690E-012, 2.150400E+004 1.570926E+074 2.150400E+004, Sun Aug 16 17:20:33 2015
0.40, 0.00, 1.60, 0.00 , 1.773158E-005, -1.770000E-005, 1.047916E-010, -3.494850E-012, 2.150400E+004 1.570926E+074 2.150400E+004, Sun Aug 16 17:20:36 2015
0.45, 0.00, 1.60, 0.00 , 1.855175E-005, -1.855760E-005, 1.033243E-010, -3.924250E-012, 2.150400E+004 1.570926E+074 2.150400E+004, Sun Aug 16 17:20:40 2015
0.50, 0.00, 1.60, 0.00 , 1.929198E-005, -1.929670E-005, 1.042047E-010, -4.436960E-012, 2.150400E+004 1.570926E+074 2.150400E+004, Sun Aug 16 17:20:43 2015
0.55, 0.00, 1.60, 0.00 , 1.974597E-005, -1.981260E-005, 1.004315E-010, -5.533280E-012, 2.150400E+004 1.570926E+074 2.150400E+004, Sun Aug 16 17:20:47 2015
0.60, 0.00, 1.60, 0.00 , 2.029478E-005, -2.028840E-005, 1.020246E-010, -5.907670E-012, 2.150400E+004 1.570926E+074 2.150400E+004, Sun Aug 16 17:20:50 2015
0.65, 0.00, 1.60, 0.00 , 2.071257E-005, -2.072910E-005, 1.017730E-010, -6.601060E-012, 2.150400E+004 1.570926E+074 2.150400E+004, Sun Aug 16 17:20:54 2015
0.70, 0.00, 1.60, 0.00 , 2.106990E-005, -2.108330E-005, 1.004735E-010, -7.297830E-012, 2.150400E+004 1.570926E+074 2.150400E+004, Sun Aug 16 17:20:58 2015
0.75, 0.00, 1.60, 0.00 , 2.144160E-005, -2.143190E-005, 1.023601E-010, -7.940700E-012, 2.150400E+004 1.570926E+074 2.150400E+004, Sun Aug 16 17:21:01 2015
0.80, 0.00, 1.60, 0.00 , 2.183661E-005, -2.184700E-005, 9.816757E-011, -8.957480E-012, 2.150400E+004 1.570926E+074 2.150400E+004, Sun Aug 16 17:21:05 2015
0.85, 0.00, 1.60, 0.00 , 2.211411E-005, -2.215360E-005, 1.022762E-010, -8.973690E-012, 2.150400E+004 1.570926E+074 2.150400E+004, Sun Aug 16 17:21:08 2015
0.90, 0.00, 1.60, 0.00 , 2.237091E-005, -2.235460E-005, 9.997032E-011, -1.024840E-011, 2.150400E+004 1.570926E+074 2.150400E+004, Sun Aug 16 17:21:12 2015
0.95, 0.00, 1.60, 0.00 , 2.257801E-005, -2.254530E-005, 9.963494E-011, -1.097520E-011, 2.150400E+004 1.570926E+074 2.150400E+004, Sun Aug 16 17:21:15 2015
1.00, 0.00, 1.60, 0.00 , 2.283840E-005, -2.282510E-005, 9.984455E-011, -1.156870E-011, 2.150400E+004 1.570926E+074 2.150400E+004, Sun Aug 16 17:21:19 2015
1.05, 0.00, 1.60, 0.00 , 2.306002E-005, -2.300500E-005, 1.003477E-010, -1.239000E-011, 2.150400E+004 1.570926E+074 2.150400E+004, Sun Aug 16 17:21:22 2015
1.10, 0.00, 1.60, 0.00 , 2.330157E-005, -2.329620E-005, 1.000122E-010, -1.239670E-011, 2.150400E+004 1.570926E+074 2.150400E+004, Sun Aug 16 17:21:26 2015
1.15, 0.00, 1.60, 0.00 , 2.355262E-005, -2.357590E-005, 9.745497E-011, -1.340770E-011, 2.150400E+004 1.570926E+074 2.150400E+004, Sun Aug 16 17:21:30 2015
1.20, 0.00, 1.60, 0.00 , 2.367770E-005, -2.370190E-005, 9.938340E-011, -1.411160E-011, 2.150400E+004 1.570926E+074 2.150400E+004, Sun Aug 16 17:21:33 2015
1.25, 0.00, 1.60, 0.00 , 2.395219E-005, -2.395480E-005, 1.005155E-010, -1.490270E-011, 2.150400E+004 1.570926E+074 2.150400E+004, Sun Aug 16 17:21:37 2015
1.30, 0.00, 1.60, 0.00 , 2.417656E-005, -2.419250E-005, 9.640684E-011, -1.590470E-011, 2.150400E+004 1.570926E+074 2.150400E+004, Sun Aug 16 17:21:40 2015
1.35, 0.00, 1.60, 0.00 , 2.432272E-005, -2.431830E-005, 9.997041E-011, -1.717790E-011, 2.150400E+004 1.570926E+074 2.150400E+004, Sun Aug 16 17:21:44 2015
1.40, 0.00, 1.60, 0.00 , 2.462934E-005, -2.461120E-005, 1.005992E-010, -1.880310E-011, 2.150400E+004 1.570926E+074 2.150400E+004, Sun Aug 16 17:21:47 2015
1.45, 0.00, 1.60, 0.00 , 2.495116E-005, -2.494880E-005, 9.867070E-011, -2.192870E-011, 2.150400E+004 1.570926E+074 2.150400E+004, Sun Aug 16 17:21:51 2015
1.50, 0.00, 1.60, 0.00 , 2.524337E-005, -2.516930E-005, 9.791615E-011, -2.836820E-011, 2.150400E+004 1.570926E+074 2.150400E+004, Sun Aug 16 17:21:54 2015
1.55, 0.00, 1.60, 0.00 , 2.542071E-005, -2.535670E-005, 9.837725E-011, -3.867570E-011, 2.150400E+004 1.570926E+074 2.150400E+004, Sun Aug 16 17:21:58 2015
1.60, 0.00, 1.60, 0.00 , 2.570057E-005, -2.571380E-005, 9.808382E-011, -5.797790E-011, 2.150400E+004 1.570926E+074 2.150400E+004, Sun Aug 16 17:22:01 2015
1.65, 0.00, 1.60, 0.00 , 2.581011E-005, -2.581660E-005, 9.833531E-011, -8.984540E-011, 2.150400E+004 1.570926E+074 2.150400E+004, Sun Aug 16 17:22:05 2015
1.70, 0.00, 1.60, 0.00 , 2.615936E-005, -2.619940E-005, 9.917382E-011, -1.434030E-010, 2.150400E+004 1.570926E+074 2.150400E+004, Sun Aug 16 17:22:10 2015
1.75, 0.00, 1.60, 0.00 , 2.640086E-005, -2.637450E-005, 9.753873E-011, -2.310690E-010, 2.150400E+004 1.570926E+074 2.150400E+004, Sun Aug 16 17:22:13 2015
1.80, 0.00, 1.60, 0.00 , 2.653657E-005, -2.655500E-005, 9.745491E-011, -3.666740E-010, 2.150400E+004 1.570926E+074 2.150400E+004, Sun Aug 16 17:22:17 2015
1.85, 0.00, 1.60, 0.00 , 2.675034E-005, -2.673880E-005, 9.774850E-011, -5.749730E-010, 2.150400E+004 1.570926E+074 2.150400E+004, Sun Aug 16 17:22:20 2015
1.90, 0.00, 1.60, 0.00 , 2.706691E-005, -2.706280E-005, 1.005155E-010, -8.765320E-010, 2.150400E+004 1.570926E+074 2.150400E+004, Sun Aug 16 17:22:23 2015
1.95, 0.00, 1.60, 0.00 , 2.713945E-005, -2.719210E-005, 9.816765E-011, -1.312290E-009, 2.150400E+004 1.570926E+074 2.150400E+004, Sun Aug 16 17:22:26 2015
2.00, 0.00, 1.60, 0.00 , 2.743844E-005, -2.743970E-005, 9.716153E-011, -1.897970E-009, 2.150400E+004 1.570926E+074 2.150400E+004, Sun Aug 16 17:22:29 2015
