1.80, 0.00, 0.00, 0.00 , 1.411380E-010, -8.076480E-011, -9.679029E-011, -5.026590E-012, 2.150400E+004 1.570926E+074 2.150400E+004, Tue Aug 11 18:17:12 2015
1.80, 0.00, 0.02, 0.00 , 6.978418E-011, -8.905240E-011, -5.125496E-011, -4.869250E-012, 2.150400E+004 1.570926E+074 2.150400E+004, Tue Aug 11 18:17:34 2015
1.80, 0.00, 0.04, 0.00 , 6.784312E-011, -8.462650E-011, -4.525907E-011, -5.004420E-012, 2.150400E+004 1.570926E+074 2.150400E+004, Tue Aug 11 18:17:41 2015
1.80, 0.00, 0.06, 0.00 , 6.438306E-011, -8.403530E-011, -4.156927E-011, -5.030200E-012, 2.150400E+004 1.570926E+074 2.150400E+004, Tue Aug 11 18:17:53 2015
1.80, 0.00, 0.08, 0.00 , 5.531085E-011, -8.661920E-011, -4.081454E-011, -4.835240E-012, 2.150400E+004 1.570926E+074 2.150400E+004, Tue Aug 11 18:18:02 2015
1.80, 0.00, 0.10, 0.00 , 5.556405E-011, -8.548110E-011, -3.578303E-011, -4.722030E-012, 2.150400E+004 1.570926E+074 2.150400E+004, Tue Aug 11 18:18:08 2015
1.80, 0.00, 0.12, 0.00 , 5.573286E-011, -8.207460E-011, -3.540567E-011, -4.972760E-012, 2.150400E+004 1.570926E+074 2.150400E+004, Tue Aug 11 18:18:13 2015
1.80, 0.00, 0.14, 0.00 , 6.564899E-011, -7.885600E-011, -3.314148E-011, -5.183970E-012, 2.150400E+004 1.570926E+074 2.150400E+004, Tue Aug 11 18:18:19 2015
1.80, 0.00, 0.16, 0.00 , 7.037493E-011, -6.588280E-011, -3.347691E-011, -4.414380E-012, 2.150400E+004 1.570926E+074 2.150400E+004, Tue Aug 11 18:18:31 2015
1.80, 0.00, 0.18, 0.00 , 5.484672E-011, -7.167970E-011, -3.167395E-011, -5.115070E-012, 2.150400E+004 1.570926E+074 2.150400E+004, Tue Aug 11 18:18:41 2015
1.80, 0.00, 0.20, 0.00 , 6.594436E-011, -6.754720E-011, -3.033221E-011, -4.411610E-012, 2.150400E+004 1.570926E+074 2.150400E+004, Tue Aug 11 18:18:45 2015
1.80, 0.00, 0.22, 0.00 , 5.611264E-011, -6.712220E-011, -3.049993E-011, -5.217330E-012, 2.150400E+004 1.570926E+074 2.150400E+004, Tue Aug 11 18:18:51 2015
1.80, 0.00, 0.24, 0.00 , 6.860271E-011, -6.740400E-011, -2.886469E-011, -4.859830E-012, 2.150400E+004 1.570926E+074 2.150400E+004, Tue Aug 11 18:19:04 2015
1.80, 0.00, 0.26, 0.00 , 4.674504E-011, -7.262600E-011, -3.020643E-011, -4.514880E-012, 2.150400E+004 1.570926E+074 2.150400E+004, Tue Aug 11 18:19:25 2015
1.80, 0.00, 0.28, 0.00 , 5.493112E-011, -6.777010E-011, -2.794224E-011, -4.213110E-012, 2.150400E+004 1.570926E+074 2.150400E+004, Tue Aug 11 18:19:34 2015
1.80, 0.00, 0.30, 0.00 , 4.239884E-011, -6.878150E-011, -2.785838E-011, -4.359560E-012, 2.150400E+004 1.570926E+074 2.150400E+004, Tue Aug 11 18:19:44 2015
1.80, 0.00, 0.32, 0.00 , 3.539430E-011, -6.830020E-011, -2.655857E-011, -4.334040E-012, 2.150400E+004 1.570926E+074 2.150400E+004, Tue Aug 11 18:20:01 2015
1.80, 0.00, 0.34, 0.00 , 3.391742E-011, -6.739170E-011, -2.731330E-011, -5.375020E-012, 2.150400E+004 1.570926E+074 2.150400E+004, Tue Aug 11 18:20:31 2015
1.80, 0.00, 0.36, 0.00 , 4.864390E-011, -5.369810E-011, -2.504911E-011, -4.248990E-012, 2.150400E+004 1.570926E+074 2.150400E+004, Tue Aug 11 18:20:54 2015
1.80, 0.00, 0.38, 0.00 , 5.180862E-011, -5.205240E-011, -2.404280E-011, -4.268590E-012, 2.150400E+004 1.570926E+074 2.150400E+004, Tue Aug 11 18:21:01 2015
1.80, 0.00, 0.40, 0.00 , 5.328549E-011, -4.974810E-011, -2.358158E-011, -4.130570E-012, 2.150400E+004 1.570926E+074 2.150400E+004, Tue Aug 11 18:21:07 2015
1.80, 0.00, 0.42, 0.00 , 3.826361E-011, -6.232630E-011, -2.370737E-011, -4.214480E-012, 2.150400E+004 1.570926E+074 2.150400E+004, Tue Aug 11 18:21:23 2015
1.80, 0.00, 0.44, 0.00 , 5.041613E-011, -5.916340E-011, -2.278495E-011, -4.206160E-012, 2.150400E+004 1.570926E+074 2.150400E+004, Tue Aug 11 18:21:41 2015
1.80, 0.00, 0.46, 0.00 , 6.185130E-011, -5.089850E-011, -2.039522E-011, -4.030540E-012, 2.150400E+004 1.570926E+074 2.150400E+004, Tue Aug 11 18:21:49 2015
1.80, 0.00, 0.48, 0.00 , 6.733681E-011, -4.986490E-011, -2.223992E-011, -3.912040E-012, 2.150400E+004 1.570926E+074 2.150400E+004, Tue Aug 11 18:21:59 2015
1.80, 0.00, 0.50, 0.00 , 6.818070E-011, -5.494330E-011, -1.817318E-011, -4.155860E-012, 2.150400E+004 1.570926E+074 2.150400E+004, Tue Aug 11 18:22:06 2015
1.80, 0.00, 0.52, 0.00 , 6.889812E-011, -6.604320E-011, -2.043714E-011, -3.900030E-012, 2.150400E+004 1.570926E+074 2.150400E+004, Tue Aug 11 18:22:14 2015
1.80, 0.00, 0.54, 0.00 , 7.180966E-011, -7.630670E-011, -1.674772E-011, -4.086640E-012, 2.150400E+004 1.570926E+074 2.150400E+004, Tue Aug 11 18:22:19 2015
1.80, 0.00, 0.56, 0.00 , 9.046035E-011, -7.981610E-011, -1.838280E-011, -4.111900E-012, 2.150400E+004 1.570926E+074 2.150400E+004, Tue Aug 11 18:22:27 2015
1.80, 0.00, 0.58, 0.00 , 1.058198E-010, -9.537960E-011, -1.628654E-011, -4.086630E-012, 2.150400E+004 1.570926E+074 2.150400E+004, Tue Aug 11 18:22:32 2015
1.80, 0.00, 0.60, 0.00 , 1.348509E-010, -1.154130E-010, -1.553188E-011, -3.926870E-012, 2.150400E+004 1.570926E+074 2.150400E+004, Tue Aug 11 18:22:40 2015
1.80, 0.00, 0.62, 0.00 , 1.696206E-010, -1.561350E-010, -1.435798E-011, -3.943320E-012, 2.150400E+004 1.570926E+074 2.150400E+004, Tue Aug 11 18:22:46 2015
1.80, 0.00, 0.64, 0.00 , 2.304675E-010, -1.971890E-010, -1.515456E-011, -3.984380E-012, 2.150400E+004 1.570926E+074 2.150400E+004, Tue Aug 11 18:22:52 2015
1.80, 0.00, 0.66, 0.00 , 2.960825E-010, -3.067870E-010, -1.574152E-011, -3.908460E-012, 2.150400E+004 1.570926E+074 2.150400E+004, Tue Aug 11 18:23:07 2015
1.80, 0.00, 0.68, 0.00 , 4.500992E-010, -4.468360E-010, -1.435799E-011, -4.103540E-012, 2.150400E+004 1.570926E+074 2.150400E+004, Tue Aug 11 18:23:13 2015
1.80, 0.00, 0.70, 0.00 , 6.319648E-010, -6.201430E-010, -1.343564E-011, -4.262050E-012, 2.150400E+004 1.570926E+074 2.150400E+004, Tue Aug 11 18:23:18 2015
1.80, 0.00, 0.72, 0.00 , 9.724886E-010, -9.611230E-010, -1.184247E-011, -4.302740E-012, 2.150400E+004 1.570926E+074 2.150400E+004, Tue Aug 11 18:23:25 2015
1.80, 0.00, 0.74, 0.00 , 1.512178E-009, -1.483200E-009, -1.335178E-011, -4.742780E-012, 2.150400E+004 1.570926E+074 2.150400E+004, Tue Aug 11 18:23:32 2015
1.80, 0.00, 0.76, 0.00 , 2.324540E-009, -2.310310E-009, -1.284868E-011, -5.278910E-012, 2.150400E+004 1.570926E+074 2.150400E+004, Tue Aug 11 18:23:37 2015
1.80, 0.00, 0.78, 0.00 , 3.592792E-009, -3.651820E-009, -8.320764E-012, -6.057190E-012, 2.150400E+004 1.570926E+074 2.150400E+004, Tue Aug 11 18:23:41 2015
1.80, 0.00, 0.80, 0.00 , 5.601963E-009, -5.504260E-009, -8.781941E-012, -6.905970E-012, 2.150400E+004 1.570926E+074 2.150400E+004, Tue Aug 11 18:23:44 2015
1.80, 0.00, 0.82, 0.00 , 8.715417E-009, -8.696560E-009, -7.775723E-012, -8.254190E-012, 2.150400E+004 1.570926E+074 2.150400E+004, Tue Aug 11 18:23:48 2015
1.80, 0.00, 0.84, 0.00 , 1.255012E-008, -1.253910E-008, -5.134445E-012, -9.250490E-012, 2.150400E+004 1.570926E+074 2.150400E+004, Tue Aug 11 18:23:53 2015
1.80, 0.00, 0.86, 0.00 , 1.892146E-008, -1.886300E-008, -5.218289E-012, -1.178930E-011, 2.150400E+004 1.570926E+074 2.150400E+004, Tue Aug 11 18:23:57 2015
1.80, 0.00, 0.88, 0.00 , 2.946824E-008, -2.947590E-008, -5.134440E-012, -1.513460E-011, 2.150400E+004 1.570926E+074 2.150400E+004, Tue Aug 11 18:24:01 2015
1.80, 0.00, 0.90, 0.00 , 4.440786E-008, -4.437180E-008, -6.517967E-012, -1.939810E-011, 2.150400E+004 1.570926E+074 2.150400E+004, Tue Aug 11 18:24:04 2015
1.80, 0.00, 0.92, 0.00 , 7.055169E-008, -7.048780E-008, -3.834752E-012, -2.679420E-011, 2.150400E+004 1.570926E+074 2.150400E+004, Tue Aug 11 18:24:08 2015
1.80, 0.00, 0.94, 0.00 , 1.032336E-007, -1.033280E-007, -2.618940E-012, -3.478960E-011, 2.150400E+004 1.570926E+074 2.150400E+004, Tue Aug 11 18:24:12 2015
1.80, 0.00, 0.96, 0.00 , 1.484827E-007, -1.486930E-007, -1.025768E-012, -4.482660E-011, 2.150400E+004 1.570926E+074 2.150400E+004, Tue Aug 11 18:24:15 2015
1.80, 0.00, 0.98, 0.00 , 2.112914E-007, -2.120000E-007, -1.453247E-013, -5.694920E-011, 2.150400E+004 1.570926E+074 2.150400E+004, Tue Aug 11 18:24:19 2015
1.80, 0.00, 1.00, 0.00 , 2.965950E-007, -2.957330E-007, 3.418302E-012, -7.154890E-011, 2.150400E+004 1.570926E+074 2.150400E+004, Tue Aug 11 18:24:22 2015
1.80, 0.00, 1.02, 0.00 , 3.874075E-007, -3.879650E-007, 1.405898E-012, -8.527080E-011, 2.150400E+004 1.570926E+074 2.150400E+004, Tue Aug 11 18:24:27 2015
1.80, 0.00, 1.04, 0.00 , 5.253225E-007, -5.291380E-007, 1.280134E-012, -1.048760E-010, 2.150400E+004 1.570926E+074 2.150400E+004, Tue Aug 11 18:24:32 2015
1.80, 0.00, 1.06, 0.00 , 7.031716E-007, -7.031150E-007, 1.070493E-012, -1.265220E-010, 2.150400E+004 1.570926E+074 2.150400E+004, Tue Aug 11 18:24:35 2015
1.80, 0.00, 1.08, 0.00 , 9.123060E-007, -9.107670E-007, 2.537880E-012, -1.483560E-010, 2.150400E+004 1.570926E+074 2.150400E+004, Tue Aug 11 18:24:38 2015
1.80, 0.00, 1.10, 0.00 , 1.179620E-006, -1.180190E-006, 2.663642E-012, -1.742710E-010, 2.150400E+004 1.570926E+074 2.150400E+004, Tue Aug 11 18:24:42 2015
1.80, 0.00, 1.12, 0.00 , 1.488419E-006, -1.490820E-006, 3.795630E-012, -1.993080E-010, 2.150400E+004 1.570926E+074 2.150400E+004, Tue Aug 11 18:24:45 2015
1.80, 0.00, 1.14, 0.00 , 1.866268E-006, -1.868870E-006, 3.460216E-012, -2.265830E-010, 2.150400E+004 1.570926E+074 2.150400E+004, Tue Aug 11 18:24:48 2015
1.80, 0.00, 1.16, 0.00 , 2.302803E-006, -2.300760E-006, 6.269225E-012, -2.539300E-010, 2.150400E+004 1.570926E+074 2.150400E+004, Tue Aug 11 18:24:52 2015
1.80, 0.00, 1.18, 0.00 , 2.792076E-006, -2.794500E-006, 4.801855E-012, -2.803430E-010, 2.150400E+004 1.570926E+074 2.150400E+004, Tue Aug 11 18:24:56 2015
1.80, 0.00, 1.20, 0.00 , 3.354502E-006, -3.333120E-006, 4.927619E-012, -3.041220E-010, 2.150400E+004 1.570926E+074 2.150400E+004, Tue Aug 11 18:25:00 2015
1.80, 0.00, 1.22, 0.00 , 3.975609E-006, -3.968290E-006, 5.682264E-012, -3.286090E-010, 2.150400E+004 1.570926E+074 2.150400E+004, Tue Aug 11 18:25:03 2015
1.80, 0.00, 1.24, 0.00 , 4.688999E-006, -4.672160E-006, 9.287834E-012, -3.488600E-010, 2.150400E+004 1.570926E+074 2.150400E+004, Tue Aug 11 18:25:06 2015
1.80, 0.00, 1.26, 0.00 , 5.441498E-006, -5.443050E-006, 7.820453E-012, -3.691990E-010, 2.150400E+004 1.570926E+074 2.150400E+004, Tue Aug 11 18:25:09 2015
1.80, 0.00, 1.28, 0.00 , 6.248549E-006, -6.257520E-006, 1.000056E-011, -3.843930E-010, 2.150400E+004 1.570926E+074 2.150400E+004, Tue Aug 11 18:25:13 2015
1.80, 0.00, 1.30, 0.00 , 7.184605E-006, -7.178300E-006, 1.012636E-011, -3.987220E-010, 2.150400E+004 1.570926E+074 2.150400E+004, Tue Aug 11 18:25:16 2015
1.80, 0.00, 1.32, 0.00 , 8.169342E-006, -8.173000E-006, 1.264184E-011, -4.078360E-010, 2.150400E+004 1.570926E+074 2.150400E+004, Tue Aug 11 18:25:19 2015
1.80, 0.00, 1.34, 0.00 , 9.247572E-006, -9.228750E-006, 1.222259E-011, -4.184150E-010, 2.150400E+004 1.570926E+074 2.150400E+004, Tue Aug 11 18:25:22 2015
1.80, 0.00, 1.36, 0.00 , 1.033652E-005, -1.035200E-005, 1.419311E-011, -4.228620E-010, 2.150400E+004 1.570926E+074 2.150400E+004, Tue Aug 11 18:25:26 2015
1.80, 0.00, 1.38, 0.00 , 1.158052E-005, -1.157520E-005, 1.335458E-011, -4.240490E-010, 2.150400E+004 1.570926E+074 2.150400E+004, Tue Aug 11 18:25:29 2015
1.80, 0.00, 1.40, 0.00 , 1.278281E-005, -1.279510E-005, 1.524123E-011, -4.225600E-010, 2.150400E+004 1.570926E+074 2.150400E+004, Tue Aug 11 18:25:32 2015
1.80, 0.00, 1.42, 0.00 , 1.411635E-005, -1.412650E-005, 1.603781E-011, -4.182670E-010, 2.150400E+004 1.570926E+074 2.150400E+004, Tue Aug 11 18:25:36 2015
1.80, 0.00, 1.44, 0.00 , 1.553647E-005, -1.553370E-005, 1.733751E-011, -4.168970E-010, 2.150400E+004 1.570926E+074 2.150400E+004, Tue Aug 11 18:25:39 2015
1.80, 0.00, 1.46, 0.00 , 1.694617E-005, -1.697380E-005, 1.716979E-011, -4.103950E-010, 2.150400E+004 1.570926E+074 2.150400E+004, Tue Aug 11 18:25:42 2015
1.80, 0.00, 1.48, 0.00 , 1.848947E-005, -1.846450E-005, 1.867905E-011, -4.012340E-010, 2.150400E+004 1.570926E+074 2.150400E+004, Tue Aug 11 18:25:45 2015
1.80, 0.00, 1.50, 0.00 , 2.000716E-005, -2.001570E-005, 2.245237E-011, -3.936250E-010, 2.150400E+004 1.570926E+074 2.150400E+004, Tue Aug 11 18:25:49 2015
1.80, 0.00, 1.52, 0.00 , 2.164194E-005, -2.164080E-005, 2.165579E-011, -3.824600E-010, 2.150400E+004 1.570926E+074 2.150400E+004, Tue Aug 11 18:25:52 2015
1.80, 0.00, 1.54, 0.00 , 2.334098E-005, -2.331640E-005, 2.140422E-011, -3.734400E-010, 2.150400E+004 1.570926E+074 2.150400E+004, Tue Aug 11 18:25:55 2015
1.80, 0.00, 1.56, 0.00 , 2.499516E-005, -2.501010E-005, 2.194924E-011, -3.599670E-010, 2.150400E+004 1.570926E+074 2.150400E+004, Tue Aug 11 18:25:58 2015
1.80, 0.00, 1.58, 0.00 , 2.681471E-005, -2.686500E-005, 2.027223E-011, -3.465020E-010, 2.150400E+004 1.570926E+074 2.150400E+004, Tue Aug 11 18:26:02 2015
1.80, 0.00, 1.60, 0.00 , 2.852181E-005, -2.849390E-005, 2.203311E-011, -3.377200E-010, 2.150400E+004 1.570926E+074 2.150400E+004, Tue Aug 11 18:26:05 2015
1.80, 0.00, 1.62, 0.00 , 3.032498E-005, -3.033750E-005, 2.354242E-011, -3.218430E-010, 2.150400E+004 1.570926E+074 2.150400E+004, Tue Aug 11 18:26:08 2015
1.80, 0.00, 1.64, 0.00 , 3.238444E-005, -3.236480E-005, 2.563872E-011, -3.115330E-010, 2.150400E+004 1.570926E+074 2.150400E+004, Tue Aug 11 18:26:11 2015
1.80, 0.00, 1.66, 0.00 , 3.430772E-005, -3.431260E-005, 2.580641E-011, -2.967030E-010, 2.150400E+004 1.570926E+074 2.150400E+004, Tue Aug 11 18:26:15 2015
1.80, 0.00, 1.68, 0.00 , 3.615674E-005, -3.613540E-005, 2.521944E-011, -2.793990E-010, 2.150400E+004 1.570926E+074 2.150400E+004, Tue Aug 11 18:26:18 2015
1.80, 0.00, 1.70, 0.00 , 3.806285E-005, -3.802670E-005, 2.643522E-011, -2.676730E-010, 2.150400E+004 1.570926E+074 2.150400E+004, Tue Aug 11 18:26:21 2015
1.80, 0.00, 1.72, 0.00 , 4.018459E-005, -4.020310E-005, 2.626760E-011, -2.491680E-010, 2.150400E+004 1.570926E+074 2.150400E+004, Tue Aug 11 18:26:24 2015
1.80, 0.00, 1.74, 0.00 , 4.219831E-005, -4.215710E-005, 2.890884E-011, -2.366940E-010, 2.150400E+004 1.570926E+074 2.150400E+004, Tue Aug 11 18:26:28 2015
1.80, 0.00, 1.76, 0.00 , 4.434049E-005, -4.426750E-005, 3.226288E-011, -2.219220E-010, 2.150400E+004 1.570926E+074 2.150400E+004, Tue Aug 11 18:26:31 2015
1.80, 0.00, 1.78, 0.00 , 4.655668E-005, -4.655390E-005, 3.180166E-011, -2.107040E-010, 2.150400E+004 1.570926E+074 2.150400E+004, Tue Aug 11 18:26:34 2015
1.80, 0.00, 1.80, 0.00 , 4.878482E-005, -4.882790E-005, 3.519764E-011, -1.973780E-010, 2.150400E+004 1.570926E+074 2.150400E+004, Tue Aug 11 18:26:37 2015
1.80, 0.00, 1.82, 0.00 , 5.087581E-005, -5.085380E-005, 3.456875E-011, -1.852340E-010, 2.150400E+004 1.570926E+074 2.150400E+004, Tue Aug 11 18:26:41 2015
1.80, 0.00, 1.84, 0.00 , 5.319465E-005, -5.320590E-005, 3.574265E-011, -1.738430E-010, 2.150400E+004 1.570926E+074 2.150400E+004, Tue Aug 11 18:26:44 2015
1.80, 0.00, 1.86, 0.00 , 5.542174E-005, -5.558920E-005, 3.544919E-011, -1.627400E-010, 2.150400E+004 1.570926E+074 2.150400E+004, Tue Aug 11 18:26:47 2015
1.80, 0.00, 1.88, 0.00 , 5.779859E-005, -5.769230E-005, 3.716813E-011, -1.518780E-010, 2.150400E+004 1.570926E+074 2.150400E+004, Tue Aug 11 18:26:50 2015
1.80, 0.00, 1.90, 0.00 , 6.015005E-005, -6.011930E-005, 3.876130E-011, -1.408110E-010, 2.150400E+004 1.570926E+074 2.150400E+004, Tue Aug 11 18:26:54 2015
1.80, 0.00, 1.92, 0.00 , 6.262208E-005, -6.258440E-005, 3.817435E-011, -1.318030E-010, 2.150400E+004 1.570926E+074 2.150400E+004, Tue Aug 11 18:26:57 2015
1.80, 0.00, 1.94, 0.00 , 6.505268E-005, -6.508650E-005, 4.068983E-011, -1.217560E-010, 2.150400E+004 1.570926E+074 2.150400E+004, Tue Aug 11 18:27:00 2015
1.80, 0.00, 1.96, 0.00 , 6.744984E-005, -6.740050E-005, 4.110914E-011, -1.148980E-010, 2.150400E+004 1.570926E+074 2.150400E+004, Tue Aug 11 18:27:03 2015
1.80, 0.00, 1.98, 0.00 , 7.004404E-005, -7.001650E-005, 3.993512E-011, -1.045410E-010, 2.150400E+004 1.570926E+074 2.150400E+004, Tue Aug 11 18:27:07 2015
1.80, 0.00, 2.00, 0.00 , 7.274348E-005, -7.274910E-005, 4.190565E-011, -9.668710E-011, 2.150400E+004 1.570926E+074 2.150400E+004, Tue Aug 11 18:27:12 2015
