1.80, 0.00, 0.00, 0.00 , 2.236287E-010, -1.181780E-010, -9.670542E-011, -1.398540E-011, 2.150400E+004 1.570926E+074 2.150400E+004, Sat Aug 15 17:54:45 2015
1.80, 0.00, 0.02, 0.00 , 2.095776E-010, -1.151380E-010, -8.391716E-011, -1.412920E-011, 2.150400E+004 1.570926E+074 2.150400E+004, Sat Aug 15 17:54:49 2015
1.80, 0.00, 0.04, 0.00 , 2.071301E-010, -1.143660E-010, -7.733425E-011, -1.413780E-011, 2.150400E+004 1.570926E+074 2.150400E+004, Sat Aug 15 17:54:54 2015
1.80, 0.00, 0.06, 0.00 , 1.997882E-010, -1.123920E-010, -7.117078E-011, -1.425930E-011, 2.150400E+004 1.570926E+074 2.150400E+004, Sat Aug 15 17:54:59 2015
1.80, 0.00, 0.08, 0.00 , 1.861168E-010, -1.098440E-010, -6.462988E-011, -1.404170E-011, 2.150400E+004 1.570926E+074 2.150400E+004, Sat Aug 15 17:55:06 2015
1.80, 0.00, 0.10, 0.00 , 1.826144E-010, -1.090700E-010, -5.913720E-011, -1.426080E-011, 2.150400E+004 1.570926E+074 2.150400E+004, Sat Aug 15 17:55:10 2015
1.80, 0.00, 0.12, 0.00 , 1.825723E-010, -1.073360E-010, -5.406381E-011, -1.431210E-011, 2.150400E+004 1.570926E+074 2.150400E+004, Sat Aug 15 17:55:14 2015
1.80, 0.00, 0.14, 0.00 , 1.771714E-010, -1.056960E-010, -5.041600E-011, -1.425500E-011, 2.150400E+004 1.570926E+074 2.150400E+004, Sat Aug 15 17:55:19 2015
1.80, 0.00, 0.16, 0.00 , 1.729940E-010, -1.055490E-010, -4.534263E-011, -1.423040E-011, 2.150400E+004 1.570926E+074 2.150400E+004, Sat Aug 15 17:55:23 2015
1.80, 0.00, 0.18, 0.00 , 1.686900E-010, -1.022820E-010, -4.316234E-011, -1.410740E-011, 2.150400E+004 1.570926E+074 2.150400E+004, Sat Aug 15 17:55:30 2015
1.80, 0.00, 0.20, 0.00 , 1.634999E-010, -1.006140E-010, -4.228183E-011, -1.424490E-011, 2.150400E+004 1.570926E+074 2.150400E+004, Sat Aug 15 17:55:34 2015
1.80, 0.00, 0.22, 0.00 , 1.630358E-010, -9.919530E-011, -3.884366E-011, -1.421710E-011, 2.150400E+004 1.570926E+074 2.150400E+004, Sat Aug 15 17:55:41 2015
1.80, 0.00, 0.24, 0.00 , 1.598289E-010, -9.760230E-011, -3.804701E-011, -1.397150E-011, 2.150400E+004 1.570926E+074 2.150400E+004, Sat Aug 15 17:55:47 2015
1.80, 0.00, 0.26, 0.00 , 1.573393E-010, -9.670580E-011, -3.448307E-011, -1.411590E-011, 2.150400E+004 1.570926E+074 2.150400E+004, Sat Aug 15 17:55:51 2015
1.80, 0.00, 0.28, 0.00 , 1.572128E-010, -9.556080E-011, -3.108683E-011, -1.429150E-011, 2.150400E+004 1.570926E+074 2.150400E+004, Sat Aug 15 17:55:56 2015
1.80, 0.00, 0.30, 0.00 , 1.570862E-010, -9.416330E-011, -2.928389E-011, -1.404210E-011, 2.150400E+004 1.570926E+074 2.150400E+004, Sat Aug 15 17:56:01 2015
1.80, 0.00, 0.32, 0.00 , 1.572973E-010, -9.300710E-011, -2.882268E-011, -1.420480E-011, 2.150400E+004 1.570926E+074 2.150400E+004, Sat Aug 15 17:56:06 2015
1.80, 0.00, 0.34, 0.00 , 1.554828E-010, -9.278670E-011, -2.563609E-011, -1.403390E-011, 2.150400E+004 1.570926E+074 2.150400E+004, Sat Aug 15 17:56:10 2015
1.80, 0.00, 0.36, 0.00 , 1.530776E-010, -9.243680E-011, -2.400086E-011, -1.424100E-011, 2.150400E+004 1.570926E+074 2.150400E+004, Sat Aug 15 17:56:15 2015
1.80, 0.00, 0.38, 0.00 , 1.548920E-010, -9.248640E-011, -2.228186E-011, -1.417210E-011, 2.150400E+004 1.570926E+074 2.150400E+004, Sat Aug 15 17:56:20 2015
1.80, 0.00, 0.40, 0.00 , 1.526978E-010, -9.263450E-011, -2.043718E-011, -1.410540E-011, 2.150400E+004 1.570926E+074 2.150400E+004, Sat Aug 15 17:56:25 2015
1.80, 0.00, 0.42, 0.00 , 1.532042E-010, -9.244390E-011, -2.039525E-011, -1.419460E-011, 2.150400E+004 1.570926E+074 2.150400E+004, Sat Aug 15 17:56:29 2015
1.80, 0.00, 0.44, 0.00 , 1.527401E-010, -9.333500E-011, -1.796362E-011, -1.411770E-011, 2.150400E+004 1.570926E+074 2.150400E+004, Sat Aug 15 17:56:34 2015
1.80, 0.00, 0.46, 0.00 , 1.537105E-010, -9.361750E-011, -1.507082E-011, -1.409260E-011, 2.150400E+004 1.570926E+074 2.150400E+004, Sat Aug 15 17:56:39 2015
1.80, 0.00, 0.48, 0.00 , 1.544278E-010, -9.443240E-011, -1.586739E-011, -1.412140E-011, 2.150400E+004 1.570926E+074 2.150400E+004, Sat Aug 15 17:56:44 2015
1.80, 0.00, 0.50, 0.00 , 1.537105E-010, -9.577500E-011, -1.230380E-011, -1.427510E-011, 2.150400E+004 1.570926E+074 2.150400E+004, Sat Aug 15 17:56:48 2015
1.80, 0.00, 0.52, 0.00 , 1.559471E-010, -9.829750E-011, -1.092029E-011, -1.419730E-011, 2.150400E+004 1.570926E+074 2.150400E+004, Sat Aug 15 17:56:54 2015
1.80, 0.00, 0.54, 0.00 , 1.597446E-010, -1.017460E-010, -8.782125E-012, -1.401200E-011, 2.150400E+004 1.570926E+074 2.150400E+004, Sat Aug 15 17:57:00 2015
1.80, 0.00, 0.56, 0.00 , 1.673399E-010, -1.081290E-010, -8.069405E-012, -1.404790E-011, 2.150400E+004 1.570926E+074 2.150400E+004, Sat Aug 15 17:57:05 2015
1.80, 0.00, 0.58, 0.00 , 1.747662E-010, -1.190720E-010, -8.069411E-012, -1.416480E-011, 2.150400E+004 1.570926E+074 2.150400E+004, Sat Aug 15 17:57:10 2015
1.80, 0.00, 0.60, 0.00 , 1.964969E-010, -1.374900E-010, -4.128501E-012, -1.421770E-011, 2.150400E+004 1.570926E+074 2.150400E+004, Sat Aug 15 17:57:15 2015
1.80, 0.00, 0.62, 0.00 , 2.239665E-010, -1.669080E-010, -1.277626E-012, -1.413220E-011, 2.150400E+004 1.570926E+074 2.150400E+004, Sat Aug 15 17:57:19 2015
1.80, 0.00, 0.64, 0.00 , 2.501278E-010, -1.949960E-010, -6.179258E-014, -1.431800E-011, 2.150400E+004 1.570926E+074 2.150400E+004, Sat Aug 15 17:57:24 2015
1.80, 0.00, 0.66, 0.00 , 3.124931E-010, -2.510830E-010, 1.058979E-013, -1.422020E-011, 2.150400E+004 1.570926E+074 2.150400E+004, Sat Aug 15 17:57:29 2015
1.80, 0.00, 0.68, 0.00 , 3.969265E-010, -3.478220E-010, 2.872912E-012, -1.431840E-011, 2.150400E+004 1.570926E+074 2.150400E+004, Sat Aug 15 17:57:34 2015
1.80, 0.00, 0.70, 0.00 , 5.313623E-010, -4.802090E-010, 1.992502E-012, -1.447340E-011, 2.150400E+004 1.570926E+074 2.150400E+004, Sat Aug 15 17:57:40 2015
1.80, 0.00, 0.72, 0.00 , 7.838188E-010, -7.013250E-010, 5.598022E-012, -1.474720E-011, 2.150400E+004 1.570926E+074 2.150400E+004, Sat Aug 15 17:57:46 2015
1.80, 0.00, 0.74, 0.00 , 1.115941E-009, -1.074140E-009, 4.969154E-012, -1.484980E-011, 2.150400E+004 1.570926E+074 2.150400E+004, Sat Aug 15 17:57:53 2015
1.80, 0.00, 0.76, 0.00 , 1.706555E-009, -1.638810E-009, 7.023462E-012, -1.540830E-011, 2.150400E+004 1.570926E+074 2.150400E+004, Sat Aug 15 17:57:58 2015
1.80, 0.00, 0.78, 0.00 , 2.603677E-009, -2.528510E-009, 1.033550E-011, -1.591050E-011, 2.150400E+004 1.570926E+074 2.150400E+004, Sat Aug 15 17:58:01 2015
1.80, 0.00, 0.80, 0.00 , 3.837522E-009, -3.794630E-009, 1.247364E-011, -1.668950E-011, 2.150400E+004 1.570926E+074 2.150400E+004, Sat Aug 15 17:58:05 2015
1.80, 0.00, 0.82, 0.00 , 6.033473E-009, -5.989390E-009, 1.335408E-011, -1.754960E-011, 2.150400E+004 1.570926E+074 2.150400E+004, Sat Aug 15 17:58:08 2015
1.80, 0.00, 0.84, 0.00 , 9.426639E-009, -9.335360E-009, 1.465374E-011, -1.898350E-011, 2.150400E+004 1.570926E+074 2.150400E+004, Sat Aug 15 17:58:12 2015
1.80, 0.00, 0.86, 0.00 , 1.436712E-008, -1.426090E-008, 1.700151E-011, -2.098320E-011, 2.150400E+004 1.570926E+074 2.150400E+004, Sat Aug 15 17:58:17 2015
1.80, 0.00, 0.88, 0.00 , 2.222033E-008, -2.214390E-008, 1.737884E-011, -2.391400E-011, 2.150400E+004 1.570926E+074 2.150400E+004, Sat Aug 15 17:58:21 2015
1.80, 0.00, 0.90, 0.00 , 3.397469E-008, -3.397800E-008, 1.947508E-011, -2.775610E-011, 2.150400E+004 1.570926E+074 2.150400E+004, Sat Aug 15 17:58:24 2015
1.80, 0.00, 0.92, 0.00 , 5.176612E-008, -5.142030E-008, 2.043932E-011, -3.313060E-011, 2.150400E+004 1.570926E+074 2.150400E+004, Sat Aug 15 17:58:29 2015
1.80, 0.00, 0.94, 0.00 , 7.649039E-008, -7.601420E-008, 2.064893E-011, -4.010430E-011, 2.150400E+004 1.570926E+074 2.150400E+004, Sat Aug 15 17:58:34 2015
1.80, 0.00, 0.96, 0.00 , 1.101055E-007, -1.103030E-007, 2.270329E-011, -4.887240E-011, 2.150400E+004 1.570926E+074 2.150400E+004, Sat Aug 15 17:58:37 2015
1.80, 0.00, 0.98, 0.00 , 1.592927E-007, -1.581240E-007, 2.580572E-011, -5.893100E-011, 2.150400E+004 1.570926E+074 2.150400E+004, Sat Aug 15 17:58:41 2015
1.80, 0.00, 1.00, 0.00 , 2.245231E-007, -2.235640E-007, 2.656030E-011, -7.228830E-011, 2.150400E+004 1.570926E+074 2.150400E+004, Sat Aug 15 17:58:45 2015
1.80, 0.00, 1.02, 0.00 , 3.105563E-007, -2.965890E-007, 2.811154E-011, -8.363080E-011, 2.150400E+004 1.570926E+074 2.150400E+004, Sat Aug 15 17:58:48 2015
1.80, 0.00, 1.04, 0.00 , 4.064146E-007, -4.056520E-007, 3.100433E-011, -1.008930E-010, 2.150400E+004 1.570926E+074 2.150400E+004, Sat Aug 15 17:58:53 2015
1.80, 0.00, 1.06, 0.00 , 5.489028E-007, -5.489090E-007, 3.242975E-011, -1.208640E-010, 2.150400E+004 1.570926E+074 2.150400E+004, Sat Aug 15 17:58:56 2015
1.80, 0.00, 1.08, 0.00 , 7.320144E-007, -7.310970E-007, 3.322636E-011, -1.437830E-010, 2.150400E+004 1.570926E+074 2.150400E+004, Sat Aug 15 17:59:00 2015
1.80, 0.00, 1.10, 0.00 , 9.593682E-007, -9.579480E-007, 3.737693E-011, -1.677200E-010, 2.150400E+004 1.570926E+074 2.150400E+004, Sat Aug 15 17:59:03 2015
1.80, 0.00, 1.12, 0.00 , 1.237750E-006, -1.235130E-006, 3.611914E-011, -1.950880E-010, 2.150400E+004 1.570926E+074 2.150400E+004, Sat Aug 15 17:59:06 2015
1.80, 0.00, 1.14, 0.00 , 1.561016E-006, -1.565170E-006, 3.888615E-011, -2.221470E-010, 2.150400E+004 1.570926E+074 2.150400E+004, Sat Aug 15 17:59:10 2015
1.80, 0.00, 1.16, 0.00 , 1.953555E-006, -1.952750E-006, 3.947313E-011, -2.487010E-010, 2.150400E+004 1.570926E+074 2.150400E+004, Sat Aug 15 17:59:13 2015
1.80, 0.00, 1.18, 0.00 , 2.401713E-006, -2.402350E-006, 4.236592E-011, -2.765830E-010, 2.150400E+004 1.570926E+074 2.150400E+004, Sat Aug 15 17:59:16 2015
1.80, 0.00, 1.20, 0.00 , 2.898295E-006, -2.900650E-006, 4.261749E-011, -3.007850E-010, 2.150400E+004 1.570926E+074 2.150400E+004, Sat Aug 15 17:59:19 2015
1.80, 0.00, 1.22, 0.00 , 3.452535E-006, -3.451240E-006, 4.429446E-011, -3.239460E-010, 2.150400E+004 1.570926E+074 2.150400E+004, Sat Aug 15 17:59:23 2015
1.80, 0.00, 1.24, 0.00 , 4.107947E-006, -4.117030E-006, 4.672607E-011, -3.510930E-010, 2.150400E+004 1.570926E+074 2.150400E+004, Sat Aug 15 17:59:26 2015
1.80, 0.00, 1.26, 0.00 , 4.842942E-006, -4.845990E-006, 4.819344E-011, -3.750170E-010, 2.150400E+004 1.570926E+074 2.150400E+004, Sat Aug 15 17:59:29 2015
1.80, 0.00, 1.28, 0.00 , 5.619806E-006, -5.627940E-006, 4.970276E-011, -3.913320E-010, 2.150400E+004 1.570926E+074 2.150400E+004, Sat Aug 15 17:59:32 2015
1.80, 0.00, 1.30, 0.00 , 6.470449E-006, -6.480870E-006, 5.360174E-011, -4.134710E-010, 2.150400E+004 1.570926E+074 2.150400E+004, Sat Aug 15 17:59:36 2015
1.80, 0.00, 1.32, 0.00 , 7.384288E-006, -7.404130E-006, 5.439831E-011, -4.251540E-010, 2.150400E+004 1.570926E+074 2.150400E+004, Sat Aug 15 17:59:39 2015
1.80, 0.00, 1.34, 0.00 , 8.365661E-006, -8.362090E-006, 5.662033E-011, -4.327230E-010, 2.150400E+004 1.570926E+074 2.150400E+004, Sat Aug 15 17:59:42 2015
1.80, 0.00, 1.36, 0.00 , 9.399309E-006, -9.395740E-006, 5.771035E-011, -4.392910E-010, 2.150400E+004 1.570926E+074 2.150400E+004, Sat Aug 15 17:59:45 2015
1.80, 0.00, 1.38, 0.00 , 1.053278E-005, -1.053610E-005, 5.884238E-011, -4.449850E-010, 2.150400E+004 1.570926E+074 2.150400E+004, Sat Aug 15 17:59:49 2015
1.80, 0.00, 1.40, 0.00 , 1.174078E-005, -1.174140E-005, 5.905191E-011, -4.456400E-010, 2.150400E+004 1.570926E+074 2.150400E+004, Sat Aug 15 17:59:52 2015
1.80, 0.00, 1.42, 0.00 , 1.300854E-005, -1.302600E-005, 6.156739E-011, -4.455730E-010, 2.150400E+004 1.570926E+074 2.150400E+004, Sat Aug 15 17:59:55 2015
1.80, 0.00, 1.44, 0.00 , 1.435595E-005, -1.433240E-005, 6.383138E-011, -4.417430E-010, 2.150400E+004 1.570926E+074 2.150400E+004, Sat Aug 15 17:59:59 2015
1.80, 0.00, 1.46, 0.00 , 1.569972E-005, -1.571540E-005, 6.387330E-011, -4.333130E-010, 2.150400E+004 1.570926E+074 2.150400E+004, Sat Aug 15 18:00:02 2015
1.80, 0.00, 1.48, 0.00 , 1.710678E-005, -1.714320E-005, 6.789803E-011, -4.318310E-010, 2.150400E+004 1.570926E+074 2.150400E+004, Sat Aug 15 18:00:05 2015
1.80, 0.00, 1.50, 0.00 , 1.865776E-005, -1.864590E-005, 6.810769E-011, -4.234050E-010, 2.150400E+004 1.570926E+074 2.150400E+004, Sat Aug 15 18:00:08 2015
1.80, 0.00, 1.52, 0.00 , 2.027149E-005, -2.024830E-005, 7.095850E-011, -4.129470E-010, 2.150400E+004 1.570926E+074 2.150400E+004, Sat Aug 15 18:00:11 2015
1.80, 0.00, 1.54, 0.00 , 2.188764E-005, -2.189600E-005, 7.343222E-011, -4.016160E-010, 2.150400E+004 1.570926E+074 2.150400E+004, Sat Aug 15 18:00:15 2015
1.80, 0.00, 1.56, 0.00 , 2.362876E-005, -2.360520E-005, 7.318050E-011, -3.901740E-010, 2.150400E+004 1.570926E+074 2.150400E+004, Sat Aug 15 18:00:18 2015
1.80, 0.00, 1.58, 0.00 , 2.533509E-005, -2.536770E-005, 7.577983E-011, -3.763250E-010, 2.150400E+004 1.570926E+074 2.150400E+004, Sat Aug 15 18:00:21 2015
1.80, 0.00, 1.60, 0.00 , 2.723973E-005, -2.718970E-005, 7.699573E-011, -3.642980E-010, 2.150400E+004 1.570926E+074 2.150400E+004, Sat Aug 15 18:00:24 2015
1.80, 0.00, 1.62, 0.00 , 2.906609E-005, -2.907630E-005, 7.892421E-011, -3.537580E-010, 2.150400E+004 1.570926E+074 2.150400E+004, Sat Aug 15 18:00:28 2015
1.80, 0.00, 1.64, 0.00 , 3.097650E-005, -3.091350E-005, 8.173318E-011, -3.375060E-010, 2.150400E+004 1.570926E+074 2.150400E+004, Sat Aug 15 18:00:31 2015
1.80, 0.00, 1.66, 0.00 , 3.291806E-005, -3.294750E-005, 8.185893E-011, -3.254440E-010, 2.150400E+004 1.570926E+074 2.150400E+004, Sat Aug 15 18:00:34 2015
1.80, 0.00, 1.68, 0.00 , 3.498967E-005, -3.492480E-005, 8.441633E-011, -3.072320E-010, 2.150400E+004 1.570926E+074 2.150400E+004, Sat Aug 15 18:00:37 2015
1.80, 0.00, 1.70, 0.00 , 3.688137E-005, -3.685030E-005, 8.680607E-011, -2.883680E-010, 2.150400E+004 1.570926E+074 2.150400E+004, Sat Aug 15 18:00:41 2015
1.80, 0.00, 1.72, 0.00 , 3.909540E-005, -3.904660E-005, 8.730912E-011, -2.765660E-010, 2.150400E+004 1.570926E+074 2.150400E+004, Sat Aug 15 18:00:44 2015
1.80, 0.00, 1.74, 0.00 , 4.111316E-005, -4.108810E-005, 9.016012E-011, -2.618870E-010, 2.150400E+004 1.570926E+074 2.150400E+004, Sat Aug 15 18:00:47 2015
1.80, 0.00, 1.76, 0.00 , 4.321502E-005, -4.322030E-005, 9.259170E-011, -2.471180E-010, 2.150400E+004 1.570926E+074 2.150400E+004, Sat Aug 15 18:00:50 2015
1.80, 0.00, 1.78, 0.00 , 4.545262E-005, -4.538540E-005, 9.192081E-011, -2.335260E-010, 2.150400E+004 1.570926E+074 2.150400E+004, Sat Aug 15 18:00:54 2015
1.80, 0.00, 1.80, 0.00 , 4.777039E-005, -4.771750E-005, 9.506521E-011, -2.185780E-010, 2.150400E+004 1.570926E+074 2.150400E+004, Sat Aug 15 18:00:57 2015
1.80, 0.00, 1.82, 0.00 , 4.990301E-005, -4.986840E-005, 9.540053E-011, -2.056200E-010, 2.150400E+004 1.570926E+074 2.150400E+004, Sat Aug 15 18:01:00 2015
1.80, 0.00, 1.84, 0.00 , 5.202730E-005, -5.191920E-005, 9.774841E-011, -1.928920E-010, 2.150400E+004 1.570926E+074 2.150400E+004, Sat Aug 15 18:01:03 2015
1.80, 0.00, 1.86, 0.00 , 5.460888E-005, -5.455800E-005, 9.854496E-011, -1.814710E-010, 2.150400E+004 1.570926E+074 2.150400E+004, Sat Aug 15 18:01:07 2015
1.80, 0.00, 1.88, 0.00 , 5.689410E-005, -5.693210E-005, 1.013959E-010, -1.702560E-010, 2.150400E+004 1.570926E+074 2.150400E+004, Sat Aug 15 18:01:10 2015
1.80, 0.00, 1.90, 0.00 , 5.924310E-005, -5.918890E-005, 1.060915E-010, -1.588750E-010, 2.150400E+004 1.570926E+074 2.150400E+004, Sat Aug 15 18:01:13 2015
1.80, 0.00, 1.92, 0.00 , 6.180258E-005, -6.186650E-005, 1.063849E-010, -1.471300E-010, 2.150400E+004 1.570926E+074 2.150400E+004, Sat Aug 15 18:01:16 2015
1.80, 0.00, 1.94, 0.00 , 6.402920E-005, -6.407740E-005, 1.063849E-010, -1.376000E-010, 2.150400E+004 1.570926E+074 2.150400E+004, Sat Aug 15 18:01:20 2015
1.80, 0.00, 1.96, 0.00 , 6.667044E-005, -6.655330E-005, 1.078942E-010, -1.276340E-010, 2.150400E+004 1.570926E+074 2.150400E+004, Sat Aug 15 18:01:23 2015
1.80, 0.00, 1.98, 0.00 , 6.909503E-005, -6.904920E-005, 1.109128E-010, -1.195110E-010, 2.150400E+004 1.570926E+074 2.150400E+004, Sat Aug 15 18:01:26 2015
1.80, 0.00, 2.00, 0.00 , 7.157898E-005, -7.150280E-005, 1.111643E-010, -1.109750E-010, 2.150400E+004 1.570926E+074 2.150400E+004, Sat Aug 15 18:01:29 2015
