0.00, 0.00, 0.00, 0.00 , -3.085646E-011, 3.057840E-013, -2.848731E-011, -5.649450E-013, 2.150400E+004 1.570926E+074 2.150400E+004, Tue Aug 04 22:31:02 2015
0.05, 0.00, 0.00, 0.00 , -3.056106E-011, 2.661470E-013, -3.226094E-011, -5.925890E-013, 2.150400E+004 1.570926E+074 2.150400E+004, Tue Aug 04 22:31:07 2015
0.10, 0.00, 0.00, 0.00 , -3.085645E-011, 2.292280E-013, -3.280603E-011, -6.015420E-013, 2.150400E+004 1.570926E+074 2.150400E+004, Tue Aug 04 22:31:18 2015
0.15, 0.00, 0.00, 0.00 , -3.068764E-011, 2.254490E-013, -3.205129E-011, -6.161330E-013, 2.150400E+004 1.570926E+074 2.150400E+004, Tue Aug 04 22:31:28 2015
0.20, 0.00, 0.00, 0.00 , -3.119404E-011, 2.134680E-013, -3.330918E-011, -6.468530E-013, 2.150400E+004 1.570926E+074 2.150400E+004, Tue Aug 04 22:31:36 2015
0.25, 0.00, 0.00, 0.00 , -2.992806E-011, 2.046940E-013, -3.314147E-011, -6.560920E-013, 2.150400E+004 1.570926E+074 2.150400E+004, Tue Aug 04 22:31:43 2015
0.30, 0.00, 0.00, 0.00 , -2.921069E-011, 1.809720E-013, -3.519600E-011, -6.752850E-013, 2.150400E+004 1.570926E+074 2.150400E+004, Tue Aug 04 22:31:49 2015
0.35, 0.00, 0.00, 0.00 , -3.022345E-011, 1.688600E-013, -3.481863E-011, -6.793020E-013, 2.150400E+004 1.570926E+074 2.150400E+004, Tue Aug 04 22:32:03 2015
0.40, 0.00, 0.00, 0.00 , -2.933726E-011, 1.368400E-013, -3.393812E-011, -7.004740E-013, 2.150400E+004 1.570926E+074 2.150400E+004, Tue Aug 04 22:32:17 2015
0.45, 0.00, 0.00, 0.00 , -2.899967E-011, 1.212120E-013, -3.469284E-011, -6.989720E-013, 2.150400E+004 1.570926E+074 2.150400E+004, Tue Aug 04 22:32:26 2015
0.50, 0.00, 0.00, 0.00 , -2.921069E-011, 9.381770E-014, -3.347690E-011, -7.192730E-013, 2.150400E+004 1.570926E+074 2.150400E+004, Tue Aug 04 22:32:31 2015
0.55, 0.00, 0.00, 0.00 , -2.899966E-011, 1.192210E-013, -3.582493E-011, -7.151480E-013, 2.150400E+004 1.570926E+074 2.150400E+004, Tue Aug 04 22:32:37 2015
0.60, 0.00, 0.00, 0.00 , -2.853547E-011, 1.037720E-013, -3.439933E-011, -7.454870E-013, 2.150400E+004 1.570926E+074 2.150400E+004, Tue Aug 04 22:32:42 2015
0.65, 0.00, 0.00, 0.00 , -2.857767E-011, 8.560420E-014, -3.527986E-011, -7.499220E-013, 2.150400E+004 1.570926E+074 2.150400E+004, Tue Aug 04 22:32:48 2015
0.70, 0.00, 0.00, 0.00 , -2.802907E-011, -7.915500E-015, -3.431548E-011, -7.735010E-013, 2.150400E+004 1.570926E+074 2.150400E+004, Tue Aug 04 22:32:54 2015
0.75, 0.00, 0.00, 0.00 , -2.748049E-011, 5.369190E-014, -3.477670E-011, -7.607820E-013, 2.150400E+004 1.570926E+074 2.150400E+004, Tue Aug 04 22:33:04 2015
0.80, 0.00, 0.00, 0.00 , -2.739608E-011, 1.933570E-014, -3.565722E-011, -7.511970E-013, 2.150400E+004 1.570926E+074 2.150400E+004, Tue Aug 04 22:33:23 2015
0.85, 0.00, 0.00, 0.00 , -2.760710E-011, 2.408030E-014, -3.632809E-011, -7.707480E-013, 2.150400E+004 1.570926E+074 2.150400E+004, Tue Aug 04 22:33:34 2015
0.90, 0.00, 0.00, 0.00 , -2.764929E-011, -2.568480E-013, -3.804719E-011, -1.650260E-012, 2.150400E+004 1.570926E+074 2.150400E+004, Tue Aug 04 22:33:44 2015
0.95, 0.00, 0.00, 0.00 , -2.659430E-011, -3.523830E-014, -3.599264E-011, -7.864950E-013, 2.150400E+004 1.570926E+074 2.150400E+004, Tue Aug 04 22:33:55 2015
1.00, 0.00, 0.00, 0.00 , -2.718510E-011, -4.513260E-014, -3.557335E-011, -8.285170E-013, 2.150400E+004 1.570926E+074 2.150400E+004, Tue Aug 04 22:34:02 2015
1.05, 0.00, 0.00, 0.00 , -2.655211E-011, -1.269580E-014, -3.662159E-011, -8.104210E-013, 2.150400E+004 1.570926E+074 2.150400E+004, Tue Aug 04 22:34:14 2015
1.10, 0.00, 0.00, 0.00 , -2.646768E-011, -3.527400E-014, -3.691509E-011, -8.322240E-013, 2.150400E+004 1.570926E+074 2.150400E+004, Tue Aug 04 22:34:26 2015
1.15, 0.00, 0.00, 0.00 , -2.718511E-011, -7.082220E-014, -3.775368E-011, -8.442280E-013, 2.150400E+004 1.570926E+074 2.150400E+004, Tue Aug 04 22:34:32 2015
1.20, 0.00, 0.00, 0.00 , -2.558150E-011, -5.140300E-014, -3.813104E-011, -8.268240E-013, 2.150400E+004 1.570926E+074 2.150400E+004, Tue Aug 04 22:34:37 2015
1.25, 0.00, 0.00, 0.00 , -2.596130E-011, -1.129150E-013, -3.708281E-011, -8.407950E-013, 2.150400E+004 1.570926E+074 2.150400E+004, Tue Aug 04 22:34:45 2015
1.30, 0.00, 0.00, 0.00 , -2.608788E-011, -8.590220E-014, -3.792139E-011, -8.440140E-013, 2.150400E+004 1.570926E+074 2.150400E+004, Tue Aug 04 22:34:53 2015
1.35, 0.00, 0.00, 0.00 , -2.579251E-011, -1.059770E-013, -3.787947E-011, -8.597140E-013, 2.150400E+004 1.570926E+074 2.150400E+004, Tue Aug 04 22:34:57 2015
1.40, 0.00, 0.00, 0.00 , -2.499070E-011, -1.077410E-013, -3.657966E-011, -8.540870E-013, 2.150400E+004 1.570926E+074 2.150400E+004, Tue Aug 04 22:35:08 2015
1.45, 0.00, 0.00, 0.00 , -2.575031E-011, -7.721190E-014, -3.817297E-011, -8.651380E-013, 2.150400E+004 1.570926E+074 2.150400E+004, Tue Aug 04 22:35:21 2015
1.50, 0.00, 0.00, 0.00 , -2.473751E-011, -1.195670E-013, -3.821491E-011, -8.760090E-013, 2.150400E+004 1.570926E+074 2.150400E+004, Tue Aug 04 22:35:26 2015
1.55, 0.00, 0.00, 0.00 , -2.537052E-011, -1.231550E-013, -3.892770E-011, -8.794670E-013, 2.150400E+004 1.570926E+074 2.150400E+004, Tue Aug 04 22:35:32 2015
1.60, 0.00, 0.00, 0.00 , -2.541271E-011, -1.287940E-013, -3.804719E-011, -8.877400E-013, 2.150400E+004 1.570926E+074 2.150400E+004, Tue Aug 04 22:35:37 2015
1.65, 0.00, 0.00, 0.00 , -2.402013E-011, -1.578210E-013, -3.720859E-011, -8.677840E-013, 2.150400E+004 1.570926E+074 2.150400E+004, Tue Aug 04 22:36:21 2015
1.70, 0.00, 0.00, 0.00 , -2.507509E-011, -1.123430E-013, -3.913735E-011, -8.743880E-013, 2.150400E+004 1.570926E+074 2.150400E+004, Tue Aug 04 22:36:28 2015
1.75, 0.00, 0.00, 0.00 , -2.423113E-011, -1.487730E-013, -3.871806E-011, -8.894090E-013, 2.150400E+004 1.570926E+074 2.150400E+004, Tue Aug 04 22:36:33 2015
1.80, 0.00, 0.00, 0.00 , -2.380915E-011, -1.595740E-013, -3.913736E-011, -8.875610E-013, 2.150400E+004 1.570926E+074 2.150400E+004, Tue Aug 04 22:36:40 2015
1.85, 0.00, 0.00, 0.00 , -2.461091E-011, -1.527550E-013, -3.808913E-011, -8.933780E-013, 2.150400E+004 1.570926E+074 2.150400E+004, Tue Aug 04 22:36:46 2015
1.90, 0.00, 0.00, 0.00 , -2.435773E-011, -1.846430E-013, -4.064681E-011, -8.847830E-013, 2.150400E+004 1.570926E+074 2.150400E+004, Tue Aug 04 22:36:58 2015
1.95, 0.00, 0.00, 0.00 , -2.452653E-011, 1.196860E-014, -3.821491E-011, -7.663370E-013, 2.150400E+004 1.570926E+074 2.150400E+004, Tue Aug 04 22:37:03 2015
2.00, 0.00, 0.00, 0.00 , -2.402013E-011, -1.261710E-013, -3.959857E-011, -8.707400E-013, 2.150400E+004 1.570926E+074 2.150400E+004, Tue Aug 04 22:37:10 2015
