1.80, 0.00, 0.00, 0.00 , 2.790738E-010, -1.810000E-010, -1.206887E-010, -1.732770E-011, 2.150400E+004 1.570926E+074 2.150400E+004, Sat Aug 15 18:12:05 2015
1.80, 0.00, 0.02, 0.00 , 2.584822E-010, -1.786830E-010, -9.964041E-011, -1.743360E-011, 2.150400E+004 1.570926E+074 2.150400E+004, Sat Aug 15 18:12:11 2015
1.80, 0.00, 0.04, 0.00 , 2.513088E-010, -1.766360E-010, -8.970333E-011, -1.691690E-011, 2.150400E+004 1.570926E+074 2.150400E+004, Sat Aug 15 18:12:15 2015
1.80, 0.00, 0.06, 0.00 , 2.447686E-010, -1.746740E-010, -8.169489E-011, -1.668250E-011, 2.150400E+004 1.570926E+074 2.150400E+004, Sat Aug 15 18:12:20 2015
1.80, 0.00, 0.08, 0.00 , 2.384815E-010, -1.718380E-010, -7.192549E-011, -1.716820E-011, 2.150400E+004 1.570926E+074 2.150400E+004, Sat Aug 15 18:12:25 2015
1.80, 0.00, 0.10, 0.00 , 2.244303E-010, -1.687520E-010, -6.748101E-011, -1.624530E-011, 2.150400E+004 1.570926E+074 2.150400E+004, Sat Aug 15 18:12:31 2015
1.80, 0.00, 0.12, 0.00 , 2.185652E-010, -1.670740E-010, -6.173680E-011, -1.626340E-011, 2.150400E+004 1.570926E+074 2.150400E+004, Sat Aug 15 18:12:35 2015
1.80, 0.00, 0.14, 0.00 , 2.184808E-010, -1.652640E-010, -5.758584E-011, -1.661990E-011, 2.150400E+004 1.570926E+074 2.150400E+004, Sat Aug 15 18:12:40 2015
1.80, 0.00, 0.16, 0.00 , 2.175946E-010, -1.635220E-010, -5.381226E-011, -1.617310E-011, 2.150400E+004 1.570926E+074 2.150400E+004, Sat Aug 15 18:12:44 2015
1.80, 0.00, 0.18, 0.00 , 2.129954E-010, -1.620490E-010, -5.125460E-011, -1.627930E-011, 2.150400E+004 1.570926E+074 2.150400E+004, Sat Aug 15 18:12:49 2015
1.80, 0.00, 0.20, 0.00 , 2.092400E-010, -1.603500E-010, -4.609734E-011, -1.686230E-011, 2.150400E+004 1.570926E+074 2.150400E+004, Sat Aug 15 18:12:53 2015
1.80, 0.00, 0.22, 0.00 , 2.129952E-010, -1.591090E-010, -4.521684E-011, -1.607280E-011, 2.150400E+004 1.570926E+074 2.150400E+004, Sat Aug 15 18:12:57 2015
1.80, 0.00, 0.24, 0.00 , 2.018134E-010, -1.573770E-010, -4.073046E-011, -1.611420E-011, 2.150400E+004 1.570926E+074 2.150400E+004, Sat Aug 15 18:13:02 2015
1.80, 0.00, 0.26, 0.00 , 2.054002E-010, -1.559690E-010, -3.871788E-011, -1.580420E-011, 2.150400E+004 1.570926E+074 2.150400E+004, Sat Aug 15 18:13:06 2015
1.80, 0.00, 0.28, 0.00 , 1.959061E-010, -1.537580E-010, -3.670530E-011, -1.574050E-011, 2.150400E+004 1.570926E+074 2.150400E+004, Sat Aug 15 18:13:11 2015
1.80, 0.00, 0.30, 0.00 , 1.959481E-010, -1.523650E-010, -3.356063E-011, -1.611080E-011, 2.150400E+004 1.570926E+074 2.150400E+004, Sat Aug 15 18:13:15 2015
1.80, 0.00, 0.32, 0.00 , 1.974673E-010, -1.500930E-010, -3.083525E-011, -1.559050E-011, 2.150400E+004 1.570926E+074 2.150400E+004, Sat Aug 15 18:13:20 2015
1.80, 0.00, 0.34, 0.00 , 1.907160E-010, -1.481750E-010, -2.681009E-011, -1.613120E-011, 2.150400E+004 1.570926E+074 2.150400E+004, Sat Aug 15 18:13:24 2015
1.80, 0.00, 0.36, 0.00 , 1.937119E-010, -1.466640E-010, -2.626502E-011, -1.544460E-011, 2.150400E+004 1.570926E+074 2.150400E+004, Sat Aug 15 18:13:29 2015
1.80, 0.00, 0.38, 0.00 , 1.862433E-010, -1.448550E-010, -2.500715E-011, -1.539660E-011, 2.150400E+004 1.570926E+074 2.150400E+004, Sat Aug 15 18:13:33 2015
1.80, 0.00, 0.40, 0.00 , 1.793654E-010, -1.423380E-010, -2.085642E-011, -1.540840E-011, 2.150400E+004 1.570926E+074 2.150400E+004, Sat Aug 15 18:13:38 2015
1.80, 0.00, 0.42, 0.00 , 1.787325E-010, -1.410530E-010, -1.993408E-011, -1.576230E-011, 2.150400E+004 1.570926E+074 2.150400E+004, Sat Aug 15 18:13:42 2015
1.80, 0.00, 0.44, 0.00 , 1.795764E-010, -1.394090E-010, -1.838287E-011, -1.570760E-011, 2.150400E+004 1.570926E+074 2.150400E+004, Sat Aug 15 18:13:46 2015
1.80, 0.00, 0.46, 0.00 , 1.808844E-010, -1.386070E-010, -1.523853E-011, -1.549920E-011, 2.150400E+004 1.570926E+074 2.150400E+004, Sat Aug 15 18:13:51 2015
1.80, 0.00, 0.48, 0.00 , 1.782262E-010, -1.371860E-010, -1.377116E-011, -1.555470E-011, 2.150400E+004 1.570926E+074 2.150400E+004, Sat Aug 15 18:13:55 2015
1.80, 0.00, 0.50, 0.00 , 1.783104E-010, -1.358670E-010, -1.347769E-011, -1.535630E-011, 2.150400E+004 1.570926E+074 2.150400E+004, Sat Aug 15 18:14:01 2015
1.80, 0.00, 0.52, 0.00 , 1.766648E-010, -1.364490E-010, -1.071066E-011, -1.551340E-011, 2.150400E+004 1.570926E+074 2.150400E+004, Sat Aug 15 18:14:05 2015
1.80, 0.00, 0.54, 0.00 , 1.799139E-010, -1.379450E-010, -9.704473E-012, -1.521570E-011, 2.150400E+004 1.570926E+074 2.150400E+004, Sat Aug 15 18:14:10 2015
1.80, 0.00, 0.56, 0.00 , 1.813485E-010, -1.422980E-010, -1.050104E-011, -1.526470E-011, 2.150400E+004 1.570926E+074 2.150400E+004, Sat Aug 15 18:14:18 2015
1.80, 0.00, 0.58, 0.00 , 1.896612E-010, -1.515170E-010, -8.698285E-012, -1.539440E-011, 2.150400E+004 1.570926E+074 2.150400E+004, Sat Aug 15 18:14:22 2015
1.80, 0.00, 0.60, 0.00 , 2.006740E-010, -1.665980E-010, -7.859796E-012, -1.533050E-011, 2.150400E+004 1.570926E+074 2.150400E+004, Sat Aug 15 18:14:26 2015
1.80, 0.00, 0.62, 0.00 , 2.281013E-010, -1.893050E-010, -4.589676E-012, -1.531420E-011, 2.150400E+004 1.570926E+074 2.150400E+004, Sat Aug 15 18:14:31 2015
1.80, 0.00, 0.64, 0.00 , 2.510981E-010, -2.236350E-010, -5.218539E-012, -1.546580E-011, 2.150400E+004 1.570926E+074 2.150400E+004, Sat Aug 15 18:14:38 2015
1.80, 0.00, 0.66, 0.00 , 3.015218E-010, -2.600220E-010, -5.302390E-012, -1.539720E-011, 2.150400E+004 1.570926E+074 2.150400E+004, Sat Aug 15 18:14:45 2015
1.80, 0.00, 0.68, 0.00 , 3.785709E-010, -3.434560E-010, -6.906888E-013, -1.507230E-011, 2.150400E+004 1.570926E+074 2.150400E+004, Sat Aug 15 18:14:50 2015
1.80, 0.00, 0.70, 0.00 , 5.019090E-010, -5.108310E-010, 2.316689E-013, -1.529410E-011, 2.150400E+004 1.570926E+074 2.150400E+004, Sat Aug 15 18:14:54 2015
1.80, 0.00, 0.72, 0.00 , 7.143645E-010, -6.770610E-010, -2.714322E-013, -1.507690E-011, 2.150400E+004 1.570926E+074 2.150400E+004, Sat Aug 15 18:15:00 2015
1.80, 0.00, 0.74, 0.00 , 1.043279E-009, -1.008530E-009, 1.058927E-013, -1.549250E-011, 2.150400E+004 1.570926E+074 2.150400E+004, Sat Aug 15 18:15:04 2015
1.80, 0.00, 0.76, 0.00 , 1.568151E-009, -1.529850E-009, -1.738779E-012, -1.600060E-011, 2.150400E+004 1.570926E+074 2.150400E+004, Sat Aug 15 18:15:10 2015
1.80, 0.00, 0.78, 0.00 , 2.415145E-009, -2.385690E-009, 1.489408E-012, -1.648150E-011, 2.150400E+004 1.570926E+074 2.150400E+004, Sat Aug 15 18:15:14 2015
1.80, 0.00, 0.80, 0.00 , 3.744139E-009, -3.709780E-009, 3.208319E-012, -1.705100E-011, 2.150400E+004 1.570926E+074 2.150400E+004, Sat Aug 15 18:15:18 2015
1.80, 0.00, 0.82, 0.00 , 5.842402E-009, -5.771030E-009, 5.346475E-012, -1.833390E-011, 2.150400E+004 1.570926E+074 2.150400E+004, Sat Aug 15 18:15:21 2015
1.80, 0.00, 0.84, 0.00 , 9.104929E-009, -9.039460E-009, 7.400802E-012, -1.978600E-011, 2.150400E+004 1.570926E+074 2.150400E+004, Sat Aug 15 18:15:25 2015
1.80, 0.00, 0.86, 0.00 , 1.429533E-008, -1.423660E-008, 8.071582E-012, -2.213410E-011, 2.150400E+004 1.570926E+074 2.150400E+004, Sat Aug 15 18:15:30 2015
1.80, 0.00, 0.88, 0.00 , 2.200399E-008, -2.192430E-008, 1.121592E-011, -2.457280E-011, 2.150400E+004 1.570926E+074 2.150400E+004, Sat Aug 15 18:15:33 2015
1.80, 0.00, 0.90, 0.00 , 3.362736E-008, -3.348710E-008, 1.314444E-011, -2.856340E-011, 2.150400E+004 1.570926E+074 2.150400E+004, Sat Aug 15 18:15:37 2015
1.80, 0.00, 0.92, 0.00 , 5.049022E-008, -5.072770E-008, 1.259944E-011, -3.406550E-011, 2.150400E+004 1.570926E+074 2.150400E+004, Sat Aug 15 18:15:40 2015
1.80, 0.00, 0.94, 0.00 , 7.478167E-008, -7.481290E-008, 1.431835E-011, -4.074070E-011, 2.150400E+004 1.570926E+074 2.150400E+004, Sat Aug 15 18:15:44 2015
1.80, 0.00, 0.96, 0.00 , 1.095029E-007, -1.092740E-007, 1.515683E-011, -4.922000E-011, 2.150400E+004 1.570926E+074 2.150400E+004, Sat Aug 15 18:15:48 2015
1.80, 0.00, 0.98, 0.00 , 1.577030E-007, -1.580570E-007, 1.704344E-011, -5.994380E-011, 2.150400E+004 1.570926E+074 2.150400E+004, Sat Aug 15 18:15:51 2015
1.80, 0.00, 1.00, 0.00 , 2.205502E-007, -2.193830E-007, 2.094242E-011, -7.276490E-011, 2.150400E+004 1.570926E+074 2.150400E+004, Sat Aug 15 18:15:55 2015
1.80, 0.00, 1.02, 0.00 , 2.935627E-007, -2.940450E-007, 2.207440E-011, -8.390300E-011, 2.150400E+004 1.570926E+074 2.150400E+004, Sat Aug 15 18:15:58 2015
1.80, 0.00, 1.04, 0.00 , 4.038051E-007, -4.051620E-007, 2.417059E-011, -1.012110E-010, 2.150400E+004 1.570926E+074 2.150400E+004, Sat Aug 15 18:16:03 2015
1.80, 0.00, 1.06, 0.00 , 5.459840E-007, -5.416950E-007, 2.601529E-011, -1.197550E-010, 2.150400E+004 1.570926E+074 2.150400E+004, Sat Aug 15 18:16:06 2015
1.80, 0.00, 1.08, 0.00 , 7.117414E-007, -7.166730E-007, 2.567988E-011, -1.421740E-010, 2.150400E+004 1.570926E+074 2.150400E+004, Sat Aug 15 18:16:10 2015
1.80, 0.00, 1.10, 0.00 , 9.379746E-007, -9.384320E-007, 2.651841E-011, -1.664060E-010, 2.150400E+004 1.570926E+074 2.150400E+004, Sat Aug 15 18:16:13 2015
1.80, 0.00, 1.12, 0.00 , 1.204335E-006, -1.204340E-006, 2.727304E-011, -1.922720E-010, 2.150400E+004 1.570926E+074 2.150400E+004, Sat Aug 15 18:16:16 2015
1.80, 0.00, 1.14, 0.00 , 1.525540E-006, -1.525950E-006, 3.004007E-011, -2.181890E-010, 2.150400E+004 1.570926E+074 2.150400E+004, Sat Aug 15 18:16:20 2015
1.80, 0.00, 1.16, 0.00 , 1.882494E-006, -1.878670E-006, 3.251362E-011, -2.411490E-010, 2.150400E+004 1.570926E+074 2.150400E+004, Sat Aug 15 18:16:23 2015
1.80, 0.00, 1.18, 0.00 , 2.309825E-006, -2.311310E-006, 3.263943E-011, -2.682890E-010, 2.150400E+004 1.570926E+074 2.150400E+004, Sat Aug 15 18:16:26 2015
1.80, 0.00, 1.20, 0.00 , 2.806830E-006, -2.806930E-006, 3.511291E-011, -2.939620E-010, 2.150400E+004 1.570926E+074 2.150400E+004, Sat Aug 15 18:16:29 2015
1.80, 0.00, 1.22, 0.00 , 3.378289E-006, -3.374160E-006, 3.876041E-011, -3.187340E-010, 2.150400E+004 1.570926E+074 2.150400E+004, Sat Aug 15 18:16:33 2015
1.80, 0.00, 1.24, 0.00 , 3.995308E-006, -3.994280E-006, 3.741878E-011, -3.404950E-010, 2.150400E+004 1.570926E+074 2.150400E+004, Sat Aug 15 18:16:36 2015
1.80, 0.00, 1.26, 0.00 , 4.708172E-006, -4.691360E-006, 3.976653E-011, -3.607200E-010, 2.150400E+004 1.570926E+074 2.150400E+004, Sat Aug 15 18:16:39 2015
1.80, 0.00, 1.28, 0.00 , 5.461797E-006, -5.480350E-006, 4.165315E-011, -3.784310E-010, 2.150400E+004 1.570926E+074 2.150400E+004, Sat Aug 15 18:16:42 2015
1.80, 0.00, 1.30, 0.00 , 6.317480E-006, -6.306680E-006, 4.228203E-011, -3.947550E-010, 2.150400E+004 1.570926E+074 2.150400E+004, Sat Aug 15 18:16:46 2015
1.80, 0.00, 1.32, 0.00 , 7.241830E-006, -7.233610E-006, 4.446207E-011, -4.051770E-010, 2.150400E+004 1.570926E+074 2.150400E+004, Sat Aug 15 18:16:49 2015
1.80, 0.00, 1.34, 0.00 , 8.198640E-006, -8.228110E-006, 4.425253E-011, -4.196780E-010, 2.150400E+004 1.570926E+074 2.150400E+004, Sat Aug 15 18:16:52 2015
1.80, 0.00, 1.36, 0.00 , 9.281377E-006, -9.251650E-006, 4.660027E-011, -4.238150E-010, 2.150400E+004 1.570926E+074 2.150400E+004, Sat Aug 15 18:16:55 2015
1.80, 0.00, 1.38, 0.00 , 1.033399E-005, -1.033030E-005, 4.777416E-011, -4.293370E-010, 2.150400E+004 1.570926E+074 2.150400E+004, Sat Aug 15 18:16:59 2015
1.80, 0.00, 1.40, 0.00 , 1.151847E-005, -1.151300E-005, 4.676799E-011, -4.330780E-010, 2.150400E+004 1.570926E+074 2.150400E+004, Sat Aug 15 18:17:02 2015
1.80, 0.00, 1.42, 0.00 , 1.276892E-005, -1.277140E-005, 4.907379E-011, -4.320830E-010, 2.150400E+004 1.570926E+074 2.150400E+004, Sat Aug 15 18:17:05 2015
1.80, 0.00, 1.44, 0.00 , 1.409402E-005, -1.411330E-005, 4.970266E-011, -4.318040E-010, 2.150400E+004 1.570926E+074 2.150400E+004, Sat Aug 15 18:17:09 2015
1.80, 0.00, 1.46, 0.00 , 1.546035E-005, -1.547690E-005, 5.318245E-011, -4.267120E-010, 2.150400E+004 1.570926E+074 2.150400E+004, Sat Aug 15 18:17:12 2015
1.80, 0.00, 1.48, 0.00 , 1.697862E-005, -1.693130E-005, 5.460785E-011, -4.184920E-010, 2.150400E+004 1.570926E+074 2.150400E+004, Sat Aug 15 18:17:15 2015
1.80, 0.00, 1.50, 0.00 , 1.839594E-005, -1.839570E-005, 5.607514E-011, -4.096700E-010, 2.150400E+004 1.570926E+074 2.150400E+004, Sat Aug 15 18:17:18 2015
1.80, 0.00, 1.52, 0.00 , 1.999539E-005, -2.000980E-005, 5.846495E-011, -4.044640E-010, 2.150400E+004 1.570926E+074 2.150400E+004, Sat Aug 15 18:17:22 2015
1.80, 0.00, 1.54, 0.00 , 2.166536E-005, -2.169260E-005, 6.215429E-011, -3.946490E-010, 2.150400E+004 1.570926E+074 2.150400E+004, Sat Aug 15 18:17:25 2015
1.80, 0.00, 1.56, 0.00 , 2.338294E-005, -2.338520E-005, 6.420862E-011, -3.807880E-010, 2.150400E+004 1.570926E+074 2.150400E+004, Sat Aug 15 18:17:28 2015
1.80, 0.00, 1.58, 0.00 , 2.499310E-005, -2.501630E-005, 6.299287E-011, -3.672570E-010, 2.150400E+004 1.570926E+074 2.150400E+004, Sat Aug 15 18:17:31 2015
1.80, 0.00, 1.60, 0.00 , 2.690668E-005, -2.692970E-005, 6.584368E-011, -3.580550E-010, 2.150400E+004 1.570926E+074 2.150400E+004, Sat Aug 15 18:17:35 2015
1.80, 0.00, 1.62, 0.00 , 2.876667E-005, -2.880000E-005, 6.831724E-011, -3.407560E-010, 2.150400E+004 1.570926E+074 2.150400E+004, Sat Aug 15 18:17:38 2015
1.80, 0.00, 1.64, 0.00 , 3.072797E-005, -3.070430E-005, 6.949118E-011, -3.263180E-010, 2.150400E+004 1.570926E+074 2.150400E+004, Sat Aug 15 18:17:41 2015
1.80, 0.00, 1.66, 0.00 , 3.261394E-005, -3.256640E-005, 7.028764E-011, -3.128360E-010, 2.150400E+004 1.570926E+074 2.150400E+004, Sat Aug 15 18:17:44 2015
1.80, 0.00, 1.68, 0.00 , 3.446787E-005, -3.450740E-005, 7.255165E-011, -3.004840E-010, 2.150400E+004 1.570926E+074 2.150400E+004, Sat Aug 15 18:17:48 2015
1.80, 0.00, 1.70, 0.00 , 3.649299E-005, -3.649820E-005, 7.435434E-011, -2.854490E-010, 2.150400E+004 1.570926E+074 2.150400E+004, Sat Aug 15 18:17:51 2015
1.80, 0.00, 1.72, 0.00 , 3.855237E-005, -3.854530E-005, 7.686980E-011, -2.690460E-010, 2.150400E+004 1.570926E+074 2.150400E+004, Sat Aug 15 18:17:54 2015
1.80, 0.00, 1.74, 0.00 , 4.062126E-005, -4.058160E-005, 7.909184E-011, -2.575230E-010, 2.150400E+004 1.570926E+074 2.150400E+004, Sat Aug 15 18:17:57 2015
1.80, 0.00, 1.76, 0.00 , 4.280518E-005, -4.276290E-005, 8.018189E-011, -2.436470E-010, 2.150400E+004 1.570926E+074 2.150400E+004, Sat Aug 15 18:18:01 2015
1.80, 0.00, 1.78, 0.00 , 4.501690E-005, -4.494930E-005, 8.055919E-011, -2.281970E-010, 2.150400E+004 1.570926E+074 2.150400E+004, Sat Aug 15 18:18:04 2015
1.80, 0.00, 1.80, 0.00 , 4.728768E-005, -4.723560E-005, 8.252970E-011, -2.184900E-010, 2.150400E+004 1.570926E+074 2.150400E+004, Sat Aug 15 18:18:07 2015
1.80, 0.00, 1.82, 0.00 , 4.944802E-005, -4.947210E-005, 8.441620E-011, -2.061290E-010, 2.150400E+004 1.570926E+074 2.150400E+004, Sat Aug 15 18:18:10 2015
1.80, 0.00, 1.84, 0.00 , 5.167595E-005, -5.174210E-005, 8.772830E-011, -1.936860E-010, 2.150400E+004 1.570926E+074 2.150400E+004, Sat Aug 15 18:18:14 2015
1.80, 0.00, 1.86, 0.00 , 5.388641E-005, -5.393750E-005, 8.911185E-011, -1.818960E-010, 2.150400E+004 1.570926E+074 2.150400E+004, Sat Aug 15 18:18:17 2015
1.80, 0.00, 1.88, 0.00 , 5.616845E-005, -5.620770E-005, 9.112418E-011, -1.729030E-010, 2.150400E+004 1.570926E+074 2.150400E+004, Sat Aug 15 18:18:20 2015
1.80, 0.00, 1.90, 0.00 , 5.861485E-005, -5.862640E-005, 9.334621E-011, -1.622720E-010, 2.150400E+004 1.570926E+074 2.150400E+004, Sat Aug 15 18:18:23 2015
1.80, 0.00, 1.92, 0.00 , 6.086905E-005, -6.096360E-005, 9.393314E-011, -1.531360E-010, 2.150400E+004 1.570926E+074 2.150400E+004, Sat Aug 15 18:18:27 2015
1.80, 0.00, 1.94, 0.00 , 6.347364E-005, -6.334480E-005, 9.632276E-011, -1.411910E-010, 2.150400E+004 1.570926E+074 2.150400E+004, Sat Aug 15 18:18:30 2015
1.80, 0.00, 1.96, 0.00 , 6.577363E-005, -6.568190E-005, 9.636476E-011, -1.324140E-010, 2.150400E+004 1.570926E+074 2.150400E+004, Sat Aug 15 18:18:33 2015
1.80, 0.00, 1.98, 0.00 , 6.835988E-005, -6.826110E-005, 9.967685E-011, -1.243320E-010, 2.150400E+004 1.570926E+074 2.150400E+004, Sat Aug 15 18:18:36 2015
1.80, 0.00, 2.00, 0.00 , 7.093311E-005, -7.092580E-005, 1.024019E-010, -1.157510E-010, 2.150400E+004 1.570926E+074 2.150400E+004, Sat Aug 15 18:18:40 2015
