0.00, 0.00, 1.20, 0.00 , 7.961813E-010, -1.180790E-009, 9.145958E-011, 7.148030E-012, 2.150400E+004 1.570926E+074 2.150400E+004, Sun Aug 16 17:17:37 2015
0.05, 0.00, 1.20, 0.00 , 6.181300E-007, -6.174560E-007, 7.842100E-011, 3.703620E-012, 2.150400E+004 1.570926E+074 2.150400E+004, Sun Aug 16 17:17:40 2015
0.10, 0.00, 1.20, 0.00 , 1.003357E-006, -1.000830E-006, 7.246772E-011, 1.965750E-012, 2.150400E+004 1.570926E+074 2.150400E+004, Sun Aug 16 17:17:44 2015
0.15, 0.00, 1.20, 0.00 , 1.238845E-006, -1.239640E-006, 6.848491E-011, 6.960150E-013, 2.150400E+004 1.570926E+074 2.150400E+004, Sun Aug 16 17:17:48 2015
0.20, 0.00, 1.20, 0.00 , 1.388170E-006, -1.390260E-006, 6.538251E-011, -1.819850E-013, 2.150400E+004 1.570926E+074 2.150400E+004, Sun Aug 16 17:17:51 2015
0.25, 0.00, 1.20, 0.00 , 1.498540E-006, -1.499740E-006, 6.701754E-011, -7.979510E-013, 2.150400E+004 1.570926E+074 2.150400E+004, Sun Aug 16 17:17:55 2015
0.30, 0.00, 1.20, 0.00 , 1.580216E-006, -1.587620E-006, 6.370553E-011, -1.605510E-012, 2.150400E+004 1.570926E+074 2.150400E+004, Sun Aug 16 17:17:58 2015
0.35, 0.00, 1.20, 0.00 , 1.650306E-006, -1.648630E-006, 6.198658E-011, -2.143350E-012, 2.150400E+004 1.570926E+074 2.150400E+004, Sun Aug 16 17:18:02 2015
0.40, 0.00, 1.20, 0.00 , 1.703793E-006, -1.705390E-006, 6.039347E-011, -2.740840E-012, 2.150400E+004 1.570926E+074 2.150400E+004, Sun Aug 16 17:18:05 2015
0.45, 0.00, 1.20, 0.00 , 1.760189E-006, -1.761900E-006, 6.085468E-011, -3.303180E-012, 2.150400E+004 1.570926E+074 2.150400E+004, Sun Aug 16 17:18:09 2015
0.50, 0.00, 1.20, 0.00 , 1.804952E-006, -1.808300E-006, 5.825525E-011, -3.860210E-012, 2.150400E+004 1.570926E+074 2.150400E+004, Sun Aug 16 17:18:12 2015
0.55, 0.00, 1.20, 0.00 , 1.871561E-006, -1.873030E-006, 5.800377E-011, -4.542220E-012, 2.150400E+004 1.570926E+074 2.150400E+004, Sun Aug 16 17:18:16 2015
0.60, 0.00, 1.20, 0.00 , 1.895647E-006, -1.896770E-006, 5.913569E-011, -5.169930E-012, 2.150400E+004 1.570926E+074 2.150400E+004, Sun Aug 16 17:18:20 2015
0.65, 0.00, 1.20, 0.00 , 1.950044E-006, -1.947630E-006, 5.620096E-011, -6.016640E-012, 2.150400E+004 1.570926E+074 2.150400E+004, Sun Aug 16 17:18:23 2015
0.70, 0.00, 1.20, 0.00 , 1.987560E-006, -1.988850E-006, 5.859069E-011, -6.596540E-012, 2.150400E+004 1.570926E+074 2.150400E+004, Sun Aug 16 17:18:27 2015
0.75, 0.00, 1.20, 0.00 , 2.021359E-006, -2.017570E-006, 5.880032E-011, -6.926290E-012, 2.150400E+004 1.570926E+074 2.150400E+004, Sun Aug 16 17:18:30 2015
0.80, 0.00, 1.20, 0.00 , 2.062402E-006, -2.064020E-006, 5.754251E-011, -7.494440E-012, 2.150400E+004 1.570926E+074 2.150400E+004, Sun Aug 16 17:18:34 2015
0.85, 0.00, 1.20, 0.00 , 2.071710E-006, -2.069970E-006, 5.431433E-011, -7.887700E-012, 2.150400E+004 1.570926E+074 2.150400E+004, Sun Aug 16 17:18:37 2015
0.90, 0.00, 1.20, 0.00 , 2.108842E-006, -2.109460E-006, 5.477548E-011, -8.914950E-012, 2.150400E+004 1.570926E+074 2.150400E+004, Sun Aug 16 17:18:41 2015
0.95, 0.00, 1.20, 0.00 , 2.150793E-006, -2.144350E-006, 5.674602E-011, -8.773710E-012, 2.150400E+004 1.570926E+074 2.150400E+004, Sun Aug 16 17:18:44 2015
1.00, 0.00, 1.20, 0.00 , 2.177921E-006, -2.176210E-006, 5.464977E-011, -1.019490E-011, 2.150400E+004 1.570926E+074 2.150400E+004, Sun Aug 16 17:18:48 2015
1.05, 0.00, 1.20, 0.00 , 2.189342E-006, -2.183070E-006, 5.506904E-011, -1.078000E-011, 2.150400E+004 1.570926E+074 2.150400E+004, Sun Aug 16 17:18:52 2015
1.10, 0.00, 1.20, 0.00 , 2.236105E-006, -2.235100E-006, 5.376934E-011, -1.121210E-011, 2.150400E+004 1.570926E+074 2.150400E+004, Sun Aug 16 17:18:55 2015
1.15, 0.00, 1.20, 0.00 , 2.272485E-006, -2.272810E-006, 5.670407E-011, -1.231880E-011, 2.150400E+004 1.570926E+074 2.150400E+004, Sun Aug 16 17:18:59 2015
1.20, 0.00, 1.20, 0.00 , 2.299762E-006, -2.299820E-006, 5.783603E-011, -1.293900E-011, 2.150400E+004 1.570926E+074 2.150400E+004, Sun Aug 16 17:19:02 2015
1.25, 0.00, 1.20, 0.00 , 2.337452E-006, -2.343730E-006, 5.561401E-011, -1.372170E-011, 2.150400E+004 1.570926E+074 2.150400E+004, Sun Aug 16 17:19:06 2015
1.30, 0.00, 1.20, 0.00 , 2.391236E-006, -2.387390E-006, 5.590751E-011, -1.530920E-011, 2.150400E+004 1.570926E+074 2.150400E+004, Sun Aug 16 17:19:09 2015
1.35, 0.00, 1.20, 0.00 , 2.428396E-006, -2.426520E-006, 5.611710E-011, -1.723340E-011, 2.150400E+004 1.570926E+074 2.150400E+004, Sun Aug 16 17:19:13 2015
1.40, 0.00, 1.20, 0.00 , 2.466040E-006, -2.466130E-006, 5.473366E-011, -2.053510E-011, 2.150400E+004 1.570926E+074 2.150400E+004, Sun Aug 16 17:19:16 2015
1.45, 0.00, 1.20, 0.00 , 2.511562E-006, -2.517110E-006, 5.603326E-011, -2.485250E-011, 2.150400E+004 1.570926E+074 2.150400E+004, Sun Aug 16 17:19:20 2015
1.50, 0.00, 1.20, 0.00 , 2.558607E-006, -2.562510E-006, 5.469173E-011, -3.336300E-011, 2.150400E+004 1.570926E+074 2.150400E+004, Sun Aug 16 17:19:23 2015
1.55, 0.00, 1.20, 0.00 , 2.576577E-006, -2.580630E-006, 5.464977E-011, -4.649350E-011, 2.150400E+004 1.570926E+074 2.150400E+004, Sun Aug 16 17:19:27 2015
1.60, 0.00, 1.20, 0.00 , 2.618697E-006, -2.627690E-006, 5.318247E-011, -6.723130E-011, 2.150400E+004 1.570926E+074 2.150400E+004, Sun Aug 16 17:19:31 2015
1.65, 0.00, 1.20, 0.00 , 2.677858E-006, -2.674470E-006, 5.402095E-011, -9.744140E-011, 2.150400E+004 1.570926E+074 2.150400E+004, Sun Aug 16 17:19:34 2015
1.70, 0.00, 1.20, 0.00 , 2.720241E-006, -2.723220E-006, 5.423056E-011, -1.418260E-010, 2.150400E+004 1.570926E+074 2.150400E+004, Sun Aug 16 17:19:39 2015
1.75, 0.00, 1.20, 0.00 , 2.765094E-006, -2.769610E-006, 5.385328E-011, -2.053980E-010, 2.150400E+004 1.570926E+074 2.150400E+004, Sun Aug 16 17:19:42 2015
1.80, 0.00, 1.20, 0.00 , 2.818938E-006, -2.817380E-006, 5.729110E-011, -2.946060E-010, 2.150400E+004 1.570926E+074 2.150400E+004, Sun Aug 16 17:19:46 2015
1.85, 0.00, 1.20, 0.00 , 2.862530E-006, -2.860840E-006, 5.490135E-011, -4.116220E-010, 2.150400E+004 1.570926E+074 2.150400E+004, Sun Aug 16 17:19:49 2015
1.90, 0.00, 1.20, 0.00 , 2.918660E-006, -2.915610E-006, 5.427249E-011, -5.692700E-010, 2.150400E+004 1.570926E+074 2.150400E+004, Sun Aug 16 17:19:52 2015
1.95, 0.00, 1.20, 0.00 , 2.961461E-006, -2.958940E-006, 5.594947E-011, -7.753720E-010, 2.150400E+004 1.570926E+074 2.150400E+004, Sun Aug 16 17:19:55 2015
2.00, 0.00, 1.20, 0.00 , 3.024595E-006, -3.016440E-006, 5.330823E-011, -1.029530E-009, 2.150400E+004 1.570926E+074 2.150400E+004, Sun Aug 16 17:20:00 2015
