0.00, 0.00, 0.00, 0.00 , -2.777590E-011, -8.512780E-011, -2.710365E-011, 1.361070E-012, 2.150400E+004 1.570926E+074 2.150400E+004, Tue Aug 11 19:19:37 2015
0.05, 0.00, 0.00, 0.00 , -2.397792E-011, -9.095950E-011, -3.532181E-011, 1.149300E-012, 2.150400E+004 1.570926E+074 2.150400E+004, Tue Aug 11 19:19:46 2015
0.10, 0.00, 0.00, 0.00 , -6.929256E-012, -9.016240E-011, -3.142239E-011, 6.839630E-013, 2.150400E+004 1.570926E+074 2.150400E+004, Tue Aug 11 19:19:50 2015
0.15, 0.00, 0.00, 0.00 , -4.861473E-012, -8.960890E-011, -3.058379E-011, 5.027410E-013, 2.150400E+004 1.570926E+074 2.150400E+004, Tue Aug 11 19:19:54 2015
0.20, 0.00, 0.00, 0.00 , 2.101461E-012, -9.071230E-011, -3.448323E-011, 2.488260E-013, 2.150400E+004 1.570926E+074 2.150400E+004, Tue Aug 11 19:19:57 2015
0.25, 0.00, 0.00, 0.00 , 7.249401E-012, -9.002780E-011, -3.360271E-011, 1.064540E-014, 2.150400E+004 1.570926E+074 2.150400E+004, Tue Aug 11 19:20:01 2015
0.30, 0.00, 0.00, 0.00 , 6.194496E-012, -9.441100E-011, -3.309956E-011, -1.700880E-013, 2.150400E+004 1.570926E+074 2.150400E+004, Tue Aug 11 19:20:06 2015
0.35, 0.00, 0.00, 0.00 , 8.093328E-012, -9.191010E-011, -3.393814E-011, -3.225680E-013, 2.150400E+004 1.570926E+074 2.150400E+004, Tue Aug 11 19:20:12 2015
0.40, 0.00, 0.00, 0.00 , 8.051127E-012, -9.440900E-011, -3.406393E-011, -4.114630E-013, 2.150400E+004 1.570926E+074 2.150400E+004, Tue Aug 11 19:20:17 2015
0.45, 0.00, 0.00, 0.00 , 9.359216E-012, -9.369070E-011, -3.347692E-011, -5.184770E-013, 2.150400E+004 1.570926E+074 2.150400E+004, Tue Aug 11 19:20:24 2015
0.50, 0.00, 0.00, 0.00 , 1.007655E-011, -9.572910E-011, -3.473479E-011, -6.684540E-013, 2.150400E+004 1.570926E+074 2.150400E+004, Tue Aug 11 19:20:34 2015
0.55, 0.00, 0.00, 0.00 , 9.570194E-012, -9.534620E-011, -3.276412E-011, -8.567210E-013, 2.150400E+004 1.570926E+074 2.150400E+004, Tue Aug 11 19:20:43 2015
0.60, 0.00, 0.00, 0.00 , 9.823374E-012, -9.368100E-011, -3.410586E-011, -9.983060E-013, 2.150400E+004 1.570926E+074 2.150400E+004, Tue Aug 11 19:20:56 2015
0.65, 0.00, 0.00, 0.00 , 1.243953E-011, -8.936590E-011, -3.402200E-011, -1.021050E-012, 2.150400E+004 1.570926E+074 2.150400E+004, Tue Aug 11 19:21:14 2015
0.70, 0.00, 0.00, 0.00 , 1.353664E-011, -8.951150E-011, -3.532181E-011, -1.219680E-012, 2.150400E+004 1.570926E+074 2.150400E+004, Tue Aug 11 19:21:24 2015
0.75, 0.00, 0.00, 0.00 , 1.205977E-011, -8.826640E-011, -3.356078E-011, -1.413390E-012, 2.150400E+004 1.570926E+074 2.150400E+004, Tue Aug 11 19:21:46 2015
0.80, 0.00, 0.00, 0.00 , 1.476033E-011, -8.577290E-011, -3.356077E-011, -1.629900E-012, 2.150400E+004 1.570926E+074 2.150400E+004, Tue Aug 11 19:21:56 2015
0.85, 0.00, 0.00, 0.00 , 2.007705E-011, -8.529830E-011, -3.448322E-011, -1.844470E-012, 2.150400E+004 1.570926E+074 2.150400E+004, Tue Aug 11 19:22:03 2015
0.90, 0.00, 0.00, 0.00 , 1.644818E-011, -8.190340E-011, -3.343498E-011, -1.834090E-012, 2.150400E+004 1.570926E+074 2.150400E+004, Tue Aug 11 19:22:21 2015
0.95, 0.00, 0.00, 0.00 , 1.594182E-011, -8.234330E-011, -3.507023E-011, -2.100040E-012, 2.150400E+004 1.570926E+074 2.150400E+004, Tue Aug 11 19:22:33 2015
1.00, 0.00, 0.00, 0.00 , 2.319958E-011, -8.224910E-011, -3.385429E-011, -2.409290E-012, 2.150400E+004 1.570926E+074 2.150400E+004, Tue Aug 11 19:22:39 2015
1.05, 0.00, 0.00, 0.00 , 2.374811E-011, -7.954390E-011, -3.381235E-011, -2.392520E-012, 2.150400E+004 1.570926E+074 2.150400E+004, Tue Aug 11 19:22:47 2015
1.10, 0.00, 0.00, 0.00 , 2.822092E-011, -7.850280E-011, -3.251254E-011, -2.705970E-012, 2.150400E+004 1.570926E+074 2.150400E+004, Tue Aug 11 19:22:53 2015
1.15, 0.00, 0.00, 0.00 , 2.142734E-011, -7.226840E-011, -3.406393E-011, -2.607070E-012, 2.150400E+004 1.570926E+074 2.150400E+004, Tue Aug 11 19:23:14 2015
1.20, 0.00, 0.00, 0.00 , 1.872678E-011, -6.686790E-011, -3.226097E-011, -2.753980E-012, 2.150400E+004 1.570926E+074 2.150400E+004, Tue Aug 11 19:23:34 2015
1.25, 0.00, 0.00, 0.00 , 2.079440E-011, -6.350560E-011, -3.423165E-011, -3.003480E-012, 2.150400E+004 1.570926E+074 2.150400E+004, Tue Aug 11 19:23:45 2015
1.30, 0.00, 0.00, 0.00 , 1.598403E-011, -5.759860E-011, -3.561532E-011, -3.103610E-012, 2.150400E+004 1.570926E+074 2.150400E+004, Tue Aug 11 19:24:26 2015
1.35, 0.00, 0.00, 0.00 , 1.446495E-011, -3.726020E-011, -3.268026E-011, -3.342380E-012, 2.150400E+004 1.570926E+074 2.150400E+004, Tue Aug 11 19:24:49 2015
1.40, 0.00, 0.00, 0.00 , 1.868459E-011, -3.480410E-011, -3.301570E-011, -3.410640E-012, 2.150400E+004 1.570926E+074 2.150400E+004, Tue Aug 11 19:25:11 2015
1.45, 0.00, 0.00, 0.00 , 2.374812E-011, -3.281150E-011, -3.381235E-011, -3.468680E-012, 2.150400E+004 1.570926E+074 2.150400E+004, Tue Aug 11 19:25:55 2015
1.50, 0.00, 0.00, 0.00 , 3.041513E-011, -3.109250E-011, -3.427357E-011, -3.584380E-012, 2.150400E+004 1.570926E+074 2.150400E+004, Tue Aug 11 19:26:06 2015
1.55, 0.00, 0.00, 0.00 , 3.286252E-011, -3.310430E-011, -3.372851E-011, -3.819820E-012, 2.150400E+004 1.570926E+074 2.150400E+004, Tue Aug 11 19:26:19 2015
1.60, 0.00, 0.00, 0.00 , 3.784168E-011, -3.274900E-011, -3.163203E-011, -3.952320E-012, 2.150400E+004 1.570926E+074 2.150400E+004, Tue Aug 11 19:26:28 2015
1.65, 0.00, 0.00, 0.00 , 3.995151E-011, -3.438200E-011, -3.360272E-011, -4.106810E-012, 2.150400E+004 1.570926E+074 2.150400E+004, Tue Aug 11 19:26:39 2015
1.70, 0.00, 0.00, 0.00 , 4.396015E-011, -3.596790E-011, -3.486060E-011, -4.232170E-012, 2.150400E+004 1.570926E+074 2.150400E+004, Tue Aug 11 19:26:48 2015
1.75, 0.00, 0.00, 0.00 , 4.881269E-011, -3.652570E-011, -3.335113E-011, -4.454620E-012, 2.150400E+004 1.570926E+074 2.150400E+004, Tue Aug 11 19:26:58 2015
1.80, 0.00, 0.00, 0.00 , 5.400283E-011, -3.693490E-011, -3.364465E-011, -4.431800E-012, 2.150400E+004 1.570926E+074 2.150400E+004, Tue Aug 11 19:27:11 2015
1.85, 0.00, 0.00, 0.00 , 5.856004E-011, -3.792690E-011, -3.398007E-011, -4.642890E-012, 2.150400E+004 1.570926E+074 2.150400E+004, Tue Aug 11 19:27:20 2015
1.90, 0.00, 0.00, 0.00 , 6.480511E-011, -3.945130E-011, -3.318342E-011, -4.889750E-012, 2.150400E+004 1.570926E+074 2.150400E+004, Tue Aug 11 19:27:26 2015
1.95, 0.00, 0.00, 0.00 , 6.910910E-011, -4.005470E-011, -3.364464E-011, -4.933180E-012, 2.150400E+004 1.570926E+074 2.150400E+004, Tue Aug 11 19:27:34 2015
2.00, 0.00, 0.00, 0.00 , 6.894030E-011, -4.212340E-011, -3.414779E-011, -5.187170E-012, 2.150400E+004 1.570926E+074 2.150400E+004, Tue Aug 11 19:27:42 2015
