0.05, 0.00, 0.00, 0.00 , -3.034967E-011, -1.724510E-010, -3.603442E-011, 1.872540E-013, 2.150400E+004 1.570926E+074 2.150400E+004, Sat Aug 15 17:45:48 2015
0.05, 0.00, 0.02, 0.00 , -3.127805E-011, -1.741540E-010, -3.527970E-011, 2.487300E-013, 2.150400E+004 1.570926E+074 2.150400E+004, Sat Aug 15 17:45:54 2015
0.05, 0.00, 0.04, 0.00 , -3.136245E-011, -1.750590E-010, -3.226083E-011, 1.498460E-014, 2.150400E+004 1.570926E+074 2.150400E+004, Sat Aug 15 17:45:59 2015
0.05, 0.00, 0.06, 0.00 , -3.258624E-011, -1.762060E-010, -2.794217E-011, 8.009670E-014, 2.150400E+004 1.570926E+074 2.150400E+004, Sat Aug 15 17:46:04 2015
0.05, 0.00, 0.08, 0.00 , -3.182663E-011, -1.776330E-010, -2.961931E-011, -1.479390E-014, 2.150400E+004 1.570926E+074 2.150400E+004, Sat Aug 15 17:46:18 2015
0.05, 0.00, 0.10, 0.00 , -3.279719E-011, -1.779000E-010, -2.840339E-011, 2.230760E-013, 2.150400E+004 1.570926E+074 2.150400E+004, Sat Aug 15 17:46:27 2015
0.05, 0.00, 0.12, 0.00 , -3.199544E-011, -1.796500E-010, -2.458786E-011, 3.046990E-014, 2.150400E+004 1.570926E+074 2.150400E+004, Sat Aug 15 17:46:32 2015
0.05, 0.00, 0.14, 0.00 , -3.250182E-011, -1.809810E-010, -2.114990E-011, 7.067920E-014, 2.150400E+004 1.570926E+074 2.150400E+004, Sat Aug 15 17:46:37 2015
0.05, 0.00, 0.16, 0.00 , -3.397875E-011, -1.811750E-010, -2.152722E-011, 2.573730E-014, 2.150400E+004 1.570926E+074 2.150400E+004, Sat Aug 15 17:46:43 2015
0.05, 0.00, 0.18, 0.00 , -3.267061E-011, -1.829800E-010, -2.039525E-011, -7.656810E-014, 2.150400E+004 1.570926E+074 2.150400E+004, Sat Aug 15 17:46:53 2015
0.05, 0.00, 0.20, 0.00 , -3.288163E-011, -1.838160E-010, -1.980831E-011, 5.066390E-014, 2.150400E+004 1.570926E+074 2.150400E+004, Sat Aug 15 17:47:08 2015
0.05, 0.00, 0.22, 0.00 , -3.254403E-011, -1.861760E-010, -1.951484E-011, 8.890630E-014, 2.150400E+004 1.570926E+074 2.150400E+004, Sat Aug 15 17:47:29 2015
0.05, 0.00, 0.24, 0.00 , -3.267060E-011, -1.867720E-010, -1.507083E-011, -9.137390E-014, 2.150400E+004 1.570926E+074 2.150400E+004, Sat Aug 15 17:47:33 2015
0.05, 0.00, 0.26, 0.00 , -3.233305E-011, -1.885080E-010, -1.305845E-011, -3.302100E-015, 2.150400E+004 1.570926E+074 2.150400E+004, Sat Aug 15 17:47:37 2015
0.05, 0.00, 0.28, 0.00 , -3.254402E-011, -1.878450E-010, -1.117183E-011, -5.810260E-014, 2.150400E+004 1.570926E+074 2.150400E+004, Sat Aug 15 17:47:45 2015
0.05, 0.00, 0.30, 0.00 , -3.216424E-011, -1.895220E-010, -8.153259E-012, 3.426080E-014, 2.150400E+004 1.570926E+074 2.150400E+004, Sat Aug 15 17:47:51 2015
0.05, 0.00, 0.32, 0.00 , -3.288165E-011, -1.892500E-010, -5.512014E-012, 1.183630E-013, 2.150400E+004 1.570926E+074 2.150400E+004, Sat Aug 15 17:47:55 2015
0.05, 0.00, 0.34, 0.00 , -3.330359E-011, -1.910320E-010, -6.057037E-012, 1.174450E-013, 2.150400E+004 1.570926E+074 2.150400E+004, Sat Aug 15 17:48:04 2015
0.05, 0.00, 0.36, 0.00 , -3.309261E-011, -1.915010E-010, -6.098974E-012, 2.017500E-013, 2.150400E+004 1.570926E+074 2.150400E+004, Sat Aug 15 17:48:14 2015
0.05, 0.00, 0.38, 0.00 , -3.376781E-011, -1.928890E-010, -3.918891E-012, 1.481060E-013, 2.150400E+004 1.570926E+074 2.150400E+004, Sat Aug 15 17:48:21 2015
0.05, 0.00, 0.40, 0.00 , -3.347240E-011, -1.944630E-010, -1.696879E-012, 2.938990E-013, 2.150400E+004 1.570926E+074 2.150400E+004, Sat Aug 15 17:48:28 2015
0.05, 0.00, 0.42, 0.00 , -3.233303E-011, -1.966340E-010, -1.456717E-013, 3.718260E-013, 2.150400E+004 1.570926E+074 2.150400E+004, Sat Aug 15 17:48:36 2015
0.05, 0.00, 0.44, 0.00 , -3.305040E-011, -1.963840E-010, 3.166373E-012, 1.301530E-013, 2.150400E+004 1.570926E+074 2.150400E+004, Sat Aug 15 17:48:41 2015
0.05, 0.00, 0.46, 0.00 , -3.267058E-011, -1.981890E-010, 6.813831E-012, 1.934770E-014, 2.150400E+004 1.570926E+074 2.150400E+004, Sat Aug 15 17:48:45 2015
0.05, 0.00, 0.48, 0.00 , -3.347239E-011, -1.982430E-010, 6.101081E-012, 2.706650E-013, 2.150400E+004 1.570926E+074 2.150400E+004, Sat Aug 15 17:48:55 2015
0.05, 0.00, 0.50, 0.00 , -3.220639E-011, -1.988290E-010, 9.203527E-012, 2.253410E-013, 2.150400E+004 1.570926E+074 2.150400E+004, Sat Aug 15 17:48:59 2015
0.05, 0.00, 0.52, 0.00 , -3.241743E-011, -1.996260E-010, 1.012584E-011, 1.816630E-013, 2.150400E+004 1.570926E+074 2.150400E+004, Sat Aug 15 17:49:06 2015
0.05, 0.00, 0.54, 0.00 , -3.279722E-011, -2.004110E-010, 1.184475E-011, 9.766820E-014, 2.150400E+004 1.570926E+074 2.150400E+004, Sat Aug 15 17:49:12 2015
0.05, 0.00, 0.56, 0.00 , -3.195324E-011, -2.017000E-010, 1.352175E-011, 1.992110E-013, 2.150400E+004 1.570926E+074 2.150400E+004, Sat Aug 15 17:49:17 2015
0.05, 0.00, 0.58, 0.00 , -3.148904E-011, -2.045380E-010, 1.607914E-011, 7.917880E-014, 2.150400E+004 1.570926E+074 2.150400E+004, Sat Aug 15 17:49:24 2015
0.05, 0.00, 0.60, 0.00 , -2.950564E-011, -2.066240E-010, 1.708534E-011, -3.814220E-013, 2.150400E+004 1.570926E+074 2.150400E+004, Sat Aug 15 17:49:28 2015
0.05, 0.00, 0.62, 0.00 , -2.705813E-011, -2.079640E-010, 1.846881E-011, -5.567070E-015, 2.150400E+004 1.570926E+074 2.150400E+004, Sat Aug 15 17:49:35 2015
0.05, 0.00, 0.64, 0.00 , -2.342901E-011, -2.090980E-010, 1.721108E-011, 7.357600E-014, 2.150400E+004 1.570926E+074 2.150400E+004, Sat Aug 15 17:49:54 2015
0.05, 0.00, 0.66, 0.00 , -1.663494E-011, -2.137710E-010, 1.897194E-011, 3.073220E-014, 2.150400E+004 1.570926E+074 2.150400E+004, Sat Aug 15 17:50:01 2015
0.05, 0.00, 0.68, 0.00 , -5.578769E-012, -2.236570E-010, 2.618300E-011, 1.662970E-014, 2.150400E+004 1.570926E+074 2.150400E+004, Sat Aug 15 17:50:05 2015
0.05, 0.00, 0.70, 0.00 , 9.865462E-012, -2.390200E-010, 2.479945E-011, -9.102820E-014, 2.150400E+004 1.570926E+074 2.150400E+004, Sat Aug 15 17:50:10 2015
0.05, 0.00, 0.72, 0.00 , 3.733483E-011, -2.626460E-010, 2.375135E-011, -1.994610E-013, 2.150400E+004 1.570926E+074 2.150400E+004, Sat Aug 15 17:50:21 2015
0.05, 0.00, 0.74, 0.00 , 8.358130E-011, -3.082650E-010, 2.769222E-011, -2.980230E-014, 2.150400E+004 1.570926E+074 2.150400E+004, Sat Aug 15 17:50:26 2015
0.05, 0.00, 0.76, 0.00 , 1.592801E-010, -3.813990E-010, 2.936926E-011, -2.503750E-013, 2.150400E+004 1.570926E+074 2.150400E+004, Sat Aug 15 17:50:32 2015
0.05, 0.00, 0.78, 0.00 , 2.894964E-010, -5.070890E-010, 3.062696E-011, -9.396080E-014, 2.150400E+004 1.570926E+074 2.150400E+004, Sat Aug 15 17:50:37 2015
0.05, 0.00, 0.80, 0.00 , 4.973521E-010, -7.266460E-010, 3.360361E-011, -1.529930E-013, 2.150400E+004 1.570926E+074 2.150400E+004, Sat Aug 15 17:50:41 2015
0.05, 0.00, 0.82, 0.00 , 8.497280E-010, -1.065340E-009, 3.511292E-011, -1.925470E-013, 2.150400E+004 1.570926E+074 2.150400E+004, Sat Aug 15 17:50:47 2015
0.05, 0.00, 0.84, 0.00 , 1.425361E-009, -1.635490E-009, 3.901188E-011, -1.888870E-013, 2.150400E+004 1.570926E+074 2.150400E+004, Sat Aug 15 17:50:51 2015
0.05, 0.00, 0.86, 0.00 , 2.344888E-009, -2.547350E-009, 4.035347E-011, -4.192350E-013, 2.150400E+004 1.570926E+074 2.150400E+004, Sat Aug 15 17:50:54 2015
0.05, 0.00, 0.88, 0.00 , 3.814269E-009, -3.977150E-009, 3.876036E-011, -6.502870E-014, 2.150400E+004 1.570926E+074 2.150400E+004, Sat Aug 15 17:51:00 2015
0.05, 0.00, 0.90, 0.00 , 6.107054E-009, -6.346760E-009, 4.433631E-011, -1.097800E-013, 2.150400E+004 1.570926E+074 2.150400E+004, Sat Aug 15 17:51:04 2015
0.05, 0.00, 0.92, 0.00 , 9.646589E-009, -9.836640E-009, 4.634867E-011, -4.344820E-013, 2.150400E+004 1.570926E+074 2.150400E+004, Sat Aug 15 17:51:08 2015
0.05, 0.00, 0.94, 0.00 , 1.492408E-008, -1.522110E-008, 4.609715E-011, -3.528480E-013, 2.150400E+004 1.570926E+074 2.150400E+004, Sat Aug 15 17:51:11 2015
0.05, 0.00, 0.96, 0.00 , 2.276379E-008, -2.288250E-008, 4.924145E-011, -1.033660E-013, 2.150400E+004 1.570926E+074 2.150400E+004, Sat Aug 15 17:51:15 2015
0.05, 0.00, 0.98, 0.00 , 3.374354E-008, -3.346720E-008, 5.049929E-011, -5.073190E-013, 2.150400E+004 1.570926E+074 2.150400E+004, Sat Aug 15 17:51:18 2015
0.05, 0.00, 1.00, 0.00 , 4.887906E-008, -4.924040E-008, 5.389508E-011, -2.694490E-013, 2.150400E+004 1.570926E+074 2.150400E+004, Sat Aug 15 17:51:22 2015
0.05, 0.00, 1.02, 0.00 , 6.742969E-008, -6.792570E-008, 5.586554E-011, -1.703500E-013, 2.150400E+004 1.570926E+074 2.150400E+004, Sat Aug 15 17:51:26 2015
0.05, 0.00, 1.04, 0.00 , 9.285705E-008, -9.369350E-008, 5.817149E-011, -4.128580E-013, 2.150400E+004 1.570926E+074 2.150400E+004, Sat Aug 15 17:51:29 2015
0.05, 0.00, 1.06, 0.00 , 1.264101E-007, -1.259570E-007, 5.808756E-011, -4.367830E-013, 2.150400E+004 1.570926E+074 2.150400E+004, Sat Aug 15 17:51:33 2015
0.05, 0.00, 1.08, 0.00 , 1.658211E-007, -1.668630E-007, 6.248963E-011, -7.129310E-013, 2.150400E+004 1.570926E+074 2.150400E+004, Sat Aug 15 17:51:36 2015
0.05, 0.00, 1.10, 0.00 , 2.152923E-007, -2.159840E-007, 6.219619E-011, -5.155210E-013, 2.150400E+004 1.570926E+074 2.150400E+004, Sat Aug 15 17:51:40 2015
0.05, 0.00, 1.12, 0.00 , 2.773251E-007, -2.763620E-007, 6.487937E-011, -3.565550E-013, 2.150400E+004 1.570926E+074 2.150400E+004, Sat Aug 15 17:51:43 2015
0.05, 0.00, 1.14, 0.00 , 3.462979E-007, -3.456190E-007, 6.517281E-011, -4.243730E-013, 2.150400E+004 1.570926E+074 2.150400E+004, Sat Aug 15 17:51:47 2015
0.05, 0.00, 1.16, 0.00 , 4.248556E-007, -4.242980E-007, 6.919760E-011, -3.235820E-013, 2.150400E+004 1.570926E+074 2.150400E+004, Sat Aug 15 17:51:50 2015
0.05, 0.00, 1.18, 0.00 , 5.139206E-007, -5.131370E-007, 6.995227E-011, -4.878880E-013, 2.150400E+004 1.570926E+074 2.150400E+004, Sat Aug 15 17:51:54 2015
0.05, 0.00, 1.20, 0.00 , 6.124978E-007, -6.145570E-007, 7.112607E-011, -4.387500E-013, 2.150400E+004 1.570926E+074 2.150400E+004, Sat Aug 15 17:51:58 2015
0.05, 0.00, 1.22, 0.00 , 7.186543E-007, -7.206460E-007, 7.376737E-011, -4.510400E-013, 2.150400E+004 1.570926E+074 2.150400E+004, Sat Aug 15 17:52:01 2015
0.05, 0.00, 1.24, 0.00 , 8.409934E-007, -8.403080E-007, 7.473158E-011, -5.985980E-013, 2.150400E+004 1.570926E+074 2.150400E+004, Sat Aug 15 17:52:05 2015
0.05, 0.00, 1.26, 0.00 , 9.678150E-007, -9.678470E-007, 7.607320E-011, -4.664900E-013, 2.150400E+004 1.570926E+074 2.150400E+004, Sat Aug 15 17:52:08 2015
0.05, 0.00, 1.28, 0.00 , 1.097833E-006, -1.101680E-006, 7.871448E-011, -2.837660E-013, 2.150400E+004 1.570926E+074 2.150400E+004, Sat Aug 15 17:52:12 2015
0.05, 0.00, 1.30, 0.00 , 1.233650E-006, -1.231510E-006, 8.060104E-011, -5.856990E-013, 2.150400E+004 1.570926E+074 2.150400E+004, Sat Aug 15 17:52:15 2015
0.05, 0.00, 1.32, 0.00 , 1.375473E-006, -1.375590E-006, 8.361973E-011, -4.985690E-013, 2.150400E+004 1.570926E+074 2.150400E+004, Sat Aug 15 17:52:19 2015
0.05, 0.00, 1.34, 0.00 , 1.520465E-006, -1.520150E-006, 8.508699E-011, -3.084180E-013, 2.150400E+004 1.570926E+074 2.150400E+004, Sat Aug 15 17:52:23 2015
0.05, 0.00, 1.36, 0.00 , 1.667868E-006, -1.669990E-006, 8.605128E-011, -4.406810E-013, 2.150400E+004 1.570926E+074 2.150400E+004, Sat Aug 15 17:52:26 2015
0.05, 0.00, 1.38, 0.00 , 1.818190E-006, -1.818030E-006, 8.584168E-011, -6.520870E-013, 2.150400E+004 1.570926E+074 2.150400E+004, Sat Aug 15 17:52:30 2015
0.05, 0.00, 1.40, 0.00 , 1.986037E-006, -1.984090E-006, 8.957295E-011, -4.617210E-013, 2.150400E+004 1.570926E+074 2.150400E+004, Sat Aug 15 17:52:33 2015
0.05, 0.00, 1.42, 0.00 , 2.146499E-006, -2.144950E-006, 8.999218E-011, -4.806400E-013, 2.150400E+004 1.570926E+074 2.150400E+004, Sat Aug 15 17:52:37 2015
0.05, 0.00, 1.44, 0.00 , 2.314687E-006, -2.317540E-006, 9.024367E-011, -5.347970E-013, 2.150400E+004 1.570926E+074 2.150400E+004, Sat Aug 15 17:52:40 2015
0.05, 0.00, 1.46, 0.00 , 2.475797E-006, -2.474140E-006, 9.259152E-011, -4.830840E-013, 2.150400E+004 1.570926E+074 2.150400E+004, Sat Aug 15 17:52:44 2015
0.05, 0.00, 1.48, 0.00 , 2.639697E-006, -2.633980E-006, 9.527466E-011, -8.288260E-013, 2.150400E+004 1.570926E+074 2.150400E+004, Sat Aug 15 17:52:47 2015
0.05, 0.00, 1.50, 0.00 , 2.804255E-006, -2.805720E-006, 9.540045E-011, -4.256250E-013, 2.150400E+004 1.570926E+074 2.150400E+004, Sat Aug 15 17:52:51 2015
0.05, 0.00, 1.52, 0.00 , 2.980992E-006, -2.979650E-006, 9.799983E-011, -3.177170E-013, 2.150400E+004 1.570926E+074 2.150400E+004, Sat Aug 15 17:52:55 2015
0.05, 0.00, 1.54, 0.00 , 3.128258E-006, -3.128810E-006, 1.013118E-010, -3.607510E-013, 2.150400E+004 1.570926E+074 2.150400E+004, Sat Aug 15 17:52:58 2015
0.05, 0.00, 1.56, 0.00 , 3.295364E-006, -3.297810E-006, 1.045820E-010, -5.342360E-013, 2.150400E+004 1.570926E+074 2.150400E+004, Sat Aug 15 17:53:02 2015
0.05, 0.00, 1.58, 0.00 , 3.452441E-006, -3.458690E-006, 1.038273E-010, -5.299570E-013, 2.150400E+004 1.570926E+074 2.150400E+004, Sat Aug 15 17:53:05 2015
0.05, 0.00, 1.60, 0.00 , 3.624343E-006, -3.619150E-006, 1.054623E-010, -6.201270E-013, 2.150400E+004 1.570926E+074 2.150400E+004, Sat Aug 15 17:53:09 2015
0.05, 0.00, 1.62, 0.00 , 3.783304E-006, -3.775150E-006, 1.083551E-010, -6.706000E-013, 2.150400E+004 1.570926E+074 2.150400E+004, Sat Aug 15 17:53:12 2015
0.05, 0.00, 1.64, 0.00 , 3.942000E-006, -3.940220E-006, 1.120025E-010, -4.962440E-013, 2.150400E+004 1.570926E+074 2.150400E+004, Sat Aug 15 17:53:16 2015
0.05, 0.00, 1.66, 0.00 , 4.085107E-006, -4.087660E-006, 1.140569E-010, -5.387190E-013, 2.150400E+004 1.570926E+074 2.150400E+004, Sat Aug 15 17:53:19 2015
0.05, 0.00, 1.68, 0.00 , 4.258246E-006, -4.256500E-006, 1.134281E-010, -4.313230E-013, 2.150400E+004 1.570926E+074 2.150400E+004, Sat Aug 15 17:53:23 2015
0.05, 0.00, 1.70, 0.00 , 4.394964E-006, -4.390010E-006, 1.141827E-010, -5.270360E-013, 2.150400E+004 1.570926E+074 2.150400E+004, Sat Aug 15 17:53:27 2015
0.05, 0.00, 1.72, 0.00 , 4.541354E-006, -4.540920E-006, 1.130926E-010, -4.970430E-013, 2.150400E+004 1.570926E+074 2.150400E+004, Sat Aug 15 17:53:30 2015
0.05, 0.00, 1.74, 0.00 , 4.689661E-006, -4.687110E-006, 1.158178E-010, -5.847450E-013, 2.150400E+004 1.570926E+074 2.150400E+004, Sat Aug 15 17:53:34 2015
0.05, 0.00, 1.76, 0.00 , 4.847440E-006, -4.849110E-006, 1.199264E-010, -4.885440E-013, 2.150400E+004 1.570926E+074 2.150400E+004, Sat Aug 15 17:53:37 2015
0.05, 0.00, 1.78, 0.00 , 4.985906E-006, -4.977380E-006, 1.220646E-010, -6.895420E-013, 2.150400E+004 1.570926E+074 2.150400E+004, Sat Aug 15 17:53:41 2015
0.05, 0.00, 1.80, 0.00 , 5.129721E-006, -5.131160E-006, 1.239930E-010, -6.077290E-013, 2.150400E+004 1.570926E+074 2.150400E+004, Sat Aug 15 17:53:44 2015
0.05, 0.00, 1.82, 0.00 , 5.264744E-006, -5.262160E-006, 1.244123E-010, -8.196590E-013, 2.150400E+004 1.570926E+074 2.150400E+004, Sat Aug 15 17:53:48 2015
0.05, 0.00, 1.84, 0.00 , 5.411451E-006, -5.404620E-006, 1.280597E-010, -5.169990E-013, 2.150400E+004 1.570926E+074 2.150400E+004, Sat Aug 15 17:53:51 2015
0.05, 0.00, 1.86, 0.00 , 5.529667E-006, -5.538010E-006, 1.293174E-010, -5.652070E-013, 2.150400E+004 1.570926E+074 2.150400E+004, Sat Aug 15 17:53:55 2015
0.05, 0.00, 1.88, 0.00 , 5.669339E-006, -5.666190E-006, 1.309524E-010, -7.131460E-013, 2.150400E+004 1.570926E+074 2.150400E+004, Sat Aug 15 17:53:59 2015
0.05, 0.00, 1.90, 0.00 , 5.812521E-006, -5.818990E-006, 1.314137E-010, -6.491900E-013, 2.150400E+004 1.570926E+074 2.150400E+004, Sat Aug 15 17:54:02 2015
0.05, 0.00, 1.92, 0.00 , 5.942771E-006, -5.952700E-006, 1.321684E-010, -5.937220E-013, 2.150400E+004 1.570926E+074 2.150400E+004, Sat Aug 15 17:54:06 2015
0.05, 0.00, 1.94, 0.00 , 6.083094E-006, -6.076490E-006, 1.341388E-010, -5.819080E-013, 2.150400E+004 1.570926E+074 2.150400E+004, Sat Aug 15 17:54:09 2015
0.05, 0.00, 1.96, 0.00 , 6.206407E-006, -6.213040E-006, 1.342646E-010, -4.590630E-013, 2.150400E+004 1.570926E+074 2.150400E+004, Sat Aug 15 17:54:13 2015
0.05, 0.00, 1.98, 0.00 , 6.331428E-006, -6.332030E-006, 1.330488E-010, -6.875280E-013, 2.150400E+004 1.570926E+074 2.150400E+004, Sat Aug 15 17:54:16 2015
0.05, 0.00, 2.00, 0.00 , 6.457702E-006, -6.455450E-006, 1.327135E-010, -5.466820E-013, 2.150400E+004 1.570926E+074 2.150400E+004, Sat Aug 15 17:54:20 2015
