0.00, 0.00, 0.40, 0.00 , -3.275550E-011, 1.385210E-013, -3.041606E-011, -8.621220E-013, 2.150400E+004 1.570926E+074 2.150400E+004, Tue Aug 04 22:37:18 2015
0.05, 0.00, 0.40, 0.00 , -3.165830E-011, 5.781650E-014, -3.125464E-011, -8.834840E-013, 2.150400E+004 1.570926E+074 2.150400E+004, Tue Aug 04 22:37:27 2015
0.10, 0.00, 0.40, 0.00 , -3.140509E-011, 4.434590E-015, -3.242866E-011, -8.722310E-013, 2.150400E+004 1.570926E+074 2.150400E+004, Tue Aug 04 22:37:39 2015
0.15, 0.00, 0.40, 0.00 , -3.174267E-011, -2.948050E-014, -3.188359E-011, -9.042380E-013, 2.150400E+004 1.570926E+074 2.150400E+004, Tue Aug 04 22:37:47 2015
0.20, 0.00, 0.40, 0.00 , -3.186928E-011, -6.030800E-014, -3.263831E-011, -8.830550E-013, 2.150400E+004 1.570926E+074 2.150400E+004, Tue Aug 04 22:37:51 2015
0.25, 0.00, 0.40, 0.00 , -3.098307E-011, -9.477140E-014, -3.125464E-011, -8.683800E-013, 2.150400E+004 1.570926E+074 2.150400E+004, Tue Aug 04 22:37:57 2015
0.30, 0.00, 0.40, 0.00 , -3.030789E-011, -9.628530E-014, -3.150621E-011, -8.905290E-013, 2.150400E+004 1.570926E+074 2.150400E+004, Tue Aug 04 22:38:03 2015
0.35, 0.00, 0.40, 0.00 , -2.967492E-011, -1.201630E-013, -3.221902E-011, -8.928890E-013, 2.150400E+004 1.570926E+074 2.150400E+004, Tue Aug 04 22:38:11 2015
0.40, 0.00, 0.40, 0.00 , -3.102530E-011, -1.191260E-013, -3.288989E-011, -9.172800E-013, 2.150400E+004 1.570926E+074 2.150400E+004, Tue Aug 04 22:38:16 2015
0.45, 0.00, 0.40, 0.00 , -3.043451E-011, -1.509070E-013, -3.163201E-011, -1.440880E-012, 2.150400E+004 1.570926E+074 2.150400E+004, Tue Aug 04 22:38:31 2015
0.50, 0.00, 0.40, 0.00 , -2.997031E-011, -1.714230E-013, -3.360268E-011, -8.946300E-013, 2.150400E+004 1.570926E+074 2.150400E+004, Tue Aug 04 22:38:35 2015
0.55, 0.00, 0.40, 0.00 , -2.967491E-011, -2.102140E-013, -3.272217E-011, -8.880020E-013, 2.150400E+004 1.570926E+074 2.150400E+004, Tue Aug 04 22:38:40 2015
0.60, 0.00, 0.40, 0.00 , -3.001250E-011, -2.130750E-013, -3.297375E-011, -8.514050E-013, 2.150400E+004 1.570926E+074 2.150400E+004, Tue Aug 04 22:38:45 2015
0.65, 0.00, 0.40, 0.00 , -3.039231E-011, -9.415150E-014, -3.255445E-011, -9.491440E-014, 2.150400E+004 1.570926E+074 2.150400E+004, Tue Aug 04 22:38:50 2015
0.70, 0.00, 0.40, 0.00 , -2.980153E-011, -2.283450E-013, -3.305760E-011, -8.543610E-013, 2.150400E+004 1.570926E+074 2.150400E+004, Tue Aug 04 22:38:58 2015
0.75, 0.00, 0.40, 0.00 , -3.035010E-011, 1.585480E-015, -3.423162E-011, -9.018780E-013, 2.150400E+004 1.570926E+074 2.150400E+004, Tue Aug 04 22:39:02 2015
0.80, 0.00, 0.40, 0.00 , -2.997029E-011, -2.906560E-013, -3.427355E-011, -8.751630E-013, 2.150400E+004 1.570926E+074 2.150400E+004, Tue Aug 04 22:39:07 2015
0.85, 0.00, 0.40, 0.00 , -2.874652E-011, -3.109100E-013, -3.322532E-011, -8.602740E-013, 2.150400E+004 1.570926E+074 2.150400E+004, Tue Aug 04 22:39:15 2015
0.90, 0.00, 0.40, 0.00 , -2.954831E-011, 4.058720E-013, -3.284796E-011, -9.369970E-013, 2.150400E+004 1.570926E+074 2.150400E+004, Tue Aug 04 22:39:21 2015
0.95, 0.00, 0.40, 0.00 , -2.963272E-011, -3.319620E-013, -3.414777E-011, -8.338090E-013, 2.150400E+004 1.570926E+074 2.150400E+004, Tue Aug 04 22:39:28 2015
1.00, 0.00, 0.40, 0.00 , -2.899973E-011, -3.347990E-013, -3.439933E-011, -8.635280E-013, 2.150400E+004 1.570926E+074 2.150400E+004, Tue Aug 04 22:39:33 2015
1.05, 0.00, 0.40, 0.00 , -2.908411E-011, -3.652810E-013, -3.381234E-011, -8.592370E-013, 2.150400E+004 1.570926E+074 2.150400E+004, Tue Aug 04 22:39:42 2015
1.10, 0.00, 0.40, 0.00 , -2.883091E-011, -3.812790E-013, -3.414777E-011, -8.333210E-013, 2.150400E+004 1.570926E+074 2.150400E+004, Tue Aug 04 22:39:57 2015
1.15, 0.00, 0.40, 0.00 , -2.908412E-011, -4.238250E-013, -3.372847E-011, -8.386730E-013, 2.150400E+004 1.570926E+074 2.150400E+004, Tue Aug 04 22:40:02 2015
1.20, 0.00, 0.40, 0.00 , -2.861995E-011, -4.599330E-013, -3.502829E-011, -8.321170E-013, 2.150400E+004 1.570926E+074 2.150400E+004, Tue Aug 04 22:40:07 2015
1.25, 0.00, 0.40, 0.00 , -2.845113E-011, -4.197960E-013, -3.402198E-011, -8.195640E-013, 2.150400E+004 1.570926E+074 2.150400E+004, Tue Aug 04 22:40:12 2015
1.30, 0.00, 0.40, 0.00 , -2.807133E-011, -4.701970E-013, -3.456706E-011, -8.260970E-013, 2.150400E+004 1.570926E+074 2.150400E+004, Tue Aug 04 22:40:20 2015
1.35, 0.00, 0.40, 0.00 , -2.815572E-011, -4.986290E-013, -3.473478E-011, -8.365870E-013, 2.150400E+004 1.570926E+074 2.150400E+004, Tue Aug 04 22:40:26 2015
1.40, 0.00, 0.40, 0.00 , -2.756494E-011, -5.125520E-013, -3.561530E-011, -8.246060E-013, 2.150400E+004 1.570926E+074 2.150400E+004, Tue Aug 04 22:40:35 2015
1.45, 0.00, 0.40, 0.00 , -2.773375E-011, -5.311130E-013, -3.423162E-011, -8.103370E-013, 2.150400E+004 1.570926E+074 2.150400E+004, Tue Aug 04 22:40:41 2015
1.50, 0.00, 0.40, 0.00 , -2.731175E-011, -5.615470E-013, -3.301567E-011, -8.134480E-013, 2.150400E+004 1.570926E+074 2.150400E+004, Tue Aug 04 22:41:02 2015
1.55, 0.00, 0.40, 0.00 , -2.786036E-011, -5.819560E-013, -3.444128E-011, -7.949110E-013, 2.150400E+004 1.570926E+074 2.150400E+004, Tue Aug 04 22:41:11 2015
1.60, 0.00, 0.40, 0.00 , -2.752278E-011, -6.090880E-013, -3.431549E-011, -7.817030E-013, 2.150400E+004 1.570926E+074 2.150400E+004, Tue Aug 04 22:41:19 2015
1.65, 0.00, 0.40, 0.00 , -2.714295E-011, -6.307720E-013, -3.406393E-011, -7.809640E-013, 2.150400E+004 1.570926E+074 2.150400E+004, Tue Aug 04 22:41:28 2015
1.70, 0.00, 0.40, 0.00 , -2.722735E-011, -6.678220E-013, -3.377042E-011, -7.762790E-013, 2.150400E+004 1.570926E+074 2.150400E+004, Tue Aug 04 22:41:36 2015
1.75, 0.00, 0.40, 0.00 , -2.705855E-011, -6.694790E-013, -3.507022E-011, -8.021470E-013, 2.150400E+004 1.570926E+074 2.150400E+004, Tue Aug 04 22:41:41 2015
1.80, 0.00, 0.40, 0.00 , -2.688975E-011, -7.217050E-013, -3.343498E-011, -7.702470E-013, 2.150400E+004 1.570926E+074 2.150400E+004, Tue Aug 04 22:41:47 2015
1.85, 0.00, 0.40, 0.00 , -2.663657E-011, -7.327910E-013, -3.494444E-011, -7.667300E-013, 2.150400E+004 1.570926E+074 2.150400E+004, Tue Aug 04 22:41:52 2015
1.90, 0.00, 0.40, 0.00 , -2.722737E-011, -7.568600E-013, -3.435744E-011, -7.648830E-013, 2.150400E+004 1.570926E+074 2.150400E+004, Tue Aug 04 22:41:59 2015
1.95, 0.00, 0.40, 0.00 , -2.752275E-011, -4.274490E-013, -3.272219E-011, -7.032160E-013, 2.150400E+004 1.570926E+074 2.150400E+004, Tue Aug 04 22:42:07 2015
2.00, 0.00, 0.40, 0.00 , -2.591915E-011, -7.916090E-013, -3.402199E-011, -7.653000E-013, 2.150400E+004 1.570926E+074 2.150400E+004, Tue Aug 04 22:42:15 2015
