0.00, 0.00, 1.60, 0.00 , 8.534726E-009, -8.828380E-009, -3.008065E-011, -9.539490E-013, 2.150400E+004 1.570926E+074 2.150400E+004, Tue Aug 04 22:48:18 2015
0.05, 0.00, 1.60, 0.00 , 3.773410E-006, -3.775000E-006, -2.945170E-011, -1.001300E-012, 2.150400E+004 1.570926E+074 2.150400E+004, Tue Aug 04 22:48:22 2015
0.10, 0.00, 1.60, 0.00 , 7.122689E-006, -7.121630E-006, -2.961942E-011, -1.043730E-012, 2.150400E+004 1.570926E+074 2.150400E+004, Tue Aug 04 22:48:26 2015
0.15, 0.00, 1.60, 0.00 , 9.999675E-006, -9.982140E-006, -2.991293E-011, -1.032640E-012, 2.150400E+004 1.570926E+074 2.150400E+004, Tue Aug 04 22:48:29 2015
0.20, 0.00, 1.60, 0.00 , 1.243409E-005, -1.246000E-005, -3.075152E-011, -1.080600E-012, 2.150400E+004 1.570926E+074 2.150400E+004, Tue Aug 04 22:48:33 2015
0.25, 0.00, 1.60, 0.00 , 1.452706E-005, -1.454040E-005, -2.932591E-011, -1.086890E-012, 2.150400E+004 1.570926E+074 2.150400E+004, Tue Aug 04 22:48:36 2015
0.30, 0.00, 1.60, 0.00 , 1.627659E-005, -1.627450E-005, -2.987099E-011, -1.100420E-012, 2.150400E+004 1.570926E+074 2.150400E+004, Tue Aug 04 22:48:40 2015
0.35, 0.00, 1.60, 0.00 , 1.772276E-005, -1.769750E-005, -3.049994E-011, -1.106370E-012, 2.150400E+004 1.570926E+074 2.150400E+004, Tue Aug 04 22:48:43 2015
0.40, 0.00, 1.60, 0.00 , 1.876881E-005, -1.881740E-005, -3.016450E-011, -1.117540E-012, 2.150400E+004 1.570926E+074 2.150400E+004, Tue Aug 04 22:48:47 2015
0.45, 0.00, 1.60, 0.00 , 1.989024E-005, -1.987710E-005, -2.995486E-011, -1.150270E-012, 2.150400E+004 1.570926E+074 2.150400E+004, Tue Aug 04 22:48:51 2015
0.50, 0.00, 1.60, 0.00 , 2.052956E-005, -2.050960E-005, -2.945170E-011, -1.138250E-012, 2.150400E+004 1.570926E+074 2.150400E+004, Tue Aug 04 22:48:54 2015
0.55, 0.00, 1.60, 0.00 , 2.117007E-005, -2.120960E-005, -2.911627E-011, -1.182530E-012, 2.150400E+004 1.570926E+074 2.150400E+004, Tue Aug 04 22:48:58 2015
0.60, 0.00, 1.60, 0.00 , 2.178602E-005, -2.179420E-005, -3.058379E-011, -1.176680E-012, 2.150400E+004 1.570926E+074 2.150400E+004, Tue Aug 04 22:49:01 2015
0.65, 0.00, 1.60, 0.00 , 2.228398E-005, -2.230020E-005, -3.003871E-011, -1.196350E-012, 2.150400E+004 1.570926E+074 2.150400E+004, Tue Aug 04 22:49:05 2015
0.70, 0.00, 1.60, 0.00 , 2.268710E-005, -2.270240E-005, -3.003871E-011, -1.207480E-012, 2.150400E+004 1.570926E+074 2.150400E+004, Tue Aug 04 22:49:08 2015
0.75, 0.00, 1.60, 0.00 , 2.313517E-005, -2.310700E-005, -2.945170E-011, -1.213880E-012, 2.150400E+004 1.570926E+074 2.150400E+004, Tue Aug 04 22:49:12 2015
0.80, 0.00, 1.60, 0.00 , 2.346908E-005, -2.342170E-005, -2.907434E-011, -1.256990E-012, 2.150400E+004 1.570926E+074 2.150400E+004, Tue Aug 04 22:49:15 2015
0.85, 0.00, 1.60, 0.00 , 2.379146E-005, -2.381140E-005, -3.033222E-011, -1.255760E-012, 2.150400E+004 1.570926E+074 2.150400E+004, Tue Aug 04 22:49:19 2015
0.90, 0.00, 1.60, 0.00 , 2.415550E-005, -2.416160E-005, -3.054187E-011, -1.304960E-012, 2.150400E+004 1.570926E+074 2.150400E+004, Tue Aug 04 22:49:22 2015
0.95, 0.00, 1.60, 0.00 , 2.442411E-005, -2.445600E-005, -2.953556E-011, -1.286050E-012, 2.150400E+004 1.570926E+074 2.150400E+004, Tue Aug 04 22:49:26 2015
1.00, 0.00, 1.60, 0.00 , 2.484183E-005, -2.483980E-005, -2.970328E-011, -1.307150E-012, 2.150400E+004 1.570926E+074 2.150400E+004, Tue Aug 04 22:49:30 2015
1.05, 0.00, 1.60, 0.00 , 2.508492E-005, -2.510540E-005, -2.924205E-011, -1.318160E-012, 2.150400E+004 1.570926E+074 2.150400E+004, Tue Aug 04 22:49:33 2015
1.10, 0.00, 1.60, 0.00 , 2.536002E-005, -2.531640E-005, -3.146431E-011, -1.355920E-012, 2.150400E+004 1.570926E+074 2.150400E+004, Tue Aug 04 22:49:37 2015
1.15, 0.00, 1.60, 0.00 , 2.560362E-005, -2.558470E-005, -3.054186E-011, -1.386610E-012, 2.150400E+004 1.570926E+074 2.150400E+004, Tue Aug 04 22:49:40 2015
1.20, 0.00, 1.60, 0.00 , 2.594725E-005, -2.589150E-005, -3.037415E-011, -1.608060E-012, 2.150400E+004 1.570926E+074 2.150400E+004, Tue Aug 04 22:49:44 2015
1.25, 0.00, 1.60, 0.00 , 2.605301E-005, -2.600930E-005, -3.066765E-011, -1.568340E-012, 2.150400E+004 1.570926E+074 2.150400E+004, Tue Aug 04 22:49:47 2015
1.30, 0.00, 1.60, 0.00 , 2.627893E-005, -2.626740E-005, -3.020643E-011, -1.931760E-012, 2.150400E+004 1.570926E+074 2.150400E+004, Tue Aug 04 22:49:51 2015
1.35, 0.00, 1.60, 0.00 , 2.656893E-005, -2.656880E-005, -3.184168E-011, -2.555510E-012, 2.150400E+004 1.570926E+074 2.150400E+004, Tue Aug 04 22:49:54 2015
1.40, 0.00, 1.60, 0.00 , 2.668898E-005, -2.673630E-005, -3.012257E-011, -3.966710E-012, 2.150400E+004 1.570926E+074 2.150400E+004, Tue Aug 04 22:49:58 2015
1.45, 0.00, 1.60, 0.00 , 2.697405E-005, -2.700070E-005, -3.108695E-011, -6.857090E-012, 2.150400E+004 1.570926E+074 2.150400E+004, Tue Aug 04 22:50:01 2015
1.50, 0.00, 1.60, 0.00 , 2.734151E-005, -2.730660E-005, -3.029029E-011, -1.262840E-011, 2.150400E+004 1.570926E+074 2.150400E+004, Tue Aug 04 22:50:05 2015
1.55, 0.00, 1.60, 0.00 , 2.762033E-005, -2.765030E-005, -3.184168E-011, -2.341760E-011, 2.150400E+004 1.570926E+074 2.150400E+004, Tue Aug 04 22:50:09 2015
1.60, 0.00, 1.60, 0.00 , 2.806517E-005, -2.809830E-005, -3.091924E-011, -4.011420E-011, 2.150400E+004 1.570926E+074 2.150400E+004, Tue Aug 04 22:50:12 2015
1.65, 0.00, 1.60, 0.00 , 2.877548E-005, -2.874140E-005, -3.121274E-011, -3.664590E-011, 2.150400E+004 1.570926E+074 2.150400E+004, Tue Aug 04 22:50:16 2015
1.70, 0.00, 1.60, 0.00 , 2.919036E-005, -2.920570E-005, -3.075152E-011, -3.312730E-011, 2.150400E+004 1.570926E+074 2.150400E+004, Tue Aug 04 22:50:19 2015
1.75, 0.00, 1.60, 0.00 , 2.968885E-005, -2.969160E-005, -3.062573E-011, -3.133370E-011, 2.150400E+004 1.570926E+074 2.150400E+004, Tue Aug 04 22:50:23 2015
1.80, 0.00, 1.60, 0.00 , 3.004446E-005, -3.006800E-005, -3.129659E-011, -3.060170E-011, 2.150400E+004 1.570926E+074 2.150400E+004, Tue Aug 04 22:50:26 2015
1.85, 0.00, 1.60, 0.00 , 3.045077E-005, -3.043260E-005, -3.188361E-011, -2.963480E-011, 2.150400E+004 1.570926E+074 2.150400E+004, Tue Aug 04 22:50:30 2015
1.90, 0.00, 1.60, 0.00 , 3.097795E-005, -3.101540E-005, -3.188362E-011, -2.969410E-011, 2.150400E+004 1.570926E+074 2.150400E+004, Tue Aug 04 22:50:33 2015
1.95, 0.00, 1.60, 0.00 , 3.143565E-005, -3.143120E-005, -3.226098E-011, -2.894940E-011, 2.150400E+004 1.570926E+074 2.150400E+004, Tue Aug 04 22:50:37 2015
2.00, 0.00, 1.60, 0.00 , 3.187259E-005, -3.193030E-005, -3.188361E-011, -2.869040E-011, 2.150400E+004 1.570926E+074 2.150400E+004, Tue Aug 04 22:50:41 2015
