0.00, 0.00, 1.60, 0.00 , 6.470021E-009, -7.071690E-009, 2.890879E-011, 5.506220E-012, 2.150400E+004 1.570926E+074 2.150400E+004, Tue Aug 11 19:41:00 2015
0.05, 0.00, 1.60, 0.00 , 3.685770E-006, -3.690160E-006, 1.796633E-011, 2.901770E-012, 2.150400E+004 1.570926E+074 2.150400E+004, Tue Aug 11 19:41:04 2015
0.10, 0.00, 1.60, 0.00 , 6.939337E-006, -6.945180E-006, 1.373190E-011, 1.719470E-012, 2.150400E+004 1.570926E+074 2.150400E+004, Tue Aug 11 19:41:07 2015
0.15, 0.00, 1.60, 0.00 , 9.779505E-006, -9.784730E-006, 9.245903E-012, 1.058040E-012, 2.150400E+004 1.570926E+074 2.150400E+004, Tue Aug 11 19:41:11 2015
0.20, 0.00, 1.60, 0.00 , 1.222959E-005, -1.223790E-005, 8.533209E-012, 5.302190E-013, 2.150400E+004 1.570926E+074 2.150400E+004, Tue Aug 11 19:41:15 2015
0.25, 0.00, 1.60, 0.00 , 1.431584E-005, -1.432090E-005, 5.388804E-012, 2.274510E-013, 2.150400E+004 1.570926E+074 2.150400E+004, Tue Aug 11 19:41:18 2015
0.30, 0.00, 1.60, 0.00 , 1.601810E-005, -1.599980E-005, 5.346886E-012, -4.252200E-014, 2.150400E+004 1.570926E+074 2.150400E+004, Tue Aug 11 19:41:22 2015
0.35, 0.00, 1.60, 0.00 , 1.742916E-005, -1.736980E-005, 5.430725E-012, -2.735140E-013, 2.150400E+004 1.570926E+074 2.150400E+004, Tue Aug 11 19:41:25 2015
0.40, 0.00, 1.60, 0.00 , 1.858272E-005, -1.861940E-005, 6.101519E-012, -4.687070E-013, 2.150400E+004 1.570926E+074 2.150400E+004, Tue Aug 11 19:41:29 2015
0.45, 0.00, 1.60, 0.00 , 1.955236E-005, -1.951400E-005, 6.353078E-012, -6.157880E-013, 2.150400E+004 1.570926E+074 2.150400E+004, Tue Aug 11 19:41:32 2015
0.50, 0.00, 1.60, 0.00 , 2.027902E-005, -2.025500E-005, 4.214868E-012, -8.114810E-013, 2.150400E+004 1.570926E+074 2.150400E+004, Tue Aug 11 19:41:36 2015
0.55, 0.00, 1.60, 0.00 , 2.082586E-005, -2.082760E-005, 6.395010E-012, -9.677770E-013, 2.150400E+004 1.570926E+074 2.150400E+004, Tue Aug 11 19:41:39 2015
0.60, 0.00, 1.60, 0.00 , 2.134534E-005, -2.140740E-005, 6.017690E-012, -1.186540E-012, 2.150400E+004 1.570926E+074 2.150400E+004, Tue Aug 11 19:41:43 2015
0.65, 0.00, 1.60, 0.00 , 2.181520E-005, -2.180300E-005, 6.269204E-012, -1.356320E-012, 2.150400E+004 1.570926E+074 2.150400E+004, Tue Aug 11 19:41:47 2015
0.70, 0.00, 1.60, 0.00 , 2.222240E-005, -2.222450E-005, 5.430704E-012, -1.489530E-012, 2.150400E+004 1.570926E+074 2.150400E+004, Tue Aug 11 19:41:50 2015
0.75, 0.00, 1.60, 0.00 , 2.264307E-005, -2.261690E-005, 2.621719E-012, -1.662650E-012, 2.150400E+004 1.570926E+074 2.150400E+004, Tue Aug 11 19:41:54 2015
0.80, 0.00, 1.60, 0.00 , 2.294715E-005, -2.297020E-005, 4.382581E-012, -1.878140E-012, 2.150400E+004 1.570926E+074 2.150400E+004, Tue Aug 11 19:41:57 2015
0.85, 0.00, 1.60, 0.00 , 2.329252E-005, -2.322890E-005, 3.963340E-012, -1.985280E-012, 2.150400E+004 1.570926E+074 2.150400E+004, Tue Aug 11 19:42:01 2015
0.90, 0.00, 1.60, 0.00 , 2.360289E-005, -2.353170E-005, 2.286331E-012, -2.160890E-012, 2.150400E+004 1.570926E+074 2.150400E+004, Tue Aug 11 19:42:04 2015
0.95, 0.00, 1.60, 0.00 , 2.384167E-005, -2.383210E-005, 3.292526E-012, -2.282020E-012, 2.150400E+004 1.570926E+074 2.150400E+004, Tue Aug 11 19:42:08 2015
1.00, 0.00, 1.60, 0.00 , 2.408259E-005, -2.409240E-005, 2.999044E-012, -2.476790E-012, 2.150400E+004 1.570926E+074 2.150400E+004, Tue Aug 11 19:42:11 2015
1.05, 0.00, 1.60, 0.00 , 2.430294E-005, -2.425330E-005, 4.005274E-012, -2.645420E-012, 2.150400E+004 1.570926E+074 2.150400E+004, Tue Aug 11 19:42:15 2015
1.10, 0.00, 1.60, 0.00 , 2.454512E-005, -2.453370E-005, 3.795639E-012, -2.833620E-012, 2.150400E+004 1.570926E+074 2.150400E+004, Tue Aug 11 19:42:19 2015
1.15, 0.00, 1.60, 0.00 , 2.482822E-005, -2.480200E-005, 4.382604E-012, -3.042510E-012, 2.150400E+004 1.570926E+074 2.150400E+004, Tue Aug 11 19:42:22 2015
1.20, 0.00, 1.60, 0.00 , 2.495864E-005, -2.499860E-005, 4.466401E-012, -3.192400E-012, 2.150400E+004 1.570926E+074 2.150400E+004, Tue Aug 11 19:42:26 2015
1.25, 0.00, 1.60, 0.00 , 2.524097E-005, -2.525450E-005, 5.221136E-012, -3.498160E-012, 2.150400E+004 1.570926E+074 2.150400E+004, Tue Aug 11 19:42:29 2015
1.30, 0.00, 1.60, 0.00 , 2.537950E-005, -2.534670E-005, 5.137266E-012, -3.938500E-012, 2.150400E+004 1.570926E+074 2.150400E+004, Tue Aug 11 19:42:33 2015
1.35, 0.00, 1.60, 0.00 , 2.563369E-005, -2.560830E-005, 5.137229E-012, -4.583390E-012, 2.150400E+004 1.570926E+074 2.150400E+004, Tue Aug 11 19:42:36 2015
1.40, 0.00, 1.60, 0.00 , 2.588083E-005, -2.587240E-005, 5.011474E-012, -5.841550E-012, 2.150400E+004 1.570926E+074 2.150400E+004, Tue Aug 11 19:42:40 2015
1.45, 0.00, 1.60, 0.00 , 2.618415E-005, -2.622200E-005, 5.179157E-012, -8.520960E-012, 2.150400E+004 1.570926E+074 2.150400E+004, Tue Aug 11 19:42:43 2015
1.50, 0.00, 1.60, 0.00 , 2.625271E-005, -2.626940E-005, 3.544071E-012, -1.364110E-011, 2.150400E+004 1.570926E+074 2.150400E+004, Tue Aug 11 19:42:47 2015
1.55, 0.00, 1.60, 0.00 , 2.648599E-005, -2.650790E-005, 4.214894E-012, -2.325300E-011, 2.150400E+004 1.570926E+074 2.150400E+004, Tue Aug 11 19:42:50 2015
1.60, 0.00, 1.60, 0.00 , 2.673162E-005, -2.670720E-005, 5.263005E-012, -4.112480E-011, 2.150400E+004 1.570926E+074 2.150400E+004, Tue Aug 11 19:42:54 2015
1.65, 0.00, 1.60, 0.00 , 2.689401E-005, -2.697620E-005, 6.940049E-012, -7.153240E-011, 2.150400E+004 1.570926E+074 2.150400E+004, Tue Aug 11 19:42:58 2015
1.70, 0.00, 1.60, 0.00 , 2.713785E-005, -2.718910E-005, 5.556495E-012, -1.231120E-010, 2.150400E+004 1.570926E+074 2.150400E+004, Tue Aug 11 19:43:03 2015
1.75, 0.00, 1.60, 0.00 , 2.735722E-005, -2.742720E-005, 5.766158E-012, -2.095470E-010, 2.150400E+004 1.570926E+074 2.150400E+004, Tue Aug 11 19:43:06 2015
1.80, 0.00, 1.60, 0.00 , 2.767349E-005, -2.765110E-005, 6.646558E-012, -3.409520E-010, 2.150400E+004 1.570926E+074 2.150400E+004, Tue Aug 11 19:43:09 2015
1.85, 0.00, 1.60, 0.00 , 2.788051E-005, -2.789240E-005, 6.814257E-012, -5.437080E-010, 2.150400E+004 1.570926E+074 2.150400E+004, Tue Aug 11 19:43:12 2015
1.90, 0.00, 1.60, 0.00 , 2.814031E-005, -2.815440E-005, 5.514577E-012, -8.415300E-010, 2.150400E+004 1.570926E+074 2.150400E+004, Tue Aug 11 19:43:16 2015
1.95, 0.00, 1.60, 0.00 , 2.835442E-005, -2.835120E-005, 6.227342E-012, -1.263280E-009, 2.150400E+004 1.570926E+074 2.150400E+004, Tue Aug 11 19:43:19 2015
2.00, 0.00, 1.60, 0.00 , 2.864201E-005, -2.861300E-005, 5.849959E-012, -1.854310E-009, 2.150400E+004 1.570926E+074 2.150400E+004, Tue Aug 11 19:43:21 2015
