0.05, 0.00, 0.00, 0.00 , -3.208028E-011, 2.377270E-013, -2.714557E-011, -9.400610E-013, 2.150400E+004 1.570926E+074 2.150400E+004, Tue Aug 04 21:53:10 2015
0.05, 0.00, 0.01, 0.00 , -3.237567E-011, 2.220390E-013, -2.961940E-011, -9.567140E-013, 2.150400E+004 1.570926E+074 2.150400E+004, Tue Aug 04 21:53:20 2015
0.05, 0.00, 0.02, 0.00 , -3.182709E-011, 2.660990E-013, -3.033220E-011, -9.801980E-013, 2.150400E+004 1.570926E+074 2.150400E+004, Tue Aug 04 21:53:25 2015
0.05, 0.00, 0.03, 0.00 , -3.195367E-011, 2.280590E-013, -3.070956E-011, -9.968640E-013, 2.150400E+004 1.570926E+074 2.150400E+004, Tue Aug 04 21:53:36 2015
0.05, 0.00, 0.04, 0.00 , -3.275547E-011, 1.873490E-013, -2.974519E-011, -9.997010E-013, 2.150400E+004 1.570926E+074 2.150400E+004, Tue Aug 04 21:53:50 2015
0.05, 0.00, 0.05, 0.00 , -3.262888E-011, 1.781580E-013, -3.117079E-011, -1.037300E-012, 2.150400E+004 1.570926E+074 2.150400E+004, Tue Aug 04 21:54:04 2015
0.05, 0.00, 0.06, 0.00 , -3.170048E-011, 1.528740E-013, -3.083535E-011, -1.071100E-012, 2.150400E+004 1.570926E+074 2.150400E+004, Tue Aug 04 21:54:16 2015
0.05, 0.00, 0.07, 0.00 , -3.233346E-011, 1.458760E-013, -3.041606E-011, -1.070140E-012, 2.150400E+004 1.570926E+074 2.150400E+004, Tue Aug 04 21:54:26 2015
0.05, 0.00, 0.08, 0.00 , -3.262888E-011, 1.473670E-013, -3.024834E-011, -1.093420E-012, 2.150400E+004 1.570926E+074 2.150400E+004, Tue Aug 04 21:54:31 2015
0.05, 0.00, 0.09, 0.00 , -3.262887E-011, 1.430270E-013, -2.961940E-011, -1.086740E-012, 2.150400E+004 1.570926E+074 2.150400E+004, Tue Aug 04 21:54:42 2015
0.05, 0.00, 0.10, 0.00 , -3.258666E-011, 1.259570E-013, -2.999676E-011, -1.109930E-012, 2.150400E+004 1.570926E+074 2.150400E+004, Tue Aug 04 21:54:48 2015
0.05, 0.00, 0.11, 0.00 , -3.258667E-011, 1.158000E-013, -2.991290E-011, -1.115450E-012, 2.150400E+004 1.570926E+074 2.150400E+004, Tue Aug 04 21:54:59 2015
0.05, 0.00, 0.12, 0.00 , -3.275546E-011, 1.129390E-013, -3.003870E-011, -1.123890E-012, 2.150400E+004 1.570926E+074 2.150400E+004, Tue Aug 04 21:55:08 2015
0.05, 0.00, 0.13, 0.00 , -3.296648E-011, 1.132250E-013, -2.911625E-011, -1.157640E-012, 2.150400E+004 1.570926E+074 2.150400E+004, Tue Aug 04 21:55:14 2015
0.05, 0.00, 0.14, 0.00 , -3.313524E-011, 1.070020E-013, -2.974519E-011, -1.176600E-012, 2.150400E+004 1.570926E+074 2.150400E+004, Tue Aug 04 21:55:20 2015
0.05, 0.00, 0.15, 0.00 , -3.343068E-011, 7.463690E-014, -2.907432E-011, -1.207390E-012, 2.150400E+004 1.570926E+074 2.150400E+004, Tue Aug 04 21:55:25 2015
0.05, 0.00, 0.16, 0.00 , -3.338846E-011, 1.307610E-013, -2.878081E-011, -1.235380E-012, 2.150400E+004 1.570926E+074 2.150400E+004, Tue Aug 04 21:55:32 2015
0.05, 0.00, 0.17, 0.00 , -3.283989E-011, 9.233950E-014, -2.878081E-011, -1.279350E-012, 2.150400E+004 1.570926E+074 2.150400E+004, Tue Aug 04 21:55:38 2015
0.05, 0.00, 0.18, 0.00 , -3.389486E-011, 1.059170E-013, -2.903239E-011, -1.311500E-012, 2.150400E+004 1.570926E+074 2.150400E+004, Tue Aug 04 21:55:42 2015
0.05, 0.00, 0.19, 0.00 , -3.338845E-011, 1.042840E-013, -2.936783E-011, -1.286950E-012, 2.150400E+004 1.570926E+074 2.150400E+004, Tue Aug 04 21:55:49 2015
0.05, 0.00, 0.20, 0.00 , -3.431683E-011, 9.819270E-014, -2.957747E-011, -1.319670E-012, 2.150400E+004 1.570926E+074 2.150400E+004, Tue Aug 04 21:55:56 2015
0.05, 0.00, 0.21, 0.00 , -3.343064E-011, 8.853670E-014, -2.836152E-011, -1.366310E-012, 2.150400E+004 1.570926E+074 2.150400E+004, Tue Aug 04 21:56:02 2015
0.05, 0.00, 0.22, 0.00 , -3.452785E-011, 6.362200E-014, -2.848731E-011, -1.361840E-012, 2.150400E+004 1.570926E+074 2.150400E+004, Tue Aug 04 21:56:08 2015
0.05, 0.00, 0.23, 0.00 , -3.397923E-011, 7.097720E-014, -2.886467E-011, -1.348010E-012, 2.150400E+004 1.570926E+074 2.150400E+004, Tue Aug 04 21:56:14 2015
0.05, 0.00, 0.24, 0.00 , -3.507645E-011, 6.068940E-014, -2.810994E-011, -1.344450E-012, 2.150400E+004 1.570926E+074 2.150400E+004, Tue Aug 04 21:56:22 2015
0.05, 0.00, 0.25, 0.00 , -3.402145E-011, 6.775860E-014, -2.831959E-011, -1.365540E-012, 2.150400E+004 1.570926E+074 2.150400E+004, Tue Aug 04 21:56:26 2015
0.05, 0.00, 0.26, 0.00 , -3.461223E-011, 6.002190E-014, -2.764872E-011, -1.389940E-012, 2.150400E+004 1.570926E+074 2.150400E+004, Tue Aug 04 21:56:32 2015
0.05, 0.00, 0.27, 0.00 , -3.364164E-011, 4.675390E-014, -2.844538E-011, -1.385990E-012, 2.150400E+004 1.570926E+074 2.150400E+004, Tue Aug 04 21:56:40 2015
0.05, 0.00, 0.28, 0.00 , -3.435902E-011, 6.868840E-014, -2.722943E-011, -1.422550E-012, 2.150400E+004 1.570926E+074 2.150400E+004, Tue Aug 04 21:56:45 2015
0.05, 0.00, 0.29, 0.00 , -3.486540E-011, 3.689530E-014, -2.802608E-011, -1.433250E-012, 2.150400E+004 1.570926E+074 2.150400E+004, Tue Aug 04 21:56:56 2015
0.05, 0.00, 0.30, 0.00 , -3.338843E-011, 4.100800E-014, -2.777451E-011, -1.425090E-012, 2.150400E+004 1.570926E+074 2.150400E+004, Tue Aug 04 21:57:04 2015
0.05, 0.00, 0.31, 0.00 , -3.364164E-011, 3.697870E-014, -2.844538E-011, -1.429750E-012, 2.150400E+004 1.570926E+074 2.150400E+004, Tue Aug 04 21:57:09 2015
0.05, 0.00, 0.32, 0.00 , -3.457007E-011, 3.083940E-014, -2.710364E-011, -1.435430E-012, 2.150400E+004 1.570926E+074 2.150400E+004, Tue Aug 04 21:57:16 2015
0.05, 0.00, 0.33, 0.00 , -3.347285E-011, 4.066230E-014, -2.794222E-011, -1.441240E-012, 2.150400E+004 1.570926E+074 2.150400E+004, Tue Aug 04 21:57:22 2015
0.05, 0.00, 0.34, 0.00 , -3.414802E-011, 2.720360E-014, -2.710364E-011, -1.428880E-012, 2.150400E+004 1.570926E+074 2.150400E+004, Tue Aug 04 21:57:32 2015
0.05, 0.00, 0.35, 0.00 , -3.419024E-011, -3.170970E-015, -2.739715E-011, -1.451580E-012, 2.150400E+004 1.570926E+074 2.150400E+004, Tue Aug 04 21:57:38 2015
0.05, 0.00, 0.36, 0.00 , -3.385264E-011, -6.914140E-016, -2.718750E-011, -1.447550E-012, 2.150400E+004 1.570926E+074 2.150400E+004, Tue Aug 04 21:57:43 2015
0.05, 0.00, 0.37, 0.00 , -3.473882E-011, 2.847910E-014, -2.823573E-011, -1.428890E-012, 2.150400E+004 1.570926E+074 2.150400E+004, Tue Aug 04 21:57:49 2015
0.05, 0.00, 0.38, 0.00 , -3.507643E-011, -1.776220E-015, -2.718750E-011, -1.459480E-012, 2.150400E+004 1.570926E+074 2.150400E+004, Tue Aug 04 21:57:53 2015
0.05, 0.00, 0.39, 0.00 , -3.452786E-011, -3.139970E-014, -2.773258E-011, -1.474570E-012, 2.150400E+004 1.570926E+074 2.150400E+004, Tue Aug 04 21:58:00 2015
0.05, 0.00, 0.40, 0.00 , -3.372605E-011, -7.231240E-014, -2.798415E-011, -1.482270E-012, 2.150400E+004 1.570926E+074 2.150400E+004, Tue Aug 04 21:58:07 2015
0.05, 0.00, 0.41, 0.00 , -3.524522E-011, -6.077290E-014, -2.718750E-011, -1.497150E-012, 2.150400E+004 1.570926E+074 2.150400E+004, Tue Aug 04 21:58:12 2015
0.05, 0.00, 0.42, 0.00 , -3.402145E-011, -7.314680E-014, -2.936782E-011, -1.493320E-012, 2.150400E+004 1.570926E+074 2.150400E+004, Tue Aug 04 21:58:19 2015
0.05, 0.00, 0.43, 0.00 , -3.444344E-011, -1.141670E-013, -2.806801E-011, -1.484070E-012, 2.150400E+004 1.570926E+074 2.150400E+004, Tue Aug 04 21:58:26 2015
0.05, 0.00, 0.44, 0.00 , -3.423243E-011, -1.582150E-013, -2.865502E-011, -1.487980E-012, 2.150400E+004 1.570926E+074 2.150400E+004, Tue Aug 04 21:58:46 2015
0.05, 0.00, 0.45, 0.00 , -3.520301E-011, -1.721860E-013, -2.928396E-011, -1.482520E-012, 2.150400E+004 1.570926E+074 2.150400E+004, Tue Aug 04 21:58:52 2015
0.05, 0.00, 0.46, 0.00 , -3.516083E-011, -2.887370E-013, -2.806801E-011, -1.491430E-012, 2.150400E+004 1.570926E+074 2.150400E+004, Tue Aug 04 21:58:57 2015
0.05, 0.00, 0.47, 0.00 , -3.309304E-011, -3.599880E-013, -2.777451E-011, -1.469680E-012, 2.150400E+004 1.570926E+074 2.150400E+004, Tue Aug 04 21:59:07 2015
0.05, 0.00, 0.48, 0.00 , -3.393702E-011, -4.468440E-013, -2.827766E-011, -1.474020E-012, 2.150400E+004 1.570926E+074 2.150400E+004, Tue Aug 04 21:59:12 2015
0.05, 0.00, 0.49, 0.00 , -3.431684E-011, -5.968690E-013, -2.743907E-011, -1.483940E-012, 2.150400E+004 1.570926E+074 2.150400E+004, Tue Aug 04 21:59:16 2015
0.05, 0.00, 0.50, 0.00 , -3.389482E-011, -7.394910E-013, -2.781644E-011, -1.495120E-012, 2.150400E+004 1.570926E+074 2.150400E+004, Tue Aug 04 21:59:22 2015
0.05, 0.00, 0.51, 0.00 , -3.334623E-011, -9.414670E-013, -2.823573E-011, -1.502470E-012, 2.150400E+004 1.570926E+074 2.150400E+004, Tue Aug 04 21:59:27 2015
0.05, 0.00, 0.52, 0.00 , -3.385263E-011, -1.207200E-012, -2.827766E-011, -1.509730E-012, 2.150400E+004 1.570926E+074 2.150400E+004, Tue Aug 04 21:59:32 2015
0.05, 0.00, 0.53, 0.00 , -3.330404E-011, -1.570840E-012, -2.878081E-011, -1.497580E-012, 2.150400E+004 1.570926E+074 2.150400E+004, Tue Aug 04 21:59:37 2015
0.05, 0.00, 0.54, 0.00 , -3.288208E-011, -2.019790E-012, -2.869695E-011, -1.505770E-012, 2.150400E+004 1.570926E+074 2.150400E+004, Tue Aug 04 21:59:42 2015
0.05, 0.00, 0.55, 0.00 , -3.267103E-011, -2.528380E-012, -2.810994E-011, -1.485970E-012, 2.150400E+004 1.570926E+074 2.150400E+004, Tue Aug 04 21:59:50 2015
0.05, 0.00, 0.56, 0.00 , -3.140504E-011, -3.217450E-012, -2.785836E-011, -1.477650E-012, 2.150400E+004 1.570926E+074 2.150400E+004, Tue Aug 04 21:59:58 2015
0.05, 0.00, 0.57, 0.00 , -2.954826E-011, -4.117680E-012, -2.861309E-011, -1.479010E-012, 2.150400E+004 1.570926E+074 2.150400E+004, Tue Aug 04 22:00:07 2015
0.05, 0.00, 0.58, 0.00 , -2.959049E-011, -5.211460E-012, -2.756486E-011, -1.492190E-012, 2.150400E+004 1.570926E+074 2.150400E+004, Tue Aug 04 22:00:13 2015
0.05, 0.00, 0.59, 0.00 , -2.832449E-011, -6.666710E-012, -2.706171E-011, -1.508590E-012, 2.150400E+004 1.570926E+074 2.150400E+004, Tue Aug 04 22:00:22 2015
0.05, 0.00, 0.60, 0.00 , -2.558149E-011, -8.374090E-012, -2.706171E-011, -1.493990E-012, 2.150400E+004 1.570926E+074 2.150400E+004, Tue Aug 04 22:00:30 2015
0.05, 0.00, 0.61, 0.00 , -2.389353E-011, -1.047340E-011, -2.844538E-011, -1.518260E-012, 2.150400E+004 1.570926E+074 2.150400E+004, Tue Aug 04 22:00:49 2015
0.05, 0.00, 0.62, 0.00 , -2.047533E-011, -1.395020E-011, -2.769064E-011, -1.531460E-012, 2.150400E+004 1.570926E+074 2.150400E+004, Tue Aug 04 22:00:54 2015
0.05, 0.00, 0.63, 0.00 , -1.676177E-011, -1.803050E-011, -2.760679E-011, -1.537860E-012, 2.150400E+004 1.570926E+074 2.150400E+004, Tue Aug 04 22:01:01 2015
0.05, 0.00, 0.64, 0.00 , -1.169781E-011, -2.282440E-011, -2.718750E-011, -1.489700E-012, 2.150400E+004 1.570926E+074 2.150400E+004, Tue Aug 04 22:01:27 2015
0.05, 0.00, 0.65, 0.00 , -4.397273E-012, -2.880340E-011, -2.810994E-011, -1.492990E-012, 2.150400E+004 1.570926E+074 2.150400E+004, Tue Aug 04 22:01:30 2015
0.05, 0.00, 0.66, 0.00 , 2.903189E-012, -3.700550E-011, -2.852923E-011, -1.538170E-012, 2.150400E+004 1.570926E+074 2.150400E+004, Tue Aug 04 22:01:34 2015
0.05, 0.00, 0.67, 0.00 , 1.146902E-011, -4.674240E-011, -2.840344E-011, -1.540530E-012, 2.150400E+004 1.570926E+074 2.150400E+004, Tue Aug 04 22:01:49 2015
0.05, 0.00, 0.68, 0.00 , 2.239782E-011, -5.671690E-011, -2.660049E-011, -1.555790E-012, 2.150400E+004 1.570926E+074 2.150400E+004, Tue Aug 04 22:02:04 2015
0.05, 0.00, 0.69, 0.00 , 3.974049E-011, -7.420780E-011, -2.689399E-011, -1.575840E-012, 2.150400E+004 1.570926E+074 2.150400E+004, Tue Aug 04 22:02:10 2015
0.05, 0.00, 0.70, 0.00 , 6.007904E-011, -9.487110E-011, -2.827766E-011, -1.570180E-012, 2.150400E+004 1.570926E+074 2.150400E+004, Tue Aug 04 22:02:16 2015
0.05, 0.00, 0.71, 0.00 , 8.805509E-011, -1.224510E-010, -2.727136E-011, -1.603130E-012, 2.150400E+004 1.570926E+074 2.150400E+004, Tue Aug 04 22:02:23 2015
0.05, 0.00, 0.72, 0.00 , 1.197445E-010, -1.551450E-010, -2.773257E-011, -1.573920E-012, 2.150400E+004 1.570926E+074 2.150400E+004, Tue Aug 04 22:02:30 2015
0.05, 0.00, 0.73, 0.00 , 1.633753E-010, -1.995340E-010, -2.697785E-011, -1.602020E-012, 2.150400E+004 1.570926E+074 2.150400E+004, Tue Aug 04 22:02:39 2015
0.05, 0.00, 0.74, 0.00 , 2.249818E-010, -2.609770E-010, -2.681013E-011, -1.646360E-012, 2.150400E+004 1.570926E+074 2.150400E+004, Tue Aug 04 22:02:45 2015
0.05, 0.00, 0.75, 0.00 , 2.963355E-010, -3.349890E-010, -2.731328E-011, -1.627720E-012, 2.150400E+004 1.570926E+074 2.150400E+004, Tue Aug 04 22:02:50 2015
0.05, 0.00, 0.76, 0.00 , 3.924585E-010, -4.306960E-010, -2.580383E-011, -1.665900E-012, 2.150400E+004 1.570926E+074 2.150400E+004, Tue Aug 04 22:02:54 2015
0.05, 0.00, 0.77, 0.00 , 5.125910E-010, -5.500640E-010, -2.735521E-011, -1.666960E-012, 2.150400E+004 1.570926E+074 2.150400E+004, Tue Aug 04 22:03:00 2015
0.05, 0.00, 0.78, 0.00 , 6.595601E-010, -6.991870E-010, -2.689399E-011, -1.703660E-012, 2.150400E+004 1.570926E+074 2.150400E+004, Tue Aug 04 22:03:09 2015
0.05, 0.00, 0.79, 0.00 , 8.702029E-010, -9.254730E-010, -2.706171E-011, -1.714540E-012, 2.150400E+004 1.570926E+074 2.150400E+004, Tue Aug 04 22:03:14 2015
0.05, 0.00, 0.80, 0.00 , 1.136715E-009, -1.191210E-009, -2.664242E-011, -1.710400E-012, 2.150400E+004 1.570926E+074 2.150400E+004, Tue Aug 04 22:03:19 2015
0.05, 0.00, 0.81, 0.00 , 1.471541E-009, -1.517770E-009, -2.643277E-011, -1.735930E-012, 2.150400E+004 1.570926E+074 2.150400E+004, Tue Aug 04 22:03:22 2015
0.05, 0.00, 0.82, 0.00 , 1.943632E-009, -1.998470E-009, -2.584576E-011, -1.760460E-012, 2.150400E+004 1.570926E+074 2.150400E+004, Tue Aug 04 22:03:28 2015
0.05, 0.00, 0.83, 0.00 , 2.484799E-009, -2.470030E-009, -2.613927E-011, -1.778450E-012, 2.150400E+004 1.570926E+074 2.150400E+004, Tue Aug 04 22:03:33 2015
0.05, 0.00, 0.84, 0.00 , 3.140274E-009, -3.205410E-009, -2.655856E-011, -1.810160E-012, 2.150400E+004 1.570926E+074 2.150400E+004, Tue Aug 04 22:03:37 2015
0.05, 0.00, 0.85, 0.00 , 4.024243E-009, -4.026940E-009, -2.701978E-011, -1.803370E-012, 2.150400E+004 1.570926E+074 2.150400E+004, Tue Aug 04 22:03:40 2015
0.05, 0.00, 0.86, 0.00 , 5.140077E-009, -5.146540E-009, -2.605541E-011, -1.813650E-012, 2.150400E+004 1.570926E+074 2.150400E+004, Tue Aug 04 22:03:48 2015
0.05, 0.00, 0.87, 0.00 , 6.573020E-009, -6.468970E-009, -2.622312E-011, -1.841460E-012, 2.150400E+004 1.570926E+074 2.150400E+004, Tue Aug 04 22:03:52 2015
0.05, 0.00, 0.88, 0.00 , 8.446785E-009, -8.359410E-009, -2.588769E-011, -1.860730E-012, 2.150400E+004 1.570926E+074 2.150400E+004, Tue Aug 04 22:03:58 2015
0.05, 0.00, 0.89, 0.00 , 1.045962E-008, -1.067870E-008, -2.592962E-011, -1.872860E-012, 2.150400E+004 1.570926E+074 2.150400E+004, Tue Aug 04 22:04:01 2015
0.05, 0.00, 0.90, 0.00 , 1.336209E-008, -1.339540E-008, -2.488139E-011, -1.868500E-012, 2.150400E+004 1.570926E+074 2.150400E+004, Tue Aug 04 22:04:05 2015
0.05, 0.00, 0.91, 0.00 , 1.653929E-008, -1.648590E-008, -2.500718E-011, -1.920760E-012, 2.150400E+004 1.570926E+074 2.150400E+004, Tue Aug 04 22:04:09 2015
0.05, 0.00, 0.92, 0.00 , 2.058546E-008, -2.082840E-008, -2.521682E-011, -1.952710E-012, 2.150400E+004 1.570926E+074 2.150400E+004, Tue Aug 04 22:04:13 2015
0.05, 0.00, 0.93, 0.00 , 2.562228E-008, -2.577320E-008, -2.542646E-011, -1.942340E-012, 2.150400E+004 1.570926E+074 2.150400E+004, Tue Aug 04 22:04:18 2015
0.05, 0.00, 0.94, 0.00 , 3.107500E-008, -3.136500E-008, -2.517489E-011, -1.965130E-012, 2.150400E+004 1.570926E+074 2.150400E+004, Tue Aug 04 22:04:21 2015
0.05, 0.00, 0.95, 0.00 , 3.811111E-008, -3.846490E-008, -2.546840E-011, -1.955910E-012, 2.150400E+004 1.570926E+074 2.150400E+004, Tue Aug 04 22:04:25 2015
0.05, 0.00, 0.96, 0.00 , 4.637968E-008, -4.622090E-008, -2.618119E-011, -1.989400E-012, 2.150400E+004 1.570926E+074 2.150400E+004, Tue Aug 04 22:04:29 2015
0.05, 0.00, 0.97, 0.00 , 5.453383E-008, -5.475330E-008, -2.488139E-011, -1.990630E-012, 2.150400E+004 1.570926E+074 2.150400E+004, Tue Aug 04 22:04:32 2015
0.05, 0.00, 0.98, 0.00 , 6.545052E-008, -6.558050E-008, -2.551032E-011, -2.017270E-012, 2.150400E+004 1.570926E+074 2.150400E+004, Tue Aug 04 22:04:36 2015
0.05, 0.00, 0.99, 0.00 , 7.804324E-008, -7.787170E-008, -2.509103E-011, -2.051630E-012, 2.150400E+004 1.570926E+074 2.150400E+004, Tue Aug 04 22:04:39 2015
0.05, 0.00, 1.00, 0.00 , 9.228423E-008, -9.210420E-008, -2.496524E-011, -2.038240E-012, 2.150400E+004 1.570926E+074 2.150400E+004, Tue Aug 04 22:04:43 2015
0.05, 0.00, 1.01, 0.00 , 1.078742E-007, -1.079970E-007, -2.462981E-011, -2.030870E-012, 2.150400E+004 1.570926E+074 2.150400E+004, Tue Aug 04 22:04:46 2015
0.05, 0.00, 1.02, 0.00 , 1.258197E-007, -1.262540E-007, -2.412666E-011, -2.061070E-012, 2.150400E+004 1.570926E+074 2.150400E+004, Tue Aug 04 22:04:50 2015
0.05, 0.00, 1.03, 0.00 , 1.463416E-007, -1.464550E-007, -2.379123E-011, -2.104150E-012, 2.150400E+004 1.570926E+074 2.150400E+004, Tue Aug 04 22:04:53 2015
0.05, 0.00, 1.04, 0.00 , 1.709389E-007, -1.714480E-007, -2.517489E-011, -2.132800E-012, 2.150400E+004 1.570926E+074 2.150400E+004, Tue Aug 04 22:04:57 2015
0.05, 0.00, 1.05, 0.00 , 1.949294E-007, -1.956400E-007, -2.400087E-011, -2.120700E-012, 2.150400E+004 1.570926E+074 2.150400E+004, Tue Aug 04 22:05:01 2015
0.05, 0.00, 1.06, 0.00 , 2.203243E-007, -2.211320E-007, -2.383315E-011, -2.162130E-012, 2.150400E+004 1.570926E+074 2.150400E+004, Tue Aug 04 22:05:04 2015
0.05, 0.00, 1.07, 0.00 , 2.489936E-007, -2.477790E-007, -2.333000E-011, -2.169200E-012, 2.150400E+004 1.570926E+074 2.150400E+004, Tue Aug 04 22:05:08 2015
0.05, 0.00, 1.08, 0.00 , 2.797952E-007, -2.798010E-007, -2.458788E-011, -2.168690E-012, 2.150400E+004 1.570926E+074 2.150400E+004, Tue Aug 04 22:05:11 2015
0.05, 0.00, 1.09, 0.00 , 3.146780E-007, -3.156610E-007, -2.270110E-011, -2.207610E-012, 2.150400E+004 1.570926E+074 2.150400E+004, Tue Aug 04 22:05:15 2015
0.05, 0.00, 1.10, 0.00 , 3.507271E-007, -3.520830E-007, -2.370737E-011, -2.229920E-012, 2.150400E+004 1.570926E+074 2.150400E+004, Tue Aug 04 22:05:18 2015
0.05, 0.00, 1.11, 0.00 , 3.881217E-007, -3.892340E-007, -2.253340E-011, -2.218220E-012, 2.150400E+004 1.570926E+074 2.150400E+004, Tue Aug 04 22:05:22 2015
0.05, 0.00, 1.12, 0.00 , 4.311748E-007, -4.307910E-007, -2.412666E-011, -2.248720E-012, 2.150400E+004 1.570926E+074 2.150400E+004, Tue Aug 04 22:05:26 2015
0.05, 0.00, 1.13, 0.00 , 4.757405E-007, -4.782180E-007, -2.253340E-011, -2.288430E-012, 2.150400E+004 1.570926E+074 2.150400E+004, Tue Aug 04 22:05:29 2015
0.05, 0.00, 1.14, 0.00 , 5.233171E-007, -5.236560E-007, -2.270110E-011, -2.313890E-012, 2.150400E+004 1.570926E+074 2.150400E+004, Tue Aug 04 22:05:33 2015
0.05, 0.00, 1.15, 0.00 , 5.710938E-007, -5.698330E-007, -2.408473E-011, -2.387650E-012, 2.150400E+004 1.570926E+074 2.150400E+004, Tue Aug 04 22:05:36 2015
0.05, 0.00, 1.16, 0.00 , 6.241250E-007, -6.195430E-007, -2.295265E-011, -2.424720E-012, 2.150400E+004 1.570926E+074 2.150400E+004, Tue Aug 04 22:05:40 2015
0.05, 0.00, 1.17, 0.00 , 6.732773E-007, -6.704450E-007, -2.475560E-011, -2.363220E-012, 2.150400E+004 1.570926E+074 2.150400E+004, Tue Aug 04 22:05:43 2015
0.05, 0.00, 1.18, 0.00 , 7.277650E-007, -7.262290E-007, -2.249148E-011, -2.379850E-012, 2.150400E+004 1.570926E+074 2.150400E+004, Tue Aug 04 22:05:47 2015
0.05, 0.00, 1.19, 0.00 , 7.829398E-007, -7.870270E-007, -2.261725E-011, -2.406610E-012, 2.150400E+004 1.570926E+074 2.150400E+004, Tue Aug 04 22:05:50 2015
0.05, 0.00, 1.20, 0.00 , 8.422456E-007, -8.563320E-007, -2.203030E-011, -2.425740E-012, 2.150400E+004 1.570926E+074 2.150400E+004, Tue Aug 04 22:05:54 2015
0.05, 0.00, 1.21, 0.00 , 9.088465E-007, -9.079810E-007, -2.265918E-011, -2.456650E-012, 2.150400E+004 1.570926E+074 2.150400E+004, Tue Aug 04 22:05:58 2015
0.05, 0.00, 1.22, 0.00 , 9.663148E-007, -9.724650E-007, -2.156912E-011, -2.468940E-012, 2.150400E+004 1.570926E+074 2.150400E+004, Tue Aug 04 22:06:01 2015
0.05, 0.00, 1.23, 0.00 , 1.032678E-006, -1.033250E-006, -2.295265E-011, -2.463080E-012, 2.150400E+004 1.570926E+074 2.150400E+004, Tue Aug 04 22:06:05 2015
0.05, 0.00, 1.24, 0.00 , 1.096843E-006, -1.096880E-006, -2.161105E-011, -2.494070E-012, 2.150400E+004 1.570926E+074 2.150400E+004, Tue Aug 04 22:06:08 2015
0.05, 0.00, 1.25, 0.00 , 1.164431E-006, -1.169750E-006, -2.303650E-011, -2.506580E-012, 2.150400E+004 1.570926E+074 2.150400E+004, Tue Aug 04 22:06:12 2015
0.05, 0.00, 1.26, 0.00 , 1.243084E-006, -1.242390E-006, -2.144335E-011, -2.527500E-012, 2.150400E+004 1.570926E+074 2.150400E+004, Tue Aug 04 22:06:15 2015
0.05, 0.00, 1.27, 0.00 , 1.303067E-006, -1.310820E-006, -2.198838E-011, -2.552190E-012, 2.150400E+004 1.570926E+074 2.150400E+004, Tue Aug 04 22:06:19 2015
0.05, 0.00, 1.28, 0.00 , 1.384105E-006, -1.381180E-006, -2.144335E-011, -2.572330E-012, 2.150400E+004 1.570926E+074 2.150400E+004, Tue Aug 04 22:06:23 2015
0.05, 0.00, 1.29, 0.00 , 1.457349E-006, -1.453200E-006, -2.140142E-011, -2.571480E-012, 2.150400E+004 1.570926E+074 2.150400E+004, Tue Aug 04 22:06:26 2015
0.05, 0.00, 1.30, 0.00 , 1.534178E-006, -1.533090E-006, -2.127565E-011, -2.627560E-012, 2.150400E+004 1.570926E+074 2.150400E+004, Tue Aug 04 22:06:30 2015
0.05, 0.00, 1.31, 0.00 , 1.598528E-006, -1.596680E-006, -2.098217E-011, -2.630130E-012, 2.150400E+004 1.570926E+074 2.150400E+004, Tue Aug 04 22:06:33 2015
0.05, 0.00, 1.32, 0.00 , 1.681006E-006, -1.678740E-006, -2.073062E-011, -2.640240E-012, 2.150400E+004 1.570926E+074 2.150400E+004, Tue Aug 04 22:06:37 2015
0.05, 0.00, 1.33, 0.00 , 1.751696E-006, -1.751570E-006, -2.140143E-011, -2.692960E-012, 2.150400E+004 1.570926E+074 2.150400E+004, Tue Aug 04 22:06:40 2015
0.05, 0.00, 1.34, 0.00 , 1.834781E-006, -1.832390E-006, -2.001790E-011, -2.701010E-012, 2.150400E+004 1.570926E+074 2.150400E+004, Tue Aug 04 22:06:44 2015
0.05, 0.00, 1.35, 0.00 , 1.904612E-006, -1.913710E-006, -2.140142E-011, -3.079530E-012, 2.150400E+004 1.570926E+074 2.150400E+004, Tue Aug 04 22:06:47 2015
0.05, 0.00, 1.36, 0.00 , 1.990022E-006, -1.993760E-006, -2.052100E-011, -2.698910E-012, 2.150400E+004 1.570926E+074 2.150400E+004, Tue Aug 04 22:06:51 2015
0.05, 0.00, 1.37, 0.00 , 2.071706E-006, -2.069530E-006, -2.085640E-011, -2.878630E-012, 2.150400E+004 1.570926E+074 2.150400E+004, Tue Aug 04 22:06:55 2015
0.05, 0.00, 1.38, 0.00 , 2.153569E-006, -2.152600E-006, -1.934710E-011, -2.753160E-012, 2.150400E+004 1.570926E+074 2.150400E+004, Tue Aug 04 22:06:58 2015
0.05, 0.00, 1.39, 0.00 , 2.239650E-006, -2.237440E-006, -2.077255E-011, -2.761640E-012, 2.150400E+004 1.570926E+074 2.150400E+004, Tue Aug 04 22:07:02 2015
0.05, 0.00, 1.40, 0.00 , 2.317223E-006, -2.319160E-006, -2.085640E-011, -2.792510E-012, 2.150400E+004 1.570926E+074 2.150400E+004, Tue Aug 04 22:07:05 2015
0.05, 0.00, 1.41, 0.00 , 2.406351E-006, -2.401090E-006, -1.976635E-011, -2.819870E-012, 2.150400E+004 1.570926E+074 2.150400E+004, Tue Aug 04 22:07:09 2015
0.05, 0.00, 1.42, 0.00 , 2.489853E-006, -2.489010E-006, -1.997597E-011, -2.817700E-012, 2.150400E+004 1.570926E+074 2.150400E+004, Tue Aug 04 22:07:12 2015
0.05, 0.00, 1.43, 0.00 , 2.567130E-006, -2.568650E-006, -1.947287E-011, -2.841310E-012, 2.150400E+004 1.570926E+074 2.150400E+004, Tue Aug 04 22:07:16 2015
0.05, 0.00, 1.44, 0.00 , 2.649417E-006, -2.644400E-006, -1.909554E-011, -2.900640E-012, 2.150400E+004 1.570926E+074 2.150400E+004, Tue Aug 04 22:07:19 2015
0.05, 0.00, 1.45, 0.00 , 2.728059E-006, -2.728590E-006, -2.026945E-011, -2.884340E-012, 2.150400E+004 1.570926E+074 2.150400E+004, Tue Aug 04 22:07:23 2015
0.05, 0.00, 1.46, 0.00 , 2.813780E-006, -2.814230E-006, -1.997597E-011, -2.868020E-012, 2.150400E+004 1.570926E+074 2.150400E+004, Tue Aug 04 22:07:26 2015
0.05, 0.00, 1.47, 0.00 , 2.899815E-006, -2.898300E-006, -1.955672E-011, -2.920790E-012, 2.150400E+004 1.570926E+074 2.150400E+004, Tue Aug 04 22:07:30 2015
0.05, 0.00, 1.48, 0.00 , 2.987381E-006, -2.985480E-006, -1.867630E-011, -2.932850E-012, 2.150400E+004 1.570926E+074 2.150400E+004, Tue Aug 04 22:07:34 2015
0.05, 0.00, 1.49, 0.00 , 3.070389E-006, -3.071450E-006, -1.876014E-011, -2.938960E-012, 2.150400E+004 1.570926E+074 2.150400E+004, Tue Aug 04 22:07:37 2015
0.05, 0.00, 1.50, 0.00 , 3.161441E-006, -3.163590E-006, -1.834090E-011, -2.970290E-012, 2.150400E+004 1.570926E+074 2.150400E+004, Tue Aug 04 22:07:41 2015
0.05, 0.00, 1.51, 0.00 , 3.242249E-006, -3.239710E-006, -1.876015E-011, -3.021450E-012, 2.150400E+004 1.570926E+074 2.150400E+004, Tue Aug 04 22:07:44 2015
0.05, 0.00, 1.52, 0.00 , 3.327727E-006, -3.328000E-006, -1.863437E-011, -2.994440E-012, 2.150400E+004 1.570926E+074 2.150400E+004, Tue Aug 04 22:07:48 2015
0.05, 0.00, 1.53, 0.00 , 3.405879E-006, -3.410030E-006, -2.005982E-011, -3.027610E-012, 2.150400E+004 1.570926E+074 2.150400E+004, Tue Aug 04 22:07:51 2015
0.05, 0.00, 1.54, 0.00 , 3.495578E-006, -3.492050E-006, -1.783779E-011, -3.051630E-012, 2.150400E+004 1.570926E+074 2.150400E+004, Tue Aug 04 22:07:55 2015
0.05, 0.00, 1.55, 0.00 , 3.573241E-006, -3.572950E-006, -1.808934E-011, -3.085450E-012, 2.150400E+004 1.570926E+074 2.150400E+004, Tue Aug 04 22:07:58 2015
0.05, 0.00, 1.56, 0.00 , 3.664474E-006, -3.668340E-006, -1.901169E-011, -3.082910E-012, 2.150400E+004 1.570926E+074 2.150400E+004, Tue Aug 04 22:08:02 2015
0.05, 0.00, 1.57, 0.00 , 3.743187E-006, -3.741860E-006, -1.876014E-011, -3.095170E-012, 2.150400E+004 1.570926E+074 2.150400E+004, Tue Aug 04 22:08:05 2015
0.05, 0.00, 1.58, 0.00 , 3.828247E-006, -3.821280E-006, -1.892785E-011, -3.113410E-012, 2.150400E+004 1.570926E+074 2.150400E+004, Tue Aug 04 22:08:09 2015
0.05, 0.00, 1.59, 0.00 , 3.899217E-006, -3.899070E-006, -1.804742E-011, -3.101480E-012, 2.150400E+004 1.570926E+074 2.150400E+004, Tue Aug 04 22:08:13 2015
0.05, 0.00, 1.60, 0.00 , 3.979926E-006, -3.974860E-006, -1.855052E-011, -3.143510E-012, 2.150400E+004 1.570926E+074 2.150400E+004, Tue Aug 04 22:08:16 2015
0.05, 0.00, 1.61, 0.00 , 4.044731E-006, -4.046240E-006, -2.026945E-011, -3.150820E-012, 2.150400E+004 1.570926E+074 2.150400E+004, Tue Aug 04 22:08:20 2015
0.05, 0.00, 1.62, 0.00 , 4.122180E-006, -4.123530E-006, -1.783780E-011, -3.187860E-012, 2.150400E+004 1.570926E+074 2.150400E+004, Tue Aug 04 22:08:23 2015
0.05, 0.00, 1.63, 0.00 , 4.208527E-006, -4.215070E-006, -1.804742E-011, -3.172990E-012, 2.150400E+004 1.570926E+074 2.150400E+004, Tue Aug 04 22:08:27 2015
0.05, 0.00, 1.64, 0.00 , 4.295490E-006, -4.295780E-006, -1.880207E-011, -3.201220E-012, 2.150400E+004 1.570926E+074 2.150400E+004, Tue Aug 04 22:08:30 2015
0.05, 0.00, 1.65, 0.00 , 4.375945E-006, -4.375010E-006, -1.712507E-011, -3.223260E-012, 2.150400E+004 1.570926E+074 2.150400E+004, Tue Aug 04 22:08:34 2015
0.05, 0.00, 1.66, 0.00 , 4.460247E-006, -4.462440E-006, -1.804742E-011, -3.258710E-012, 2.150400E+004 1.570926E+074 2.150400E+004, Tue Aug 04 22:08:37 2015
0.05, 0.00, 1.67, 0.00 , 4.536985E-006, -4.529270E-006, -1.792165E-011, -3.268230E-012, 2.150400E+004 1.570926E+074 2.150400E+004, Tue Aug 04 22:08:41 2015
0.05, 0.00, 1.68, 0.00 , 4.612068E-006, -4.604330E-006, -1.829897E-011, -3.273260E-012, 2.150400E+004 1.570926E+074 2.150400E+004, Tue Aug 04 22:08:44 2015
0.05, 0.00, 1.69, 0.00 , 4.698646E-006, -4.687170E-006, -1.834089E-011, -3.308950E-012, 2.150400E+004 1.570926E+074 2.150400E+004, Tue Aug 04 22:08:48 2015
0.05, 0.00, 1.70, 0.00 , 4.769446E-006, -4.769200E-006, -1.787972E-011, -3.330660E-012, 2.150400E+004 1.570926E+074 2.150400E+004, Tue Aug 04 22:08:52 2015
0.05, 0.00, 1.71, 0.00 , 4.841726E-006, -4.838420E-006, -1.741855E-011, -3.328290E-012, 2.150400E+004 1.570926E+074 2.150400E+004, Tue Aug 04 22:08:55 2015
0.05, 0.00, 1.72, 0.00 , 4.927780E-006, -4.926700E-006, -1.855053E-011, -3.343160E-012, 2.150400E+004 1.570926E+074 2.150400E+004, Tue Aug 04 22:08:59 2015
0.05, 0.00, 1.73, 0.00 , 4.995058E-006, -4.993990E-006, -1.771202E-011, -3.353680E-012, 2.150400E+004 1.570926E+074 2.150400E+004, Tue Aug 04 22:09:02 2015
0.05, 0.00, 1.74, 0.00 , 5.076701E-006, -5.072570E-006, -1.628656E-011, -3.373800E-012, 2.150400E+004 1.570926E+074 2.150400E+004, Tue Aug 04 22:09:06 2015
0.05, 0.00, 1.75, 0.00 , 5.146321E-006, -5.148810E-006, -1.808935E-011, -3.399180E-012, 2.150400E+004 1.570926E+074 2.150400E+004, Tue Aug 04 22:09:09 2015
0.05, 0.00, 1.76, 0.00 , 5.221877E-006, -5.223470E-006, -1.649620E-011, -3.419720E-012, 2.150400E+004 1.570926E+074 2.150400E+004, Tue Aug 04 22:09:13 2015
0.05, 0.00, 1.77, 0.00 , 5.307856E-006, -5.296950E-006, -1.603501E-011, -3.421090E-012, 2.150400E+004 1.570926E+074 2.150400E+004, Tue Aug 04 22:09:16 2015
0.05, 0.00, 1.78, 0.00 , 5.376997E-006, -5.367020E-006, -1.666389E-011, -3.425070E-012, 2.150400E+004 1.570926E+074 2.150400E+004, Tue Aug 04 22:09:20 2015
0.05, 0.00, 1.79, 0.00 , 5.446468E-006, -5.445990E-006, -1.699929E-011, -3.445320E-012, 2.150400E+004 1.570926E+074 2.150400E+004, Tue Aug 04 22:09:24 2015
0.05, 0.00, 1.80, 0.00 , 5.524733E-006, -5.522760E-006, -1.477726E-011, -3.456710E-012, 2.150400E+004 1.570926E+074 2.150400E+004, Tue Aug 04 22:09:27 2015
0.05, 0.00, 1.81, 0.00 , 5.586520E-006, -5.581360E-006, -1.628656E-011, -3.508090E-012, 2.150400E+004 1.570926E+074 2.150400E+004, Tue Aug 04 22:09:31 2015
0.05, 0.00, 1.82, 0.00 , 5.645249E-006, -5.647290E-006, -1.678967E-011, -3.488490E-012, 2.150400E+004 1.570926E+074 2.150400E+004, Tue Aug 04 22:09:34 2015
0.05, 0.00, 1.83, 0.00 , 5.737421E-006, -5.737280E-006, -1.628656E-011, -3.516880E-012, 2.150400E+004 1.570926E+074 2.150400E+004, Tue Aug 04 22:09:38 2015
0.05, 0.00, 1.84, 0.00 , 5.809598E-006, -5.802070E-006, -1.569961E-011, -3.511270E-012, 2.150400E+004 1.570926E+074 2.150400E+004, Tue Aug 04 22:09:41 2015
0.05, 0.00, 1.85, 0.00 , 5.883768E-006, -5.881200E-006, -1.532229E-011, -3.545890E-012, 2.150400E+004 1.570926E+074 2.150400E+004, Tue Aug 04 22:09:45 2015
0.05, 0.00, 1.86, 0.00 , 5.944883E-006, -5.936230E-006, -1.565769E-011, -3.550350E-012, 2.150400E+004 1.570926E+074 2.150400E+004, Tue Aug 04 22:09:48 2015
0.05, 0.00, 1.87, 0.00 , 6.019467E-006, -6.032890E-006, -1.498689E-011, -3.549800E-012, 2.150400E+004 1.570926E+074 2.150400E+004, Tue Aug 04 22:09:52 2015
0.05, 0.00, 1.88, 0.00 , 6.096667E-006, -6.083510E-006, -1.523844E-011, -3.593770E-012, 2.150400E+004 1.570926E+074 2.150400E+004, Tue Aug 04 22:09:56 2015
0.05, 0.00, 1.89, 0.00 , 6.159017E-006, -6.161210E-006, -1.582539E-011, -3.608860E-012, 2.150400E+004 1.570926E+074 2.150400E+004, Tue Aug 04 22:09:59 2015
0.05, 0.00, 1.90, 0.00 , 6.230332E-006, -6.227990E-006, -1.402261E-011, -3.614250E-012, 2.150400E+004 1.570926E+074 2.150400E+004, Tue Aug 04 22:10:03 2015
0.05, 0.00, 1.91, 0.00 , 6.290879E-006, -6.294750E-006, -1.582538E-011, -3.598490E-012, 2.150400E+004 1.570926E+074 2.150400E+004, Tue Aug 04 22:10:06 2015
0.05, 0.00, 1.92, 0.00 , 6.375045E-006, -6.361300E-006, -1.498689E-011, -3.628720E-012, 2.150400E+004 1.570926E+074 2.150400E+004, Tue Aug 04 22:10:10 2015
0.05, 0.00, 1.93, 0.00 , 6.430127E-006, -6.432580E-006, -1.502881E-011, -3.631790E-012, 2.150400E+004 1.570926E+074 2.150400E+004, Tue Aug 04 22:10:13 2015
0.05, 0.00, 1.94, 0.00 , 6.495792E-006, -6.496980E-006, -1.469341E-011, -3.661790E-012, 2.150400E+004 1.570926E+074 2.150400E+004, Tue Aug 04 22:10:17 2015
0.05, 0.00, 1.95, 0.00 , 6.575764E-006, -6.565250E-006, -1.603502E-011, -3.658580E-012, 2.150400E+004 1.570926E+074 2.150400E+004, Tue Aug 04 22:10:20 2015
0.05, 0.00, 1.96, 0.00 , 6.619122E-006, -6.619330E-006, -1.385491E-011, -3.697710E-012, 2.150400E+004 1.570926E+074 2.150400E+004, Tue Aug 04 22:10:24 2015
0.05, 0.00, 1.97, 0.00 , 6.701684E-006, -6.702830E-006, -1.574153E-011, -3.715850E-012, 2.150400E+004 1.570926E+074 2.150400E+004, Tue Aug 04 22:10:28 2015
0.05, 0.00, 1.98, 0.00 , 6.773870E-006, -6.767080E-006, -1.410646E-011, -3.691280E-012, 2.150400E+004 1.570926E+074 2.150400E+004, Tue Aug 04 22:10:31 2015
0.05, 0.00, 1.99, 0.00 , 6.835555E-006, -6.843370E-006, -1.603502E-011, -3.704020E-012, 2.150400E+004 1.570926E+074 2.150400E+004, Tue Aug 04 22:10:35 2015
0.05, 0.00, 2.00, 0.00 , 6.904901E-006, -6.905660E-006, -1.515459E-011, -3.731920E-012, 2.150400E+004 1.570926E+074 2.150400E+004, Tue Aug 04 22:10:38 2015
