0.00, 0.00, 0.00, 0.00 , -5.457197E-011, -2.318160E-010, -4.207219E-011, 2.105150E-012, 2.150400E+004 1.570926E+074 2.150400E+004, Sat Aug 15 18:28:34 2015
0.05, 0.00, 0.00, 0.00 , -4.001329E-011, -2.330530E-010, -4.672629E-011, 1.460480E-012, 2.150400E+004 1.570926E+074 2.150400E+004, Sat Aug 15 18:28:42 2015
0.10, 0.00, 0.00, 0.00 , -2.853512E-011, -2.349470E-010, -4.672628E-011, 9.266620E-013, 2.150400E+004 1.570926E+074 2.150400E+004, Sat Aug 15 18:28:51 2015
0.15, 0.00, 0.00, 0.00 , -5.958565E-012, -2.382050E-010, -4.756485E-011, 2.946730E-013, 2.150400E+004 1.570926E+074 2.150400E+004, Sat Aug 15 18:28:54 2015
0.20, 0.00, 0.00, 0.00 , 9.570092E-012, -2.400420E-010, -4.676822E-011, -4.585620E-013, 2.150400E+004 1.570926E+074 2.150400E+004, Sat Aug 15 18:28:58 2015
0.25, 0.00, 0.00, 0.00 , 9.612291E-012, -2.404400E-010, -4.664243E-011, -6.960990E-013, 2.150400E+004 1.570926E+074 2.150400E+004, Sat Aug 15 18:29:04 2015
0.30, 0.00, 0.00, 0.00 , 1.294575E-011, -2.448920E-010, -4.442021E-011, -1.164330E-012, 2.150400E+004 1.570926E+074 2.150400E+004, Sat Aug 15 18:29:21 2015
0.35, 0.00, 0.00, 0.00 , 1.982364E-011, -2.493190E-010, -4.551035E-011, -1.734540E-012, 2.150400E+004 1.570926E+074 2.150400E+004, Sat Aug 15 18:29:38 2015
0.40, 0.00, 0.00, 0.00 , 2.623739E-011, -2.519530E-010, -4.588770E-011, -2.280870E-012, 2.150400E+004 1.570926E+074 2.150400E+004, Sat Aug 15 18:29:56 2015
0.45, 0.00, 0.00, 0.00 , 3.830537E-011, -2.516220E-010, -5.079339E-011, -3.040580E-012, 2.150400E+004 1.570926E+074 2.150400E+004, Sat Aug 15 18:30:01 2015
0.50, 0.00, 0.00, 0.00 , 4.758840E-011, -2.518170E-010, -4.781644E-011, -3.285750E-012, 2.150400E+004 1.570926E+074 2.150400E+004, Sat Aug 15 18:30:10 2015
0.55, 0.00, 0.00, 0.00 , 5.931881E-011, -2.500230E-010, -4.735521E-011, -4.103970E-012, 2.150400E+004 1.570926E+074 2.150400E+004, Sat Aug 15 18:30:19 2015
0.60, 0.00, 0.00, 0.00 , 6.602788E-011, -2.500340E-010, -4.626505E-011, -4.430060E-012, 2.150400E+004 1.570926E+074 2.150400E+004, Sat Aug 15 18:30:27 2015
0.65, 0.00, 0.00, 0.00 , 7.248386E-011, -2.498690E-010, -4.546841E-011, -4.796400E-012, 2.150400E+004 1.570926E+074 2.150400E+004, Sat Aug 15 18:30:37 2015
0.70, 0.00, 0.00, 0.00 , 8.273735E-011, -2.487300E-010, -4.534263E-011, -5.318640E-012, 2.150400E+004 1.570926E+074 2.150400E+004, Sat Aug 15 18:30:45 2015
0.75, 0.00, 0.00, 0.00 , 9.446781E-011, -2.473250E-010, -4.471369E-011, -5.801750E-012, 2.150400E+004 1.570926E+074 2.150400E+004, Sat Aug 15 18:30:53 2015
0.80, 0.00, 0.00, 0.00 , 1.040884E-010, -2.463200E-010, -4.588769E-011, -6.287540E-012, 2.150400E+004 1.570926E+074 2.150400E+004, Sat Aug 15 18:31:01 2015
0.85, 0.00, 0.00, 0.00 , 1.164940E-010, -2.472720E-010, -4.509105E-011, -6.846380E-012, 2.150400E+004 1.570926E+074 2.150400E+004, Sat Aug 15 18:31:07 2015
0.90, 0.00, 0.00, 0.00 , 1.252284E-010, -2.452670E-010, -4.530070E-011, -7.407010E-012, 2.150400E+004 1.570926E+074 2.150400E+004, Sat Aug 15 18:31:13 2015
0.95, 0.00, 0.00, 0.00 , 1.307139E-010, -2.457690E-010, -4.668435E-011, -7.915350E-012, 2.150400E+004 1.570926E+074 2.150400E+004, Sat Aug 15 18:31:19 2015
1.00, 0.00, 0.00, 0.00 , 1.399125E-010, -2.443360E-010, -4.551033E-011, -8.396480E-012, 2.150400E+004 1.570926E+074 2.150400E+004, Sat Aug 15 18:31:27 2015
1.05, 0.00, 0.00, 0.00 , 1.380558E-010, -2.422400E-010, -4.454599E-011, -8.695660E-012, 2.150400E+004 1.570926E+074 2.150400E+004, Sat Aug 15 18:31:38 2015
1.10, 0.00, 0.00, 0.00 , 1.509255E-010, -2.404020E-010, -4.513298E-011, -9.276280E-012, 2.150400E+004 1.570926E+074 2.150400E+004, Sat Aug 15 18:31:45 2015
1.15, 0.00, 0.00, 0.00 , 1.610948E-010, -2.384020E-010, -4.660049E-011, -9.804730E-012, 2.150400E+004 1.570926E+074 2.150400E+004, Sat Aug 15 18:31:52 2015
1.20, 0.00, 0.00, 0.00 , 1.734159E-010, -2.351430E-010, -4.366548E-011, -1.025720E-011, 2.150400E+004 1.570926E+074 2.150400E+004, Sat Aug 15 18:32:00 2015
1.25, 0.00, 0.00, 0.00 , 1.724452E-010, -2.353060E-010, -4.412669E-011, -1.035010E-011, 2.150400E+004 1.570926E+074 2.150400E+004, Sat Aug 15 18:32:10 2015
1.30, 0.00, 0.00, 0.00 , 1.758209E-010, -2.327180E-010, -4.563612E-011, -1.082710E-011, 2.150400E+004 1.570926E+074 2.150400E+004, Sat Aug 15 18:32:16 2015
1.35, 0.00, 0.00, 0.00 , 1.836693E-010, -2.300530E-010, -4.647470E-011, -1.120420E-011, 2.150400E+004 1.570926E+074 2.150400E+004, Sat Aug 15 18:32:23 2015
1.40, 0.00, 0.00, 0.00 , 1.837116E-010, -2.263870E-010, -4.551034E-011, -1.160670E-011, 2.150400E+004 1.570926E+074 2.150400E+004, Sat Aug 15 18:32:30 2015
1.45, 0.00, 0.00, 0.00 , 1.929102E-010, -2.235190E-010, -4.546841E-011, -1.209940E-011, 2.150400E+004 1.570926E+074 2.150400E+004, Sat Aug 15 18:32:36 2015
1.50, 0.00, 0.00, 0.00 , 2.026574E-010, -2.188210E-010, -4.462984E-011, -1.253120E-011, 2.150400E+004 1.570926E+074 2.150400E+004, Sat Aug 15 18:32:45 2015
1.55, 0.00, 0.00, 0.00 , 2.095776E-010, -2.151510E-010, -4.500719E-011, -1.316340E-011, 2.150400E+004 1.570926E+074 2.150400E+004, Sat Aug 15 18:32:52 2015
1.60, 0.00, 0.00, 0.00 , 2.233333E-010, -2.127840E-010, -4.483948E-011, -1.340220E-011, 2.150400E+004 1.570926E+074 2.150400E+004, Sat Aug 15 18:32:57 2015
1.65, 0.00, 0.00, 0.00 , 2.315193E-010, -2.073300E-010, -4.337197E-011, -1.408660E-011, 2.150400E+004 1.570926E+074 2.150400E+004, Sat Aug 15 18:33:06 2015
1.70, 0.00, 0.00, 0.00 , 2.371311E-010, -2.058740E-010, -4.400091E-011, -1.431690E-011, 2.150400E+004 1.570926E+074 2.150400E+004, Sat Aug 15 18:33:12 2015
1.75, 0.00, 0.00, 0.00 , 2.290718E-010, -2.015370E-010, -4.496527E-011, -1.483510E-011, 2.150400E+004 1.570926E+074 2.150400E+004, Sat Aug 15 18:33:21 2015
1.80, 0.00, 0.00, 0.00 , 2.421104E-010, -2.002100E-010, -4.412670E-011, -1.494220E-011, 2.150400E+004 1.570926E+074 2.150400E+004, Sat Aug 15 18:33:27 2015
1.85, 0.00, 0.00, 0.00 , 2.470049E-010, -1.983000E-010, -4.358162E-011, -1.576050E-011, 2.150400E+004 1.570926E+074 2.150400E+004, Sat Aug 15 18:33:33 2015
1.90, 0.00, 0.00, 0.00 , 2.588199E-010, -1.977980E-010, -4.374934E-011, -1.578980E-011, 2.150400E+004 1.570926E+074 2.150400E+004, Sat Aug 15 18:33:38 2015
1.95, 0.00, 0.00, 0.00 , 2.640520E-010, -1.937530E-010, -4.303655E-011, -1.616890E-011, 2.150400E+004 1.570926E+074 2.150400E+004, Sat Aug 15 18:33:44 2015
2.00, 0.00, 0.00, 0.00 , 2.647695E-010, -1.897810E-010, -4.429441E-011, -1.678630E-011, 2.150400E+004 1.570926E+074 2.150400E+004, Sat Aug 15 18:33:50 2015
