0.00, 0.00, 1.20, 0.00 , 1.273600E-009, -1.314120E-009, 3.963323E-012, 1.636030E-012, 2.150400E+004 1.570926E+074 2.150400E+004, Tue Aug 11 19:38:29 2015
0.05, 0.00, 1.20, 0.00 , 6.524072E-007, -6.542900E-007, 3.544071E-012, 1.187730E-012, 2.150400E+004 1.570926E+074 2.150400E+004, Tue Aug 11 19:38:33 2015
0.10, 0.00, 1.20, 0.00 , 1.063966E-006, -1.069300E-006, 1.992833E-012, 7.133130E-013, 2.150400E+004 1.570926E+074 2.150400E+004, Tue Aug 11 19:38:37 2015
0.15, 0.00, 1.20, 0.00 , 1.318658E-006, -1.318470E-006, 1.481367E-013, 4.276280E-013, 2.150400E+004 1.570926E+074 2.150400E+004, Tue Aug 11 19:38:40 2015
0.20, 0.00, 1.20, 0.00 , 1.491795E-006, -1.498280E-006, 2.738955E-013, 2.261280E-013, 2.150400E+004 1.570926E+074 2.150400E+004, Tue Aug 11 19:38:44 2015
0.25, 0.00, 1.20, 0.00 , 1.625352E-006, -1.621290E-006, 1.900546E-013, 9.549860E-014, 2.150400E+004 1.570926E+074 2.150400E+004, Tue Aug 11 19:38:48 2015
0.30, 0.00, 1.20, 0.00 , 1.697764E-006, -1.698310E-006, -1.956421E-014, -1.602410E-013, 2.150400E+004 1.570926E+074 2.150400E+004, Tue Aug 11 19:38:52 2015
0.35, 0.00, 1.20, 0.00 , 1.777369E-006, -1.777760E-006, 3.158359E-013, -3.888730E-013, 2.150400E+004 1.570926E+074 2.150400E+004, Tue Aug 11 19:38:55 2015
0.40, 0.00, 1.20, 0.00 , 1.850074E-006, -1.844110E-006, -1.151548E-012, -6.911520E-013, 2.150400E+004 1.570926E+074 2.150400E+004, Tue Aug 11 19:38:59 2015
0.45, 0.00, 1.20, 0.00 , 1.912104E-006, -1.911090E-006, -7.323031E-013, -7.963900E-013, 2.150400E+004 1.570926E+074 2.150400E+004, Tue Aug 11 19:39:02 2015
0.50, 0.00, 1.20, 0.00 , 1.957815E-006, -1.947450E-006, -3.969013E-013, -9.839060E-013, 2.150400E+004 1.570926E+074 2.150400E+004, Tue Aug 11 19:39:06 2015
0.55, 0.00, 1.20, 0.00 , 1.985763E-006, -1.986630E-006, 5.673725E-013, -1.178010E-012, 2.150400E+004 1.570926E+074 2.150400E+004, Tue Aug 11 19:39:10 2015
0.60, 0.00, 1.20, 0.00 , 2.036280E-006, -2.036880E-006, 6.428712E-014, -1.350760E-012, 2.150400E+004 1.570926E+074 2.150400E+004, Tue Aug 11 19:39:13 2015
0.65, 0.00, 1.20, 0.00 , 2.082734E-006, -2.078510E-006, -3.968874E-013, -1.500060E-012, 2.150400E+004 1.570926E+074 2.150400E+004, Tue Aug 11 19:39:17 2015
0.70, 0.00, 1.20, 0.00 , 2.126396E-006, -2.124820E-006, 7.351099E-013, -1.701590E-012, 2.150400E+004 1.570926E+074 2.150400E+004, Tue Aug 11 19:39:20 2015
0.75, 0.00, 1.20, 0.00 , 2.173826E-006, -2.174420E-006, -1.822348E-012, -1.910870E-012, 2.150400E+004 1.570926E+074 2.150400E+004, Tue Aug 11 19:39:24 2015
0.80, 0.00, 1.20, 0.00 , 2.201046E-006, -2.201840E-006, -4.715190E-012, -2.105080E-012, 2.150400E+004 1.570926E+074 2.150400E+004, Tue Aug 11 19:39:27 2015
0.85, 0.00, 1.20, 0.00 , 2.235432E-006, -2.241480E-006, -4.086296E-012, -2.327970E-012, 2.150400E+004 1.570926E+074 2.150400E+004, Tue Aug 11 19:39:31 2015
0.90, 0.00, 1.20, 0.00 , 2.274648E-006, -2.275290E-006, -5.553683E-012, -2.456440E-012, 2.150400E+004 1.570926E+074 2.150400E+004, Tue Aug 11 19:39:34 2015
0.95, 0.00, 1.20, 0.00 , 2.319368E-006, -2.309090E-006, -3.541278E-012, -2.646650E-012, 2.150400E+004 1.570926E+074 2.150400E+004, Tue Aug 11 19:39:38 2015
1.00, 0.00, 1.20, 0.00 , 2.336639E-006, -2.343760E-006, -4.463624E-012, -2.747560E-012, 2.150400E+004 1.570926E+074 2.150400E+004, Tue Aug 11 19:39:42 2015
1.05, 0.00, 1.20, 0.00 , 2.386446E-006, -2.388590E-006, -3.918595E-012, -2.945640E-012, 2.150400E+004 1.570926E+074 2.150400E+004, Tue Aug 11 19:39:45 2015
1.10, 0.00, 1.20, 0.00 , 2.421302E-006, -2.425120E-006, -4.170156E-012, -3.104440E-012, 2.150400E+004 1.570926E+074 2.150400E+004, Tue Aug 11 19:39:49 2015
1.15, 0.00, 1.20, 0.00 , 2.466194E-006, -2.458570E-006, -5.092510E-012, -3.330900E-012, 2.150400E+004 1.570926E+074 2.150400E+004, Tue Aug 11 19:39:52 2015
1.20, 0.00, 1.20, 0.00 , 2.506658E-006, -2.501870E-006, -5.511756E-012, -3.565450E-012, 2.150400E+004 1.570926E+074 2.150400E+004, Tue Aug 11 19:39:56 2015
1.25, 0.00, 1.20, 0.00 , 2.551221E-006, -2.551850E-006, -5.679474E-012, -4.062190E-012, 2.150400E+004 1.570926E+074 2.150400E+004, Tue Aug 11 19:39:59 2015
1.30, 0.00, 1.20, 0.00 , 2.593280E-006, -2.596200E-006, -4.924814E-012, -4.806720E-012, 2.150400E+004 1.570926E+074 2.150400E+004, Tue Aug 11 19:40:03 2015
1.35, 0.00, 1.20, 0.00 , 2.590734E-006, -2.600860E-006, -4.212079E-012, -6.186770E-012, 2.150400E+004 1.570926E+074 2.150400E+004, Tue Aug 11 19:40:08 2015
1.40, 0.00, 1.20, 0.00 , 2.662428E-006, -2.661530E-006, -6.559878E-012, -8.715340E-012, 2.150400E+004 1.570926E+074 2.150400E+004, Tue Aug 11 19:40:11 2015
1.45, 0.00, 1.20, 0.00 , 2.710954E-006, -2.713230E-006, -6.937211E-012, -1.336030E-011, 2.150400E+004 1.570926E+074 2.150400E+004, Tue Aug 11 19:40:15 2015
1.50, 0.00, 1.20, 0.00 , 2.755470E-006, -2.754860E-006, -7.272617E-012, -2.159720E-011, 2.150400E+004 1.570926E+074 2.150400E+004, Tue Aug 11 19:40:18 2015
1.55, 0.00, 1.20, 0.00 , 2.790248E-006, -2.797080E-006, -7.775707E-012, -3.458050E-011, 2.150400E+004 1.570926E+074 2.150400E+004, Tue Aug 11 19:40:22 2015
1.60, 0.00, 1.20, 0.00 , 2.856053E-006, -2.852300E-006, -7.440312E-012, -5.565250E-011, 2.150400E+004 1.570926E+074 2.150400E+004, Tue Aug 11 19:40:25 2015
1.65, 0.00, 1.20, 0.00 , 2.912146E-006, -2.910530E-006, -7.817651E-012, -8.721490E-011, 2.150400E+004 1.570926E+074 2.150400E+004, Tue Aug 11 19:40:29 2015
1.70, 0.00, 1.20, 0.00 , 2.953063E-006, -2.954220E-006, -8.278827E-012, -1.329630E-010, 2.150400E+004 1.570926E+074 2.150400E+004, Tue Aug 11 19:40:34 2015
1.75, 0.00, 1.20, 0.00 , 3.013173E-006, -3.013730E-006, -7.314540E-012, -1.986140E-010, 2.150400E+004 1.570926E+074 2.150400E+004, Tue Aug 11 19:40:37 2015
1.80, 0.00, 1.20, 0.00 , 3.065371E-006, -3.064720E-006, -7.859571E-012, -2.926270E-010, 2.150400E+004 1.570926E+074 2.150400E+004, Tue Aug 11 19:40:40 2015
1.85, 0.00, 1.20, 0.00 , 3.119527E-006, -3.115860E-006, -5.805235E-012, -4.170700E-010, 2.150400E+004 1.570926E+074 2.150400E+004, Tue Aug 11 19:40:44 2015
1.90, 0.00, 1.20, 0.00 , 3.185510E-006, -3.188310E-006, -7.440324E-012, -5.832380E-010, 2.150400E+004 1.570926E+074 2.150400E+004, Tue Aug 11 19:40:47 2015
1.95, 0.00, 1.20, 0.00 , 3.243280E-006, -3.237590E-006, -7.817656E-012, -7.991750E-010, 2.150400E+004 1.570926E+074 2.150400E+004, Tue Aug 11 19:40:50 2015
2.00, 0.00, 1.20, 0.00 , 3.294971E-006, -3.284100E-006, -6.937215E-012, -1.073850E-009, 2.150400E+004 1.570926E+074 2.150400E+004, Tue Aug 11 19:40:53 2015
