0.00, 0.00, 0.80, 0.00 , -7.179007E-011, -7.241390E-011, -3.499374E-012, 2.447280E-012, 2.150400E+004 1.570926E+074 2.150400E+004, Tue Aug 11 19:35:09 2015
0.05, 0.00, 0.80, 0.00 , 6.186719E-010, -7.551790E-010, -2.451220E-012, 2.168370E-012, 2.150400E+004 1.570926E+074 2.150400E+004, Tue Aug 11 19:35:15 2015
0.10, 0.00, 0.80, 0.00 , 8.444218E-010, -9.632160E-010, -5.344069E-012, 1.689040E-012, 2.150400E+004 1.570926E+074 2.150400E+004, Tue Aug 11 19:35:19 2015
0.15, 0.00, 0.80, 0.00 , 9.834583E-010, -1.087530E-009, -5.008676E-012, 1.429360E-012, 2.150400E+004 1.570926E+074 2.150400E+004, Tue Aug 11 19:35:26 2015
0.20, 0.00, 0.80, 0.00 , 1.076121E-009, -1.170660E-009, -6.308344E-012, 1.177870E-012, 2.150400E+004 1.570926E+074 2.150400E+004, Tue Aug 11 19:35:31 2015
0.25, 0.00, 0.80, 0.00 , 1.177308E-009, -1.268410E-009, -7.314548E-012, 8.888720E-013, 2.150400E+004 1.570926E+074 2.150400E+004, Tue Aug 11 19:35:36 2015
0.30, 0.00, 0.80, 0.00 , 1.281026E-009, -1.347710E-009, -7.482256E-012, 5.038260E-013, 2.150400E+004 1.570926E+074 2.150400E+004, Tue Aug 11 19:35:40 2015
0.35, 0.00, 0.80, 0.00 , 1.367528E-009, -1.470090E-009, -7.859579E-012, 4.137520E-013, 2.150400E+004 1.570926E+074 2.150400E+004, Tue Aug 11 19:35:48 2015
0.40, 0.00, 0.80, 0.00 , 1.480402E-009, -1.551900E-009, -8.069200E-012, 8.524660E-014, 2.150400E+004 1.570926E+074 2.150400E+004, Tue Aug 11 19:35:53 2015
0.45, 0.00, 0.80, 0.00 , 1.583952E-009, -1.674220E-009, -1.071049E-011, -2.608060E-013, 2.150400E+004 1.570926E+074 2.150400E+004, Tue Aug 11 19:35:57 2015
0.50, 0.00, 0.80, 0.00 , 1.677923E-009, -1.751090E-009, -8.446530E-012, -5.708690E-013, 2.150400E+004 1.570926E+074 2.150400E+004, Tue Aug 11 19:36:00 2015
0.55, 0.00, 0.80, 0.00 , 1.811263E-009, -1.858020E-009, -9.159258E-012, -8.127570E-013, 2.150400E+004 1.570926E+074 2.150400E+004, Tue Aug 11 19:36:04 2015
0.60, 0.00, 0.80, 0.00 , 1.886203E-009, -1.956770E-009, -8.153049E-012, -1.035110E-012, 2.150400E+004 1.570926E+074 2.150400E+004, Tue Aug 11 19:36:07 2015
0.65, 0.00, 0.80, 0.00 , 2.015575E-009, -2.069330E-009, -1.079434E-011, -1.287420E-012, 2.150400E+004 1.570926E+074 2.150400E+004, Tue Aug 11 19:36:11 2015
0.70, 0.00, 0.80, 0.00 , 2.090982E-009, -2.163040E-009, -1.075241E-011, -1.296380E-012, 2.150400E+004 1.570926E+074 2.150400E+004, Tue Aug 11 19:36:16 2015
0.75, 0.00, 0.80, 0.00 , 2.197104E-009, -2.271530E-009, -8.362663E-012, -1.385450E-012, 2.150400E+004 1.570926E+074 2.150400E+004, Tue Aug 11 19:36:24 2015
0.80, 0.00, 0.80, 0.00 , 2.318502E-009, -2.374610E-009, -1.083627E-011, -1.659200E-012, 2.150400E+004 1.570926E+074 2.150400E+004, Tue Aug 11 19:36:28 2015
0.85, 0.00, 0.80, 0.00 , 2.434500E-009, -2.485230E-009, -1.012354E-011, -1.718970E-012, 2.150400E+004 1.570926E+074 2.150400E+004, Tue Aug 11 19:36:34 2015
0.90, 0.00, 0.80, 0.00 , 2.538091E-009, -2.599550E-009, -1.075243E-011, -2.040800E-012, 2.150400E+004 1.570926E+074 2.150400E+004, Tue Aug 11 19:36:38 2015
0.95, 0.00, 0.80, 0.00 , 2.641390E-009, -2.707450E-009, -9.830057E-012, -2.045230E-012, 2.150400E+004 1.570926E+074 2.150400E+004, Tue Aug 11 19:36:45 2015
1.00, 0.00, 0.80, 0.00 , 2.800808E-009, -2.859050E-009, -1.087819E-011, -2.240630E-012, 2.150400E+004 1.570926E+074 2.150400E+004, Tue Aug 11 19:36:50 2015
1.05, 0.00, 0.80, 0.00 , 2.918534E-009, -2.919570E-009, -9.913905E-012, -2.685460E-012, 2.150400E+004 1.570926E+074 2.150400E+004, Tue Aug 11 19:36:53 2015
1.10, 0.00, 0.80, 0.00 , 2.972164E-009, -2.994750E-009, -1.192633E-011, -2.818190E-012, 2.150400E+004 1.570926E+074 2.150400E+004, Tue Aug 11 19:36:57 2015
1.15, 0.00, 0.80, 0.00 , 3.160781E-009, -3.223090E-009, -1.221980E-011, -3.236190E-012, 2.150400E+004 1.570926E+074 2.150400E+004, Tue Aug 11 19:37:01 2015
1.20, 0.00, 0.80, 0.00 , 3.336737E-009, -3.345790E-009, -1.100397E-011, -3.344020E-012, 2.150400E+004 1.570926E+074 2.150400E+004, Tue Aug 11 19:37:04 2015
1.25, 0.00, 0.80, 0.00 , 3.480333E-009, -3.506600E-009, -1.188440E-011, -3.621380E-012, 2.150400E+004 1.570926E+074 2.150400E+004, Tue Aug 11 19:37:08 2015
1.30, 0.00, 0.80, 0.00 , 3.597931E-009, -3.606930E-009, -1.343563E-011, -3.528810E-012, 2.150400E+004 1.570926E+074 2.150400E+004, Tue Aug 11 19:37:13 2015
1.35, 0.00, 0.80, 0.00 , 3.747309E-009, -3.790040E-009, -1.238750E-011, -3.892800E-012, 2.150400E+004 1.570926E+074 2.150400E+004, Tue Aug 11 19:37:16 2015
1.40, 0.00, 0.80, 0.00 , 3.950186E-009, -3.970880E-009, -1.129745E-011, -4.164330E-012, 2.150400E+004 1.570926E+074 2.150400E+004, Tue Aug 11 19:37:20 2015
1.45, 0.00, 0.80, 0.00 , 4.056058E-009, -4.051770E-009, -1.167478E-011, -4.521210E-012, 2.150400E+004 1.570926E+074 2.150400E+004, Tue Aug 11 19:37:24 2015
1.50, 0.00, 0.80, 0.00 , 4.209568E-009, -4.203800E-009, -1.276483E-011, -4.572820E-012, 2.150400E+004 1.570926E+074 2.150400E+004, Tue Aug 11 19:37:27 2015
1.55, 0.00, 0.80, 0.00 , 4.392531E-009, -4.460460E-009, -1.075243E-011, -4.652070E-012, 2.150400E+004 1.570926E+074 2.150400E+004, Tue Aug 11 19:37:31 2015
1.60, 0.00, 0.80, 0.00 , 4.588194E-009, -4.561330E-009, -1.431607E-011, -5.587530E-012, 2.150400E+004 1.570926E+074 2.150400E+004, Tue Aug 11 19:37:35 2015
1.65, 0.00, 0.80, 0.00 , 4.734027E-009, -4.747450E-009, -1.347756E-011, -5.941050E-012, 2.150400E+004 1.570926E+074 2.150400E+004, Tue Aug 11 19:37:38 2015
1.70, 0.00, 0.80, 0.00 , 4.902724E-009, -4.856480E-009, -1.389680E-011, -6.430960E-012, 2.150400E+004 1.570926E+074 2.150400E+004, Tue Aug 11 19:37:42 2015
1.75, 0.00, 0.80, 0.00 , 5.045979E-009, -5.031550E-009, -1.347756E-011, -7.252250E-012, 2.150400E+004 1.570926E+074 2.150400E+004, Tue Aug 11 19:37:46 2015
1.80, 0.00, 0.80, 0.00 , 5.210589E-009, -5.223080E-009, -1.167477E-011, -8.280900E-012, 2.150400E+004 1.570926E+074 2.150400E+004, Tue Aug 11 19:37:50 2015
1.85, 0.00, 0.80, 0.00 , 5.347682E-009, -5.343360E-009, -1.372911E-011, -9.457480E-012, 2.150400E+004 1.570926E+074 2.150400E+004, Tue Aug 11 19:37:54 2015
1.90, 0.00, 0.80, 0.00 , 5.606513E-009, -5.554040E-009, -1.297445E-011, -1.076010E-011, 2.150400E+004 1.570926E+074 2.150400E+004, Tue Aug 11 19:37:58 2015
1.95, 0.00, 0.80, 0.00 , 5.767156E-009, -5.792220E-009, -1.347756E-011, -1.199010E-011, 2.150400E+004 1.570926E+074 2.150400E+004, Tue Aug 11 19:38:01 2015
2.00, 0.00, 0.80, 0.00 , 5.913029E-009, -5.910450E-009, -1.251327E-011, -1.407640E-011, 2.150400E+004 1.570926E+074 2.150400E+004, Tue Aug 11 19:38:05 2015
