0.00, 0.00, 2.00, 0.00 , 1.244224E-008, -1.221200E-008, 1.632348E-010, 2.987960E-012, 2.150400E+004 1.570926E+074 2.150400E+004, Sun Aug 16 17:22:43 2015
0.05, 0.00, 2.00, 0.00 , 6.400662E-006, -6.405390E-006, 1.592100E-010, 1.408160E-012, 2.150400E+004 1.570926E+074 2.150400E+004, Sun Aug 16 17:22:47 2015
0.10, 0.00, 2.00, 0.00 , 1.246440E-005, -1.245190E-005, 1.559818E-010, 4.704120E-013, 2.150400E+004 1.570926E+074 2.150400E+004, Sun Aug 16 17:22:50 2015
0.15, 0.00, 2.00, 0.00 , 1.817966E-005, -1.815580E-005, 1.543466E-010, -9.041190E-013, 2.150400E+004 1.570926E+074 2.150400E+004, Sun Aug 16 17:22:54 2015
0.20, 0.00, 2.00, 0.00 , 2.352921E-005, -2.353360E-005, 1.525020E-010, -1.052400E-012, 2.150400E+004 1.570926E+074 2.150400E+004, Sun Aug 16 17:22:58 2015
0.25, 0.00, 2.00, 0.00 , 2.845423E-005, -2.849540E-005, 1.503639E-010, -1.497240E-012, 2.150400E+004 1.570926E+074 2.150400E+004, Sun Aug 16 17:23:01 2015
0.30, 0.00, 2.00, 0.00 , 3.309425E-005, -3.314740E-005, 1.494835E-010, -2.470240E-012, 2.150400E+004 1.570926E+074 2.150400E+004, Sun Aug 16 17:23:05 2015
0.35, 0.00, 2.00, 0.00 , 3.731068E-005, -3.731680E-005, 1.496512E-010, -3.260560E-012, 2.150400E+004 1.570926E+074 2.150400E+004, Sun Aug 16 17:23:08 2015
0.40, 0.00, 2.00, 0.00 , 4.105232E-005, -4.105010E-005, 1.484354E-010, -4.305410E-012, 2.150400E+004 1.570926E+074 2.150400E+004, Sun Aug 16 17:23:12 2015
0.45, 0.00, 2.00, 0.00 , 4.445434E-005, -4.445620E-005, 1.499026E-010, -4.734190E-012, 2.150400E+004 1.570926E+074 2.150400E+004, Sun Aug 16 17:23:15 2015
0.50, 0.00, 2.00, 0.00 , 4.756926E-005, -4.754490E-005, 1.514538E-010, -5.096600E-012, 2.150400E+004 1.570926E+074 2.150400E+004, Sun Aug 16 17:23:19 2015
0.55, 0.00, 2.00, 0.00 , 5.035342E-005, -5.036050E-005, 1.523762E-010, -6.484340E-012, 2.150400E+004 1.570926E+074 2.150400E+004, Sun Aug 16 17:23:22 2015
0.60, 0.00, 2.00, 0.00 , 5.266045E-005, -5.267760E-005, 1.501542E-010, -6.435200E-012, 2.150400E+004 1.570926E+074 2.150400E+004, Sun Aug 16 17:23:26 2015
0.65, 0.00, 2.00, 0.00 , 5.462481E-005, -5.465410E-005, 1.499865E-010, -7.551540E-012, 2.150400E+004 1.570926E+074 2.150400E+004, Sun Aug 16 17:23:29 2015
0.70, 0.00, 2.00, 0.00 , 5.636342E-005, -5.636550E-005, 1.463391E-010, -8.660350E-012, 2.150400E+004 1.570926E+074 2.150400E+004, Sun Aug 16 17:23:33 2015
0.75, 0.00, 2.00, 0.00 , 5.780726E-005, -5.791410E-005, 1.485192E-010, -8.722890E-012, 2.150400E+004 1.570926E+074 2.150400E+004, Sun Aug 16 17:23:37 2015
0.80, 0.00, 2.00, 0.00 , 5.925636E-005, -5.911900E-005, 1.468841E-010, -9.395410E-012, 2.150400E+004 1.570926E+074 2.150400E+004, Sun Aug 16 17:23:40 2015
0.85, 0.00, 2.00, 0.00 , 6.027457E-005, -6.016010E-005, 1.470937E-010, -1.008830E-011, 2.150400E+004 1.570926E+074 2.150400E+004, Sun Aug 16 17:23:44 2015
0.90, 0.00, 2.00, 0.00 , 6.125905E-005, -6.122420E-005, 1.469260E-010, -1.099770E-011, 2.150400E+004 1.570926E+074 2.150400E+004, Sun Aug 16 17:23:47 2015
0.95, 0.00, 2.00, 0.00 , 6.206571E-005, -6.199180E-005, 1.456265E-010, -1.158510E-011, 2.150400E+004 1.570926E+074 2.150400E+004, Sun Aug 16 17:23:51 2015
1.00, 0.00, 2.00, 0.00 , 6.285395E-005, -6.280750E-005, 1.462972E-010, -1.269770E-011, 2.150400E+004 1.570926E+074 2.150400E+004, Sun Aug 16 17:23:54 2015
1.05, 0.00, 2.00, 0.00 , 6.349649E-005, -6.354490E-005, 1.469680E-010, -1.220360E-011, 2.150400E+004 1.570926E+074 2.150400E+004, Sun Aug 16 17:23:58 2015
1.10, 0.00, 2.00, 0.00 , 6.401713E-005, -6.402560E-005, 1.468842E-010, -1.370260E-011, 2.150400E+004 1.570926E+074 2.150400E+004, Sun Aug 16 17:24:01 2015
1.15, 0.00, 2.00, 0.00 , 6.440309E-005, -6.436780E-005, 1.495253E-010, -1.407940E-011, 2.150400E+004 1.570926E+074 2.150400E+004, Sun Aug 16 17:24:05 2015
1.20, 0.00, 2.00, 0.00 , 6.513875E-005, -6.504300E-005, 1.480581E-010, -1.473980E-011, 2.150400E+004 1.570926E+074 2.150400E+004, Sun Aug 16 17:24:08 2015
1.25, 0.00, 2.00, 0.00 , 6.562757E-005, -6.563910E-005, 1.494835E-010, -1.514810E-011, 2.150400E+004 1.570926E+074 2.150400E+004, Sun Aug 16 17:24:12 2015
1.30, 0.00, 2.00, 0.00 , 6.608020E-005, -6.618290E-005, 1.461714E-010, -1.634220E-011, 2.150400E+004 1.570926E+074 2.150400E+004, Sun Aug 16 17:24:16 2015
1.35, 0.00, 2.00, 0.00 , 6.651119E-005, -6.641200E-005, 1.465070E-010, -1.682920E-011, 2.150400E+004 1.570926E+074 2.150400E+004, Sun Aug 16 17:24:19 2015
1.40, 0.00, 2.00, 0.00 , 6.669514E-005, -6.671790E-005, 1.452910E-010, -1.830620E-011, 2.150400E+004 1.570926E+074 2.150400E+004, Sun Aug 16 17:24:23 2015
1.45, 0.00, 2.00, 0.00 , 6.720821E-005, -6.728840E-005, 1.425659E-010, -1.818710E-011, 2.150400E+004 1.570926E+074 2.150400E+004, Sun Aug 16 17:24:26 2015
1.50, 0.00, 2.00, 0.00 , 6.748008E-005, -6.736170E-005, 1.449137E-010, -2.038710E-011, 2.150400E+004 1.570926E+074 2.150400E+004, Sun Aug 16 17:24:30 2015
1.55, 0.00, 2.00, 0.00 , 6.789558E-005, -6.796560E-005, 1.444106E-010, -2.370150E-011, 2.150400E+004 1.570926E+074 2.150400E+004, Sun Aug 16 17:24:33 2015
1.60, 0.00, 2.00, 0.00 , 6.858898E-005, -6.858440E-005, 1.430270E-010, -2.886730E-011, 2.150400E+004 1.570926E+074 2.150400E+004, Sun Aug 16 17:24:37 2015
1.65, 0.00, 2.00, 0.00 , 6.888853E-005, -6.891900E-005, 1.423983E-010, -3.681780E-011, 2.150400E+004 1.570926E+074 2.150400E+004, Sun Aug 16 17:24:40 2015
1.70, 0.00, 2.00, 0.00 , 6.923889E-005, -6.927470E-005, 1.459200E-010, -5.289110E-011, 2.150400E+004 1.570926E+074 2.150400E+004, Sun Aug 16 17:24:44 2015
1.75, 0.00, 2.00, 0.00 , 6.980114E-005, -6.977880E-005, 1.491062E-010, -7.895630E-011, 2.150400E+004 1.570926E+074 2.150400E+004, Sun Aug 16 17:24:48 2015
1.80, 0.00, 2.00, 0.00 , 7.015142E-005, -7.023760E-005, 1.499028E-010, -1.247360E-010, 2.150400E+004 1.570926E+074 2.150400E+004, Sun Aug 16 17:24:52 2015
1.85, 0.00, 2.00, 0.00 , 7.036405E-005, -7.037140E-005, 1.502379E-010, -1.969640E-010, 2.150400E+004 1.570926E+074 2.150400E+004, Sun Aug 16 17:24:56 2015
1.90, 0.00, 2.00, 0.00 , 7.071402E-005, -7.066700E-005, 1.488546E-010, -3.134470E-010, 2.150400E+004 1.570926E+074 2.150400E+004, Sun Aug 16 17:24:59 2015
1.95, 0.00, 2.00, 0.00 , 7.119878E-005, -7.115890E-005, 1.489803E-010, -4.960040E-010, 2.150400E+004 1.570926E+074 2.150400E+004, Sun Aug 16 17:25:02 2015
2.00, 0.00, 2.00, 0.00 , 7.145767E-005, -7.152910E-005, 1.492737E-010, -7.814570E-010, 2.150400E+004 1.570926E+074 2.150400E+004, Sun Aug 16 17:25:06 2015
