0.00, 0.00, 0.00, 0.00 , -4.060395E-011, -1.312570E-010, -3.171574E-011, 2.792430E-012, 2.150400E+004 1.570926E+074 2.150400E+004, Sun Aug 16 17:03:52 2015
0.05, 0.00, 0.00, 0.00 , -2.566549E-011, -1.343260E-010, -3.792120E-011, 2.085360E-012, 2.150400E+004 1.570926E+074 2.150400E+004, Sun Aug 16 17:04:00 2015
0.10, 0.00, 0.00, 0.00 , -7.730914E-012, -1.370510E-010, -5.020633E-011, 1.382340E-012, 2.150400E+004 1.570926E+074 2.150400E+004, Sun Aug 16 17:04:03 2015
0.15, 0.00, 0.00, 0.00 , 5.856864E-012, -1.390100E-010, -3.582476E-011, 5.996350E-013, 2.150400E+004 1.570926E+074 2.150400E+004, Sun Aug 16 17:04:07 2015
0.20, 0.00, 0.00, 0.00 , 7.586891E-012, -1.413590E-010, -3.716648E-011, -1.622920E-013, 2.150400E+004 1.570926E+074 2.150400E+004, Sun Aug 16 17:04:13 2015
0.25, 0.00, 0.00, 0.00 , 1.252377E-011, -1.449710E-010, -3.683105E-011, -1.572730E-013, 2.150400E+004 1.570926E+074 2.150400E+004, Sun Aug 16 17:04:29 2015
0.30, 0.00, 0.00, 0.00 , 2.345242E-011, -1.483700E-010, -3.595055E-011, -9.185550E-013, 2.150400E+004 1.570926E+074 2.150400E+004, Sun Aug 16 17:04:39 2015
0.35, 0.00, 0.00, 0.00 , 3.484524E-011, -1.515280E-010, -3.691491E-011, -1.582170E-012, 2.150400E+004 1.570926E+074 2.150400E+004, Sun Aug 16 17:04:48 2015
0.40, 0.00, 0.00, 0.00 , 4.096356E-011, -1.532670E-010, -3.846628E-011, -2.035000E-012, 2.150400E+004 1.570926E+074 2.150400E+004, Sun Aug 16 17:05:00 2015
0.45, 0.00, 0.00, 0.00 , 5.298933E-011, -1.562780E-010, -3.745999E-011, -2.707650E-012, 2.150400E+004 1.570926E+074 2.150400E+004, Sun Aug 16 17:05:07 2015
0.50, 0.00, 0.00, 0.00 , 6.425552E-011, -1.602770E-010, -3.754384E-011, -3.302170E-012, 2.150400E+004 1.570926E+074 2.150400E+004, Sun Aug 16 17:05:17 2015
0.55, 0.00, 0.00, 0.00 , 7.953036E-011, -1.633020E-010, -3.880170E-011, -4.056850E-012, 2.150400E+004 1.570926E+074 2.150400E+004, Sun Aug 16 17:05:23 2015
0.60, 0.00, 0.00, 0.00 , 8.391870E-011, -1.655780E-010, -3.779542E-011, -4.502460E-012, 2.150400E+004 1.570926E+074 2.150400E+004, Sun Aug 16 17:05:33 2015
0.65, 0.00, 0.00, 0.00 , 9.311735E-011, -1.672550E-010, -3.582476E-011, -4.997740E-012, 2.150400E+004 1.570926E+074 2.150400E+004, Sun Aug 16 17:05:42 2015
0.70, 0.00, 0.00, 0.00 , 1.023161E-010, -1.690090E-010, -3.645370E-011, -5.453750E-012, 2.150400E+004 1.570926E+074 2.150400E+004, Sun Aug 16 17:05:51 2015
0.75, 0.00, 0.00, 0.00 , 1.167047E-010, -1.711910E-010, -3.871785E-011, -6.373170E-012, 2.150400E+004 1.570926E+074 2.150400E+004, Sun Aug 16 17:05:57 2015
0.80, 0.00, 0.00, 0.00 , 1.300385E-010, -1.736370E-010, -3.624406E-011, -6.778650E-012, 2.150400E+004 1.570926E+074 2.150400E+004, Sun Aug 16 17:06:03 2015
0.85, 0.00, 0.00, 0.00 , 1.353551E-010, -1.744750E-010, -3.716647E-011, -7.638680E-012, 2.150400E+004 1.570926E+074 2.150400E+004, Sun Aug 16 17:06:12 2015
0.90, 0.00, 0.00, 0.00 , 1.475074E-010, -1.756510E-010, -3.829856E-011, -8.143970E-012, 2.150400E+004 1.570926E+074 2.150400E+004, Sun Aug 16 17:06:19 2015
0.95, 0.00, 0.00, 0.00 , 1.540899E-010, -1.758010E-010, -3.775348E-011, -8.493970E-012, 2.150400E+004 1.570926E+074 2.150400E+004, Sun Aug 16 17:06:30 2015
1.00, 0.00, 0.00, 0.00 , 1.660313E-010, -1.770130E-010, -3.884363E-011, -9.290180E-012, 2.150400E+004 1.570926E+074 2.150400E+004, Sun Aug 16 17:06:37 2015
1.05, 0.00, 0.00, 0.00 , 1.801246E-010, -1.786170E-010, -3.699877E-011, -1.001900E-011, 2.150400E+004 1.570926E+074 2.150400E+004, Sun Aug 16 17:06:43 2015
1.10, 0.00, 0.00, 0.00 , 1.887325E-010, -1.783540E-010, -3.792120E-011, -1.062180E-011, 2.150400E+004 1.570926E+074 2.150400E+004, Sun Aug 16 17:06:51 2015
1.15, 0.00, 0.00, 0.00 , 2.050199E-010, -1.817870E-010, -3.783734E-011, -1.089570E-011, 2.150400E+004 1.570926E+074 2.150400E+004, Sun Aug 16 17:06:57 2015
1.20, 0.00, 0.00, 0.00 , 2.151468E-010, -1.833510E-010, -3.880170E-011, -1.146250E-011, 2.150400E+004 1.570926E+074 2.150400E+004, Sun Aug 16 17:07:04 2015
1.25, 0.00, 0.00, 0.00 , 2.251473E-010, -1.834850E-010, -3.888556E-011, -1.197880E-011, 2.150400E+004 1.570926E+074 2.150400E+004, Sun Aug 16 17:07:11 2015
1.30, 0.00, 0.00, 0.00 , 2.286495E-010, -1.823350E-010, -3.683106E-011, -1.259740E-011, 2.150400E+004 1.570926E+074 2.150400E+004, Sun Aug 16 17:07:21 2015
1.35, 0.00, 0.00, 0.00 , 2.413082E-010, -1.823590E-010, -3.687297E-011, -1.326170E-011, 2.150400E+004 1.570926E+074 2.150400E+004, Sun Aug 16 17:07:26 2015
1.40, 0.00, 0.00, 0.00 , 2.598321E-010, -1.840770E-010, -3.427340E-011, -1.391220E-011, 2.150400E+004 1.570926E+074 2.150400E+004, Sun Aug 16 17:07:31 2015
1.45, 0.00, 0.00, 0.00 , 2.662036E-010, -1.835490E-010, -3.875978E-011, -1.434800E-011, 2.150400E+004 1.570926E+074 2.150400E+004, Sun Aug 16 17:07:37 2015
1.50, 0.00, 0.00, 0.00 , 2.709717E-010, -1.830520E-010, -3.842434E-011, -1.489930E-011, 2.150400E+004 1.570926E+074 2.150400E+004, Sun Aug 16 17:07:44 2015
1.55, 0.00, 0.00, 0.00 , 2.739674E-010, -1.816310E-010, -3.712456E-011, -1.521170E-011, 2.150400E+004 1.570926E+074 2.150400E+004, Sun Aug 16 17:07:51 2015
1.60, 0.00, 0.00, 0.00 , 2.891581E-010, -1.823100E-010, -4.060466E-011, -1.580580E-011, 2.150400E+004 1.570926E+074 2.150400E+004, Sun Aug 16 17:07:57 2015
1.65, 0.00, 0.00, 0.00 , 2.973018E-010, -1.820850E-010, -4.014343E-011, -1.689600E-011, 2.150400E+004 1.570926E+074 2.150400E+004, Sun Aug 16 17:08:03 2015
1.70, 0.00, 0.00, 0.00 , 3.042219E-010, -1.813830E-010, -3.926291E-011, -1.737500E-011, 2.150400E+004 1.570926E+074 2.150400E+004, Sun Aug 16 17:08:08 2015
1.75, 0.00, 0.00, 0.00 , 3.244335E-010, -1.823120E-010, -3.855013E-011, -1.772340E-011, 2.150400E+004 1.570926E+074 2.150400E+004, Sun Aug 16 17:08:13 2015
1.80, 0.00, 0.00, 0.00 , 3.287794E-010, -1.803860E-010, -3.842434E-011, -1.800750E-011, 2.150400E+004 1.570926E+074 2.150400E+004, Sun Aug 16 17:08:18 2015
1.85, 0.00, 0.00, 0.00 , 3.346869E-010, -1.813340E-010, -3.938871E-011, -1.900090E-011, 2.150400E+004 1.570926E+074 2.150400E+004, Sun Aug 16 17:08:24 2015
1.90, 0.00, 0.00, 0.00 , 3.448983E-010, -1.809740E-010, -3.850820E-011, -1.912000E-011, 2.150400E+004 1.570926E+074 2.150400E+004, Sun Aug 16 17:08:29 2015
1.95, 0.00, 0.00, 0.00 , 3.392440E-010, -1.780800E-010, -3.800506E-011, -1.985470E-011, 2.150400E+004 1.570926E+074 2.150400E+004, Sun Aug 16 17:08:35 2015
2.00, 0.00, 0.00, 0.00 , 3.475991E-010, -1.765170E-010, -3.934678E-011, -2.033020E-011, 2.150400E+004 1.570926E+074 2.150400E+004, Sun Aug 16 17:08:42 2015
