0.00, 0.00, 0.80, 0.00 , -2.131939E-011, -1.226490E-011, -3.096115E-011, -7.305860E-013, 2.150400E+004 1.570926E+074 2.150400E+004, Tue Aug 04 22:42:21 2015
0.05, 0.00, 0.80, 0.00 , 6.798166E-010, -7.113610E-010, -3.083536E-011, -7.679700E-013, 2.150400E+004 1.570926E+074 2.150400E+004, Tue Aug 04 22:42:28 2015
0.10, 0.00, 0.80, 0.00 , 9.352307E-010, -9.737670E-010, -3.230289E-011, -7.610200E-013, 2.150400E+004 1.570926E+074 2.150400E+004, Tue Aug 04 22:42:32 2015
0.15, 0.00, 0.80, 0.00 , 1.070005E-009, -1.097060E-009, -3.104500E-011, -7.735010E-013, 2.150400E+004 1.570926E+074 2.150400E+004, Tue Aug 04 22:42:38 2015
0.20, 0.00, 0.80, 0.00 , 1.178957E-009, -1.211920E-009, -3.175781E-011, -7.623670E-013, 2.150400E+004 1.570926E+074 2.150400E+004, Tue Aug 04 22:42:42 2015
0.25, 0.00, 0.80, 0.00 , 1.274236E-009, -1.311920E-009, -3.129658E-011, -7.316710E-013, 2.150400E+004 1.570926E+074 2.150400E+004, Tue Aug 04 22:42:50 2015
0.30, 0.00, 0.80, 0.00 , 1.386816E-009, -1.432380E-009, -3.163202E-011, -7.467630E-013, 2.150400E+004 1.570926E+074 2.150400E+004, Tue Aug 04 22:42:53 2015
0.35, 0.00, 0.80, 0.00 , 1.500957E-009, -1.529370E-009, -3.079344E-011, -7.503990E-013, 2.150400E+004 1.570926E+074 2.150400E+004, Tue Aug 04 22:43:03 2015
0.40, 0.00, 0.80, 0.00 , 1.602946E-009, -1.641170E-009, -3.221904E-011, -7.490990E-013, 2.150400E+004 1.570926E+074 2.150400E+004, Tue Aug 04 22:43:08 2015
0.45, 0.00, 0.80, 0.00 , 1.724346E-009, -1.749460E-009, -3.167395E-011, -7.406000E-013, 2.150400E+004 1.570926E+074 2.150400E+004, Tue Aug 04 22:43:15 2015
0.50, 0.00, 0.80, 0.00 , 1.838106E-009, -1.874930E-009, -3.268026E-011, -7.539750E-013, 2.150400E+004 1.570926E+074 2.150400E+004, Tue Aug 04 22:43:19 2015
0.55, 0.00, 0.80, 0.00 , 1.960052E-009, -2.007340E-009, -3.263833E-011, -7.808920E-013, 2.150400E+004 1.570926E+074 2.150400E+004, Tue Aug 04 22:43:22 2015
0.60, 0.00, 0.80, 0.00 , 2.088415E-009, -2.111970E-009, -3.079343E-011, -7.853270E-013, 2.150400E+004 1.570926E+074 2.150400E+004, Tue Aug 04 22:43:26 2015
0.65, 0.00, 0.80, 0.00 , 2.228000E-009, -2.221270E-009, -3.263833E-011, -7.591130E-013, 2.150400E+004 1.570926E+074 2.150400E+004, Tue Aug 04 22:43:31 2015
0.70, 0.00, 0.80, 0.00 , 2.403961E-009, -2.438280E-009, -3.230290E-011, -7.479190E-013, 2.150400E+004 1.570926E+074 2.150400E+004, Tue Aug 04 22:43:37 2015
0.75, 0.00, 0.80, 0.00 , 2.523924E-009, -2.569770E-009, -3.167396E-011, -7.169960E-013, 2.150400E+004 1.570926E+074 2.150400E+004, Tue Aug 04 22:43:41 2015
0.80, 0.00, 0.80, 0.00 , 2.662835E-009, -2.682280E-009, -3.276412E-011, -7.276650E-013, 2.150400E+004 1.570926E+074 2.150400E+004, Tue Aug 04 22:43:45 2015
0.85, 0.00, 0.80, 0.00 , 2.810100E-009, -2.848720E-009, -3.108695E-011, -7.260800E-013, 2.150400E+004 1.570926E+074 2.150400E+004, Tue Aug 04 22:43:51 2015
0.90, 0.00, 0.80, 0.00 , 2.973190E-009, -2.983390E-009, -3.318341E-011, -7.169960E-013, 2.150400E+004 1.570926E+074 2.150400E+004, Tue Aug 04 22:43:54 2015
0.95, 0.00, 0.80, 0.00 , 3.104419E-009, -3.125420E-009, -3.259640E-011, -6.934880E-013, 2.150400E+004 1.570926E+074 2.150400E+004, Tue Aug 04 22:43:59 2015
1.00, 0.00, 0.80, 0.00 , 3.276074E-009, -3.295060E-009, -3.213518E-011, -7.801770E-013, 2.150400E+004 1.570926E+074 2.150400E+004, Tue Aug 04 22:44:03 2015
1.05, 0.00, 0.80, 0.00 , 3.409076E-009, -3.457200E-009, -3.247061E-011, -7.883190E-013, 2.150400E+004 1.570926E+074 2.150400E+004, Tue Aug 04 22:44:06 2015
1.10, 0.00, 0.80, 0.00 , 3.593939E-009, -3.619430E-009, -3.301569E-011, -7.860180E-013, 2.150400E+004 1.570926E+074 2.150400E+004, Tue Aug 04 22:44:10 2015
1.15, 0.00, 0.80, 0.00 , 3.740746E-009, -3.786760E-009, -3.288991E-011, -8.015870E-013, 2.150400E+004 1.570926E+074 2.150400E+004, Tue Aug 04 22:44:14 2015
1.20, 0.00, 0.80, 0.00 , 3.931806E-009, -3.951530E-009, -3.368657E-011, -7.820610E-013, 2.150400E+004 1.570926E+074 2.150400E+004, Tue Aug 04 22:44:17 2015
1.25, 0.00, 0.80, 0.00 , 4.175576E-009, -4.218450E-009, -3.330920E-011, -7.708310E-013, 2.150400E+004 1.570926E+074 2.150400E+004, Tue Aug 04 22:44:21 2015
1.30, 0.00, 0.80, 0.00 , 4.502599E-009, -4.534740E-009, -3.322534E-011, -8.256910E-013, 2.150400E+004 1.570926E+074 2.150400E+004, Tue Aug 04 22:44:29 2015
1.35, 0.00, 0.80, 0.00 , 4.602817E-009, -4.666510E-009, -3.318341E-011, -8.907200E-013, 2.150400E+004 1.570926E+074 2.150400E+004, Tue Aug 04 22:44:34 2015
1.40, 0.00, 0.80, 0.00 , 4.978783E-009, -5.014230E-009, -3.389622E-011, -9.742260E-013, 2.150400E+004 1.570926E+074 2.150400E+004, Tue Aug 04 22:44:37 2015
1.45, 0.00, 0.80, 0.00 , 5.125123E-009, -5.150880E-009, -3.364464E-011, -1.110570E-012, 2.150400E+004 1.570926E+074 2.150400E+004, Tue Aug 04 22:44:41 2015
1.50, 0.00, 0.80, 0.00 , 5.379227E-009, -5.500200E-009, -3.427358E-011, -1.268920E-012, 2.150400E+004 1.570926E+074 2.150400E+004, Tue Aug 04 22:44:50 2015
1.55, 0.00, 0.80, 0.00 , 5.720555E-009, -5.689400E-009, -3.335113E-011, -1.518810E-012, 2.150400E+004 1.570926E+074 2.150400E+004, Tue Aug 04 22:44:55 2015
1.60, 0.00, 0.80, 0.00 , 6.033692E-009, -6.008390E-009, -3.389622E-011, -1.890400E-012, 2.150400E+004 1.570926E+074 2.150400E+004, Tue Aug 04 22:44:59 2015
1.65, 0.00, 0.80, 0.00 , 6.251210E-009, -6.231220E-009, -3.293184E-011, -2.352270E-012, 2.150400E+004 1.570926E+074 2.150400E+004, Tue Aug 04 22:45:02 2015
1.70, 0.00, 0.80, 0.00 , 6.538574E-009, -6.573510E-009, -3.330920E-011, -2.986200E-012, 2.150400E+004 1.570926E+074 2.150400E+004, Tue Aug 04 22:45:06 2015
1.75, 0.00, 0.80, 0.00 , 6.795037E-009, -6.797950E-009, -3.297377E-011, -3.835700E-012, 2.150400E+004 1.570926E+074 2.150400E+004, Tue Aug 04 22:45:10 2015
1.80, 0.00, 0.80, 0.00 , 7.199918E-009, -7.150400E-009, -3.385428E-011, -4.791020E-012, 2.150400E+004 1.570926E+074 2.150400E+004, Tue Aug 04 22:45:15 2015
1.85, 0.00, 0.80, 0.00 , 7.400734E-009, -7.422090E-009, -3.448323E-011, -6.046660E-012, 2.150400E+004 1.570926E+074 2.150400E+004, Tue Aug 04 22:45:21 2015
1.90, 0.00, 0.80, 0.00 , 7.784253E-009, -7.727720E-009, -3.351885E-011, -7.630750E-012, 2.150400E+004 1.570926E+074 2.150400E+004, Tue Aug 04 22:45:25 2015
1.95, 0.00, 0.80, 0.00 , 8.138696E-009, -8.054910E-009, -3.385428E-011, -9.787290E-012, 2.150400E+004 1.570926E+074 2.150400E+004, Tue Aug 04 22:45:29 2015
2.00, 0.00, 0.80, 0.00 , 8.432136E-009, -8.450650E-009, -3.481867E-011, -1.225480E-011, 2.150400E+004 1.570926E+074 2.150400E+004, Tue Aug 04 22:45:32 2015
