0.00, 0.00, 1.60, 0.00 , 2.354638E-012, 1.142580E-010, -5.595621E-012, -2.456890E-012, 2.150400E+004 1.570926E+074 2.150400E+004, Mon Aug 03 18:36:08 2015
0.05, 0.00, 1.60, 0.00 , 1.362073E-006, -1.359780E-006, -1.590922E-011, -1.858990E-012, 2.150400E+004 1.570926E+074 2.150400E+004, Mon Aug 03 18:36:13 2015
0.10, 0.00, 1.60, 0.00 , 4.071399E-006, -4.068840E-006, -1.612729E-012, -1.987200E-012, 2.150400E+004 1.570926E+074 2.150400E+004, Mon Aug 03 18:36:17 2015
0.15, 0.00, 1.60, 0.00 , 7.216441E-006, -7.209590E-006, -2.367374E-012, -2.040730E-012, 2.150400E+004 1.570926E+074 2.150400E+004, Mon Aug 03 18:36:20 2015
0.20, 0.00, 1.60, 0.00 , 1.014613E-005, -1.014230E-005, 1.238194E-012, -2.075360E-012, 2.150400E+004 1.570926E+074 2.150400E+004, Mon Aug 03 18:36:24 2015
0.25, 0.00, 1.60, 0.00 , 1.267354E-005, -1.266760E-005, -9.955837E-012, -2.864490E-012, 2.150400E+004 1.570926E+074 2.150400E+004, Mon Aug 03 18:36:27 2015
0.30, 0.00, 1.60, 0.00 , 1.469040E-005, -1.468190E-005, -6.685678E-012, -3.013780E-012, 2.150400E+004 1.570926E+074 2.150400E+004, Mon Aug 03 18:36:31 2015
0.35, 0.00, 1.60, 0.00 , 1.622164E-005, -1.621510E-005, -7.943431E-012, -3.235340E-012, 2.150400E+004 1.570926E+074 2.150400E+004, Mon Aug 03 18:36:34 2015
0.40, 0.00, 1.60, 0.00 , 1.732079E-005, -1.731270E-005, -1.356140E-011, -3.159900E-012, 2.150400E+004 1.570926E+074 2.150400E+004, Mon Aug 03 18:36:38 2015
0.45, 0.00, 1.60, 0.00 , 1.803262E-005, -1.802620E-005, -5.344059E-012, -3.338610E-012, 2.150400E+004 1.570926E+074 2.150400E+004, Mon Aug 03 18:36:42 2015
0.50, 0.00, 1.60, 0.00 , 1.845624E-005, -1.845190E-005, -9.913912E-012, -3.101050E-012, 2.150400E+004 1.570926E+074 2.150400E+004, Mon Aug 03 18:36:45 2015
0.55, 0.00, 1.60, 0.00 , 1.866788E-005, -1.866510E-005, -9.704283E-012, -3.472660E-012, 2.150400E+004 1.570926E+074 2.150400E+004, Mon Aug 03 18:36:49 2015
0.60, 0.00, 1.60, 0.00 , 1.875436E-005, -1.875210E-005, -1.045894E-011, -3.536080E-012, 2.150400E+004 1.570926E+074 2.150400E+004, Mon Aug 03 18:36:52 2015
0.65, 0.00, 1.60, 0.00 , 1.878342E-005, -1.878240E-005, -6.979145E-012, -3.591250E-012, 2.150400E+004 1.570926E+074 2.150400E+004, Mon Aug 03 18:36:56 2015
0.70, 0.00, 1.60, 0.00 , 1.878323E-005, -1.878500E-005, -7.482253E-012, -3.712880E-012, 2.150400E+004 1.570926E+074 2.150400E+004, Mon Aug 03 18:36:59 2015
0.75, 0.00, 1.60, 0.00 , 1.877212E-005, -1.877190E-005, -8.446526E-012, -3.531890E-012, 2.150400E+004 1.570926E+074 2.150400E+004, Mon Aug 03 18:37:03 2015
0.80, 0.00, 1.60, 0.00 , 1.875556E-005, -1.875590E-005, -8.194983E-012, -3.664620E-012, 2.150400E+004 1.570926E+074 2.150400E+004, Mon Aug 03 18:37:06 2015
0.85, 0.00, 1.60, 0.00 , 1.873796E-005, -1.873660E-005, -1.906194E-012, -3.587320E-012, 2.150400E+004 1.570926E+074 2.150400E+004, Mon Aug 03 18:37:10 2015
0.90, 0.00, 1.60, 0.00 , 1.872125E-005, -1.872050E-005, -5.805236E-012, -3.517850E-012, 2.150400E+004 1.570926E+074 2.150400E+004, Mon Aug 03 18:37:13 2015
0.95, 0.00, 1.60, 0.00 , 1.870601E-005, -1.870490E-005, -6.434119E-012, -3.743040E-012, 2.150400E+004 1.570926E+074 2.150400E+004, Mon Aug 03 18:37:17 2015
1.00, 0.00, 1.60, 0.00 , 1.869133E-005, -1.869140E-005, -1.272290E-011, -3.435810E-012, 2.150400E+004 1.570926E+074 2.150400E+004, Mon Aug 03 18:37:21 2015
1.05, 0.00, 1.60, 0.00 , 1.868117E-005, -1.868190E-005, -1.096205E-011, -3.726820E-012, 2.150400E+004 1.570926E+074 2.150400E+004, Mon Aug 03 18:37:24 2015
1.10, 0.00, 1.60, 0.00 , 1.867291E-005, -1.867110E-005, -2.828559E-012, -3.341190E-012, 2.150400E+004 1.570926E+074 2.150400E+004, Mon Aug 03 18:37:28 2015
1.15, 0.00, 1.60, 0.00 , 1.866299E-005, -1.866130E-005, -4.966739E-012, -3.577440E-012, 2.150400E+004 1.570926E+074 2.150400E+004, Mon Aug 03 18:37:31 2015
1.20, 0.00, 1.60, 0.00 , 1.865142E-005, -1.865220E-005, -5.092506E-012, -3.897020E-012, 2.150400E+004 1.570926E+074 2.150400E+004, Mon Aug 03 18:37:35 2015
1.25, 0.00, 1.60, 0.00 , 1.864256E-005, -1.864440E-005, -1.146514E-011, -3.803280E-012, 2.150400E+004 1.570926E+074 2.150400E+004, Mon Aug 03 18:37:38 2015
1.30, 0.00, 1.60, 0.00 , 1.863763E-005, -1.863890E-005, -6.517970E-012, -3.838290E-012, 2.150400E+004 1.570926E+074 2.150400E+004, Mon Aug 03 18:37:42 2015
1.35, 0.00, 1.60, 0.00 , 1.864429E-005, -1.864540E-005, -2.073893E-012, -3.568730E-012, 2.150400E+004 1.570926E+074 2.150400E+004, Mon Aug 03 18:37:45 2015
1.40, 0.00, 1.60, 0.00 , 1.871832E-005, -1.872210E-005, -1.121360E-011, -3.534920E-012, 2.150400E+004 1.570926E+074 2.150400E+004, Mon Aug 03 18:37:49 2015
1.45, 0.00, 1.60, 0.00 , 1.910148E-005, -1.912390E-005, -1.314215E-011, -4.025160E-012, 2.150400E+004 1.570926E+074 2.150400E+004, Mon Aug 03 18:37:52 2015
1.50, 0.00, 1.60, 0.00 , 1.990450E-005, -1.992160E-005, -6.727587E-012, -3.722890E-012, 2.150400E+004 1.570926E+074 2.150400E+004, Mon Aug 03 18:37:56 2015
1.55, 0.00, 1.60, 0.00 , 2.079475E-005, -2.079280E-005, -1.364525E-011, -3.319800E-012, 2.150400E+004 1.570926E+074 2.150400E+004, Mon Aug 03 18:38:00 2015
1.60, 0.00, 1.60, 0.00 , 2.144805E-005, -2.144890E-005, -1.058471E-011, -3.745110E-012, 2.150400E+004 1.570926E+074 2.150400E+004, Mon Aug 03 18:38:03 2015
1.65, 0.00, 1.60, 0.00 , 2.210869E-005, -2.211080E-005, -7.943415E-012, -3.667320E-012, 2.150400E+004 1.570926E+074 2.150400E+004, Mon Aug 03 18:38:07 2015
1.70, 0.00, 1.60, 0.00 , 2.284777E-005, -2.284670E-005, -8.320743E-012, -3.927050E-012, 2.150400E+004 1.570926E+074 2.150400E+004, Mon Aug 03 18:38:10 2015
1.75, 0.00, 1.60, 0.00 , 2.354376E-005, -2.354710E-005, -5.637534E-012, -4.337700E-012, 2.150400E+004 1.570926E+074 2.150400E+004, Mon Aug 03 18:38:14 2015
1.80, 0.00, 1.60, 0.00 , 2.420068E-005, -2.420550E-005, 2.621741E-012, -4.340180E-012, 2.150400E+004 1.570926E+074 2.150400E+004, Mon Aug 03 18:38:17 2015
1.85, 0.00, 1.60, 0.00 , 2.485192E-005, -2.485430E-005, -1.565766E-011, -6.212770E-012, 2.150400E+004 1.570926E+074 2.150400E+004, Mon Aug 03 18:38:21 2015
1.90, 0.00, 1.60, 0.00 , 2.548026E-005, -2.547600E-005, 7.065834E-012, -5.103080E-012, 2.150400E+004 1.570926E+074 2.150400E+004, Mon Aug 03 18:38:24 2015
1.95, 0.00, 1.60, 0.00 , 2.616859E-005, -2.617020E-005, -1.695734E-011, -7.298600E-012, 2.150400E+004 1.570926E+074 2.150400E+004, Mon Aug 03 18:38:28 2015
2.00, 0.00, 1.60, 0.00 , 2.707020E-005, -2.707730E-005, -1.188439E-011, -1.121030E-011, 2.150400E+004 1.570926E+074 2.150400E+004, Mon Aug 03 18:38:31 2015
