0.00, 0.00, 0.80, 0.00 , 5.308336E-012, -7.079410E-011, -3.096106E-011, -9.495020E-014, 2.150400E+004 1.570926E+074 2.150400E+004, Sun Jul 26 13:54:36 2015
0.05, 0.00, 0.80, 0.00 , 6.077994E-009, -6.186720E-009, -3.221893E-011, -8.827450E-014, 2.150400E+004 1.570926E+074 2.150400E+004, Sun Jul 26 13:54:43 2015
0.10, 0.00, 0.80, 0.00 , 7.664088E-009, -7.687650E-009, -3.125456E-011, -6.734130E-014, 2.150400E+004 1.570926E+074 2.150400E+004, Sun Jul 26 13:54:46 2015
0.15, 0.00, 0.80, 0.00 , 8.128825E-009, -8.160040E-009, -3.255436E-011, -8.386370E-014, 2.150400E+004 1.570926E+074 2.150400E+004, Sun Jul 26 13:54:50 2015
0.20, 0.00, 0.80, 0.00 , 8.334569E-009, -8.378760E-009, -3.238665E-011, -8.090730E-014, 2.150400E+004 1.570926E+074 2.150400E+004, Sun Jul 26 13:54:55 2015
0.25, 0.00, 0.80, 0.00 , 8.409471E-009, -8.449240E-009, -3.221893E-011, -9.365080E-014, 2.150400E+004 1.570926E+074 2.150400E+004, Sun Jul 26 13:54:59 2015
0.30, 0.00, 0.80, 0.00 , 8.641591E-009, -8.680480E-009, -3.288980E-011, -9.014610E-014, 2.150400E+004 1.570926E+074 2.150400E+004, Sun Jul 26 13:55:03 2015
0.35, 0.00, 0.80, 0.00 , 8.676949E-009, -8.718300E-009, -3.259629E-011, -9.191040E-014, 2.150400E+004 1.570926E+074 2.150400E+004, Sun Jul 26 13:55:08 2015
0.40, 0.00, 0.80, 0.00 , 8.812866E-009, -8.850790E-009, -3.087720E-011, -8.292200E-014, 2.150400E+004 1.570926E+074 2.150400E+004, Sun Jul 26 13:55:11 2015
0.45, 0.00, 0.80, 0.00 , 8.948526E-009, -8.982390E-009, -3.326715E-011, -1.035930E-013, 2.150400E+004 1.570926E+074 2.150400E+004, Sun Jul 26 13:55:15 2015
0.50, 0.00, 0.80, 0.00 , 9.025276E-009, -9.077040E-009, -3.268015E-011, -6.636380E-014, 2.150400E+004 1.570926E+074 2.150400E+004, Sun Jul 26 13:55:20 2015
0.55, 0.00, 0.80, 0.00 , 9.187223E-009, -9.224030E-009, -3.347680E-011, -7.081030E-014, 2.150400E+004 1.570926E+074 2.150400E+004, Sun Jul 26 13:55:23 2015
0.60, 0.00, 0.80, 0.00 , 9.280055E-009, -9.314450E-009, -3.255436E-011, -8.850100E-014, 2.150400E+004 1.570926E+074 2.150400E+004, Sun Jul 26 13:55:27 2015
0.65, 0.00, 0.80, 0.00 , 9.401825E-009, -9.431590E-009, -3.276401E-011, -9.448530E-014, 2.150400E+004 1.570926E+074 2.150400E+004, Sun Jul 26 13:55:31 2015
0.70, 0.00, 0.80, 0.00 , 9.481370E-009, -9.534940E-009, -3.368644E-011, -1.093390E-013, 2.150400E+004 1.570926E+074 2.150400E+004, Sun Jul 26 13:55:34 2015
0.75, 0.00, 0.80, 0.00 , 9.622851E-009, -9.657250E-009, -3.356066E-011, -9.794240E-014, 2.150400E+004 1.570926E+074 2.150400E+004, Sun Jul 26 13:55:38 2015
0.80, 0.00, 0.80, 0.00 , 9.740787E-009, -9.778790E-009, -3.356065E-011, -1.005890E-013, 2.150400E+004 1.570926E+074 2.150400E+004, Sun Jul 26 13:55:41 2015
0.85, 0.00, 0.80, 0.00 , 9.838217E-009, -9.872430E-009, -3.385416E-011, -8.931160E-014, 2.150400E+004 1.570926E+074 2.150400E+004, Sun Jul 26 13:55:45 2015
0.90, 0.00, 0.80, 0.00 , 9.917244E-009, -9.967590E-009, -3.423152E-011, -9.576080E-014, 2.150400E+004 1.570926E+074 2.150400E+004, Sun Jul 26 13:55:49 2015
0.95, 0.00, 0.80, 0.00 , 1.001067E-008, -1.004880E-008, -3.351872E-011, -8.515120E-014, 2.150400E+004 1.570926E+074 2.150400E+004, Sun Jul 26 13:55:55 2015
1.00, 0.00, 0.80, 0.00 , 1.012034E-008, -1.015640E-008, -3.372837E-011, -9.020570E-014, 2.150400E+004 1.570926E+074 2.150400E+004, Sun Jul 26 13:55:58 2015
1.05, 0.00, 0.80, 0.00 , 1.021650E-008, -1.024890E-008, -3.314137E-011, -8.090730E-014, 2.150400E+004 1.570926E+074 2.150400E+004, Sun Jul 26 13:56:02 2015
1.10, 0.00, 0.80, 0.00 , 1.031828E-008, -1.036650E-008, -3.381223E-011, -1.010300E-013, 2.150400E+004 1.570926E+074 2.150400E+004, Sun Jul 26 13:56:05 2015
1.15, 0.00, 0.80, 0.00 , 1.044736E-008, -1.048290E-008, -3.582482E-011, -1.053810E-013, 2.150400E+004 1.570926E+074 2.150400E+004, Sun Jul 26 13:56:09 2015
1.20, 0.00, 0.80, 0.00 , 1.063175E-008, -1.067360E-008, -3.339294E-011, -9.152890E-014, 2.150400E+004 1.570926E+074 2.150400E+004, Sun Jul 26 13:56:13 2015
1.25, 0.00, 0.80, 0.00 , 1.075062E-008, -1.079290E-008, -3.360258E-011, -1.063820E-013, 2.150400E+004 1.570926E+074 2.150400E+004, Sun Jul 26 13:56:16 2015
1.30, 0.00, 0.80, 0.00 , 1.087243E-008, -1.085080E-008, -3.557324E-011, -1.013280E-013, 2.150400E+004 1.570926E+074 2.150400E+004, Sun Jul 26 13:56:20 2015
1.35, 0.00, 0.80, 0.00 , 1.095142E-008, -1.098540E-008, -3.507009E-011, -7.002350E-014, 2.150400E+004 1.570926E+074 2.150400E+004, Sun Jul 26 13:56:23 2015
1.40, 0.00, 0.80, 0.00 , 1.120526E-008, -1.124830E-008, -3.548938E-011, -1.012560E-013, 2.150400E+004 1.570926E+074 2.150400E+004, Sun Jul 26 13:56:27 2015
1.45, 0.00, 0.80, 0.00 , 1.153617E-008, -1.157620E-008, -3.544745E-011, -8.326770E-014, 2.150400E+004 1.570926E+074 2.150400E+004, Sun Jul 26 13:56:30 2015
1.50, 0.00, 0.80, 0.00 , 1.199463E-008, -1.203490E-008, -3.645374E-011, -6.660220E-014, 2.150400E+004 1.570926E+074 2.150400E+004, Sun Jul 26 13:56:34 2015
1.55, 0.00, 0.80, 0.00 , 1.267123E-008, -1.271060E-008, -3.473467E-011, -1.207470E-013, 2.150400E+004 1.570926E+074 2.150400E+004, Sun Jul 26 13:56:38 2015
1.60, 0.00, 0.80, 0.00 , 1.365823E-008, -1.370160E-008, -3.431537E-011, -7.826090E-014, 2.150400E+004 1.570926E+074 2.150400E+004, Sun Jul 26 13:56:41 2015
1.65, 0.00, 0.80, 0.00 , 1.498120E-008, -1.502690E-008, -3.616024E-011, -8.661750E-014, 2.150400E+004 1.570926E+074 2.150400E+004, Sun Jul 26 13:56:47 2015
1.70, 0.00, 0.80, 0.00 , 1.672329E-008, -1.659380E-008, -3.540552E-011, -8.885860E-014, 2.150400E+004 1.570926E+074 2.150400E+004, Sun Jul 26 13:56:50 2015
1.75, 0.00, 0.80, 0.00 , 1.904009E-008, -1.916130E-008, -3.418959E-011, -7.448200E-014, 2.150400E+004 1.570926E+074 2.150400E+004, Sun Jul 26 13:56:54 2015
1.80, 0.00, 0.80, 0.00 , 2.201100E-008, -2.206090E-008, -3.414766E-011, -7.101300E-014, 2.150400E+004 1.570926E+074 2.150400E+004, Sun Jul 26 13:56:58 2015
1.85, 0.00, 0.80, 0.00 , 2.521821E-008, -2.523980E-008, -3.523781E-011, -9.505750E-014, 2.150400E+004 1.570926E+074 2.150400E+004, Sun Jul 26 13:57:01 2015
1.90, 0.00, 0.80, 0.00 , 2.909647E-008, -2.914340E-008, -3.603446E-011, -7.772450E-014, 2.150400E+004 1.570926E+074 2.150400E+004, Sun Jul 26 13:57:05 2015
1.95, 0.00, 0.80, 0.00 , 3.252720E-008, -3.253870E-008, -3.557324E-011, -9.956360E-014, 2.150400E+004 1.570926E+074 2.150400E+004, Sun Jul 26 13:57:09 2015
2.00, 0.00, 0.80, 0.00 , 3.876021E-008, -3.883520E-008, -3.716654E-011, -8.544920E-014, 2.150400E+004 1.570926E+074 2.150400E+004, Sun Jul 26 13:57:13 2015
