0.00, 0.00, 0.40, 0.00 , -3.355688E-011, -2.251890E-012, -3.276402E-011, -9.927750E-014, 2.150400E+004 1.570926E+074 2.150400E+004, Sun Jul 26 13:48:27 2015
0.05, 0.00, 0.40, 0.00 , -3.330369E-011, -2.504170E-012, -3.418960E-011, -8.476970E-014, 2.150400E+004 1.570926E+074 2.150400E+004, Sun Jul 26 13:48:35 2015
0.10, 0.00, 0.40, 0.00 , -3.262851E-011, -2.697410E-012, -3.418960E-011, -8.978840E-014, 2.150400E+004 1.570926E+074 2.150400E+004, Sun Jul 26 13:48:40 2015
0.15, 0.00, 0.40, 0.00 , -3.359904E-011, -2.872010E-012, -3.188350E-011, -8.749960E-014, 2.150400E+004 1.570926E+074 2.150400E+004, Sun Jul 26 13:48:48 2015
0.20, 0.00, 0.40, 0.00 , -3.267070E-011, -3.016530E-012, -3.322523E-011, -7.569790E-014, 2.150400E+004 1.570926E+074 2.150400E+004, Sun Jul 26 13:48:56 2015
0.25, 0.00, 0.40, 0.00 , -3.241747E-011, -3.067950E-012, -3.431539E-011, -9.589200E-014, 2.150400E+004 1.570926E+074 2.150400E+004, Sun Jul 26 13:49:01 2015
0.30, 0.00, 0.40, 0.00 , -3.212210E-011, -3.310310E-012, -3.448311E-011, -6.500480E-014, 2.150400E+004 1.570926E+074 2.150400E+004, Sun Jul 26 13:49:34 2015
0.35, 0.00, 0.40, 0.00 , -3.102492E-011, -3.447100E-012, -3.330909E-011, -7.439850E-014, 2.150400E+004 1.570926E+074 2.150400E+004, Sun Jul 26 13:49:43 2015
0.40, 0.00, 0.40, 0.00 , -3.039192E-011, -3.572570E-012, -3.494431E-011, -9.162430E-014, 2.150400E+004 1.570926E+074 2.150400E+004, Sun Jul 26 13:49:49 2015
0.45, 0.00, 0.40, 0.00 , -3.098272E-011, -3.728640E-012, -3.494431E-011, -6.152390E-014, 2.150400E+004 1.570926E+074 2.150400E+004, Sun Jul 26 13:49:54 2015
0.50, 0.00, 0.40, 0.00 , -3.072952E-011, -3.878200E-012, -3.502818E-011, -7.307530E-014, 2.150400E+004 1.570926E+074 2.150400E+004, Sun Jul 26 13:50:04 2015
0.55, 0.00, 0.40, 0.00 , -3.039193E-011, -4.024820E-012, -3.465082E-011, -8.562800E-014, 2.150400E+004 1.570926E+074 2.150400E+004, Sun Jul 26 13:50:09 2015
0.60, 0.00, 0.40, 0.00 , -3.127809E-011, -4.160000E-012, -3.356066E-011, -6.406310E-014, 2.150400E+004 1.570926E+074 2.150400E+004, Sun Jul 26 13:50:16 2015
0.65, 0.00, 0.40, 0.00 , -2.925253E-011, -4.329480E-012, -3.544746E-011, -7.774830E-014, 2.150400E+004 1.570926E+074 2.150400E+004, Sun Jul 26 13:50:36 2015
0.70, 0.00, 0.40, 0.00 , -2.908373E-011, -4.482140E-012, -3.486046E-011, -7.619860E-014, 2.150400E+004 1.570926E+074 2.150400E+004, Sun Jul 26 13:50:44 2015
0.75, 0.00, 0.40, 0.00 , -2.954793E-011, -4.584350E-012, -3.507010E-011, -9.002690E-014, 2.150400E+004 1.570926E+074 2.150400E+004, Sun Jul 26 13:50:50 2015
0.80, 0.00, 0.40, 0.00 , -2.845076E-011, -4.695920E-012, -3.435731E-011, -8.811950E-014, 2.150400E+004 1.570926E+074 2.150400E+004, Sun Jul 26 13:51:00 2015
0.85, 0.00, 0.40, 0.00 , -2.883055E-011, -4.851620E-012, -3.527974E-011, -7.507800E-014, 2.150400E+004 1.570926E+074 2.150400E+004, Sun Jul 26 13:51:06 2015
0.90, 0.00, 0.40, 0.00 , -2.857736E-011, -4.971710E-012, -3.653762E-011, -6.463530E-014, 2.150400E+004 1.570926E+074 2.150400E+004, Sun Jul 26 13:51:12 2015
0.95, 0.00, 0.40, 0.00 , -2.828196E-011, -5.110130E-012, -3.486045E-011, -7.969140E-014, 2.150400E+004 1.570926E+074 2.150400E+004, Sun Jul 26 13:51:16 2015
1.00, 0.00, 0.40, 0.00 , -2.769116E-011, -5.246030E-012, -3.636990E-011, -6.462340E-014, 2.150400E+004 1.570926E+074 2.150400E+004, Sun Jul 26 13:51:23 2015
1.05, 0.00, 0.40, 0.00 , -2.802875E-011, -5.390820E-012, -3.641183E-011, -8.646250E-014, 2.150400E+004 1.570926E+074 2.150400E+004, Sun Jul 26 13:51:35 2015
1.10, 0.00, 0.40, 0.00 , -2.790215E-011, -5.474840E-012, -3.624412E-011, -8.754730E-014, 2.150400E+004 1.570926E+074 2.150400E+004, Sun Jul 26 13:51:42 2015
1.15, 0.00, 0.40, 0.00 , -2.722696E-011, -5.653250E-012, -3.632797E-011, -9.166000E-014, 2.150400E+004 1.570926E+074 2.150400E+004, Sun Jul 26 13:51:47 2015
1.20, 0.00, 0.40, 0.00 , -2.676274E-011, -5.776500E-012, -3.641184E-011, -7.522110E-014, 2.150400E+004 1.570926E+074 2.150400E+004, Sun Jul 26 13:51:54 2015
1.25, 0.00, 0.40, 0.00 , -2.629856E-011, -5.929580E-012, -3.636990E-011, -8.554460E-014, 2.150400E+004 1.570926E+074 2.150400E+004, Sun Jul 26 13:52:01 2015
1.30, 0.00, 0.40, 0.00 , -2.705816E-011, -6.058700E-012, -3.704076E-011, -8.145570E-014, 2.150400E+004 1.570926E+074 2.150400E+004, Sun Jul 26 13:52:06 2015
1.35, 0.00, 0.40, 0.00 , -2.735357E-011, -6.221820E-012, -3.624412E-011, -9.188650E-014, 2.150400E+004 1.570926E+074 2.150400E+004, Sun Jul 26 13:52:11 2015
1.40, 0.00, 0.40, 0.00 , -2.634079E-011, -6.314290E-012, -3.750199E-011, -7.772450E-014, 2.150400E+004 1.570926E+074 2.150400E+004, Sun Jul 26 13:52:22 2015
1.45, 0.00, 0.40, 0.00 , -2.650957E-011, -6.349310E-012, -3.657954E-011, -7.992980E-014, 2.150400E+004 1.570926E+074 2.150400E+004, Sun Jul 26 13:52:32 2015
1.50, 0.00, 0.40, 0.00 , -2.638297E-011, -6.448520E-012, -3.712462E-011, -9.449720E-014, 2.150400E+004 1.570926E+074 2.150400E+004, Sun Jul 26 13:52:43 2015
1.55, 0.00, 0.40, 0.00 , -2.629857E-011, -6.672300E-012, -3.800512E-011, -9.672640E-014, 2.150400E+004 1.570926E+074 2.150400E+004, Sun Jul 26 13:52:47 2015
1.60, 0.00, 0.40, 0.00 , -2.499042E-011, -6.732550E-012, -3.796320E-011, -9.598730E-014, 2.150400E+004 1.570926E+074 2.150400E+004, Sun Jul 26 13:53:04 2015
1.65, 0.00, 0.40, 0.00 , -2.528577E-011, -6.895640E-012, -3.787935E-011, -1.217600E-013, 2.150400E+004 1.570926E+074 2.150400E+004, Sun Jul 26 13:53:10 2015
1.70, 0.00, 0.40, 0.00 , -2.549677E-011, -6.986250E-012, -3.657954E-011, -8.052590E-014, 2.150400E+004 1.570926E+074 2.150400E+004, Sun Jul 26 13:53:18 2015
1.75, 0.00, 0.40, 0.00 , -2.461060E-011, -7.122170E-012, -3.792127E-011, -8.836980E-014, 2.150400E+004 1.570926E+074 2.150400E+004, Sun Jul 26 13:53:23 2015
1.80, 0.00, 0.40, 0.00 , -2.452621E-011, -7.269600E-012, -3.800513E-011, -9.440180E-014, 2.150400E+004 1.570926E+074 2.150400E+004, Sun Jul 26 13:53:28 2015
1.85, 0.00, 0.40, 0.00 , -2.465280E-011, -7.359680E-012, -3.737619E-011, -6.322860E-014, 2.150400E+004 1.570926E+074 2.150400E+004, Sun Jul 26 13:53:39 2015
1.90, 0.00, 0.40, 0.00 , -2.427300E-011, -7.443930E-012, -3.750198E-011, -8.047820E-014, 2.150400E+004 1.570926E+074 2.150400E+004, Sun Jul 26 13:53:47 2015
1.95, 0.00, 0.40, 0.00 , -2.423081E-011, -7.420110E-012, -3.880178E-011, -7.860660E-014, 2.150400E+004 1.570926E+074 2.150400E+004, Sun Jul 26 13:54:17 2015
2.00, 0.00, 0.40, 0.00 , -2.410421E-011, -7.489010E-012, -3.746005E-011, -8.577110E-014, 2.150400E+004 1.570926E+074 2.150400E+004, Sun Jul 26 13:54:30 2015
