0.00, 0.00, 0.00, 0.00 , -3.621596E-011, -5.066040E-013, -2.576192E-011, -1.106460E-012, 2.150400E+004 1.570926E+074 2.150400E+004, Mon Aug 03 17:41:34 2015
0.05, 0.00, 0.00, 0.00 , -3.275555E-011, -3.076310E-013, -3.779570E-011, -1.221470E-012, 2.150400E+004 1.570926E+074 2.150400E+004, Mon Aug 03 17:42:10 2015
0.10, 0.00, 0.00, 0.00 , -2.904197E-011, -2.967000E-013, -2.395895E-011, 4.786250E-013, 2.150400E+004 1.570926E+074 2.150400E+004, Mon Aug 03 17:42:44 2015
0.15, 0.00, 0.00, 0.00 , -3.153177E-011, 7.737760E-013, -3.439942E-011, -1.002530E-012, 2.150400E+004 1.570926E+074 2.150400E+004, Mon Aug 03 17:43:30 2015
0.20, 0.00, 0.00, 0.00 , -9.883269E-012, -1.073040E-012, -1.813123E-011, -1.395370E-012, 2.150400E+004 1.570926E+074 2.150400E+004, Mon Aug 03 17:44:29 2015
0.25, 0.00, 0.00, 0.00 , -3.064558E-011, -1.275160E-012, -3.385433E-011, -5.019900E-013, 2.150400E+004 1.570926E+074 2.150400E+004, Mon Aug 03 17:44:56 2015
0.30, 0.00, 0.00, 0.00 , -2.912637E-011, -4.986640E-013, -3.473484E-011, 9.545090E-014, 2.150400E+004 1.570926E+074 2.150400E+004, Mon Aug 03 17:45:36 2015
0.35, 0.00, 0.00, 0.00 , -2.790257E-011, -4.316090E-013, -3.662168E-011, -1.504610E-012, 2.150400E+004 1.570926E+074 2.150400E+004, Mon Aug 03 17:46:03 2015
0.40, 0.00, 0.00, 0.00 , -2.786037E-011, 6.114130E-013, -3.829886E-011, -6.018760E-013, 2.150400E+004 1.570926E+074 2.150400E+004, Mon Aug 03 17:46:42 2015
0.45, 0.00, 0.00, 0.00 , -2.794477E-011, -1.796130E-013, -3.456713E-011, 3.532770E-013, 2.150400E+004 1.570926E+074 2.150400E+004, Mon Aug 03 17:46:48 2015
0.50, 0.00, 0.00, 0.00 , -2.937954E-011, 1.048080E-012, -3.771185E-011, -8.445860E-013, 2.150400E+004 1.570926E+074 2.150400E+004, Mon Aug 03 17:47:21 2015
0.55, 0.00, 0.00, 0.00 , -2.477978E-011, 1.975540E-013, -3.507029E-011, -1.955990E-013, 2.150400E+004 1.570926E+074 2.150400E+004, Mon Aug 03 17:47:54 2015
0.60, 0.00, 0.00, 0.00 , -2.545496E-011, -4.153850E-013, -2.873892E-011, 8.668900E-014, 2.150400E+004 1.570926E+074 2.150400E+004, Mon Aug 03 17:48:39 2015
0.65, 0.00, 0.00, 0.00 , -2.439998E-011, -1.708570E-012, -3.418977E-011, -1.292650E-012, 2.150400E+004 1.570926E+074 2.150400E+004, Mon Aug 03 17:48:56 2015
0.70, 0.00, 0.00, 0.00 , -2.857775E-011, -6.600740E-013, -3.091925E-011, -1.570820E-013, 2.150400E+004 1.570926E+074 2.150400E+004, Mon Aug 03 17:49:24 2015
0.75, 0.00, 0.00, 0.00 , -2.621454E-011, -1.655630E-012, -3.263836E-011, -9.585980E-013, 2.150400E+004 1.570926E+074 2.150400E+004, Mon Aug 03 17:50:09 2015
0.80, 0.00, 0.00, 0.00 , -2.199458E-011, 3.476620E-013, -4.068883E-011, -1.517450E-012, 2.150400E+004 1.570926E+074 2.150400E+004, Mon Aug 03 17:51:16 2015
0.85, 0.00, 0.00, 0.00 , 3.290871E-013, -1.176050E-012, -2.094024E-011, -1.149110E-012, 2.150400E+004 1.570926E+074 2.150400E+004, Mon Aug 03 17:52:16 2015
0.90, 0.00, 0.00, 0.00 , -2.773372E-011, -9.412530E-013, -3.792148E-011, -1.483270E-012, 2.150400E+004 1.570926E+074 2.150400E+004, Mon Aug 03 17:52:59 2015
0.95, 0.00, 0.00, 0.00 , -2.566593E-011, -5.602840E-015, -3.410588E-011, -1.561640E-013, 2.150400E+004 1.570926E+074 2.150400E+004, Mon Aug 03 17:53:34 2015
1.00, 0.00, 0.00, 0.00 , -2.195237E-011, -3.832220E-013, -4.047917E-011, -2.155160E-012, 2.150400E+004 1.570926E+074 2.150400E+004, Mon Aug 03 17:53:44 2015
1.05, 0.00, 0.00, 0.00 , -2.068637E-011, -1.206160E-013, -3.041609E-011, -1.095180E-013, 2.150400E+004 1.570926E+074 2.150400E+004, Mon Aug 03 17:53:56 2015
1.10, 0.00, 0.00, 0.00 , -2.207893E-011, 5.361200E-013, -3.934706E-011, -1.718400E-012, 2.150400E+004 1.570926E+074 2.150400E+004, Mon Aug 03 17:54:29 2015
1.15, 0.00, 0.00, 0.00 , -7.520051E-012, -7.140640E-014, -3.997601E-011, -2.137090E-012, 2.150400E+004 1.570926E+074 2.150400E+004, Mon Aug 03 17:55:09 2015
1.20, 0.00, 0.00, 0.00 , -8.870454E-012, -1.307730E-012, -1.934708E-011, -1.397430E-012, 2.150400E+004 1.570926E+074 2.150400E+004, Mon Aug 03 17:55:40 2015
1.25, 0.00, 0.00, 0.00 , -3.764280E-012, 1.200200E-013, -3.385430E-011, 1.486780E-013, 2.150400E+004 1.570926E+074 2.150400E+004, Mon Aug 03 17:55:44 2015
1.30, 0.00, 0.00, 0.00 , -1.954696E-011, -1.340750E-013, -3.980829E-011, -2.285400E-012, 2.150400E+004 1.570926E+074 2.150400E+004, Mon Aug 03 17:56:08 2015
1.35, 0.00, 0.00, 0.00 , -1.929375E-011, 3.351090E-013, -4.123390E-011, -1.609250E-012, 2.150400E+004 1.570926E+074 2.150400E+004, Mon Aug 03 17:56:15 2015
1.40, 0.00, 0.00, 0.00 , -9.419036E-012, 1.367630E-012, -3.309958E-011, -1.343770E-012, 2.150400E+004 1.570926E+074 2.150400E+004, Mon Aug 03 17:56:25 2015
1.45, 0.00, 0.00, 0.00 , -1.646639E-011, -3.652100E-013, -3.469289E-011, -2.380560E-012, 2.150400E+004 1.570926E+074 2.150400E+004, Mon Aug 03 17:56:59 2015
1.50, 0.00, 0.00, 0.00 , -5.114672E-012, -1.366880E-012, -2.873891E-011, -1.551210E-012, 2.150400E+004 1.570926E+074 2.150400E+004, Mon Aug 03 17:57:02 2015
1.55, 0.00, 0.00, 0.00 , -4.861468E-012, 2.201080E-013, -2.546841E-011, -7.735730E-013, 2.150400E+004 1.570926E+074 2.150400E+004, Mon Aug 03 17:57:10 2015
1.60, 0.00, 0.00, 0.00 , -9.419033E-012, 1.131460E-012, -3.226099E-011, -1.636560E-012, 2.150400E+004 1.570926E+074 2.150400E+004, Mon Aug 03 17:57:14 2015
1.65, 0.00, 0.00, 0.00 , -9.376827E-012, -1.358160E-012, -2.471368E-011, -9.532930E-013, 2.150400E+004 1.570926E+074 2.150400E+004, Mon Aug 03 17:57:55 2015
1.70, 0.00, 0.00, 0.00 , -8.870443E-012, -1.684520E-012, -3.129661E-011, -2.007600E-012, 2.150400E+004 1.570926E+074 2.150400E+004, Mon Aug 03 17:58:04 2015
1.75, 0.00, 0.00, 0.00 , -7.520046E-012, -1.132730E-013, -3.616043E-011, -2.524720E-012, 2.150400E+004 1.570926E+074 2.150400E+004, Mon Aug 03 17:58:09 2015
1.80, 0.00, 0.00, 0.00 , -8.153049E-012, -7.551550E-013, -3.196747E-011, -2.436640E-012, 2.150400E+004 1.570926E+074 2.150400E+004, Mon Aug 03 17:58:13 2015
1.85, 0.00, 0.00, 0.00 , -3.890875E-012, -1.589420E-013, -3.771182E-011, -2.681550E-012, 2.150400E+004 1.570926E+074 2.150400E+004, Mon Aug 03 17:58:19 2015
1.90, 0.00, 0.00, 0.00 , -7.688854E-012, 6.675600E-013, -3.335116E-011, -1.128010E-012, 2.150400E+004 1.570926E+074 2.150400E+004, Mon Aug 03 17:58:24 2015
1.95, 0.00, 0.00, 0.00 , -8.743847E-012, -1.014850E-012, -3.129661E-011, -1.352640E-012, 2.150400E+004 1.570926E+074 2.150400E+004, Mon Aug 03 17:58:29 2015
2.00, 0.00, 0.00, 0.00 , -5.452267E-012, -1.331040E-012, -2.995486E-011, -2.301420E-012, 2.150400E+004 1.570926E+074 2.150400E+004, Mon Aug 03 17:58:34 2015
