0.00, 0.00, 1.20, 0.00 , -8.672922E-011, 7.835140E-011, 6.514112E-013, -3.714390E-012, 2.150400E+004 1.570926E+074 2.150400E+004, Mon Aug 03 15:29:49 2015
0.05, 0.00, 1.20, 0.00 , 1.252655E-006, -1.250130E-006, -1.402956E-012, -1.855370E-012, 2.150400E+004 1.570926E+074 2.150400E+004, Mon Aug 03 15:29:56 2015
0.10, 0.00, 1.20, 0.00 , 7.696355E-006, -7.690600E-006, -1.570641E-012, -1.989230E-012, 2.150400E+004 1.570926E+074 2.150400E+004, Mon Aug 03 15:29:59 2015
0.15, 0.00, 1.20, 0.00 , 2.325438E-005, -2.321680E-005, -9.997671E-012, -1.387800E-012, 2.150400E+004 1.570926E+074 2.150400E+004, Mon Aug 03 15:30:03 2015
0.20, 0.00, 1.20, 0.00 , 4.018421E-005, -4.012020E-005, -8.991453E-012, -1.181470E-012, 2.150400E+004 1.570926E+074 2.150400E+004, Mon Aug 03 15:30:06 2015
0.25, 0.00, 1.20, 0.00 , 5.530946E-005, -5.527730E-005, -6.434013E-012, -1.367800E-012, 2.150400E+004 1.570926E+074 2.150400E+004, Mon Aug 03 15:30:10 2015
0.30, 0.00, 1.20, 0.00 , 6.743106E-005, -6.733920E-005, -8.404505E-012, -1.133870E-012, 2.150400E+004 1.570926E+074 2.150400E+004, Mon Aug 03 15:30:13 2015
0.35, 0.00, 1.20, 0.00 , 7.606170E-005, -7.602880E-005, -5.134310E-012, -1.288310E-012, 2.150400E+004 1.570926E+074 2.150400E+004, Mon Aug 03 15:30:17 2015
0.40, 0.00, 1.20, 0.00 , 8.263195E-005, -8.259030E-005, -8.949523E-012, -1.130040E-012, 2.150400E+004 1.570926E+074 2.150400E+004, Mon Aug 03 15:30:20 2015
0.45, 0.00, 1.20, 0.00 , 8.738179E-005, -8.735650E-005, -7.398290E-012, -1.464260E-012, 2.150400E+004 1.570926E+074 2.150400E+004, Mon Aug 03 15:30:24 2015
0.50, 0.00, 1.20, 0.00 , 9.057517E-005, -9.049330E-005, -7.985253E-012, -1.146270E-012, 2.150400E+004 1.570926E+074 2.150400E+004, Mon Aug 03 15:30:28 2015
0.55, 0.00, 1.20, 0.00 , 9.309441E-005, -9.299280E-005, -9.871902E-012, -1.231150E-012, 2.150400E+004 1.570926E+074 2.150400E+004, Mon Aug 03 15:30:31 2015
0.60, 0.00, 1.20, 0.00 , 9.501849E-005, -9.485880E-005, -1.003959E-011, -1.479630E-012, 2.150400E+004 1.570926E+074 2.150400E+004, Mon Aug 03 15:30:35 2015
0.65, 0.00, 1.20, 0.00 , 9.691875E-005, -9.677490E-005, -1.062655E-011, -1.588850E-012, 2.150400E+004 1.570926E+074 2.150400E+004, Mon Aug 03 15:30:38 2015
0.70, 0.00, 1.20, 0.00 , 9.830137E-005, -9.824580E-005, -8.614133E-012, -1.760640E-012, 2.150400E+004 1.570926E+074 2.150400E+004, Mon Aug 03 15:30:42 2015
0.75, 0.00, 1.20, 0.00 , 9.988394E-005, -9.983780E-005, -8.488351E-012, -1.574530E-012, 2.150400E+004 1.570926E+074 2.150400E+004, Mon Aug 03 15:30:45 2015
0.80, 0.00, 1.20, 0.00 , 1.012820E-004, -1.011980E-004, -7.440217E-012, -1.503420E-012, 2.150400E+004 1.570926E+074 2.150400E+004, Mon Aug 03 15:30:49 2015
0.85, 0.00, 1.20, 0.00 , 1.031110E-004, -1.031470E-004, -5.972830E-012, -1.724060E-012, 2.150400E+004 1.570926E+074 2.150400E+004, Mon Aug 03 15:30:52 2015
0.90, 0.00, 1.20, 0.00 , 1.108735E-004, -1.106150E-004, -1.486805E-012, -2.885830E-012, 2.150400E+004 1.570926E+074 2.150400E+004, Mon Aug 03 15:30:57 2015
0.95, 0.00, 1.20, 0.00 , 1.162161E-004, -1.162050E-004, -1.822190E-012, -2.965550E-012, 2.150400E+004 1.570926E+074 2.150400E+004, Mon Aug 03 15:31:01 2015
1.00, 0.00, 1.20, 0.00 , 1.214824E-004, -1.212920E-004, -4.547359E-012, -2.995790E-012, 2.150400E+004 1.570926E+074 2.150400E+004, Mon Aug 03 15:31:04 2015
1.05, 0.00, 1.20, 0.00 , 1.257034E-004, -1.255660E-004, -9.836923E-013, -3.261400E-012, 2.150400E+004 1.570926E+074 2.150400E+004, Mon Aug 03 15:31:08 2015
1.10, 0.00, 1.20, 0.00 , 1.291677E-004, -1.290420E-004, -2.996105E-012, -3.248180E-012, 2.150400E+004 1.570926E+074 2.150400E+004, Mon Aug 03 15:31:11 2015
1.15, 0.00, 1.20, 0.00 , 1.325092E-004, -1.324650E-004, -3.079972E-012, -3.137450E-012, 2.150400E+004 1.570926E+074 2.150400E+004, Mon Aug 03 15:31:15 2015
1.20, 0.00, 1.20, 0.00 , 1.356934E-004, -1.355790E-004, 1.063680E-013, -3.131410E-012, 2.150400E+004 1.570926E+074 2.150400E+004, Mon Aug 03 15:31:18 2015
1.25, 0.00, 1.20, 0.00 , 1.389734E-004, -1.388960E-004, -9.417380E-013, -3.069040E-012, 2.150400E+004 1.570926E+074 2.150400E+004, Mon Aug 03 15:31:22 2015
1.30, 0.00, 1.20, 0.00 , 1.420771E-004, -1.419700E-004, -3.205738E-012, -4.519670E-012, 2.150400E+004 1.570926E+074 2.150400E+004, Mon Aug 03 15:31:25 2015
1.35, 0.00, 1.20, 0.00 , 1.451426E-004, -1.450490E-004, -2.954175E-012, -4.095260E-012, 2.150400E+004 1.570926E+074 2.150400E+004, Mon Aug 03 15:31:29 2015
1.40, 0.00, 1.20, 0.00 , 1.481685E-004, -1.480510E-004, -2.996116E-012, -4.795220E-012, 2.150400E+004 1.570926E+074 2.150400E+004, Mon Aug 03 15:31:32 2015
1.45, 0.00, 1.20, 0.00 , 1.519698E-004, -1.519390E-004, -1.109474E-012, -5.289230E-012, 2.150400E+004 1.570926E+074 2.150400E+004, Mon Aug 03 15:31:36 2015
1.50, 0.00, 1.20, 0.00 , 1.560639E-004, -1.560160E-004, -6.811336E-012, -7.668600E-012, 2.150400E+004 1.570926E+074 2.150400E+004, Mon Aug 03 15:31:40 2015
1.55, 0.00, 1.20, 0.00 , 1.616793E-004, -1.616980E-004, -1.871021E-013, -1.198540E-011, 2.150400E+004 1.570926E+074 2.150400E+004, Mon Aug 03 15:31:43 2015
1.60, 0.00, 1.20, 0.00 , 1.706173E-004, -1.706320E-004, -4.379655E-012, -2.761540E-011, 2.150400E+004 1.570926E+074 2.150400E+004, Mon Aug 03 15:31:47 2015
1.65, 0.00, 1.20, 0.00 , 1.800820E-004, -1.800670E-004, -6.056681E-012, -6.600790E-011, 2.150400E+004 1.570926E+074 2.150400E+004, Mon Aug 03 15:31:50 2015
1.70, 0.00, 1.20, 0.00 , 1.890383E-004, -1.889250E-004, -1.864111E-012, -1.405770E-010, 2.150400E+004 1.570926E+074 2.150400E+004, Mon Aug 03 15:31:55 2015
1.75, 0.00, 1.20, 0.00 , 1.959573E-004, -1.959280E-004, -4.211962E-012, -2.620700E-010, 2.150400E+004 1.570926E+074 2.150400E+004, Mon Aug 03 15:31:58 2015
1.80, 0.00, 1.20, 0.00 , 2.015922E-004, -2.016600E-004, -1.280669E-011, -4.318070E-010, 2.150400E+004 1.570926E+074 2.150400E+004, Mon Aug 03 15:32:02 2015
1.85, 0.00, 1.20, 0.00 , 2.064112E-004, -2.064040E-004, -9.871897E-012, -6.803790E-010, 2.150400E+004 1.570926E+074 2.150400E+004, Mon Aug 03 15:32:05 2015
1.90, 0.00, 1.20, 0.00 , 2.109209E-004, -2.107720E-004, -8.320657E-012, -1.022010E-009, 2.150400E+004 1.570926E+074 2.150400E+004, Mon Aug 03 15:32:08 2015
1.95, 0.00, 1.20, 0.00 , 2.150263E-004, -2.148780E-004, -1.201011E-011, -1.500200E-009, 2.150400E+004 1.570926E+074 2.150400E+004, Mon Aug 03 15:32:11 2015
2.00, 0.00, 1.20, 0.00 , 2.188066E-004, -2.188110E-004, -3.876554E-012, -2.135610E-009, 2.150400E+004 1.570926E+074 2.150400E+004, Mon Aug 03 15:32:13 2015
