0.00, 0.00, 0.80, 0.00 , -3.368407E-011, -1.299630E-012, -1.590916E-011, -1.801250E-012, 2.150400E+004 1.570926E+074 2.150400E+004, Mon Aug 03 15:23:23 2015
0.05, 0.00, 0.80, 0.00 , 1.421184E-011, -4.545330E-011, -1.611879E-011, -1.533200E-012, 2.150400E+004 1.570926E+074 2.150400E+004, Mon Aug 03 15:23:33 2015
0.10, 0.00, 0.80, 0.00 , 1.853185E-010, -1.874500E-010, -1.201008E-011, -2.687650E-012, 2.150400E+004 1.570926E+074 2.150400E+004, Mon Aug 03 15:23:39 2015
0.15, 0.00, 0.80, 0.00 , 2.594154E-010, -2.645780E-010, -1.641227E-011, -2.750770E-012, 2.150400E+004 1.570926E+074 2.150400E+004, Mon Aug 03 15:23:45 2015
0.20, 0.00, 0.80, 0.00 , 3.945282E-010, -3.699330E-010, -1.767003E-011, -3.288220E-012, 2.150400E+004 1.570926E+074 2.150400E+004, Mon Aug 03 15:23:49 2015
0.25, 0.00, 0.80, 0.00 , 3.668896E-010, -3.669770E-010, -2.286880E-011, -4.352680E-012, 2.150400E+004 1.570926E+074 2.150400E+004, Mon Aug 03 15:23:59 2015
0.30, 0.00, 0.80, 0.00 , 5.401906E-010, -5.815230E-010, -1.959861E-011, -3.341380E-012, 2.150400E+004 1.570926E+074 2.150400E+004, Mon Aug 03 15:24:05 2015
0.35, 0.00, 0.80, 0.00 , 5.338190E-010, -5.583670E-010, -1.175853E-011, -9.857660E-013, 2.150400E+004 1.570926E+074 2.150400E+004, Mon Aug 03 15:24:44 2015
0.40, 0.00, 0.80, 0.00 , 4.820438E-010, -4.962140E-010, -2.257532E-011, -1.965860E-012, 2.150400E+004 1.570926E+074 2.150400E+004, Mon Aug 03 15:25:08 2015
0.45, 0.00, 0.80, 0.00 , 8.221893E-010, -8.132890E-010, -1.569953E-011, -3.510330E-012, 2.150400E+004 1.570926E+074 2.150400E+004, Mon Aug 03 15:25:15 2015
0.50, 0.00, 0.80, 0.00 , 9.695812E-010, -9.446900E-010, -1.603494E-011, -2.882020E-012, 2.150400E+004 1.570926E+074 2.150400E+004, Mon Aug 03 15:25:27 2015
0.55, 0.00, 0.80, 0.00 , 1.056000E-009, -1.177060E-009, -1.779581E-011, -3.363790E-012, 2.150400E+004 1.570926E+074 2.150400E+004, Mon Aug 03 15:26:04 2015
0.60, 0.00, 0.80, 0.00 , 1.100854E-009, -1.206880E-009, -1.561568E-011, -1.480030E-012, 2.150400E+004 1.570926E+074 2.150400E+004, Mon Aug 03 15:26:22 2015
0.65, 0.00, 0.80, 0.00 , 1.215249E-009, -1.334380E-009, -1.779581E-011, -2.087210E-012, 2.150400E+004 1.570926E+074 2.150400E+004, Mon Aug 03 15:26:45 2015
0.70, 0.00, 0.80, 0.00 , 1.682658E-009, -1.750190E-009, -2.165296E-011, -3.680190E-012, 2.150400E+004 1.570926E+074 2.150400E+004, Mon Aug 03 15:26:48 2015
0.75, 0.00, 0.80, 0.00 , 1.901490E-009, -1.731330E-009, -2.454597E-011, -3.816510E-012, 2.150400E+004 1.570926E+074 2.150400E+004, Mon Aug 03 15:27:14 2015
0.80, 0.00, 0.80, 0.00 , 2.188594E-009, -2.281640E-009, -1.532221E-011, -2.352630E-012, 2.150400E+004 1.570926E+074 2.150400E+004, Mon Aug 03 15:27:21 2015
0.85, 0.00, 0.80, 0.00 , 3.118478E-009, -3.135380E-009, -2.387509E-011, -3.409400E-012, 2.150400E+004 1.570926E+074 2.150400E+004, Mon Aug 03 15:27:24 2015
0.90, 0.00, 0.80, 0.00 , 4.103718E-009, -3.909720E-009, -1.255513E-011, -2.699960E-012, 2.150400E+004 1.570926E+074 2.150400E+004, Mon Aug 03 15:27:35 2015
0.95, 0.00, 0.80, 0.00 , 5.479489E-009, -5.423670E-009, -2.119178E-011, -5.651000E-013, 2.150400E+004 1.570926E+074 2.150400E+004, Mon Aug 03 15:27:38 2015
1.00, 0.00, 0.80, 0.00 , 6.747074E-009, -7.097750E-009, -1.666382E-011, -4.273000E-012, 2.150400E+004 1.570926E+074 2.150400E+004, Mon Aug 03 15:27:43 2015
1.05, 0.00, 0.80, 0.00 , 1.041605E-008, -1.099730E-008, -1.087811E-011, -8.865240E-013, 2.150400E+004 1.570926E+074 2.150400E+004, Mon Aug 03 15:27:51 2015
1.10, 0.00, 0.80, 0.00 , 2.309474E-008, -2.211840E-008, -1.242935E-011, -2.518050E-012, 2.150400E+004 1.570926E+074 2.150400E+004, Mon Aug 03 15:28:10 2015
1.15, 0.00, 0.80, 0.00 , 3.515129E-008, -3.685890E-008, -1.641227E-011, -1.363160E-012, 2.150400E+004 1.570926E+074 2.150400E+004, Mon Aug 03 15:28:16 2015
1.20, 0.00, 0.80, 0.00 , 7.225413E-008, -6.921710E-008, -1.771196E-011, -1.242510E-012, 2.150400E+004 1.570926E+074 2.150400E+004, Mon Aug 03 15:28:19 2015
1.25, 0.00, 0.80, 0.00 , 1.179545E-007, -1.166480E-007, -1.414830E-011, -2.018770E-012, 2.150400E+004 1.570926E+074 2.150400E+004, Mon Aug 03 15:28:31 2015
1.30, 0.00, 0.80, 0.00 , 1.776331E-007, -1.790250E-007, -1.876010E-011, -4.208250E-012, 2.150400E+004 1.570926E+074 2.150400E+004, Mon Aug 03 15:28:35 2015
1.35, 0.00, 0.80, 0.00 , 2.553445E-007, -2.556860E-007, -1.712501E-011, -4.166640E-012, 2.150400E+004 1.570926E+074 2.150400E+004, Mon Aug 03 15:28:39 2015
1.40, 0.00, 0.80, 0.00 , 3.366582E-007, -3.318670E-007, -1.909550E-011, -1.327470E-012, 2.150400E+004 1.570926E+074 2.150400E+004, Mon Aug 03 15:28:43 2015
1.45, 0.00, 0.80, 0.00 , 5.939973E-007, -5.934970E-007, -2.064675E-011, -1.543260E-012, 2.150400E+004 1.570926E+074 2.150400E+004, Mon Aug 03 15:28:47 2015
1.50, 0.00, 0.80, 0.00 , 9.517458E-007, -9.560480E-007, -1.624457E-011, -8.333680E-013, 2.150400E+004 1.570926E+074 2.150400E+004, Mon Aug 03 15:28:50 2015
1.55, 0.00, 0.80, 0.00 , 1.725125E-006, -1.716670E-006, -2.127563E-011, -4.377100E-012, 2.150400E+004 1.570926E+074 2.150400E+004, Mon Aug 03 15:28:54 2015
1.60, 0.00, 0.80, 0.00 , 2.799752E-006, -2.805210E-006, -1.523836E-011, -4.228480E-012, 2.150400E+004 1.570926E+074 2.150400E+004, Mon Aug 03 15:28:59 2015
1.65, 0.00, 0.80, 0.00 , 4.639377E-006, -4.648480E-006, -1.460948E-011, -6.734750E-012, 2.150400E+004 1.570926E+074 2.150400E+004, Mon Aug 03 15:29:05 2015
1.70, 0.00, 0.80, 0.00 , 7.474156E-006, -7.701190E-006, -1.741849E-011, -1.907940E-011, 2.150400E+004 1.570926E+074 2.150400E+004, Mon Aug 03 15:29:09 2015
1.75, 0.00, 0.80, 0.00 , 1.124915E-005, -1.121440E-005, -1.544798E-011, -4.729850E-011, 2.150400E+004 1.570926E+074 2.150400E+004, Mon Aug 03 15:29:13 2015
1.80, 0.00, 0.80, 0.00 , 1.329754E-005, -1.324290E-005, -1.632842E-011, -8.256050E-011, 2.150400E+004 1.570926E+074 2.150400E+004, Mon Aug 03 15:29:16 2015
1.85, 0.00, 0.80, 0.00 , 1.471450E-005, -1.470330E-005, -1.599302E-011, -1.273440E-010, 2.150400E+004 1.570926E+074 2.150400E+004, Mon Aug 03 15:29:21 2015
1.90, 0.00, 0.80, 0.00 , 1.592955E-005, -1.591340E-005, -1.473526E-011, -1.886700E-010, 2.150400E+004 1.570926E+074 2.150400E+004, Mon Aug 03 15:29:25 2015
1.95, 0.00, 0.80, 0.00 , 1.703455E-005, -1.702390E-005, -2.190451E-011, -2.676720E-010, 2.150400E+004 1.570926E+074 2.150400E+004, Mon Aug 03 15:29:28 2015
2.00, 0.00, 0.80, 0.00 , 1.804011E-005, -1.802760E-005, -1.490296E-011, -3.739850E-010, 2.150400E+004 1.570926E+074 2.150400E+004, Mon Aug 03 15:29:31 2015
