0.00, 0.00, 0.00, 0.00 , -3.305045E-011, -5.154970E-013, -3.486042E-011, 1.609330E-014, 2.150400E+004 1.570926E+074 2.150400E+004, Sun Jul 26 15:45:42 2015
0.05, 0.00, 0.00, 0.00 , -3.355682E-011, -5.074860E-013, -3.704073E-011, -4.851820E-015, 2.150400E+004 1.570926E+074 2.150400E+004, Sun Jul 26 15:46:10 2015
0.10, 0.00, 0.00, 0.00 , -3.347243E-011, -5.376940E-013, -3.829858E-011, -5.829330E-015, 2.150400E+004 1.570926E+074 2.150400E+004, Sun Jul 26 15:46:16 2015
0.15, 0.00, 0.00, 0.00 , -3.440079E-011, -5.499010E-013, -3.817280E-011, -4.103180E-014, 2.150400E+004 1.570926E+074 2.150400E+004, Sun Jul 26 15:46:30 2015
0.20, 0.00, 0.00, 0.00 , -3.343022E-011, -5.587460E-013, -3.758580E-011, -5.214210E-014, 2.150400E+004 1.570926E+074 2.150400E+004, Sun Jul 26 15:46:37 2015
0.25, 0.00, 0.00, 0.00 , -3.292382E-011, -5.925890E-013, -3.632793E-011, -6.729360E-014, 2.150400E+004 1.570926E+074 2.150400E+004, Sun Jul 26 15:46:43 2015
0.30, 0.00, 0.00, 0.00 , -3.262846E-011, -5.897400E-013, -3.783737E-011, -8.643870E-014, 2.150400E+004 1.570926E+074 2.150400E+004, Sun Jul 26 15:46:57 2015
0.35, 0.00, 0.00, 0.00 , -3.343023E-011, -5.925890E-013, -3.779545E-011, -1.016500E-013, 2.150400E+004 1.570926E+074 2.150400E+004, Sun Jul 26 15:47:03 2015
0.40, 0.00, 0.00, 0.00 , -3.288165E-011, -6.325720E-013, -3.825665E-011, -1.199720E-013, 2.150400E+004 1.570926E+074 2.150400E+004, Sun Jul 26 15:47:10 2015
0.45, 0.00, 0.00, 0.00 , -3.343023E-011, -6.416800E-013, -3.880173E-011, -1.235840E-013, 2.150400E+004 1.570926E+074 2.150400E+004, Sun Jul 26 15:47:21 2015
0.50, 0.00, 0.00, 0.00 , -3.262841E-011, -6.738540E-013, -3.825665E-011, -1.584050E-013, 2.150400E+004 1.570926E+074 2.150400E+004, Sun Jul 26 15:47:27 2015
0.55, 0.00, 0.00, 0.00 , -3.262846E-011, -7.132410E-013, -3.783736E-011, -1.011490E-013, 2.150400E+004 1.570926E+074 2.150400E+004, Sun Jul 26 15:47:35 2015
0.60, 0.00, 0.00, 0.00 , -3.271285E-011, -6.944180E-013, -3.754386E-011, -1.497510E-013, 2.150400E+004 1.570926E+074 2.150400E+004, Sun Jul 26 15:47:52 2015
0.65, 0.00, 0.00, 0.00 , -3.279724E-011, -7.022740E-013, -3.930487E-011, -1.614930E-013, 2.150400E+004 1.570926E+074 2.150400E+004, Sun Jul 26 15:47:58 2015
0.70, 0.00, 0.00, 0.00 , -3.229086E-011, -7.451420E-013, -3.825665E-011, -1.840000E-013, 2.150400E+004 1.570926E+074 2.150400E+004, Sun Jul 26 15:48:07 2015
0.75, 0.00, 0.00, 0.00 , -3.224868E-011, -7.935170E-013, -3.683108E-011, -2.045990E-013, 2.150400E+004 1.570926E+074 2.150400E+004, Sun Jul 26 15:48:14 2015
0.80, 0.00, 0.00, 0.00 , -3.267065E-011, -8.272650E-013, -3.829857E-011, -2.035020E-013, 2.150400E+004 1.570926E+074 2.150400E+004, Sun Jul 26 15:48:22 2015
0.85, 0.00, 0.00, 0.00 , -3.267065E-011, -8.536460E-013, -3.850822E-011, -2.047780E-013, 2.150400E+004 1.570926E+074 2.150400E+004, Sun Jul 26 15:48:28 2015
0.90, 0.00, 0.00, 0.00 , -3.262841E-011, -8.666750E-013, -3.884365E-011, -2.307530E-013, 2.150400E+004 1.570926E+074 2.150400E+004, Sun Jul 26 15:48:34 2015
0.95, 0.00, 0.00, 0.00 , -3.271285E-011, -8.785010E-013, -3.867594E-011, -2.398490E-013, 2.150400E+004 1.570926E+074 2.150400E+004, Sun Jul 26 15:48:38 2015
1.00, 0.00, 0.00, 0.00 , -3.237525E-011, -9.213570E-013, -3.875980E-011, -2.363090E-013, 2.150400E+004 1.570926E+074 2.150400E+004, Sun Jul 26 15:48:43 2015
1.05, 0.00, 0.00, 0.00 , -3.119368E-011, -9.303210E-013, -3.850822E-011, -2.502920E-013, 2.150400E+004 1.570926E+074 2.150400E+004, Sun Jul 26 15:48:50 2015
1.10, 0.00, 0.00, 0.00 , -3.258623E-011, -9.418130E-013, -3.875980E-011, -2.643350E-013, 2.150400E+004 1.570926E+074 2.150400E+004, Sun Jul 26 15:48:57 2015
1.15, 0.00, 0.00, 0.00 , -3.186884E-011, -1.015710E-012, -3.913715E-011, -2.761130E-013, 2.150400E+004 1.570926E+074 2.150400E+004, Sun Jul 26 15:49:02 2015
1.20, 0.00, 0.00, 0.00 , -3.224868E-011, -1.016390E-012, -4.010151E-011, -2.772210E-013, 2.150400E+004 1.570926E+074 2.150400E+004, Sun Jul 26 15:49:08 2015
1.25, 0.00, 0.00, 0.00 , -3.207982E-011, -1.043580E-012, -3.938872E-011, -2.978440E-013, 2.150400E+004 1.570926E+074 2.150400E+004, Sun Jul 26 15:49:12 2015
1.30, 0.00, 0.00, 0.00 , -3.254406E-011, -1.068030E-012, -3.800509E-011, -3.069160E-013, 2.150400E+004 1.570926E+074 2.150400E+004, Sun Jul 26 15:49:24 2015
1.35, 0.00, 0.00, 0.00 , -3.186885E-011, -1.099010E-012, -3.951453E-011, -2.976780E-013, 2.150400E+004 1.570926E+074 2.150400E+004, Sun Jul 26 15:49:49 2015
1.40, 0.00, 0.00, 0.00 , -3.271285E-011, -1.101860E-012, -3.871787E-011, -3.229140E-013, 2.150400E+004 1.570926E+074 2.150400E+004, Sun Jul 26 15:50:04 2015
1.45, 0.00, 0.00, 0.00 , -3.178444E-011, -1.141610E-012, -3.964031E-011, -3.454090E-013, 2.150400E+004 1.570926E+074 2.150400E+004, Sun Jul 26 15:50:10 2015
1.50, 0.00, 0.00, 0.00 , -3.174225E-011, -1.179210E-012, -3.880173E-011, -3.292560E-013, 2.150400E+004 1.570926E+074 2.150400E+004, Sun Jul 26 15:50:17 2015
1.55, 0.00, 0.00, 0.00 , -3.224862E-011, -1.179550E-012, -3.725037E-011, -3.390790E-013, 2.150400E+004 1.570926E+074 2.150400E+004, Sun Jul 26 15:50:31 2015
1.60, 0.00, 0.00, 0.00 , -3.144687E-011, -1.228640E-012, -3.871787E-011, -3.685240E-013, 2.150400E+004 1.570926E+074 2.150400E+004, Sun Jul 26 15:50:37 2015
1.65, 0.00, 0.00, 0.00 , -3.174226E-011, -1.265690E-012, -3.766965E-011, -3.691550E-013, 2.150400E+004 1.570926E+074 2.150400E+004, Sun Jul 26 15:50:43 2015
1.70, 0.00, 0.00, 0.00 , -3.026528E-011, -1.301520E-012, -3.855015E-011, -3.824110E-013, 2.150400E+004 1.570926E+074 2.150400E+004, Sun Jul 26 15:50:48 2015
1.75, 0.00, 0.00, 0.00 , -3.115147E-011, -1.333960E-012, -3.846630E-011, -3.978370E-013, 2.150400E+004 1.570926E+074 2.150400E+004, Sun Jul 26 15:50:55 2015
1.80, 0.00, 0.00, 0.00 , -3.132026E-011, -1.339820E-012, -3.779544E-011, -4.159690E-013, 2.150400E+004 1.570926E+074 2.150400E+004, Sun Jul 26 15:51:04 2015
1.85, 0.00, 0.00, 0.00 , -3.140466E-011, -1.396210E-012, -3.896945E-011, -4.273180E-013, 2.150400E+004 1.570926E+074 2.150400E+004, Sun Jul 26 15:51:09 2015
1.90, 0.00, 0.00, 0.00 , -3.085608E-011, -1.405660E-012, -3.917909E-011, -4.289270E-013, 2.150400E+004 1.570926E+074 2.150400E+004, Sun Jul 26 15:51:16 2015
1.95, 0.00, 0.00, 0.00 , -3.191106E-011, -1.438070E-012, -3.850822E-011, -4.289390E-013, 2.150400E+004 1.570926E+074 2.150400E+004, Sun Jul 26 15:51:21 2015
2.00, 0.00, 0.00, 0.00 , -3.085605E-011, -1.460960E-012, -3.905330E-011, -4.560110E-013, 2.150400E+004 1.570926E+074 2.150400E+004, Sun Jul 26 15:51:27 2015
