1.80, 0.00, 0.00, 0.00 , 4.201947E-011, 1.046550E-012, -4.718803E-011, -8.031130E-014, 2.150400E+004 1.570926E+074 2.150400E+004, Wed Sep 02 22:08:50 2015
1.80, 0.00, 0.02, 0.00 , 3.881254E-011, -4.768370E-015, -3.838279E-011, -1.085880E-013, 2.150400E+004 1.570926E+074 2.150400E+004, Wed Sep 02 22:09:07 2015
1.80, 0.00, 0.04, 0.00 , 3.649172E-011, 3.292320E-013, -3.284806E-011, -7.331370E-014, 2.150400E+004 1.570926E+074 2.150400E+004, Wed Sep 02 22:09:17 2015
1.80, 0.00, 0.06, 0.00 , 3.737785E-011, -2.032760E-013, -3.657982E-011, -8.548500E-014, 2.150400E+004 1.570926E+074 2.150400E+004, Wed Sep 02 22:09:35 2015
1.80, 0.00, 0.08, 0.00 , 3.594315E-011, -1.127240E-013, -3.389631E-011, -9.009840E-014, 2.150400E+004 1.570926E+074 2.150400E+004, Wed Sep 02 22:09:51 2015
1.80, 0.00, 0.10, 0.00 , 3.594315E-011, 2.654790E-013, -2.651667E-011, -9.381770E-014, 2.150400E+004 1.570926E+074 2.150400E+004, Wed Sep 02 22:10:16 2015
1.80, 0.00, 0.12, 0.00 , 3.366456E-011, 1.838800E-013, -2.416860E-011, -9.549860E-014, 2.150400E+004 1.570926E+074 2.150400E+004, Wed Sep 02 22:10:47 2015
1.80, 0.00, 0.14, 0.00 , 3.480389E-011, 3.989820E-013, -3.989226E-011, -8.118150E-014, 2.150400E+004 1.570926E+074 2.150400E+004, Wed Sep 02 22:10:52 2015
1.80, 0.00, 0.16, 0.00 , 3.467728E-011, 5.782840E-014, -3.527998E-011, -9.059910E-014, 2.150400E+004 1.570926E+074 2.150400E+004, Wed Sep 02 22:11:00 2015
1.80, 0.00, 0.18, 0.00 , 2.936049E-011, 2.774480E-013, -3.582507E-011, -8.523460E-014, 2.150400E+004 1.570926E+074 2.150400E+004, Wed Sep 02 22:11:30 2015
1.80, 0.00, 0.20, 0.00 , 3.505699E-011, 3.423330E-013, -2.521685E-011, -8.143190E-014, 2.150400E+004 1.570926E+074 2.150400E+004, Wed Sep 02 22:12:00 2015
1.80, 0.00, 0.22, 0.00 , 3.653391E-011, 1.999620E-013, -2.869702E-011, -1.024960E-013, 2.150400E+004 1.570926E+074 2.150400E+004, Wed Sep 02 22:12:24 2015
1.80, 0.00, 0.24, 0.00 , 3.590095E-011, 3.189330E-013, -3.498648E-011, -9.437800E-014, 2.150400E+004 1.570926E+074 2.150400E+004, Wed Sep 02 22:12:44 2015
1.80, 0.00, 0.26, 0.00 , 3.480386E-011, 2.698420E-013, -3.398017E-011, -1.135590E-013, 2.150400E+004 1.570926E+074 2.150400E+004, Wed Sep 02 22:12:50 2015
1.80, 0.00, 0.28, 0.00 , 3.096395E-011, -5.549190E-014, -3.175789E-011, -1.063110E-013, 2.150400E+004 1.570926E+074 2.150400E+004, Wed Sep 02 22:12:58 2015
1.80, 0.00, 0.30, 0.00 , 3.303159E-011, 1.084800E-015, -2.685211E-011, -8.801220E-014, 2.150400E+004 1.570926E+074 2.150400E+004, Wed Sep 02 22:13:18 2015
1.80, 0.00, 0.32, 0.00 , 2.855874E-011, -1.179810E-013, -3.779577E-011, -8.159880E-014, 2.150400E+004 1.570926E+074 2.150400E+004, Wed Sep 02 22:13:34 2015
1.80, 0.00, 0.34, 0.00 , 2.796799E-011, 1.136540E-013, -3.293192E-011, -8.634330E-014, 2.150400E+004 1.570926E+074 2.150400E+004, Wed Sep 02 22:13:39 2015
1.80, 0.00, 0.36, 0.00 , 2.758823E-011, 6.286620E-013, -2.987104E-011, -8.150340E-014, 2.150400E+004 1.570926E+074 2.150400E+004, Wed Sep 02 22:13:47 2015
1.80, 0.00, 0.38, 0.00 , 3.451754E-012, -1.299380E-015, -4.651715E-011, -9.428260E-014, 2.150400E+004 1.570926E+074 2.150400E+004, Wed Sep 02 22:14:00 2015
1.80, 0.00, 0.40, 0.00 , 2.788359E-011, 2.591730E-013, -2.827772E-011, -7.915500E-014, 2.150400E+004 1.570926E+074 2.150400E+004, Wed Sep 02 22:14:27 2015
1.80, 0.00, 0.42, 0.00 , 2.843216E-011, 2.119300E-013, -3.657981E-011, -8.107420E-014, 2.150400E+004 1.570926E+074 2.150400E+004, Wed Sep 02 22:14:59 2015
1.80, 0.00, 0.44, 0.00 , 3.298938E-011, 1.004340E-013, -2.693596E-011, -8.618830E-014, 2.150400E+004 1.570926E+074 2.150400E+004, Wed Sep 02 22:15:50 2015
1.80, 0.00, 0.46, 0.00 , 3.657608E-011, 5.431530E-013, -2.135948E-011, -1.055840E-013, 2.150400E+004 1.570926E+074 2.150400E+004, Wed Sep 02 22:15:56 2015
1.80, 0.00, 0.48, 0.00 , 3.395991E-011, 2.801900E-013, -2.878087E-011, -1.111150E-013, 2.150400E+004 1.570926E+074 2.150400E+004, Wed Sep 02 22:16:09 2015
1.80, 0.00, 0.50, 0.00 , 3.282062E-011, 2.367260E-013, -3.699911E-011, -1.264450E-013, 2.150400E+004 1.570926E+074 2.150400E+004, Wed Sep 02 22:16:20 2015
1.80, 0.00, 0.52, 0.00 , 3.636512E-011, 2.034900E-013, -2.081445E-011, -9.903910E-014, 2.150400E+004 1.570926E+074 2.150400E+004, Wed Sep 02 22:16:29 2015
1.80, 0.00, 0.54, 0.00 , 3.168127E-011, 6.698370E-014, -2.844544E-011, -8.044240E-014, 2.150400E+004 1.570926E+074 2.150400E+004, Wed Sep 02 22:16:35 2015
1.80, 0.00, 0.56, 0.00 , 3.505702E-011, 2.971890E-014, -2.676824E-011, -7.324220E-014, 2.150400E+004 1.570926E+074 2.150400E+004, Wed Sep 02 22:16:47 2015
1.80, 0.00, 0.58, 0.00 , 3.109052E-011, 1.280780E-013, -2.588772E-011, -8.835790E-014, 2.150400E+004 1.570926E+074 2.150400E+004, Wed Sep 02 22:16:52 2015
1.80, 0.00, 0.60, 0.00 , 1.099334E-005, -1.737040E-005, -2.173681E-011, -8.947850E-014, 2.150400E+004 1.570926E+074 2.150400E+004, Wed Sep 02 22:17:04 2015
1.80, 0.00, 0.62, 0.00 , 2.287801E-005, -2.286130E-005, -2.442018E-011, -9.210110E-014, 2.150400E+004 1.570926E+074 2.150400E+004, Wed Sep 02 22:17:07 2015
1.80, 0.00, 0.64, 0.00 , 2.917632E-005, -2.917920E-005, -3.217718E-011, -9.056330E-014, 2.150400E+004 1.570926E+074 2.150400E+004, Wed Sep 02 22:17:11 2015
1.80, 0.00, 0.66, 0.00 , 3.642979E-005, -3.639830E-005, -3.062578E-011, -8.479360E-014, 2.150400E+004 1.570926E+074 2.150400E+004, Wed Sep 02 22:17:15 2015
1.80, 0.00, 0.68, 0.00 , 4.460060E-005, -4.456270E-005, -3.117086E-011, -7.464890E-014, 2.150400E+004 1.570926E+074 2.150400E+004, Wed Sep 02 22:17:18 2015
1.80, 0.00, 0.70, 0.00 , 5.390275E-005, -5.384130E-005, -2.920017E-011, -1.004820E-013, 2.150400E+004 1.570926E+074 2.150400E+004, Wed Sep 02 22:17:22 2015
1.80, 0.00, 0.72, 0.00 , 6.427404E-005, -6.421460E-005, -1.985016E-011, -1.044390E-013, 2.150400E+004 1.570926E+074 2.150400E+004, Wed Sep 02 22:17:25 2015
1.80, 0.00, 0.74, 0.00 , 7.589620E-005, -7.585360E-005, -1.947283E-011, -8.358960E-014, 2.150400E+004 1.570926E+074 2.150400E+004, Wed Sep 02 22:17:29 2015
1.80, 0.00, 0.76, 0.00 , 8.862750E-005, -8.851460E-005, -2.525877E-011, -8.677240E-014, 2.150400E+004 1.570926E+074 2.150400E+004, Wed Sep 02 22:17:32 2015
1.80, 0.00, 0.78, 0.00 , 1.024117E-004, -1.023310E-004, -3.351893E-011, -9.295940E-014, 2.150400E+004 1.570926E+074 2.150400E+004, Wed Sep 02 22:17:36 2015
1.80, 0.00, 0.80, 0.00 , 1.172591E-004, -1.172370E-004, -2.253340E-011, -1.048090E-013, 2.150400E+004 1.570926E+074 2.150400E+004, Wed Sep 02 22:17:40 2015
1.80, 0.00, 0.82, 0.00 , 1.332805E-004, -1.331790E-004, -2.689403E-011, -7.658000E-014, 2.150400E+004 1.570926E+074 2.150400E+004, Wed Sep 02 22:17:43 2015
1.80, 0.00, 0.84, 0.00 , 1.502261E-004, -1.501160E-004, -2.563614E-011, -9.452110E-014, 2.150400E+004 1.570926E+074 2.150400E+004, Wed Sep 02 22:17:47 2015
1.80, 0.00, 0.86, 0.00 , 1.678963E-004, -1.677910E-004, -2.878087E-011, -1.044150E-013, 2.150400E+004 1.570926E+074 2.150400E+004, Wed Sep 02 22:17:50 2015
1.80, 0.00, 0.88, 0.00 , 1.864317E-004, -1.863170E-004, -1.775388E-011, -7.705690E-014, 2.150400E+004 1.570926E+074 2.150400E+004, Wed Sep 02 22:17:54 2015
1.80, 0.00, 0.90, 0.00 , 2.055216E-004, -2.054350E-004, -2.094023E-011, -1.082660E-013, 2.150400E+004 1.570926E+074 2.150400E+004, Wed Sep 02 22:17:57 2015
1.80, 0.00, 0.92, 0.00 , 2.253232E-004, -2.251870E-004, -2.341387E-011, -8.840560E-014, 2.150400E+004 1.570926E+074 2.150400E+004, Wed Sep 02 22:18:01 2015
1.80, 0.00, 0.94, 0.00 , 2.456132E-004, -2.455220E-004, -1.561568E-011, -1.007910E-013, 2.150400E+004 1.570926E+074 2.150400E+004, Wed Sep 02 22:18:04 2015
1.80, 0.00, 0.96, 0.00 , 2.662023E-004, -2.660410E-004, -1.079424E-011, -1.064900E-013, 2.150400E+004 1.570926E+074 2.150400E+004, Wed Sep 02 22:18:08 2015
1.80, 0.00, 0.98, 0.00 , 2.867358E-004, -2.866110E-004, -1.465139E-011, -8.662940E-014, 2.150400E+004 1.570926E+074 2.150400E+004, Wed Sep 02 22:18:12 2015
1.80, 0.00, 1.00, 0.00 , 3.073991E-004, -3.072660E-004, -1.699923E-011, -1.081940E-013, 2.150400E+004 1.570926E+074 2.150400E+004, Wed Sep 02 22:18:15 2015
1.80, 0.00, 1.02, 0.00 , 3.281473E-004, -3.279380E-004, -3.511227E-011, -7.680650E-014, 2.150400E+004 1.570926E+074 2.150400E+004, Wed Sep 02 22:18:19 2015
1.80, 0.00, 1.04, 0.00 , 3.491193E-004, -3.489150E-004, -1.758618E-011, -1.027230E-013, 2.150400E+004 1.570926E+074 2.150400E+004, Wed Sep 02 22:18:22 2015
1.80, 0.00, 1.06, 0.00 , 3.706082E-004, -3.705080E-004, -1.980824E-011, -1.003740E-013, 2.150400E+004 1.570926E+074 2.150400E+004, Wed Sep 02 22:18:26 2015
1.80, 0.00, 1.08, 0.00 , 3.929882E-004, -3.928360E-004, -1.129735E-011, -7.863040E-014, 2.150400E+004 1.570926E+074 2.150400E+004, Wed Sep 02 22:18:29 2015
1.80, 0.00, 1.10, 0.00 , 4.162969E-004, -4.160910E-004, -1.100387E-011, -8.852480E-014, 2.150400E+004 1.570926E+074 2.150400E+004, Wed Sep 02 22:18:33 2015
1.80, 0.00, 1.12, 0.00 , 4.407337E-004, -4.405070E-004, -2.580386E-011, -8.721350E-014, 2.150400E+004 1.570926E+074 2.150400E+004, Wed Sep 02 22:18:36 2015
1.80, 0.00, 1.14, 0.00 , 4.662965E-004, -4.661250E-004, -1.616071E-011, -9.225610E-014, 2.150400E+004 1.570926E+074 2.150400E+004, Wed Sep 02 22:18:40 2015
1.80, 0.00, 1.16, 0.00 , 4.930805E-004, -4.928570E-004, -1.310015E-011, -8.733270E-014, 2.150400E+004 1.570926E+074 2.150400E+004, Wed Sep 02 22:18:43 2015
1.80, 0.00, 1.18, 0.00 , 5.210754E-004, -5.208330E-004, -1.754426E-011, -8.150340E-014, 2.150400E+004 1.570926E+074 2.150400E+004, Wed Sep 02 22:18:47 2015
1.80, 0.00, 1.20, 0.00 , 5.503740E-004, -5.501500E-004, -2.370737E-011, -8.233790E-014, 2.150400E+004 1.570926E+074 2.150400E+004, Wed Sep 02 22:18:51 2015
1.80, 0.00, 1.22, 0.00 , 5.805593E-004, -5.803640E-004, -1.368711E-011, -7.094140E-014, 2.150400E+004 1.570926E+074 2.150400E+004, Wed Sep 02 22:18:54 2015
1.80, 0.00, 1.24, 0.00 , 6.118124E-004, -6.115380E-004, -1.008152E-011, -8.386370E-014, 2.150400E+004 1.570926E+074 2.150400E+004, Wed Sep 02 22:18:58 2015
1.80, 0.00, 1.26, 0.00 , 6.438204E-004, -6.436300E-004, -1.498680E-011, -9.013410E-014, 2.150400E+004 1.570926E+074 2.150400E+004, Wed Sep 02 22:19:01 2015
1.80, 0.00, 1.28, 0.00 , 6.768831E-004, -6.766090E-004, -2.198836E-011, -8.325580E-014, 2.150400E+004 1.570926E+074 2.150400E+004, Wed Sep 02 22:19:05 2015
1.80, 0.00, 1.30, 0.00 , 7.104403E-004, -7.101850E-004, -2.395895E-011, -9.700060E-014, 2.150400E+004 1.570926E+074 2.150400E+004, Wed Sep 02 22:19:08 2015
1.80, 0.00, 1.32, 0.00 , 7.446426E-004, -7.444060E-004, -1.494487E-011, -8.921620E-014, 2.150400E+004 1.570926E+074 2.150400E+004, Wed Sep 02 22:19:12 2015
1.80, 0.00, 1.34, 0.00 , 7.794840E-004, -7.792070E-004, -1.972439E-011, -6.772280E-014, 2.150400E+004 1.570926E+074 2.150400E+004, Wed Sep 02 22:19:15 2015
1.80, 0.00, 1.36, 0.00 , 8.147617E-004, -8.146000E-004, -2.270110E-011, -1.008510E-013, 2.150400E+004 1.570926E+074 2.150400E+004, Wed Sep 02 22:19:19 2015
1.80, 0.00, 1.38, 0.00 , 8.505465E-004, -8.503010E-004, -1.687345E-011, -9.245870E-014, 2.150400E+004 1.570926E+074 2.150400E+004, Wed Sep 02 22:19:23 2015
1.80, 0.00, 1.40, 0.00 , 8.867390E-004, -8.864940E-004, -1.364518E-011, -1.134400E-013, 2.150400E+004 1.570926E+074 2.150400E+004, Wed Sep 02 22:19:26 2015
1.80, 0.00, 1.42, 0.00 , 9.231672E-004, -9.228310E-004, -1.846662E-011, -8.517500E-014, 2.150400E+004 1.570926E+074 2.150400E+004, Wed Sep 02 22:19:30 2015
1.80, 0.00, 1.44, 0.00 , 9.599810E-004, -9.596890E-004, -1.771196E-011, -9.267330E-014, 2.150400E+004 1.570926E+074 2.150400E+004, Wed Sep 02 22:19:33 2015
1.80, 0.00, 1.46, 0.00 , 9.971028E-004, -9.967400E-004, -1.125543E-011, -8.250470E-014, 2.150400E+004 1.570926E+074 2.150400E+004, Wed Sep 02 22:19:37 2015
1.80, 0.00, 1.48, 0.00 , 1.034401E-003, -1.035060E-003, -5.637404E-012, -9.069440E-014, 2.150400E+004 1.570926E+074 2.150400E+004, Wed Sep 02 22:19:40 2015
1.80, 0.00, 1.50, 0.00 , 1.071770E-003, -1.072440E-003, -1.016536E-011, -9.746550E-014, 2.150400E+004 1.570926E+074 2.150400E+004, Wed Sep 02 22:19:44 2015
1.80, 0.00, 1.52, 0.00 , 1.109810E-003, -1.110560E-003, -1.569953E-011, -1.224640E-013, 2.150400E+004 1.570926E+074 2.150400E+004, Wed Sep 02 22:19:48 2015
1.80, 0.00, 1.54, 0.00 , 1.147986E-003, -1.148460E-003, -1.439984E-011, -7.078650E-014, 2.150400E+004 1.570926E+074 2.150400E+004, Wed Sep 02 22:19:51 2015
1.80, 0.00, 1.56, 0.00 , 1.186184E-003, -1.186840E-003, -1.637035E-011, -9.589200E-014, 2.150400E+004 1.570926E+074 2.150400E+004, Wed Sep 02 22:19:55 2015
1.80, 0.00, 1.58, 0.00 , 1.224622E-003, -1.225280E-003, -2.408474E-011, -9.377000E-014, 2.150400E+004 1.570926E+074 2.150400E+004, Wed Sep 02 22:19:58 2015
1.80, 0.00, 1.60, 0.00 , 1.262883E-003, -1.263560E-003, -4.253865E-012, -1.054170E-013, 2.150400E+004 1.570926E+074 2.150400E+004, Wed Sep 02 22:20:02 2015
1.80, 0.00, 1.62, 0.00 , 1.301642E-003, -1.302200E-003, -7.230581E-012, -8.435250E-014, 2.150400E+004 1.570926E+074 2.150400E+004, Wed Sep 02 22:20:05 2015
1.80, 0.00, 1.64, 0.00 , 1.339983E-003, -1.340720E-003, -1.146505E-011, -8.667710E-014, 2.150400E+004 1.570926E+074 2.150400E+004, Wed Sep 02 22:20:09 2015
1.80, 0.00, 1.66, 0.00 , 1.378644E-003, -1.379360E-003, -2.303650E-011, -1.088860E-013, 2.150400E+004 1.570926E+074 2.150400E+004, Wed Sep 02 22:20:12 2015
1.80, 0.00, 1.68, 0.00 , 1.417372E-003, -1.418130E-003, -1.523836E-011, -9.527210E-014, 2.150400E+004 1.570926E+074 2.150400E+004, Wed Sep 02 22:20:16 2015
1.80, 0.00, 1.70, 0.00 , 1.456137E-003, -1.456730E-003, -6.014736E-012, -9.301900E-014, 2.150400E+004 1.570926E+074 2.150400E+004, Wed Sep 02 22:20:19 2015
1.80, 0.00, 1.72, 0.00 , 1.494898E-003, -1.495420E-003, -5.679339E-012, -7.849930E-014, 2.150400E+004 1.570926E+074 2.150400E+004, Wed Sep 02 22:20:23 2015
1.80, 0.00, 1.74, 0.00 , 1.533617E-003, -1.534280E-003, -1.347748E-011, -7.865430E-014, 2.150400E+004 1.570926E+074 2.150400E+004, Wed Sep 02 22:20:27 2015
1.80, 0.00, 1.76, 0.00 , 1.572627E-003, -1.573130E-003, -1.381289E-011, -7.821320E-014, 2.150400E+004 1.570926E+074 2.150400E+004, Wed Sep 02 22:20:30 2015
1.80, 0.00, 1.78, 0.00 , 1.611424E-003, -1.611900E-003, -1.209394E-011, -7.581710E-014, 2.150400E+004 1.570926E+074 2.150400E+004, Wed Sep 02 22:20:34 2015
1.80, 0.00, 1.80, 0.00 , 1.650141E-003, -1.650910E-003, -9.452631E-012, -9.536740E-014, 2.150400E+004 1.570926E+074 2.150400E+004, Wed Sep 02 22:20:37 2015
1.80, 0.00, 1.82, 0.00 , 1.689350E-003, -1.689950E-003, -1.054270E-011, -7.898810E-014, 2.150400E+004 1.570926E+074 2.150400E+004, Wed Sep 02 22:20:41 2015
1.80, 0.00, 1.84, 0.00 , 1.728285E-003, -1.729050E-003, -1.922128E-011, -8.879900E-014, 2.150400E+004 1.570926E+074 2.150400E+004, Wed Sep 02 22:20:44 2015
1.80, 0.00, 1.86, 0.00 , 1.767695E-003, -1.768090E-003, -1.398059E-011, -9.275670E-014, 2.150400E+004 1.570926E+074 2.150400E+004, Wed Sep 02 22:20:48 2015
1.80, 0.00, 1.88, 0.00 , 1.806885E-003, -1.807690E-003, -7.146731E-012, -7.616280E-014, 2.150400E+004 1.570926E+074 2.150400E+004, Wed Sep 02 22:20:51 2015
1.80, 0.00, 1.90, 0.00 , 1.846135E-003, -1.846820E-003, -1.528699E-012, -1.033070E-013, 2.150400E+004 1.570926E+074 2.150400E+004, Wed Sep 02 22:20:55 2015
1.80, 0.00, 1.92, 0.00 , 1.885347E-003, -1.885720E-003, -3.876533E-012, -9.721520E-014, 2.150400E+004 1.570926E+074 2.150400E+004, Wed Sep 02 22:20:59 2015
1.80, 0.00, 1.94, 0.00 , 1.924558E-003, -1.924890E-003, -8.027176E-012, -1.083370E-013, 2.150400E+004 1.570926E+074 2.150400E+004, Wed Sep 02 22:21:02 2015
1.80, 0.00, 1.96, 0.00 , 1.963897E-003, -1.964400E-003, -1.188432E-011, -9.598730E-014, 2.150400E+004 1.570926E+074 2.150400E+004, Wed Sep 02 22:21:06 2015
1.80, 0.00, 1.98, 0.00 , 2.003435E-003, -2.004040E-003, -1.217779E-011, -1.033070E-013, 2.150400E+004 1.570926E+074 2.150400E+004, Wed Sep 02 22:21:09 2015
1.80, 0.00, 2.00, 0.00 , 2.043213E-003, -2.043660E-003, -2.283364E-012, -1.015420E-013, 2.150400E+004 1.570926E+074 2.150400E+004, Wed Sep 02 22:21:13 2015
