0.00, 0.00, 0.80, 0.00 , -8.415547E-011, 9.323450E-011, -1.729270E-011, -7.303950E-014, 2.150400E+004 1.570926E+074 2.150400E+004, Wed Sep 02 23:00:25 2015
0.05, 0.00, 0.80, 0.00 , 1.656894E-006, -1.624260E-006, -1.821506E-011, -9.180310E-014, 2.150400E+004 1.570926E+074 2.150400E+004, Wed Sep 02 23:00:34 2015
0.10, 0.00, 0.80, 0.00 , 6.546931E-006, -6.523310E-006, -2.362351E-011, -9.306670E-014, 2.150400E+004 1.570926E+074 2.150400E+004, Wed Sep 02 23:00:41 2015
0.15, 0.00, 0.80, 0.00 , 9.962355E-006, -9.926110E-006, -1.716693E-011, -9.073020E-014, 2.150400E+004 1.570926E+074 2.150400E+004, Wed Sep 02 23:00:48 2015
0.20, 0.00, 0.80, 0.00 , 1.174088E-005, -1.165700E-005, -2.270110E-011, -1.133560E-013, 2.150400E+004 1.570926E+074 2.150400E+004, Wed Sep 02 23:00:57 2015
0.25, 0.00, 0.80, 0.00 , 1.283468E-005, -1.279310E-005, -1.419021E-011, -8.804800E-014, 2.150400E+004 1.570926E+074 2.150400E+004, Wed Sep 02 23:01:01 2015
0.30, 0.00, 0.80, 0.00 , 1.330415E-005, -1.327680E-005, -1.796352E-011, -9.720330E-014, 2.150400E+004 1.570926E+074 2.150400E+004, Wed Sep 02 23:01:04 2015
0.35, 0.00, 0.80, 0.00 , 1.356213E-005, -1.354150E-005, -3.234490E-011, -9.565350E-014, 2.150400E+004 1.570926E+074 2.150400E+004, Wed Sep 02 23:01:08 2015
0.40, 0.00, 0.80, 0.00 , 1.380920E-005, -1.377450E-005, -2.429439E-011, -8.445980E-014, 2.150400E+004 1.570926E+074 2.150400E+004, Wed Sep 02 23:01:12 2015
0.45, 0.00, 0.80, 0.00 , 1.402710E-005, -1.400980E-005, -1.465139E-011, -1.094580E-013, 2.150400E+004 1.570926E+074 2.150400E+004, Wed Sep 02 23:01:15 2015
0.50, 0.00, 0.80, 0.00 , 1.426302E-005, -1.423270E-005, -2.685210E-011, -9.226800E-014, 2.150400E+004 1.570926E+074 2.150400E+004, Wed Sep 02 23:01:19 2015
0.55, 0.00, 0.80, 0.00 , 1.447850E-005, -1.445320E-005, -1.968246E-011, -1.047490E-013, 2.150400E+004 1.570926E+074 2.150400E+004, Wed Sep 02 23:01:22 2015
0.60, 0.00, 0.80, 0.00 , 1.468760E-005, -1.465510E-005, -2.244955E-011, -1.033540E-013, 2.150400E+004 1.570926E+074 2.150400E+004, Wed Sep 02 23:01:26 2015
0.65, 0.00, 0.80, 0.00 , 1.484794E-005, -1.481960E-005, -2.727140E-011, -8.425710E-014, 2.150400E+004 1.570926E+074 2.150400E+004, Wed Sep 02 23:01:29 2015
0.70, 0.00, 0.80, 0.00 , 1.502539E-005, -1.499100E-005, -3.670558E-011, -9.330510E-014, 2.150400E+004 1.570926E+074 2.150400E+004, Wed Sep 02 23:01:33 2015
0.75, 0.00, 0.80, 0.00 , 1.522131E-005, -1.517980E-005, -2.689403E-011, -9.225610E-014, 2.150400E+004 1.570926E+074 2.150400E+004, Wed Sep 02 23:01:36 2015
0.80, 0.00, 0.80, 0.00 , 1.535606E-005, -1.534540E-005, -1.972438E-011, -8.105040E-014, 2.150400E+004 1.570926E+074 2.150400E+004, Wed Sep 02 23:01:40 2015
0.85, 0.00, 0.80, 0.00 , 1.557626E-005, -1.552200E-005, -2.052097E-011, -9.288790E-014, 2.150400E+004 1.570926E+074 2.150400E+004, Wed Sep 02 23:01:43 2015
0.90, 0.00, 0.80, 0.00 , 1.658005E-005, -1.656600E-005, -1.834084E-011, -9.604690E-014, 2.150400E+004 1.570926E+074 2.150400E+004, Wed Sep 02 23:01:48 2015
0.95, 0.00, 0.80, 0.00 , 1.836932E-005, -1.847180E-005, -2.328808E-011, -8.125310E-014, 2.150400E+004 1.570926E+074 2.150400E+004, Wed Sep 02 23:01:52 2015
1.00, 0.00, 0.80, 0.00 , 2.127565E-005, -2.131830E-005, -2.722947E-011, -7.607940E-014, 2.150400E+004 1.570926E+074 2.150400E+004, Wed Sep 02 23:01:55 2015
1.05, 0.00, 0.80, 0.00 , 2.396187E-005, -2.397330E-005, -3.293191E-011, -9.695290E-014, 2.150400E+004 1.570926E+074 2.150400E+004, Wed Sep 02 23:01:59 2015
1.10, 0.00, 0.80, 0.00 , 2.738329E-005, -2.743980E-005, -2.597158E-011, -8.238550E-014, 2.150400E+004 1.570926E+074 2.150400E+004, Wed Sep 02 23:02:02 2015
1.15, 0.00, 0.80, 0.00 , 3.105142E-005, -3.106470E-005, -2.492334E-011, -8.693930E-014, 2.150400E+004 1.570926E+074 2.150400E+004, Wed Sep 02 23:02:06 2015
1.20, 0.00, 0.80, 0.00 , 3.496282E-005, -3.491780E-005, -2.450404E-011, -7.861850E-014, 2.150400E+004 1.570926E+074 2.150400E+004, Wed Sep 02 23:02:09 2015
1.25, 0.00, 0.80, 0.00 , 3.815367E-005, -3.815760E-005, -2.278495E-011, -9.546280E-014, 2.150400E+004 1.570926E+074 2.150400E+004, Wed Sep 02 23:02:13 2015
1.30, 0.00, 0.80, 0.00 , 4.119052E-005, -4.116730E-005, -2.341387E-011, -7.380250E-014, 2.150400E+004 1.570926E+074 2.150400E+004, Wed Sep 02 23:02:16 2015
1.35, 0.00, 0.80, 0.00 , 4.463417E-005, -4.450620E-005, -1.976631E-011, -1.101020E-013, 2.150400E+004 1.570926E+074 2.150400E+004, Wed Sep 02 23:02:20 2015
1.40, 0.00, 0.80, 0.00 , 4.890261E-005, -4.885960E-005, -2.098215E-011, -9.796620E-014, 2.150400E+004 1.570926E+074 2.150400E+004, Wed Sep 02 23:02:24 2015
1.45, 0.00, 0.80, 0.00 , 5.485057E-005, -5.485000E-005, -2.899052E-011, -7.926230E-014, 2.150400E+004 1.570926E+074 2.150400E+004, Wed Sep 02 23:02:27 2015
1.50, 0.00, 0.80, 0.00 , 6.448611E-005, -6.440620E-005, -2.660052E-011, -1.038550E-013, 2.150400E+004 1.570926E+074 2.150400E+004, Wed Sep 02 23:02:31 2015
1.55, 0.00, 0.80, 0.00 , 7.706677E-005, -7.702120E-005, -2.337194E-011, -1.002910E-013, 2.150400E+004 1.570926E+074 2.150400E+004, Wed Sep 02 23:02:34 2015
1.60, 0.00, 0.80, 0.00 , 8.886813E-005, -8.878790E-005, -2.312036E-011, -7.805820E-014, 2.150400E+004 1.570926E+074 2.150400E+004, Wed Sep 02 23:02:38 2015
1.65, 0.00, 0.80, 0.00 , 9.900158E-005, -9.892370E-005, -2.936789E-011, -8.810760E-014, 2.150400E+004 1.570926E+074 2.150400E+004, Wed Sep 02 23:02:41 2015
1.70, 0.00, 0.80, 0.00 , 1.065326E-004, -1.064710E-004, -2.458790E-011, -9.263750E-014, 2.150400E+004 1.570926E+074 2.150400E+004, Wed Sep 02 23:02:45 2015
1.75, 0.00, 0.80, 0.00 , 1.122616E-004, -1.122120E-004, -2.479755E-011, -1.024250E-013, 2.150400E+004 1.570926E+074 2.150400E+004, Wed Sep 02 23:02:49 2015
1.80, 0.00, 0.80, 0.00 , 1.168983E-004, -1.168830E-004, -3.213525E-011, -9.851460E-014, 2.150400E+004 1.570926E+074 2.150400E+004, Wed Sep 02 23:02:52 2015
1.85, 0.00, 0.80, 0.00 , 1.210257E-004, -1.209220E-004, -2.760684E-011, -8.754730E-014, 2.150400E+004 1.570926E+074 2.150400E+004, Wed Sep 02 23:02:56 2015
1.90, 0.00, 0.80, 0.00 , 1.249519E-004, -1.248840E-004, -2.207222E-011, -1.000050E-013, 2.150400E+004 1.570926E+074 2.150400E+004, Wed Sep 02 23:02:59 2015
1.95, 0.00, 0.80, 0.00 , 1.287504E-004, -1.287230E-004, -1.880203E-011, -8.668900E-014, 2.150400E+004 1.570926E+074 2.150400E+004, Wed Sep 02 23:03:03 2015
2.00, 0.00, 0.80, 0.00 , 1.323030E-004, -1.322750E-004, -2.563614E-011, -8.225440E-014, 2.150400E+004 1.570926E+074 2.150400E+004, Wed Sep 02 23:03:06 2015
