0.00, 0.00, 0.40, 0.00 , 7.080587E-012, -9.150170E-011, 7.820255E-012, -9.665490E-014, 2.150400E+004 1.570926E+074 2.150400E+004, Mon Aug 31 01:03:01 2015
0.05, 0.00, 0.40, 0.00 , 1.084231E-008, -1.091510E-008, -6.098821E-012, -7.025000E-014, 2.150400E+004 1.570926E+074 2.150400E+004, Mon Aug 31 01:03:06 2015
0.10, 0.00, 0.40, 0.00 , 1.299861E-008, -1.308430E-008, -1.427418E-011, -7.345680E-014, 2.150400E+004 1.570926E+074 2.150400E+004, Mon Aug 31 01:03:09 2015
0.15, 0.00, 0.40, 0.00 , 1.362294E-008, -1.367530E-008, -1.117174E-011, -8.575920E-014, 2.150400E+004 1.570926E+074 2.150400E+004, Mon Aug 31 01:03:13 2015
0.20, 0.00, 0.40, 0.00 , 1.401143E-008, -1.404130E-008, -1.402264E-011, -7.842780E-014, 2.150400E+004 1.570926E+074 2.150400E+004, Mon Aug 31 01:03:16 2015
0.25, 0.00, 0.40, 0.00 , 1.434076E-008, -1.438920E-008, -1.750241E-011, -7.982250E-014, 2.150400E+004 1.570926E+074 2.150400E+004, Mon Aug 31 01:03:20 2015
0.30, 0.00, 0.40, 0.00 , 1.468488E-008, -1.471570E-008, -1.783781E-011, -7.028580E-014, 2.150400E+004 1.570926E+074 2.150400E+004, Mon Aug 31 01:03:23 2015
0.35, 0.00, 0.40, 0.00 , 1.509891E-008, -1.500940E-008, -2.098218E-011, -6.775860E-014, 2.150400E+004 1.570926E+074 2.150400E+004, Mon Aug 31 01:03:27 2015
0.40, 0.00, 0.40, 0.00 , 1.530714E-008, -1.533690E-008, -2.240763E-011, -9.377000E-014, 2.150400E+004 1.570926E+074 2.150400E+004, Mon Aug 31 01:03:31 2015
0.45, 0.00, 0.40, 0.00 , 1.561788E-008, -1.563170E-008, -2.324614E-011, -8.385180E-014, 2.150400E+004 1.570926E+074 2.150400E+004, Mon Aug 31 01:03:34 2015
0.50, 0.00, 0.40, 0.00 , 1.587426E-008, -1.592310E-008, -2.081448E-011, -1.046780E-013, 2.150400E+004 1.570926E+074 2.150400E+004, Mon Aug 31 01:03:38 2015
0.55, 0.00, 0.40, 0.00 , 1.616107E-008, -1.613810E-008, -2.156913E-011, -7.419590E-014, 2.150400E+004 1.570926E+074 2.150400E+004, Mon Aug 31 01:03:41 2015
0.60, 0.00, 0.40, 0.00 , 1.648475E-008, -1.647580E-008, -2.173683E-011, -7.088180E-014, 2.150400E+004 1.570926E+074 2.150400E+004, Mon Aug 31 01:03:45 2015
0.65, 0.00, 0.40, 0.00 , 1.669330E-008, -1.672110E-008, -2.219800E-011, -8.310080E-014, 2.150400E+004 1.570926E+074 2.150400E+004, Mon Aug 31 01:03:48 2015
0.70, 0.00, 0.40, 0.00 , 1.700785E-008, -1.698330E-008, -2.609732E-011, -8.960960E-014, 2.150400E+004 1.570926E+074 2.150400E+004, Mon Aug 31 01:03:52 2015
0.75, 0.00, 0.40, 0.00 , 1.729461E-008, -1.729650E-008, -2.370736E-011, -7.206200E-014, 2.150400E+004 1.570926E+074 2.150400E+004, Mon Aug 31 01:03:56 2015
0.80, 0.00, 0.40, 0.00 , 1.750514E-008, -1.749730E-008, -2.316229E-011, -7.823710E-014, 2.150400E+004 1.570926E+074 2.150400E+004, Mon Aug 31 01:03:59 2015
0.85, 0.00, 0.40, 0.00 , 1.778253E-008, -1.776750E-008, -2.752292E-011, -8.935930E-014, 2.150400E+004 1.570926E+074 2.150400E+004, Mon Aug 31 01:04:03 2015
0.90, 0.00, 0.40, 0.00 , 1.805964E-008, -1.801580E-008, -2.555225E-011, -9.368660E-014, 2.150400E+004 1.570926E+074 2.150400E+004, Mon Aug 31 01:04:06 2015
0.95, 0.00, 0.40, 0.00 , 1.829538E-008, -1.829860E-008, -2.471367E-011, -8.124110E-014, 2.150400E+004 1.570926E+074 2.150400E+004, Mon Aug 31 01:04:10 2015
1.00, 0.00, 0.40, 0.00 , 1.859388E-008, -1.856070E-008, -2.316229E-011, -1.001600E-013, 2.150400E+004 1.570926E+074 2.150400E+004, Mon Aug 31 01:04:13 2015
1.05, 0.00, 0.40, 0.00 , 1.886607E-008, -1.881130E-008, -2.257533E-011, -9.635690E-014, 2.150400E+004 1.570926E+074 2.150400E+004, Mon Aug 31 01:04:17 2015
1.10, 0.00, 0.40, 0.00 , 1.903163E-008, -1.907530E-008, -2.559418E-011, -9.118320E-014, 2.150400E+004 1.570926E+074 2.150400E+004, Mon Aug 31 01:04:21 2015
1.15, 0.00, 0.40, 0.00 , 1.929307E-008, -1.929670E-008, -2.437823E-011, -8.486510E-014, 2.150400E+004 1.570926E+074 2.150400E+004, Mon Aug 31 01:04:24 2015
1.20, 0.00, 0.40, 0.00 , 1.958634E-008, -1.959020E-008, -2.651662E-011, -8.249280E-014, 2.150400E+004 1.570926E+074 2.150400E+004, Mon Aug 31 01:04:28 2015
1.25, 0.00, 0.40, 0.00 , 1.986720E-008, -1.982440E-008, -2.504910E-011, -7.562640E-014, 2.150400E+004 1.570926E+074 2.150400E+004, Mon Aug 31 01:04:32 2015
1.30, 0.00, 0.40, 0.00 , 2.009913E-008, -2.000920E-008, -2.542646E-011, -7.836820E-014, 2.150400E+004 1.570926E+074 2.150400E+004, Mon Aug 31 01:04:35 2015
1.35, 0.00, 0.40, 0.00 , 2.035421E-008, -2.029240E-008, -2.903236E-011, -1.029730E-013, 2.150400E+004 1.570926E+074 2.150400E+004, Mon Aug 31 01:04:39 2015
1.40, 0.00, 0.40, 0.00 , 2.062519E-008, -2.060640E-008, -2.777449E-011, -9.998080E-014, 2.150400E+004 1.570926E+074 2.150400E+004, Mon Aug 31 01:04:42 2015
1.45, 0.00, 0.40, 0.00 , 2.091580E-008, -2.086830E-008, -2.756485E-011, -1.047730E-013, 2.150400E+004 1.570926E+074 2.150400E+004, Mon Aug 31 01:04:46 2015
1.50, 0.00, 0.40, 0.00 , 2.124551E-008, -2.125000E-008, -2.676819E-011, -8.869170E-014, 2.150400E+004 1.570926E+074 2.150400E+004, Mon Aug 31 01:04:49 2015
1.55, 0.00, 0.40, 0.00 , 2.141127E-008, -2.140890E-008, -3.016445E-011, -6.816390E-014, 2.150400E+004 1.570926E+074 2.150400E+004, Mon Aug 31 01:04:53 2015
1.60, 0.00, 0.40, 0.00 , 2.174958E-008, -2.171700E-008, -3.012252E-011, -8.610490E-014, 2.150400E+004 1.570926E+074 2.150400E+004, Mon Aug 31 01:04:57 2015
1.65, 0.00, 0.40, 0.00 , 2.201722E-008, -2.194460E-008, -2.886465E-011, -7.759330E-014, 2.150400E+004 1.570926E+074 2.150400E+004, Mon Aug 31 01:05:00 2015
1.70, 0.00, 0.40, 0.00 , 2.228821E-008, -2.223760E-008, -2.924201E-011, -1.050950E-013, 2.150400E+004 1.570926E+074 2.150400E+004, Mon Aug 31 01:05:04 2015
1.75, 0.00, 0.40, 0.00 , 2.268706E-008, -2.249000E-008, -3.259635E-011, -7.998940E-014, 2.150400E+004 1.570926E+074 2.150400E+004, Mon Aug 31 01:05:07 2015
1.80, 0.00, 0.40, 0.00 , 2.302965E-008, -2.283850E-008, -3.117075E-011, -6.169080E-014, 2.150400E+004 1.570926E+074 2.150400E+004, Mon Aug 31 01:05:11 2015
1.85, 0.00, 0.40, 0.00 , 2.315597E-008, -2.313420E-008, -3.075146E-011, -7.215740E-014, 2.150400E+004 1.570926E+074 2.150400E+004, Mon Aug 31 01:05:14 2015
1.90, 0.00, 0.40, 0.00 , 2.345226E-008, -2.347090E-008, -2.865500E-011, -8.302930E-014, 2.150400E+004 1.570926E+074 2.150400E+004, Mon Aug 31 01:05:18 2015
1.95, 0.00, 0.40, 0.00 , 2.381815E-008, -2.371560E-008, -2.878079E-011, -6.766320E-014, 2.150400E+004 1.570926E+074 2.150400E+004, Mon Aug 31 01:05:23 2015
2.00, 0.00, 0.40, 0.00 , 2.413240E-008, -2.393370E-008, -2.961937E-011, -7.510190E-014, 2.150400E+004 1.570926E+074 2.150400E+004, Mon Aug 31 01:05:26 2015
