0.00, 0.00, 1.60, 0.00 , 1.404830E-007, -1.475260E-007, 7.645126E-011, -7.131100E-014, 2.150400E+004 1.570926E+074 2.150400E+004, Mon Aug 31 01:10:36 2015
0.05, 0.00, 1.60, 0.00 , 7.110222E-005, -7.110990E-005, 6.936600E-011, -9.378190E-014, 2.150400E+004 1.570926E+074 2.150400E+004, Mon Aug 31 01:10:40 2015
0.10, 0.00, 1.60, 0.00 , 1.405736E-004, -1.405630E-004, 6.915640E-011, -8.239750E-014, 2.150400E+004 1.570926E+074 2.150400E+004, Mon Aug 31 01:10:43 2015
0.15, 0.00, 1.60, 0.00 , 2.082135E-004, -2.081960E-004, 6.416731E-011, -6.680490E-014, 2.150400E+004 1.570926E+074 2.150400E+004, Mon Aug 31 01:10:47 2015
0.20, 0.00, 1.60, 0.00 , 2.739355E-004, -2.739190E-004, 6.278381E-011, -1.036050E-013, 2.150400E+004 1.570926E+074 2.150400E+004, Mon Aug 31 01:10:51 2015
0.25, 0.00, 1.60, 0.00 , 3.376200E-004, -3.375910E-004, 5.993295E-011, -7.199050E-014, 2.150400E+004 1.570926E+074 2.150400E+004, Mon Aug 31 01:10:54 2015
0.30, 0.00, 1.60, 0.00 , 3.993553E-004, -3.992970E-004, 6.689239E-011, -6.307360E-014, 2.150400E+004 1.570926E+074 2.150400E+004, Mon Aug 31 01:10:58 2015
0.35, 0.00, 1.60, 0.00 , 4.587705E-004, -4.587460E-004, 6.127451E-011, -8.339880E-014, 2.150400E+004 1.570926E+074 2.150400E+004, Mon Aug 31 01:11:01 2015
0.40, 0.00, 1.60, 0.00 , 5.157935E-004, -5.157420E-004, 5.716589E-011, -9.202960E-014, 2.150400E+004 1.570926E+074 2.150400E+004, Mon Aug 31 01:11:05 2015
0.45, 0.00, 1.60, 0.00 , 5.699961E-004, -5.699340E-004, 5.947168E-011, -8.627180E-014, 2.150400E+004 1.570926E+074 2.150400E+004, Mon Aug 31 01:11:08 2015
0.50, 0.00, 1.60, 0.00 , 6.213488E-004, -6.212900E-004, 5.938788E-011, -8.248090E-014, 2.150400E+004 1.570926E+074 2.150400E+004, Mon Aug 31 01:11:12 2015
0.55, 0.00, 1.60, 0.00 , 6.696193E-004, -6.695570E-004, 5.720777E-011, -8.031130E-014, 2.150400E+004 1.570926E+074 2.150400E+004, Mon Aug 31 01:11:15 2015
0.60, 0.00, 1.60, 0.00 , 7.148186E-004, -7.146980E-004, 5.486005E-011, -7.199050E-014, 2.150400E+004 1.570926E+074 2.150400E+004, Mon Aug 31 01:11:19 2015
0.65, 0.00, 1.60, 0.00 , 7.565714E-004, -7.565130E-004, 5.691438E-011, -8.331540E-014, 2.150400E+004 1.570926E+074 2.150400E+004, Mon Aug 31 01:11:22 2015
0.70, 0.00, 1.60, 0.00 , 7.946958E-004, -7.946380E-004, 5.796244E-011, -7.026200E-014, 2.150400E+004 1.570926E+074 2.150400E+004, Mon Aug 31 01:11:26 2015
0.75, 0.00, 1.60, 0.00 , 8.289655E-004, -8.288960E-004, 5.372797E-011, -9.381770E-014, 2.150400E+004 1.570926E+074 2.150400E+004, Mon Aug 31 01:11:30 2015
0.80, 0.00, 1.60, 0.00 , 8.594561E-004, -8.593510E-004, 5.125446E-011, -5.513430E-014, 2.150400E+004 1.570926E+074 2.150400E+004, Mon Aug 31 01:11:33 2015
0.85, 0.00, 1.60, 0.00 , 8.861437E-004, -8.860490E-004, 5.158983E-011, -8.759500E-014, 2.150400E+004 1.570926E+074 2.150400E+004, Mon Aug 31 01:11:37 2015
0.90, 0.00, 1.60, 0.00 , 9.090469E-004, -9.089860E-004, 5.179953E-011, -7.382630E-014, 2.150400E+004 1.570926E+074 2.150400E+004, Mon Aug 31 01:11:40 2015
0.95, 0.00, 1.60, 0.00 , 9.283400E-004, -9.282030E-004, 5.364419E-011, -8.176570E-014, 2.150400E+004 1.570926E+074 2.150400E+004, Mon Aug 31 01:11:44 2015
1.00, 0.00, 1.60, 0.00 , 9.439908E-004, -9.438500E-004, 5.314110E-011, -7.926230E-014, 2.150400E+004 1.570926E+074 2.150400E+004, Mon Aug 31 01:11:47 2015
1.05, 0.00, 1.60, 0.00 , 9.567424E-004, -9.565350E-004, 4.785852E-011, -8.465050E-014, 2.150400E+004 1.570926E+074 2.150400E+004, Mon Aug 31 01:11:51 2015
1.10, 0.00, 1.60, 0.00 , 9.667732E-004, -9.665820E-004, 4.999667E-011, -8.356570E-014, 2.150400E+004 1.570926E+074 2.150400E+004, Mon Aug 31 01:11:54 2015
1.15, 0.00, 1.60, 0.00 , 9.746464E-004, -9.745940E-004, 4.546885E-011, -7.951260E-014, 2.150400E+004 1.570926E+074 2.150400E+004, Mon Aug 31 01:11:58 2015
1.20, 0.00, 1.60, 0.00 , 9.811204E-004, -9.808810E-004, 4.551076E-011, -8.436440E-014, 2.150400E+004 1.570926E+074 2.150400E+004, Mon Aug 31 01:12:01 2015
1.25, 0.00, 1.60, 0.00 , 9.861948E-004, -9.860110E-004, 4.731350E-011, -9.243490E-014, 2.150400E+004 1.570926E+074 2.150400E+004, Mon Aug 31 01:12:05 2015
1.30, 0.00, 1.60, 0.00 , 9.903918E-004, -9.903480E-004, 4.735540E-011, -8.685590E-014, 2.150400E+004 1.570926E+074 2.150400E+004, Mon Aug 31 01:12:09 2015
1.35, 0.00, 1.60, 0.00 , 9.940733E-004, -9.939470E-004, 4.391761E-011, -1.024250E-013, 2.150400E+004 1.570926E+074 2.150400E+004, Mon Aug 31 01:12:12 2015
1.40, 0.00, 1.60, 0.00 , 9.972409E-004, -9.971260E-004, 4.224061E-011, -8.062120E-014, 2.150400E+004 1.570926E+074 2.150400E+004, Mon Aug 31 01:12:16 2015
1.45, 0.00, 1.60, 0.00 , 1.000051E-003, -9.998120E-004, 4.278561E-011, -8.953810E-014, 2.150400E+004 1.570926E+074 2.150400E+004, Mon Aug 31 01:12:19 2015
1.50, 0.00, 1.60, 0.00 , 1.002573E-003, -1.003360E-003, 4.089894E-011, -8.188490E-014, 2.150400E+004 1.570926E+074 2.150400E+004, Mon Aug 31 01:12:23 2015
1.55, 0.00, 1.60, 0.00 , 1.004841E-003, -1.005670E-003, 4.039590E-011, -6.625650E-014, 2.150400E+004 1.570926E+074 2.150400E+004, Mon Aug 31 01:12:26 2015
1.60, 0.00, 1.60, 0.00 , 1.006990E-003, -1.007790E-003, 4.052163E-011, -7.339720E-014, 2.150400E+004 1.570926E+074 2.150400E+004, Mon Aug 31 01:12:30 2015
1.65, 0.00, 1.60, 0.00 , 1.008946E-003, -1.009920E-003, 4.328875E-011, -1.022340E-013, 2.150400E+004 1.570926E+074 2.150400E+004, Mon Aug 31 01:12:33 2015
1.70, 0.00, 1.60, 0.00 , 1.011012E-003, -1.011770E-003, 4.156978E-011, -8.608100E-014, 2.150400E+004 1.570926E+074 2.150400E+004, Mon Aug 31 01:12:37 2015
1.75, 0.00, 1.60, 0.00 , 1.012874E-003, -1.013670E-003, 4.035394E-011, -8.825060E-014, 2.150400E+004 1.570926E+074 2.150400E+004, Mon Aug 31 01:12:41 2015
1.80, 0.00, 1.60, 0.00 , 1.014502E-003, -1.015290E-003, 3.750306E-011, -7.530450E-014, 2.150400E+004 1.570926E+074 2.150400E+004, Mon Aug 31 01:12:44 2015
1.85, 0.00, 1.60, 0.00 , 1.016200E-003, -1.017020E-003, 4.102475E-011, -7.630590E-014, 2.150400E+004 1.570926E+074 2.150400E+004, Mon Aug 31 01:12:48 2015
1.90, 0.00, 1.60, 0.00 , 1.017857E-003, -1.018640E-003, 4.027014E-011, -8.208750E-014, 2.150400E+004 1.570926E+074 2.150400E+004, Mon Aug 31 01:12:51 2015
1.95, 0.00, 1.60, 0.00 , 1.019430E-003, -1.020300E-003, 3.389750E-011, -9.760860E-014, 2.150400E+004 1.570926E+074 2.150400E+004, Mon Aug 31 01:12:55 2015
2.00, 0.00, 1.60, 0.00 , 1.021192E-003, -1.022020E-003, 3.331056E-011, -1.091960E-013, 2.150400E+004 1.570926E+074 2.150400E+004, Mon Aug 31 01:12:58 2015
