0.05, 0.00, 0.00, 0.00 , -2.874682E-011, -3.861900E-013, -2.693597E-011, -8.744000E-014, 2.150400E+004 1.570926E+074 2.150400E+004, Wed Sep 02 21:52:58 2015
0.05, 0.00, 0.02, 0.00 , -2.393599E-011, -1.710890E-013, -2.970334E-011, -8.432870E-014, 2.150400E+004 1.570926E+074 2.150400E+004, Wed Sep 02 21:53:08 2015
0.05, 0.00, 0.04, 0.00 , -2.558179E-011, 2.985000E-014, -2.714562E-011, -1.037360E-013, 2.150400E+004 1.570926E+074 2.150400E+004, Wed Sep 02 21:53:24 2015
0.05, 0.00, 0.06, 0.00 , -2.414699E-011, 6.800170E-013, -3.138052E-011, -8.946660E-014, 2.150400E+004 1.570926E+074 2.150400E+004, Wed Sep 02 21:54:10 2015
0.05, 0.00, 0.08, 0.00 , -2.566618E-011, 5.007740E-013, -3.347701E-011, -9.627340E-014, 2.150400E+004 1.570926E+074 2.150400E+004, Wed Sep 02 21:54:20 2015
0.05, 0.00, 0.10, 0.00 , -2.613039E-011, 1.285430E-013, -3.628631E-011, -1.070620E-013, 2.150400E+004 1.570926E+074 2.150400E+004, Wed Sep 02 21:54:36 2015
0.05, 0.00, 0.12, 0.00 , -2.545518E-011, 5.602840E-014, -3.259649E-011, -9.773970E-014, 2.150400E+004 1.570926E+074 2.150400E+004, Wed Sep 02 21:54:45 2015
0.05, 0.00, 0.14, 0.00 , -2.798718E-011, 3.770230E-013, -2.697790E-011, -9.530780E-014, 2.150400E+004 1.570926E+074 2.150400E+004, Wed Sep 02 21:55:00 2015
0.05, 0.00, 0.16, 0.00 , -2.971737E-011, 2.697350E-013, -3.096123E-011, -1.024130E-013, 2.150400E+004 1.570926E+074 2.150400E+004, Wed Sep 02 21:55:36 2015
0.05, 0.00, 0.18, 0.00 , -2.819816E-011, 4.518030E-015, -3.301578E-011, -8.751150E-014, 2.150400E+004 1.570926E+074 2.150400E+004, Wed Sep 02 21:56:59 2015
0.05, 0.00, 0.20, 0.00 , -2.760736E-011, 6.786940E-013, -2.119178E-011, -9.889600E-014, 2.150400E+004 1.570926E+074 2.150400E+004, Wed Sep 02 21:57:44 2015
0.05, 0.00, 0.22, 0.00 , -2.591935E-011, 2.270460E-013, -3.100315E-011, -1.019950E-013, 2.150400E+004 1.570926E+074 2.150400E+004, Wed Sep 02 21:57:49 2015
0.05, 0.00, 0.24, 0.00 , -2.899994E-011, 4.510160E-013, -2.580386E-011, -1.018400E-013, 2.150400E+004 1.570926E+074 2.150400E+004, Wed Sep 02 21:58:07 2015
0.05, 0.00, 0.26, 0.00 , -2.562393E-011, 4.378080E-013, -2.609737E-011, -6.198880E-014, 2.150400E+004 1.570926E+074 2.150400E+004, Wed Sep 02 21:58:40 2015
0.05, 0.00, 0.28, 0.00 , -2.997056E-011, 3.555890E-013, -3.666367E-011, -1.065250E-013, 2.150400E+004 1.570926E+074 2.150400E+004, Wed Sep 02 21:58:45 2015
0.05, 0.00, 0.30, 0.00 , -2.878896E-011, 2.623440E-013, -2.852930E-011, -9.125470E-014, 2.150400E+004 1.570926E+074 2.150400E+004, Wed Sep 02 21:58:50 2015
0.05, 0.00, 0.32, 0.00 , -2.845135E-011, -1.050470E-013, -3.108701E-011, -8.213520E-014, 2.150400E+004 1.570926E+074 2.150400E+004, Wed Sep 02 21:59:24 2015
0.05, 0.00, 0.34, 0.00 , -3.001276E-011, 3.452300E-013, -3.603472E-011, -8.964540E-014, 2.150400E+004 1.570926E+074 2.150400E+004, Wed Sep 02 22:00:08 2015
0.05, 0.00, 0.36, 0.00 , -2.794496E-011, 4.742620E-013, -2.987105E-011, -9.205340E-014, 2.150400E+004 1.570926E+074 2.150400E+004, Wed Sep 02 22:00:31 2015
0.05, 0.00, 0.38, 0.00 , -2.954856E-011, 2.689120E-013, -2.706175E-011, -9.098050E-014, 2.150400E+004 1.570926E+074 2.150400E+004, Wed Sep 02 22:00:37 2015
0.05, 0.00, 0.40, 0.00 , -2.883116E-011, 4.936460E-013, -1.888587E-011, -8.453130E-014, 2.150400E+004 1.570926E+074 2.150400E+004, Wed Sep 02 22:00:51 2015
0.05, 0.00, 0.42, 0.00 , -2.781838E-011, 7.185100E-013, -2.450404E-011, -9.347200E-014, 2.150400E+004 1.570926E+074 2.150400E+004, Wed Sep 02 22:01:12 2015
0.05, 0.00, 0.44, 0.00 , -2.575056E-011, 3.940220E-013, -2.626509E-011, -8.802410E-014, 2.150400E+004 1.570926E+074 2.150400E+004, Wed Sep 02 22:01:43 2015
0.05, 0.00, 0.46, 0.00 , -2.853577E-011, -6.324050E-014, -2.022749E-011, -1.010420E-013, 2.150400E+004 1.570926E+074 2.150400E+004, Wed Sep 02 22:01:55 2015
0.05, 0.00, 0.48, 0.00 , -2.634136E-011, 5.971190E-014, -1.771196E-011, -9.728670E-014, 2.150400E+004 1.570926E+074 2.150400E+004, Wed Sep 02 22:02:02 2015
0.05, 0.00, 0.50, 0.00 , -2.963297E-011, 4.410740E-013, -1.276474E-011, -8.122920E-014, 2.150400E+004 1.570926E+074 2.150400E+004, Wed Sep 02 22:02:17 2015
0.05, 0.00, 0.52, 0.00 , -2.781838E-011, 1.063350E-014, -3.276419E-011, -8.373260E-014, 2.150400E+004 1.570926E+074 2.150400E+004, Wed Sep 02 22:02:26 2015
0.05, 0.00, 0.54, 0.00 , -2.465337E-011, 1.208900E-013, -2.496527E-011, -7.653240E-014, 2.150400E+004 1.570926E+074 2.150400E+004, Wed Sep 02 22:03:02 2015
0.05, 0.00, 0.56, 0.00 , -2.807159E-011, 2.790570E-013, -3.171596E-011, -7.514950E-014, 2.150400E+004 1.570926E+074 2.150400E+004, Wed Sep 02 22:03:10 2015
0.05, 0.00, 0.58, 0.00 , -2.802937E-011, 2.753140E-013, -3.184174E-011, -8.665320E-014, 2.150400E+004 1.570926E+074 2.150400E+004, Wed Sep 02 22:03:33 2015
0.05, 0.00, 0.60, 0.00 , -3.288237E-011, 1.314160E-013, -2.865508E-011, -9.843110E-014, 2.150400E+004 1.570926E+074 2.150400E+004, Wed Sep 02 22:03:38 2015
0.05, 0.00, 0.62, 0.00 , -2.440016E-011, 2.056360E-014, -1.553182E-011, -7.168050E-014, 2.150400E+004 1.570926E+074 2.150400E+004, Wed Sep 02 22:03:54 2015
0.05, 0.00, 0.64, 0.00 , -2.456899E-011, -1.146590E-012, -2.144333E-011, -7.313490E-014, 2.150400E+004 1.570926E+074 2.150400E+004, Wed Sep 02 22:04:31 2015
0.05, 0.00, 0.66, 0.00 , 6.785290E-012, -3.842480E-011, -2.295265E-011, -7.206200E-014, 2.150400E+004 1.570926E+074 2.150400E+004, Wed Sep 02 22:04:40 2015
0.05, 0.00, 0.68, 0.00 , 2.805181E-009, -2.752280E-009, -2.601351E-011, -8.987190E-014, 2.150400E+004 1.570926E+074 2.150400E+004, Wed Sep 02 22:04:46 2015
0.05, 0.00, 0.70, 0.00 , 3.674698E-008, -3.630190E-008, -2.681018E-011, -7.755760E-014, 2.150400E+004 1.570926E+074 2.150400E+004, Wed Sep 02 22:04:50 2015
0.05, 0.00, 0.72, 0.00 , 1.299414E-007, -1.292390E-007, -2.731333E-011, -9.649990E-014, 2.150400E+004 1.570926E+074 2.150400E+004, Wed Sep 02 22:04:54 2015
0.05, 0.00, 0.74, 0.00 , 3.295442E-007, -3.277560E-007, -1.905357E-011, -7.767680E-014, 2.150400E+004 1.570926E+074 2.150400E+004, Wed Sep 02 22:04:57 2015
0.05, 0.00, 0.76, 0.00 , 5.837761E-007, -5.811860E-007, -1.959861E-011, -8.436440E-014, 2.150400E+004 1.570926E+074 2.150400E+004, Wed Sep 02 22:05:01 2015
0.05, 0.00, 0.78, 0.00 , 8.565792E-007, -8.524100E-007, -3.024841E-011, -1.003270E-013, 2.150400E+004 1.570926E+074 2.150400E+004, Wed Sep 02 22:05:04 2015
0.05, 0.00, 0.80, 0.00 , 1.167170E-006, -1.162480E-006, -2.001786E-011, -8.834600E-014, 2.150400E+004 1.570926E+074 2.150400E+004, Wed Sep 02 22:05:08 2015
0.05, 0.00, 0.82, 0.00 , 1.435237E-006, -1.429430E-006, -1.909550E-011, -8.918050E-014, 2.150400E+004 1.570926E+074 2.150400E+004, Wed Sep 02 22:05:11 2015
0.05, 0.00, 0.84, 0.00 , 1.672916E-006, -1.664330E-006, -2.194644E-011, -9.014610E-014, 2.150400E+004 1.570926E+074 2.150400E+004, Wed Sep 02 22:05:15 2015
0.05, 0.00, 0.86, 0.00 , 1.882100E-006, -1.874790E-006, -2.102407E-011, -8.420940E-014, 2.150400E+004 1.570926E+074 2.150400E+004, Wed Sep 02 22:05:19 2015
0.05, 0.00, 0.88, 0.00 , 2.054067E-006, -2.046280E-006, -2.869702E-011, -9.845500E-014, 2.150400E+004 1.570926E+074 2.150400E+004, Wed Sep 02 22:05:22 2015
0.05, 0.00, 0.90, 0.00 , 2.203248E-006, -2.193830E-006, -2.060482E-011, -9.560580E-014, 2.150400E+004 1.570926E+074 2.150400E+004, Wed Sep 02 22:05:26 2015
0.05, 0.00, 0.92, 0.00 , 2.338450E-006, -2.329030E-006, -1.989209E-011, -1.010420E-013, 2.150400E+004 1.570926E+074 2.150400E+004, Wed Sep 02 22:05:29 2015
0.05, 0.00, 0.94, 0.00 , 2.463819E-006, -2.453950E-006, -2.542649E-011, -8.858440E-014, 2.150400E+004 1.570926E+074 2.150400E+004, Wed Sep 02 22:05:33 2015
0.05, 0.00, 0.96, 0.00 , 2.580312E-006, -2.570450E-006, -1.406443E-011, -8.500810E-014, 2.150400E+004 1.570926E+074 2.150400E+004, Wed Sep 02 22:05:36 2015
0.05, 0.00, 0.98, 0.00 , 2.690663E-006, -2.679920E-006, -2.194644E-011, -8.136030E-014, 2.150400E+004 1.570926E+074 2.150400E+004, Wed Sep 02 22:05:40 2015
0.05, 0.00, 1.00, 0.00 , 2.796407E-006, -2.784510E-006, -1.695730E-011, -8.826260E-014, 2.150400E+004 1.570926E+074 2.150400E+004, Wed Sep 02 22:05:43 2015
0.05, 0.00, 1.02, 0.00 , 2.896318E-006, -2.883800E-006, -1.729270E-011, -7.772450E-014, 2.150400E+004 1.570926E+074 2.150400E+004, Wed Sep 02 22:05:47 2015
0.05, 0.00, 1.04, 0.00 , 2.996642E-006, -2.983300E-006, -2.236569E-011, -7.708070E-014, 2.150400E+004 1.570926E+074 2.150400E+004, Wed Sep 02 22:05:51 2015
0.05, 0.00, 1.06, 0.00 , 3.100593E-006, -3.086290E-006, -2.232377E-011, -6.929640E-014, 2.150400E+004 1.570926E+074 2.150400E+004, Wed Sep 02 22:05:54 2015
0.05, 0.00, 1.08, 0.00 , 3.206308E-006, -3.192410E-006, -1.972439E-011, -9.716750E-014, 2.150400E+004 1.570926E+074 2.150400E+004, Wed Sep 02 22:05:58 2015
0.05, 0.00, 1.10, 0.00 , 3.313524E-006, -3.299430E-006, -1.825699E-011, -8.314850E-014, 2.150400E+004 1.570926E+074 2.150400E+004, Wed Sep 02 22:06:01 2015
0.05, 0.00, 1.12, 0.00 , 3.415149E-006, -3.400090E-006, -1.393866E-011, -1.143220E-013, 2.150400E+004 1.570926E+074 2.150400E+004, Wed Sep 02 22:06:05 2015
0.05, 0.00, 1.14, 0.00 , 3.521648E-006, -3.504470E-006, -1.746040E-011, -9.145740E-014, 2.150400E+004 1.570926E+074 2.150400E+004, Wed Sep 02 22:06:08 2015
0.05, 0.00, 1.16, 0.00 , 3.624839E-006, -3.609610E-006, -1.951475E-011, -9.192230E-014, 2.150400E+004 1.570926E+074 2.150400E+004, Wed Sep 02 22:06:12 2015
0.05, 0.00, 1.18, 0.00 , 3.725907E-006, -3.711580E-006, -1.674767E-011, -9.430650E-014, 2.150400E+004 1.570926E+074 2.150400E+004, Wed Sep 02 22:06:15 2015
0.05, 0.00, 1.20, 0.00 , 3.822611E-006, -3.806260E-006, -1.347748E-011, -9.776350E-014, 2.150400E+004 1.570926E+074 2.150400E+004, Wed Sep 02 22:06:19 2015
0.05, 0.00, 1.22, 0.00 , 3.925387E-006, -3.914830E-006, -1.268089E-011, -7.109640E-014, 2.150400E+004 1.570926E+074 2.150400E+004, Wed Sep 02 22:06:22 2015
0.05, 0.00, 1.24, 0.00 , 4.035309E-006, -4.015320E-006, -1.251318E-011, -9.900330E-014, 2.150400E+004 1.570926E+074 2.150400E+004, Wed Sep 02 22:06:26 2015
0.05, 0.00, 1.26, 0.00 , 4.135366E-006, -4.121330E-006, -1.662189E-011, -9.064670E-014, 2.150400E+004 1.570926E+074 2.150400E+004, Wed Sep 02 22:06:30 2015
0.05, 0.00, 1.28, 0.00 , 4.244684E-006, -4.227840E-006, -1.058461E-011, -7.690190E-014, 2.150400E+004 1.570926E+074 2.150400E+004, Wed Sep 02 22:06:33 2015
0.05, 0.00, 1.30, 0.00 , 4.358007E-006, -4.345790E-006, -1.003958E-011, -8.459090E-014, 2.150400E+004 1.570926E+074 2.150400E+004, Wed Sep 02 22:06:37 2015
0.05, 0.00, 1.32, 0.00 , 4.476607E-006, -4.459090E-006, -1.452561E-011, -9.136200E-014, 2.150400E+004 1.570926E+074 2.150400E+004, Wed Sep 02 22:06:40 2015
0.05, 0.00, 1.34, 0.00 , 4.594376E-006, -4.580960E-006, -1.574146E-011, -1.023290E-013, 2.150400E+004 1.570926E+074 2.150400E+004, Wed Sep 02 22:06:44 2015
0.05, 0.00, 1.36, 0.00 , 4.727212E-006, -4.708500E-006, -1.561568E-011, -9.778740E-014, 2.150400E+004 1.570926E+074 2.150400E+004, Wed Sep 02 22:06:47 2015
0.05, 0.00, 1.38, 0.00 , 4.857248E-006, -4.835990E-006, -1.586723E-011, -1.096010E-013, 2.150400E+004 1.570926E+074 2.150400E+004, Wed Sep 02 22:06:51 2015
0.05, 0.00, 1.40, 0.00 , 4.992097E-006, -4.969310E-006, -1.305822E-011, -9.555820E-014, 2.150400E+004 1.570926E+074 2.150400E+004, Wed Sep 02 22:06:54 2015
0.05, 0.00, 1.42, 0.00 , 5.132498E-006, -5.110130E-006, -1.976631E-011, -1.074430E-013, 2.150400E+004 1.570926E+074 2.150400E+004, Wed Sep 02 22:06:58 2015
0.05, 0.00, 1.44, 0.00 , 5.282283E-006, -5.255820E-006, -2.010171E-011, -8.568760E-014, 2.150400E+004 1.570926E+074 2.150400E+004, Wed Sep 02 22:07:02 2015
0.05, 0.00, 1.46, 0.00 , 5.429472E-006, -5.405100E-006, -1.938898E-011, -8.360150E-014, 2.150400E+004 1.570926E+074 2.150400E+004, Wed Sep 02 22:07:05 2015
0.05, 0.00, 1.48, 0.00 , 5.577081E-006, -5.557160E-006, -1.787966E-011, -1.042840E-013, 2.150400E+004 1.570926E+074 2.150400E+004, Wed Sep 02 22:07:09 2015
0.05, 0.00, 1.50, 0.00 , 5.738529E-006, -5.712200E-006, -8.949516E-012, -7.630590E-014, 2.150400E+004 1.570926E+074 2.150400E+004, Wed Sep 02 22:07:12 2015
0.05, 0.00, 1.52, 0.00 , 5.899833E-006, -5.875820E-006, -6.266276E-012, -8.742810E-014, 2.150400E+004 1.570926E+074 2.150400E+004, Wed Sep 02 22:07:16 2015
0.05, 0.00, 1.54, 0.00 , 6.066471E-006, -6.040970E-006, -1.087809E-011, -8.841750E-014, 2.150400E+004 1.570926E+074 2.150400E+004, Wed Sep 02 22:07:19 2015
0.05, 0.00, 1.56, 0.00 , 6.234295E-006, -6.209290E-006, -1.335170E-011, -9.583240E-014, 2.150400E+004 1.570926E+074 2.150400E+004, Wed Sep 02 22:07:23 2015
0.05, 0.00, 1.58, 0.00 , 6.416575E-006, -6.389230E-006, -1.913743E-011, -7.170440E-014, 2.150400E+004 1.570926E+074 2.150400E+004, Wed Sep 02 22:07:26 2015
0.05, 0.00, 1.60, 0.00 , 6.599406E-006, -6.573000E-006, -1.431599E-011, -8.627180E-014, 2.150400E+004 1.570926E+074 2.150400E+004, Wed Sep 02 22:07:30 2015
0.05, 0.00, 1.62, 0.00 , 6.779646E-006, -6.753210E-006, -8.027152E-012, -1.057510E-013, 2.150400E+004 1.570926E+074 2.150400E+004, Wed Sep 02 22:07:34 2015
0.05, 0.00, 1.64, 0.00 , 6.968424E-006, -6.940900E-006, -7.607888E-012, -1.084330E-013, 2.150400E+004 1.570926E+074 2.150400E+004, Wed Sep 02 22:07:37 2015
0.05, 0.00, 1.66, 0.00 , 7.159259E-006, -7.130360E-006, -5.763187E-012, -6.583930E-014, 2.150400E+004 1.570926E+074 2.150400E+004, Wed Sep 02 22:07:41 2015
0.05, 0.00, 1.68, 0.00 , 7.351617E-006, -7.324930E-006, -8.069077E-012, -7.567410E-014, 2.150400E+004 1.570926E+074 2.150400E+004, Wed Sep 02 22:07:44 2015
0.05, 0.00, 1.70, 0.00 , 7.548790E-006, -7.521090E-006, -4.386231E-013, -7.764100E-014, 2.150400E+004 1.570926E+074 2.150400E+004, Wed Sep 02 22:07:48 2015
0.05, 0.00, 1.72, 0.00 , 7.753293E-006, -7.721510E-006, -1.075231E-011, -8.941890E-014, 2.150400E+004 1.570926E+074 2.150400E+004, Wed Sep 02 22:07:51 2015
0.05, 0.00, 1.74, 0.00 , 7.960990E-006, -7.930240E-006, -1.154890E-011, -8.713010E-014, 2.150400E+004 1.570926E+074 2.150400E+004, Wed Sep 02 22:07:55 2015
0.05, 0.00, 1.76, 0.00 , 8.173348E-006, -8.140700E-006, -4.421559E-012, -7.824900E-014, 2.150400E+004 1.570926E+074 2.150400E+004, Wed Sep 02 22:07:58 2015
0.05, 0.00, 1.78, 0.00 , 8.387501E-006, -8.356610E-006, -9.075300E-012, -7.758140E-014, 2.150400E+004 1.570926E+074 2.150400E+004, Wed Sep 02 22:08:02 2015
0.05, 0.00, 1.80, 0.00 , 8.609774E-006, -8.576990E-006, -5.385839E-012, -8.912090E-014, 2.150400E+004 1.570926E+074 2.150400E+004, Wed Sep 02 22:08:06 2015
0.05, 0.00, 1.82, 0.00 , 8.840376E-006, -8.808200E-006, -1.075231E-011, -8.033510E-014, 2.150400E+004 1.570926E+074 2.150400E+004, Wed Sep 02 22:08:09 2015
0.05, 0.00, 1.84, 0.00 , 9.067204E-006, -9.034350E-006, -2.115655E-012, -9.776350E-014, 2.150400E+004 1.570926E+074 2.150400E+004, Wed Sep 02 22:08:13 2015
0.05, 0.00, 1.86, 0.00 , 9.299143E-006, -9.266220E-006, -9.201064E-012, -8.734460E-014, 2.150400E+004 1.570926E+074 2.150400E+004, Wed Sep 02 22:08:16 2015
0.05, 0.00, 1.88, 0.00 , 9.536270E-006, -9.503340E-006, -3.163782E-012, -1.097920E-013, 2.150400E+004 1.570926E+074 2.150400E+004, Wed Sep 02 22:08:20 2015
0.05, 0.00, 1.90, 0.00 , 9.778820E-006, -9.737370E-006, -1.989861E-012, -8.468630E-014, 2.150400E+004 1.570926E+074 2.150400E+004, Wed Sep 02 22:08:23 2015
0.05, 0.00, 1.92, 0.00 , 1.002385E-005, -9.987860E-006, -8.194856E-012, -9.863380E-014, 2.150400E+004 1.570926E+074 2.150400E+004, Wed Sep 02 22:08:27 2015
0.05, 0.00, 1.94, 0.00 , 1.027666E-005, -1.025280E-005, -1.906010E-012, -8.643870E-014, 2.150400E+004 1.570926E+074 2.150400E+004, Wed Sep 02 22:08:30 2015
0.05, 0.00, 1.96, 0.00 , 1.054533E-005, -1.051260E-005, -4.086153E-012, -6.954670E-014, 2.150400E+004 1.570926E+074 2.150400E+004, Wed Sep 02 22:08:34 2015
0.05, 0.00, 1.98, 0.00 , 1.081501E-005, -1.078130E-005, 8.610751E-013, -8.034710E-014, 2.150400E+004 1.570926E+074 2.150400E+004, Wed Sep 02 22:08:38 2015
0.05, 0.00, 2.00, 0.00 , 1.108226E-005, -1.104510E-005, -5.343927E-012, -9.403230E-014, 2.150400E+004 1.570926E+074 2.150400E+004, Wed Sep 02 22:08:41 2015
