0.00, 0.00, 1.20, 0.00 , -1.318414E-010, 2.122220E-010, -1.024922E-011, -1.015540E-013, 2.150400E+004 1.570926E+074 2.150400E+004, Wed Sep 02 23:03:20 2015
0.05, 0.00, 1.20, 0.00 , 3.821476E-006, -3.802280E-006, -1.439984E-011, -9.837150E-014, 2.150400E+004 1.570926E+074 2.150400E+004, Wed Sep 02 23:03:25 2015
0.10, 0.00, 1.20, 0.00 , 2.786524E-005, -2.781330E-005, -1.465139E-011, -8.202790E-014, 2.150400E+004 1.570926E+074 2.150400E+004, Wed Sep 02 23:03:29 2015
0.15, 0.00, 1.20, 0.00 , 7.633452E-005, -7.623740E-005, -2.370737E-011, -8.302930E-014, 2.150400E+004 1.570926E+074 2.150400E+004, Wed Sep 02 23:03:32 2015
0.20, 0.00, 1.20, 0.00 , 1.343110E-004, -1.341330E-004, -2.031134E-011, -9.404420E-014, 2.150400E+004 1.570926E+074 2.150400E+004, Wed Sep 02 23:03:36 2015
0.25, 0.00, 1.20, 0.00 , 1.920485E-004, -1.919000E-004, -1.938898E-011, -1.099940E-013, 2.150400E+004 1.570926E+074 2.150400E+004, Wed Sep 02 23:03:40 2015
0.30, 0.00, 1.20, 0.00 , 2.469902E-004, -2.468410E-004, -1.486103E-011, -9.001490E-014, 2.150400E+004 1.570926E+074 2.150400E+004, Wed Sep 02 23:03:43 2015
0.35, 0.00, 1.20, 0.00 , 2.966392E-004, -2.964840E-004, -2.089830E-011, -1.154540E-013, 2.150400E+004 1.570926E+074 2.150400E+004, Wed Sep 02 23:03:47 2015
0.40, 0.00, 1.20, 0.00 , 3.395070E-004, -3.393110E-004, -2.223992E-011, -8.202790E-014, 2.150400E+004 1.570926E+074 2.150400E+004, Wed Sep 02 23:03:50 2015
0.45, 0.00, 1.20, 0.00 , 3.746226E-004, -3.744210E-004, -1.402252E-011, -9.133820E-014, 2.150400E+004 1.570926E+074 2.150400E+004, Wed Sep 02 23:03:54 2015
0.50, 0.00, 1.20, 0.00 , 4.020565E-004, -4.017920E-004, -1.012344E-011, -9.506940E-014, 2.150400E+004 1.570926E+074 2.150400E+004, Wed Sep 02 23:03:57 2015
0.55, 0.00, 1.20, 0.00 , 4.224279E-004, -4.222240E-004, -1.268090E-011, -1.054880E-013, 2.150400E+004 1.570926E+074 2.150400E+004, Wed Sep 02 23:04:01 2015
0.60, 0.00, 1.20, 0.00 , 4.368987E-004, -4.367170E-004, -2.026942E-011, -8.795260E-014, 2.150400E+004 1.570926E+074 2.150400E+004, Wed Sep 02 23:04:04 2015
0.65, 0.00, 1.20, 0.00 , 4.470308E-004, -4.468310E-004, -1.339363E-011, -7.611510E-014, 2.150400E+004 1.570926E+074 2.150400E+004, Wed Sep 02 23:04:08 2015
0.70, 0.00, 1.20, 0.00 , 4.541720E-004, -4.539550E-004, -1.892780E-011, -8.057360E-014, 2.150400E+004 1.570926E+074 2.150400E+004, Wed Sep 02 23:04:12 2015
0.75, 0.00, 1.20, 0.00 , 4.591855E-004, -4.589550E-004, -1.217779E-011, -8.010860E-014, 2.150400E+004 1.570926E+074 2.150400E+004, Wed Sep 02 23:04:15 2015
0.80, 0.00, 1.20, 0.00 , 4.629358E-004, -4.627160E-004, -1.896973E-011, -8.912090E-014, 2.150400E+004 1.570926E+074 2.150400E+004, Wed Sep 02 23:04:19 2015
0.85, 0.00, 1.20, 0.00 , 4.660091E-004, -4.658130E-004, -1.972439E-011, -8.713010E-014, 2.150400E+004 1.570926E+074 2.150400E+004, Wed Sep 02 23:04:22 2015
0.90, 0.00, 1.20, 0.00 , 4.686847E-004, -4.684880E-004, -2.299458E-011, -9.393690E-014, 2.150400E+004 1.570926E+074 2.150400E+004, Wed Sep 02 23:04:26 2015
0.95, 0.00, 1.20, 0.00 , 4.710100E-004, -4.707800E-004, -2.123370E-011, -9.022950E-014, 2.150400E+004 1.570926E+074 2.150400E+004, Wed Sep 02 23:04:29 2015
1.00, 0.00, 1.20, 0.00 , 4.731943E-004, -4.730040E-004, -1.574146E-011, -1.012920E-013, 2.150400E+004 1.570926E+074 2.150400E+004, Wed Sep 02 23:04:33 2015
1.05, 0.00, 1.20, 0.00 , 4.753384E-004, -4.751590E-004, -1.674767E-011, -8.684400E-014, 2.150400E+004 1.570926E+074 2.150400E+004, Wed Sep 02 23:04:36 2015
1.10, 0.00, 1.20, 0.00 , 4.788406E-004, -4.786450E-004, -9.201083E-012, -8.599760E-014, 2.150400E+004 1.570926E+074 2.150400E+004, Wed Sep 02 23:04:40 2015
1.15, 0.00, 1.20, 0.00 , 4.839154E-004, -4.837680E-004, -1.033307E-011, -1.060960E-013, 2.150400E+004 1.570926E+074 2.150400E+004, Wed Sep 02 23:04:43 2015
1.20, 0.00, 1.20, 0.00 , 4.885221E-004, -4.885750E-004, -1.104580E-011, -9.194610E-014, 2.150400E+004 1.570926E+074 2.150400E+004, Wed Sep 02 23:04:47 2015
1.25, 0.00, 1.20, 0.00 , 4.934125E-004, -4.932130E-004, -2.077252E-011, -1.093750E-013, 2.150400E+004 1.570926E+074 2.150400E+004, Wed Sep 02 23:04:51 2015
1.30, 0.00, 1.20, 0.00 , 4.981471E-004, -4.977850E-004, -2.219799E-011, -8.813140E-014, 2.150400E+004 1.570926E+074 2.150400E+004, Wed Sep 02 23:04:54 2015
1.35, 0.00, 1.20, 0.00 , 5.026238E-004, -5.023900E-004, -8.656039E-012, -9.123090E-014, 2.150400E+004 1.570926E+074 2.150400E+004, Wed Sep 02 23:04:58 2015
1.40, 0.00, 1.20, 0.00 , 5.070919E-004, -5.068850E-004, -1.335170E-011, -1.068120E-013, 2.150400E+004 1.570926E+074 2.150400E+004, Wed Sep 02 23:05:01 2015
1.45, 0.00, 1.20, 0.00 , 5.116367E-004, -5.115560E-004, -1.268090E-011, -1.009700E-013, 2.150400E+004 1.570926E+074 2.150400E+004, Wed Sep 02 23:05:05 2015
1.50, 0.00, 1.20, 0.00 , 5.159161E-004, -5.157940E-004, -2.203029E-011, -1.066090E-013, 2.150400E+004 1.570926E+074 2.150400E+004, Wed Sep 02 23:05:08 2015
1.55, 0.00, 1.20, 0.00 , 5.201767E-004, -5.199200E-004, -2.026942E-011, -1.036760E-013, 2.150400E+004 1.570926E+074 2.150400E+004, Wed Sep 02 23:05:12 2015
1.60, 0.00, 1.20, 0.00 , 5.242531E-004, -5.240520E-004, -2.307843E-011, -1.007910E-013, 2.150400E+004 1.570926E+074 2.150400E+004, Wed Sep 02 23:05:15 2015
1.65, 0.00, 1.20, 0.00 , 5.288338E-004, -5.284950E-004, -2.613930E-011, -8.791680E-014, 2.150400E+004 1.570926E+074 2.150400E+004, Wed Sep 02 23:05:19 2015
1.70, 0.00, 1.20, 0.00 , 5.340966E-004, -5.339090E-004, -2.131756E-011, -7.930990E-014, 2.150400E+004 1.570926E+074 2.150400E+004, Wed Sep 02 23:05:22 2015
1.75, 0.00, 1.20, 0.00 , 5.408956E-004, -5.407300E-004, -1.624457E-011, -9.464030E-014, 2.150400E+004 1.570926E+074 2.150400E+004, Wed Sep 02 23:05:26 2015
1.80, 0.00, 1.20, 0.00 , 5.498126E-004, -5.496480E-004, -9.159159E-012, -9.323360E-014, 2.150400E+004 1.570926E+074 2.150400E+004, Wed Sep 02 23:05:30 2015
1.85, 0.00, 1.20, 0.00 , 5.612224E-004, -5.610310E-004, -2.848736E-011, -9.038450E-014, 2.150400E+004 1.570926E+074 2.150400E+004, Wed Sep 02 23:05:33 2015
1.90, 0.00, 1.20, 0.00 , 5.749816E-004, -5.747620E-004, -1.561568E-011, -9.757280E-014, 2.150400E+004 1.570926E+074 2.150400E+004, Wed Sep 02 23:05:37 2015
1.95, 0.00, 1.20, 0.00 , 5.903540E-004, -5.901580E-004, -2.081445E-011, -1.068950E-013, 2.150400E+004 1.570926E+074 2.150400E+004, Wed Sep 02 23:05:40 2015
2.00, 0.00, 1.20, 0.00 , 6.060337E-004, -6.058770E-004, -1.557376E-011, -9.173150E-014, 2.150400E+004 1.570926E+074 2.150400E+004, Wed Sep 02 23:05:44 2015
