0.00, 0.00, 0.00, 0.00 , -5.085884E-011, -8.666520E-014, -5.565735E-011, -1.029850E-013, 2.150400E+004 1.570926E+074 2.150400E+004, Mon Aug 31 00:57:33 2015
0.05, 0.00, 0.00, 0.00 , -4.018240E-011, -2.817750E-013, -5.871818E-011, -7.109640E-014, 2.150400E+004 1.570926E+074 2.150400E+004, Mon Aug 31 00:57:38 2015
0.10, 0.00, 0.00, 0.00 , -3.790359E-011, -3.249530E-013, -5.599279E-011, -7.487540E-014, 2.150400E+004 1.570926E+074 2.150400E+004, Mon Aug 31 00:57:47 2015
0.15, 0.00, 0.00, 0.00 , -3.431665E-011, -3.957870E-013, -5.519614E-011, -9.713170E-014, 2.150400E+004 1.570926E+074 2.150400E+004, Mon Aug 31 00:57:57 2015
0.20, 0.00, 0.00, 0.00 , -2.807114E-011, -4.440780E-013, -5.473491E-011, -8.447170E-014, 2.150400E+004 1.570926E+074 2.150400E+004, Mon Aug 31 00:58:04 2015
0.25, 0.00, 0.00, 0.00 , -2.431538E-011, -4.658940E-013, -5.188372E-011, -9.777550E-014, 2.150400E+004 1.570926E+074 2.150400E+004, Mon Aug 31 00:58:10 2015
0.30, 0.00, 0.00, 0.00 , -2.169903E-011, -3.843310E-013, -4.903254E-011, -1.099110E-013, 2.150400E+004 1.570926E+074 2.150400E+004, Mon Aug 31 00:58:21 2015
0.35, 0.00, 0.00, 0.00 , -1.954684E-011, -4.143600E-013, -5.175791E-011, -8.528230E-014, 2.150400E+004 1.570926E+074 2.150400E+004, Mon Aug 31 00:58:40 2015
0.40, 0.00, 0.00, 0.00 , -1.490490E-011, -3.748890E-013, -4.429456E-011, -9.881260E-014, 2.150400E+004 1.570926E+074 2.150400E+004, Mon Aug 31 00:58:53 2015
0.45, 0.00, 0.00, 0.00 , -6.169619E-012, -4.862670E-013, -4.592979E-011, -8.292200E-014, 2.150400E+004 1.570926E+074 2.150400E+004, Mon Aug 31 00:58:56 2015
0.50, 0.00, 0.00, 0.00 , -4.312845E-012, -5.951400E-013, -4.915834E-011, -7.139440E-014, 2.150400E+004 1.570926E+074 2.150400E+004, Mon Aug 31 00:59:00 2015
0.55, 0.00, 0.00, 0.00 , -5.069990E-014, -5.610940E-013, -4.706187E-011, -9.269710E-014, 2.150400E+004 1.570926E+074 2.150400E+004, Mon Aug 31 00:59:04 2015
0.60, 0.00, 0.00, 0.00 , 3.958084E-012, -5.947710E-013, -4.806816E-011, -9.034870E-014, 2.150400E+004 1.570926E+074 2.150400E+004, Mon Aug 31 00:59:07 2015
0.65, 0.00, 0.00, 0.00 , 7.586944E-012, -6.476160E-013, -4.756501E-011, -8.298160E-014, 2.150400E+004 1.570926E+074 2.150400E+004, Mon Aug 31 00:59:11 2015
0.70, 0.00, 0.00, 0.00 , 7.629140E-012, -6.717680E-013, -4.576207E-011, -8.603330E-014, 2.150400E+004 1.570926E+074 2.150400E+004, Mon Aug 31 00:59:16 2015
0.75, 0.00, 0.00, 0.00 , 8.979408E-012, -6.619330E-013, -4.634909E-011, -8.288620E-014, 2.150400E+004 1.570926E+074 2.150400E+004, Mon Aug 31 00:59:23 2015
0.80, 0.00, 0.00, 0.00 , 1.189093E-011, -6.279590E-013, -4.693610E-011, -9.348390E-014, 2.150400E+004 1.570926E+074 2.150400E+004, Mon Aug 31 00:59:31 2015
0.85, 0.00, 0.00, 0.00 , 1.256607E-011, -5.692960E-013, -4.668453E-011, -9.144540E-014, 2.150400E+004 1.570926E+074 2.150400E+004, Mon Aug 31 00:59:44 2015
0.90, 0.00, 0.00, 0.00 , 1.606833E-011, -5.868200E-013, -4.798433E-011, -8.845330E-014, 2.150400E+004 1.570926E+074 2.150400E+004, Mon Aug 31 00:59:54 2015
0.95, 0.00, 0.00, 0.00 , 1.851572E-011, -5.030630E-013, -4.756505E-011, -8.299350E-014, 2.150400E+004 1.570926E+074 2.150400E+004, Mon Aug 31 01:00:04 2015
1.00, 0.00, 0.00, 0.00 , 2.400119E-011, -5.214450E-013, -4.576211E-011, -8.522270E-014, 2.150400E+004 1.570926E+074 2.150400E+004, Mon Aug 31 01:00:10 2015
1.05, 0.00, 0.00, 0.00 , 2.480289E-011, -4.305720E-013, -4.395913E-011, -8.518700E-014, 2.150400E+004 1.570926E+074 2.150400E+004, Mon Aug 31 01:00:19 2015
1.10, 0.00, 0.00, 0.00 , 2.885373E-011, -4.714130E-013, -4.337213E-011, -8.975270E-014, 2.150400E+004 1.570926E+074 2.150400E+004, Mon Aug 31 01:00:26 2015
1.15, 0.00, 0.00, 0.00 , 2.952886E-011, -4.868030E-013, -4.454615E-011, -8.523460E-014, 2.150400E+004 1.570926E+074 2.150400E+004, Mon Aug 31 01:00:37 2015
1.20, 0.00, 0.00, 0.00 , 3.391726E-011, -5.879760E-013, -4.802626E-011, -7.983450E-014, 2.150400E+004 1.570926E+074 2.150400E+004, Mon Aug 31 01:00:44 2015
1.25, 0.00, 0.00, 0.00 , 3.691316E-011, -5.077960E-013, -4.655875E-011, -9.087320E-014, 2.150400E+004 1.570926E+074 2.150400E+004, Mon Aug 31 01:00:52 2015
1.30, 0.00, 0.00, 0.00 , 4.235648E-011, -6.208180E-013, -4.286897E-011, -9.033680E-014, 2.150400E+004 1.570926E+074 2.150400E+004, Mon Aug 31 01:00:58 2015
1.35, 0.00, 0.00, 0.00 , 4.395992E-011, -4.541400E-013, -4.760697E-011, -9.138580E-014, 2.150400E+004 1.570926E+074 2.150400E+004, Mon Aug 31 01:01:10 2015
1.40, 0.00, 0.00, 0.00 , 4.923444E-011, -6.991510E-013, -4.286899E-011, -9.071830E-014, 2.150400E+004 1.570926E+074 2.150400E+004, Mon Aug 31 01:01:16 2015
1.45, 0.00, 0.00, 0.00 , 5.501525E-011, -6.097080E-013, -4.312055E-011, -6.911750E-014, 2.150400E+004 1.570926E+074 2.150400E+004, Mon Aug 31 01:01:21 2015
1.50, 0.00, 0.00, 0.00 , 5.446672E-011, -4.496100E-013, -4.404300E-011, -8.798840E-014, 2.150400E+004 1.570926E+074 2.150400E+004, Mon Aug 31 01:01:31 2015
1.55, 0.00, 0.00, 0.00 , 5.695629E-011, -5.385990E-013, -4.563628E-011, -6.854530E-014, 2.150400E+004 1.570926E+074 2.150400E+004, Mon Aug 31 01:01:38 2015
1.60, 0.00, 0.00, 0.00 , 5.877072E-011, -6.013990E-013, -4.161110E-011, -7.970330E-014, 2.150400E+004 1.570926E+074 2.150400E+004, Mon Aug 31 01:01:49 2015
1.65, 0.00, 0.00, 0.00 , 6.071173E-011, -5.709770E-013, -4.362370E-011, -8.318420E-014, 2.150400E+004 1.570926E+074 2.150400E+004, Mon Aug 31 01:02:04 2015
1.70, 0.00, 0.00, 0.00 , 6.725211E-011, -5.940080E-013, -4.525893E-011, -7.970330E-014, 2.150400E+004 1.570926E+074 2.150400E+004, Mon Aug 31 01:02:09 2015
1.75, 0.00, 0.00, 0.00 , 6.999482E-011, -6.665470E-013, -4.387529E-011, -9.696480E-014, 2.150400E+004 1.570926E+074 2.150400E+004, Mon Aug 31 01:02:15 2015
1.80, 0.00, 0.00, 0.00 , 7.286418E-011, -5.708220E-013, -4.383334E-011, -8.952620E-014, 2.150400E+004 1.570926E+074 2.150400E+004, Mon Aug 31 01:02:23 2015
1.85, 0.00, 0.00, 0.00 , 7.569122E-011, -5.348090E-013, -4.630717E-011, -8.071660E-014, 2.150400E+004 1.570926E+074 2.150400E+004, Mon Aug 31 01:02:33 2015
1.90, 0.00, 0.00, 0.00 , 7.872940E-011, -6.831530E-013, -4.274318E-011, -4.613400E-014, 2.150400E+004 1.570926E+074 2.150400E+004, Mon Aug 31 01:02:40 2015
1.95, 0.00, 0.00, 0.00 , 8.202067E-011, -6.074430E-013, -4.500736E-011, -6.237030E-014, 2.150400E+004 1.570926E+074 2.150400E+004, Mon Aug 31 01:02:46 2015
2.00, 0.00, 0.00, 0.00 , 8.501668E-011, -6.888750E-013, -4.790048E-011, -9.464030E-014, 2.150400E+004 1.570926E+074 2.150400E+004, Mon Aug 31 01:02:53 2015
