0.00, 0.00, 0.40, 0.00 , -3.748213E-011, 1.329540E-013, -2.228184E-011, -1.036880E-013, 2.150400E+004 1.570926E+074 2.150400E+004, Wed Sep 02 22:47:01 2015
0.05, 0.00, 0.40, 0.00 , -3.807293E-011, 2.133850E-014, -3.125472E-011, -9.794240E-014, 2.150400E+004 1.570926E+074 2.150400E+004, Wed Sep 02 22:47:08 2015
0.10, 0.00, 0.40, 0.00 , -3.313553E-011, 3.061290E-013, -3.205139E-011, -8.165840E-014, 2.150400E+004 1.570926E+074 2.150400E+004, Wed Sep 02 22:47:20 2015
0.15, 0.00, 0.40, 0.00 , -3.178512E-011, 1.647590E-013, -2.727140E-011, -7.463690E-014, 2.150400E+004 1.570926E+074 2.150400E+004, Wed Sep 02 22:47:38 2015
0.20, 0.00, 0.40, 0.00 , -2.824033E-011, -9.334090E-014, -3.586699E-011, -8.158680E-014, 2.150400E+004 1.570926E+074 2.150400E+004, Wed Sep 02 22:48:03 2015
0.25, 0.00, 0.40, 0.00 , -2.570832E-011, -1.145480E-013, -2.769070E-011, -8.904930E-014, 2.150400E+004 1.570926E+074 2.150400E+004, Wed Sep 02 22:48:27 2015
0.30, 0.00, 0.40, 0.00 , -2.148832E-011, 1.179700E-013, -2.538456E-011, -1.006840E-013, 2.150400E+004 1.570926E+074 2.150400E+004, Wed Sep 02 22:48:32 2015
0.35, 0.00, 0.40, 0.00 , -2.397812E-011, 1.372930E-013, -3.125472E-011, -8.004900E-014, 2.150400E+004 1.570926E+074 2.150400E+004, Wed Sep 02 22:49:10 2015
0.40, 0.00, 0.40, 0.00 , -1.967373E-011, -1.005170E-013, -3.838277E-011, -8.193250E-014, 2.150400E+004 1.570926E+074 2.150400E+004, Wed Sep 02 22:50:00 2015
0.45, 0.00, 0.40, 0.00 , -2.051774E-011, 6.508830E-015, -2.467176E-011, -8.846520E-014, 2.150400E+004 1.570926E+074 2.150400E+004, Wed Sep 02 22:52:03 2015
0.50, 0.00, 0.40, 0.00 , -9.503529E-012, -2.466560E-013, -3.431559E-011, -8.943080E-014, 2.150400E+004 1.570926E+074 2.150400E+004, Wed Sep 02 22:52:39 2015
0.55, 0.00, 0.40, 0.00 , -7.393522E-012, 3.659730E-015, -2.798421E-011, -1.033900E-013, 2.150400E+004 1.570926E+074 2.150400E+004, Wed Sep 02 22:52:46 2015
0.60, 0.00, 0.40, 0.00 , -9.123730E-012, -1.745700E-013, -2.601351E-011, -9.818080E-014, 2.150400E+004 1.570926E+074 2.150400E+004, Wed Sep 02 22:52:56 2015
0.65, 0.00, 0.40, 0.00 , -8.617326E-012, -9.180310E-014, -3.364472E-011, -9.560580E-014, 2.150400E+004 1.570926E+074 2.150400E+004, Wed Sep 02 22:52:59 2015
0.70, 0.00, 0.40, 0.00 , -8.195328E-012, -1.737590E-013, -3.343507E-011, -1.181600E-013, 2.150400E+004 1.570926E+074 2.150400E+004, Wed Sep 02 22:53:03 2015
0.75, 0.00, 0.40, 0.00 , -3.890923E-012, 1.092200E-013, -4.278538E-011, -8.018020E-014, 2.150400E+004 1.570926E+074 2.150400E+004, Wed Sep 02 22:53:07 2015
0.80, 0.00, 0.40, 0.00 , -9.376929E-012, -3.754260E-013, -2.068867E-011, -9.086130E-014, 2.150400E+004 1.570926E+074 2.150400E+004, Wed Sep 02 22:53:10 2015
0.85, 0.00, 0.40, 0.00 , -1.949725E-012, -3.504510E-013, -2.840350E-011, -1.003860E-013, 2.150400E+004 1.570926E+074 2.150400E+004, Wed Sep 02 22:53:14 2015
0.90, 0.00, 0.40, 0.00 , -5.993266E-013, -1.708980E-013, -2.660052E-011, -9.366270E-014, 2.150400E+004 1.570926E+074 2.150400E+004, Wed Sep 02 22:53:18 2015
0.95, 0.00, 0.40, 0.00 , -3.461253E-013, -9.353160E-014, -2.827771E-011, -1.021860E-013, 2.150400E+004 1.570926E+074 2.150400E+004, Wed Sep 02 22:53:21 2015
1.00, 0.00, 0.40, 0.00 , 8.219963E-012, -1.037720E-013, -2.286880E-011, -9.278060E-014, 2.150400E+004 1.570926E+074 2.150400E+004, Wed Sep 02 22:53:25 2015
1.05, 0.00, 0.40, 0.00 , 3.114181E-012, -1.903410E-013, -2.597158E-011, -6.920100E-014, 2.150400E+004 1.570926E+074 2.150400E+004, Wed Sep 02 22:53:29 2015
1.10, 0.00, 0.40, 0.00 , 9.063895E-012, -1.892450E-013, -2.639088E-011, -9.782310E-014, 2.150400E+004 1.570926E+074 2.150400E+004, Wed Sep 02 22:53:35 2015
1.15, 0.00, 0.40, 0.00 , 8.135573E-012, -6.537440E-014, -3.444137E-011, -7.563830E-014, 2.150400E+004 1.570926E+074 2.150400E+004, Wed Sep 02 22:53:39 2015
1.20, 0.00, 0.40, 0.00 , 9.401467E-012, -1.376990E-013, -3.511225E-011, -7.749800E-014, 2.150400E+004 1.570926E+074 2.150400E+004, Wed Sep 02 22:53:48 2015
1.25, 0.00, 0.40, 0.00 , 9.063895E-012, -3.239390E-013, -2.601351E-011, -1.097080E-013, 2.150400E+004 1.570926E+074 2.150400E+004, Wed Sep 02 22:53:55 2015
1.30, 0.00, 0.40, 0.00 , 6.827477E-012, -7.144210E-014, -4.387556E-011, -8.227830E-014, 2.150400E+004 1.570926E+074 2.150400E+004, Wed Sep 02 22:54:20 2015
1.35, 0.00, 0.40, 0.00 , 9.485863E-012, -1.914500E-013, -2.471369E-011, -7.855890E-014, 2.150400E+004 1.570926E+074 2.150400E+004, Wed Sep 02 22:54:26 2015
1.40, 0.00, 0.40, 0.00 , 2.079453E-011, -2.257470E-013, -2.886473E-011, -6.942750E-014, 2.150400E+004 1.570926E+074 2.150400E+004, Wed Sep 02 22:54:33 2015
1.45, 0.00, 0.40, 0.00 , 2.332633E-011, -3.787160E-013, -2.777456E-011, -9.912250E-014, 2.150400E+004 1.570926E+074 2.150400E+004, Wed Sep 02 22:55:46 2015
1.50, 0.00, 0.40, 0.00 , 2.256680E-011, -3.856060E-013, -3.389630E-011, -1.042250E-013, 2.150400E+004 1.570926E+074 2.150400E+004, Wed Sep 02 22:56:13 2015
1.55, 0.00, 0.40, 0.00 , 2.796797E-011, -1.443620E-013, -4.106628E-011, -8.491280E-014, 2.150400E+004 1.570926E+074 2.150400E+004, Wed Sep 02 22:57:05 2015
1.60, 0.00, 0.40, 0.00 , 2.826334E-011, -3.387090E-013, -2.119178E-011, -8.182530E-014, 2.150400E+004 1.570926E+074 2.150400E+004, Wed Sep 02 22:57:42 2015
1.65, 0.00, 0.40, 0.00 , 2.552058E-011, -6.293300E-013, -2.857123E-011, -7.193090E-014, 2.150400E+004 1.570926E+074 2.150400E+004, Wed Sep 02 22:57:55 2015
1.70, 0.00, 0.40, 0.00 , 3.100614E-011, -3.836040E-013, -3.121280E-011, -6.419420E-014, 2.150400E+004 1.570926E+074 2.150400E+004, Wed Sep 02 22:58:01 2015
1.75, 0.00, 0.40, 0.00 , 3.602754E-011, -2.500890E-013, -3.578313E-011, -7.984640E-014, 2.150400E+004 1.570926E+074 2.150400E+004, Wed Sep 02 22:58:05 2015
1.80, 0.00, 0.40, 0.00 , 3.049978E-011, -1.891970E-013, -3.259647E-011, -8.299350E-014, 2.150400E+004 1.570926E+074 2.150400E+004, Wed Sep 02 22:58:53 2015
1.85, 0.00, 0.40, 0.00 , 3.822177E-011, -4.814620E-013, -3.653786E-011, -1.031990E-013, 2.150400E+004 1.570926E+074 2.150400E+004, Wed Sep 02 22:59:29 2015
1.90, 0.00, 0.40, 0.00 , 4.045819E-011, -7.042770E-013, -2.987104E-011, -9.666680E-014, 2.150400E+004 1.570926E+074 2.150400E+004, Wed Sep 02 22:59:42 2015
1.95, 0.00, 0.40, 0.00 , 3.851712E-011, -5.131720E-013, -3.477682E-011, -1.013160E-013, 2.150400E+004 1.570926E+074 2.150400E+004, Wed Sep 02 22:59:53 2015
2.00, 0.00, 0.40, 0.00 , 4.088011E-011, -4.654880E-013, -3.540578E-011, -8.749960E-014, 2.150400E+004 1.570926E+074 2.150400E+004, Wed Sep 02 23:00:03 2015
