1.80, 0.00, 0.00, 0.00 , 2.191143E-010, -1.692090E-011, -9.091943E-011, -2.780120E-011, 2.150400E+004 1.570926E+074 2.150400E+004, Sun Aug 16 18:00:24 2015
1.80, 0.00, 0.02, 0.00 , 1.578037E-010, -1.476000E-011, -5.817294E-011, -2.647860E-011, 2.150400E+004 1.570926E+074 2.150400E+004, Sun Aug 16 18:00:49 2015
1.80, 0.00, 0.04, 0.00 , 1.406724E-010, -8.992280E-012, -5.142238E-011, -2.323380E-011, 2.150400E+004 1.570926E+074 2.150400E+004, Sun Aug 16 18:01:00 2015
1.80, 0.00, 0.06, 0.00 , 1.627408E-010, -1.588340E-011, -4.634897E-011, -2.618170E-011, 2.150400E+004 1.570926E+074 2.150400E+004, Sun Aug 16 18:01:08 2015
1.80, 0.00, 0.08, 0.00 , 1.520653E-010, -1.134750E-011, -4.190451E-011, -2.412710E-011, 2.150400E+004 1.570926E+074 2.150400E+004, Sun Aug 16 18:01:13 2015
1.80, 0.00, 0.10, 0.00 , 1.575928E-010, -1.244110E-011, -3.678919E-011, -2.406140E-011, 2.150400E+004 1.570926E+074 2.150400E+004, Sun Aug 16 18:01:18 2015
1.80, 0.00, 0.12, 0.00 , 1.583102E-010, -1.498770E-011, -3.561517E-011, -2.519510E-011, 2.150400E+004 1.570926E+074 2.150400E+004, Sun Aug 16 18:01:25 2015
1.80, 0.00, 0.14, 0.00 , 1.645130E-010, -1.717960E-011, -3.171578E-011, -2.474620E-011, 2.150400E+004 1.570926E+074 2.150400E+004, Sun Aug 16 18:01:31 2015
1.80, 0.00, 0.16, 0.00 , 1.639224E-010, -1.641800E-011, -3.045792E-011, -2.482410E-011, 2.150400E+004 1.570926E+074 2.150400E+004, Sun Aug 16 18:01:37 2015
1.80, 0.00, 0.18, 0.00 , 1.787329E-010, -1.919530E-011, -2.555223E-011, -2.622320E-011, 2.150400E+004 1.570926E+074 2.150400E+004, Sun Aug 16 18:01:41 2015
1.80, 0.00, 0.20, 0.00 , 1.759902E-010, -1.938140E-011, -2.286880E-011, -2.488040E-011, 2.150400E+004 1.570926E+074 2.150400E+004, Sun Aug 16 18:01:47 2015
1.80, 0.00, 0.22, 0.00 , 1.781422E-010, -1.894420E-011, -2.509102E-011, -2.449530E-011, 2.150400E+004 1.570926E+074 2.150400E+004, Sun Aug 16 18:01:53 2015
1.80, 0.00, 0.24, 0.00 , 1.783109E-010, -1.876490E-011, -1.641240E-011, -2.418210E-011, 2.150400E+004 1.570926E+074 2.150400E+004, Sun Aug 16 18:01:58 2015
1.80, 0.00, 0.26, 0.00 , 1.670448E-010, -1.716400E-011, -1.649625E-011, -2.532060E-011, 2.150400E+004 1.570926E+074 2.150400E+004, Sun Aug 16 18:02:03 2015
1.80, 0.00, 0.28, 0.00 , 1.755682E-010, -2.055910E-011, -4.631542E-012, -2.478720E-011, 2.150400E+004 1.570926E+074 2.150400E+004, Sun Aug 16 18:02:21 2015
1.80, 0.00, 0.30, 0.00 , 1.690280E-010, -1.886550E-011, -1.087832E-011, -2.523340E-011, 2.150400E+004 1.570926E+074 2.150400E+004, Sun Aug 16 18:02:25 2015
1.80, 0.00, 0.32, 0.00 , 1.715597E-010, -2.119090E-011, -6.098901E-012, -2.523260E-011, 2.150400E+004 1.570926E+074 2.150400E+004, Sun Aug 16 18:02:30 2015
1.80, 0.00, 0.34, 0.00 , 1.713909E-010, -2.067640E-011, -3.960748E-012, -2.546850E-011, 2.150400E+004 1.570926E+074 2.150400E+004, Sun Aug 16 18:02:36 2015
1.80, 0.00, 0.36, 0.00 , 1.651459E-010, -1.748150E-011, -6.685858E-012, -2.479020E-011, 2.150400E+004 1.570926E+074 2.150400E+004, Sun Aug 16 18:02:44 2015
1.80, 0.00, 0.38, 0.00 , 1.633315E-010, -1.826270E-011, -1.654883E-012, -2.572100E-011, 2.150400E+004 1.570926E+074 2.150400E+004, Sun Aug 16 18:02:49 2015
1.80, 0.00, 0.40, 0.00 , 1.616859E-010, -1.989940E-011, -1.455832E-013, -2.586360E-011, 2.150400E+004 1.570926E+074 2.150400E+004, Sun Aug 16 18:02:54 2015
1.80, 0.00, 0.42, 0.00 , 1.646395E-010, -1.987900E-011, 3.166471E-012, -2.622500E-011, 2.150400E+004 1.570926E+074 2.150400E+004, Sun Aug 16 18:02:59 2015
1.80, 0.00, 0.44, 0.00 , 1.637956E-010, -2.020580E-011, 5.681958E-012, -2.671640E-011, 2.150400E+004 1.570926E+074 2.150400E+004, Sun Aug 16 18:03:04 2015
1.80, 0.00, 0.46, 0.00 , 1.633316E-010, -2.003920E-011, 6.059275E-012, -2.727020E-011, 2.150400E+004 1.570926E+074 2.150400E+004, Sun Aug 16 18:03:12 2015
1.80, 0.00, 0.48, 0.00 , 1.633737E-010, -2.067380E-011, 9.455173E-012, -2.773800E-011, 2.150400E+004 1.570926E+074 2.150400E+004, Sun Aug 16 18:03:21 2015
1.80, 0.00, 0.50, 0.00 , 1.673401E-010, -2.219130E-011, 1.716935E-011, -2.806150E-011, 2.150400E+004 1.570926E+074 2.150400E+004, Sun Aug 16 18:03:26 2015
1.80, 0.00, 0.52, 0.00 , 1.677621E-010, -2.054760E-011, 1.469578E-011, -2.779260E-011, 2.150400E+004 1.570926E+074 2.150400E+004, Sun Aug 16 18:03:31 2015
1.80, 0.00, 0.54, 0.00 , 2.018986E-010, -2.406050E-011, 1.490542E-011, -3.126590E-011, 2.150400E+004 1.570926E+074 2.150400E+004, Sun Aug 16 18:03:37 2015
1.80, 0.00, 0.56, 0.00 , 2.035860E-010, -2.460740E-011, 2.102640E-011, -3.030960E-011, 2.150400E+004 1.570926E+074 2.150400E+004, Sun Aug 16 18:03:41 2015
1.80, 0.00, 0.58, 0.00 , 1.972569E-010, -2.449970E-011, 2.488351E-011, -3.034000E-011, 2.150400E+004 1.570926E+074 2.150400E+004, Sun Aug 16 18:03:46 2015
1.80, 0.00, 0.60, 0.00 , 1.929106E-010, -2.280580E-011, 2.576393E-011, -2.943870E-011, 2.150400E+004 1.570926E+074 2.150400E+004, Sun Aug 16 18:03:51 2015
1.80, 0.00, 0.62, 0.00 , 1.840074E-010, -2.162540E-011, 2.454811E-011, -2.907700E-011, 2.150400E+004 1.570926E+074 2.150400E+004, Sun Aug 16 18:03:58 2015
1.80, 0.00, 0.64, 0.00 , 1.838386E-010, -2.330980E-011, 2.702169E-011, -2.971440E-011, 2.150400E+004 1.570926E+074 2.150400E+004, Sun Aug 16 18:04:04 2015
1.80, 0.00, 0.66, 0.00 , 1.900835E-010, -2.342250E-011, 3.435851E-011, -3.025370E-011, 2.150400E+004 1.570926E+074 2.150400E+004, Sun Aug 16 18:04:08 2015
1.80, 0.00, 0.68, 0.00 , 1.802520E-010, -2.216700E-011, 3.050144E-011, -2.995980E-011, 2.150400E+004 1.570926E+074 2.150400E+004, Sun Aug 16 18:04:13 2015
1.80, 0.00, 0.70, 0.00 , 1.843870E-010, -2.606290E-011, 3.486163E-011, -3.107650E-011, 2.150400E+004 1.570926E+074 2.150400E+004, Sun Aug 16 18:04:18 2015
1.80, 0.00, 0.72, 0.00 , 2.005903E-010, -2.941240E-011, 4.467203E-011, -3.110310E-011, 2.150400E+004 1.570926E+074 2.150400E+004, Sun Aug 16 18:04:25 2015
1.80, 0.00, 0.74, 0.00 , 1.983964E-010, -2.974290E-011, 4.115034E-011, -3.117380E-011, 2.150400E+004 1.570926E+074 2.150400E+004, Sun Aug 16 18:04:31 2015
1.80, 0.00, 0.76, 0.00 , 2.034596E-010, -3.569070E-011, 4.831942E-011, -3.204560E-011, 2.150400E+004 1.570926E+074 2.150400E+004, Sun Aug 16 18:04:36 2015
1.80, 0.00, 0.78, 0.00 , 2.159074E-010, -4.293340E-011, 4.878065E-011, -3.237410E-011, 2.150400E+004 1.570926E+074 2.150400E+004, Sun Aug 16 18:04:40 2015
1.80, 0.00, 0.80, 0.00 , 2.270049E-010, -5.473210E-011, 5.314085E-011, -3.257530E-011, 2.150400E+004 1.570926E+074 2.150400E+004, Sun Aug 16 18:04:45 2015
1.80, 0.00, 0.82, 0.00 , 2.505925E-010, -7.925230E-011, 5.741716E-011, -3.311720E-011, 2.150400E+004 1.570926E+074 2.150400E+004, Sun Aug 16 18:04:50 2015
1.80, 0.00, 0.84, 0.00 , 2.908893E-010, -1.220630E-010, 5.838142E-011, -3.267080E-011, 2.150400E+004 1.570926E+074 2.150400E+004, Sun Aug 16 18:04:56 2015
1.80, 0.00, 0.86, 0.00 , 3.620735E-010, -2.005020E-010, 5.452434E-011, -3.144770E-011, 2.150400E+004 1.570926E+074 2.150400E+004, Sun Aug 16 18:05:00 2015
1.80, 0.00, 0.88, 0.00 , 4.950323E-010, -3.394420E-010, 5.397931E-011, -3.194630E-011, 2.150400E+004 1.570926E+074 2.150400E+004, Sun Aug 16 18:05:05 2015
1.80, 0.00, 0.90, 0.00 , 7.489244E-010, -5.891170E-010, 5.557246E-011, -3.242710E-011, 2.150400E+004 1.570926E+074 2.150400E+004, Sun Aug 16 18:05:09 2015
1.80, 0.00, 0.92, 0.00 , 1.170671E-009, -1.010780E-009, 5.871680E-011, -3.199760E-011, 2.150400E+004 1.570926E+074 2.150400E+004, Sun Aug 16 18:05:14 2015
1.80, 0.00, 0.94, 0.00 , 1.856774E-009, -1.694930E-009, 6.391549E-011, -3.285480E-011, 2.150400E+004 1.570926E+074 2.150400E+004, Sun Aug 16 18:05:18 2015
1.80, 0.00, 0.96, 0.00 , 2.926394E-009, -2.764750E-009, 6.613748E-011, -3.273190E-011, 2.150400E+004 1.570926E+074 2.150400E+004, Sun Aug 16 18:05:21 2015
1.80, 0.00, 0.98, 0.00 , 4.527765E-009, -4.378310E-009, 6.395742E-011, -3.152440E-011, 2.150400E+004 1.570926E+074 2.150400E+004, Sun Aug 16 18:05:25 2015
1.80, 0.00, 1.00, 0.00 , 6.856768E-009, -6.703500E-009, 6.701792E-011, -3.294150E-011, 2.150400E+004 1.570926E+074 2.150400E+004, Sun Aug 16 18:05:29 2015
1.80, 0.00, 1.02, 0.00 , 1.010941E-008, -9.952420E-009, 6.341238E-011, -3.187180E-011, 2.150400E+004 1.570926E+074 2.150400E+004, Sun Aug 16 18:05:32 2015
1.80, 0.00, 1.04, 0.00 , 1.445609E-008, -1.430550E-008, 6.588596E-011, -3.229100E-011, 2.150400E+004 1.570926E+074 2.150400E+004, Sun Aug 16 18:05:36 2015
1.80, 0.00, 1.06, 0.00 , 2.016156E-008, -1.999090E-008, 6.852720E-011, -3.290320E-011, 2.150400E+004 1.570926E+074 2.150400E+004, Sun Aug 16 18:05:39 2015
1.80, 0.00, 1.08, 0.00 , 2.741815E-008, -2.726520E-008, 7.137817E-011, -3.232100E-011, 2.150400E+004 1.570926E+074 2.150400E+004, Sun Aug 16 18:05:43 2015
1.80, 0.00, 1.10, 0.00 , 3.645192E-008, -3.629370E-008, 6.366396E-011, -3.139930E-011, 2.150400E+004 1.570926E+074 2.150400E+004, Sun Aug 16 18:05:47 2015
1.80, 0.00, 1.12, 0.00 , 4.743580E-008, -4.727660E-008, 6.592787E-011, -3.170520E-011, 2.150400E+004 1.570926E+074 2.150400E+004, Sun Aug 16 18:05:51 2015
1.80, 0.00, 1.14, 0.00 , 6.061077E-008, -6.043790E-008, 6.773058E-011, -3.234390E-011, 2.150400E+004 1.570926E+074 2.150400E+004, Sun Aug 16 18:05:54 2015
1.80, 0.00, 1.16, 0.00 , 7.607309E-008, -7.592690E-008, 7.129423E-011, -3.240710E-011, 2.150400E+004 1.570926E+074 2.150400E+004, Sun Aug 16 18:05:58 2015
1.80, 0.00, 1.18, 0.00 , 9.407674E-008, -9.396200E-008, 6.743715E-011, -3.181620E-011, 2.150400E+004 1.570926E+074 2.150400E+004, Sun Aug 16 18:06:01 2015
1.80, 0.00, 1.20, 0.00 , 1.148034E-007, -1.146990E-007, 7.418702E-011, -3.342680E-011, 2.150400E+004 1.570926E+074 2.150400E+004, Sun Aug 16 18:06:05 2015
1.80, 0.00, 1.22, 0.00 , 1.383287E-007, -1.381890E-007, 7.984688E-011, -3.367380E-011, 2.150400E+004 1.570926E+074 2.150400E+004, Sun Aug 16 18:06:08 2015
1.80, 0.00, 1.24, 0.00 , 1.648681E-007, -1.647050E-007, 8.990885E-011, -3.458380E-011, 2.150400E+004 1.570926E+074 2.150400E+004, Sun Aug 16 18:06:12 2015
1.80, 0.00, 1.26, 0.00 , 1.945095E-007, -1.943240E-007, 9.338851E-011, -3.511260E-011, 2.150400E+004 1.570926E+074 2.150400E+004, Sun Aug 16 18:06:16 2015
1.80, 0.00, 1.28, 0.00 , 2.274458E-007, -2.271990E-007, 9.665875E-011, -3.502030E-011, 2.150400E+004 1.570926E+074 2.150400E+004, Sun Aug 16 18:06:19 2015
1.80, 0.00, 1.30, 0.00 , 2.637270E-007, -2.635370E-007, 9.175345E-011, -3.443980E-011, 2.150400E+004 1.570926E+074 2.150400E+004, Sun Aug 16 18:06:23 2015
1.80, 0.00, 1.32, 0.00 , 3.033855E-007, -3.031550E-007, 8.953144E-011, -3.403910E-011, 2.150400E+004 1.570926E+074 2.150400E+004, Sun Aug 16 18:06:26 2015
1.80, 0.00, 1.34, 0.00 , 3.465002E-007, -3.463890E-007, 8.827380E-011, -3.441900E-011, 2.150400E+004 1.570926E+074 2.150400E+004, Sun Aug 16 18:06:30 2015
1.80, 0.00, 1.36, 0.00 , 3.934888E-007, -3.933020E-007, 9.083121E-011, -3.434290E-011, 2.150400E+004 1.570926E+074 2.150400E+004, Sun Aug 16 18:06:33 2015
1.80, 0.00, 1.38, 0.00 , 4.439414E-007, -4.437080E-007, 8.881882E-011, -3.362950E-011, 2.150400E+004 1.570926E+074 2.150400E+004, Sun Aug 16 18:06:37 2015
1.80, 0.00, 1.40, 0.00 , 4.983771E-007, -4.981330E-007, 8.563258E-011, -3.290090E-011, 2.150400E+004 1.570926E+074 2.150400E+004, Sun Aug 16 18:06:40 2015
1.80, 0.00, 1.42, 0.00 , 5.564436E-007, -5.562420E-007, 8.328469E-011, -3.314520E-011, 2.150400E+004 1.570926E+074 2.150400E+004, Sun Aug 16 18:06:44 2015
1.80, 0.00, 1.44, 0.00 , 6.186808E-007, -6.183430E-007, 9.556868E-011, -3.362780E-011, 2.150400E+004 1.570926E+074 2.150400E+004, Sun Aug 16 18:06:48 2015
1.80, 0.00, 1.46, 0.00 , 6.844615E-007, -6.842700E-007, 9.401749E-011, -3.377960E-011, 2.150400E+004 1.570926E+074 2.150400E+004, Sun Aug 16 18:06:51 2015
1.80, 0.00, 1.48, 0.00 , 7.543663E-007, -7.542100E-007, 9.129232E-011, -3.411570E-011, 2.150400E+004 1.570926E+074 2.150400E+004, Sun Aug 16 18:06:55 2015
1.80, 0.00, 1.50, 0.00 , 8.283232E-007, -8.282040E-007, 9.468822E-011, -3.437230E-011, 2.150400E+004 1.570926E+074 2.150400E+004, Sun Aug 16 18:06:58 2015
1.80, 0.00, 1.52, 0.00 , 9.065286E-007, -9.063020E-007, 9.892270E-011, -3.434860E-011, 2.150400E+004 1.570926E+074 2.150400E+004, Sun Aug 16 18:07:02 2015
1.80, 0.00, 1.54, 0.00 , 9.887680E-007, -9.885490E-007, 9.749722E-011, -3.435250E-011, 2.150400E+004 1.570926E+074 2.150400E+004, Sun Aug 16 18:07:05 2015
1.80, 0.00, 1.56, 0.00 , 1.075046E-006, -1.074690E-006, 9.246624E-011, -3.587750E-011, 2.150400E+004 1.570926E+074 2.150400E+004, Sun Aug 16 18:07:09 2015
1.80, 0.00, 1.58, 0.00 , 1.165247E-006, -1.165150E-006, 1.029474E-010, -3.410780E-011, 2.150400E+004 1.570926E+074 2.150400E+004, Sun Aug 16 18:07:13 2015
1.80, 0.00, 1.60, 0.00 , 1.260105E-006, -1.259790E-006, 1.050436E-010, -3.418300E-011, 2.150400E+004 1.570926E+074 2.150400E+004, Sun Aug 16 18:07:16 2015
1.80, 0.00, 1.62, 0.00 , 1.359165E-006, -1.358900E-006, 1.054210E-010, -3.380960E-011, 2.150400E+004 1.570926E+074 2.150400E+004, Sun Aug 16 18:07:20 2015
1.80, 0.00, 1.64, 0.00 , 1.462113E-006, -1.461870E-006, 1.120871E-010, -3.565600E-011, 2.150400E+004 1.570926E+074 2.150400E+004, Sun Aug 16 18:07:23 2015
1.80, 0.00, 1.66, 0.00 , 1.569177E-006, -1.569030E-006, 1.077688E-010, -3.492620E-011, 2.150400E+004 1.570926E+074 2.150400E+004, Sun Aug 16 18:07:27 2015
1.80, 0.00, 1.68, 0.00 , 1.680863E-006, -1.680440E-006, 1.087750E-010, -3.452770E-011, 2.150400E+004 1.570926E+074 2.150400E+004, Sun Aug 16 18:07:30 2015
1.80, 0.00, 1.70, 0.00 , 1.796070E-006, -1.795900E-006, 1.057563E-010, -3.453860E-011, 2.150400E+004 1.570926E+074 2.150400E+004, Sun Aug 16 18:07:34 2015
1.80, 0.00, 1.72, 0.00 , 1.915735E-006, -1.915470E-006, 1.129255E-010, -3.573710E-011, 2.150400E+004 1.570926E+074 2.150400E+004, Sun Aug 16 18:07:38 2015
1.80, 0.00, 1.74, 0.00 , 2.039855E-006, -2.039730E-006, 1.134287E-010, -3.619350E-011, 2.150400E+004 1.570926E+074 2.150400E+004, Sun Aug 16 18:07:41 2015
1.80, 0.00, 1.76, 0.00 , 2.167660E-006, -2.167300E-006, 1.250838E-010, -3.710810E-011, 2.150400E+004 1.570926E+074 2.150400E+004, Sun Aug 16 18:07:45 2015
1.80, 0.00, 1.78, 0.00 , 2.299647E-006, -2.299660E-006, 1.254610E-010, -3.633330E-011, 2.150400E+004 1.570926E+074 2.150400E+004, Sun Aug 16 18:07:48 2015
1.80, 0.00, 1.80, 0.00 , 2.436617E-006, -2.436100E-006, 1.242033E-010, -3.649490E-011, 2.150400E+004 1.570926E+074 2.150400E+004, Sun Aug 16 18:07:52 2015
1.80, 0.00, 1.82, 0.00 , 2.576895E-006, -2.576600E-006, 1.161118E-010, -3.456760E-011, 2.150400E+004 1.570926E+074 2.150400E+004, Sun Aug 16 18:07:55 2015
1.80, 0.00, 1.84, 0.00 , 2.722446E-006, -2.721640E-006, 1.206816E-010, -3.550500E-011, 2.150400E+004 1.570926E+074 2.150400E+004, Sun Aug 16 18:07:59 2015
1.80, 0.00, 1.86, 0.00 , 2.871621E-006, -2.871180E-006, 1.233229E-010, -3.561810E-011, 2.150400E+004 1.570926E+074 2.150400E+004, Sun Aug 16 18:08:02 2015
1.80, 0.00, 1.88, 0.00 , 3.024363E-006, -3.024420E-006, 1.235324E-010, -3.634350E-011, 2.150400E+004 1.570926E+074 2.150400E+004, Sun Aug 16 18:08:06 2015
1.80, 0.00, 1.90, 0.00 , 3.182161E-006, -3.181470E-006, 1.274316E-010, -3.551670E-011, 2.150400E+004 1.570926E+074 2.150400E+004, Sun Aug 16 18:08:09 2015
1.80, 0.00, 1.92, 0.00 , 3.343469E-006, -3.343170E-006, 1.177049E-010, -3.420190E-011, 2.150400E+004 1.570926E+074 2.150400E+004, Sun Aug 16 18:08:13 2015
1.80, 0.00, 1.94, 0.00 , 3.509303E-006, -3.508780E-006, 1.249160E-010, -3.511720E-011, 2.150400E+004 1.570926E+074 2.150400E+004, Sun Aug 16 18:08:17 2015
1.80, 0.00, 1.96, 0.00 , 3.678573E-006, -3.678180E-006, 1.319594E-010, -3.509250E-011, 2.150400E+004 1.570926E+074 2.150400E+004, Sun Aug 16 18:08:20 2015
1.80, 0.00, 1.98, 0.00 , 3.852415E-006, -3.852280E-006, 1.347683E-010, -3.630390E-011, 2.150400E+004 1.570926E+074 2.150400E+004, Sun Aug 16 18:08:24 2015
1.80, 0.00, 2.00, 0.00 , 4.030150E-006, -4.030140E-006, 1.339718E-010, -3.628890E-011, 2.150400E+004 1.570926E+074 2.150400E+004, Sun Aug 16 18:08:27 2015
