0.05, 0.00, 0.00, 0.00 , -2.613008E-011, -4.161600E-014, -3.301570E-011, -1.488690E-012, 2.150400E+004 1.570926E+074 2.150400E+004, Tue Aug 11 19:50:51 2015
0.05, 0.00, 0.02, 0.00 , -2.710068E-011, -5.885360E-014, -3.280605E-011, -1.560290E-012, 2.150400E+004 1.570926E+074 2.150400E+004, Tue Aug 11 19:50:59 2015
0.05, 0.00, 0.04, 0.00 , -2.790246E-011, -9.120700E-014, -3.138045E-011, -1.653440E-012, 2.150400E+004 1.570926E+074 2.150400E+004, Tue Aug 11 19:51:04 2015
0.05, 0.00, 0.06, 0.00 , -2.710065E-011, -4.550220E-014, -3.372849E-011, -1.557610E-012, 2.150400E+004 1.570926E+074 2.150400E+004, Tue Aug 11 19:51:13 2015
0.05, 0.00, 0.08, 0.00 , -2.853546E-011, -8.350610E-014, -3.205131E-011, -1.602980E-012, 2.150400E+004 1.570926E+074 2.150400E+004, Tue Aug 11 19:51:18 2015
0.05, 0.00, 0.10, 0.00 , -2.811347E-011, -5.730390E-014, -3.209324E-011, -1.614750E-012, 2.150400E+004 1.570926E+074 2.150400E+004, Tue Aug 11 19:51:26 2015
0.05, 0.00, 0.12, 0.00 , -2.777586E-011, -3.205540E-014, -3.209324E-011, -1.576520E-012, 2.150400E+004 1.570926E+074 2.150400E+004, Tue Aug 11 19:51:35 2015
0.05, 0.00, 0.14, 0.00 , -2.819785E-011, -4.209280E-014, -3.276412E-011, -1.587130E-012, 2.150400E+004 1.570926E+074 2.150400E+004, Tue Aug 11 19:51:45 2015
0.05, 0.00, 0.16, 0.00 , -2.832445E-011, -3.998280E-014, -3.100307E-011, -1.620790E-012, 2.150400E+004 1.570926E+074 2.150400E+004, Tue Aug 11 19:51:52 2015
0.05, 0.00, 0.18, 0.00 , -2.824007E-011, -4.813670E-014, -2.945170E-011, -1.618290E-012, 2.150400E+004 1.570926E+074 2.150400E+004, Tue Aug 11 19:51:59 2015
0.05, 0.00, 0.20, 0.00 , -2.857767E-011, -4.519220E-014, -3.008064E-011, -1.673600E-012, 2.150400E+004 1.570926E+074 2.150400E+004, Tue Aug 11 19:52:04 2015
0.05, 0.00, 0.22, 0.00 , -2.904186E-011, 3.664490E-014, -3.008064E-011, -1.588110E-012, 2.150400E+004 1.570926E+074 2.150400E+004, Tue Aug 11 19:52:17 2015
0.05, 0.00, 0.24, 0.00 , -2.946384E-011, -7.866620E-014, -3.070958E-011, -1.508220E-012, 2.150400E+004 1.570926E+074 2.150400E+004, Tue Aug 11 19:52:23 2015
0.05, 0.00, 0.26, 0.00 , -3.001243E-011, 2.323390E-014, -2.823574E-011, -1.548490E-012, 2.150400E+004 1.570926E+074 2.150400E+004, Tue Aug 11 19:52:28 2015
0.05, 0.00, 0.28, 0.00 , -2.980142E-011, 1.919270E-014, -2.911626E-011, -1.488880E-012, 2.150400E+004 1.570926E+074 2.150400E+004, Tue Aug 11 19:52:36 2015
0.05, 0.00, 0.30, 0.00 , -3.026563E-011, 2.002720E-015, -2.693593E-011, -1.507030E-012, 2.150400E+004 1.570926E+074 2.150400E+004, Tue Aug 11 19:52:41 2015
0.05, 0.00, 0.32, 0.00 , -3.039224E-011, 8.758310E-014, -2.869697E-011, -1.516800E-012, 2.150400E+004 1.570926E+074 2.150400E+004, Tue Aug 11 19:52:53 2015
0.05, 0.00, 0.34, 0.00 , -2.992805E-011, -1.348260E-014, -2.668436E-011, -1.560310E-012, 2.150400E+004 1.570926E+074 2.150400E+004, Tue Aug 11 19:52:58 2015
0.05, 0.00, 0.36, 0.00 , -3.072983E-011, -9.536740E-016, -2.911626E-011, -1.569190E-012, 2.150400E+004 1.570926E+074 2.150400E+004, Tue Aug 11 19:53:05 2015
0.05, 0.00, 0.38, 0.00 , -3.009683E-011, -7.820130E-015, -2.551033E-011, -1.531270E-012, 2.150400E+004 1.570926E+074 2.150400E+004, Tue Aug 11 19:53:09 2015
0.05, 0.00, 0.40, 0.00 , -3.056102E-011, 1.101140E-013, -2.848732E-011, -1.423680E-012, 2.150400E+004 1.570926E+074 2.150400E+004, Tue Aug 11 19:53:24 2015
0.05, 0.00, 0.42, 0.00 , -3.085644E-011, 5.499120E-014, -2.857118E-011, -1.478470E-012, 2.150400E+004 1.570926E+074 2.150400E+004, Tue Aug 11 19:53:37 2015
0.05, 0.00, 0.44, 0.00 , -2.937945E-011, 4.829170E-014, -2.844539E-011, -1.526530E-012, 2.150400E+004 1.570926E+074 2.150400E+004, Tue Aug 11 19:53:48 2015
0.05, 0.00, 0.46, 0.00 , -3.022344E-011, 6.078480E-014, -2.488139E-011, -1.474330E-012, 2.150400E+004 1.570926E+074 2.150400E+004, Tue Aug 11 19:53:54 2015
0.05, 0.00, 0.48, 0.00 , -2.959044E-011, 7.666350E-014, -2.748101E-011, -1.424560E-012, 2.150400E+004 1.570926E+074 2.150400E+004, Tue Aug 11 19:54:03 2015
0.05, 0.00, 0.50, 0.00 , -3.047663E-011, 7.770060E-014, -2.790031E-011, -1.421760E-012, 2.150400E+004 1.570926E+074 2.150400E+004, Tue Aug 11 19:54:25 2015
0.05, 0.00, 0.52, 0.00 , -2.975924E-011, 5.096200E-014, -2.911626E-011, -1.454730E-012, 2.150400E+004 1.570926E+074 2.150400E+004, Tue Aug 11 19:54:33 2015
0.05, 0.00, 0.54, 0.00 , -3.085643E-011, 1.826290E-014, -2.718751E-011, -1.462580E-012, 2.150400E+004 1.570926E+074 2.150400E+004, Tue Aug 11 19:54:42 2015
0.05, 0.00, 0.56, 0.00 , -2.992803E-011, 7.057190E-015, -2.735523E-011, -1.522250E-012, 2.150400E+004 1.570926E+074 2.150400E+004, Tue Aug 11 19:54:51 2015
0.05, 0.00, 0.58, 0.00 , -3.018125E-011, 8.666520E-015, -2.810996E-011, -1.488970E-012, 2.150400E+004 1.570926E+074 2.150400E+004, Tue Aug 11 19:55:05 2015
0.05, 0.00, 0.60, 0.00 , -3.060325E-011, -4.267690E-014, -2.651664E-011, -1.502220E-012, 2.150400E+004 1.570926E+074 2.150400E+004, Tue Aug 11 19:55:15 2015
0.05, 0.00, 0.62, 0.00 , -2.963267E-011, -1.132970E-013, -2.488139E-011, -1.505730E-012, 2.150400E+004 1.570926E+074 2.150400E+004, Tue Aug 11 19:55:21 2015
0.05, 0.00, 0.64, 0.00 , -3.030786E-011, -2.375010E-013, -2.488139E-011, -1.477680E-012, 2.150400E+004 1.570926E+074 2.150400E+004, Tue Aug 11 19:55:31 2015
0.05, 0.00, 0.66, 0.00 , -2.967489E-011, -4.441620E-013, -2.777452E-011, -1.497280E-012, 2.150400E+004 1.570926E+074 2.150400E+004, Tue Aug 11 19:55:39 2015
0.05, 0.00, 0.68, 0.00 , -2.950607E-011, -7.831220E-013, -2.794224E-011, -1.493190E-012, 2.150400E+004 1.570926E+074 2.150400E+004, Tue Aug 11 19:55:48 2015
0.05, 0.00, 0.70, 0.00 , -2.874646E-011, -1.311790E-012, -2.475561E-011, -1.538420E-012, 2.150400E+004 1.570926E+074 2.150400E+004, Tue Aug 11 19:55:53 2015
0.05, 0.00, 0.72, 0.00 , -2.845106E-011, -2.335550E-012, -2.454596E-011, -1.545880E-012, 2.150400E+004 1.570926E+074 2.150400E+004, Tue Aug 11 19:56:00 2015
0.05, 0.00, 0.74, 0.00 , -2.596130E-011, -4.216060E-012, -2.391702E-011, -1.544510E-012, 2.150400E+004 1.570926E+074 2.150400E+004, Tue Aug 11 19:56:06 2015
0.05, 0.00, 0.76, 0.00 , -2.279634E-011, -7.674770E-012, -2.140142E-011, -1.486750E-012, 2.150400E+004 1.570926E+074 2.150400E+004, Tue Aug 11 19:56:11 2015
0.05, 0.00, 0.78, 0.00 , -1.625540E-011, -1.393670E-011, -2.546840E-011, -1.507940E-012, 2.150400E+004 1.570926E+074 2.150400E+004, Tue Aug 11 19:56:21 2015
0.05, 0.00, 0.80, 0.00 , -4.945871E-012, -2.565640E-011, -2.295265E-011, -1.541040E-012, 2.150400E+004 1.570926E+074 2.150400E+004, Tue Aug 11 19:56:25 2015
0.05, 0.00, 0.82, 0.00 , 1.632158E-011, -4.708200E-011, -2.349772E-011, -1.588150E-012, 2.150400E+004 1.570926E+074 2.150400E+004, Tue Aug 11 19:56:29 2015
0.05, 0.00, 0.84, 0.00 , 5.577501E-011, -8.605820E-011, -2.274303E-011, -1.525060E-012, 2.150400E+004 1.570926E+074 2.150400E+004, Tue Aug 11 19:56:35 2015
0.05, 0.00, 0.86, 0.00 , 1.265803E-010, -1.565130E-010, -2.370737E-011, -1.577630E-012, 2.150400E+004 1.570926E+074 2.150400E+004, Tue Aug 11 19:56:41 2015
0.05, 0.00, 0.88, 0.00 , 2.486961E-010, -2.808870E-010, -2.223992E-011, -1.590040E-012, 2.150400E+004 1.570926E+074 2.150400E+004, Tue Aug 11 19:56:46 2015
0.05, 0.00, 0.90, 0.00 , 4.601413E-010, -4.913990E-010, -1.964056E-011, -1.581180E-012, 2.150400E+004 1.570926E+074 2.150400E+004, Tue Aug 11 19:56:50 2015
0.05, 0.00, 0.92, 0.00 , 8.024785E-010, -8.351920E-010, -2.085639E-011, -1.586440E-012, 2.150400E+004 1.570926E+074 2.150400E+004, Tue Aug 11 19:56:55 2015
0.05, 0.00, 0.94, 0.00 , 1.344236E-009, -1.373400E-009, -2.052099E-011, -1.587880E-012, 2.150400E+004 1.570926E+074 2.150400E+004, Tue Aug 11 19:56:59 2015
0.05, 0.00, 0.96, 0.00 , 2.152588E-009, -2.179780E-009, -2.094024E-011, -1.604820E-012, 2.150400E+004 1.570926E+074 2.150400E+004, Tue Aug 11 19:57:03 2015
0.05, 0.00, 0.98, 0.00 , 3.294797E-009, -3.322780E-009, -1.909553E-011, -1.642270E-012, 2.150400E+004 1.570926E+074 2.150400E+004, Tue Aug 11 19:57:07 2015
0.05, 0.00, 1.00, 0.00 , 4.842391E-009, -4.873820E-009, -1.972441E-011, -1.642360E-012, 2.150400E+004 1.570926E+074 2.150400E+004, Tue Aug 11 19:57:10 2015
0.05, 0.00, 1.02, 0.00 , 6.862526E-009, -6.889190E-009, -1.917938E-011, -1.678930E-012, 2.150400E+004 1.570926E+074 2.150400E+004, Tue Aug 11 19:57:14 2015
0.05, 0.00, 1.04, 0.00 , 9.387546E-009, -9.419590E-009, -1.980826E-011, -1.658880E-012, 2.150400E+004 1.570926E+074 2.150400E+004, Tue Aug 11 19:57:18 2015
0.05, 0.00, 1.06, 0.00 , 1.245083E-008, -1.248880E-008, -1.850858E-011, -1.690960E-012, 2.150400E+004 1.570926E+074 2.150400E+004, Tue Aug 11 19:57:21 2015
0.05, 0.00, 1.08, 0.00 , 1.606894E-008, -1.610400E-008, -1.888591E-011, -1.665450E-012, 2.150400E+004 1.570926E+074 2.150400E+004, Tue Aug 11 19:57:25 2015
0.05, 0.00, 1.10, 0.00 , 2.024865E-008, -2.029040E-008, -1.750237E-011, -1.699570E-012, 2.150400E+004 1.570926E+074 2.150400E+004, Tue Aug 11 19:57:29 2015
0.05, 0.00, 1.12, 0.00 , 2.499347E-008, -2.502600E-008, -1.678965E-011, -1.691560E-012, 2.150400E+004 1.570926E+074 2.150400E+004, Tue Aug 11 19:57:32 2015
0.05, 0.00, 1.14, 0.00 , 3.022431E-008, -3.024980E-008, -1.863436E-011, -1.667490E-012, 2.150400E+004 1.570926E+074 2.150400E+004, Tue Aug 11 19:57:36 2015
0.05, 0.00, 1.16, 0.00 , 3.595492E-008, -3.599010E-008, -1.762815E-011, -1.692620E-012, 2.150400E+004 1.570926E+074 2.150400E+004, Tue Aug 11 19:57:39 2015
0.05, 0.00, 1.18, 0.00 , 4.218126E-008, -4.218650E-008, -1.712505E-011, -1.679950E-012, 2.150400E+004 1.570926E+074 2.150400E+004, Tue Aug 11 19:57:43 2015
0.05, 0.00, 1.20, 0.00 , 4.882109E-008, -4.885890E-008, -1.674772E-011, -1.710080E-012, 2.150400E+004 1.570926E+074 2.150400E+004, Tue Aug 11 19:57:46 2015
0.05, 0.00, 1.22, 0.00 , 5.587741E-008, -5.590540E-008, -1.787970E-011, -1.724880E-012, 2.150400E+004 1.570926E+074 2.150400E+004, Tue Aug 11 19:57:50 2015
0.05, 0.00, 1.24, 0.00 , 6.332898E-008, -6.335450E-008, -1.678965E-011, -1.722350E-012, 2.150400E+004 1.570926E+074 2.150400E+004, Tue Aug 11 19:57:54 2015
0.05, 0.00, 1.26, 0.00 , 7.110629E-008, -7.112890E-008, -1.595114E-011, -1.725970E-012, 2.150400E+004 1.570926E+074 2.150400E+004, Tue Aug 11 19:57:57 2015
0.05, 0.00, 1.28, 0.00 , 7.919744E-008, -7.922640E-008, -1.683157E-011, -1.688980E-012, 2.150400E+004 1.570926E+074 2.150400E+004, Tue Aug 11 19:58:01 2015
0.05, 0.00, 1.30, 0.00 , 8.762755E-008, -8.765150E-008, -1.637039E-011, -1.702940E-012, 2.150400E+004 1.570926E+074 2.150400E+004, Tue Aug 11 19:58:04 2015
0.05, 0.00, 1.32, 0.00 , 9.627214E-008, -9.631360E-008, -1.515457E-011, -1.756180E-012, 2.150400E+004 1.570926E+074 2.150400E+004, Tue Aug 11 19:58:08 2015
0.05, 0.00, 1.34, 0.00 , 1.051853E-007, -1.052570E-007, -1.645424E-011, -1.767240E-012, 2.150400E+004 1.570926E+074 2.150400E+004, Tue Aug 11 19:58:11 2015
0.05, 0.00, 1.36, 0.00 , 1.143754E-007, -1.144250E-007, -1.511263E-011, -1.734090E-012, 2.150400E+004 1.570926E+074 2.150400E+004, Tue Aug 11 19:58:15 2015
0.05, 0.00, 1.38, 0.00 , 1.236302E-007, -1.237300E-007, -1.507071E-011, -1.760450E-012, 2.150400E+004 1.570926E+074 2.150400E+004, Tue Aug 11 19:58:19 2015
0.05, 0.00, 1.40, 0.00 , 1.331558E-007, -1.332180E-007, -1.377104E-011, -1.834070E-012, 2.150400E+004 1.570926E+074 2.150400E+004, Tue Aug 11 19:58:22 2015
0.05, 0.00, 1.42, 0.00 , 1.428449E-007, -1.428940E-007, -1.502878E-011, -1.802550E-012, 2.150400E+004 1.570926E+074 2.150400E+004, Tue Aug 11 19:58:26 2015
0.05, 0.00, 1.44, 0.00 , 1.526338E-007, -1.526900E-007, -1.184246E-011, -1.782250E-012, 2.150400E+004 1.570926E+074 2.150400E+004, Tue Aug 11 19:58:29 2015
0.05, 0.00, 1.46, 0.00 , 1.625819E-007, -1.626370E-007, -1.293252E-011, -1.802950E-012, 2.150400E+004 1.570926E+074 2.150400E+004, Tue Aug 11 19:58:33 2015
0.05, 0.00, 1.48, 0.00 , 1.726108E-007, -1.726630E-007, -1.423220E-011, -1.845360E-012, 2.150400E+004 1.570926E+074 2.150400E+004, Tue Aug 11 19:58:36 2015
0.05, 0.00, 1.50, 0.00 , 1.828049E-007, -1.828280E-007, -1.356141E-011, -1.728530E-012, 2.150400E+004 1.570926E+074 2.150400E+004, Tue Aug 11 19:58:40 2015
0.05, 0.00, 1.52, 0.00 , 1.930152E-007, -1.930580E-007, -1.393873E-011, -1.850870E-012, 2.150400E+004 1.570926E+074 2.150400E+004, Tue Aug 11 19:58:43 2015
0.05, 0.00, 1.54, 0.00 , 2.033190E-007, -2.034360E-007, -1.280675E-011, -1.789400E-012, 2.150400E+004 1.570926E+074 2.150400E+004, Tue Aug 11 19:58:47 2015
0.05, 0.00, 1.56, 0.00 , 2.137738E-007, -2.138640E-007, -1.419029E-011, -1.784060E-012, 2.150400E+004 1.570926E+074 2.150400E+004, Tue Aug 11 19:58:51 2015
0.05, 0.00, 1.58, 0.00 , 2.242336E-007, -2.242930E-007, -1.180055E-011, -1.768340E-012, 2.150400E+004 1.570926E+074 2.150400E+004, Tue Aug 11 19:58:54 2015
0.05, 0.00, 1.60, 0.00 , 2.347335E-007, -2.347690E-007, -1.339370E-011, -1.800910E-012, 2.150400E+004 1.570926E+074 2.150400E+004, Tue Aug 11 19:58:58 2015
0.05, 0.00, 1.62, 0.00 , 2.452789E-007, -2.453360E-007, -1.297446E-011, -1.808620E-012, 2.150400E+004 1.570926E+074 2.150400E+004, Tue Aug 11 19:59:01 2015
0.05, 0.00, 1.64, 0.00 , 2.558675E-007, -2.559060E-007, -1.343564E-011, -1.807510E-012, 2.150400E+004 1.570926E+074 2.150400E+004, Tue Aug 11 19:59:05 2015
0.05, 0.00, 1.66, 0.00 , 2.665350E-007, -2.665580E-007, -1.226172E-011, -1.828990E-012, 2.150400E+004 1.570926E+074 2.150400E+004, Tue Aug 11 19:59:08 2015
0.05, 0.00, 1.68, 0.00 , 2.771633E-007, -2.771850E-007, -9.955840E-012, -1.785980E-012, 2.150400E+004 1.570926E+074 2.150400E+004, Tue Aug 11 19:59:12 2015
0.05, 0.00, 1.70, 0.00 , 2.877816E-007, -2.878740E-007, -1.326793E-011, -1.787750E-012, 2.150400E+004 1.570926E+074 2.150400E+004, Tue Aug 11 19:59:15 2015
0.05, 0.00, 1.72, 0.00 , 2.983668E-007, -2.984520E-007, -1.125552E-011, -1.855850E-012, 2.150400E+004 1.570926E+074 2.150400E+004, Tue Aug 11 19:59:19 2015
0.05, 0.00, 1.74, 0.00 , 3.090114E-007, -3.090520E-007, -9.830060E-012, -1.752140E-012, 2.150400E+004 1.570926E+074 2.150400E+004, Tue Aug 11 19:59:23 2015
0.05, 0.00, 1.76, 0.00 , 3.197239E-007, -3.197680E-007, -9.913910E-012, -1.842330E-012, 2.150400E+004 1.570926E+074 2.150400E+004, Tue Aug 11 19:59:26 2015
0.05, 0.00, 1.78, 0.00 , 3.303067E-007, -3.303580E-007, -1.121359E-011, -1.845930E-012, 2.150400E+004 1.570926E+074 2.150400E+004, Tue Aug 11 19:59:30 2015
0.05, 0.00, 1.80, 0.00 , 3.409085E-007, -3.409890E-007, -1.100398E-011, -1.836740E-012, 2.150400E+004 1.570926E+074 2.150400E+004, Tue Aug 11 19:59:33 2015
0.05, 0.00, 1.82, 0.00 , 3.515461E-007, -3.516020E-007, -1.159093E-011, -1.842030E-012, 2.150400E+004 1.570926E+074 2.150400E+004, Tue Aug 11 19:59:37 2015
0.05, 0.00, 1.84, 0.00 , 3.621084E-007, -3.621890E-007, -1.255521E-011, -1.837480E-012, 2.150400E+004 1.570926E+074 2.150400E+004, Tue Aug 11 19:59:40 2015
0.05, 0.00, 1.86, 0.00 , 3.727205E-007, -3.727930E-007, -9.955839E-012, -1.879480E-012, 2.150400E+004 1.570926E+074 2.150400E+004, Tue Aug 11 19:59:44 2015
0.05, 0.00, 1.88, 0.00 , 3.832540E-007, -3.833220E-007, -9.494659E-012, -1.869240E-012, 2.150400E+004 1.570926E+074 2.150400E+004, Tue Aug 11 19:59:48 2015
0.05, 0.00, 1.90, 0.00 , 3.937481E-007, -3.938140E-007, -1.192632E-011, -1.833690E-012, 2.150400E+004 1.570926E+074 2.150400E+004, Tue Aug 11 19:59:51 2015
0.05, 0.00, 1.92, 0.00 , 4.043097E-007, -4.043860E-007, -7.775735E-012, -1.836710E-012, 2.150400E+004 1.570926E+074 2.150400E+004, Tue Aug 11 19:59:55 2015
0.05, 0.00, 1.94, 0.00 , 4.148004E-007, -4.148430E-007, -1.133936E-011, -1.859180E-012, 2.150400E+004 1.570926E+074 2.150400E+004, Tue Aug 11 19:59:58 2015
0.05, 0.00, 1.96, 0.00 , 4.253182E-007, -4.254110E-007, -9.033477E-012, -1.806780E-012, 2.150400E+004 1.570926E+074 2.150400E+004, Tue Aug 11 20:00:02 2015
0.05, 0.00, 1.98, 0.00 , 4.357734E-007, -4.357930E-007, -8.446532E-012, -1.844140E-012, 2.150400E+004 1.570926E+074 2.150400E+004, Tue Aug 11 20:00:05 2015
0.05, 0.00, 2.00, 0.00 , 4.461646E-007, -4.461840E-007, -7.230713E-012, -1.909920E-012, 2.150400E+004 1.570926E+074 2.150400E+004, Tue Aug 11 20:00:09 2015
