0.05, 0.00, 0.00, 0.00 , -3.009676E-011, 3.782740E-012, -3.083535E-011, -2.175530E-012, 2.150400E+004 1.570926E+074 2.150400E+004, Sun Aug 23 01:48:57 2015
0.05, 0.00, 0.02, 0.00 , -3.153155E-011, 3.859500E-012, -3.481864E-011, -2.121950E-012, 2.150400E+004 1.570926E+074 2.150400E+004, Sun Aug 23 01:49:11 2015
0.05, 0.00, 0.04, 0.00 , -3.022335E-011, 3.916310E-012, -3.548951E-011, -2.295510E-012, 2.150400E+004 1.570926E+074 2.150400E+004, Sun Aug 23 01:49:23 2015
0.05, 0.00, 0.06, 0.00 , -3.030776E-011, 3.873000E-012, -3.993402E-011, -2.146880E-012, 2.150400E+004 1.570926E+074 2.150400E+004, Sun Aug 23 01:49:31 2015
0.05, 0.00, 0.08, 0.00 , -3.026556E-011, 3.758220E-012, -3.494444E-011, -2.076970E-012, 2.150400E+004 1.570926E+074 2.150400E+004, Sun Aug 23 01:49:49 2015
0.05, 0.00, 0.10, 0.00 , -3.081417E-011, 3.760490E-012, -3.716668E-011, -2.006240E-012, 2.150400E+004 1.570926E+074 2.150400E+004, Sun Aug 23 01:50:02 2015
0.05, 0.00, 0.12, 0.00 , -3.034997E-011, 3.717920E-012, -3.142237E-011, -2.239970E-012, 2.150400E+004 1.570926E+074 2.150400E+004, Sun Aug 23 01:50:08 2015
0.05, 0.00, 0.14, 0.00 , -3.123612E-011, 3.660570E-012, -3.024834E-011, -1.925680E-012, 2.150400E+004 1.570926E+074 2.150400E+004, Sun Aug 23 01:50:13 2015
0.05, 0.00, 0.16, 0.00 , -3.013898E-011, 3.738580E-012, -3.444127E-011, -2.059630E-012, 2.150400E+004 1.570926E+074 2.150400E+004, Sun Aug 23 01:50:18 2015
0.05, 0.00, 0.18, 0.00 , -3.022338E-011, 3.651400E-012, -3.142236E-011, -1.936110E-012, 2.150400E+004 1.570926E+074 2.150400E+004, Sun Aug 23 01:50:24 2015
0.05, 0.00, 0.20, 0.00 , -3.026556E-011, 3.564070E-012, -3.205131E-011, -2.135880E-012, 2.150400E+004 1.570926E+074 2.150400E+004, Sun Aug 23 01:50:28 2015
0.05, 0.00, 0.22, 0.00 , -3.072975E-011, 3.588770E-012, -2.890660E-011, -1.985660E-012, 2.150400E+004 1.570926E+074 2.150400E+004, Sun Aug 23 01:50:38 2015
0.05, 0.00, 0.24, 0.00 , -3.098295E-011, 3.609140E-012, -3.448320E-011, -1.720200E-012, 2.150400E+004 1.570926E+074 2.150400E+004, Sun Aug 23 01:50:50 2015
0.05, 0.00, 0.26, 0.00 , -3.039216E-011, 3.589640E-012, -2.773258E-011, -1.980840E-012, 2.150400E+004 1.570926E+074 2.150400E+004, Sun Aug 23 01:51:05 2015
0.05, 0.00, 0.28, 0.00 , -3.229115E-011, 3.641860E-012, -2.995483E-011, -2.349330E-012, 2.150400E+004 1.570926E+074 2.150400E+004, Sun Aug 23 01:51:43 2015
0.05, 0.00, 0.30, 0.00 , -3.085634E-011, 3.540270E-012, -2.810995E-011, -1.844940E-012, 2.150400E+004 1.570926E+074 2.150400E+004, Sun Aug 23 01:51:48 2015
0.05, 0.00, 0.32, 0.00 , -3.072976E-011, 3.550770E-012, -2.999677E-011, -2.005760E-012, 2.150400E+004 1.570926E+074 2.150400E+004, Sun Aug 23 01:51:53 2015
0.05, 0.00, 0.34, 0.00 , -3.102515E-011, 3.620910E-012, -2.840345E-011, -2.149960E-012, 2.150400E+004 1.570926E+074 2.150400E+004, Sun Aug 23 01:51:57 2015
0.05, 0.00, 0.36, 0.00 , -3.216453E-011, 3.692400E-012, -3.070957E-011, -2.256670E-012, 2.150400E+004 1.570926E+074 2.150400E+004, Sun Aug 23 01:52:10 2015
0.05, 0.00, 0.38, 0.00 , -3.136274E-011, 3.638200E-012, -2.601348E-011, -1.937910E-012, 2.150400E+004 1.570926E+074 2.150400E+004, Sun Aug 23 01:52:17 2015
0.05, 0.00, 0.40, 0.00 , -3.009678E-011, 3.587620E-012, -2.647470E-011, -1.943780E-012, 2.150400E+004 1.570926E+074 2.150400E+004, Sun Aug 23 01:52:27 2015
0.05, 0.00, 0.42, 0.00 , -3.106737E-011, 3.638180E-012, -2.861310E-011, -2.174660E-012, 2.150400E+004 1.570926E+074 2.150400E+004, Sun Aug 23 01:52:43 2015
0.05, 0.00, 0.44, 0.00 , -3.085637E-011, 3.690530E-012, -3.075149E-011, -2.291310E-012, 2.150400E+004 1.570926E+074 2.150400E+004, Sun Aug 23 01:52:55 2015
0.05, 0.00, 0.46, 0.00 , -3.115175E-011, 3.629700E-012, -3.339304E-011, -2.152820E-012, 2.150400E+004 1.570926E+074 2.150400E+004, Sun Aug 23 01:53:05 2015
0.05, 0.00, 0.48, 0.00 , -3.106741E-011, 3.516520E-012, -3.049992E-011, -1.757140E-012, 2.150400E+004 1.570926E+074 2.150400E+004, Sun Aug 23 01:53:10 2015
0.05, 0.00, 0.50, 0.00 , -2.937937E-011, 3.776160E-012, -2.475560E-011, -2.213870E-012, 2.150400E+004 1.570926E+074 2.150400E+004, Sun Aug 23 01:53:16 2015
0.05, 0.00, 0.52, 0.00 , -3.157374E-011, 3.663060E-012, -3.138044E-011, -2.233760E-012, 2.150400E+004 1.570926E+074 2.150400E+004, Sun Aug 23 01:53:24 2015
0.05, 0.00, 0.54, 0.00 , -3.153154E-011, 3.584290E-012, -2.706171E-011, -2.207510E-012, 2.150400E+004 1.570926E+074 2.150400E+004, Sun Aug 23 01:53:29 2015
0.05, 0.00, 0.56, 0.00 , -2.984358E-011, 3.759160E-012, -2.911625E-011, -1.873860E-012, 2.150400E+004 1.570926E+074 2.150400E+004, Sun Aug 23 01:53:45 2015
0.05, 0.00, 0.58, 0.00 , -3.102514E-011, 3.733530E-012, -2.538454E-011, -2.183850E-012, 2.150400E+004 1.570926E+074 2.150400E+004, Sun Aug 23 01:53:51 2015
0.05, 0.00, 0.60, 0.00 , -3.140496E-011, 3.668940E-012, -2.961940E-011, -2.158750E-012, 2.150400E+004 1.570926E+074 2.150400E+004, Sun Aug 23 01:53:59 2015
0.05, 0.00, 0.62, 0.00 , -3.208016E-011, 3.609140E-012, -2.597155E-011, -2.015920E-012, 2.150400E+004 1.570926E+074 2.150400E+004, Sun Aug 23 01:54:08 2015
0.05, 0.00, 0.64, 0.00 , -3.089854E-011, 3.786340E-012, -2.517490E-011, -2.155170E-012, 2.150400E+004 1.570926E+074 2.150400E+004, Sun Aug 23 01:54:14 2015
0.05, 0.00, 0.66, 0.00 , -3.018116E-011, 3.734410E-012, -2.697786E-011, -1.798220E-012, 2.150400E+004 1.570926E+074 2.150400E+004, Sun Aug 23 01:54:20 2015
0.05, 0.00, 0.68, 0.00 , -3.039216E-011, 3.679530E-012, -2.857117E-011, -1.731970E-012, 2.150400E+004 1.570926E+074 2.150400E+004, Sun Aug 23 01:54:28 2015
0.05, 0.00, 0.70, 0.00 , -3.115175E-011, 3.715220E-012, -2.936783E-011, -1.835180E-012, 2.150400E+004 1.570926E+074 2.150400E+004, Sun Aug 23 01:54:41 2015
0.05, 0.00, 0.72, 0.00 , -2.967477E-011, 3.769030E-012, -2.412666E-011, -2.231160E-012, 2.150400E+004 1.570926E+074 2.150400E+004, Sun Aug 23 01:54:48 2015
0.05, 0.00, 0.74, 0.00 , -3.026556E-011, 3.699540E-012, -2.010174E-011, -1.854610E-012, 2.150400E+004 1.570926E+074 2.150400E+004, Sun Aug 23 01:54:54 2015
0.05, 0.00, 0.76, 0.00 , -3.039216E-011, 3.743640E-012, -2.366544E-011, -2.269830E-012, 2.150400E+004 1.570926E+074 2.150400E+004, Sun Aug 23 01:54:59 2015
0.05, 0.00, 0.78, 0.00 , -3.022341E-011, 3.743850E-012, -2.836153E-011, -1.857720E-012, 2.150400E+004 1.570926E+074 2.150400E+004, Sun Aug 23 01:55:16 2015
0.05, 0.00, 0.80, 0.00 , -3.140496E-011, 3.780150E-012, -2.177875E-011, -2.081620E-012, 2.150400E+004 1.570926E+074 2.150400E+004, Sun Aug 23 01:55:24 2015
0.05, 0.00, 0.82, 0.00 , -3.119395E-011, 3.870550E-012, -2.148527E-011, -2.096630E-012, 2.150400E+004 1.570926E+074 2.150400E+004, Sun Aug 23 01:55:32 2015
0.05, 0.00, 0.84, 0.00 , -3.081414E-011, 3.783750E-012, -1.787971E-011, -1.897430E-012, 2.150400E+004 1.570926E+074 2.150400E+004, Sun Aug 23 01:55:38 2015
0.05, 0.00, 0.86, 0.00 , -3.043437E-011, 3.761590E-012, -2.064677E-011, -2.002570E-012, 2.150400E+004 1.570926E+074 2.150400E+004, Sun Aug 23 01:55:47 2015
0.05, 0.00, 0.88, 0.00 , -3.119397E-011, 3.870330E-012, -2.005982E-011, -2.281280E-012, 2.150400E+004 1.570926E+074 2.150400E+004, Sun Aug 23 01:55:57 2015
0.05, 0.00, 0.90, 0.00 , -3.051878E-011, 3.728320E-012, -2.110795E-011, -2.209870E-012, 2.150400E+004 1.570926E+074 2.150400E+004, Sun Aug 23 01:56:01 2015
0.05, 0.00, 0.92, 0.00 , -3.119394E-011, 3.878610E-012, -2.651663E-011, -2.250750E-012, 2.150400E+004 1.570926E+074 2.150400E+004, Sun Aug 23 01:56:09 2015
0.05, 0.00, 0.94, 0.00 , -3.060314E-011, 3.835520E-012, -1.880206E-011, -2.099230E-012, 2.150400E+004 1.570926E+074 2.150400E+004, Sun Aug 23 01:56:14 2015
0.05, 0.00, 0.96, 0.00 , -3.064533E-011, 3.897580E-012, -2.177875E-011, -2.043940E-012, 2.150400E+004 1.570926E+074 2.150400E+004, Sun Aug 23 01:56:21 2015
0.05, 0.00, 0.98, 0.00 , -3.009675E-011, 3.961230E-012, -2.123372E-011, -1.974890E-012, 2.150400E+004 1.570926E+074 2.150400E+004, Sun Aug 23 01:56:32 2015
0.05, 0.00, 1.00, 0.00 , -3.102516E-011, 4.011060E-012, -1.637040E-011, -2.311690E-012, 2.150400E+004 1.570926E+074 2.150400E+004, Sun Aug 23 01:56:40 2015
0.05, 0.00, 1.02, 0.00 , -3.060316E-011, 3.912190E-012, -2.198837E-011, -1.983180E-012, 2.150400E+004 1.570926E+074 2.150400E+004, Sun Aug 23 01:56:55 2015
0.05, 0.00, 1.04, 0.00 , -3.119395E-011, 3.895080E-012, -1.808934E-011, -2.229500E-012, 2.150400E+004 1.570926E+074 2.150400E+004, Sun Aug 23 01:57:05 2015
0.05, 0.00, 1.06, 0.00 , -2.950597E-011, 3.924170E-012, -2.156912E-011, -2.351800E-012, 2.150400E+004 1.570926E+074 2.150400E+004, Sun Aug 23 01:57:10 2015
0.05, 0.00, 1.08, 0.00 , -2.980137E-011, 3.661470E-012, -1.310024E-011, -2.325200E-012, 2.150400E+004 1.570926E+074 2.150400E+004, Sun Aug 23 01:57:15 2015
0.05, 0.00, 1.10, 0.00 , -2.980140E-011, 2.357340E-012, -2.035330E-011, -2.496110E-012, 2.150400E+004 1.570926E+074 2.150400E+004, Sun Aug 23 01:57:25 2015
0.05, 0.00, 1.12, 0.00 , -2.507503E-011, -1.483450E-012, -1.741853E-011, -2.227440E-012, 2.150400E+004 1.570926E+074 2.150400E+004, Sun Aug 23 01:57:33 2015
0.05, 0.00, 1.14, 0.00 , -1.195097E-011, -1.490680E-011, -1.955672E-011, -2.018550E-012, 2.150400E+004 1.570926E+074 2.150400E+004, Sun Aug 23 01:57:51 2015
0.05, 0.00, 1.16, 0.00 , 3.315777E-011, -5.839000E-011, -1.850859E-011, -2.283620E-012, 2.150400E+004 1.570926E+074 2.150400E+004, Sun Aug 23 01:58:04 2015
0.05, 0.00, 1.18, 0.00 , 1.453150E-010, -1.700960E-010, -1.733469E-011, -2.348270E-012, 2.150400E+004 1.570926E+074 2.150400E+004, Sun Aug 23 01:58:11 2015
0.05, 0.00, 1.20, 0.00 , 4.871454E-010, -5.099330E-010, -1.712506E-011, -2.249910E-012, 2.150400E+004 1.570926E+074 2.150400E+004, Sun Aug 23 01:58:15 2015
0.05, 0.00, 1.22, 0.00 , 1.433013E-009, -1.453150E-009, -1.804741E-011, -2.043440E-012, 2.150400E+004 1.570926E+074 2.150400E+004, Sun Aug 23 01:58:20 2015
0.05, 0.00, 1.24, 0.00 , 3.028362E-009, -3.043530E-009, -2.081447E-011, -2.369740E-012, 2.150400E+004 1.570926E+074 2.150400E+004, Sun Aug 23 01:58:23 2015
0.05, 0.00, 1.26, 0.00 , 6.783471E-009, -6.801620E-009, -1.808933E-011, -2.144980E-012, 2.150400E+004 1.570926E+074 2.150400E+004, Sun Aug 23 01:58:27 2015
0.05, 0.00, 1.28, 0.00 , 1.263316E-008, -1.266760E-008, -1.427416E-011, -2.222730E-012, 2.150400E+004 1.570926E+074 2.150400E+004, Sun Aug 23 01:58:31 2015
0.05, 0.00, 1.30, 0.00 , 2.074377E-008, -2.073820E-008, -1.389682E-011, -2.196420E-012, 2.150400E+004 1.570926E+074 2.150400E+004, Sun Aug 23 01:58:34 2015
0.05, 0.00, 1.32, 0.00 , 3.054647E-008, -3.053480E-008, -1.238753E-011, -2.306090E-012, 2.150400E+004 1.570926E+074 2.150400E+004, Sun Aug 23 01:58:38 2015
0.05, 0.00, 1.34, 0.00 , 4.191344E-008, -4.186040E-008, -1.683158E-011, -2.477000E-012, 2.150400E+004 1.570926E+074 2.150400E+004, Sun Aug 23 01:58:41 2015
0.05, 0.00, 1.36, 0.00 , 5.428736E-008, -5.423900E-008, -1.414838E-011, -2.396680E-012, 2.150400E+004 1.570926E+074 2.150400E+004, Sun Aug 23 01:58:45 2015
0.05, 0.00, 1.38, 0.00 , 6.891877E-008, -6.884230E-008, -1.171672E-011, -2.021620E-012, 2.150400E+004 1.570926E+074 2.150400E+004, Sun Aug 23 01:58:49 2015
0.05, 0.00, 1.40, 0.00 , 8.459206E-008, -8.451510E-008, -1.209405E-011, -1.959320E-012, 2.150400E+004 1.570926E+074 2.150400E+004, Sun Aug 23 01:58:52 2015
0.05, 0.00, 1.42, 0.00 , 1.013756E-007, -1.012820E-007, -1.364527E-011, -2.173010E-012, 2.150400E+004 1.570926E+074 2.150400E+004, Sun Aug 23 01:58:56 2015
0.05, 0.00, 1.44, 0.00 , 1.187707E-007, -1.185830E-007, -1.330988E-011, -2.100660E-012, 2.150400E+004 1.570926E+074 2.150400E+004, Sun Aug 23 01:58:59 2015
0.05, 0.00, 1.46, 0.00 , 1.372011E-007, -1.370670E-007, -1.301640E-011, -2.230870E-012, 2.150400E+004 1.570926E+074 2.150400E+004, Sun Aug 23 01:59:03 2015
0.05, 0.00, 1.48, 0.00 , 1.563206E-007, -1.561480E-007, -1.133939E-011, -2.499210E-012, 2.150400E+004 1.570926E+074 2.150400E+004, Sun Aug 23 01:59:07 2015
0.05, 0.00, 1.50, 0.00 , 1.761809E-007, -1.760220E-007, -1.645425E-011, -2.479420E-012, 2.150400E+004 1.570926E+074 2.150400E+004, Sun Aug 23 01:59:10 2015
0.05, 0.00, 1.52, 0.00 , 1.970850E-007, -1.968750E-007, -1.092014E-011, -2.591150E-012, 2.150400E+004 1.570926E+074 2.150400E+004, Sun Aug 23 01:59:14 2015
0.05, 0.00, 1.54, 0.00 , 2.179352E-007, -2.177770E-007, -1.075245E-011, -2.674910E-012, 2.150400E+004 1.570926E+074 2.150400E+004, Sun Aug 23 01:59:17 2015
0.05, 0.00, 1.56, 0.00 , 2.381840E-007, -2.379750E-007, -1.171671E-011, -2.539520E-012, 2.150400E+004 1.570926E+074 2.150400E+004, Sun Aug 23 01:59:21 2015
0.05, 0.00, 1.58, 0.00 , 2.587216E-007, -2.584780E-007, -1.351950E-011, -2.352670E-012, 2.150400E+004 1.570926E+074 2.150400E+004, Sun Aug 23 01:59:24 2015
0.05, 0.00, 1.60, 0.00 , 2.786890E-007, -2.783740E-007, -7.985383E-012, -2.410540E-012, 2.150400E+004 1.570926E+074 2.150400E+004, Sun Aug 23 01:59:28 2015
0.05, 0.00, 1.62, 0.00 , 2.980867E-007, -2.977580E-007, -1.435800E-011, -2.471110E-012, 2.150400E+004 1.570926E+074 2.150400E+004, Sun Aug 23 01:59:31 2015
0.05, 0.00, 1.64, 0.00 , 3.177749E-007, -3.175170E-007, -1.037512E-011, -2.428820E-012, 2.150400E+004 1.570926E+074 2.150400E+004, Sun Aug 23 01:59:35 2015
0.05, 0.00, 1.66, 0.00 , 3.377887E-007, -3.374830E-007, -9.704323E-012, -2.258910E-012, 2.150400E+004 1.570926E+074 2.150400E+004, Sun Aug 23 01:59:39 2015
0.05, 0.00, 1.68, 0.00 , 3.577495E-007, -3.573900E-007, -9.033507E-012, -2.109370E-012, 2.150400E+004 1.570926E+074 2.150400E+004, Sun Aug 23 01:59:42 2015
0.05, 0.00, 1.70, 0.00 , 3.775536E-007, -3.771920E-007, -8.278859E-012, -2.127250E-012, 2.150400E+004 1.570926E+074 2.150400E+004, Sun Aug 23 01:59:46 2015
0.05, 0.00, 1.72, 0.00 , 3.979930E-007, -3.974950E-007, -9.746232E-012, -2.314810E-012, 2.150400E+004 1.570926E+074 2.150400E+004, Sun Aug 23 01:59:49 2015
0.05, 0.00, 1.74, 0.00 , 4.180625E-007, -4.176510E-007, -1.075244E-011, -2.194990E-012, 2.150400E+004 1.570926E+074 2.150400E+004, Sun Aug 23 01:59:53 2015
0.05, 0.00, 1.76, 0.00 , 4.380749E-007, -4.376270E-007, -6.643772E-012, -2.226710E-012, 2.150400E+004 1.570926E+074 2.150400E+004, Sun Aug 23 01:59:56 2015
0.05, 0.00, 1.78, 0.00 , 4.576376E-007, -4.571860E-007, -8.949672E-012, -2.348880E-012, 2.150400E+004 1.570926E+074 2.150400E+004, Sun Aug 23 02:00:00 2015
0.05, 0.00, 1.80, 0.00 , 4.772240E-007, -4.767660E-007, -6.014897E-012, -2.491660E-012, 2.150400E+004 1.570926E+074 2.150400E+004, Sun Aug 23 02:00:04 2015
0.05, 0.00, 1.82, 0.00 , 4.963642E-007, -4.959150E-007, -8.907746E-012, -2.566000E-012, 2.150400E+004 1.570926E+074 2.150400E+004, Sun Aug 23 02:00:07 2015
0.05, 0.00, 1.84, 0.00 , 5.153078E-007, -5.147370E-007, -3.960577E-012, -2.479580E-012, 2.150400E+004 1.570926E+074 2.150400E+004, Sun Aug 23 02:00:11 2015
0.05, 0.00, 1.86, 0.00 , 5.331922E-007, -5.326380E-007, -1.906243E-012, -2.465300E-012, 2.150400E+004 1.570926E+074 2.150400E+004, Sun Aug 23 02:00:14 2015
0.05, 0.00, 1.88, 0.00 , 5.516566E-007, -5.511210E-007, -5.889124E-012, -2.510400E-012, 2.150400E+004 1.570926E+074 2.150400E+004, Sun Aug 23 02:00:18 2015
0.05, 0.00, 1.90, 0.00 , 5.701355E-007, -5.695780E-007, -1.016549E-011, -2.380250E-012, 2.150400E+004 1.570926E+074 2.150400E+004, Sun Aug 23 02:00:21 2015
0.05, 0.00, 1.92, 0.00 , 5.885329E-007, -5.878940E-007, -4.463674E-012, -2.343150E-012, 2.150400E+004 1.570926E+074 2.150400E+004, Sun Aug 23 02:00:25 2015
0.05, 0.00, 1.94, 0.00 , 6.067855E-007, -6.061770E-007, -5.847199E-012, -2.386920E-012, 2.150400E+004 1.570926E+074 2.150400E+004, Sun Aug 23 02:00:28 2015
0.05, 0.00, 1.96, 0.00 , 6.243166E-007, -6.238340E-007, -7.188810E-012, -2.570370E-012, 2.150400E+004 1.570926E+074 2.150400E+004, Sun Aug 23 02:00:32 2015
0.05, 0.00, 1.98, 0.00 , 6.420850E-007, -6.414150E-007, -7.323257E-013, -2.655480E-012, 2.150400E+004 1.570926E+074 2.150400E+004, Sun Aug 23 02:00:36 2015
0.05, 0.00, 2.00, 0.00 , 6.594858E-007, -6.588080E-007, -9.536609E-012, -2.602110E-012, 2.150400E+004 1.570926E+074 2.150400E+004, Sun Aug 23 02:00:39 2015
