0.00, 0.00, 1.20, 0.00 , 1.472569E-010, -1.825830E-010, -3.251256E-011, -4.354000E-013, 2.150400E+004 1.570926E+074 2.150400E+004, Tue Aug 04 23:34:02 2015
0.05, 0.00, 1.20, 0.00 , 5.090460E-008, -5.083890E-008, -3.209327E-011, -6.755830E-013, 2.150400E+004 1.570926E+074 2.150400E+004, Tue Aug 04 23:34:06 2015
0.10, 0.00, 1.20, 0.00 , 8.425849E-008, -8.430860E-008, -3.200940E-011, -9.146690E-013, 2.150400E+004 1.570926E+074 2.150400E+004, Tue Aug 04 23:34:10 2015
0.15, 0.00, 1.20, 0.00 , 1.041539E-007, -1.041280E-007, -3.179976E-011, -1.181950E-012, 2.150400E+004 1.570926E+074 2.150400E+004, Tue Aug 04 23:34:13 2015
0.20, 0.00, 1.20, 0.00 , 1.146455E-007, -1.145810E-007, -3.154817E-011, -1.357580E-012, 2.150400E+004 1.570926E+074 2.150400E+004, Tue Aug 04 23:34:17 2015
0.25, 0.00, 1.20, 0.00 , 1.192181E-007, -1.192480E-007, -3.385429E-011, -1.668870E-012, 2.150400E+004 1.570926E+074 2.150400E+004, Tue Aug 04 23:34:20 2015
0.30, 0.00, 1.20, 0.00 , 1.209592E-007, -1.209650E-007, -3.351886E-011, -1.900700E-012, 2.150400E+004 1.570926E+074 2.150400E+004, Tue Aug 04 23:34:24 2015
0.35, 0.00, 1.20, 0.00 , 1.213712E-007, -1.214220E-007, -3.280606E-011, -2.058710E-012, 2.150400E+004 1.570926E+074 2.150400E+004, Tue Aug 04 23:34:28 2015
0.40, 0.00, 1.20, 0.00 , 1.213890E-007, -1.213750E-007, -3.200940E-011, -2.310060E-012, 2.150400E+004 1.570926E+074 2.150400E+004, Tue Aug 04 23:34:31 2015
0.45, 0.00, 1.20, 0.00 , 1.214021E-007, -1.214280E-007, -3.108695E-011, -2.554920E-012, 2.150400E+004 1.570926E+074 2.150400E+004, Tue Aug 04 23:34:35 2015
0.50, 0.00, 1.20, 0.00 , 1.213301E-007, -1.213610E-007, -3.263835E-011, -2.649680E-012, 2.150400E+004 1.570926E+074 2.150400E+004, Tue Aug 04 23:34:38 2015
0.55, 0.00, 1.20, 0.00 , 1.213798E-007, -1.213350E-007, -3.192554E-011, -2.994700E-012, 2.150400E+004 1.570926E+074 2.150400E+004, Tue Aug 04 23:34:42 2015
0.60, 0.00, 1.20, 0.00 , 1.213026E-007, -1.213600E-007, -3.234483E-011, -3.212760E-012, 2.150400E+004 1.570926E+074 2.150400E+004, Tue Aug 04 23:34:45 2015
0.65, 0.00, 1.20, 0.00 , 1.213373E-007, -1.213530E-007, -3.259641E-011, -3.451810E-012, 2.150400E+004 1.570926E+074 2.150400E+004, Tue Aug 04 23:34:49 2015
0.70, 0.00, 1.20, 0.00 , 1.214224E-007, -1.214740E-007, -3.230290E-011, -3.675500E-012, 2.150400E+004 1.570926E+074 2.150400E+004, Tue Aug 04 23:34:52 2015
0.75, 0.00, 1.20, 0.00 , 1.215516E-007, -1.216700E-007, -3.150625E-011, -3.881280E-012, 2.150400E+004 1.570926E+074 2.150400E+004, Tue Aug 04 23:34:56 2015
0.80, 0.00, 1.20, 0.00 , 1.217049E-007, -1.217950E-007, -3.251255E-011, -4.129640E-012, 2.150400E+004 1.570926E+074 2.150400E+004, Tue Aug 04 23:34:59 2015
0.85, 0.00, 1.20, 0.00 , 1.219538E-007, -1.219720E-007, -3.268028E-011, -4.352520E-012, 2.150400E+004 1.570926E+074 2.150400E+004, Tue Aug 04 23:35:03 2015
0.90, 0.00, 1.20, 0.00 , 1.222228E-007, -1.223290E-007, -3.083538E-011, -4.585600E-012, 2.150400E+004 1.570926E+074 2.150400E+004, Tue Aug 04 23:35:07 2015
0.95, 0.00, 1.20, 0.00 , 1.224813E-007, -1.225800E-007, -3.339307E-011, -4.805030E-012, 2.150400E+004 1.570926E+074 2.150400E+004, Tue Aug 04 23:35:10 2015
1.00, 0.00, 1.20, 0.00 , 1.228457E-007, -1.228890E-007, -3.154818E-011, -5.070600E-012, 2.150400E+004 1.570926E+074 2.150400E+004, Tue Aug 04 23:35:14 2015
1.05, 0.00, 1.20, 0.00 , 1.231420E-007, -1.232320E-007, -3.221905E-011, -5.429080E-012, 2.150400E+004 1.570926E+074 2.150400E+004, Tue Aug 04 23:35:17 2015
1.10, 0.00, 1.20, 0.00 , 1.234482E-007, -1.235520E-007, -3.247063E-011, -5.536330E-012, 2.150400E+004 1.570926E+074 2.150400E+004, Tue Aug 04 23:35:21 2015
1.15, 0.00, 1.20, 0.00 , 1.238901E-007, -1.239340E-007, -3.326728E-011, -5.784880E-012, 2.150400E+004 1.570926E+074 2.150400E+004, Tue Aug 04 23:35:24 2015
1.20, 0.00, 1.20, 0.00 , 1.241467E-007, -1.243590E-007, -3.230290E-011, -6.048800E-012, 2.150400E+004 1.570926E+074 2.150400E+004, Tue Aug 04 23:35:28 2015
1.25, 0.00, 1.20, 0.00 , 1.246008E-007, -1.247090E-007, -3.297378E-011, -6.236090E-012, 2.150400E+004 1.570926E+074 2.150400E+004, Tue Aug 04 23:35:31 2015
1.30, 0.00, 1.20, 0.00 , 1.251056E-007, -1.250590E-007, -3.255448E-011, -6.489000E-012, 2.150400E+004 1.570926E+074 2.150400E+004, Tue Aug 04 23:35:35 2015
1.35, 0.00, 1.20, 0.00 , 1.254524E-007, -1.255180E-007, -3.217712E-011, -6.719220E-012, 2.150400E+004 1.570926E+074 2.150400E+004, Tue Aug 04 23:35:39 2015
1.40, 0.00, 1.20, 0.00 , 1.259271E-007, -1.259700E-007, -3.213519E-011, -6.937830E-012, 2.150400E+004 1.570926E+074 2.150400E+004, Tue Aug 04 23:35:42 2015
1.45, 0.00, 1.20, 0.00 , 1.264530E-007, -1.264390E-007, -3.192554E-011, -7.445350E-012, 2.150400E+004 1.570926E+074 2.150400E+004, Tue Aug 04 23:35:46 2015
1.50, 0.00, 1.20, 0.00 , 1.270048E-007, -1.269960E-007, -3.259642E-011, -7.428470E-012, 2.150400E+004 1.570926E+074 2.150400E+004, Tue Aug 04 23:35:49 2015
1.55, 0.00, 1.20, 0.00 , 1.273844E-007, -1.274900E-007, -3.301570E-011, -7.711030E-012, 2.150400E+004 1.570926E+074 2.150400E+004, Tue Aug 04 23:35:53 2015
1.60, 0.00, 1.20, 0.00 , 1.279008E-007, -1.279600E-007, -3.276413E-011, -7.938470E-012, 2.150400E+004 1.570926E+074 2.150400E+004, Tue Aug 04 23:35:56 2015
1.65, 0.00, 1.20, 0.00 , 1.284751E-007, -1.284430E-007, -3.368657E-011, -8.229100E-012, 2.150400E+004 1.570926E+074 2.150400E+004, Tue Aug 04 23:36:00 2015
1.70, 0.00, 1.20, 0.00 , 1.289504E-007, -1.290840E-007, -3.087730E-011, -8.953570E-012, 2.150400E+004 1.570926E+074 2.150400E+004, Tue Aug 04 23:36:03 2015
1.75, 0.00, 1.20, 0.00 , 1.295023E-007, -1.296060E-007, -3.230290E-011, -8.965800E-012, 2.150400E+004 1.570926E+074 2.150400E+004, Tue Aug 04 23:36:07 2015
1.80, 0.00, 1.20, 0.00 , 1.300936E-007, -1.301850E-007, -3.217712E-011, -9.666300E-012, 2.150400E+004 1.570926E+074 2.150400E+004, Tue Aug 04 23:36:10 2015
1.85, 0.00, 1.20, 0.00 , 1.308143E-007, -1.309010E-007, -3.184168E-011, -1.072980E-011, 2.150400E+004 1.570926E+074 2.150400E+004, Tue Aug 04 23:36:14 2015
1.90, 0.00, 1.20, 0.00 , 1.315958E-007, -1.316340E-007, -3.234483E-011, -1.177790E-011, 2.150400E+004 1.570926E+074 2.150400E+004, Tue Aug 04 23:36:18 2015
1.95, 0.00, 1.20, 0.00 , 1.323770E-007, -1.325830E-007, -3.192554E-011, -1.327800E-011, 2.150400E+004 1.570926E+074 2.150400E+004, Tue Aug 04 23:36:21 2015
2.00, 0.00, 1.20, 0.00 , 1.333499E-007, -1.334370E-007, -3.301570E-011, -1.501390E-011, 2.150400E+004 1.570926E+074 2.150400E+004, Tue Aug 04 23:36:25 2015
