0.00, 0.00, 1.20, 0.00 , 5.392734E-012, -1.171220E-010, 6.982695E-011, -4.289020E-012, 2.150400E+004 1.570926E+074 2.150400E+004, Sun Aug 16 18:56:28 2015
0.05, 0.00, 1.20, 0.00 , 4.802425E-008, -4.812280E-008, 6.848540E-011, -3.948820E-012, 2.150400E+004 1.570926E+074 2.150400E+004, Sun Aug 16 18:56:33 2015
0.10, 0.00, 1.20, 0.00 , 7.935608E-008, -7.942740E-008, 5.880072E-011, -4.285240E-012, 2.150400E+004 1.570926E+074 2.150400E+004, Sun Aug 16 18:56:36 2015
0.15, 0.00, 1.20, 0.00 , 9.776412E-008, -9.781840E-008, 5.448250E-011, -5.011010E-012, 2.150400E+004 1.570926E+074 2.150400E+004, Sun Aug 16 18:56:40 2015
0.20, 0.00, 1.20, 0.00 , 1.073275E-007, -1.073730E-007, 5.171541E-011, -5.706410E-012, 2.150400E+004 1.570926E+074 2.150400E+004, Sun Aug 16 18:56:44 2015
0.25, 0.00, 1.20, 0.00 , 1.116465E-007, -1.116830E-007, 5.309896E-011, -6.433080E-012, 2.150400E+004 1.570926E+074 2.150400E+004, Sun Aug 16 18:56:47 2015
0.30, 0.00, 1.20, 0.00 , 1.133343E-007, -1.133600E-007, 4.995461E-011, -7.018130E-012, 2.150400E+004 1.570926E+074 2.150400E+004, Sun Aug 16 18:56:51 2015
0.35, 0.00, 1.20, 0.00 , 1.139531E-007, -1.139760E-007, 4.215659E-011, -7.284080E-012, 2.150400E+004 1.570926E+074 2.150400E+004, Sun Aug 16 18:56:54 2015
0.40, 0.00, 1.20, 0.00 , 1.141548E-007, -1.141320E-007, 4.433667E-011, -7.928420E-012, 2.150400E+004 1.570926E+074 2.150400E+004, Sun Aug 16 18:56:58 2015
0.45, 0.00, 1.20, 0.00 , 1.142184E-007, -1.142290E-007, 3.767066E-011, -8.011200E-012, 2.150400E+004 1.570926E+074 2.150400E+004, Sun Aug 16 18:57:01 2015
0.50, 0.00, 1.20, 0.00 , 1.141999E-007, -1.142230E-007, 3.209464E-011, -8.699740E-012, 2.150400E+004 1.570926E+074 2.150400E+004, Sun Aug 16 18:57:05 2015
0.55, 0.00, 1.20, 0.00 , 1.142405E-007, -1.142430E-007, 3.419087E-011, -9.415260E-012, 2.150400E+004 1.570926E+074 2.150400E+004, Sun Aug 16 18:57:08 2015
0.60, 0.00, 1.20, 0.00 , 1.142617E-007, -1.142240E-007, 3.590982E-011, -9.924640E-012, 2.150400E+004 1.570926E+074 2.150400E+004, Sun Aug 16 18:57:12 2015
0.65, 0.00, 1.20, 0.00 , 1.142513E-007, -1.142580E-007, 3.502940E-011, -1.053990E-011, 2.150400E+004 1.570926E+074 2.150400E+004, Sun Aug 16 18:57:16 2015
0.70, 0.00, 1.20, 0.00 , 1.143006E-007, -1.142620E-007, 3.414901E-011, -1.138750E-011, 2.150400E+004 1.570926E+074 2.150400E+004, Sun Aug 16 18:57:19 2015
0.75, 0.00, 1.20, 0.00 , 1.142734E-007, -1.142740E-007, 3.033381E-011, -1.209370E-011, 2.150400E+004 1.570926E+074 2.150400E+004, Sun Aug 16 18:57:23 2015
0.80, 0.00, 1.20, 0.00 , 1.143140E-007, -1.142750E-007, 3.347821E-011, -1.294040E-011, 2.150400E+004 1.570926E+074 2.150400E+004, Sun Aug 16 18:57:26 2015
0.85, 0.00, 1.20, 0.00 , 1.143083E-007, -1.142630E-007, 3.230426E-011, -1.318560E-011, 2.150400E+004 1.570926E+074 2.150400E+004, Sun Aug 16 18:57:30 2015
0.90, 0.00, 1.20, 0.00 , 1.142973E-007, -1.142870E-007, 3.414898E-011, -1.393540E-011, 2.150400E+004 1.570926E+074 2.150400E+004, Sun Aug 16 18:57:33 2015
0.95, 0.00, 1.20, 0.00 , 1.143645E-007, -1.142930E-007, 3.142387E-011, -1.449950E-011, 2.150400E+004 1.570926E+074 2.150400E+004, Sun Aug 16 18:57:37 2015
1.00, 0.00, 1.20, 0.00 , 1.143719E-007, -1.142810E-007, 2.974690E-011, -1.474020E-011, 2.150400E+004 1.570926E+074 2.150400E+004, Sun Aug 16 18:57:40 2015
1.05, 0.00, 1.20, 0.00 , 1.143788E-007, -1.143460E-007, 2.886649E-011, -1.529900E-011, 2.150400E+004 1.570926E+074 2.150400E+004, Sun Aug 16 18:57:44 2015
1.10, 0.00, 1.20, 0.00 , 1.144469E-007, -1.143820E-007, 2.714755E-011, -1.552990E-011, 2.150400E+004 1.570926E+074 2.150400E+004, Sun Aug 16 18:57:48 2015
1.15, 0.00, 1.20, 0.00 , 1.144163E-007, -1.143260E-007, 2.253582E-011, -1.625060E-011, 2.150400E+004 1.570926E+074 2.150400E+004, Sun Aug 16 18:57:51 2015
1.20, 0.00, 1.20, 0.00 , 1.144337E-007, -1.143650E-007, 2.358395E-011, -1.664160E-011, 2.150400E+004 1.570926E+074 2.150400E+004, Sun Aug 16 18:57:55 2015
1.25, 0.00, 1.20, 0.00 , 1.144587E-007, -1.144060E-007, 2.391935E-011, -1.648210E-011, 2.150400E+004 1.570926E+074 2.150400E+004, Sun Aug 16 18:57:58 2015
1.30, 0.00, 1.20, 0.00 , 1.144836E-007, -1.143340E-007, 1.947530E-011, -1.713450E-011, 2.150400E+004 1.570926E+074 2.150400E+004, Sun Aug 16 18:58:02 2015
1.35, 0.00, 1.20, 0.00 , 1.144407E-007, -1.143730E-007, 1.586976E-011, -1.776020E-011, 2.150400E+004 1.570926E+074 2.150400E+004, Sun Aug 16 18:58:05 2015
1.40, 0.00, 1.20, 0.00 , 1.144749E-007, -1.143830E-007, 2.257774E-011, -1.845980E-011, 2.150400E+004 1.570926E+074 2.150400E+004, Sun Aug 16 18:58:09 2015
1.45, 0.00, 1.20, 0.00 , 1.144768E-007, -1.144240E-007, 2.094265E-011, -1.945680E-011, 2.150400E+004 1.570926E+074 2.150400E+004, Sun Aug 16 18:58:12 2015
1.50, 0.00, 1.20, 0.00 , 1.144650E-007, -1.144090E-007, 1.926569E-011, -1.932890E-011, 2.150400E+004 1.570926E+074 2.150400E+004, Sun Aug 16 18:58:16 2015
1.55, 0.00, 1.20, 0.00 , 1.144848E-007, -1.144240E-007, 1.612132E-011, -1.938700E-011, 2.150400E+004 1.570926E+074 2.150400E+004, Sun Aug 16 18:58:20 2015
1.60, 0.00, 1.20, 0.00 , 1.144681E-007, -1.144390E-007, 1.737906E-011, -2.071260E-011, 2.150400E+004 1.570926E+074 2.150400E+004, Sun Aug 16 18:58:23 2015
1.65, 0.00, 1.20, 0.00 , 1.145014E-007, -1.144360E-007, 2.542866E-011, -2.109320E-011, 2.150400E+004 1.570926E+074 2.150400E+004, Sun Aug 16 18:58:27 2015
1.70, 0.00, 1.20, 0.00 , 1.145298E-007, -1.144450E-007, 2.278740E-011, -2.133570E-011, 2.150400E+004 1.570926E+074 2.150400E+004, Sun Aug 16 18:58:30 2015
1.75, 0.00, 1.20, 0.00 , 1.145058E-007, -1.144430E-007, 1.893030E-011, -2.202380E-011, 2.150400E+004 1.570926E+074 2.150400E+004, Sun Aug 16 18:58:34 2015
1.80, 0.00, 1.20, 0.00 , 1.145637E-007, -1.144940E-007, 1.482165E-011, -2.265980E-011, 2.150400E+004 1.570926E+074 2.150400E+004, Sun Aug 16 18:58:37 2015
1.85, 0.00, 1.20, 0.00 , 1.145231E-007, -1.144390E-007, 1.280926E-011, -2.382090E-011, 2.150400E+004 1.570926E+074 2.150400E+004, Sun Aug 16 18:58:41 2015
1.90, 0.00, 1.20, 0.00 , 1.145558E-007, -1.144330E-007, 1.612132E-011, -2.528470E-011, 2.150400E+004 1.570926E+074 2.150400E+004, Sun Aug 16 18:58:44 2015
1.95, 0.00, 1.20, 0.00 , 1.145470E-007, -1.144200E-007, 1.213846E-011, -2.581240E-011, 2.150400E+004 1.570926E+074 2.150400E+004, Sun Aug 16 18:58:48 2015
2.00, 0.00, 1.20, 0.00 , 1.145202E-007, -1.143980E-007, 1.251578E-011, -2.852320E-011, 2.150400E+004 1.570926E+074 2.150400E+004, Sun Aug 16 18:58:52 2015
