0.00, 0.00, 0.80, 0.00 , -5.820136E-011, -2.046130E-012, -2.186261E-011, -1.657800E-012, 2.150400E+004 1.570926E+074 2.150400E+004, Sun Aug 23 14:28:42 2015
0.05, 0.00, 0.80, 0.00 , -3.748147E-011, -1.609530E-012, -2.307843E-011, -2.283750E-012, 2.150400E+004 1.570926E+074 2.150400E+004, Sun Aug 23 14:29:20 2015
0.10, 0.00, 0.80, 0.00 , -3.811447E-011, -1.432850E-012, -2.282688E-011, -2.167960E-012, 2.150400E+004 1.570926E+074 2.150400E+004, Sun Aug 23 14:30:00 2015
0.15, 0.00, 0.80, 0.00 , -3.621546E-011, -1.295770E-012, -2.823570E-011, -3.066520E-012, 2.150400E+004 1.570926E+074 2.150400E+004, Sun Aug 23 14:30:05 2015
0.20, 0.00, 0.80, 0.00 , -3.604668E-011, -1.365360E-012, -2.513295E-011, -3.084460E-012, 2.150400E+004 1.570926E+074 2.150400E+004, Sun Aug 23 14:30:18 2015
0.25, 0.00, 0.80, 0.00 , -3.056078E-011, -1.380430E-012, -2.337193E-011, -2.941610E-012, 2.150400E+004 1.570926E+074 2.150400E+004, Sun Aug 23 14:30:29 2015
0.30, 0.00, 0.80, 0.00 , -3.182677E-011, -1.723980E-012, -2.416858E-011, -3.049710E-012, 2.150400E+004 1.570926E+074 2.150400E+004, Sun Aug 23 14:30:37 2015
0.35, 0.00, 0.80, 0.00 , -2.845085E-011, -1.599090E-012, -2.182068E-011, -3.275050E-012, 2.150400E+004 1.570926E+074 2.150400E+004, Sun Aug 23 14:30:47 2015
0.40, 0.00, 0.80, 0.00 , -2.756464E-011, -1.768400E-012, -2.387508E-011, -4.227290E-012, 2.150400E+004 1.570926E+074 2.150400E+004, Sun Aug 23 14:31:08 2015
0.45, 0.00, 0.80, 0.00 , -2.925260E-011, -1.765760E-012, -2.223993E-011, -3.982700E-012, 2.150400E+004 1.570926E+074 2.150400E+004, Sun Aug 23 14:31:37 2015
0.50, 0.00, 0.80, 0.00 , -2.406210E-011, -1.640070E-012, -2.295265E-011, -4.155850E-012, 2.150400E+004 1.570926E+074 2.150400E+004, Sun Aug 23 14:31:47 2015
0.55, 0.00, 0.80, 0.00 , -2.444189E-011, -1.449820E-012, -2.534259E-011, -4.789410E-012, 2.150400E+004 1.570926E+074 2.150400E+004, Sun Aug 23 14:32:31 2015
0.60, 0.00, 0.80, 0.00 , -2.435750E-011, -1.563130E-012, -2.278495E-011, -5.345890E-012, 2.150400E+004 1.570926E+074 2.150400E+004, Sun Aug 23 14:32:45 2015
0.65, 0.00, 0.80, 0.00 , -2.494827E-011, -1.727160E-012, -2.215608E-011, -5.330660E-012, 2.150400E+004 1.570926E+074 2.150400E+004, Sun Aug 23 14:33:32 2015
0.70, 0.00, 0.80, 0.00 , -2.275389E-011, -1.651930E-012, -2.333000E-011, -5.524560E-012, 2.150400E+004 1.570926E+074 2.150400E+004, Sun Aug 23 14:33:37 2015
0.75, 0.00, 0.80, 0.00 , -1.861839E-011, -1.578780E-012, -2.282688E-011, -5.694290E-012, 2.150400E+004 1.570926E+074 2.150400E+004, Sun Aug 23 14:33:45 2015
0.80, 0.00, 0.80, 0.00 , -2.055951E-011, -1.775500E-012, -2.295265E-011, -5.826160E-012, 2.150400E+004 1.570926E+074 2.150400E+004, Sun Aug 23 14:34:30 2015
0.85, 0.00, 0.80, 0.00 , -1.819638E-011, -1.812350E-012, -2.353965E-011, -7.070120E-012, 2.150400E+004 1.570926E+074 2.150400E+004, Sun Aug 23 14:34:46 2015
0.90, 0.00, 0.80, 0.00 , -1.752119E-011, -1.702280E-012, -2.576188E-011, -6.797180E-012, 2.150400E+004 1.570926E+074 2.150400E+004, Sun Aug 23 14:35:56 2015
0.95, 0.00, 0.80, 0.00 , -1.617083E-011, -1.813470E-012, -2.450401E-011, -6.556210E-012, 2.150400E+004 1.570926E+074 2.150400E+004, Sun Aug 23 14:36:23 2015
1.00, 0.00, 0.80, 0.00 , -9.756535E-012, -1.690650E-012, -2.534259E-011, -7.193230E-012, 2.150400E+004 1.570926E+074 2.150400E+004, Sun Aug 23 14:36:28 2015
1.05, 0.00, 0.80, 0.00 , -8.743740E-012, -2.079900E-012, -2.609732E-011, -7.391060E-012, 2.150400E+004 1.570926E+074 2.150400E+004, Sun Aug 23 14:36:34 2015
1.10, 0.00, 0.80, 0.00 , -6.971373E-012, -1.797540E-012, -2.618117E-011, -7.429980E-012, 2.150400E+004 1.570926E+074 2.150400E+004, Sun Aug 23 14:36:38 2015
1.15, 0.00, 0.80, 0.00 , -9.165732E-012, -1.746880E-012, -2.416858E-011, -8.044180E-012, 2.150400E+004 1.570926E+074 2.150400E+004, Sun Aug 23 14:36:42 2015
1.20, 0.00, 0.80, 0.00 , -4.523819E-012, -1.774870E-012, -2.249148E-011, -7.952080E-012, 2.150400E+004 1.570926E+074 2.150400E+004, Sun Aug 23 14:36:45 2015
1.25, 0.00, 0.80, 0.00 , -4.692618E-012, -1.841030E-012, -2.714554E-011, -9.047640E-012, 2.150400E+004 1.570926E+074 2.150400E+004, Sun Aug 23 14:36:49 2015
1.30, 0.00, 0.80, 0.00 , 2.481222E-012, -1.813140E-012, -2.710361E-011, -9.010200E-012, 2.150400E+004 1.570926E+074 2.150400E+004, Sun Aug 23 14:36:53 2015
1.35, 0.00, 0.80, 0.00 , 1.721680E-012, -1.971840E-012, -2.312036E-011, -8.886810E-012, 2.150400E+004 1.570926E+074 2.150400E+004, Sun Aug 23 14:36:56 2015
1.40, 0.00, 0.80, 0.00 , -3.882834E-013, -2.111580E-012, -2.353965E-011, -8.945830E-012, 2.150400E+004 1.570926E+074 2.150400E+004, Sun Aug 23 14:37:00 2015
1.45, 0.00, 0.80, 0.00 , 3.114160E-012, -2.041170E-012, -2.395894E-011, -9.779680E-012, 2.150400E+004 1.570926E+074 2.150400E+004, Sun Aug 23 14:37:04 2015
1.50, 0.00, 0.80, 0.00 , 3.367335E-012, -1.984600E-012, -2.353965E-011, -9.927190E-012, 2.150400E+004 1.570926E+074 2.150400E+004, Sun Aug 23 14:37:07 2015
1.55, 0.00, 0.80, 0.00 , 8.388637E-012, -2.172400E-012, -2.462980E-011, -1.050310E-011, 2.150400E+004 1.570926E+074 2.150400E+004, Sun Aug 23 14:37:11 2015
1.60, 0.00, 0.80, 0.00 , 7.629111E-012, -1.888100E-012, -2.655854E-011, -1.011710E-011, 2.150400E+004 1.570926E+074 2.150400E+004, Sun Aug 23 14:37:14 2015
1.65, 0.00, 0.80, 0.00 , 7.164964E-012, -1.946220E-012, -2.605539E-011, -1.050950E-011, 2.150400E+004 1.570926E+074 2.150400E+004, Sun Aug 23 14:37:18 2015
1.70, 0.00, 0.80, 0.00 , 7.080563E-012, -2.074830E-012, -2.416858E-011, -1.129940E-011, 2.150400E+004 1.570926E+074 2.150400E+004, Sun Aug 23 14:37:23 2015
1.75, 0.00, 0.80, 0.00 , 8.937180E-012, -2.080040E-012, -2.689397E-011, -1.131940E-011, 2.150400E+004 1.570926E+074 2.150400E+004, Sun Aug 23 14:37:29 2015
1.80, 0.00, 0.80, 0.00 , 9.148160E-012, -2.290930E-012, -2.525874E-011, -1.106840E-011, 2.150400E+004 1.570926E+074 2.150400E+004, Sun Aug 23 14:37:35 2015
1.85, 0.00, 0.80, 0.00 , 9.485721E-012, -2.138020E-012, -2.492330E-011, -1.175580E-011, 2.150400E+004 1.570926E+074 2.150400E+004, Sun Aug 23 14:37:47 2015
1.90, 0.00, 0.80, 0.00 , 8.515223E-012, -2.142440E-012, -2.563610E-011, -1.179030E-011, 2.150400E+004 1.570926E+074 2.150400E+004, Sun Aug 23 14:38:08 2015
1.95, 0.00, 0.80, 0.00 , 9.781092E-012, -2.187290E-012, -2.534259E-011, -1.226710E-011, 2.150400E+004 1.570926E+074 2.150400E+004, Sun Aug 23 14:38:25 2015
2.00, 0.00, 0.80, 0.00 , 9.949884E-012, -2.193640E-012, -2.467173E-011, -1.226130E-011, 2.150400E+004 1.570926E+074 2.150400E+004, Sun Aug 23 14:38:52 2015
