0.00, 0.00, 1.60, 0.00 , -2.694103E-010, 3.016910E-010, -8.362698E-012, -2.294190E-012, 2.150400E+004 1.570926E+074 2.150400E+004, Sun Aug 23 02:33:34 2015
0.05, 0.00, 1.60, 0.00 , 2.730037E-007, -2.730210E-007, -7.272655E-012, -2.106650E-012, 2.150400E+004 1.570926E+074 2.150400E+004, Sun Aug 23 02:33:39 2015
0.10, 0.00, 1.60, 0.00 , 5.958396E-007, -5.955900E-007, -1.364529E-011, -2.235310E-012, 2.150400E+004 1.570926E+074 2.150400E+004, Sun Aug 23 02:33:42 2015
0.15, 0.00, 1.60, 0.00 , 8.817676E-007, -8.814380E-007, -1.439993E-011, -2.737060E-012, 2.150400E+004 1.570926E+074 2.150400E+004, Sun Aug 23 02:33:46 2015
0.20, 0.00, 1.60, 0.00 , 1.119187E-006, -1.118640E-006, -8.404636E-012, -3.088390E-012, 2.150400E+004 1.570926E+074 2.150400E+004, Sun Aug 23 02:33:50 2015
0.25, 0.00, 1.60, 0.00 , 1.303911E-006, -1.303040E-006, -1.008165E-011, -3.083880E-012, 2.150400E+004 1.570926E+074 2.150400E+004, Sun Aug 23 02:33:53 2015
0.30, 0.00, 1.60, 0.00 , 1.438968E-006, -1.437880E-006, -1.280678E-011, -3.354120E-012, 2.150400E+004 1.570926E+074 2.150400E+004, Sun Aug 23 02:33:57 2015
0.35, 0.00, 1.60, 0.00 , 1.533841E-006, -1.533070E-006, -1.175865E-011, -3.767980E-012, 2.150400E+004 1.570926E+074 2.150400E+004, Sun Aug 23 02:34:00 2015
0.40, 0.00, 1.60, 0.00 , 1.592833E-006, -1.591920E-006, -1.150708E-011, -3.949270E-012, 2.150400E+004 1.570926E+074 2.150400E+004, Sun Aug 23 02:34:04 2015
0.45, 0.00, 1.60, 0.00 , 1.625409E-006, -1.624600E-006, -1.595116E-011, -4.411920E-012, 2.150400E+004 1.570926E+074 2.150400E+004, Sun Aug 23 02:34:07 2015
0.50, 0.00, 1.60, 0.00 , 1.646424E-006, -1.645660E-006, -1.423223E-011, -4.719630E-012, 2.150400E+004 1.570926E+074 2.150400E+004, Sun Aug 23 02:34:11 2015
0.55, 0.00, 1.60, 0.00 , 1.657131E-006, -1.656600E-006, -8.865802E-012, -4.893910E-012, 2.150400E+004 1.570926E+074 2.150400E+004, Sun Aug 23 02:34:14 2015
0.60, 0.00, 1.60, 0.00 , 1.662255E-006, -1.661680E-006, -8.740042E-012, -5.302000E-012, 2.150400E+004 1.570926E+074 2.150400E+004, Sun Aug 23 02:34:18 2015
0.65, 0.00, 1.60, 0.00 , 1.664172E-006, -1.663630E-006, -1.498687E-011, -5.371840E-012, 2.150400E+004 1.570926E+074 2.150400E+004, Sun Aug 23 02:34:21 2015
0.70, 0.00, 1.60, 0.00 , 1.664778E-006, -1.664130E-006, -7.021101E-012, -5.505570E-012, 2.150400E+004 1.570926E+074 2.150400E+004, Sun Aug 23 02:34:25 2015
0.75, 0.00, 1.60, 0.00 , 1.664504E-006, -1.663830E-006, -6.895340E-012, -5.939920E-012, 2.150400E+004 1.570926E+074 2.150400E+004, Sun Aug 23 02:34:29 2015
0.80, 0.00, 1.60, 0.00 , 1.663426E-006, -1.662760E-006, -8.236916E-012, -6.168940E-012, 2.150400E+004 1.570926E+074 2.150400E+004, Sun Aug 23 02:34:32 2015
0.85, 0.00, 1.60, 0.00 , 1.662130E-006, -1.661810E-006, -1.406453E-011, -6.261000E-012, 2.150400E+004 1.570926E+074 2.150400E+004, Sun Aug 23 02:34:36 2015
0.90, 0.00, 1.60, 0.00 , 1.661268E-006, -1.660620E-006, -8.362708E-012, -6.657280E-012, 2.150400E+004 1.570926E+074 2.150400E+004, Sun Aug 23 02:34:39 2015
0.95, 0.00, 1.60, 0.00 , 1.660173E-006, -1.659700E-006, -1.242945E-011, -6.802460E-012, 2.150400E+004 1.570926E+074 2.150400E+004, Sun Aug 23 02:34:43 2015
1.00, 0.00, 1.60, 0.00 , 1.659726E-006, -1.659070E-006, -1.242944E-011, -7.067050E-012, 2.150400E+004 1.570926E+074 2.150400E+004, Sun Aug 23 02:34:46 2015
1.05, 0.00, 1.60, 0.00 , 1.659195E-006, -1.658530E-006, -1.465147E-011, -7.251000E-012, 2.150400E+004 1.570926E+074 2.150400E+004, Sun Aug 23 02:34:50 2015
1.10, 0.00, 1.60, 0.00 , 1.659054E-006, -1.658540E-006, -1.360334E-011, -7.480430E-012, 2.150400E+004 1.570926E+074 2.150400E+004, Sun Aug 23 02:34:53 2015
1.15, 0.00, 1.60, 0.00 , 1.658703E-006, -1.658040E-006, -1.339372E-011, -7.591030E-012, 2.150400E+004 1.570926E+074 2.150400E+004, Sun Aug 23 02:34:57 2015
1.20, 0.00, 1.60, 0.00 , 1.658493E-006, -1.657920E-006, -1.217789E-011, -8.088780E-012, 2.150400E+004 1.570926E+074 2.150400E+004, Sun Aug 23 02:35:00 2015
1.25, 0.00, 1.60, 0.00 , 1.657787E-006, -1.657400E-006, -1.058474E-011, -8.281900E-012, 2.150400E+004 1.570926E+074 2.150400E+004, Sun Aug 23 02:35:04 2015
1.30, 0.00, 1.60, 0.00 , 1.658075E-006, -1.657560E-006, -9.368922E-012, -8.734780E-012, 2.150400E+004 1.570926E+074 2.150400E+004, Sun Aug 23 02:35:08 2015
1.35, 0.00, 1.60, 0.00 , 1.658332E-006, -1.657870E-006, -1.020741E-011, -8.724080E-012, 2.150400E+004 1.570926E+074 2.150400E+004, Sun Aug 23 02:35:11 2015
1.40, 0.00, 1.60, 0.00 , 1.658843E-006, -1.658470E-006, -1.112977E-011, -8.949780E-012, 2.150400E+004 1.570926E+074 2.150400E+004, Sun Aug 23 02:35:15 2015
1.45, 0.00, 1.60, 0.00 , 1.660868E-006, -1.660600E-006, -1.242944E-011, -9.371480E-012, 2.150400E+004 1.570926E+074 2.150400E+004, Sun Aug 23 02:35:18 2015
1.50, 0.00, 1.60, 0.00 , 1.663324E-006, -1.663000E-006, -7.608058E-012, -9.774660E-012, 2.150400E+004 1.570926E+074 2.150400E+004, Sun Aug 23 02:35:22 2015
1.55, 0.00, 1.60, 0.00 , 1.671239E-006, -1.670890E-006, -1.507073E-011, -9.886850E-012, 2.150400E+004 1.570926E+074 2.150400E+004, Sun Aug 23 02:35:25 2015
1.60, 0.00, 1.60, 0.00 , 1.678423E-006, -1.677560E-006, -1.268099E-011, -1.008940E-011, 2.150400E+004 1.570926E+074 2.150400E+004, Sun Aug 23 02:35:29 2015
1.65, 0.00, 1.60, 0.00 , 1.691940E-006, -1.692650E-006, -5.931047E-012, -1.041910E-011, 2.150400E+004 1.570926E+074 2.150400E+004, Sun Aug 23 02:35:32 2015
1.70, 0.00, 1.60, 0.00 , 1.719489E-006, -1.719520E-006, -1.305832E-011, -1.058770E-011, 2.150400E+004 1.570926E+074 2.150400E+004, Sun Aug 23 02:35:36 2015
1.75, 0.00, 1.60, 0.00 , 1.738444E-006, -1.739270E-006, -1.314217E-011, -1.082590E-011, 2.150400E+004 1.570926E+074 2.150400E+004, Sun Aug 23 02:35:40 2015
1.80, 0.00, 1.60, 0.00 , 1.766409E-006, -1.766190E-006, -8.949665E-012, -1.127230E-011, 2.150400E+004 1.570926E+074 2.150400E+004, Sun Aug 23 02:35:43 2015
1.85, 0.00, 1.60, 0.00 , 1.803068E-006, -1.802330E-006, -1.414838E-011, -1.172740E-011, 2.150400E+004 1.570926E+074 2.150400E+004, Sun Aug 23 02:35:47 2015
1.90, 0.00, 1.60, 0.00 , 1.843755E-006, -1.843460E-006, -1.117170E-011, -1.201790E-011, 2.150400E+004 1.570926E+074 2.150400E+004, Sun Aug 23 02:35:50 2015
1.95, 0.00, 1.60, 0.00 , 1.880609E-006, -1.880100E-006, -1.259715E-011, -1.269640E-011, 2.150400E+004 1.570926E+074 2.150400E+004, Sun Aug 23 02:35:54 2015
2.00, 0.00, 1.60, 0.00 , 1.908490E-006, -1.907640E-006, -1.372912E-011, -1.311860E-011, 2.150400E+004 1.570926E+074 2.150400E+004, Sun Aug 23 02:35:57 2015
