0.00, 0.00, 1.60, 0.00 , -3.255756E-010, 3.164710E-010, -9.421283E-013, -1.545940E-012, 2.150400E+004 1.570926E+074 2.150400E+004, Sun Aug 23 14:42:34 2015
0.05, 0.00, 1.60, 0.00 , 2.705213E-007, -2.707560E-007, -2.786819E-012, -2.245810E-012, 2.150400E+004 1.570926E+074 2.150400E+004, Sun Aug 23 14:42:39 2015
0.10, 0.00, 1.60, 0.00 , 5.925768E-007, -5.923770E-007, -6.905952E-013, -2.923860E-012, 2.150400E+004 1.570926E+074 2.150400E+004, Sun Aug 23 14:42:42 2015
0.15, 0.00, 1.60, 0.00 , 8.776520E-007, -8.772640E-007, 7.348636E-013, -3.242370E-012, 2.150400E+004 1.570926E+074 2.150400E+004, Sun Aug 23 14:42:46 2015
0.20, 0.00, 1.60, 0.00 , 1.114685E-006, -1.114010E-006, -4.547676E-012, -3.146480E-012, 2.150400E+004 1.570926E+074 2.150400E+004, Sun Aug 23 14:42:49 2015
0.25, 0.00, 1.60, 0.00 , 1.298881E-006, -1.298200E-006, -1.067913E-012, -3.129240E-012, 2.150400E+004 1.570926E+074 2.150400E+004, Sun Aug 23 14:42:53 2015
0.30, 0.00, 1.60, 0.00 , 1.433701E-006, -1.433270E-006, -9.840392E-013, -3.534970E-012, 2.150400E+004 1.570926E+074 2.150400E+004, Sun Aug 23 14:42:56 2015
0.35, 0.00, 1.60, 0.00 , 1.529218E-006, -1.528350E-006, -1.780631E-012, -3.544960E-012, 2.150400E+004 1.570926E+074 2.150400E+004, Sun Aug 23 14:43:00 2015
0.40, 0.00, 1.60, 0.00 , 1.587381E-006, -1.586480E-006, -1.025985E-012, -3.887300E-012, 2.150400E+004 1.570926E+074 2.150400E+004, Sun Aug 23 14:43:03 2015
0.45, 0.00, 1.60, 0.00 , 1.620749E-006, -1.620360E-006, -2.577206E-012, -4.153860E-012, 2.150400E+004 1.570926E+074 2.150400E+004, Sun Aug 23 14:43:07 2015
0.50, 0.00, 1.60, 0.00 , 1.642152E-006, -1.641230E-006, -1.529086E-012, -4.767620E-012, 2.150400E+004 1.570926E+074 2.150400E+004, Sun Aug 23 14:43:11 2015
0.55, 0.00, 1.60, 0.00 , 1.653709E-006, -1.653100E-006, 1.898100E-013, -4.742920E-012, 2.150400E+004 1.570926E+074 2.150400E+004, Sun Aug 23 14:43:14 2015
0.60, 0.00, 1.60, 0.00 , 1.658378E-006, -1.657850E-006, -1.696785E-012, -4.858820E-012, 2.150400E+004 1.570926E+074 2.150400E+004, Sun Aug 23 14:43:18 2015
0.65, 0.00, 1.60, 0.00 , 1.659954E-006, -1.659340E-006, -1.906416E-012, -5.332860E-012, 2.150400E+004 1.570926E+074 2.150400E+004, Sun Aug 23 14:43:21 2015
0.70, 0.00, 1.60, 0.00 , 1.660714E-006, -1.659960E-006, -3.132685E-013, -5.568000E-012, 2.150400E+004 1.570926E+074 2.150400E+004, Sun Aug 23 14:43:25 2015
0.75, 0.00, 1.60, 0.00 , 1.660219E-006, -1.659810E-006, -3.551916E-013, -5.749290E-012, 2.150400E+004 1.570926E+074 2.150400E+004, Sun Aug 23 14:43:28 2015
0.80, 0.00, 1.60, 0.00 , 1.659339E-006, -1.658720E-006, -1.874976E-013, -6.126270E-012, 2.150400E+004 1.570926E+074 2.150400E+004, Sun Aug 23 14:43:32 2015
0.85, 0.00, 1.60, 0.00 , 1.658338E-006, -1.657970E-006, 1.363713E-012, -6.572810E-012, 2.150400E+004 1.570926E+074 2.150400E+004, Sun Aug 23 14:43:35 2015
0.90, 0.00, 1.60, 0.00 , 1.658138E-006, -1.657570E-006, 9.025558E-013, -6.759970E-012, 2.150400E+004 1.570926E+074 2.150400E+004, Sun Aug 23 14:43:39 2015
0.95, 0.00, 1.60, 0.00 , 1.656833E-006, -1.656330E-006, 6.090597E-013, -6.857150E-012, 2.150400E+004 1.570926E+074 2.150400E+004, Sun Aug 23 14:43:42 2015
1.00, 0.00, 1.60, 0.00 , 1.656069E-006, -1.655730E-006, -1.235612E-012, -7.053200E-012, 2.150400E+004 1.570926E+074 2.150400E+004, Sun Aug 23 14:43:46 2015
1.05, 0.00, 1.60, 0.00 , 1.655614E-006, -1.655170E-006, -7.744517E-013, -7.821200E-012, 2.150400E+004 1.570926E+074 2.150400E+004, Sun Aug 23 14:43:50 2015
1.10, 0.00, 1.60, 0.00 , 1.655357E-006, -1.654590E-006, 2.369898E-012, -8.383170E-012, 2.150400E+004 1.570926E+074 2.150400E+004, Sun Aug 23 14:43:53 2015
1.15, 0.00, 1.60, 0.00 , 1.655017E-006, -1.654640E-006, 4.298463E-012, -8.731720E-012, 2.150400E+004 1.570926E+074 2.150400E+004, Sun Aug 23 14:43:57 2015
1.20, 0.00, 1.60, 0.00 , 1.654830E-006, -1.654340E-006, 2.244130E-012, -8.768800E-012, 2.150400E+004 1.570926E+074 2.150400E+004, Sun Aug 23 14:44:00 2015
1.25, 0.00, 1.60, 0.00 , 1.654465E-006, -1.653840E-006, 1.992595E-012, -9.003000E-012, 2.150400E+004 1.570926E+074 2.150400E+004, Sun Aug 23 14:44:04 2015
1.30, 0.00, 1.60, 0.00 , 1.654461E-006, -1.653790E-006, 1.824882E-012, -9.613440E-012, 2.150400E+004 1.570926E+074 2.150400E+004, Sun Aug 23 14:44:07 2015
1.35, 0.00, 1.60, 0.00 , 1.654071E-006, -1.653540E-006, 3.166486E-012, -9.798430E-012, 2.150400E+004 1.570926E+074 2.150400E+004, Sun Aug 23 14:44:11 2015
1.40, 0.00, 1.60, 0.00 , 1.655729E-006, -1.655190E-006, 8.186958E-013, -1.012760E-011, 2.150400E+004 1.570926E+074 2.150400E+004, Sun Aug 23 14:44:14 2015
1.45, 0.00, 1.60, 0.00 , 1.657406E-006, -1.656780E-006, 2.579537E-012, -1.041060E-011, 2.150400E+004 1.570926E+074 2.150400E+004, Sun Aug 23 14:44:18 2015
1.50, 0.00, 1.60, 0.00 , 1.659765E-006, -1.659110E-006, 5.178857E-012, -1.081660E-011, 2.150400E+004 1.570926E+074 2.150400E+004, Sun Aug 23 14:44:22 2015
1.55, 0.00, 1.60, 0.00 , 1.668044E-006, -1.667920E-006, 6.688157E-012, -1.066840E-011, 2.150400E+004 1.570926E+074 2.150400E+004, Sun Aug 23 14:44:25 2015
1.60, 0.00, 1.60, 0.00 , 1.675537E-006, -1.675210E-006, 4.508080E-012, -1.043520E-011, 2.150400E+004 1.570926E+074 2.150400E+004, Sun Aug 23 14:44:29 2015
1.65, 0.00, 1.60, 0.00 , 1.690368E-006, -1.690560E-006, 1.279882E-012, -1.102270E-011, 2.150400E+004 1.570926E+074 2.150400E+004, Sun Aug 23 14:44:32 2015
1.70, 0.00, 1.60, 0.00 , 1.716641E-006, -1.717450E-006, 1.201259E-011, -1.136450E-011, 2.150400E+004 1.570926E+074 2.150400E+004, Sun Aug 23 14:44:36 2015
1.75, 0.00, 1.60, 0.00 , 1.737930E-006, -1.737760E-006, 1.536658E-011, -1.172290E-011, 2.150400E+004 1.570926E+074 2.150400E+004, Sun Aug 23 14:44:39 2015
1.80, 0.00, 1.60, 0.00 , 1.765077E-006, -1.762910E-006, 1.545043E-011, -1.167300E-011, 2.150400E+004 1.570926E+074 2.150400E+004, Sun Aug 23 14:44:43 2015
1.85, 0.00, 1.60, 0.00 , 1.799546E-006, -1.800090E-006, 1.750476E-011, -1.226320E-011, 2.150400E+004 1.570926E+074 2.150400E+004, Sun Aug 23 14:44:46 2015
1.90, 0.00, 1.60, 0.00 , 1.841222E-006, -1.841680E-006, 1.511506E-011, -1.239620E-011, 2.150400E+004 1.570926E+074 2.150400E+004, Sun Aug 23 14:44:50 2015
1.95, 0.00, 1.60, 0.00 , 1.879186E-006, -1.878190E-006, 1.616320E-011, -1.280610E-011, 2.150400E+004 1.570926E+074 2.150400E+004, Sun Aug 23 14:44:53 2015
2.00, 0.00, 1.60, 0.00 , 1.905764E-006, -1.905080E-006, 1.352189E-011, -1.331190E-011, 2.150400E+004 1.570926E+074 2.150400E+004, Sun Aug 23 14:44:57 2015
