0.00, 0.00, 1.20, 0.00 , -5.114603E-012, -1.201000E-010, 1.214365E-010, -9.386180E-012, 2.150400E+004 1.570926E+074 2.150400E+004, Sun Aug 16 18:30:00 2015
0.05, 0.00, 1.20, 0.00 , 4.804010E-008, -4.815370E-008, 1.005580E-010, -1.057750E-011, 2.150400E+004 1.570926E+074 2.150400E+004, Sun Aug 16 18:30:04 2015
0.10, 0.00, 1.20, 0.00 , 7.939433E-008, -7.945580E-008, 9.833598E-011, -1.150070E-011, 2.150400E+004 1.570926E+074 2.150400E+004, Sun Aug 16 18:30:08 2015
0.15, 0.00, 1.20, 0.00 , 9.784293E-008, -9.788610E-008, 1.017737E-010, -1.268500E-011, 2.150400E+004 1.570926E+074 2.150400E+004, Sun Aug 16 18:30:11 2015
0.20, 0.00, 1.20, 0.00 , 1.073564E-007, -1.074070E-007, 1.035765E-010, -1.344030E-011, 2.150400E+004 1.570926E+074 2.150400E+004, Sun Aug 16 18:30:15 2015
0.25, 0.00, 1.20, 0.00 , 1.116859E-007, -1.117530E-007, 9.695239E-011, -1.392820E-011, 2.150400E+004 1.570926E+074 2.150400E+004, Sun Aug 16 18:30:19 2015
0.30, 0.00, 1.20, 0.00 , 1.134246E-007, -1.134700E-007, 9.074753E-011, -1.439010E-011, 2.150400E+004 1.570926E+074 2.150400E+004, Sun Aug 16 18:30:22 2015
0.35, 0.00, 1.20, 0.00 , 1.140079E-007, -1.140710E-007, 8.408146E-011, -1.474180E-011, 2.150400E+004 1.570926E+074 2.150400E+004, Sun Aug 16 18:30:26 2015
0.40, 0.00, 1.20, 0.00 , 1.141903E-007, -1.141850E-007, 8.852546E-011, -1.616990E-011, 2.150400E+004 1.570926E+074 2.150400E+004, Sun Aug 16 18:30:29 2015
0.45, 0.00, 1.20, 0.00 , 1.142350E-007, -1.142590E-007, 9.120871E-011, -1.728940E-011, 2.150400E+004 1.570926E+074 2.150400E+004, Sun Aug 16 18:30:33 2015
0.50, 0.00, 1.20, 0.00 , 1.142747E-007, -1.142920E-007, 8.634535E-011, -1.752890E-011, 2.150400E+004 1.570926E+074 2.150400E+004, Sun Aug 16 18:30:36 2015
0.55, 0.00, 1.20, 0.00 , 1.143162E-007, -1.142620E-007, 8.647118E-011, -1.821210E-011, 2.150400E+004 1.570926E+074 2.150400E+004, Sun Aug 16 18:30:40 2015
0.60, 0.00, 1.20, 0.00 , 1.143304E-007, -1.142870E-007, 8.173361E-011, -1.829650E-011, 2.150400E+004 1.570926E+074 2.150400E+004, Sun Aug 16 18:30:44 2015
0.65, 0.00, 1.20, 0.00 , 1.143280E-007, -1.142900E-007, 8.382996E-011, -1.903250E-011, 2.150400E+004 1.570926E+074 2.150400E+004, Sun Aug 16 18:30:47 2015
0.70, 0.00, 1.20, 0.00 , 1.143226E-007, -1.142970E-007, 8.135635E-011, -1.934930E-011, 2.150400E+004 1.570926E+074 2.150400E+004, Sun Aug 16 18:30:51 2015
0.75, 0.00, 1.20, 0.00 , 1.143480E-007, -1.142740E-007, 7.959555E-011, -1.977070E-011, 2.150400E+004 1.570926E+074 2.150400E+004, Sun Aug 16 18:30:54 2015
0.80, 0.00, 1.20, 0.00 , 1.143401E-007, -1.143050E-007, 8.144017E-011, -2.096370E-011, 2.150400E+004 1.570926E+074 2.150400E+004, Sun Aug 16 18:30:58 2015
0.85, 0.00, 1.20, 0.00 , 1.143508E-007, -1.143250E-007, 8.164979E-011, -2.147030E-011, 2.150400E+004 1.570926E+074 2.150400E+004, Sun Aug 16 18:31:01 2015
0.90, 0.00, 1.20, 0.00 , 1.143532E-007, -1.142930E-007, 7.921817E-011, -2.247140E-011, 2.150400E+004 1.570926E+074 2.150400E+004, Sun Aug 16 18:31:05 2015
0.95, 0.00, 1.20, 0.00 , 1.143981E-007, -1.142700E-007, 8.244643E-011, -2.350010E-011, 2.150400E+004 1.570926E+074 2.150400E+004, Sun Aug 16 18:31:08 2015
1.00, 0.00, 1.20, 0.00 , 1.143782E-007, -1.142820E-007, 7.661879E-011, -2.358710E-011, 2.150400E+004 1.570926E+074 2.150400E+004, Sun Aug 16 18:31:12 2015
1.05, 0.00, 1.20, 0.00 , 1.143898E-007, -1.142940E-007, 7.972125E-011, -2.430480E-011, 2.150400E+004 1.570926E+074 2.150400E+004, Sun Aug 16 18:31:16 2015
1.10, 0.00, 1.20, 0.00 , 1.144022E-007, -1.143270E-007, 8.466832E-011, -2.527190E-011, 2.150400E+004 1.570926E+074 2.150400E+004, Sun Aug 16 18:31:19 2015
1.15, 0.00, 1.20, 0.00 , 1.144868E-007, -1.143700E-007, 8.035010E-011, -2.592500E-011, 2.150400E+004 1.570926E+074 2.150400E+004, Sun Aug 16 18:31:23 2015
1.20, 0.00, 1.20, 0.00 , 1.144727E-007, -1.143740E-007, 7.661884E-011, -2.630210E-011, 2.150400E+004 1.570926E+074 2.150400E+004, Sun Aug 16 18:31:26 2015
1.25, 0.00, 1.20, 0.00 , 1.145134E-007, -1.143870E-007, 7.619950E-011, -2.629960E-011, 2.150400E+004 1.570926E+074 2.150400E+004, Sun Aug 16 18:31:30 2015
1.30, 0.00, 1.20, 0.00 , 1.145399E-007, -1.144180E-007, 6.404133E-011, -2.579450E-011, 2.150400E+004 1.570926E+074 2.150400E+004, Sun Aug 16 18:31:33 2015
1.35, 0.00, 1.20, 0.00 , 1.145024E-007, -1.143870E-007, 6.735344E-011, -2.807280E-011, 2.150400E+004 1.570926E+074 2.150400E+004, Sun Aug 16 18:31:37 2015
1.40, 0.00, 1.20, 0.00 , 1.145328E-007, -1.144550E-007, 6.919813E-011, -2.758250E-011, 2.150400E+004 1.570926E+074 2.150400E+004, Sun Aug 16 18:31:40 2015
1.45, 0.00, 1.20, 0.00 , 1.145635E-007, -1.143950E-007, 6.643103E-011, -2.808690E-011, 2.150400E+004 1.570926E+074 2.150400E+004, Sun Aug 16 18:31:44 2015
1.50, 0.00, 1.20, 0.00 , 1.145771E-007, -1.144140E-007, 6.345437E-011, -2.927780E-011, 2.150400E+004 1.570926E+074 2.150400E+004, Sun Aug 16 18:31:48 2015
1.55, 0.00, 1.20, 0.00 , 1.146019E-007, -1.144540E-007, 7.045583E-011, -3.076480E-011, 2.150400E+004 1.570926E+074 2.150400E+004, Sun Aug 16 18:31:51 2015
1.60, 0.00, 1.20, 0.00 , 1.146029E-007, -1.144470E-007, 6.475410E-011, -3.113370E-011, 2.150400E+004 1.570926E+074 2.150400E+004, Sun Aug 16 18:31:55 2015
1.65, 0.00, 1.20, 0.00 , 1.146117E-007, -1.144510E-007, 6.295132E-011, -3.117840E-011, 2.150400E+004 1.570926E+074 2.150400E+004, Sun Aug 16 18:31:58 2015
1.70, 0.00, 1.20, 0.00 , 1.146184E-007, -1.144650E-007, 6.928195E-011, -3.274170E-011, 2.150400E+004 1.570926E+074 2.150400E+004, Sun Aug 16 18:32:02 2015
1.75, 0.00, 1.20, 0.00 , 1.146178E-007, -1.144740E-007, 6.483793E-011, -3.376980E-011, 2.150400E+004 1.570926E+074 2.150400E+004, Sun Aug 16 18:32:05 2015
1.80, 0.00, 1.20, 0.00 , 1.146228E-007, -1.144350E-007, 6.156786E-011, -3.420690E-011, 2.150400E+004 1.570926E+074 2.150400E+004, Sun Aug 16 18:32:09 2015
1.85, 0.00, 1.20, 0.00 , 1.146058E-007, -1.144870E-007, 6.332863E-011, -3.521980E-011, 2.150400E+004 1.570926E+074 2.150400E+004, Sun Aug 16 18:32:12 2015
1.90, 0.00, 1.20, 0.00 , 1.146395E-007, -1.144700E-007, 6.274171E-011, -3.722800E-011, 2.150400E+004 1.570926E+074 2.150400E+004, Sun Aug 16 18:32:16 2015
1.95, 0.00, 1.20, 0.00 , 1.146702E-007, -1.144700E-007, 6.596990E-011, -3.932150E-011, 2.150400E+004 1.570926E+074 2.150400E+004, Sun Aug 16 18:32:20 2015
2.00, 0.00, 1.20, 0.00 , 1.146789E-007, -1.144680E-007, 6.450249E-011, -4.205400E-011, 2.150400E+004 1.570926E+074 2.150400E+004, Sun Aug 16 18:32:23 2015
