0.00, 0.00, 0.80, 0.00 , -2.967497E-011, -9.221080E-013, -3.171590E-011, -3.209710E-013, 2.150400E+004 1.570926E+074 2.150400E+004, Tue Aug 04 23:31:03 2015
0.05, 0.00, 0.80, 0.00 , -7.562271E-012, -2.295130E-011, -3.213519E-011, -5.350350E-013, 2.150400E+004 1.570926E+074 2.150400E+004, Tue Aug 04 23:31:07 2015
0.10, 0.00, 0.80, 0.00 , -4.312898E-012, -2.548920E-011, -3.234484E-011, -7.902740E-013, 2.150400E+004 1.570926E+074 2.150400E+004, Tue Aug 04 23:31:10 2015
0.15, 0.00, 0.80, 0.00 , -2.371702E-012, -2.526120E-011, -3.280607E-011, -1.002220E-012, 2.150400E+004 1.570926E+074 2.150400E+004, Tue Aug 04 23:31:14 2015
0.20, 0.00, 0.80, 0.00 , -3.046898E-012, -2.477120E-011, -3.217713E-011, -1.223130E-012, 2.150400E+004 1.570926E+074 2.150400E+004, Tue Aug 04 23:31:18 2015
0.25, 0.00, 0.80, 0.00 , -4.186294E-012, -2.435410E-011, -3.217713E-011, -1.469180E-012, 2.150400E+004 1.570926E+074 2.150400E+004, Tue Aug 04 23:31:21 2015
0.30, 0.00, 0.80, 0.00 , -4.186290E-012, -2.405430E-011, -3.142239E-011, -1.673330E-012, 2.150400E+004 1.570926E+074 2.150400E+004, Tue Aug 04 23:31:25 2015
0.35, 0.00, 0.80, 0.00 , -3.679897E-012, -2.375330E-011, -3.247063E-011, -1.868470E-012, 2.150400E+004 1.570926E+074 2.150400E+004, Tue Aug 04 23:31:29 2015
0.40, 0.00, 0.80, 0.00 , -4.734891E-012, -2.354180E-011, -3.230291E-011, -2.070510E-012, 2.150400E+004 1.570926E+074 2.150400E+004, Tue Aug 04 23:31:32 2015
0.45, 0.00, 0.80, 0.00 , -3.426696E-012, -2.347210E-011, -3.217713E-011, -2.299870E-012, 2.150400E+004 1.570926E+074 2.150400E+004, Tue Aug 04 23:31:36 2015
0.50, 0.00, 0.80, 0.00 , -3.215701E-012, -2.338670E-011, -2.882276E-011, -2.537750E-012, 2.150400E+004 1.570926E+074 2.150400E+004, Tue Aug 04 23:31:39 2015
0.55, 0.00, 0.80, 0.00 , -4.186291E-012, -2.331730E-011, -3.205134E-011, -2.748070E-012, 2.150400E+004 1.570926E+074 2.150400E+004, Tue Aug 04 23:31:43 2015
0.60, 0.00, 0.80, 0.00 , -3.553294E-012, -2.371050E-011, -3.343501E-011, -2.956330E-012, 2.150400E+004 1.570926E+074 2.150400E+004, Tue Aug 04 23:31:47 2015
0.65, 0.00, 0.80, 0.00 , -1.527706E-012, -2.331670E-011, -3.335115E-011, -3.200570E-012, 2.150400E+004 1.570926E+074 2.150400E+004, Tue Aug 04 23:31:50 2015
0.70, 0.00, 0.80, 0.00 , -2.329500E-012, -2.339250E-011, -3.242870E-011, -3.403340E-012, 2.150400E+004 1.570926E+074 2.150400E+004, Tue Aug 04 23:31:54 2015
0.75, 0.00, 0.80, 0.00 , -1.865303E-012, -2.352480E-011, -3.209327E-011, -3.614410E-012, 2.150400E+004 1.570926E+074 2.150400E+004, Tue Aug 04 23:31:58 2015
0.80, 0.00, 0.80, 0.00 , -2.540501E-012, -2.365220E-011, -3.226098E-011, -3.822660E-012, 2.150400E+004 1.570926E+074 2.150400E+004, Tue Aug 04 23:32:01 2015
0.85, 0.00, 0.80, 0.00 , -1.147909E-012, -2.378950E-011, -3.247063E-011, -4.053390E-012, 2.150400E+004 1.570926E+074 2.150400E+004, Tue Aug 04 23:32:05 2015
0.90, 0.00, 0.80, 0.00 , -4.727111E-013, -2.403950E-011, -3.217712E-011, -4.279720E-012, 2.150400E+004 1.570926E+074 2.150400E+004, Tue Aug 04 23:32:09 2015
0.95, 0.00, 0.80, 0.00 , 7.588526E-014, -2.430480E-011, -3.284800E-011, -4.497310E-012, 2.150400E+004 1.570926E+074 2.150400E+004, Tue Aug 04 23:32:12 2015
1.00, 0.00, 0.80, 0.00 , -5.071356E-014, -2.458030E-011, -3.142239E-011, -4.734280E-012, 2.150400E+004 1.570926E+074 2.150400E+004, Tue Aug 04 23:32:16 2015
1.05, 0.00, 0.80, 0.00 , 9.620811E-013, -2.486120E-011, -3.221905E-011, -4.980710E-012, 2.150400E+004 1.570926E+074 2.150400E+004, Tue Aug 04 23:32:20 2015
1.10, 0.00, 0.80, 0.00 , 1.173080E-012, -2.515690E-011, -3.251256E-011, -5.210690E-012, 2.150400E+004 1.570926E+074 2.150400E+004, Tue Aug 04 23:32:23 2015
1.15, 0.00, 0.80, 0.00 , 8.776818E-013, -2.550200E-011, -3.209326E-011, -5.366620E-012, 2.150400E+004 1.570926E+074 2.150400E+004, Tue Aug 04 23:32:27 2015
1.20, 0.00, 0.80, 0.00 , 2.945388E-012, -2.582940E-011, -3.159011E-011, -5.659870E-012, 2.150400E+004 1.570926E+074 2.150400E+004, Tue Aug 04 23:32:31 2015
1.25, 0.00, 0.80, 0.00 , 2.396836E-012, -2.621380E-011, -3.133853E-011, -5.931760E-012, 2.150400E+004 1.570926E+074 2.150400E+004, Tue Aug 04 23:32:34 2015
1.30, 0.00, 0.80, 0.00 , 3.029781E-012, -2.664170E-011, -3.146432E-011, -6.168210E-012, 2.150400E+004 1.570926E+074 2.150400E+004, Tue Aug 04 23:32:38 2015
1.35, 0.00, 0.80, 0.00 , 3.325155E-012, -2.704960E-011, -3.129660E-011, -6.366130E-012, 2.150400E+004 1.570926E+074 2.150400E+004, Tue Aug 04 23:32:42 2015
1.40, 0.00, 0.80, 0.00 , 4.759830E-012, -2.750940E-011, -3.154818E-011, -6.586520E-012, 2.150400E+004 1.570926E+074 2.150400E+004, Tue Aug 04 23:32:45 2015
1.45, 0.00, 0.80, 0.00 , 5.055203E-012, -2.789900E-011, -3.138046E-011, -6.832050E-012, 2.150400E+004 1.570926E+074 2.150400E+004, Tue Aug 04 23:32:49 2015
1.50, 0.00, 0.80, 0.00 , 5.392775E-012, -2.842920E-011, -3.112889E-011, -7.075200E-012, 2.150400E+004 1.570926E+074 2.150400E+004, Tue Aug 04 23:32:53 2015
1.55, 0.00, 0.80, 0.00 , 7.038430E-012, -2.879900E-011, -3.242870E-011, -7.300960E-012, 2.150400E+004 1.570926E+074 2.150400E+004, Tue Aug 04 23:32:56 2015
1.60, 0.00, 0.80, 0.00 , 7.797966E-012, -2.937480E-011, -3.234483E-011, -7.526340E-012, 2.150400E+004 1.570926E+074 2.150400E+004, Tue Aug 04 23:33:00 2015
1.65, 0.00, 0.80, 0.00 , 7.713572E-012, -2.989550E-011, -3.121274E-011, -7.744090E-012, 2.150400E+004 1.570926E+074 2.150400E+004, Tue Aug 04 23:33:04 2015
1.70, 0.00, 0.80, 0.00 , 8.641889E-012, -3.051040E-011, -3.247063E-011, -7.981380E-012, 2.150400E+004 1.570926E+074 2.150400E+004, Tue Aug 04 23:33:08 2015
1.75, 0.00, 0.80, 0.00 , 1.020316E-011, -3.137440E-011, -3.230291E-011, -8.230200E-012, 2.150400E+004 1.570926E+074 2.150400E+004, Tue Aug 04 23:33:15 2015
1.80, 0.00, 0.80, 0.00 , 9.907781E-012, -3.196080E-011, -3.226098E-011, -8.464680E-012, 2.150400E+004 1.570926E+074 2.150400E+004, Tue Aug 04 23:33:20 2015
1.85, 0.00, 0.80, 0.00 , 1.243956E-011, -3.281770E-011, -3.314150E-011, -8.715340E-012, 2.150400E+004 1.570926E+074 2.150400E+004, Tue Aug 04 23:33:27 2015
1.90, 0.00, 0.80, 0.00 , 1.277712E-011, -3.356480E-011, -3.192555E-011, -8.946540E-012, 2.150400E+004 1.570926E+074 2.150400E+004, Tue Aug 04 23:33:33 2015
1.95, 0.00, 0.80, 0.00 , 1.501354E-011, -3.478520E-011, -3.318343E-011, -9.188750E-012, 2.150400E+004 1.570926E+074 2.150400E+004, Tue Aug 04 23:33:43 2015
2.00, 0.00, 0.80, 0.00 , 1.632163E-011, -3.578670E-011, -3.268027E-011, -9.832670E-012, 2.150400E+004 1.570926E+074 2.150400E+004, Tue Aug 04 23:33:51 2015
