1.80, 1.80, 1.40, 1.80 , 8.867802E-010, 1.055450E-010, 9.028751E-010, -2.748080E-010, 2.150400E+004 1.570926E+074 2.150400E+004, Sun Aug 16 21:21:57 2015
1.75, 1.80, 1.40, 1.80 , 7.165617E-010, 1.068210E-010, 9.341513E-010, -1.540040E-010, 2.150400E+004 1.570926E+074 2.150400E+004, Sun Aug 16 21:22:04 2015
1.70, 1.80, 1.40, 1.80 , 5.818729E-010, 9.800850E-011, 9.444231E-010, -4.673160E-011, 2.150400E+004 1.570926E+074 2.150400E+004, Sun Aug 16 21:22:13 2015
1.65, 1.80, 1.40, 1.80 , 4.353262E-010, 9.607620E-011, 9.999738E-010, 2.243290E-011, 2.150400E+004 1.570926E+074 2.150400E+004, Sun Aug 16 21:22:19 2015
1.60, 1.80, 1.40, 1.80 , 3.246468E-010, 9.640630E-011, 1.031290E-009, 8.376880E-011, 2.150400E+004 1.570926E+074 2.150400E+004, Sun Aug 16 21:22:24 2015
1.55, 1.80, 1.40, 1.80 , 2.411411E-010, 9.710500E-011, 1.026554E-009, 1.436310E-010, 2.150400E+004 1.570926E+074 2.150400E+004, Sun Aug 16 21:22:32 2015
1.50, 1.80, 1.40, 1.80 , 1.443438E-010, 9.376770E-011, 1.076445E-009, 1.954810E-010, 2.150400E+004 1.570926E+074 2.150400E+004, Sun Aug 16 21:22:42 2015
1.45, 1.80, 1.40, 1.80 , 6.180862E-011, 9.021020E-011, 1.158072E-009, 2.355730E-010, 2.150400E+004 1.570926E+074 2.150400E+004, Sun Aug 16 21:22:52 2015
1.40, 1.80, 1.40, 1.80 , -8.195155E-012, 9.735450E-011, 1.178699E-009, 2.756580E-010, 2.150400E+004 1.570926E+074 2.150400E+004, Sun Aug 16 21:22:58 2015
1.35, 1.80, 1.40, 1.80 , -6.153503E-011, 8.917390E-011, 1.211022E-009, 2.788840E-010, 2.150400E+004 1.570926E+074 2.150400E+004, Sun Aug 16 21:23:07 2015
1.30, 1.80, 1.40, 1.80 , -1.219223E-010, 8.592680E-011, 1.219911E-009, 2.994220E-010, 2.150400E+004 1.570926E+074 2.150400E+004, Sun Aug 16 21:23:21 2015
1.25, 1.80, 1.40, 1.80 , -1.761485E-010, 8.275050E-011, 1.209137E-009, 3.236710E-010, 2.150400E+004 1.570926E+074 2.150400E+004, Sun Aug 16 21:23:35 2015
1.20, 1.80, 1.40, 1.80 , -2.321046E-010, 7.574130E-011, 1.223601E-009, 3.363650E-010, 2.150400E+004 1.570926E+074 2.150400E+004, Sun Aug 16 21:23:41 2015
1.15, 1.80, 1.40, 1.80 , -2.899601E-010, 7.668840E-011, 1.246991E-009, 3.638480E-010, 2.150400E+004 1.570926E+074 2.150400E+004, Sun Aug 16 21:23:46 2015
1.10, 1.80, 1.40, 1.80 , -3.284036E-010, 7.900550E-011, 1.238274E-009, 3.973540E-010, 2.150400E+004 1.570926E+074 2.150400E+004, Sun Aug 16 21:23:52 2015
1.05, 1.80, 1.40, 1.80 , -3.540606E-010, 8.234260E-011, 1.210017E-009, 4.273350E-010, 2.150400E+004 1.570926E+074 2.150400E+004, Sun Aug 16 21:24:01 2015
1.00, 1.80, 1.40, 1.80 , -3.905207E-010, 8.417110E-011, 1.225111E-009, 4.530050E-010, 2.150400E+004 1.570926E+074 2.150400E+004, Sun Aug 16 21:24:06 2015
0.95, 1.80, 1.40, 1.80 , -4.099746E-010, 8.595060E-011, 1.232027E-009, 4.812490E-010, 2.150400E+004 1.570926E+074 2.150400E+004, Sun Aug 16 21:24:12 2015
0.90, 1.80, 1.40, 1.80 , -4.468151E-010, 8.971040E-011, 1.203224E-009, 5.237530E-010, 2.150400E+004 1.570926E+074 2.150400E+004, Sun Aug 16 21:24:20 2015
0.85, 1.80, 1.40, 1.80 , -4.727675E-010, 9.216590E-011, 1.238272E-009, 5.477430E-010, 2.150400E+004 1.570926E+074 2.150400E+004, Sun Aug 16 21:24:26 2015
0.80, 1.80, 1.40, 1.80 , -5.086792E-010, 9.173100E-011, 1.215843E-009, 5.750900E-010, 2.150400E+004 1.570926E+074 2.150400E+004, Sun Aug 16 21:24:32 2015
0.75, 1.80, 1.40, 1.80 , -5.480089E-010, 9.395120E-011, 1.243473E-009, 6.098290E-010, 2.150400E+004 1.570926E+074 2.150400E+004, Sun Aug 16 21:24:36 2015
0.70, 1.80, 1.40, 1.80 , -5.821480E-010, 9.597070E-011, 1.206451E-009, 6.399760E-010, 2.150400E+004 1.570926E+074 2.150400E+004, Sun Aug 16 21:24:41 2015
0.65, 1.80, 1.40, 1.80 , -6.103796E-010, 9.582460E-011, 1.234921E-009, 6.748940E-010, 2.150400E+004 1.570926E+074 2.150400E+004, Sun Aug 16 21:24:46 2015
0.60, 1.80, 1.40, 1.80 , -6.519033E-010, 9.550300E-011, 1.228253E-009, 7.030000E-010, 2.150400E+004 1.570926E+074 2.150400E+004, Sun Aug 16 21:24:52 2015
0.55, 1.80, 1.40, 1.80 , -6.867181E-010, 9.900670E-011, 1.232571E-009, 7.477700E-010, 2.150400E+004 1.570926E+074 2.150400E+004, Sun Aug 16 21:24:56 2015
0.50, 1.80, 1.40, 1.80 , -7.394673E-010, 9.798190E-011, 1.224270E-009, 7.886830E-010, 2.150400E+004 1.570926E+074 2.150400E+004, Sun Aug 16 21:25:02 2015
0.45, 1.80, 1.40, 1.80 , -7.778267E-010, 9.632620E-011, 1.240537E-009, 7.942300E-010, 2.150400E+004 1.570926E+074 2.150400E+004, Sun Aug 16 21:25:09 2015
0.40, 1.80, 1.40, 1.80 , -8.111636E-010, 9.792760E-011, 1.246530E-009, 8.421510E-010, 2.150400E+004 1.570926E+074 2.150400E+004, Sun Aug 16 21:25:14 2015
0.35, 1.80, 1.40, 1.80 , -8.630275E-010, 9.719930E-011, 1.239112E-009, 8.966310E-010, 2.150400E+004 1.570926E+074 2.150400E+004, Sun Aug 16 21:25:18 2015
0.30, 1.80, 1.40, 1.80 , -9.302502E-010, 9.996410E-011, 1.267076E-009, 9.542380E-010, 2.150400E+004 1.570926E+074 2.150400E+004, Sun Aug 16 21:25:22 2015
0.25, 1.80, 1.40, 1.80 , -9.575112E-010, 1.014920E-010, 1.266406E-009, 9.859570E-010, 2.150400E+004 1.570926E+074 2.150400E+004, Sun Aug 16 21:25:29 2015
0.20, 1.80, 1.40, 1.80 , -1.018910E-009, 1.028200E-010, 1.270262E-009, 1.044850E-009, 2.150400E+004 1.570926E+074 2.150400E+004, Sun Aug 16 21:25:34 2015
0.15, 1.80, 1.40, 1.80 , -1.080733E-009, 1.043590E-010, 1.280870E-009, 1.085180E-009, 2.150400E+004 1.570926E+074 2.150400E+004, Sun Aug 16 21:25:37 2015
0.10, 1.80, 1.40, 1.80 , -1.132174E-009, 1.086880E-010, 1.289336E-009, 1.146400E-009, 2.150400E+004 1.570926E+074 2.150400E+004, Sun Aug 16 21:25:40 2015
0.05, 1.80, 1.40, 1.80 , -1.197540E-009, 1.107460E-010, 1.295835E-009, 1.195000E-009, 2.150400E+004 1.570926E+074 2.150400E+004, Sun Aug 16 21:25:44 2015
0.00, 1.80, 1.40, 1.80 , -1.236026E-009, 1.132930E-010, 1.290889E-009, 1.227540E-009, 2.150400E+004 1.570926E+074 2.150400E+004, Sun Aug 16 21:25:47 2015
-0.05, 1.80, 1.40, 1.80 , -1.275610E-009, 1.128200E-010, 1.317176E-009, 1.264930E-009, 2.150400E+004 1.570926E+074 2.150400E+004, Sun Aug 16 21:25:50 2015
-0.10, 1.80, 1.40, 1.80 , -1.307555E-009, 1.114730E-010, 1.321746E-009, 1.298230E-009, 2.150400E+004 1.570926E+074 2.150400E+004, Sun Aug 16 21:25:54 2015
-0.15, 1.80, 1.40, 1.80 , -1.369798E-009, 1.125730E-010, 1.318729E-009, 1.350220E-009, 2.150400E+004 1.570926E+074 2.150400E+004, Sun Aug 16 21:25:57 2015
-0.20, 1.80, 1.40, 1.80 , -1.439975E-009, 1.111920E-010, 1.324220E-009, 1.409810E-009, 2.150400E+004 1.570926E+074 2.150400E+004, Sun Aug 16 21:26:00 2015
