0.00, 0.00, 2.00, 0.00 , 1.121377E-008, -1.126260E-008, 1.623963E-010, 1.576080E-012, 2.150400E+004 1.570926E+074 2.150400E+004, Sat Aug 15 18:48:49 2015
0.05, 0.00, 2.00, 0.00 , 6.395392E-006, -6.397930E-006, 1.554368E-010, 8.916620E-013, 2.150400E+004 1.570926E+074 2.150400E+004, Sat Aug 15 18:48:52 2015
0.10, 0.00, 2.00, 0.00 , 1.247119E-005, -1.247390E-005, 1.537180E-010, 2.785920E-013, 2.150400E+004 1.570926E+074 2.150400E+004, Sat Aug 15 18:48:56 2015
0.15, 0.00, 2.00, 0.00 , 1.815334E-005, -1.818300E-005, 1.519152E-010, -2.847080E-013, 2.150400E+004 1.570926E+074 2.150400E+004, Sat Aug 15 18:49:00 2015
0.20, 0.00, 2.00, 0.00 , 2.345982E-005, -2.345290E-005, 1.487289E-010, -7.907870E-013, 2.150400E+004 1.570926E+074 2.150400E+004, Sat Aug 15 18:49:03 2015
0.25, 0.00, 2.00, 0.00 , 2.848583E-005, -2.844760E-005, 1.486031E-010, -1.519980E-012, 2.150400E+004 1.570926E+074 2.150400E+004, Sat Aug 15 18:49:07 2015
0.30, 0.00, 2.00, 0.00 , 3.308719E-005, -3.303770E-005, 1.525440E-010, -2.275350E-012, 2.150400E+004 1.570926E+074 2.150400E+004, Sat Aug 15 18:49:10 2015
0.35, 0.00, 2.00, 0.00 , 3.726009E-005, -3.720570E-005, 1.552272E-010, -3.221210E-012, 2.150400E+004 1.570926E+074 2.150400E+004, Sat Aug 15 18:49:14 2015
0.40, 0.00, 2.00, 0.00 , 4.113890E-005, -4.105140E-005, 1.506993E-010, -3.372840E-012, 2.150400E+004 1.570926E+074 2.150400E+004, Sat Aug 15 18:49:17 2015
0.45, 0.00, 2.00, 0.00 , 4.446356E-005, -4.447470E-005, 1.529633E-010, -3.790860E-012, 2.150400E+004 1.570926E+074 2.150400E+004, Sat Aug 15 18:49:21 2015
0.50, 0.00, 2.00, 0.00 , 4.766270E-005, -4.763450E-005, 1.510768E-010, -4.123590E-012, 2.150400E+004 1.570926E+074 2.150400E+004, Sat Aug 15 18:49:24 2015
0.55, 0.00, 2.00, 0.00 , 5.021449E-005, -5.028840E-005, 1.506573E-010, -4.924010E-012, 2.150400E+004 1.570926E+074 2.150400E+004, Sat Aug 15 18:49:28 2015
0.60, 0.00, 2.00, 0.00 , 5.264382E-005, -5.266760E-005, 1.501542E-010, -5.754020E-012, 2.150400E+004 1.570926E+074 2.150400E+004, Sat Aug 15 18:49:32 2015
0.65, 0.00, 2.00, 0.00 , 5.462675E-005, -5.474500E-005, 1.513701E-010, -6.212270E-012, 2.150400E+004 1.570926E+074 2.150400E+004, Sat Aug 15 18:49:35 2015
0.70, 0.00, 2.00, 0.00 , 5.642133E-005, -5.632710E-005, 1.531309E-010, -6.437610E-012, 2.150400E+004 1.570926E+074 2.150400E+004, Sat Aug 15 18:49:39 2015
0.75, 0.00, 2.00, 0.00 , 5.785846E-005, -5.776150E-005, 1.499447E-010, -6.971900E-012, 2.150400E+004 1.570926E+074 2.150400E+004, Sat Aug 15 18:49:42 2015
0.80, 0.00, 2.00, 0.00 , 5.898069E-005, -5.901150E-005, 1.500285E-010, -7.735000E-012, 2.150400E+004 1.570926E+074 2.150400E+004, Sat Aug 15 18:49:46 2015
0.85, 0.00, 2.00, 0.00 , 6.006080E-005, -6.011940E-005, 1.480160E-010, -8.564340E-012, 2.150400E+004 1.570926E+074 2.150400E+004, Sat Aug 15 18:49:49 2015
0.90, 0.00, 2.00, 0.00 , 6.110768E-005, -6.119500E-005, 1.486869E-010, -8.962450E-012, 2.150400E+004 1.570926E+074 2.150400E+004, Sat Aug 15 18:49:53 2015
0.95, 0.00, 2.00, 0.00 , 6.197555E-005, -6.196520E-005, 1.495254E-010, -9.534000E-012, 2.150400E+004 1.570926E+074 2.150400E+004, Sat Aug 15 18:49:56 2015
1.00, 0.00, 2.00, 0.00 , 6.294335E-005, -6.289940E-005, 1.489384E-010, -1.019320E-011, 2.150400E+004 1.570926E+074 2.150400E+004, Sat Aug 15 18:50:00 2015
1.05, 0.00, 2.00, 0.00 , 6.344746E-005, -6.347100E-005, 1.481838E-010, -1.038240E-011, 2.150400E+004 1.570926E+074 2.150400E+004, Sat Aug 15 18:50:03 2015
1.10, 0.00, 2.00, 0.00 , 6.398912E-005, -6.395900E-005, 1.464231E-010, -1.117020E-011, 2.150400E+004 1.570926E+074 2.150400E+004, Sat Aug 15 18:50:07 2015
1.15, 0.00, 2.00, 0.00 , 6.449229E-005, -6.461450E-005, 1.472195E-010, -1.175970E-011, 2.150400E+004 1.570926E+074 2.150400E+004, Sat Aug 15 18:50:11 2015
1.20, 0.00, 2.00, 0.00 , 6.518440E-005, -6.524060E-005, 1.455844E-010, -1.218090E-011, 2.150400E+004 1.570926E+074 2.150400E+004, Sat Aug 15 18:50:14 2015
1.25, 0.00, 2.00, 0.00 , 6.566805E-005, -6.571050E-005, 1.464649E-010, -1.257240E-011, 2.150400E+004 1.570926E+074 2.150400E+004, Sat Aug 15 18:50:18 2015
1.30, 0.00, 2.00, 0.00 , 6.609098E-005, -6.612300E-005, 1.468841E-010, -1.283590E-011, 2.150400E+004 1.570926E+074 2.150400E+004, Sat Aug 15 18:50:21 2015
1.35, 0.00, 2.00, 0.00 , 6.658958E-005, -6.652740E-005, 1.455426E-010, -1.347110E-011, 2.150400E+004 1.570926E+074 2.150400E+004, Sat Aug 15 18:50:25 2015
1.40, 0.00, 2.00, 0.00 , 6.695079E-005, -6.702350E-005, 1.436980E-010, -1.395550E-011, 2.150400E+004 1.570926E+074 2.150400E+004, Sat Aug 15 18:50:28 2015
1.45, 0.00, 2.00, 0.00 , 6.742435E-005, -6.741410E-005, 1.431528E-010, -1.520520E-011, 2.150400E+004 1.570926E+074 2.150400E+004, Sat Aug 15 18:50:32 2015
1.50, 0.00, 2.00, 0.00 , 6.768681E-005, -6.781330E-005, 1.439076E-010, -1.698110E-011, 2.150400E+004 1.570926E+074 2.150400E+004, Sat Aug 15 18:50:35 2015
1.55, 0.00, 2.00, 0.00 , 6.815496E-005, -6.808330E-005, 1.435302E-010, -1.937650E-011, 2.150400E+004 1.570926E+074 2.150400E+004, Sat Aug 15 18:50:39 2015
1.60, 0.00, 2.00, 0.00 , 6.851650E-005, -6.850240E-005, 1.420208E-010, -2.378390E-011, 2.150400E+004 1.570926E+074 2.150400E+004, Sat Aug 15 18:50:43 2015
1.65, 0.00, 2.00, 0.00 , 6.873030E-005, -6.877300E-005, 1.411406E-010, -3.231610E-011, 2.150400E+004 1.570926E+074 2.150400E+004, Sat Aug 15 18:50:46 2015
1.70, 0.00, 2.00, 0.00 , 6.936760E-005, -6.932120E-005, 1.423982E-010, -4.741110E-011, 2.150400E+004 1.570926E+074 2.150400E+004, Sat Aug 15 18:50:50 2015
1.75, 0.00, 2.00, 0.00 , 6.950963E-005, -6.952330E-005, 1.405954E-010, -7.426540E-011, 2.150400E+004 1.570926E+074 2.150400E+004, Sat Aug 15 18:50:53 2015
1.80, 0.00, 2.00, 0.00 , 7.004428E-005, -7.003740E-005, 1.420209E-010, -1.199330E-010, 2.150400E+004 1.570926E+074 2.150400E+004, Sat Aug 15 18:50:58 2015
1.85, 0.00, 2.00, 0.00 , 7.049220E-005, -7.041450E-005, 1.415178E-010, -1.956730E-010, 2.150400E+004 1.570926E+074 2.150400E+004, Sat Aug 15 18:51:01 2015
1.90, 0.00, 2.00, 0.00 , 7.095393E-005, -7.087440E-005, 1.408050E-010, -3.136270E-010, 2.150400E+004 1.570926E+074 2.150400E+004, Sat Aug 15 18:51:05 2015
1.95, 0.00, 2.00, 0.00 , 7.126157E-005, -7.135120E-005, 1.395473E-010, -5.036090E-010, 2.150400E+004 1.570926E+074 2.150400E+004, Sat Aug 15 18:51:08 2015
2.00, 0.00, 2.00, 0.00 , 7.165073E-005, -7.158840E-005, 1.405536E-010, -7.831590E-010, 2.150400E+004 1.570926E+074 2.150400E+004, Sat Aug 15 18:51:11 2015
