0.05, 0.00, 0.00, 0.00 , -5.060529E-011, -1.431720E-010, -5.439928E-011, 6.379250E-013, 2.150400E+004 1.570926E+074 2.150400E+004, Sat Aug 15 18:04:22 2015
0.05, 0.00, 0.02, 0.00 , -5.111169E-011, -1.461720E-010, -4.911625E-011, 6.146310E-013, 2.150400E+004 1.570926E+074 2.150400E+004, Sat Aug 15 18:04:29 2015
0.05, 0.00, 0.04, 0.00 , -5.246205E-011, -1.466540E-010, -4.748101E-011, 7.330420E-013, 2.150400E+004 1.570926E+074 2.150400E+004, Sat Aug 15 18:04:36 2015
0.05, 0.00, 0.06, 0.00 , -5.237765E-011, -1.468370E-010, -4.408478E-011, 6.700280E-013, 2.150400E+004 1.570926E+074 2.150400E+004, Sat Aug 15 18:04:41 2015
0.05, 0.00, 0.08, 0.00 , -5.229326E-011, -1.472110E-010, -4.022734E-011, 6.315230E-013, 2.150400E+004 1.570926E+074 2.150400E+004, Sat Aug 15 18:04:46 2015
0.05, 0.00, 0.10, 0.00 , -5.204007E-011, -1.489300E-010, -3.943068E-011, 7.713440E-013, 2.150400E+004 1.570926E+074 2.150400E+004, Sat Aug 15 18:04:51 2015
0.05, 0.00, 0.12, 0.00 , -5.191345E-011, -1.493120E-010, -3.720846E-011, 6.539230E-013, 2.150400E+004 1.570926E+074 2.150400E+004, Sat Aug 15 18:04:57 2015
0.05, 0.00, 0.14, 0.00 , -5.182908E-011, -1.508420E-010, -3.406379E-011, 7.854580E-013, 2.150400E+004 1.570926E+074 2.150400E+004, Sat Aug 15 18:05:01 2015
0.05, 0.00, 0.16, 0.00 , -5.170248E-011, -1.513020E-010, -3.368644E-011, 7.157330E-013, 2.150400E+004 1.570926E+074 2.150400E+004, Sat Aug 15 18:05:07 2015
0.05, 0.00, 0.18, 0.00 , -5.246205E-011, -1.523650E-010, -3.129648E-011, 6.601570E-013, 2.150400E+004 1.570926E+074 2.150400E+004, Sat Aug 15 18:05:12 2015
0.05, 0.00, 0.20, 0.00 , -5.077409E-011, -1.534170E-010, -3.062562E-011, 5.877020E-013, 2.150400E+004 1.570926E+074 2.150400E+004, Sat Aug 15 18:05:20 2015
0.05, 0.00, 0.22, 0.00 , -5.128050E-011, -1.543190E-010, -2.924197E-011, 6.413220E-013, 2.150400E+004 1.570926E+074 2.150400E+004, Sat Aug 15 18:05:27 2015
0.05, 0.00, 0.24, 0.00 , -5.220886E-011, -1.550410E-010, -2.525873E-011, 6.551270E-013, 2.150400E+004 1.570926E+074 2.150400E+004, Sat Aug 15 18:05:31 2015
0.05, 0.00, 0.26, 0.00 , -5.073190E-011, -1.563440E-010, -2.634888E-011, 5.143050E-013, 2.150400E+004 1.570926E+074 2.150400E+004, Sat Aug 15 18:05:41 2015
0.05, 0.00, 0.28, 0.00 , -5.043651E-011, -1.582590E-010, -2.244956E-011, 4.976030E-013, 2.150400E+004 1.570926E+074 2.150400E+004, Sat Aug 15 18:05:47 2015
0.05, 0.00, 0.30, 0.00 , -5.014110E-011, -1.593030E-010, -1.871826E-011, 4.529710E-013, 2.150400E+004 1.570926E+074 2.150400E+004, Sat Aug 15 18:05:51 2015
0.05, 0.00, 0.32, 0.00 , -5.068969E-011, -1.590840E-010, -1.678973E-011, 7.315280E-013, 2.150400E+004 1.570926E+074 2.150400E+004, Sat Aug 15 18:05:56 2015
0.05, 0.00, 0.34, 0.00 , -5.094284E-011, -1.605100E-010, -1.934713E-011, 6.808400E-013, 2.150400E+004 1.570926E+074 2.150400E+004, Sat Aug 15 18:06:06 2015
0.05, 0.00, 0.36, 0.00 , -5.052089E-011, -1.622450E-010, -1.662203E-011, 5.420330E-013, 2.150400E+004 1.570926E+074 2.150400E+004, Sat Aug 15 18:06:10 2015
0.05, 0.00, 0.38, 0.00 , -4.993013E-011, -1.632750E-010, -1.356153E-011, 6.097080E-013, 2.150400E+004 1.570926E+074 2.150400E+004, Sat Aug 15 18:06:14 2015
0.05, 0.00, 0.40, 0.00 , -5.001453E-011, -1.643200E-010, -1.217802E-011, 4.814620E-013, 2.150400E+004 1.570926E+074 2.150400E+004, Sat Aug 15 18:06:19 2015
0.05, 0.00, 0.42, 0.00 , -4.967693E-011, -1.632770E-010, -9.704465E-012, 4.194260E-013, 2.150400E+004 1.570926E+074 2.150400E+004, Sat Aug 15 18:06:23 2015
0.05, 0.00, 0.44, 0.00 , -4.883292E-011, -1.649940E-010, -8.027469E-012, 4.123690E-013, 2.150400E+004 1.570926E+074 2.150400E+004, Sat Aug 15 18:06:29 2015
0.05, 0.00, 0.46, 0.00 , -4.900173E-011, -1.686970E-010, -4.212339E-012, 2.338650E-013, 2.150400E+004 1.570926E+074 2.150400E+004, Sat Aug 15 18:06:33 2015
0.05, 0.00, 0.48, 0.00 , -4.938150E-011, -1.710210E-010, -4.380031E-012, 3.227230E-013, 2.150400E+004 1.570926E+074 2.150400E+004, Sat Aug 15 18:06:38 2015
0.05, 0.00, 0.50, 0.00 , -4.908611E-011, -1.719050E-010, -2.116108E-012, 2.383110E-013, 2.150400E+004 1.570926E+074 2.150400E+004, Sat Aug 15 18:06:43 2015
0.05, 0.00, 0.52, 0.00 , -4.807334E-011, -1.724050E-010, -6.487502E-013, 2.886410E-013, 2.150400E+004 1.570926E+074 2.150400E+004, Sat Aug 15 18:06:48 2015
0.05, 0.00, 0.54, 0.00 , -4.938152E-011, -1.742450E-010, -1.026075E-012, 3.723140E-013, 2.150400E+004 1.570926E+074 2.150400E+004, Sat Aug 15 18:06:53 2015
0.05, 0.00, 0.56, 0.00 , -4.748255E-011, -1.745240E-010, 1.447479E-012, 2.838020E-013, 2.150400E+004 1.570926E+074 2.150400E+004, Sat Aug 15 18:07:01 2015
0.05, 0.00, 0.58, 0.00 , -4.676517E-011, -1.765650E-010, 5.765706E-012, 2.608060E-013, 2.150400E+004 1.570926E+074 2.150400E+004, Sat Aug 15 18:07:06 2015
0.05, 0.00, 0.60, 0.00 , -4.444420E-011, -1.794940E-010, 5.430325E-012, 2.043250E-013, 2.150400E+004 1.570926E+074 2.150400E+004, Sat Aug 15 18:07:11 2015
0.05, 0.00, 0.62, 0.00 , -4.254522E-011, -1.838800E-010, 6.226911E-012, 1.801730E-013, 2.150400E+004 1.570926E+074 2.150400E+004, Sat Aug 15 18:07:16 2015
0.05, 0.00, 0.64, 0.00 , -3.929591E-011, -1.880230E-010, 9.077798E-012, 3.747940E-014, 2.150400E+004 1.570926E+074 2.150400E+004, Sat Aug 15 18:07:21 2015
0.05, 0.00, 0.66, 0.00 , -3.296602E-011, -1.963760E-010, 8.029657E-012, 2.340560E-013, 2.150400E+004 1.570926E+074 2.150400E+004, Sat Aug 15 18:07:28 2015
0.05, 0.00, 0.68, 0.00 , -2.477940E-011, -2.056730E-010, 1.113208E-011, 1.404290E-014, 2.150400E+004 1.570926E+074 2.150400E+004, Sat Aug 15 18:07:33 2015
0.05, 0.00, 0.70, 0.00 , -8.490522E-012, -2.217660E-010, 1.633075E-011, -1.130580E-013, 2.150400E+004 1.570926E+074 2.150400E+004, Sat Aug 15 18:07:37 2015
0.05, 0.00, 0.72, 0.00 , 1.581507E-011, -2.449880E-010, 1.507301E-011, -5.822180E-014, 2.150400E+004 1.570926E+074 2.150400E+004, Sat Aug 15 18:07:43 2015
0.05, 0.00, 0.74, 0.00 , 5.767319E-011, -2.892900E-010, 1.733695E-011, -2.890110E-013, 2.150400E+004 1.570926E+074 2.150400E+004, Sat Aug 15 18:07:48 2015
0.05, 0.00, 0.76, 0.00 , 1.246378E-010, -3.583490E-010, 2.006201E-011, 2.709390E-013, 2.150400E+004 1.570926E+074 2.150400E+004, Sat Aug 15 18:07:53 2015
0.05, 0.00, 0.78, 0.00 , 2.383974E-010, -4.717410E-010, 1.943317E-011, 5.786420E-014, 2.150400E+004 1.570926E+074 2.150400E+004, Sat Aug 15 18:07:59 2015
0.05, 0.00, 0.80, 0.00 , 4.285737E-010, -6.680160E-010, 2.165518E-011, 2.431630E-013, 2.150400E+004 1.570926E+074 2.150400E+004, Sat Aug 15 18:08:04 2015
0.05, 0.00, 0.82, 0.00 , 7.380368E-010, -9.740180E-010, 2.232598E-011, -8.653400E-014, 2.150400E+004 1.570926E+074 2.150400E+004, Sat Aug 15 18:08:11 2015
0.05, 0.00, 0.84, 0.00 , 1.254850E-009, -1.485310E-009, 2.391910E-011, -8.046630E-015, 2.150400E+004 1.570926E+074 2.150400E+004, Sat Aug 15 18:08:18 2015
0.05, 0.00, 0.86, 0.00 , 2.102181E-009, -2.337370E-009, 2.840508E-011, 9.155270E-015, 2.150400E+004 1.570926E+074 2.150400E+004, Sat Aug 15 18:08:22 2015
0.05, 0.00, 0.88, 0.00 , 3.455229E-009, -3.672440E-009, 3.104630E-011, -2.620580E-013, 2.150400E+004 1.570926E+074 2.150400E+004, Sat Aug 15 18:08:25 2015
0.05, 0.00, 0.90, 0.00 , 5.521129E-009, -5.817260E-009, 3.079472E-011, -3.401640E-013, 2.150400E+004 1.570926E+074 2.150400E+004, Sat Aug 15 18:08:29 2015
0.05, 0.00, 0.92, 0.00 , 8.743580E-009, -8.978710E-009, 3.465181E-011, 4.519220E-014, 2.150400E+004 1.570926E+074 2.150400E+004, Sat Aug 15 18:08:32 2015
0.05, 0.00, 0.94, 0.00 , 1.355941E-008, -1.389160E-008, 3.519682E-011, -2.694250E-013, 2.150400E+004 1.570926E+074 2.150400E+004, Sat Aug 15 18:08:36 2015
0.05, 0.00, 0.96, 0.00 , 2.065217E-008, -2.082860E-008, 3.855079E-011, -8.027550E-014, 2.150400E+004 1.570926E+074 2.150400E+004, Sat Aug 15 18:08:40 2015
0.05, 0.00, 0.98, 0.00 , 3.114411E-008, -3.143840E-008, 4.081473E-011, -8.621220E-014, 2.150400E+004 1.570926E+074 2.150400E+004, Sat Aug 15 18:08:43 2015
0.05, 0.00, 1.00, 0.00 , 4.498273E-008, -4.499860E-008, 4.316249E-011, 1.039500E-013, 2.150400E+004 1.570926E+074 2.150400E+004, Sat Aug 15 18:08:47 2015
0.05, 0.00, 1.02, 0.00 , 6.418854E-008, -6.454310E-008, 4.211440E-011, 1.082660E-013, 2.150400E+004 1.570926E+074 2.150400E+004, Sat Aug 15 18:08:52 2015
0.05, 0.00, 1.04, 0.00 , 8.750632E-008, -8.761960E-008, 4.458797E-011, 2.025600E-013, 2.150400E+004 1.570926E+074 2.150400E+004, Sat Aug 15 18:08:55 2015
0.05, 0.00, 1.06, 0.00 , 1.190958E-007, -1.194110E-007, 4.676802E-011, 1.279710E-013, 2.150400E+004 1.570926E+074 2.150400E+004, Sat Aug 15 18:08:59 2015
0.05, 0.00, 1.08, 0.00 , 1.580877E-007, -1.581260E-007, 4.760647E-011, 1.045230E-013, 2.150400E+004 1.570926E+074 2.150400E+004, Sat Aug 15 18:09:02 2015
0.05, 0.00, 1.10, 0.00 , 2.057321E-007, -2.056800E-007, 5.104433E-011, -1.101020E-013, 2.150400E+004 1.570926E+074 2.150400E+004, Sat Aug 15 18:09:06 2015
0.05, 0.00, 1.12, 0.00 , 2.646265E-007, -2.644840E-007, 5.372748E-011, -7.365940E-014, 2.150400E+004 1.570926E+074 2.150400E+004, Sat Aug 15 18:09:09 2015
0.05, 0.00, 1.14, 0.00 , 3.299497E-007, -3.312710E-007, 5.527873E-011, -7.023810E-014, 2.150400E+004 1.570926E+074 2.150400E+004, Sat Aug 15 18:09:13 2015
0.05, 0.00, 1.16, 0.00 , 4.080731E-007, -4.085890E-007, 5.519486E-011, -8.574720E-014, 2.150400E+004 1.570926E+074 2.150400E+004, Sat Aug 15 18:09:17 2015
0.05, 0.00, 1.18, 0.00 , 4.954738E-007, -4.960200E-007, 5.884231E-011, -1.165030E-013, 2.150400E+004 1.570926E+074 2.150400E+004, Sat Aug 15 18:09:20 2015
0.05, 0.00, 1.20, 0.00 , 5.899960E-007, -5.896820E-007, 5.913581E-011, -2.467630E-013, 2.150400E+004 1.570926E+074 2.150400E+004, Sat Aug 15 18:09:24 2015
0.05, 0.00, 1.22, 0.00 , 6.938614E-007, -6.928620E-007, 6.290899E-011, -2.387880E-013, 2.150400E+004 1.570926E+074 2.150400E+004, Sat Aug 15 18:09:27 2015
0.05, 0.00, 1.24, 0.00 , 8.050886E-007, -8.090740E-007, 6.622101E-011, -6.202460E-014, 2.150400E+004 1.570926E+074 2.150400E+004, Sat Aug 15 18:09:31 2015
0.05, 0.00, 1.26, 0.00 , 9.238285E-007, -9.221380E-007, 6.806572E-011, -5.692480E-013, 2.150400E+004 1.570926E+074 2.150400E+004, Sat Aug 15 18:09:34 2015
0.05, 0.00, 1.28, 0.00 , 1.056521E-006, -1.054690E-006, 6.949116E-011, -2.488260E-013, 2.150400E+004 1.570926E+074 2.150400E+004, Sat Aug 15 18:09:38 2015
0.05, 0.00, 1.30, 0.00 , 1.198361E-006, -1.198260E-006, 7.012009E-011, -1.437780E-013, 2.150400E+004 1.570926E+074 2.150400E+004, Sat Aug 15 18:09:42 2015
0.05, 0.00, 1.32, 0.00 , 1.340068E-006, -1.340620E-006, 7.368361E-011, -3.733160E-013, 2.150400E+004 1.570926E+074 2.150400E+004, Sat Aug 15 18:09:45 2015
0.05, 0.00, 1.34, 0.00 , 1.491078E-006, -1.490820E-006, 7.380938E-011, -3.195880E-013, 2.150400E+004 1.570926E+074 2.150400E+004, Sat Aug 15 18:09:49 2015
0.05, 0.00, 1.36, 0.00 , 1.639218E-006, -1.636500E-006, 7.749879E-011, -4.978180E-014, 2.150400E+004 1.570926E+074 2.150400E+004, Sat Aug 15 18:09:52 2015
0.05, 0.00, 1.38, 0.00 , 1.795161E-006, -1.793020E-006, 7.896609E-011, -4.766940E-013, 2.150400E+004 1.570926E+074 2.150400E+004, Sat Aug 15 18:09:56 2015
0.05, 0.00, 1.40, 0.00 , 1.946649E-006, -1.948320E-006, 7.963691E-011, 1.327990E-014, 2.150400E+004 1.570926E+074 2.150400E+004, Sat Aug 15 18:09:59 2015
0.05, 0.00, 1.42, 0.00 , 2.109280E-006, -2.109170E-006, 8.244585E-011, -2.124430E-013, 2.150400E+004 1.570926E+074 2.150400E+004, Sat Aug 15 18:10:03 2015
0.05, 0.00, 1.44, 0.00 , 2.275330E-006, -2.280090E-006, 8.315856E-011, -2.388120E-013, 2.150400E+004 1.570926E+074 2.150400E+004, Sat Aug 15 18:10:06 2015
0.05, 0.00, 1.46, 0.00 , 2.437946E-006, -2.439790E-006, 8.538054E-011, -3.247740E-013, 2.150400E+004 1.570926E+074 2.150400E+004, Sat Aug 15 18:10:10 2015
0.05, 0.00, 1.48, 0.00 , 2.603252E-006, -2.606830E-006, 8.735099E-011, -1.326080E-013, 2.150400E+004 1.570926E+074 2.150400E+004, Sat Aug 15 18:10:14 2015
0.05, 0.00, 1.50, 0.00 , 2.763076E-006, -2.764200E-006, 8.911188E-011, -2.076150E-013, 2.150400E+004 1.570926E+074 2.150400E+004, Sat Aug 15 18:10:17 2015
0.05, 0.00, 1.52, 0.00 , 2.924417E-006, -2.924880E-006, 9.108227E-011, -3.139620E-013, 2.150400E+004 1.570926E+074 2.150400E+004, Sat Aug 15 18:10:21 2015
0.05, 0.00, 1.54, 0.00 , 3.080339E-006, -3.076880E-006, 9.410092E-011, -3.119590E-013, 2.150400E+004 1.570926E+074 2.150400E+004, Sat Aug 15 18:10:24 2015
0.05, 0.00, 1.56, 0.00 , 3.244057E-006, -3.244370E-006, 9.535873E-011, -2.819300E-013, 2.150400E+004 1.570926E+074 2.150400E+004, Sat Aug 15 18:10:28 2015
0.05, 0.00, 1.58, 0.00 , 3.408595E-006, -3.410690E-006, 9.783219E-011, -3.650190E-013, 2.150400E+004 1.570926E+074 2.150400E+004, Sat Aug 15 18:10:31 2015
0.05, 0.00, 1.60, 0.00 , 3.570281E-006, -3.572570E-006, 1.012701E-010, -5.275610E-013, 2.150400E+004 1.570926E+074 2.150400E+004, Sat Aug 15 18:10:35 2015
0.05, 0.00, 1.62, 0.00 , 3.733634E-006, -3.738300E-006, 1.018150E-010, -2.929210E-013, 2.150400E+004 1.570926E+074 2.150400E+004, Sat Aug 15 18:10:38 2015
0.05, 0.00, 1.64, 0.00 , 3.896750E-006, -3.897830E-006, 1.042047E-010, -5.814670E-013, 2.150400E+004 1.570926E+074 2.150400E+004, Sat Aug 15 18:10:42 2015
0.05, 0.00, 1.66, 0.00 , 4.053228E-006, -4.049760E-006, 1.056302E-010, -4.311560E-013, 2.150400E+004 1.570926E+074 2.150400E+004, Sat Aug 15 18:10:46 2015
0.05, 0.00, 1.68, 0.00 , 4.206742E-006, -4.209590E-006, 1.078102E-010, -3.234030E-013, 2.150400E+004 1.570926E+074 2.150400E+004, Sat Aug 15 18:10:49 2015
0.05, 0.00, 1.70, 0.00 , 4.367510E-006, -4.367390E-006, 1.094453E-010, -3.523950E-013, 2.150400E+004 1.570926E+074 2.150400E+004, Sat Aug 15 18:10:53 2015
0.05, 0.00, 1.72, 0.00 , 4.501151E-006, -4.498730E-006, 1.112062E-010, -4.597540E-013, 2.150400E+004 1.570926E+074 2.150400E+004, Sat Aug 15 18:10:56 2015
0.05, 0.00, 1.74, 0.00 , 4.671713E-006, -4.664700E-006, 1.114577E-010, -6.707430E-013, 2.150400E+004 1.570926E+074 2.150400E+004, Sat Aug 15 18:11:00 2015
0.05, 0.00, 1.76, 0.00 , 4.808895E-006, -4.813290E-006, 1.134702E-010, -5.471110E-013, 2.150400E+004 1.570926E+074 2.150400E+004, Sat Aug 15 18:11:03 2015
0.05, 0.00, 1.78, 0.00 , 4.944946E-006, -4.946850E-006, 1.159855E-010, -4.701020E-013, 2.150400E+004 1.570926E+074 2.150400E+004, Sat Aug 15 18:11:07 2015
0.05, 0.00, 1.80, 0.00 , 5.092559E-006, -5.093800E-006, 1.186268E-010, -5.910750E-013, 2.150400E+004 1.570926E+074 2.150400E+004, Sat Aug 15 18:11:10 2015
0.05, 0.00, 1.82, 0.00 , 5.245404E-006, -5.240970E-006, 1.196750E-010, -3.994460E-013, 2.150400E+004 1.570926E+074 2.150400E+004, Sat Aug 15 18:11:14 2015
0.05, 0.00, 1.84, 0.00 , 5.369358E-006, -5.373560E-006, 1.213938E-010, -6.192450E-013, 2.150400E+004 1.570926E+074 2.150400E+004, Sat Aug 15 18:11:18 2015
0.05, 0.00, 1.86, 0.00 , 5.523483E-006, -5.520870E-006, 1.226515E-010, -5.374910E-013, 2.150400E+004 1.570926E+074 2.150400E+004, Sat Aug 15 18:11:21 2015
0.05, 0.00, 1.88, 0.00 , 5.648405E-006, -5.639190E-006, 1.258378E-010, -7.485030E-013, 2.150400E+004 1.570926E+074 2.150400E+004, Sat Aug 15 18:11:25 2015
0.05, 0.00, 1.90, 0.00 , 5.786113E-006, -5.785550E-006, 1.277245E-010, -7.219910E-013, 2.150400E+004 1.570926E+074 2.150400E+004, Sat Aug 15 18:11:28 2015
0.05, 0.00, 1.92, 0.00 , 5.917010E-006, -5.917100E-006, 1.283114E-010, -8.049010E-013, 2.150400E+004 1.570926E+074 2.150400E+004, Sat Aug 15 18:11:32 2015
0.05, 0.00, 1.94, 0.00 , 6.046459E-006, -6.059050E-006, 1.304914E-010, -7.312300E-013, 2.150400E+004 1.570926E+074 2.150400E+004, Sat Aug 15 18:11:35 2015
0.05, 0.00, 1.96, 0.00 , 6.165208E-006, -6.168820E-006, 1.300303E-010, -5.243900E-013, 2.150400E+004 1.570926E+074 2.150400E+004, Sat Aug 15 18:11:39 2015
0.05, 0.00, 1.98, 0.00 , 6.305886E-006, -6.312600E-006, 1.343066E-010, -5.504970E-013, 2.150400E+004 1.570926E+074 2.150400E+004, Sat Aug 15 18:11:42 2015
0.05, 0.00, 2.00, 0.00 , 6.425104E-006, -6.423020E-006, 1.328392E-010, -7.265930E-013, 2.150400E+004 1.570926E+074 2.150400E+004, Sat Aug 15 18:11:46 2015
