0.00, 0.00, 2.00, 0.00 , 1.296350E-008, -1.313380E-008, -2.802610E-011, -8.471850E-013, 2.150400E+004 1.570926E+074 2.150400E+004, Tue Aug 04 22:50:46 2015
0.05, 0.00, 2.00, 0.00 , 6.775769E-006, -6.783470E-006, -2.639086E-011, -1.375470E-012, 2.150400E+004 1.570926E+074 2.150400E+004, Tue Aug 04 22:50:50 2015
0.10, 0.00, 2.00, 0.00 , 1.316500E-005, -1.316420E-005, -2.655857E-011, -1.482120E-012, 2.150400E+004 1.570926E+074 2.150400E+004, Tue Aug 04 22:50:54 2015
0.15, 0.00, 2.00, 0.00 , 1.917594E-005, -1.915850E-005, -2.630699E-011, -1.493680E-012, 2.150400E+004 1.570926E+074 2.150400E+004, Tue Aug 04 22:50:57 2015
0.20, 0.00, 2.00, 0.00 , 2.482442E-005, -2.484950E-005, -2.639085E-011, -1.540480E-012, 2.150400E+004 1.570926E+074 2.150400E+004, Tue Aug 04 22:51:01 2015
0.25, 0.00, 2.00, 0.00 , 3.001310E-005, -2.997800E-005, -2.722944E-011, -1.557340E-012, 2.150400E+004 1.570926E+074 2.150400E+004, Tue Aug 04 22:51:04 2015
0.30, 0.00, 2.00, 0.00 , 3.492984E-005, -3.490470E-005, -2.857118E-011, -1.631650E-012, 2.150400E+004 1.570926E+074 2.150400E+004, Tue Aug 04 22:51:08 2015
0.35, 0.00, 2.00, 0.00 , 3.932700E-005, -3.933290E-005, -2.836154E-011, -1.246950E-012, 2.150400E+004 1.570926E+074 2.150400E+004, Tue Aug 04 22:51:11 2015
0.40, 0.00, 2.00, 0.00 , 4.332879E-005, -4.338340E-005, -2.563613E-011, -1.615110E-012, 2.150400E+004 1.570926E+074 2.150400E+004, Tue Aug 04 22:51:15 2015
0.45, 0.00, 2.00, 0.00 , 4.705106E-005, -4.708200E-005, -2.743909E-011, -1.652800E-012, 2.150400E+004 1.570926E+074 2.150400E+004, Tue Aug 04 22:51:19 2015
0.50, 0.00, 2.00, 0.00 , 5.017323E-005, -5.022100E-005, -2.668436E-011, -1.666140E-012, 2.150400E+004 1.570926E+074 2.150400E+004, Tue Aug 04 22:51:22 2015
0.55, 0.00, 2.00, 0.00 , 5.322580E-005, -5.318750E-005, -2.689401E-011, -1.708600E-012, 2.150400E+004 1.570926E+074 2.150400E+004, Tue Aug 04 22:51:26 2015
0.60, 0.00, 2.00, 0.00 , 5.549304E-005, -5.545530E-005, -2.714559E-011, -1.724080E-012, 2.150400E+004 1.570926E+074 2.150400E+004, Tue Aug 04 22:51:29 2015
0.65, 0.00, 2.00, 0.00 , 5.777444E-005, -5.774330E-005, -2.752295E-011, -1.741680E-012, 2.150400E+004 1.570926E+074 2.150400E+004, Tue Aug 04 22:51:33 2015
0.70, 0.00, 2.00, 0.00 , 5.975840E-005, -5.965440E-005, -2.743909E-011, -1.722630E-012, 2.150400E+004 1.570926E+074 2.150400E+004, Tue Aug 04 22:51:36 2015
0.75, 0.00, 2.00, 0.00 , 6.130680E-005, -6.138100E-005, -2.697787E-011, -8.892420E-013, 2.150400E+004 1.570926E+074 2.150400E+004, Tue Aug 04 22:51:40 2015
0.80, 0.00, 2.00, 0.00 , 6.276512E-005, -6.265750E-005, -2.848733E-011, -1.753150E-012, 2.150400E+004 1.570926E+074 2.150400E+004, Tue Aug 04 22:51:43 2015
0.85, 0.00, 2.00, 0.00 , 6.398216E-005, -6.398960E-005, -2.848733E-011, -1.825110E-012, 2.150400E+004 1.570926E+074 2.150400E+004, Tue Aug 04 22:51:47 2015
0.90, 0.00, 2.00, 0.00 , 6.511336E-005, -6.506670E-005, -2.790032E-011, -1.864560E-012, 2.150400E+004 1.570926E+074 2.150400E+004, Tue Aug 04 22:51:50 2015
0.95, 0.00, 2.00, 0.00 , 6.579591E-005, -6.571600E-005, -2.815189E-011, -1.876440E-012, 2.150400E+004 1.570926E+074 2.150400E+004, Tue Aug 04 22:51:54 2015
1.00, 0.00, 2.00, 0.00 , 6.663142E-005, -6.667300E-005, -2.735523E-011, -1.870260E-012, 2.150400E+004 1.570926E+074 2.150400E+004, Tue Aug 04 22:51:57 2015
1.05, 0.00, 2.00, 0.00 , 6.744378E-005, -6.752130E-005, -2.790031E-011, -1.883720E-012, 2.150400E+004 1.570926E+074 2.150400E+004, Tue Aug 04 22:52:01 2015
1.10, 0.00, 2.00, 0.00 , 6.815999E-005, -6.819580E-005, -2.756488E-011, -1.932160E-012, 2.150400E+004 1.570926E+074 2.150400E+004, Tue Aug 04 22:52:04 2015
1.15, 0.00, 2.00, 0.00 , 6.868487E-005, -6.862590E-005, -2.852926E-011, -1.962380E-012, 2.150400E+004 1.570926E+074 2.150400E+004, Tue Aug 04 22:52:08 2015
1.20, 0.00, 2.00, 0.00 , 6.946944E-005, -6.940180E-005, -2.924206E-011, -1.977600E-012, 2.150400E+004 1.570926E+074 2.150400E+004, Tue Aug 04 22:52:12 2015
1.25, 0.00, 2.00, 0.00 , 7.000699E-005, -6.998440E-005, -2.907434E-011, -2.034830E-012, 2.150400E+004 1.570926E+074 2.150400E+004, Tue Aug 04 22:52:15 2015
1.30, 0.00, 2.00, 0.00 , 7.028999E-005, -7.040750E-005, -2.743909E-011, -2.077200E-012, 2.150400E+004 1.570926E+074 2.150400E+004, Tue Aug 04 22:52:19 2015
1.35, 0.00, 2.00, 0.00 , 7.094258E-005, -7.085290E-005, -2.718752E-011, -2.284900E-012, 2.150400E+004 1.570926E+074 2.150400E+004, Tue Aug 04 22:52:22 2015
1.40, 0.00, 2.00, 0.00 , 7.122101E-005, -7.114420E-005, -2.513297E-011, -2.524400E-012, 2.150400E+004 1.570926E+074 2.150400E+004, Tue Aug 04 22:52:26 2015
1.45, 0.00, 2.00, 0.00 , 7.169583E-005, -7.157450E-005, -2.953556E-011, -3.106890E-012, 2.150400E+004 1.570926E+074 2.150400E+004, Tue Aug 04 22:52:29 2015
1.50, 0.00, 2.00, 0.00 , 7.213588E-005, -7.211390E-005, -2.953556E-011, -4.304420E-012, 2.150400E+004 1.570926E+074 2.150400E+004, Tue Aug 04 22:52:33 2015
1.55, 0.00, 2.00, 0.00 , 7.262086E-005, -7.260650E-005, -3.003871E-011, -6.700400E-012, 2.150400E+004 1.570926E+074 2.150400E+004, Tue Aug 04 22:52:36 2015
1.60, 0.00, 2.00, 0.00 , 7.305908E-005, -7.292030E-005, -2.966136E-011, -1.140410E-011, 2.150400E+004 1.570926E+074 2.150400E+004, Tue Aug 04 22:52:40 2015
1.65, 0.00, 2.00, 0.00 , 7.349175E-005, -7.345430E-005, -2.932592E-011, -2.057590E-011, 2.150400E+004 1.570926E+074 2.150400E+004, Tue Aug 04 22:52:44 2015
1.70, 0.00, 2.00, 0.00 , 7.403625E-005, -7.407340E-005, -2.987100E-011, -3.568140E-011, 2.150400E+004 1.570926E+074 2.150400E+004, Tue Aug 04 22:52:47 2015
1.75, 0.00, 2.00, 0.00 , 7.453245E-005, -7.463900E-005, -2.978714E-011, -3.546280E-011, 2.150400E+004 1.570926E+074 2.150400E+004, Tue Aug 04 22:52:51 2015
1.80, 0.00, 2.00, 0.00 , 7.509704E-005, -7.508990E-005, -2.987100E-011, -3.236160E-011, 2.150400E+004 1.570926E+074 2.150400E+004, Tue Aug 04 22:52:54 2015
1.85, 0.00, 2.00, 0.00 , 7.560604E-005, -7.557830E-005, -2.957749E-011, -3.054290E-011, 2.150400E+004 1.570926E+074 2.150400E+004, Tue Aug 04 22:52:58 2015
1.90, 0.00, 2.00, 0.00 , 7.611710E-005, -7.611540E-005, -2.978714E-011, -2.948210E-011, 2.150400E+004 1.570926E+074 2.150400E+004, Tue Aug 04 22:53:01 2015
1.95, 0.00, 2.00, 0.00 , 7.672935E-005, -7.666260E-005, -2.991293E-011, -2.892190E-011, 2.150400E+004 1.570926E+074 2.150400E+004, Tue Aug 04 22:53:05 2015
2.00, 0.00, 2.00, 0.00 , 7.684727E-005, -7.697340E-005, -2.999679E-011, -2.859440E-011, 2.150400E+004 1.570926E+074 2.150400E+004, Tue Aug 04 22:53:08 2015
