0.00, 0.00, 0.40, 0.00 , -7.031322E-011, -2.950380E-011, -1.322600E-011, 2.266820E-012, 2.150400E+004 1.570926E+074 2.150400E+004, Tue Aug 11 19:28:06 2015
0.05, 0.00, 0.40, 0.00 , -5.195630E-011, -4.366610E-011, -1.637039E-011, 2.045510E-012, 2.150400E+004 1.570926E+074 2.150400E+004, Tue Aug 11 19:28:17 2015
0.10, 0.00, 0.40, 0.00 , -4.187061E-011, -4.678060E-011, -1.771199E-011, 1.705240E-012, 2.150400E+004 1.570926E+074 2.150400E+004, Tue Aug 11 19:28:27 2015
0.15, 0.00, 0.40, 0.00 , -3.549844E-011, -4.707280E-011, -1.938901E-011, 1.542870E-012, 2.150400E+004 1.570926E+074 2.150400E+004, Tue Aug 11 19:28:35 2015
0.20, 0.00, 0.40, 0.00 , -2.954829E-011, -5.051480E-011, -1.997596E-011, 1.170480E-012, 2.150400E+004 1.570926E+074 2.150400E+004, Tue Aug 11 19:29:02 2015
0.25, 0.00, 0.40, 0.00 , -2.309176E-011, -5.305440E-011, -2.094024E-011, 8.590340E-013, 2.150400E+004 1.570926E+074 2.150400E+004, Tue Aug 11 19:29:13 2015
0.30, 0.00, 0.40, 0.00 , -1.861858E-011, -5.165290E-011, -2.073062E-011, -3.625150E-014, 2.150400E+004 1.570926E+074 2.150400E+004, Tue Aug 11 19:29:30 2015
0.35, 0.00, 0.40, 0.00 , -6.549460E-012, -5.373190E-011, -1.993404E-011, 2.473000E-013, 2.150400E+004 1.570926E+074 2.150400E+004, Tue Aug 11 19:29:33 2015
0.40, 0.00, 0.40, 0.00 , -8.509469E-015, -5.394160E-011, -2.010174E-011, 1.976490E-014, 2.150400E+004 1.570926E+074 2.150400E+004, Tue Aug 11 19:29:37 2015
0.45, 0.00, 0.40, 0.00 , 2.987582E-012, -5.373460E-011, -2.194645E-011, -1.262900E-013, 2.150400E+004 1.570926E+074 2.150400E+004, Tue Aug 11 19:29:41 2015
0.50, 0.00, 0.40, 0.00 , 9.781176E-012, -5.272670E-011, -2.123372E-011, -3.791690E-013, 2.150400E+004 1.570926E+074 2.150400E+004, Tue Aug 11 19:29:44 2015
0.55, 0.00, 0.40, 0.00 , 9.021646E-012, -5.064160E-011, -2.123372E-011, -4.565480E-013, 2.150400E+004 1.570926E+074 2.150400E+004, Tue Aug 11 19:29:49 2015
0.60, 0.00, 0.40, 0.00 , 9.907764E-012, -4.952810E-011, -2.265917E-011, -3.859400E-013, 2.150400E+004 1.570926E+074 2.150400E+004, Tue Aug 11 19:29:55 2015
0.65, 0.00, 0.40, 0.00 , 9.612391E-012, -5.372370E-011, -1.896975E-011, -6.701590E-013, 2.150400E+004 1.570926E+074 2.150400E+004, Tue Aug 11 19:30:04 2015
0.70, 0.00, 0.40, 0.00 , 8.810663E-012, -5.628170E-011, -2.186260E-011, -8.262040E-013, 2.150400E+004 1.570926E+074 2.150400E+004, Tue Aug 11 19:30:22 2015
0.75, 0.00, 0.40, 0.00 , 1.653257E-011, -5.542280E-011, -2.261725E-011, -9.937640E-013, 2.150400E+004 1.570926E+074 2.150400E+004, Tue Aug 11 19:30:37 2015
0.80, 0.00, 0.40, 0.00 , 2.535158E-011, -5.789660E-011, -2.047906E-011, -1.182910E-012, 2.150400E+004 1.570926E+074 2.150400E+004, Tue Aug 11 19:30:43 2015
0.85, 0.00, 0.40, 0.00 , 2.497182E-011, -6.043380E-011, -2.043714E-011, -1.257530E-012, 2.150400E+004 1.570926E+074 2.150400E+004, Tue Aug 11 19:31:00 2015
0.90, 0.00, 0.40, 0.00 , 3.193419E-011, -5.965350E-011, -2.026944E-011, -1.438500E-012, 2.150400E+004 1.570926E+074 2.150400E+004, Tue Aug 11 19:31:07 2015
0.95, 0.00, 0.40, 0.00 , 3.467695E-011, -5.812360E-011, -2.119179E-011, -1.482870E-012, 2.150400E+004 1.570926E+074 2.150400E+004, Tue Aug 11 19:31:23 2015
1.00, 0.00, 0.40, 0.00 , 4.201908E-011, -6.080050E-011, -2.043714E-011, -1.671950E-012, 2.150400E+004 1.570926E+074 2.150400E+004, Tue Aug 11 19:31:37 2015
1.05, 0.00, 0.40, 0.00 , 4.674506E-011, -6.526220E-011, -2.094024E-011, -1.880740E-012, 2.150400E+004 1.570926E+074 2.150400E+004, Tue Aug 11 19:31:45 2015
1.10, 0.00, 0.40, 0.00 , 5.505766E-011, -6.594020E-011, -2.026944E-011, -2.224430E-012, 2.150400E+004 1.570926E+074 2.150400E+004, Tue Aug 11 19:31:51 2015
1.15, 0.00, 0.40, 0.00 , 5.640800E-011, -7.013640E-011, -2.244955E-011, -2.353000E-012, 2.150400E+004 1.570926E+074 2.150400E+004, Tue Aug 11 19:32:03 2015
1.20, 0.00, 0.40, 0.00 , 5.657680E-011, -7.688530E-011, -2.026944E-011, -2.503790E-012, 2.150400E+004 1.570926E+074 2.150400E+004, Tue Aug 11 19:32:17 2015
1.25, 0.00, 0.40, 0.00 , 5.923512E-011, -7.960570E-011, -2.005981E-011, -2.637150E-012, 2.150400E+004 1.570926E+074 2.150400E+004, Tue Aug 11 19:32:27 2015
1.30, 0.00, 0.40, 0.00 , 6.045880E-011, -8.570260E-011, -2.077254E-011, -2.754070E-012, 2.150400E+004 1.570926E+074 2.150400E+004, Tue Aug 11 19:32:46 2015
1.35, 0.00, 0.40, 0.00 , 6.585991E-011, -8.726790E-011, -2.119179E-011, -3.087960E-012, 2.150400E+004 1.570926E+074 2.150400E+004, Tue Aug 11 19:32:54 2015
1.40, 0.00, 0.40, 0.00 , 6.965759E-011, -8.770310E-011, -2.144335E-011, -3.180830E-012, 2.150400E+004 1.570926E+074 2.150400E+004, Tue Aug 11 19:33:03 2015
1.45, 0.00, 0.40, 0.00 , 7.442575E-011, -9.070310E-011, -2.148527E-011, -3.532860E-012, 2.150400E+004 1.570926E+074 2.150400E+004, Tue Aug 11 19:33:10 2015
1.50, 0.00, 0.40, 0.00 , 7.767487E-011, -9.063710E-011, -2.089832E-011, -3.524010E-012, 2.150400E+004 1.570926E+074 2.150400E+004, Tue Aug 11 19:33:17 2015
1.55, 0.00, 0.40, 0.00 , 8.037535E-011, -9.145160E-011, -2.060484E-011, -3.882720E-012, 2.150400E+004 1.570926E+074 2.150400E+004, Tue Aug 11 19:33:25 2015
1.60, 0.00, 0.40, 0.00 , 8.775972E-011, -9.009710E-011, -2.295265E-011, -4.005960E-012, 2.150400E+004 1.570926E+074 2.150400E+004, Tue Aug 11 19:33:31 2015
1.65, 0.00, 0.40, 0.00 , 8.619848E-011, -9.121970E-011, -2.161104E-011, -4.261140E-012, 2.150400E+004 1.570926E+074 2.150400E+004, Tue Aug 11 19:33:41 2015
1.70, 0.00, 0.40, 0.00 , 9.147295E-011, -8.908160E-011, -2.165297E-011, -4.225350E-012, 2.150400E+004 1.570926E+074 2.150400E+004, Tue Aug 11 19:33:49 2015
1.75, 0.00, 0.40, 0.00 , 9.881512E-011, -8.732380E-011, -2.152719E-011, -4.428630E-012, 2.150400E+004 1.570926E+074 2.150400E+004, Tue Aug 11 19:33:55 2015
1.80, 0.00, 0.40, 0.00 , 9.467990E-011, -8.762850E-011, -2.177875E-011, -4.653620E-012, 2.150400E+004 1.570926E+074 2.150400E+004, Tue Aug 11 19:34:05 2015
1.85, 0.00, 0.40, 0.00 , 9.543942E-011, -8.741230E-011, -2.198837E-011, -4.787710E-012, 2.150400E+004 1.570926E+074 2.150400E+004, Tue Aug 11 19:34:16 2015
1.90, 0.00, 0.40, 0.00 , 9.531286E-011, -9.085100E-011, -2.018559E-011, -5.001470E-012, 2.150400E+004 1.570926E+074 2.150400E+004, Tue Aug 11 19:34:29 2015
1.95, 0.00, 0.40, 0.00 , 9.953245E-011, -9.111640E-011, -2.240762E-011, -5.227110E-012, 2.150400E+004 1.570926E+074 2.150400E+004, Tue Aug 11 19:34:36 2015
2.00, 0.00, 0.40, 0.00 , 9.953242E-011, -9.211490E-011, -2.056292E-011, -5.524180E-012, 2.150400E+004 1.570926E+074 2.150400E+004, Tue Aug 11 19:34:43 2015
