1.80, 0.00, 0.00, 0.00 , -2.216315E-011, -4.279230E-012, -3.582483E-011, -1.034380E-013, 2.150400E+004 1.570926E+074 2.150400E+004, Sun Jul 26 13:33:08 2015
1.80, 0.00, 0.02, 0.00 , -2.300715E-011, -4.246280E-012, -4.043701E-011, -1.033310E-013, 2.150400E+004 1.570926E+074 2.150400E+004, Sun Jul 26 13:33:16 2015
1.80, 0.00, 0.04, 0.00 , -2.368231E-011, -4.302350E-012, -4.035317E-011, -9.394880E-014, 2.150400E+004 1.570926E+074 2.150400E+004, Sun Jul 26 13:33:34 2015
1.80, 0.00, 0.06, 0.00 , -2.435748E-011, -4.323200E-012, -3.892757E-011, -1.034860E-013, 2.150400E+004 1.570926E+074 2.150400E+004, Sun Jul 26 13:33:39 2015
1.80, 0.00, 0.08, 0.00 , -2.406210E-011, -4.458690E-012, -3.867600E-011, -9.489060E-014, 2.150400E+004 1.570926E+074 2.150400E+004, Sun Jul 26 13:33:45 2015
1.80, 0.00, 0.10, 0.00 , -2.309153E-011, -4.527530E-012, -4.018544E-011, -8.672480E-014, 2.150400E+004 1.570926E+074 2.150400E+004, Sun Jul 26 13:33:56 2015
1.80, 0.00, 0.12, 0.00 , -2.385110E-011, -4.624180E-012, -4.039509E-011, -9.651180E-014, 2.150400E+004 1.570926E+074 2.150400E+004, Sun Jul 26 13:34:11 2015
1.80, 0.00, 0.14, 0.00 , -2.380889E-011, -4.790740E-012, -4.114981E-011, -1.077770E-013, 2.150400E+004 1.570926E+074 2.150400E+004, Sun Jul 26 13:34:23 2015
1.80, 0.00, 0.16, 0.00 , -2.338692E-011, -4.929590E-012, -3.838250E-011, -1.235370E-013, 2.150400E+004 1.570926E+074 2.150400E+004, Sun Jul 26 13:34:30 2015
1.80, 0.00, 0.18, 0.00 , -2.406212E-011, -5.074410E-012, -3.771164E-011, -9.956360E-014, 2.150400E+004 1.570926E+074 2.150400E+004, Sun Jul 26 13:34:34 2015
1.80, 0.00, 0.20, 0.00 , -2.296493E-011, -5.248210E-012, -3.628604E-011, -9.959940E-014, 2.150400E+004 1.570926E+074 2.150400E+004, Sun Jul 26 13:34:43 2015
1.80, 0.00, 0.22, 0.00 , -2.347132E-011, -5.406650E-012, -3.896950E-011, -1.196030E-013, 2.150400E+004 1.570926E+074 2.150400E+004, Sun Jul 26 13:34:47 2015
1.80, 0.00, 0.24, 0.00 , -2.368230E-011, -5.622840E-012, -3.838250E-011, -9.723900E-014, 2.150400E+004 1.570926E+074 2.150400E+004, Sun Jul 26 13:34:52 2015
1.80, 0.00, 0.26, 0.00 , -2.359790E-011, -5.947960E-012, -3.905336E-011, -1.014350E-013, 2.150400E+004 1.570926E+074 2.150400E+004, Sun Jul 26 13:35:06 2015
1.80, 0.00, 0.28, 0.00 , -2.359790E-011, -6.341770E-012, -3.779550E-011, -1.323700E-013, 2.150400E+004 1.570926E+074 2.150400E+004, Sun Jul 26 13:35:16 2015
1.80, 0.00, 0.30, 0.00 , -2.258510E-011, -6.681740E-012, -3.783742E-011, -1.044030E-013, 2.150400E+004 1.570926E+074 2.150400E+004, Sun Jul 26 13:35:23 2015
1.80, 0.00, 0.32, 0.00 , -2.364010E-011, -7.091180E-012, -3.792127E-011, -1.311420E-013, 2.150400E+004 1.570926E+074 2.150400E+004, Sun Jul 26 13:35:29 2015
1.80, 0.00, 0.34, 0.00 , -2.300713E-011, -7.321700E-012, -3.964036E-011, -1.154180E-013, 2.150400E+004 1.570926E+074 2.150400E+004, Sun Jul 26 13:35:34 2015
1.80, 0.00, 0.36, 0.00 , -2.300710E-011, -7.471550E-012, -3.817285E-011, -1.235010E-013, 2.150400E+004 1.570926E+074 2.150400E+004, Sun Jul 26 13:35:41 2015
1.80, 0.00, 0.38, 0.00 , -2.385111E-011, -7.692420E-012, -3.813092E-011, -9.894370E-014, 2.150400E+004 1.570926E+074 2.150400E+004, Sun Jul 26 13:35:47 2015
1.80, 0.00, 0.40, 0.00 , -2.271169E-011, -7.822610E-012, -3.683113E-011, -1.192570E-013, 2.150400E+004 1.570926E+074 2.150400E+004, Sun Jul 26 13:35:59 2015
1.80, 0.00, 0.42, 0.00 , -2.288051E-011, -8.035560E-012, -3.687305E-011, -1.043560E-013, 2.150400E+004 1.570926E+074 2.150400E+004, Sun Jul 26 13:36:07 2015
1.80, 0.00, 0.44, 0.00 , -2.212093E-011, -8.399890E-012, -3.578289E-011, -1.131060E-013, 2.150400E+004 1.570926E+074 2.150400E+004, Sun Jul 26 13:36:34 2015
1.80, 0.00, 0.46, 0.00 , -2.233192E-011, -8.889500E-012, -3.737620E-011, -1.114370E-013, 2.150400E+004 1.570926E+074 2.150400E+004, Sun Jul 26 13:36:40 2015
1.80, 0.00, 0.48, 0.00 , -2.245853E-011, -9.546260E-012, -3.649569E-011, -1.090410E-013, 2.150400E+004 1.570926E+074 2.150400E+004, Sun Jul 26 13:36:47 2015
1.80, 0.00, 0.50, 0.00 , -2.030636E-011, -1.067540E-011, -3.620219E-011, -1.260400E-013, 2.150400E+004 1.570926E+074 2.150400E+004, Sun Jul 26 13:36:56 2015
1.80, 0.00, 0.52, 0.00 , -1.870279E-011, -1.263340E-011, -3.636990E-011, -1.259090E-013, 2.150400E+004 1.570926E+074 2.150400E+004, Sun Jul 26 13:37:02 2015
1.80, 0.00, 0.54, 0.00 , -1.562224E-011, -1.617410E-011, -3.741813E-011, -7.957220E-014, 2.150400E+004 1.570926E+074 2.150400E+004, Sun Jul 26 13:37:07 2015
1.80, 0.00, 0.56, 0.00 , -9.081342E-012, -2.228940E-011, -3.532168E-011, -9.806160E-014, 2.150400E+004 1.570926E+074 2.150400E+004, Sun Jul 26 13:37:11 2015
1.80, 0.00, 0.58, 0.00 , 1.088690E-012, -3.335240E-011, -3.645377E-011, -9.369850E-014, 2.150400E+004 1.570926E+074 2.150400E+004, Sun Jul 26 13:37:14 2015
1.80, 0.00, 0.60, 0.00 , 2.113176E-011, -5.334160E-011, -3.595061E-011, -9.809730E-014, 2.150400E+004 1.570926E+074 2.150400E+004, Sun Jul 26 13:37:20 2015
1.80, 0.00, 0.62, 0.00 , 5.704047E-011, -9.002050E-011, -3.544747E-011, -9.421110E-014, 2.150400E+004 1.570926E+074 2.150400E+004, Sun Jul 26 13:37:25 2015
1.80, 0.00, 0.64, 0.00 , 1.240896E-010, -1.562940E-010, -3.611833E-011, -9.307860E-014, 2.150400E+004 1.570926E+074 2.150400E+004, Sun Jul 26 13:37:31 2015
1.80, 0.00, 0.66, 0.00 , 2.454025E-010, -2.795070E-010, -3.645376E-011, -7.867810E-014, 2.150400E+004 1.570926E+074 2.150400E+004, Sun Jul 26 13:37:36 2015
1.80, 0.00, 0.68, 0.00 , 4.718673E-010, -5.066910E-010, -3.574098E-011, -8.668900E-014, 2.150400E+004 1.570926E+074 2.150400E+004, Sun Jul 26 13:37:40 2015
1.80, 0.00, 0.70, 0.00 , 9.045438E-010, -9.391250E-010, -3.448310E-011, -1.283650E-013, 2.150400E+004 1.570926E+074 2.150400E+004, Sun Jul 26 13:37:44 2015
1.80, 0.00, 0.72, 0.00 , 1.731750E-009, -1.769080E-009, -3.486046E-011, -9.883640E-014, 2.150400E+004 1.570926E+074 2.150400E+004, Sun Jul 26 13:37:49 2015
1.80, 0.00, 0.74, 0.00 , 3.343508E-009, -3.365820E-009, -3.557325E-011, -1.042600E-013, 2.150400E+004 1.570926E+074 2.150400E+004, Sun Jul 26 13:37:53 2015
1.80, 0.00, 0.76, 0.00 , 6.400806E-009, -6.429670E-009, -3.481854E-011, -1.110320E-013, 2.150400E+004 1.570926E+074 2.150400E+004, Sun Jul 26 13:37:56 2015
1.80, 0.00, 0.78, 0.00 , 1.211270E-008, -1.217180E-008, -3.519589E-011, -7.884500E-014, 2.150400E+004 1.570926E+074 2.150400E+004, Sun Jul 26 13:38:00 2015
1.80, 0.00, 0.80, 0.00 , 2.210811E-008, -2.210570E-008, -3.486046E-011, -8.177760E-014, 2.150400E+004 1.570926E+074 2.150400E+004, Sun Jul 26 13:38:04 2015
1.80, 0.00, 0.82, 0.00 , 3.820079E-008, -3.829560E-008, -3.418960E-011, -9.598730E-014, 2.150400E+004 1.570926E+074 2.150400E+004, Sun Jul 26 13:38:07 2015
1.80, 0.00, 0.84, 0.00 , 6.263767E-008, -6.265020E-008, -3.339295E-011, -9.918210E-014, 2.150400E+004 1.570926E+074 2.150400E+004, Sun Jul 26 13:38:12 2015
1.80, 0.00, 0.86, 0.00 , 9.704640E-008, -9.711020E-008, -3.377031E-011, -1.132250E-013, 2.150400E+004 1.570926E+074 2.150400E+004, Sun Jul 26 13:38:15 2015
1.80, 0.00, 0.88, 0.00 , 1.431342E-007, -1.412360E-007, -3.452503E-011, -8.499620E-014, 2.150400E+004 1.570926E+074 2.150400E+004, Sun Jul 26 13:38:19 2015
1.80, 0.00, 0.90, 0.00 , 2.021111E-007, -2.004920E-007, -3.402189E-011, -9.073020E-014, 2.150400E+004 1.570926E+074 2.150400E+004, Sun Jul 26 13:38:23 2015
1.80, 0.00, 0.92, 0.00 , 2.755694E-007, -2.722310E-007, -3.439924E-011, -1.172070E-013, 2.150400E+004 1.570926E+074 2.150400E+004, Sun Jul 26 13:38:26 2015
1.80, 0.00, 0.94, 0.00 , 3.647537E-007, -3.649170E-007, -3.288980E-011, -9.406810E-014, 2.150400E+004 1.570926E+074 2.150400E+004, Sun Jul 26 13:38:30 2015
1.80, 0.00, 0.96, 0.00 , 4.693151E-007, -4.692110E-007, -3.339296E-011, -8.717780E-014, 2.150400E+004 1.570926E+074 2.150400E+004, Sun Jul 26 13:38:33 2015
1.80, 0.00, 0.98, 0.00 , 5.888417E-007, -5.891820E-007, -3.393803E-011, -8.642670E-014, 2.150400E+004 1.570926E+074 2.150400E+004, Sun Jul 26 13:38:37 2015
1.80, 0.00, 1.00, 0.00 , 7.250774E-007, -7.250090E-007, -3.314137E-011, -8.116960E-014, 2.150400E+004 1.570926E+074 2.150400E+004, Sun Jul 26 13:38:40 2015
1.80, 0.00, 1.02, 0.00 , 8.766696E-007, -8.772340E-007, -3.272209E-011, -9.256600E-014, 2.150400E+004 1.570926E+074 2.150400E+004, Sun Jul 26 13:38:44 2015
1.80, 0.00, 1.04, 0.00 , 1.046648E-006, -1.047350E-006, -3.301559E-011, -8.981230E-014, 2.150400E+004 1.570926E+074 2.150400E+004, Sun Jul 26 13:38:47 2015
1.80, 0.00, 1.06, 0.00 , 1.231354E-006, -1.231430E-006, -3.351874E-011, -8.664130E-014, 2.150400E+004 1.570926E+074 2.150400E+004, Sun Jul 26 13:38:51 2015
1.80, 0.00, 1.08, 0.00 , 1.432480E-006, -1.431430E-006, -3.234472E-011, -9.633300E-014, 2.150400E+004 1.570926E+074 2.150400E+004, Sun Jul 26 13:38:55 2015
1.80, 0.00, 1.10, 0.00 , 1.649319E-006, -1.647940E-006, -3.247051E-011, -1.025800E-013, 2.150400E+004 1.570926E+074 2.150400E+004, Sun Jul 26 13:38:58 2015
1.80, 0.00, 1.12, 0.00 , 1.881596E-006, -1.883260E-006, -3.226087E-011, -7.604360E-014, 2.150400E+004 1.570926E+074 2.150400E+004, Sun Jul 26 13:39:02 2015
1.80, 0.00, 1.14, 0.00 , 2.130163E-006, -2.130870E-006, -3.272209E-011, -8.215900E-014, 2.150400E+004 1.570926E+074 2.150400E+004, Sun Jul 26 13:39:05 2015
1.80, 0.00, 1.16, 0.00 , 2.392478E-006, -2.393110E-006, -3.226087E-011, -1.059290E-013, 2.150400E+004 1.570926E+074 2.150400E+004, Sun Jul 26 13:39:09 2015
1.80, 0.00, 1.18, 0.00 , 2.670594E-006, -2.670330E-006, -3.259630E-011, -7.072690E-014, 2.150400E+004 1.570926E+074 2.150400E+004, Sun Jul 26 13:39:12 2015
1.80, 0.00, 1.20, 0.00 , 2.962329E-006, -2.962820E-006, -3.184157E-011, -7.640120E-014, 2.150400E+004 1.570926E+074 2.150400E+004, Sun Jul 26 13:39:16 2015
1.80, 0.00, 1.22, 0.00 , 3.272394E-006, -3.272960E-006, -3.192544E-011, -1.026870E-013, 2.150400E+004 1.570926E+074 2.150400E+004, Sun Jul 26 13:39:20 2015
1.80, 0.00, 1.24, 0.00 , 3.597738E-006, -3.597210E-006, -3.138036E-011, -1.105670E-013, 2.150400E+004 1.570926E+074 2.150400E+004, Sun Jul 26 13:39:23 2015
1.80, 0.00, 1.26, 0.00 , 3.939185E-006, -3.939400E-006, -3.163193E-011, -9.609460E-014, 2.150400E+004 1.570926E+074 2.150400E+004, Sun Jul 26 13:39:27 2015
1.80, 0.00, 1.28, 0.00 , 4.302380E-006, -4.302400E-006, -3.154808E-011, -9.673830E-014, 2.150400E+004 1.570926E+074 2.150400E+004, Sun Jul 26 13:39:30 2015
1.80, 0.00, 1.30, 0.00 , 4.683501E-006, -4.683290E-006, -3.142229E-011, -1.000880E-013, 2.150400E+004 1.570926E+074 2.150400E+004, Sun Jul 26 13:39:34 2015
1.80, 0.00, 1.32, 0.00 , 5.082564E-006, -5.081410E-006, -3.117072E-011, -9.027720E-014, 2.150400E+004 1.570926E+074 2.150400E+004, Sun Jul 26 13:39:37 2015
1.80, 0.00, 1.34, 0.00 , 5.509682E-006, -5.511500E-006, -3.142229E-011, -8.841750E-014, 2.150400E+004 1.570926E+074 2.150400E+004, Sun Jul 26 13:39:41 2015
1.80, 0.00, 1.36, 0.00 , 5.956089E-006, -5.957630E-006, -3.125457E-011, -9.065870E-014, 2.150400E+004 1.570926E+074 2.150400E+004, Sun Jul 26 13:39:44 2015
1.80, 0.00, 1.38, 0.00 , 6.429267E-006, -6.429200E-006, -3.154807E-011, -9.671450E-014, 2.150400E+004 1.570926E+074 2.150400E+004, Sun Jul 26 13:39:48 2015
1.80, 0.00, 1.40, 0.00 , 6.930994E-006, -6.931280E-006, -3.100300E-011, -7.684230E-014, 2.150400E+004 1.570926E+074 2.150400E+004, Sun Jul 26 13:39:52 2015
1.80, 0.00, 1.42, 0.00 , 7.464776E-006, -7.464210E-006, -3.062564E-011, -1.062040E-013, 2.150400E+004 1.570926E+074 2.150400E+004, Sun Jul 26 13:39:55 2015
1.80, 0.00, 1.44, 0.00 , 8.028545E-006, -8.028040E-006, -2.961935E-011, -1.131300E-013, 2.150400E+004 1.570926E+074 2.150400E+004, Sun Jul 26 13:39:59 2015
1.80, 0.00, 1.46, 0.00 , 8.629559E-006, -8.628360E-006, -2.978706E-011, -1.151800E-013, 2.150400E+004 1.570926E+074 2.150400E+004, Sun Jul 26 13:40:02 2015
1.80, 0.00, 1.48, 0.00 , 9.263873E-006, -9.263580E-006, -2.886462E-011, -9.683370E-014, 2.150400E+004 1.570926E+074 2.150400E+004, Sun Jul 26 13:40:06 2015
1.80, 0.00, 1.50, 0.00 , 9.935306E-006, -9.935010E-006, -3.033213E-011, -9.431840E-014, 2.150400E+004 1.570926E+074 2.150400E+004, Sun Jul 26 13:40:09 2015
1.80, 0.00, 1.52, 0.00 , 1.064524E-005, -1.064010E-005, -2.894848E-011, -1.174570E-013, 2.150400E+004 1.570926E+074 2.150400E+004, Sun Jul 26 13:40:13 2015
1.80, 0.00, 1.54, 0.00 , 1.139097E-005, -1.139630E-005, -2.987092E-011, -8.286240E-014, 2.150400E+004 1.570926E+074 2.150400E+004, Sun Jul 26 13:40:17 2015
1.80, 0.00, 1.56, 0.00 , 1.217372E-005, -1.218050E-005, -2.903234E-011, -8.851290E-014, 2.150400E+004 1.570926E+074 2.150400E+004, Sun Jul 26 13:40:20 2015
1.80, 0.00, 1.58, 0.00 , 1.299055E-005, -1.299810E-005, -2.982899E-011, -1.041530E-013, 2.150400E+004 1.570926E+074 2.150400E+004, Sun Jul 26 13:40:24 2015
1.80, 0.00, 1.60, 0.00 , 1.384426E-005, -1.384890E-005, -2.815183E-011, -9.311440E-014, 2.150400E+004 1.570926E+074 2.150400E+004, Sun Jul 26 13:40:27 2015
1.80, 0.00, 1.62, 0.00 , 1.473060E-005, -1.473610E-005, -3.024828E-011, -8.959770E-014, 2.150400E+004 1.570926E+074 2.150400E+004, Sun Jul 26 13:40:31 2015
1.80, 0.00, 1.64, 0.00 , 1.564479E-005, -1.565210E-005, -2.911620E-011, -7.467270E-014, 2.150400E+004 1.570926E+074 2.150400E+004, Sun Jul 26 13:40:34 2015
1.80, 0.00, 1.66, 0.00 , 1.659031E-005, -1.659620E-005, -2.907426E-011, -9.434220E-014, 2.150400E+004 1.570926E+074 2.150400E+004, Sun Jul 26 13:40:38 2015
1.80, 0.00, 1.68, 0.00 , 1.756653E-005, -1.757260E-005, -2.949356E-011, -8.118150E-014, 2.150400E+004 1.570926E+074 2.150400E+004, Sun Jul 26 13:40:41 2015
1.80, 0.00, 1.70, 0.00 , 1.856755E-005, -1.857250E-005, -2.924198E-011, -9.171960E-014, 2.150400E+004 1.570926E+074 2.150400E+004, Sun Jul 26 13:40:45 2015
1.80, 0.00, 1.72, 0.00 , 1.960316E-005, -1.960780E-005, -2.840340E-011, -1.021500E-013, 2.150400E+004 1.570926E+074 2.150400E+004, Sun Jul 26 13:40:49 2015
1.80, 0.00, 1.74, 0.00 , 2.066939E-005, -2.067380E-005, -2.819376E-011, -9.505750E-014, 2.150400E+004 1.570926E+074 2.150400E+004, Sun Jul 26 13:40:52 2015
1.80, 0.00, 1.76, 0.00 , 2.176285E-005, -2.176820E-005, -2.836147E-011, -9.536740E-014, 2.150400E+004 1.570926E+074 2.150400E+004, Sun Jul 26 13:40:56 2015
1.80, 0.00, 1.78, 0.00 , 2.287796E-005, -2.288250E-005, -2.907427E-011, -8.215900E-014, 2.150400E+004 1.570926E+074 2.150400E+004, Sun Jul 26 13:40:59 2015
1.80, 0.00, 1.80, 0.00 , 2.403265E-005, -2.403730E-005, -2.899041E-011, -7.495880E-014, 2.150400E+004 1.570926E+074 2.150400E+004, Sun Jul 26 13:41:03 2015
1.80, 0.00, 1.82, 0.00 , 2.521494E-005, -2.521720E-005, -2.777447E-011, -1.047130E-013, 2.150400E+004 1.570926E+074 2.150400E+004, Sun Jul 26 13:41:06 2015
1.80, 0.00, 1.84, 0.00 , 2.642753E-005, -2.643140E-005, -2.836147E-011, -9.574890E-014, 2.150400E+004 1.570926E+074 2.150400E+004, Sun Jul 26 13:41:10 2015
1.80, 0.00, 1.86, 0.00 , 2.762336E-005, -2.762800E-005, -2.844534E-011, -9.247060E-014, 2.150400E+004 1.570926E+074 2.150400E+004, Sun Jul 26 13:41:13 2015
1.80, 0.00, 1.88, 0.00 , 2.893600E-005, -2.893830E-005, -2.689396E-011, -8.959770E-014, 2.150400E+004 1.570926E+074 2.150400E+004, Sun Jul 26 13:41:17 2015
1.80, 0.00, 1.90, 0.00 , 3.023416E-005, -3.023740E-005, -2.810990E-011, -1.054410E-013, 2.150400E+004 1.570926E+074 2.150400E+004, Sun Jul 26 13:41:21 2015
1.80, 0.00, 1.92, 0.00 , 3.156408E-005, -3.156750E-005, -2.727132E-011, -8.839370E-014, 2.150400E+004 1.570926E+074 2.150400E+004, Sun Jul 26 13:41:24 2015
1.80, 0.00, 1.94, 0.00 , 3.292227E-005, -3.292460E-005, -2.672625E-011, -1.006360E-013, 2.150400E+004 1.570926E+074 2.150400E+004, Sun Jul 26 13:41:28 2015
1.80, 0.00, 1.96, 0.00 , 3.431045E-005, -3.431210E-005, -2.743904E-011, -1.046660E-013, 2.150400E+004 1.570926E+074 2.150400E+004, Sun Jul 26 13:41:31 2015
1.80, 0.00, 1.98, 0.00 , 3.572811E-005, -3.573090E-005, -2.760676E-011, -8.616450E-014, 2.150400E+004 1.570926E+074 2.150400E+004, Sun Jul 26 13:41:35 2015
1.80, 0.00, 2.00, 0.00 , 3.717433E-005, -3.717610E-005, -2.773254E-011, -9.957550E-014, 2.150400E+004 1.570926E+074 2.150400E+004, Sun Jul 26 13:41:38 2015
