1.80, 1.80, 0.20, 1.80 , 9.066787E-008, -1.215180E-007, -6.840387E-011, 5.231620E-011, 2.150400E+004 1.570926E+074 2.150400E+004, Mon Aug 31 00:35:05 2015
1.75, 1.80, 0.20, 1.80 , -2.296034E-005, 2.293750E-005, -4.043711E-011, 6.176710E-011, 2.150400E+004 1.570926E+074 2.150400E+004, Mon Aug 31 00:35:08 2015
1.70, 1.80, 0.20, 1.80 , -4.515655E-005, 4.515070E-005, -3.725052E-011, 6.266440E-011, 2.150400E+004 1.570926E+074 2.150400E+004, Mon Aug 31 00:35:12 2015
1.65, 1.80, 0.20, 1.80 , -6.634990E-005, 6.632020E-005, -4.559441E-011, 6.373150E-011, 2.150400E+004 1.570926E+074 2.150400E+004, Mon Aug 31 00:35:16 2015
1.60, 1.80, 0.20, 1.80 , -8.659967E-005, 8.657210E-005, -3.800522E-011, 6.474840E-011, 2.150400E+004 1.570926E+074 2.150400E+004, Mon Aug 31 00:35:19 2015
1.55, 1.80, 0.20, 1.80 , -1.058518E-004, 1.058330E-004, -3.771173E-011, 6.549260E-011, 2.150400E+004 1.570926E+074 2.150400E+004, Mon Aug 31 00:35:23 2015
1.50, 1.80, 0.20, 1.80 , -1.240439E-004, 1.240200E-004, -3.913730E-011, 6.542750E-011, 2.150400E+004 1.570926E+074 2.150400E+004, Mon Aug 31 00:35:26 2015
1.45, 1.80, 0.20, 1.80 , -1.411806E-004, 1.411600E-004, -3.045796E-011, 6.634550E-011, 2.150400E+004 1.570926E+074 2.150400E+004, Mon Aug 31 00:35:30 2015
1.40, 1.80, 0.20, 1.80 , -1.570484E-004, 1.570090E-004, -2.731328E-011, 6.931490E-011, 2.150400E+004 1.570926E+074 2.150400E+004, Mon Aug 31 00:35:33 2015
1.35, 1.80, 0.20, 1.80 , -1.717828E-004, 1.718280E-004, -3.959852E-011, 6.869370E-011, 2.150400E+004 1.570926E+074 2.150400E+004, Mon Aug 31 00:35:37 2015
1.30, 1.80, 0.20, 1.80 , -1.852700E-004, 1.852780E-004, -3.708278E-011, 6.973180E-011, 2.150400E+004 1.570926E+074 2.150400E+004, Mon Aug 31 00:35:40 2015
1.25, 1.80, 0.20, 1.80 , -1.976304E-004, 1.976440E-004, -3.138039E-011, 7.082220E-011, 2.150400E+004 1.570926E+074 2.150400E+004, Mon Aug 31 00:35:44 2015
1.20, 1.80, 0.20, 1.80 , -2.087699E-004, 2.088680E-004, -1.235498E-012, 7.111010E-011, 2.150400E+004 1.570926E+074 2.150400E+004, Mon Aug 31 00:35:48 2015
1.15, 1.80, 0.20, 1.80 , -2.190007E-004, 2.189750E-004, -4.337215E-011, 7.033270E-011, 2.150400E+004 1.570926E+074 2.150400E+004, Mon Aug 31 00:35:51 2015
1.10, 1.80, 0.20, 1.80 , -2.277130E-004, 2.277520E-004, -1.850860E-011, 7.181820E-011, 2.150400E+004 1.570926E+074 2.150400E+004, Mon Aug 31 00:35:55 2015
1.05, 1.80, 0.20, 1.80 , -2.354193E-004, 2.354850E-004, -3.519596E-011, 7.203560E-011, 2.150400E+004 1.570926E+074 2.150400E+004, Mon Aug 31 00:35:58 2015
1.00, 1.80, 0.20, 1.80 , -2.423918E-004, 2.425300E-004, -3.444122E-011, 7.309430E-011, 2.150400E+004 1.570926E+074 2.150400E+004, Mon Aug 31 00:36:02 2015
0.95, 1.80, 0.20, 1.80 , -2.487834E-004, 2.487510E-004, -3.335108E-011, 7.313830E-011, 2.150400E+004 1.570926E+074 2.150400E+004, Mon Aug 31 00:36:05 2015
0.90, 1.80, 0.20, 1.80 , -2.542570E-004, 2.540980E-004, -3.104497E-011, 7.505860E-011, 2.150400E+004 1.570926E+074 2.150400E+004, Mon Aug 31 00:36:09 2015
0.85, 1.80, 0.20, 1.80 , -2.589497E-004, 2.588310E-004, -4.471390E-011, 7.611270E-011, 2.150400E+004 1.570926E+074 2.150400E+004, Mon Aug 31 00:36:12 2015
0.80, 1.80, 0.20, 1.80 , -2.630418E-004, 2.630370E-004, -3.653769E-011, 7.688870E-011, 2.150400E+004 1.570926E+074 2.150400E+004, Mon Aug 31 00:36:16 2015
0.75, 1.80, 0.20, 1.80 , -2.666964E-004, 2.666490E-004, -3.339300E-011, 7.685200E-011, 2.150400E+004 1.570926E+074 2.150400E+004, Mon Aug 31 00:36:19 2015
0.70, 1.80, 0.20, 1.80 , -2.697279E-004, 2.696870E-004, -2.454595E-011, 7.731510E-011, 2.150400E+004 1.570926E+074 2.150400E+004, Mon Aug 31 00:36:23 2015
0.65, 1.80, 0.20, 1.80 , -2.725829E-004, 2.726750E-004, -3.523788E-011, 7.773470E-011, 2.150400E+004 1.570926E+074 2.150400E+004, Mon Aug 31 00:36:27 2015
0.60, 1.80, 0.20, 1.80 , -2.754679E-004, 2.755160E-004, -3.184162E-011, 7.793760E-011, 2.150400E+004 1.570926E+074 2.150400E+004, Mon Aug 31 00:36:30 2015
0.55, 1.80, 0.20, 1.80 , -2.780813E-004, 2.779590E-004, -2.869694E-011, 7.923300E-011, 2.150400E+004 1.570926E+074 2.150400E+004, Mon Aug 31 00:36:34 2015
0.50, 1.80, 0.20, 1.80 , -2.804491E-004, 2.803780E-004, -3.729243E-011, 7.977520E-011, 2.150400E+004 1.570926E+074 2.150400E+004, Mon Aug 31 00:36:37 2015
0.45, 1.80, 0.20, 1.80 , -2.830272E-004, 2.827300E-004, -4.630717E-011, 7.958000E-011, 2.150400E+004 1.570926E+074 2.150400E+004, Mon Aug 31 00:36:41 2015
0.40, 1.80, 0.20, 1.80 , -2.849080E-004, 2.848530E-004, -2.404280E-011, 7.990090E-011, 2.150400E+004 1.570926E+074 2.150400E+004, Mon Aug 31 00:36:44 2015
0.35, 1.80, 0.20, 1.80 , -2.865963E-004, 2.867520E-004, -5.641211E-011, 8.063270E-011, 2.150400E+004 1.570926E+074 2.150400E+004, Mon Aug 31 00:36:48 2015
0.30, 1.80, 0.20, 1.80 , -2.891001E-004, 2.886430E-004, -2.731327E-011, 8.025340E-011, 2.150400E+004 1.570926E+074 2.150400E+004, Mon Aug 31 00:36:51 2015
0.25, 1.80, 0.20, 1.80 , -2.905003E-004, 2.905480E-004, -2.215608E-011, 8.349990E-011, 2.150400E+004 1.570926E+074 2.150400E+004, Mon Aug 31 00:36:55 2015
0.20, 1.80, 0.20, 1.80 , -2.925592E-004, 2.921590E-004, -2.400087E-011, 8.135880E-011, 2.150400E+004 1.570926E+074 2.150400E+004, Mon Aug 31 00:36:59 2015
0.15, 1.80, 0.20, 1.80 , -2.945202E-004, 2.946110E-004, -1.294948E-010, 8.363140E-011, 2.150400E+004 1.570926E+074 2.150400E+004, Mon Aug 31 00:37:02 2015
0.10, 1.80, 0.20, 1.80 , -2.958770E-004, 2.960690E-004, -3.305757E-011, 8.364180E-011, 2.150400E+004 1.570926E+074 2.150400E+004, Mon Aug 31 00:37:06 2015
0.05, 1.80, 0.20, 1.80 , -2.964921E-004, 2.968570E-004, -1.959865E-011, 8.362850E-011, 2.150400E+004 1.570926E+074 2.150400E+004, Mon Aug 31 00:37:09 2015
0.00, 1.80, 0.20, 1.80 , -2.983635E-004, 2.982310E-004, -2.626504E-011, 8.538340E-011, 2.150400E+004 1.570926E+074 2.150400E+004, Mon Aug 31 00:37:13 2015
-0.05, 1.80, 0.20, 1.80 , -2.997113E-004, 2.998530E-004, -2.823572E-011, 8.511470E-011, 2.150400E+004 1.570926E+074 2.150400E+004, Mon Aug 31 00:37:16 2015
-0.10, 1.80, 0.20, 1.80 , -3.010945E-004, 3.009240E-004, -4.798435E-011, 8.473080E-011, 2.150400E+004 1.570926E+074 2.150400E+004, Mon Aug 31 00:37:20 2015
-0.15, 1.80, 0.20, 1.80 , -3.022545E-004, 3.023610E-004, -6.643821E-012, 8.341520E-011, 2.150400E+004 1.570926E+074 2.150400E+004, Mon Aug 31 00:37:23 2015
-0.20, 1.80, 0.20, 1.80 , -3.037797E-004, 3.037420E-004, -3.008060E-011, 8.680850E-011, 2.150400E+004 1.570926E+074 2.150400E+004, Mon Aug 31 00:37:27 2015
