1.80, 1.80, 1.40, 1.80 , 7.797998E-012, 1.916820E-011, -1.796352E-011, 1.598980E-011, 2.150400E+004 1.570926E+074 2.150400E+004, Wed Sep 02 20:29:24 2015
1.75, 1.80, 1.40, 1.80 , -5.367932E-012, 1.911360E-011, -2.442018E-011, 1.641980E-011, 2.150400E+004 1.570926E+074 2.150400E+004, Wed Sep 02 20:29:28 2015
1.70, 1.80, 1.40, 1.80 , -5.494528E-012, 1.929930E-011, -2.169489E-011, 1.673280E-011, 2.150400E+004 1.570926E+074 2.150400E+004, Wed Sep 02 20:29:31 2015
1.65, 1.80, 1.40, 1.80 , -9.883332E-012, 1.932830E-011, -1.989209E-011, 1.693690E-011, 2.150400E+004 1.570926E+074 2.150400E+004, Wed Sep 02 20:29:36 2015
1.60, 1.80, 1.40, 1.80 , -1.667753E-011, 1.923370E-011, -1.985017E-011, 1.683140E-011, 2.150400E+004 1.570926E+074 2.150400E+004, Wed Sep 02 20:29:45 2015
1.55, 1.80, 1.40, 1.80 , -1.498953E-011, 1.939580E-011, -2.098216E-011, 1.712110E-011, 2.150400E+004 1.570926E+074 2.150400E+004, Wed Sep 02 20:30:12 2015
1.50, 1.80, 1.40, 1.80 , -1.832333E-011, 1.927800E-011, -2.144334E-011, 1.705060E-011, 2.150400E+004 1.570926E+074 2.150400E+004, Wed Sep 02 20:30:54 2015
1.45, 1.80, 1.40, 1.80 , -1.642434E-011, 1.931850E-011, -2.144333E-011, 1.701160E-011, 2.150400E+004 1.570926E+074 2.150400E+004, Wed Sep 02 20:31:23 2015
1.40, 1.80, 1.40, 1.80 , -9.208125E-012, 1.940670E-011, -1.884396E-011, 1.701400E-011, 2.150400E+004 1.570926E+074 2.150400E+004, Wed Sep 02 20:31:48 2015
1.35, 1.80, 1.40, 1.80 , -1.942052E-011, 1.915750E-011, -1.821507E-011, 1.668270E-011, 2.150400E+004 1.570926E+074 2.150400E+004, Wed Sep 02 20:32:14 2015
1.30, 1.80, 1.40, 1.80 , -1.942053E-011, 1.919860E-011, -1.951477E-011, 1.692310E-011, 2.150400E+004 1.570926E+074 2.150400E+004, Wed Sep 02 20:32:30 2015
1.25, 1.80, 1.40, 1.80 , -2.102413E-011, 1.919910E-011, -1.930514E-011, 1.679770E-011, 2.150400E+004 1.570926E+074 2.150400E+004, Wed Sep 02 20:32:43 2015
1.20, 1.80, 1.40, 1.80 , -2.157273E-011, 1.904520E-011, -2.094023E-011, 1.698160E-011, 2.150400E+004 1.570926E+074 2.150400E+004, Wed Sep 02 20:33:36 2015
1.15, 1.80, 1.40, 1.80 , -2.326071E-011, 1.895710E-011, -2.207222E-011, 1.699480E-011, 2.150400E+004 1.570926E+074 2.150400E+004, Wed Sep 02 20:33:56 2015
1.10, 1.80, 1.40, 1.80 , -2.186814E-011, 1.905880E-011, -2.014365E-011, 1.713100E-011, 2.150400E+004 1.570926E+074 2.150400E+004, Wed Sep 02 20:34:21 2015
1.05, 1.80, 1.40, 1.80 , -2.199473E-011, 1.908780E-011, -2.039520E-011, 1.729610E-011, 2.150400E+004 1.570926E+074 2.150400E+004, Wed Sep 02 20:35:04 2015
1.00, 1.80, 1.40, 1.80 , -2.313412E-011, 1.920430E-011, -1.909551E-011, 1.762470E-011, 2.150400E+004 1.570926E+074 2.150400E+004, Wed Sep 02 20:36:03 2015
0.95, 1.80, 1.40, 1.80 , -2.262772E-011, 1.908970E-011, -1.989209E-011, 1.770470E-011, 2.150400E+004 1.570926E+074 2.150400E+004, Wed Sep 02 20:36:10 2015
0.90, 1.80, 1.40, 1.80 , -2.423131E-011, 1.917580E-011, -2.081445E-011, 1.782480E-011, 2.150400E+004 1.570926E+074 2.150400E+004, Wed Sep 02 20:36:18 2015
0.85, 1.80, 1.40, 1.80 , -2.330291E-011, 1.924680E-011, -2.173681E-011, 1.777090E-011, 2.150400E+004 1.570926E+074 2.150400E+004, Wed Sep 02 20:36:33 2015
0.80, 1.80, 1.40, 1.80 , -2.566612E-011, 1.927420E-011, -1.850855E-011, 1.775170E-011, 2.150400E+004 1.570926E+074 2.150400E+004, Wed Sep 02 20:36:38 2015
0.75, 1.80, 1.40, 1.80 , -2.583495E-011, 1.932100E-011, -2.098216E-011, 1.787320E-011, 2.150400E+004 1.570926E+074 2.150400E+004, Wed Sep 02 20:36:51 2015
0.70, 1.80, 1.40, 1.80 , -2.625694E-011, 1.941960E-011, -1.884396E-011, 1.791020E-011, 2.150400E+004 1.570926E+074 2.150400E+004, Wed Sep 02 20:37:05 2015
0.65, 1.80, 1.40, 1.80 , -2.802933E-011, 1.953860E-011, -1.733464E-011, 1.806330E-011, 2.150400E+004 1.570926E+074 2.150400E+004, Wed Sep 02 20:37:18 2015
0.60, 1.80, 1.40, 1.80 , -2.663673E-011, 1.956710E-011, -1.821508E-011, 1.820050E-011, 2.150400E+004 1.570926E+074 2.150400E+004, Wed Sep 02 20:37:28 2015
0.55, 1.80, 1.40, 1.80 , -2.840914E-011, 1.951080E-011, -1.800545E-011, 1.816870E-011, 2.150400E+004 1.570926E+074 2.150400E+004, Wed Sep 02 20:37:36 2015
0.50, 1.80, 1.40, 1.80 , -2.866233E-011, 1.968200E-011, -1.985017E-011, 1.834760E-011, 2.150400E+004 1.570926E+074 2.150400E+004, Wed Sep 02 20:37:49 2015
0.45, 1.80, 1.40, 1.80 , -2.937973E-011, 1.971450E-011, -1.569955E-011, 1.841560E-011, 2.150400E+004 1.570926E+074 2.150400E+004, Wed Sep 02 20:38:31 2015
0.40, 1.80, 1.40, 1.80 , -2.946414E-011, 1.977020E-011, -1.691539E-011, 1.844280E-011, 2.150400E+004 1.570926E+074 2.150400E+004, Wed Sep 02 20:38:43 2015
0.35, 1.80, 1.40, 1.80 , -2.959074E-011, 1.971710E-011, -1.716694E-011, 1.858630E-011, 2.150400E+004 1.570926E+074 2.150400E+004, Wed Sep 02 20:38:53 2015
0.30, 1.80, 1.40, 1.80 , -3.119436E-011, 1.993060E-011, -1.565762E-011, 1.867050E-011, 2.150400E+004 1.570926E+074 2.150400E+004, Wed Sep 02 20:39:00 2015
0.25, 1.80, 1.40, 1.80 , -3.376855E-011, 1.987820E-011, -1.553184E-011, 1.886930E-011, 2.150400E+004 1.570926E+074 2.150400E+004, Wed Sep 02 20:39:08 2015
0.20, 1.80, 1.40, 1.80 , -3.419054E-011, 2.014050E-011, -1.595110E-011, 1.900300E-011, 2.150400E+004 1.570926E+074 2.150400E+004, Wed Sep 02 20:39:32 2015
0.15, 1.80, 1.40, 1.80 , -3.153195E-011, 1.999210E-011, -1.729272E-011, 1.897640E-011, 2.150400E+004 1.570926E+074 2.150400E+004, Wed Sep 02 20:39:41 2015
0.10, 1.80, 1.40, 1.80 , -3.406395E-011, 2.009680E-011, -1.586725E-011, 1.901180E-011, 2.150400E+004 1.570926E+074 2.150400E+004, Wed Sep 02 20:39:50 2015
0.05, 1.80, 1.40, 1.80 , -3.389515E-011, 2.017790E-011, -1.750235E-011, 1.932860E-011, 2.150400E+004 1.570926E+074 2.150400E+004, Wed Sep 02 20:39:57 2015
0.00, 1.80, 1.40, 1.80 , -3.566756E-011, 2.024280E-011, -1.708309E-011, 1.956580E-011, 2.150400E+004 1.570926E+074 2.150400E+004, Wed Sep 02 20:40:11 2015
-0.05, 1.80, 1.40, 1.80 , -3.570975E-011, 2.037600E-011, -1.922129E-011, 1.956670E-011, 2.150400E+004 1.570926E+074 2.150400E+004, Wed Sep 02 20:40:22 2015
-0.10, 1.80, 1.40, 1.80 , -3.195395E-011, 2.022270E-011, -1.666384E-011, 1.957180E-011, 2.150400E+004 1.570926E+074 2.150400E+004, Wed Sep 02 20:40:30 2015
-0.15, 1.80, 1.40, 1.80 , -3.765092E-011, 2.039540E-011, -1.439986E-011, 1.970610E-011, 2.150400E+004 1.570926E+074 2.150400E+004, Wed Sep 02 20:40:39 2015
-0.20, 1.80, 1.40, 1.80 , -3.608955E-011, 2.056550E-011, -1.565762E-011, 1.988640E-011, 2.150400E+004 1.570926E+074 2.150400E+004, Wed Sep 02 20:41:58 2015
