1.80, 1.80, -0.20, 1.80 , 4.576982E-010, -2.720680E-010, -4.261765E-011, 1.767140E-011, 2.150400E+004 1.570926E+074 2.150400E+004, Wed Sep 02 20:52:47 2015
1.75, 1.80, -0.20, 1.80 , -2.643818E-006, 2.654300E-006, -4.676871E-011, 1.788330E-011, 2.150400E+004 1.570926E+074 2.150400E+004, Wed Sep 02 20:52:52 2015
1.70, 1.80, -0.20, 1.80 , -1.047385E-005, 1.048720E-005, -4.706222E-011, 1.804450E-011, 2.150400E+004 1.570926E+074 2.150400E+004, Wed Sep 02 20:52:55 2015
1.65, 1.80, -0.20, 1.80 , -2.304248E-005, 2.306430E-005, -4.404326E-011, 1.819640E-011, 2.150400E+004 1.570926E+074 2.150400E+004, Wed Sep 02 20:52:59 2015
1.60, 1.80, -0.20, 1.80 , -4.277572E-005, 4.281810E-005, -4.664292E-011, 1.819030E-011, 2.150400E+004 1.570926E+074 2.150400E+004, Wed Sep 02 20:53:03 2015
1.55, 1.80, -0.20, 1.80 , -6.938175E-005, 6.940760E-005, -4.429485E-011, 1.823160E-011, 2.150400E+004 1.570926E+074 2.150400E+004, Wed Sep 02 20:53:06 2015
1.50, 1.80, -0.20, 1.80 , -9.988606E-005, 9.991700E-005, -4.622362E-011, 1.835300E-011, 2.150400E+004 1.570926E+074 2.150400E+004, Wed Sep 02 20:53:10 2015
1.45, 1.80, -0.20, 1.80 , -1.319609E-004, 1.319970E-004, -4.236608E-011, 1.853830E-011, 2.150400E+004 1.570926E+074 2.150400E+004, Wed Sep 02 20:53:13 2015
1.40, 1.80, -0.20, 1.80 , -1.642513E-004, 1.642810E-004, -4.458834E-011, 1.841310E-011, 2.150400E+004 1.570926E+074 2.150400E+004, Wed Sep 02 20:53:17 2015
1.35, 1.80, -0.20, 1.80 , -1.960277E-004, 1.960490E-004, -4.823624E-011, 1.841580E-011, 2.150400E+004 1.570926E+074 2.150400E+004, Wed Sep 02 20:53:20 2015
1.30, 1.80, -0.20, 1.80 , -2.269069E-004, 2.269270E-004, -4.303696E-011, 1.839950E-011, 2.150400E+004 1.570926E+074 2.150400E+004, Wed Sep 02 20:53:24 2015
1.25, 1.80, -0.20, 1.80 , -2.567249E-004, 2.567350E-004, -4.454642E-011, 1.850430E-011, 2.150400E+004 1.570926E+074 2.150400E+004, Wed Sep 02 20:53:28 2015
1.20, 1.80, -0.20, 1.80 , -2.852620E-004, 2.852640E-004, -4.605588E-011, 1.847140E-011, 2.150400E+004 1.570926E+074 2.150400E+004, Wed Sep 02 20:53:31 2015
1.15, 1.80, -0.20, 1.80 , -3.122835E-004, 3.122850E-004, -4.500764E-011, 1.855620E-011, 2.150400E+004 1.570926E+074 2.150400E+004, Wed Sep 02 20:53:35 2015
1.10, 1.80, -0.20, 1.80 , -3.376273E-004, 3.376240E-004, -4.224030E-011, 1.858080E-011, 2.150400E+004 1.570926E+074 2.150400E+004, Wed Sep 02 20:53:38 2015
1.05, 1.80, -0.20, 1.80 , -3.612638E-004, 3.612550E-004, -4.341432E-011, 1.855520E-011, 2.150400E+004 1.570926E+074 2.150400E+004, Wed Sep 02 20:53:42 2015
1.00, 1.80, -0.20, 1.80 , -3.831365E-004, 3.831160E-004, -4.211450E-011, 1.869170E-011, 2.150400E+004 1.570926E+074 2.150400E+004, Wed Sep 02 20:53:45 2015
0.95, 1.80, -0.20, 1.80 , -4.032449E-004, 4.032300E-004, -4.035345E-011, 1.871010E-011, 2.150400E+004 1.570926E+074 2.150400E+004, Wed Sep 02 20:53:49 2015
0.90, 1.80, -0.20, 1.80 , -4.215983E-004, 4.215450E-004, -4.320468E-011, 1.877360E-011, 2.150400E+004 1.570926E+074 2.150400E+004, Wed Sep 02 20:53:52 2015
0.85, 1.80, -0.20, 1.80 , -4.380584E-004, 4.380200E-004, -4.395940E-011, 1.881480E-011, 2.150400E+004 1.570926E+074 2.150400E+004, Wed Sep 02 20:53:56 2015
0.80, 1.80, -0.20, 1.80 , -4.527055E-004, 4.526600E-004, -4.404327E-011, 1.888750E-011, 2.150400E+004 1.570926E+074 2.150400E+004, Wed Sep 02 20:53:59 2015
0.75, 1.80, -0.20, 1.80 , -4.657045E-004, 4.656580E-004, -4.639131E-011, 1.882890E-011, 2.150400E+004 1.570926E+074 2.150400E+004, Wed Sep 02 20:54:03 2015
0.70, 1.80, -0.20, 1.80 , -4.771235E-004, 4.770590E-004, -4.379168E-011, 1.883640E-011, 2.150400E+004 1.570926E+074 2.150400E+004, Wed Sep 02 20:54:07 2015
0.65, 1.80, -0.20, 1.80 , -4.871546E-004, 4.871110E-004, -4.320465E-011, 1.893650E-011, 2.150400E+004 1.570926E+074 2.150400E+004, Wed Sep 02 20:54:10 2015
0.60, 1.80, -0.20, 1.80 , -4.960498E-004, 4.959690E-004, -4.349818E-011, 1.896010E-011, 2.150400E+004 1.570926E+074 2.150400E+004, Wed Sep 02 20:54:14 2015
0.55, 1.80, -0.20, 1.80 , -5.037051E-004, 5.037050E-004, -4.404327E-011, 1.901110E-011, 2.150400E+004 1.570926E+074 2.150400E+004, Wed Sep 02 20:54:17 2015
0.50, 1.80, -0.20, 1.80 , -5.105258E-004, 5.105090E-004, -3.972451E-011, 1.893890E-011, 2.150400E+004 1.570926E+074 2.150400E+004, Wed Sep 02 20:54:21 2015
0.45, 1.80, -0.20, 1.80 , -5.165824E-004, 5.165780E-004, -4.173712E-011, 1.896680E-011, 2.150400E+004 1.570926E+074 2.150400E+004, Wed Sep 02 20:54:24 2015
0.40, 1.80, -0.20, 1.80 , -5.219111E-004, 5.218640E-004, -4.257573E-011, 1.894980E-011, 2.150400E+004 1.570926E+074 2.150400E+004, Wed Sep 02 20:54:28 2015
0.35, 1.80, -0.20, 1.80 , -5.267319E-004, 5.266480E-004, -4.333046E-011, 1.893850E-011, 2.150400E+004 1.570926E+074 2.150400E+004, Wed Sep 02 20:54:31 2015
0.30, 1.80, -0.20, 1.80 , -5.310075E-004, 5.309830E-004, -4.286924E-011, 1.906830E-011, 2.150400E+004 1.570926E+074 2.150400E+004, Wed Sep 02 20:54:35 2015
0.25, 1.80, -0.20, 1.80 , -5.351352E-004, 5.350940E-004, -4.261766E-011, 1.904570E-011, 2.150400E+004 1.570926E+074 2.150400E+004, Wed Sep 02 20:54:38 2015
0.20, 1.80, -0.20, 1.80 , -5.388078E-004, 5.387420E-004, -4.236608E-011, 1.909360E-011, 2.150400E+004 1.570926E+074 2.150400E+004, Wed Sep 02 20:54:42 2015
0.15, 1.80, -0.20, 1.80 , -5.421678E-004, 5.421670E-004, -4.224029E-011, 1.907060E-011, 2.150400E+004 1.570926E+074 2.150400E+004, Wed Sep 02 20:54:46 2015
0.10, 1.80, -0.20, 1.80 , -5.454947E-004, 5.455200E-004, -4.144362E-011, 1.912560E-011, 2.150400E+004 1.570926E+074 2.150400E+004, Wed Sep 02 20:54:49 2015
0.05, 1.80, -0.20, 1.80 , -5.488708E-004, 5.486740E-004, -4.307888E-011, 1.919000E-011, 2.150400E+004 1.570926E+074 2.150400E+004, Wed Sep 02 20:54:53 2015
0.00, 1.80, -0.20, 1.80 , -5.519614E-004, 5.519470E-004, -4.156942E-011, 1.912630E-011, 2.150400E+004 1.570926E+074 2.150400E+004, Wed Sep 02 20:54:56 2015
-0.05, 1.80, -0.20, 1.80 , -5.551218E-004, 5.551760E-004, -4.081470E-011, 1.917280E-011, 2.150400E+004 1.570926E+074 2.150400E+004, Wed Sep 02 20:55:00 2015
-0.10, 1.80, -0.20, 1.80 , -5.581942E-004, 5.581080E-004, -3.867627E-011, 1.924070E-011, 2.150400E+004 1.570926E+074 2.150400E+004, Wed Sep 02 20:55:03 2015
-0.15, 1.80, -0.20, 1.80 , -5.613341E-004, 5.613090E-004, -4.186292E-011, 1.931430E-011, 2.150400E+004 1.570926E+074 2.150400E+004, Wed Sep 02 20:55:07 2015
-0.20, 1.80, -0.20, 1.80 , -5.644748E-004, 5.643910E-004, -3.930522E-011, 1.926250E-011, 2.150400E+004 1.570926E+074 2.150400E+004, Wed Sep 02 20:55:10 2015
