1.80, 1.80, 1.80, 1.80 , 8.641937E-012, 2.516270E-011, 4.085788E-011, 2.549440E-011, 2.150400E+004 1.570926E+074 2.150400E+004, Wed Sep 02 20:19:26 2015
1.75, 1.80, 1.80, 1.80 , -5.621134E-012, 2.223600E-011, 1.943398E-011, 2.341380E-011, 2.150400E+004 1.570926E+074 2.150400E+004, Wed Sep 02 20:19:30 2015
1.70, 1.80, 1.80, 1.80 , 3.290738E-013, 2.138440E-011, 1.436101E-011, 2.213540E-011, 2.150400E+004 1.570926E+074 2.150400E+004, Wed Sep 02 20:19:34 2015
1.65, 1.80, 1.80, 1.80 , -9.376943E-012, 2.063240E-011, 1.415136E-011, 2.084900E-011, 2.150400E+004 1.570926E+074 2.150400E+004, Wed Sep 02 20:19:38 2015
1.60, 1.80, 1.80, 1.80 , -1.693076E-011, 1.866180E-011, -2.576890E-012, 1.766110E-011, 2.150400E+004 1.570926E+074 2.150400E+004, Wed Sep 02 20:20:45 2015
1.55, 1.80, 1.80, 1.80 , -1.878758E-011, 1.842640E-011, -2.912299E-012, 1.742720E-011, 2.150400E+004 1.570926E+074 2.150400E+004, Wed Sep 02 20:21:14 2015
1.50, 1.80, 1.80, 1.80 , -1.891416E-011, 1.845660E-011, -3.750784E-012, 1.743920E-011, 2.150400E+004 1.570926E+074 2.150400E+004, Wed Sep 02 20:21:22 2015
1.45, 1.80, 1.80, 1.80 , -1.764816E-011, 1.845260E-011, -4.840857E-012, 1.737760E-011, 2.150400E+004 1.570926E+074 2.150400E+004, Wed Sep 02 20:21:30 2015
1.40, 1.80, 1.80, 1.80 , -2.051776E-011, 1.845830E-011, -5.930915E-012, 1.742900E-011, 2.150400E+004 1.570926E+074 2.150400E+004, Wed Sep 02 20:21:36 2015
1.35, 1.80, 1.80, 1.80 , -2.115074E-011, 1.843590E-011, -5.972840E-012, 1.741700E-011, 2.150400E+004 1.570926E+074 2.150400E+004, Wed Sep 02 20:21:53 2015
1.30, 1.80, 1.80, 1.80 , -2.393597E-011, 1.850040E-011, -6.937144E-012, 1.735030E-011, 2.150400E+004 1.570926E+074 2.150400E+004, Wed Sep 02 20:22:11 2015
1.25, 1.80, 1.80, 1.80 , -2.254334E-011, 1.844830E-011, -8.572230E-012, 1.726720E-011, 2.150400E+004 1.570926E+074 2.150400E+004, Wed Sep 02 20:22:20 2015
1.20, 1.80, 1.80, 1.80 , -2.055997E-011, 1.828590E-011, -1.146509E-011, 1.720540E-011, 2.150400E+004 1.570926E+074 2.150400E+004, Wed Sep 02 20:22:46 2015
1.15, 1.80, 1.80, 1.80 , -2.275436E-011, 1.821780E-011, -8.530302E-012, 1.689980E-011, 2.150400E+004 1.570926E+074 2.150400E+004, Wed Sep 02 20:23:00 2015
1.10, 1.80, 1.80, 1.80 , -2.452677E-011, 1.816780E-011, -8.907629E-012, 1.690700E-011, 2.150400E+004 1.570926E+074 2.150400E+004, Wed Sep 02 20:23:17 2015
1.05, 1.80, 1.80, 1.80 , -2.241678E-011, 1.790690E-011, -8.656073E-012, 1.696620E-011, 2.150400E+004 1.570926E+074 2.150400E+004, Wed Sep 02 20:24:09 2015
1.00, 1.80, 1.80, 1.80 , -2.490655E-011, 1.804650E-011, -8.907620E-012, 1.698620E-011, 2.150400E+004 1.570926E+074 2.150400E+004, Wed Sep 02 20:24:18 2015
0.95, 1.80, 1.80, 1.80 , -2.511757E-011, 1.810170E-011, -1.075235E-011, 1.696560E-011, 2.150400E+004 1.570926E+074 2.150400E+004, Wed Sep 02 20:24:29 2015
0.90, 1.80, 1.80, 1.80 , -2.452676E-011, 1.811330E-011, -9.913834E-012, 1.702010E-011, 2.150400E+004 1.570926E+074 2.150400E+004, Wed Sep 02 20:25:06 2015
0.85, 1.80, 1.80, 1.80 , -2.773396E-011, 1.815430E-011, -9.788059E-012, 1.696230E-011, 2.150400E+004 1.570926E+074 2.150400E+004, Wed Sep 02 20:25:24 2015
0.80, 1.80, 1.80, 1.80 , -2.722757E-011, 1.832620E-011, -1.251321E-011, 1.701910E-011, 2.150400E+004 1.570926E+074 2.150400E+004, Wed Sep 02 20:25:31 2015
0.75, 1.80, 1.80, 1.80 , -2.853574E-011, 1.825920E-011, -1.058464E-011, 1.721610E-011, 2.150400E+004 1.570926E+074 2.150400E+004, Wed Sep 02 20:25:41 2015
0.70, 1.80, 1.80, 1.80 , -3.123655E-011, 1.824400E-011, -1.100389E-011, 1.727400E-011, 2.150400E+004 1.570926E+074 2.150400E+004, Wed Sep 02 20:25:48 2015
0.65, 1.80, 1.80, 1.80 , -2.659458E-011, 1.837960E-011, -1.008154E-011, 1.721430E-011, 2.150400E+004 1.570926E+074 2.150400E+004, Wed Sep 02 20:26:07 2015
0.60, 1.80, 1.80, 1.80 , -2.866236E-011, 1.835780E-011, -1.159085E-011, 1.743090E-011, 2.150400E+004 1.570926E+074 2.150400E+004, Wed Sep 02 20:26:22 2015
0.55, 1.80, 1.80, 1.80 , -2.916878E-011, 1.846500E-011, -1.201010E-011, 1.727930E-011, 2.150400E+004 1.570926E+074 2.150400E+004, Wed Sep 02 20:26:33 2015
0.50, 1.80, 1.80, 1.80 , -2.946418E-011, 1.842380E-011, -1.129738E-011, 1.750840E-011, 2.150400E+004 1.570926E+074 2.150400E+004, Wed Sep 02 20:26:52 2015
0.45, 1.80, 1.80, 1.80 , -3.157417E-011, 1.848610E-011, -9.075321E-012, 1.744420E-011, 2.150400E+004 1.570926E+074 2.150400E+004, Wed Sep 02 20:27:04 2015
0.40, 1.80, 1.80, 1.80 , -3.157415E-011, 1.855380E-011, -1.184241E-011, 1.750320E-011, 2.150400E+004 1.570926E+074 2.150400E+004, Wed Sep 02 20:27:18 2015
0.35, 1.80, 1.80, 1.80 , -3.123656E-011, 1.868670E-011, -7.691783E-012, 1.750450E-011, 2.150400E+004 1.570926E+074 2.150400E+004, Wed Sep 02 20:27:27 2015
0.30, 1.80, 1.80, 1.80 , -3.060356E-011, 1.874020E-011, -1.008153E-011, 1.772180E-011, 2.150400E+004 1.570926E+074 2.150400E+004, Wed Sep 02 20:27:35 2015
0.25, 1.80, 1.80, 1.80 , -3.174296E-011, 1.891850E-011, -1.167470E-011, 1.779550E-011, 2.150400E+004 1.570926E+074 2.150400E+004, Wed Sep 02 20:27:54 2015
0.20, 1.80, 1.80, 1.80 , -3.347316E-011, 1.885080E-011, -8.027195E-012, 1.759510E-011, 2.150400E+004 1.570926E+074 2.150400E+004, Wed Sep 02 20:28:07 2015
0.15, 1.80, 1.80, 1.80 , -3.410616E-011, 1.880040E-011, -1.167470E-011, 1.778250E-011, 2.150400E+004 1.570926E+074 2.150400E+004, Wed Sep 02 20:28:13 2015
0.10, 1.80, 1.80, 1.80 , -3.524556E-011, 1.897600E-011, -1.016539E-011, 1.779020E-011, 2.150400E+004 1.570926E+074 2.150400E+004, Wed Sep 02 20:28:25 2015
0.05, 1.80, 1.80, 1.80 , -3.554097E-011, 1.906140E-011, -1.075235E-011, 1.793220E-011, 2.150400E+004 1.570926E+074 2.150400E+004, Wed Sep 02 20:28:40 2015
0.00, 1.80, 1.80, 1.80 , -3.402176E-011, 1.903610E-011, -8.111041E-012, 1.797490E-011, 2.150400E+004 1.570926E+074 2.150400E+004, Wed Sep 02 20:28:45 2015
-0.05, 1.80, 1.80, 1.80 , -3.435935E-011, 1.898480E-011, -8.907629E-012, 1.805830E-011, 2.150400E+004 1.570926E+074 2.150400E+004, Wed Sep 02 20:28:54 2015
-0.10, 1.80, 1.80, 1.80 , -3.389515E-011, 1.919010E-011, -1.117160E-011, 1.808740E-011, 2.150400E+004 1.570926E+074 2.150400E+004, Wed Sep 02 20:29:00 2015
-0.15, 1.80, 1.80, 1.80 , -3.651155E-011, 1.928640E-011, -1.087812E-011, 1.816600E-011, 2.150400E+004 1.570926E+074 2.150400E+004, Wed Sep 02 20:29:14 2015
-0.20, 1.80, 1.80, 1.80 , -3.807293E-011, 1.930980E-011, -9.997683E-012, 1.810940E-011, 2.150400E+004 1.570926E+074 2.150400E+004, Wed Sep 02 20:29:19 2015
