0.00, 1.80, 1.80, 1.80 , -3.646933E-011, 1.476220E-011, -1.372904E-011, 1.325740E-011, 2.150400E+004 1.570926E+074 2.150400E+004, Wed Sep 02 21:31:43 2015
0.00, 1.80, 1.78, 1.80 , -3.503453E-011, 1.498150E-011, -1.406444E-011, 1.320220E-011, 2.150400E+004 1.570926E+074 2.150400E+004, Wed Sep 02 21:31:49 2015
0.00, 1.80, 1.76, 1.80 , -3.558313E-011, 1.488990E-011, -1.565761E-011, 1.246050E-011, 2.150400E+004 1.570926E+074 2.150400E+004, Wed Sep 02 21:32:02 2015
0.00, 1.80, 1.74, 1.80 , -3.714455E-011, 1.489940E-011, -1.540606E-011, 1.225530E-011, 2.150400E+004 1.570926E+074 2.150400E+004, Wed Sep 02 21:32:12 2015
0.00, 1.80, 1.72, 1.80 , -3.583634E-011, 1.483700E-011, -1.741848E-011, 1.234270E-011, 2.150400E+004 1.570926E+074 2.150400E+004, Wed Sep 02 21:32:22 2015
0.00, 1.80, 1.70, 1.80 , -3.549877E-011, 1.484060E-011, -1.859239E-011, 1.210780E-011, 2.150400E+004 1.570926E+074 2.150400E+004, Wed Sep 02 21:32:33 2015
0.00, 1.80, 1.68, 1.80 , -3.220716E-011, 1.480060E-011, -1.913743E-011, 1.212920E-011, 2.150400E+004 1.570926E+074 2.150400E+004, Wed Sep 02 21:32:38 2015
0.00, 1.80, 1.66, 1.80 , -3.457036E-011, 1.467150E-011, -2.043712E-011, 1.240590E-011, 2.150400E+004 1.570926E+074 2.150400E+004, Wed Sep 02 21:32:57 2015
0.00, 1.80, 1.64, 1.80 , -3.440158E-011, 1.448470E-011, -1.821507E-011, 1.192330E-011, 2.150400E+004 1.570926E+074 2.150400E+004, Wed Sep 02 21:33:05 2015
0.00, 1.80, 1.62, 1.80 , -3.233376E-011, 1.427170E-011, -2.127563E-011, 1.165050E-011, 2.150400E+004 1.570926E+074 2.150400E+004, Wed Sep 02 21:33:48 2015
0.00, 1.80, 1.60, 1.80 , -3.608960E-011, 1.366770E-011, -2.190451E-011, 1.091440E-011, 2.150400E+004 1.570926E+074 2.150400E+004, Wed Sep 02 21:34:30 2015
0.00, 1.80, 1.58, 1.80 , -3.431719E-011, 1.355550E-011, -2.194644E-011, 1.117860E-011, 2.150400E+004 1.570926E+074 2.150400E+004, Wed Sep 02 21:34:55 2015
0.00, 1.80, 1.56, 1.80 , -3.208057E-011, 1.349170E-011, -2.165296E-011, 1.104960E-011, 2.150400E+004 1.570926E+074 2.150400E+004, Wed Sep 02 21:35:10 2015
0.00, 1.80, 1.54, 1.80 , -3.254480E-011, 1.343290E-011, -2.395895E-011, 1.095210E-011, 2.150400E+004 1.570926E+074 2.150400E+004, Wed Sep 02 21:36:00 2015
0.00, 1.80, 1.52, 1.80 , -3.284020E-011, 1.339560E-011, -2.123370E-011, 1.100190E-011, 2.150400E+004 1.570926E+074 2.150400E+004, Wed Sep 02 21:36:07 2015
0.00, 1.80, 1.50, 1.80 , -3.334660E-011, 1.345100E-011, -2.228184E-011, 1.106310E-011, 2.150400E+004 1.570926E+074 2.150400E+004, Wed Sep 02 21:36:19 2015
0.00, 1.80, 1.48, 1.80 , -3.305123E-011, 1.341690E-011, -2.173681E-011, 1.093350E-011, 2.150400E+004 1.570926E+074 2.150400E+004, Wed Sep 02 21:36:26 2015
0.00, 1.80, 1.46, 1.80 , -3.313559E-011, 1.344470E-011, -2.295265E-011, 1.095160E-011, 2.150400E+004 1.570926E+074 2.150400E+004, Wed Sep 02 21:36:31 2015
0.00, 1.80, 1.44, 1.80 , 3.536149E-012, 1.349180E-011, -1.938897E-011, 1.116300E-011, 2.150400E+004 1.570926E+074 2.150400E+004, Wed Sep 02 21:37:18 2015
0.00, 1.80, 1.42, 1.80 , -3.186962E-011, 1.346980E-011, -2.186258E-011, 1.121070E-011, 2.150400E+004 1.570926E+074 2.150400E+004, Wed Sep 02 21:37:22 2015
0.00, 1.80, 1.40, 1.80 , -3.199619E-011, 1.368290E-011, -2.303650E-011, 1.137290E-011, 2.150400E+004 1.570926E+074 2.150400E+004, Wed Sep 02 21:37:34 2015
0.00, 1.80, 1.38, 1.80 , -3.081461E-011, 1.370330E-011, -2.110792E-011, 1.144960E-011, 2.150400E+004 1.570926E+074 2.150400E+004, Wed Sep 02 21:37:45 2015
0.00, 1.80, 1.36, 1.80 , -3.220724E-011, 1.361510E-011, -2.295265E-011, 1.130950E-011, 2.150400E+004 1.570926E+074 2.150400E+004, Wed Sep 02 21:37:55 2015
0.00, 1.80, 1.34, 1.80 , -3.111002E-011, 1.381300E-011, -2.236569E-011, 1.147380E-011, 2.150400E+004 1.570926E+074 2.150400E+004, Wed Sep 02 21:38:10 2015
0.00, 1.80, 1.32, 1.80 , -3.119442E-011, 1.372710E-011, -2.186258E-011, 1.148160E-011, 2.150400E+004 1.570926E+074 2.150400E+004, Wed Sep 02 21:38:22 2015
0.00, 1.80, 1.30, 1.80 , -3.271361E-011, 1.381450E-011, -2.416860E-011, 1.169820E-011, 2.150400E+004 1.570926E+074 2.150400E+004, Wed Sep 02 21:38:54 2015
0.00, 1.80, 1.28, 1.80 , -3.085684E-011, 1.378370E-011, -2.173681E-011, 1.170720E-011, 2.150400E+004 1.570926E+074 2.150400E+004, Wed Sep 02 21:39:12 2015
0.00, 1.80, 1.26, 1.80 , -3.170080E-011, 1.379940E-011, -2.408474E-011, 1.179770E-011, 2.150400E+004 1.570926E+074 2.150400E+004, Wed Sep 02 21:39:17 2015
0.00, 1.80, 1.24, 1.80 , -3.250262E-011, 1.388850E-011, -2.425246E-011, 1.193280E-011, 2.150400E+004 1.570926E+074 2.150400E+004, Wed Sep 02 21:39:27 2015
0.00, 1.80, 1.22, 1.80 , -3.427505E-011, 1.399410E-011, -2.249147E-011, 1.194690E-011, 2.150400E+004 1.570926E+074 2.150400E+004, Wed Sep 02 21:39:42 2015
0.00, 1.80, 1.20, 1.80 , -3.119442E-011, 1.405930E-011, -2.546843E-011, 1.202960E-011, 2.150400E+004 1.570926E+074 2.150400E+004, Wed Sep 02 21:39:56 2015
0.00, 1.80, 1.18, 1.80 , -3.174301E-011, 1.407760E-011, -2.270110E-011, 1.208040E-011, 2.150400E+004 1.570926E+074 2.150400E+004, Wed Sep 02 21:40:02 2015
0.00, 1.80, 1.16, 1.80 , -3.246043E-011, 1.410850E-011, -2.643281E-011, 1.216360E-011, 2.150400E+004 1.570926E+074 2.150400E+004, Wed Sep 02 21:40:10 2015
0.00, 1.80, 1.14, 1.80 , -3.043485E-011, 1.428210E-011, -2.588773E-011, 1.262200E-011, 2.150400E+004 1.570926E+074 2.150400E+004, Wed Sep 02 21:40:47 2015
0.00, 1.80, 1.12, 1.80 , -4.696358E-008, 4.948780E-008, -2.458790E-011, 1.261580E-011, 2.150400E+004 1.570926E+074 2.150400E+004, Wed Sep 02 21:41:00 2015
0.00, 1.80, 1.10, 1.80 , -1.131691E-007, 1.173670E-007, -2.437825E-011, 1.251870E-011, 2.150400E+004 1.570926E+074 2.150400E+004, Wed Sep 02 21:41:07 2015
0.00, 1.80, 1.08, 1.80 , -2.659413E-007, 2.790090E-007, -2.475562E-011, 1.272620E-011, 2.150400E+004 1.570926E+074 2.150400E+004, Wed Sep 02 21:41:12 2015
0.00, 1.80, 1.06, 1.80 , -5.222980E-007, 5.171440E-007, -2.551036E-011, 1.281100E-011, 2.150400E+004 1.570926E+074 2.150400E+004, Wed Sep 02 21:41:16 2015
0.00, 1.80, 1.04, 1.80 , -9.851701E-007, 9.763880E-007, -2.328808E-011, 1.284830E-011, 2.150400E+004 1.570926E+074 2.150400E+004, Wed Sep 02 21:41:21 2015
0.00, 1.80, 1.02, 1.80 , -1.663836E-006, 1.676690E-006, -2.525878E-011, 1.312100E-011, 2.150400E+004 1.570926E+074 2.150400E+004, Wed Sep 02 21:41:24 2015
0.00, 1.80, 1.00, 1.80 , -2.516431E-006, 2.543140E-006, -2.458790E-011, 1.324250E-011, 2.150400E+004 1.570926E+074 2.150400E+004, Wed Sep 02 21:41:28 2015
0.00, 1.80, 0.98, 1.80 , -2.919331E-006, 2.917090E-006, -2.899053E-011, 1.319140E-011, 2.150400E+004 1.570926E+074 2.150400E+004, Wed Sep 02 21:41:31 2015
0.00, 1.80, 0.96, 1.80 , -3.942422E-006, 3.965710E-006, -2.597159E-011, 1.329940E-011, 2.150400E+004 1.570926E+074 2.150400E+004, Wed Sep 02 21:41:35 2015
0.00, 1.80, 0.94, 1.80 , -5.465154E-006, 5.494040E-006, -2.492334E-011, 1.330920E-011, 2.150400E+004 1.570926E+074 2.150400E+004, Wed Sep 02 21:41:38 2015
0.00, 1.80, 0.92, 1.80 , -7.296090E-006, 7.305100E-006, -2.496527E-011, 1.357820E-011, 2.150400E+004 1.570926E+074 2.150400E+004, Wed Sep 02 21:41:42 2015
0.00, 1.80, 0.90, 1.80 , -9.485902E-006, 9.488960E-006, -2.613931E-011, 1.367780E-011, 2.150400E+004 1.570926E+074 2.150400E+004, Wed Sep 02 21:41:46 2015
0.00, 1.80, 0.88, 1.80 , -1.202814E-005, 1.202500E-005, -2.857124E-011, 1.370580E-011, 2.150400E+004 1.570926E+074 2.150400E+004, Wed Sep 02 21:41:49 2015
0.00, 1.80, 0.86, 1.80 , -1.480611E-005, 1.481660E-005, -2.676825E-011, 1.373730E-011, 2.150400E+004 1.570926E+074 2.150400E+004, Wed Sep 02 21:41:53 2015
0.00, 1.80, 0.84, 1.80 , -1.799711E-005, 1.799660E-005, -2.727141E-011, 1.382230E-011, 2.150400E+004 1.570926E+074 2.150400E+004, Wed Sep 02 21:41:56 2015
0.00, 1.80, 0.82, 1.80 , -2.162361E-005, 2.162740E-005, -2.538457E-011, 1.380200E-011, 2.150400E+004 1.570926E+074 2.150400E+004, Wed Sep 02 21:42:00 2015
0.00, 1.80, 0.80, 1.80 , -2.562536E-005, 2.563030E-005, -2.861316E-011, 1.374320E-011, 2.150400E+004 1.570926E+074 2.150400E+004, Wed Sep 02 21:42:03 2015
0.00, 1.80, 0.78, 1.80 , -3.006214E-005, 3.007600E-005, -2.748106E-011, 1.384110E-011, 2.150400E+004 1.570926E+074 2.150400E+004, Wed Sep 02 21:42:07 2015
0.00, 1.80, 0.76, 1.80 , -3.480883E-005, 3.481050E-005, -2.681018E-011, 1.392900E-011, 2.150400E+004 1.570926E+074 2.150400E+004, Wed Sep 02 21:42:11 2015
0.00, 1.80, 0.74, 1.80 , -4.016039E-005, 4.007640E-005, -2.769070E-011, 1.381640E-011, 2.150400E+004 1.570926E+074 2.150400E+004, Wed Sep 02 21:42:14 2015
0.00, 1.80, 0.72, 1.80 , -4.578542E-005, 4.579210E-005, -2.932597E-011, 1.380260E-011, 2.150400E+004 1.570926E+074 2.150400E+004, Wed Sep 02 21:42:18 2015
0.00, 1.80, 0.70, 1.80 , -5.184962E-005, 5.190210E-005, -2.743913E-011, 1.371820E-011, 2.150400E+004 1.570926E+074 2.150400E+004, Wed Sep 02 21:42:21 2015
0.00, 1.80, 0.68, 1.80 , -5.838826E-005, 5.840610E-005, -2.869703E-011, 1.362280E-011, 2.150400E+004 1.570926E+074 2.150400E+004, Wed Sep 02 21:42:25 2015
0.00, 1.80, 0.66, 1.80 , -6.526044E-005, 6.526530E-005, -2.685211E-011, 1.362750E-011, 2.150400E+004 1.570926E+074 2.150400E+004, Wed Sep 02 21:42:28 2015
0.00, 1.80, 0.64, 1.80 , -7.252306E-005, 7.250370E-005, -2.911632E-011, 1.357340E-011, 2.150400E+004 1.570926E+074 2.150400E+004, Wed Sep 02 21:42:32 2015
0.00, 1.80, 0.62, 1.80 , -8.045507E-005, 8.048870E-005, -3.075159E-011, 1.358930E-011, 2.150400E+004 1.570926E+074 2.150400E+004, Wed Sep 02 21:42:35 2015
0.00, 1.80, 0.60, 1.80 , -8.848494E-005, 8.853090E-005, -2.924211E-011, 1.348770E-011, 2.150400E+004 1.570926E+074 2.150400E+004, Wed Sep 02 21:42:39 2015
0.00, 1.80, 0.58, 1.80 , -9.689511E-005, 9.690280E-005, -2.769071E-011, 1.369070E-011, 2.150400E+004 1.570926E+074 2.150400E+004, Wed Sep 02 21:42:42 2015
0.00, 1.80, 0.56, 1.80 , -1.056666E-004, 1.056700E-004, -3.184176E-011, 1.354220E-011, 2.150400E+004 1.570926E+074 2.150400E+004, Wed Sep 02 21:42:46 2015
0.00, 1.80, 0.54, 1.80 , -1.147090E-004, 1.147160E-004, -2.953562E-011, 1.355400E-011, 2.150400E+004 1.570926E+074 2.150400E+004, Wed Sep 02 21:42:50 2015
0.00, 1.80, 0.52, 1.80 , -1.240520E-004, 1.240470E-004, -3.276422E-011, 1.339540E-011, 2.150400E+004 1.570926E+074 2.150400E+004, Wed Sep 02 21:42:53 2015
0.00, 1.80, 0.50, 1.80 , -1.336411E-004, 1.336740E-004, -3.058387E-011, 1.346500E-011, 2.150400E+004 1.570926E+074 2.150400E+004, Wed Sep 02 21:42:57 2015
0.00, 1.80, 0.48, 1.80 , -1.433949E-004, 1.435250E-004, -3.096123E-011, 1.343390E-011, 2.150400E+004 1.570926E+074 2.150400E+004, Wed Sep 02 21:43:00 2015
0.00, 1.80, 0.46, 1.80 , -1.535772E-004, 1.535960E-004, -3.284807E-011, 1.344690E-011, 2.150400E+004 1.570926E+074 2.150400E+004, Wed Sep 02 21:43:04 2015
0.00, 1.80, 0.44, 1.80 , -1.638941E-004, 1.639090E-004, -3.217720E-011, 1.351420E-011, 2.150400E+004 1.570926E+074 2.150400E+004, Wed Sep 02 21:43:07 2015
0.00, 1.80, 0.42, 1.80 , -1.743433E-004, 1.743710E-004, -3.117089E-011, 1.364010E-011, 2.150400E+004 1.570926E+074 2.150400E+004, Wed Sep 02 21:43:11 2015
0.00, 1.80, 0.40, 1.80 , -1.850006E-004, 1.849700E-004, -3.423176E-011, 1.371950E-011, 2.150400E+004 1.570926E+074 2.150400E+004, Wed Sep 02 21:43:15 2015
0.00, 1.80, 0.38, 1.80 , -1.958648E-004, 1.958480E-004, -3.318352E-011, 1.390590E-011, 2.150400E+004 1.570926E+074 2.150400E+004, Wed Sep 02 21:43:18 2015
0.00, 1.80, 0.36, 1.80 , -2.068631E-004, 2.068810E-004, -3.226107E-011, 1.372280E-011, 2.150400E+004 1.570926E+074 2.150400E+004, Wed Sep 02 21:43:22 2015
0.00, 1.80, 0.34, 1.80 , -2.177665E-004, 2.178450E-004, -3.343509E-011, 1.359380E-011, 2.150400E+004 1.570926E+074 2.150400E+004, Wed Sep 02 21:43:25 2015
0.00, 1.80, 0.32, 1.80 , -2.289226E-004, 2.289810E-004, -3.200948E-011, 1.371030E-011, 2.150400E+004 1.570926E+074 2.150400E+004, Wed Sep 02 21:43:29 2015
0.00, 1.80, 0.30, 1.80 , -2.404031E-004, 2.403780E-004, -2.991299E-011, 1.393930E-011, 2.150400E+004 1.570926E+074 2.150400E+004, Wed Sep 02 21:43:32 2015
0.00, 1.80, 0.28, 1.80 , -2.516138E-004, 2.517380E-004, -3.171597E-011, 1.393640E-011, 2.150400E+004 1.570926E+074 2.150400E+004, Wed Sep 02 21:43:36 2015
0.00, 1.80, 0.26, 1.80 , -2.633814E-004, 2.632160E-004, -3.423176E-011, 1.394940E-011, 2.150400E+004 1.570926E+074 2.150400E+004, Wed Sep 02 21:43:39 2015
0.00, 1.80, 0.24, 1.80 , -2.750239E-004, 2.750590E-004, -3.427369E-011, 1.381220E-011, 2.150400E+004 1.570926E+074 2.150400E+004, Wed Sep 02 21:43:43 2015
0.00, 1.80, 0.22, 1.80 , -2.870490E-004, 2.870330E-004, -3.154826E-011, 1.407130E-011, 2.150400E+004 1.570926E+074 2.150400E+004, Wed Sep 02 21:43:47 2015
0.00, 1.80, 0.20, 1.80 , -2.991009E-004, 2.989680E-004, -3.557351E-011, 1.388220E-011, 2.150400E+004 1.570926E+074 2.150400E+004, Wed Sep 02 21:43:50 2015
0.00, 1.80, 0.18, 1.80 , -3.111807E-004, 3.113180E-004, -3.297386E-011, 1.418940E-011, 2.150400E+004 1.570926E+074 2.150400E+004, Wed Sep 02 21:43:54 2015
0.00, 1.80, 0.16, 1.80 , -3.235003E-004, 3.234300E-004, -3.511228E-011, 1.454770E-011, 2.150400E+004 1.570926E+074 2.150400E+004, Wed Sep 02 21:43:57 2015
0.00, 1.80, 0.14, 1.80 , -3.360403E-004, 3.359400E-004, -3.389632E-011, 1.467120E-011, 2.150400E+004 1.570926E+074 2.150400E+004, Wed Sep 02 21:44:01 2015
0.00, 1.80, 0.12, 1.80 , -3.484002E-004, 3.484060E-004, -3.528000E-011, 1.441130E-011, 2.150400E+004 1.570926E+074 2.150400E+004, Wed Sep 02 21:44:04 2015
0.00, 1.80, 0.10, 1.80 , -3.608903E-004, 3.609900E-004, -3.628632E-011, 1.427130E-011, 2.150400E+004 1.570926E+074 2.150400E+004, Wed Sep 02 21:44:08 2015
0.00, 1.80, 0.08, 1.80 , -3.734924E-004, 3.734300E-004, -3.540579E-011, 1.414550E-011, 2.150400E+004 1.570926E+074 2.150400E+004, Wed Sep 02 21:44:11 2015
0.00, 1.80, 0.06, 1.80 , -3.859991E-004, 3.860250E-004, -3.494458E-011, 1.405230E-011, 2.150400E+004 1.570926E+074 2.150400E+004, Wed Sep 02 21:44:15 2015
0.00, 1.80, 0.04, 1.80 , -3.986823E-004, 3.986920E-004, -3.720878E-011, 1.401280E-011, 2.150400E+004 1.570926E+074 2.150400E+004, Wed Sep 02 21:44:18 2015
0.00, 1.80, 0.02, 1.80 , -4.113987E-004, 4.113390E-004, -3.569930E-011, 1.406080E-011, 2.150400E+004 1.570926E+074 2.150400E+004, Wed Sep 02 21:44:22 2015
0.00, 1.80, 0.00, 1.80 , -4.241887E-004, 4.240660E-004, -3.519614E-011, 1.421340E-011, 2.150400E+004 1.570926E+074 2.150400E+004, Wed Sep 02 21:44:26 2015
0.00, 1.80, -0.02, 1.80 , -4.367489E-004, 4.368970E-004, -3.683140E-011, 1.425420E-011, 2.150400E+004 1.570926E+074 2.150400E+004, Wed Sep 02 21:44:29 2015
0.00, 1.80, -0.04, 1.80 , -4.495142E-004, 4.494340E-004, -3.574123E-011, 1.423870E-011, 2.150400E+004 1.570926E+074 2.150400E+004, Wed Sep 02 21:44:33 2015
0.00, 1.80, -0.06, 1.80 , -4.621606E-004, 4.623160E-004, -3.838281E-011, 1.421870E-011, 2.150400E+004 1.570926E+074 2.150400E+004, Wed Sep 02 21:44:36 2015
0.00, 1.80, -0.08, 1.80 , -4.749674E-004, 4.750170E-004, -3.653789E-011, 1.423160E-011, 2.150400E+004 1.570926E+074 2.150400E+004, Wed Sep 02 21:44:40 2015
0.00, 1.80, -0.10, 1.80 , -4.877217E-004, 4.878750E-004, -3.699913E-011, 1.420260E-011, 2.150400E+004 1.570926E+074 2.150400E+004, Wed Sep 02 21:44:43 2015
0.00, 1.80, -0.12, 1.80 , -5.007410E-004, 5.006040E-004, -3.741842E-011, 1.415800E-011, 2.150400E+004 1.570926E+074 2.150400E+004, Wed Sep 02 21:44:47 2015
0.00, 1.80, -0.14, 1.80 , -5.135740E-004, 5.135820E-004, -3.834089E-011, 1.417160E-011, 2.150400E+004 1.570926E+074 2.150400E+004, Wed Sep 02 21:44:50 2015
0.00, 1.80, -0.16, 1.80 , -5.269535E-004, 5.268590E-004, -3.909563E-011, 1.406260E-011, 2.150400E+004 1.570926E+074 2.150400E+004, Wed Sep 02 21:44:54 2015
0.00, 1.80, -0.18, 1.80 , -5.400521E-004, 5.398510E-004, -3.968263E-011, 1.405400E-011, 2.150400E+004 1.570926E+074 2.150400E+004, Wed Sep 02 21:44:58 2015
0.00, 1.80, -0.20, 1.80 , -5.532302E-004, 5.532720E-004, -4.043738E-011, 1.410400E-011, 2.150400E+004 1.570926E+074 2.150400E+004, Wed Sep 02 21:45:01 2015
