0.00, 0.00, 0.80, 0.00 , 4.179722E-009, -4.587240E-009, 1.363831E-012, -9.982590E-014, 2.150400E+004 1.570926E+074 2.150400E+004, Mon Aug 31 02:13:24 2015
0.05, 0.00, 0.80, 0.00 , 1.886130E-006, -1.886580E-006, -1.276489E-011, -7.706880E-014, 2.150400E+004 1.570926E+074 2.150400E+004, Mon Aug 31 02:13:28 2015
0.10, 0.00, 0.80, 0.00 , 3.201189E-006, -3.201060E-006, -8.162620E-013, -8.474590E-014, 2.150400E+004 1.570926E+074 2.150400E+004, Mon Aug 31 02:13:31 2015
0.15, 0.00, 0.80, 0.00 , 4.037452E-006, -4.038850E-006, 3.627784E-012, -1.101370E-013, 2.150400E+004 1.570926E+074 2.150400E+004, Mon Aug 31 02:13:35 2015
0.20, 0.00, 0.80, 0.00 , 4.521580E-006, -4.521020E-006, -3.611839E-011, -7.958410E-014, 2.150400E+004 1.570926E+074 2.150400E+004, Mon Aug 31 02:13:38 2015
0.25, 0.00, 0.80, 0.00 , 4.771275E-006, -4.771100E-006, -1.012361E-011, -8.524660E-014, 2.150400E+004 1.570926E+074 2.150400E+004, Mon Aug 31 02:13:42 2015
0.30, 0.00, 0.80, 0.00 , 4.897789E-006, -4.898020E-006, -7.482339E-012, -9.951590E-014, 2.150400E+004 1.570926E+074 2.150400E+004, Mon Aug 31 02:13:46 2015
0.35, 0.00, 0.80, 0.00 , 4.964400E-006, -4.965280E-006, -7.901593E-012, -8.274320E-014, 2.150400E+004 1.570926E+074 2.150400E+004, Mon Aug 31 02:13:49 2015
0.40, 0.00, 0.80, 0.00 , 5.010922E-006, -5.010640E-006, -4.395913E-011, -8.964540E-014, 2.150400E+004 1.570926E+074 2.150400E+004, Mon Aug 31 02:13:53 2015
0.45, 0.00, 0.80, 0.00 , 5.036249E-006, -5.035080E-006, -2.681012E-011, -8.167030E-014, 2.150400E+004 1.570926E+074 2.150400E+004, Mon Aug 31 02:13:56 2015
0.50, 0.00, 0.80, 0.00 , 5.059585E-006, -5.062250E-006, -2.819379E-011, -7.069110E-014, 2.150400E+004 1.570926E+074 2.150400E+004, Mon Aug 31 02:14:00 2015
0.55, 0.00, 0.80, 0.00 , 5.084971E-006, -5.085320E-006, -6.408513E-011, -9.335280E-014, 2.150400E+004 1.570926E+074 2.150400E+004, Mon Aug 31 02:14:03 2015
0.60, 0.00, 0.80, 0.00 , 5.107071E-006, -5.106970E-006, -5.624440E-011, -9.068250E-014, 2.150400E+004 1.570926E+074 2.150400E+004, Mon Aug 31 02:14:07 2015
0.65, 0.00, 0.80, 0.00 , 5.124214E-006, -5.121350E-006, -1.050094E-011, -7.616280E-014, 2.150400E+004 1.570926E+074 2.150400E+004, Mon Aug 31 02:14:10 2015
0.70, 0.00, 0.80, 0.00 , 5.139419E-006, -5.140060E-006, -1.678968E-011, -7.724760E-014, 2.150400E+004 1.570926E+074 2.150400E+004, Mon Aug 31 02:14:14 2015
0.75, 0.00, 0.80, 0.00 , 5.156263E-006, -5.156420E-006, -3.448315E-011, -8.233790E-014, 2.150400E+004 1.570926E+074 2.150400E+004, Mon Aug 31 02:14:17 2015
0.80, 0.00, 0.80, 0.00 , 5.169934E-006, -5.167300E-006, -3.553139E-011, -9.310250E-014, 2.150400E+004 1.570926E+074 2.150400E+004, Mon Aug 31 02:14:21 2015
0.85, 0.00, 0.80, 0.00 , 5.186156E-006, -5.182650E-006, -9.001203E-013, -7.629390E-014, 2.150400E+004 1.570926E+074 2.150400E+004, Mon Aug 31 02:14:25 2015
0.90, 0.00, 0.80, 0.00 , 5.199190E-006, -5.198590E-006, -3.687312E-011, -9.783510E-014, 2.150400E+004 1.570926E+074 2.150400E+004, Mon Aug 31 02:14:28 2015
0.95, 0.00, 0.80, 0.00 , 5.210237E-006, -5.211330E-006, -1.213601E-011, -8.397100E-014, 2.150400E+004 1.570926E+074 2.150400E+004, Mon Aug 31 02:14:32 2015
1.00, 0.00, 0.80, 0.00 , 5.222567E-006, -5.222340E-006, -2.005983E-011, -9.064670E-014, 2.150400E+004 1.570926E+074 2.150400E+004, Mon Aug 31 02:14:35 2015
1.05, 0.00, 0.80, 0.00 , 5.234672E-006, -5.235540E-006, 9.078040E-012, -1.020070E-013, 2.150400E+004 1.570926E+074 2.150400E+004, Mon Aug 31 02:14:39 2015
1.10, 0.00, 0.80, 0.00 , 5.249143E-006, -5.247720E-006, -4.743926E-011, -1.082660E-013, 2.150400E+004 1.570926E+074 2.150400E+004, Mon Aug 31 02:14:42 2015
1.15, 0.00, 0.80, 0.00 , 5.262516E-006, -5.261650E-006, -9.830142E-012, -9.933710E-014, 2.150400E+004 1.570926E+074 2.150400E+004, Mon Aug 31 02:14:46 2015
1.20, 0.00, 0.80, 0.00 , 5.274586E-006, -5.275970E-006, -2.127565E-011, -7.783170E-014, 2.150400E+004 1.570926E+074 2.150400E+004, Mon Aug 31 02:14:49 2015
1.25, 0.00, 0.80, 0.00 , 5.290982E-006, -5.290420E-006, -2.073063E-011, -6.680490E-014, 2.150400E+004 1.570926E+074 2.150400E+004, Mon Aug 31 02:14:53 2015
1.30, 0.00, 0.80, 0.00 , 5.305902E-006, -5.304150E-006, -4.861329E-011, -8.071660E-014, 2.150400E+004 1.570926E+074 2.150400E+004, Mon Aug 31 02:14:57 2015
1.35, 0.00, 0.80, 0.00 , 5.323359E-006, -5.323290E-006, -9.788215E-012, -7.600780E-014, 2.150400E+004 1.570926E+074 2.150400E+004, Mon Aug 31 02:15:00 2015
1.40, 0.00, 0.80, 0.00 , 5.343099E-006, -5.343540E-006, -1.192638E-011, -1.045700E-013, 2.150400E+004 1.570926E+074 2.150400E+004, Mon Aug 31 02:15:04 2015
1.45, 0.00, 0.80, 0.00 , 5.364263E-006, -5.364940E-006, -1.435803E-011, -8.834600E-014, 2.150400E+004 1.570926E+074 2.150400E+004, Mon Aug 31 02:15:07 2015
1.50, 0.00, 0.80, 0.00 , 5.380184E-006, -5.378220E-006, -3.209320E-011, -6.319280E-014, 2.150400E+004 1.570926E+074 2.150400E+004, Mon Aug 31 02:15:11 2015
1.55, 0.00, 0.80, 0.00 , 5.395831E-006, -5.394590E-006, -1.775396E-011, -9.109970E-014, 2.150400E+004 1.570926E+074 2.150400E+004, Mon Aug 31 02:15:14 2015
1.60, 0.00, 0.80, 0.00 , 5.419650E-006, -5.418530E-006, -6.601905E-012, -1.101140E-013, 2.150400E+004 1.570926E+074 2.150400E+004, Mon Aug 31 02:15:18 2015
1.65, 0.00, 0.80, 0.00 , 5.436558E-006, -5.434060E-006, -3.205989E-012, -8.594990E-014, 2.150400E+004 1.570926E+074 2.150400E+004, Mon Aug 31 02:15:21 2015
1.70, 0.00, 0.80, 0.00 , 5.451094E-006, -5.449010E-006, 2.060740E-011, -8.018020E-014, 2.150400E+004 1.570926E+074 2.150400E+004, Mon Aug 31 02:15:25 2015
1.75, 0.00, 0.80, 0.00 , 5.469375E-006, -5.469270E-006, -3.364457E-011, -8.282660E-014, 2.150400E+004 1.570926E+074 2.150400E+004, Mon Aug 31 02:15:28 2015
1.80, 0.00, 0.80, 0.00 , 5.492632E-006, -5.492710E-006, -2.848729E-011, -5.968810E-014, 2.150400E+004 1.570926E+074 2.150400E+004, Mon Aug 31 02:15:32 2015
1.85, 0.00, 0.80, 0.00 , 5.511708E-006, -5.512170E-006, -1.867631E-011, -8.870360E-014, 2.150400E+004 1.570926E+074 2.150400E+004, Mon Aug 31 02:15:36 2015
1.90, 0.00, 0.80, 0.00 , 5.532298E-006, -5.528700E-006, -2.194645E-011, -1.118300E-013, 2.150400E+004 1.570926E+074 2.150400E+004, Mon Aug 31 02:15:39 2015
1.95, 0.00, 0.80, 0.00 , 5.547589E-006, -5.547090E-006, -2.270110E-011, -7.821320E-014, 2.150400E+004 1.570926E+074 2.150400E+004, Mon Aug 31 02:15:43 2015
2.00, 0.00, 0.80, 0.00 , 5.564939E-006, -5.564890E-006, -6.895384E-012, -8.562800E-014, 2.150400E+004 1.570926E+074 2.150400E+004, Mon Aug 31 02:15:46 2015
