0.00, 0.00, 0.40, 0.00 , -3.431718E-011, -3.583190E-013, -2.823579E-011, -9.126660E-014, 2.150400E+004 1.570926E+074 2.150400E+004, Thu Sep 03 00:24:58 2015
0.05, 0.00, 0.40, 0.00 , -3.528777E-011, -4.104970E-013, -2.940982E-011, -8.338690E-014, 2.150400E+004 1.570926E+074 2.150400E+004, Thu Sep 03 00:25:10 2015
0.10, 0.00, 0.40, 0.00 , -3.064577E-011, -3.720880E-013, 1.905678E-011, -8.156300E-014, 2.150400E+004 1.570926E+074 2.150400E+004, Thu Sep 03 00:25:44 2015
0.15, 0.00, 0.40, 0.00 , -2.811378E-011, -3.045920E-013, 1.461264E-011, -7.581710E-014, 2.150400E+004 1.570926E+074 2.150400E+004, Thu Sep 03 00:26:43 2015
0.20, 0.00, 0.40, 0.00 , -2.355617E-011, -3.647090E-013, -2.899052E-011, -7.654430E-014, 2.150400E+004 1.570926E+074 2.150400E+004, Thu Sep 03 00:27:10 2015
0.25, 0.00, 0.40, 0.00 , -2.034896E-011, -3.891110E-013, -2.140140E-011, -9.906290E-014, 2.150400E+004 1.570926E+074 2.150400E+004, Thu Sep 03 00:28:24 2015
0.30, 0.00, 0.40, 0.00 , -3.127878E-011, -3.590700E-013, -1.796351E-011, -9.084940E-014, 2.150400E+004 1.570926E+074 2.150400E+004, Thu Sep 03 00:29:57 2015
0.35, 0.00, 0.40, 0.00 , -2.347175E-011, -3.644820E-013, -3.142245E-011, -6.837840E-014, 2.150400E+004 1.570926E+074 2.150400E+004, Thu Sep 03 00:30:58 2015
0.40, 0.00, 0.40, 0.00 , 1.341875E-012, -3.039840E-013, -3.498647E-011, -9.200570E-014, 2.150400E+004 1.570926E+074 2.150400E+004, Thu Sep 03 00:31:17 2015
0.45, 0.00, 0.40, 0.00 , -7.140347E-012, -3.360870E-013, -1.513835E-010, -6.971360E-014, 2.150400E+004 1.570926E+074 2.150400E+004, Thu Sep 03 00:31:28 2015
0.50, 0.00, 0.40, 0.00 , -2.241678E-011, -3.833890E-013, -6.152801E-011, -8.386370E-014, 2.150400E+004 1.570926E+074 2.150400E+004, Thu Sep 03 00:32:36 2015
0.55, 0.00, 0.40, 0.00 , -2.524418E-011, -3.413200E-013, -1.133926E-011, -8.674860E-014, 2.150400E+004 1.570926E+074 2.150400E+004, Thu Sep 03 00:33:11 2015
0.60, 0.00, 0.40, 0.00 , -2.119298E-011, -4.060030E-013, -3.792156E-011, -6.333590E-014, 2.150400E+004 1.570926E+074 2.150400E+004, Thu Sep 03 00:33:18 2015
0.65, 0.00, 0.40, 0.00 , -9.798960E-012, -2.935290E-013, -1.502871E-011, -9.738210E-014, 2.150400E+004 1.570926E+074 2.150400E+004, Thu Sep 03 00:33:33 2015
0.70, 0.00, 0.40, 0.00 , -4.270744E-012, -3.127690E-013, -1.360989E-012, -1.070860E-013, 2.150400E+004 1.570926E+074 2.150400E+004, Thu Sep 03 00:34:15 2015
0.75, 0.00, 0.40, 0.00 , -6.633948E-012, -3.183960E-013, 3.150873E-011, -8.754730E-014, 2.150400E+004 1.570926E+074 2.150400E+004, Thu Sep 03 00:34:25 2015
0.80, 0.00, 0.40, 0.00 , -3.511140E-012, -3.568410E-013, -2.085637E-011, -8.478160E-014, 2.150400E+004 1.570926E+074 2.150400E+004, Thu Sep 03 00:34:55 2015
0.85, 0.00, 0.40, 0.00 , 2.059266E-012, -2.718810E-013, 6.059861E-012, -1.028300E-013, 2.150400E+004 1.570926E+074 2.150400E+004, Thu Sep 03 00:35:13 2015
0.90, 0.00, 0.40, 0.00 , -7.309150E-012, -3.045080E-013, 5.256750E-013, -9.652380E-014, 2.150400E+004 1.570926E+074 2.150400E+004, Thu Sep 03 00:35:32 2015
0.95, 0.00, 0.40, 0.00 , 2.734413E-012, -4.225850E-013, -1.116761E-010, -6.713870E-014, 2.150400E+004 1.570926E+074 2.150400E+004, Thu Sep 03 00:35:37 2015
1.00, 0.00, 0.40, 0.00 , -5.832152E-012, -4.288320E-013, -2.211414E-011, -7.954840E-014, 2.150400E+004 1.570926E+074 2.150400E+004, Thu Sep 03 00:35:40 2015
1.05, 0.00, 0.40, 0.00 , -8.954968E-012, -3.378030E-013, -5.150682E-011, -1.021500E-013, 2.150400E+004 1.570926E+074 2.150400E+004, Thu Sep 03 00:35:45 2015
1.10, 0.00, 0.40, 0.00 , -2.962542E-012, -3.864770E-013, -1.725077E-011, -9.696480E-014, 2.150400E+004 1.570926E+074 2.150400E+004, Thu Sep 03 00:35:49 2015
1.15, 0.00, 0.40, 0.00 , -1.608680E-011, -4.427670E-013, -5.653840E-011, -9.248260E-014, 2.150400E+004 1.570926E+074 2.150400E+004, Thu Sep 03 00:35:58 2015
1.20, 0.00, 0.40, 0.00 , -9.123762E-012, -3.603580E-013, -4.333052E-011, -9.063480E-014, 2.150400E+004 1.570926E+074 2.150400E+004, Thu Sep 03 00:36:03 2015
1.25, 0.00, 0.40, 0.00 , -4.903745E-012, -4.250530E-013, -2.366544E-011, -7.456540E-014, 2.150400E+004 1.570926E+074 2.150400E+004, Thu Sep 03 00:36:06 2015
1.30, 0.00, 0.40, 0.00 , -9.123767E-012, -4.721640E-013, -4.613981E-011, -9.982590E-014, 2.150400E+004 1.570926E+074 2.150400E+004, Thu Sep 03 00:36:11 2015
1.35, 0.00, 0.40, 0.00 , 1.426275E-012, -3.829960E-013, -7.020931E-012, -6.650690E-014, 2.150400E+004 1.570926E+074 2.150400E+004, Thu Sep 03 00:36:18 2015
1.40, 0.00, 0.40, 0.00 , -5.494550E-012, -3.470660E-013, -3.070965E-011, -8.335110E-014, 2.150400E+004 1.570926E+074 2.150400E+004, Thu Sep 03 00:36:25 2015
1.45, 0.00, 0.40, 0.00 , -1.338597E-011, -3.771070E-013, 1.406120E-012, -9.167190E-014, 2.150400E+004 1.570926E+074 2.150400E+004, Thu Sep 03 00:36:31 2015
1.50, 0.00, 0.40, 0.00 , -5.958752E-012, -3.995180E-013, -4.190490E-011, -6.867650E-014, 2.150400E+004 1.570926E+074 2.150400E+004, Thu Sep 03 00:36:34 2015
1.55, 0.00, 0.40, 0.00 , -1.612135E-012, -3.975750E-013, -2.601351E-011, -7.371900E-014, 2.150400E+004 1.570926E+074 2.150400E+004, Thu Sep 03 00:36:38 2015
1.60, 0.00, 0.40, 0.00 , -7.182558E-012, -4.065630E-013, -2.987106E-011, -9.289980E-014, 2.150400E+004 1.570926E+074 2.150400E+004, Thu Sep 03 00:36:42 2015
1.65, 0.00, 0.40, 0.00 , -4.819352E-012, -3.391270E-013, -3.787965E-011, -7.774830E-014, 2.150400E+004 1.570926E+074 2.150400E+004, Thu Sep 03 00:36:45 2015
1.70, 0.00, 0.40, 0.00 , -6.338557E-012, -4.567860E-013, 6.604887E-012, -8.990760E-014, 2.150400E+004 1.570926E+074 2.150400E+004, Thu Sep 03 00:36:49 2015
1.75, 0.00, 0.40, 0.00 , -7.604564E-012, -4.456280E-013, -4.563667E-011, -1.191970E-013, 2.150400E+004 1.570926E+074 2.150400E+004, Thu Sep 03 00:36:54 2015
1.80, 0.00, 0.40, 0.00 , -8.530069E-015, -2.979870E-013, 1.306145E-011, -7.700920E-014, 2.150400E+004 1.570926E+074 2.150400E+004, Thu Sep 03 00:36:58 2015
1.85, 0.00, 0.40, 0.00 , 7.966802E-012, -3.900770E-013, -5.871875E-011, -9.586810E-014, 2.150400E+004 1.570926E+074 2.150400E+004, Thu Sep 03 00:37:01 2015
1.90, 0.00, 0.40, 0.00 , -2.624939E-012, -3.904100E-013, -2.660651E-012, -8.869170E-014, 2.150400E+004 1.570926E+074 2.150400E+004, Thu Sep 03 00:37:05 2015
1.95, 0.00, 0.40, 0.00 , 7.932722E-013, -4.008290E-013, -1.586722E-011, -9.011030E-014, 2.150400E+004 1.570926E+074 2.150400E+004, Thu Sep 03 00:37:09 2015
2.00, 0.00, 0.40, 0.00 , -1.274536E-012, -3.749250E-013, -3.104509E-011, -1.150250E-013, 2.150400E+004 1.570926E+074 2.150400E+004, Thu Sep 03 00:37:12 2015
