0.00, 0.00, 1.20, 0.00 , 1.479161E-008, -1.462920E-008, 1.992698E-012, -8.816720E-014, 2.150400E+004 1.570926E+074 2.150400E+004, Mon Aug 31 02:15:51 2015
0.05, 0.00, 1.20, 0.00 , 7.083420E-006, -7.083720E-006, 6.814098E-012, -8.338690E-014, 2.150400E+004 1.570926E+074 2.150400E+004, Mon Aug 31 02:15:55 2015
0.10, 0.00, 1.20, 0.00 , 1.349697E-005, -1.350370E-005, -2.873886E-011, -1.031760E-013, 2.150400E+004 1.570926E+074 2.150400E+004, Mon Aug 31 02:15:58 2015
0.15, 0.00, 1.20, 0.00 , 1.923581E-005, -1.923880E-005, -5.553781E-012, -7.994170E-014, 2.150400E+004 1.570926E+074 2.150400E+004, Mon Aug 31 02:16:02 2015
0.20, 0.00, 1.20, 0.00 , 2.429798E-005, -2.430070E-005, 8.188138E-013, -8.785720E-014, 2.150400E+004 1.570926E+074 2.150400E+004, Mon Aug 31 02:16:05 2015
0.25, 0.00, 1.20, 0.00 , 2.869609E-005, -2.869630E-005, -3.960655E-012, -9.313820E-014, 2.150400E+004 1.570926E+074 2.150400E+004, Mon Aug 31 02:16:09 2015
0.30, 0.00, 1.20, 0.00 , 3.245115E-005, -3.245250E-005, -2.571996E-011, -6.638770E-014, 2.150400E+004 1.570926E+074 2.150400E+004, Mon Aug 31 02:16:13 2015
0.35, 0.00, 1.20, 0.00 , 3.557044E-005, -3.557630E-005, 1.264167E-011, -8.515120E-014, 2.150400E+004 1.570926E+074 2.150400E+004, Mon Aug 31 02:16:16 2015
0.40, 0.00, 1.20, 0.00 , 3.810204E-005, -3.810430E-005, -3.196741E-011, -7.580520E-014, 2.150400E+004 1.570926E+074 2.150400E+004, Mon Aug 31 02:16:20 2015
0.45, 0.00, 1.20, 0.00 , 4.006554E-005, -4.006910E-005, -1.532231E-011, -8.845330E-014, 2.150400E+004 1.570926E+074 2.150400E+004, Mon Aug 31 02:16:23 2015
0.50, 0.00, 1.20, 0.00 , 4.156317E-005, -4.156160E-005, -6.560001E-012, -8.018020E-014, 2.150400E+004 1.570926E+074 2.150400E+004, Mon Aug 31 02:16:27 2015
0.55, 0.00, 1.20, 0.00 , 4.262721E-005, -4.262920E-005, 1.758877E-011, -6.309750E-014, 2.150400E+004 1.570926E+074 2.150400E+004, Mon Aug 31 02:16:30 2015
0.60, 0.00, 1.20, 0.00 , 4.338685E-005, -4.338990E-005, -8.404678E-012, -9.270910E-014, 2.150400E+004 1.570926E+074 2.150400E+004, Mon Aug 31 02:16:34 2015
0.65, 0.00, 1.20, 0.00 , 4.390403E-005, -4.390920E-005, -2.483945E-011, -6.883140E-014, 2.150400E+004 1.570926E+074 2.150400E+004, Mon Aug 31 02:16:37 2015
0.70, 0.00, 1.20, 0.00 , 4.426476E-005, -4.426240E-005, 5.598263E-012, -8.155110E-014, 2.150400E+004 1.570926E+074 2.150400E+004, Mon Aug 31 02:16:41 2015
0.75, 0.00, 1.20, 0.00 , 4.454198E-005, -4.453800E-005, -1.670583E-011, -9.344820E-014, 2.150400E+004 1.570926E+074 2.150400E+004, Mon Aug 31 02:16:44 2015
0.80, 0.00, 1.20, 0.00 , 4.473454E-005, -4.474190E-005, -6.161044E-014, -8.033510E-014, 2.150400E+004 1.570926E+074 2.150400E+004, Mon Aug 31 02:16:48 2015
0.85, 0.00, 1.20, 0.00 , 4.491668E-005, -4.491990E-005, 1.289321E-011, -8.269550E-014, 2.150400E+004 1.570926E+074 2.150400E+004, Mon Aug 31 02:16:51 2015
0.90, 0.00, 1.20, 0.00 , 4.506503E-005, -4.506420E-005, -1.603503E-011, -8.076430E-014, 2.150400E+004 1.570926E+074 2.150400E+004, Mon Aug 31 02:16:55 2015
0.95, 0.00, 1.20, 0.00 , 4.519432E-005, -4.518500E-005, -2.592961E-011, -9.002690E-014, 2.150400E+004 1.570926E+074 2.150400E+004, Mon Aug 31 02:16:59 2015
1.00, 0.00, 1.20, 0.00 , 4.530442E-005, -4.530660E-005, -2.207223E-011, -9.596350E-014, 2.150400E+004 1.570926E+074 2.150400E+004, Mon Aug 31 02:17:02 2015
1.05, 0.00, 1.20, 0.00 , 4.541493E-005, -4.540810E-005, -1.620273E-011, -1.063110E-013, 2.150400E+004 1.570926E+074 2.150400E+004, Mon Aug 31 02:17:06 2015
1.10, 0.00, 1.20, 0.00 , 4.550648E-005, -4.550490E-005, -5.008769E-012, -9.313820E-014, 2.150400E+004 1.570926E+074 2.150400E+004, Mon Aug 31 02:17:09 2015
1.15, 0.00, 1.20, 0.00 , 4.560362E-005, -4.560190E-005, -2.538453E-011, -8.859630E-014, 2.150400E+004 1.570926E+074 2.150400E+004, Mon Aug 31 02:17:13 2015
1.20, 0.00, 1.20, 0.00 , 4.568448E-005, -4.569130E-005, -1.133944E-011, -8.218290E-014, 2.150400E+004 1.570926E+074 2.150400E+004, Mon Aug 31 02:17:16 2015
1.25, 0.00, 1.20, 0.00 , 4.577614E-005, -4.576660E-005, 7.149482E-012, -8.119340E-014, 2.150400E+004 1.570926E+074 2.150400E+004, Mon Aug 31 02:17:20 2015
1.30, 0.00, 1.20, 0.00 , 4.586628E-005, -4.586190E-005, -5.428012E-012, -7.791520E-014, 2.150400E+004 1.570926E+074 2.150400E+004, Mon Aug 31 02:17:23 2015
1.35, 0.00, 1.20, 0.00 , 4.594252E-005, -4.594100E-005, -1.829898E-011, -7.628200E-014, 2.150400E+004 1.570926E+074 2.150400E+004, Mon Aug 31 02:17:27 2015
1.40, 0.00, 1.20, 0.00 , 4.602629E-005, -4.602090E-005, -2.890658E-011, -9.034870E-014, 2.150400E+004 1.570926E+074 2.150400E+004, Mon Aug 31 02:17:30 2015
1.45, 0.00, 1.20, 0.00 , 4.609014E-005, -4.608680E-005, -1.205216E-011, -9.471180E-014, 2.150400E+004 1.570926E+074 2.150400E+004, Mon Aug 31 02:17:34 2015
1.50, 0.00, 1.20, 0.00 , 4.618165E-005, -4.617720E-005, -1.209408E-011, -8.634330E-014, 2.150400E+004 1.570926E+074 2.150400E+004, Mon Aug 31 02:17:38 2015
1.55, 0.00, 1.20, 0.00 , 4.627603E-005, -4.627340E-005, -2.161105E-011, -7.786750E-014, 2.150400E+004 1.570926E+074 2.150400E+004, Mon Aug 31 02:17:41 2015
1.60, 0.00, 1.20, 0.00 , 4.636288E-005, -4.635670E-005, -7.743268E-013, -8.084770E-014, 2.150400E+004 1.570926E+074 2.150400E+004, Mon Aug 31 02:17:45 2015
1.65, 0.00, 1.20, 0.00 , 4.645528E-005, -4.645380E-005, -1.846668E-011, -8.792880E-014, 2.150400E+004 1.570926E+074 2.150400E+004, Mon Aug 31 02:17:48 2015
1.70, 0.00, 1.20, 0.00 , 4.655846E-005, -4.655270E-005, -1.490305E-011, -9.629730E-014, 2.150400E+004 1.570926E+074 2.150400E+004, Mon Aug 31 02:17:52 2015
1.75, 0.00, 1.20, 0.00 , 4.665376E-005, -4.665560E-005, -1.867631E-011, -6.502870E-014, 2.150400E+004 1.570926E+074 2.150400E+004, Mon Aug 31 02:17:55 2015
1.80, 0.00, 1.20, 0.00 , 4.674982E-005, -4.674870E-005, -1.733470E-011, -8.599760E-014, 2.150400E+004 1.570926E+074 2.150400E+004, Mon Aug 31 02:17:59 2015
1.85, 0.00, 1.20, 0.00 , 4.686644E-005, -4.686610E-005, -1.696695E-012, -8.089540E-014, 2.150400E+004 1.570926E+074 2.150400E+004, Mon Aug 31 02:18:02 2015
1.90, 0.00, 1.20, 0.00 , 4.696057E-005, -4.695820E-005, -6.811555E-012, -1.017570E-013, 2.150400E+004 1.570926E+074 2.150400E+004, Mon Aug 31 02:18:06 2015
1.95, 0.00, 1.20, 0.00 , 4.705869E-005, -4.706000E-005, -2.467174E-011, -9.754900E-014, 2.150400E+004 1.570926E+074 2.150400E+004, Mon Aug 31 02:18:09 2015
2.00, 0.00, 1.20, 0.00 , 4.715988E-005, -4.716590E-005, 5.891735E-012, -7.863040E-014, 2.150400E+004 1.570926E+074 2.150400E+004, Mon Aug 31 02:18:13 2015
