0.00, 0.00, 1.20, 0.00 , -1.547985E-010, 1.507540E-010, -7.251366E-011, -7.227660E-014, 2.150400E+004 1.570926E+074 2.150400E+004, Thu Sep 03 00:40:08 2015
0.05, 0.00, 1.20, 0.00 , 7.185943E-007, -7.163910E-007, -4.416912E-011, -7.380250E-014, 2.150400E+004 1.570926E+074 2.150400E+004, Thu Sep 03 00:40:13 2015
0.10, 0.00, 1.20, 0.00 , 4.149093E-006, -4.137170E-006, 1.092323E-011, -9.515290E-014, 2.150400E+004 1.570926E+074 2.150400E+004, Thu Sep 03 00:40:16 2015
0.15, 0.00, 1.20, 0.00 , 1.047189E-005, -1.045380E-005, 8.575415E-012, -8.944270E-014, 2.150400E+004 1.570926E+074 2.150400E+004, Thu Sep 03 00:40:20 2015
0.20, 0.00, 1.20, 0.00 , 1.754925E-005, -1.752260E-005, -4.333055E-011, -7.374290E-014, 2.150400E+004 1.570926E+074 2.150400E+004, Thu Sep 03 00:40:24 2015
0.25, 0.00, 1.20, 0.00 , 2.356807E-005, -2.354550E-005, -1.951475E-011, -1.014590E-013, 2.150400E+004 1.570926E+074 2.150400E+004, Thu Sep 03 00:40:27 2015
0.30, 0.00, 1.20, 0.00 , 2.873332E-005, -2.870650E-005, -4.928458E-011, -8.583070E-014, 2.150400E+004 1.570926E+074 2.150400E+004, Thu Sep 03 00:40:31 2015
0.35, 0.00, 1.20, 0.00 , 3.300361E-005, -3.297790E-005, -4.354018E-011, -1.124740E-013, 2.150400E+004 1.570926E+074 2.150400E+004, Thu Sep 03 00:40:34 2015
0.40, 0.00, 1.20, 0.00 , 3.636470E-005, -3.633810E-005, 8.281945E-012, -8.575920E-014, 2.150400E+004 1.570926E+074 2.150400E+004, Thu Sep 03 00:40:38 2015
0.45, 0.00, 1.20, 0.00 , 3.882979E-005, -3.880130E-005, -4.672684E-011, -8.809570E-014, 2.150400E+004 1.570926E+074 2.150400E+004, Thu Sep 03 00:40:41 2015
0.50, 0.00, 1.20, 0.00 , 4.060087E-005, -4.057080E-005, -3.221913E-011, -8.502010E-014, 2.150400E+004 1.570926E+074 2.150400E+004, Thu Sep 03 00:40:45 2015
0.55, 0.00, 1.20, 0.00 , 4.174968E-005, -4.172360E-005, 3.670751E-011, -8.078810E-014, 2.150400E+004 1.570926E+074 2.150400E+004, Thu Sep 03 00:40:48 2015
0.60, 0.00, 1.20, 0.00 , 4.253212E-005, -4.250890E-005, -2.660053E-011, -1.013760E-013, 2.150400E+004 1.570926E+074 2.150400E+004, Thu Sep 03 00:40:52 2015
0.65, 0.00, 1.20, 0.00 , 4.306503E-005, -4.305750E-005, -4.722999E-011, -8.585450E-014, 2.150400E+004 1.570926E+074 2.150400E+004, Thu Sep 03 00:40:55 2015
0.70, 0.00, 1.20, 0.00 , 4.340904E-005, -4.338150E-005, 1.285183E-011, -8.009670E-014, 2.150400E+004 1.570926E+074 2.150400E+004, Thu Sep 03 00:40:59 2015
0.75, 0.00, 1.20, 0.00 , 4.366217E-005, -4.363150E-005, -1.859239E-011, -9.974240E-014, 2.150400E+004 1.570926E+074 2.150400E+004, Thu Sep 03 00:41:03 2015
0.80, 0.00, 1.20, 0.00 , 4.386105E-005, -4.383390E-005, -3.230298E-011, -9.158850E-014, 2.150400E+004 1.570926E+074 2.150400E+004, Thu Sep 03 00:41:06 2015
0.85, 0.00, 1.20, 0.00 , 4.400941E-005, -4.398480E-005, -1.808928E-011, -7.930990E-014, 2.150400E+004 1.570926E+074 2.150400E+004, Thu Sep 03 00:41:10 2015
0.90, 0.00, 1.20, 0.00 , 4.418339E-005, -4.415630E-005, 1.377421E-011, -9.101630E-014, 2.150400E+004 1.570926E+074 2.150400E+004, Thu Sep 03 00:41:13 2015
0.95, 0.00, 1.20, 0.00 , 4.431079E-005, -4.429490E-005, -1.649610E-011, -1.029730E-013, 2.150400E+004 1.570926E+074 2.150400E+004, Thu Sep 03 00:41:17 2015
1.00, 0.00, 1.20, 0.00 , 4.443578E-005, -4.441080E-005, -3.293193E-011, -9.553430E-014, 2.150400E+004 1.570926E+074 2.150400E+004, Thu Sep 03 00:41:20 2015
1.05, 0.00, 1.20, 0.00 , 4.458292E-005, -4.455910E-005, 3.376648E-012, -7.326600E-014, 2.150400E+004 1.570926E+074 2.150400E+004, Thu Sep 03 00:41:24 2015
1.10, 0.00, 1.20, 0.00 , 4.469327E-005, -4.466090E-005, -1.846661E-011, -7.594820E-014, 2.150400E+004 1.570926E+074 2.150400E+004, Thu Sep 03 00:41:27 2015
1.15, 0.00, 1.20, 0.00 , 4.494362E-005, -4.491500E-005, -3.318351E-011, -8.902550E-014, 2.150400E+004 1.570926E+074 2.150400E+004, Thu Sep 03 00:41:31 2015
1.20, 0.00, 1.20, 0.00 , 4.531184E-005, -4.529980E-005, 1.104902E-011, -7.770060E-014, 2.150400E+004 1.570926E+074 2.150400E+004, Thu Sep 03 00:41:34 2015
1.25, 0.00, 1.20, 0.00 , 4.587764E-005, -4.585750E-005, 4.718250E-012, -9.300710E-014, 2.150400E+004 1.570926E+074 2.150400E+004, Thu Sep 03 00:41:38 2015
1.30, 0.00, 1.20, 0.00 , 4.651840E-005, -4.645580E-005, -3.423176E-011, -1.082060E-013, 2.150400E+004 1.570926E+074 2.150400E+004, Thu Sep 03 00:41:42 2015
1.35, 0.00, 1.20, 0.00 , 4.699663E-005, -4.697680E-005, -2.857123E-011, -6.744860E-014, 2.150400E+004 1.570926E+074 2.150400E+004, Thu Sep 03 00:41:45 2015
1.40, 0.00, 1.20, 0.00 , 4.745179E-005, -4.744000E-005, 3.050254E-011, -1.004820E-013, 2.150400E+004 1.570926E+074 2.150400E+004, Thu Sep 03 00:41:49 2015
1.45, 0.00, 1.20, 0.00 , 4.791401E-005, -4.790590E-005, -4.798856E-012, -7.389780E-014, 2.150400E+004 1.570926E+074 2.150400E+004, Thu Sep 03 00:41:52 2015
1.50, 0.00, 1.20, 0.00 , 4.857717E-005, -4.854390E-005, -2.289696E-013, -7.874970E-014, 2.150400E+004 1.570926E+074 2.150400E+004, Thu Sep 03 00:41:56 2015
1.55, 0.00, 1.20, 0.00 , 4.912591E-005, -4.906410E-005, -4.869755E-011, -9.648800E-014, 2.150400E+004 1.570926E+074 2.150400E+004, Thu Sep 03 00:41:59 2015
1.60, 0.00, 1.20, 0.00 , 4.959581E-005, -4.957610E-005, -3.179983E-011, -8.366110E-014, 2.150400E+004 1.570926E+074 2.150400E+004, Thu Sep 03 00:42:03 2015
1.65, 0.00, 1.20, 0.00 , 5.012131E-005, -5.010090E-005, -1.595107E-011, -8.122920E-014, 2.150400E+004 1.570926E+074 2.150400E+004, Thu Sep 03 00:42:06 2015
1.70, 0.00, 1.20, 0.00 , 5.081434E-005, -5.077090E-005, -2.039519E-011, -9.511710E-014, 2.150400E+004 1.570926E+074 2.150400E+004, Thu Sep 03 00:42:10 2015
1.75, 0.00, 1.20, 0.00 , 5.163948E-005, -5.159620E-005, 4.106775E-011, -7.745030E-014, 2.150400E+004 1.570926E+074 2.150400E+004, Thu Sep 03 00:42:14 2015
1.80, 0.00, 1.20, 0.00 , 5.263643E-005, -5.260220E-005, -2.433632E-011, -1.028180E-013, 2.150400E+004 1.570926E+074 2.150400E+004, Thu Sep 03 00:42:17 2015
1.85, 0.00, 1.20, 0.00 , 5.380153E-005, -5.378220E-005, -3.666369E-011, -7.815360E-014, 2.150400E+004 1.570926E+074 2.150400E+004, Thu Sep 03 00:42:21 2015
1.90, 0.00, 1.20, 0.00 , 5.508481E-005, -5.506290E-005, -1.377094E-011, -7.089380E-014, 2.150400E+004 1.570926E+074 2.150400E+004, Thu Sep 03 00:42:24 2015
1.95, 0.00, 1.20, 0.00 , 5.652201E-005, -5.648300E-005, 3.083145E-012, -7.560250E-014, 2.150400E+004 1.570926E+074 2.150400E+004, Thu Sep 03 00:42:28 2015
2.00, 0.00, 1.20, 0.00 , 5.807051E-005, -5.803240E-005, -3.716685E-011, -7.874970E-014, 2.150400E+004 1.570926E+074 2.150400E+004, Thu Sep 03 00:42:31 2015
