0.00, 0.00, 0.00, 0.00 , -5.156938E-012, -2.964730E-014, -5.628677E-011, -9.560580E-014, 2.150400E+004 1.570926E+074 2.150400E+004, Thu Sep 03 00:16:13 2015
0.05, 0.00, 0.00, 0.00 , -5.832139E-012, -1.346350E-013, -2.970332E-011, -9.361510E-014, 2.150400E+004 1.570926E+074 2.150400E+004, Thu Sep 03 00:16:17 2015
0.10, 0.00, 0.00, 0.00 , -2.701658E-011, -8.434060E-014, -2.433632E-011, -7.903580E-014, 2.150400E+004 1.570926E+074 2.150400E+004, Thu Sep 03 00:17:17 2015
0.15, 0.00, 0.00, 0.00 , -3.157418E-011, -9.620190E-014, -2.920017E-011, -7.491110E-014, 2.150400E+004 1.570926E+074 2.150400E+004, Thu Sep 03 00:17:33 2015
0.20, 0.00, 0.00, 0.00 , -2.511758E-011, -4.425050E-014, -3.435752E-011, -8.851290E-014, 2.150400E+004 1.570926E+074 2.150400E+004, Thu Sep 03 00:17:46 2015
0.25, 0.00, 0.00, 0.00 , -2.338737E-011, -1.622560E-013, -2.291073E-011, -8.876320E-014, 2.150400E+004 1.570926E+074 2.150400E+004, Thu Sep 03 00:18:29 2015
0.30, 0.00, 0.00, 0.00 , -3.064577E-011, -3.124240E-013, -3.662173E-011, -9.279250E-014, 2.150400E+004 1.570926E+074 2.150400E+004, Thu Sep 03 00:18:40 2015
0.35, 0.00, 0.00, 0.00 , -8.870546E-012, -1.134280E-013, -4.492381E-011, -7.210970E-014, 2.150400E+004 1.570926E+074 2.150400E+004, Thu Sep 03 00:19:03 2015
0.40, 0.00, 0.00, 0.00 , -8.912736E-012, -1.155850E-013, -4.756539E-011, -9.431840E-014, 2.150400E+004 1.570926E+074 2.150400E+004, Thu Sep 03 00:19:31 2015
0.45, 0.00, 0.00, 0.00 , -9.587938E-012, 2.108810E-014, -2.748105E-011, -7.480380E-014, 2.150400E+004 1.570926E+074 2.150400E+004, Thu Sep 03 00:19:46 2015
0.50, 0.00, 0.00, 0.00 , -1.435655E-011, -4.849430E-014, -2.668438E-011, -9.218450E-014, 2.150400E+004 1.570926E+074 2.150400E+004, Thu Sep 03 00:20:28 2015
0.55, 0.00, 0.00, 0.00 , -4.439537E-012, -1.385570E-013, -4.932644E-011, -8.157490E-014, 2.150400E+004 1.570926E+074 2.150400E+004, Thu Sep 03 00:20:39 2015
0.60, 0.00, 0.00, 0.00 , -1.908298E-011, -7.113220E-014, -7.435847E-011, -9.524820E-014, 2.150400E+004 1.570926E+074 2.150400E+004, Thu Sep 03 00:20:46 2015
0.65, 0.00, 0.00, 0.00 , -2.359836E-011, -1.425620E-013, -3.255455E-011, -8.518700E-014, 2.150400E+004 1.570926E+074 2.150400E+004, Thu Sep 03 00:20:51 2015
0.70, 0.00, 0.00, 0.00 , -1.895636E-011, 1.043080E-014, -1.997594E-011, -8.356570E-014, 2.150400E+004 1.570926E+074 2.150400E+004, Thu Sep 03 00:20:56 2015
0.75, 0.00, 0.00, 0.00 , 4.042507E-012, 1.097800E-013, -6.697890E-011, -9.233950E-014, 2.150400E+004 1.570926E+074 2.150400E+004, Thu Sep 03 00:21:27 2015
0.80, 0.00, 0.00, 0.00 , -2.018016E-011, -1.565580E-013, 1.154537E-012, -7.238390E-014, 2.150400E+004 1.570926E+074 2.150400E+004, Thu Sep 03 00:21:45 2015
0.85, 0.00, 0.00, 0.00 , -7.520132E-012, -3.070470E-013, -4.412714E-011, -8.525850E-014, 2.150400E+004 1.570926E+074 2.150400E+004, Thu Sep 03 00:21:51 2015
0.90, 0.00, 0.00, 0.00 , -9.292536E-012, -8.252860E-014, 2.741019E-013, -8.848910E-014, 2.150400E+004 1.570926E+074 2.150400E+004, Thu Sep 03 00:22:15 2015
0.95, 0.00, 0.00, 0.00 , -6.760537E-012, -1.243000E-013, -8.450550E-011, -9.820460E-014, 2.150400E+004 1.570926E+074 2.150400E+004, Thu Sep 03 00:22:26 2015
1.00, 0.00, 0.00, 0.00 , -2.878132E-012, -1.945500E-014, -4.421101E-011, -9.965900E-014, 2.150400E+004 1.570926E+074 2.150400E+004, Thu Sep 03 00:22:29 2015
1.05, 0.00, 0.00, 0.00 , -8.954932E-012, 1.531120E-013, -6.165100E-010, -9.526010E-014, 2.150400E+004 1.570926E+074 2.150400E+004, Thu Sep 03 00:22:38 2015
1.10, 0.00, 0.00, 0.00 , 7.671419E-012, -4.248620E-013, -5.678995E-011, -8.356570E-014, 2.150400E+004 1.570926E+074 2.150400E+004, Thu Sep 03 00:22:42 2015
1.15, 0.00, 0.00, 0.00 , -8.870540E-012, -1.194600E-013, 2.076887E-012, -1.062270E-013, 2.150400E+004 1.570926E+074 2.150400E+004, Thu Sep 03 00:22:50 2015
1.20, 0.00, 0.00, 0.00 , 1.679476E-012, -3.279330E-013, -1.401881E-010, -8.901360E-014, 2.150400E+004 1.570926E+074 2.150400E+004, Thu Sep 03 00:22:56 2015
1.25, 0.00, 0.00, 0.00 , -3.426730E-012, -2.193690E-013, -4.609786E-011, -9.791850E-014, 2.150400E+004 1.570926E+074 2.150400E+004, Thu Sep 03 00:23:00 2015
1.30, 0.00, 0.00, 0.00 , -6.971533E-012, -1.705880E-013, -2.949367E-011, -9.713170E-014, 2.150400E+004 1.570926E+074 2.150400E+004, Thu Sep 03 00:23:04 2015
1.35, 0.00, 0.00, 0.00 , -8.532931E-012, -1.728530E-015, -2.496527E-011, -7.122750E-014, 2.150400E+004 1.570926E+074 2.150400E+004, Thu Sep 03 00:23:08 2015
1.40, 0.00, 0.00, 0.00 , -4.777134E-012, -9.887220E-014, -1.976631E-011, -8.251670E-014, 2.150400E+004 1.570926E+074 2.150400E+004, Thu Sep 03 00:23:12 2015
1.45, 0.00, 0.00, 0.00 , -8.701736E-012, -9.641650E-014, 5.934074E-012, -8.099080E-014, 2.150400E+004 1.570926E+074 2.150400E+004, Thu Sep 03 00:23:15 2015
1.50, 0.00, 0.00, 0.00 , -6.169736E-012, -9.062290E-014, -1.032351E-013, -9.145740E-014, 2.150400E+004 1.570926E+074 2.150400E+004, Thu Sep 03 00:23:19 2015
1.55, 0.00, 0.00, 0.00 , -2.498334E-012, -3.274680E-014, -3.896980E-011, -1.029130E-013, 2.150400E+004 1.570926E+074 2.150400E+004, Thu Sep 03 00:23:27 2015
1.60, 0.00, 0.00, 0.00 , -3.384527E-012, -1.610400E-013, -4.555277E-011, -9.020570E-014, 2.150400E+004 1.570926E+074 2.150400E+004, Thu Sep 03 00:23:31 2015
1.65, 0.00, 0.00, 0.00 , 2.861002E-012, -7.259850E-014, -3.846665E-011, -1.004820E-013, 2.150400E+004 1.570926E+074 2.150400E+004, Thu Sep 03 00:23:34 2015
1.70, 0.00, 0.00, 0.00 , -8.321937E-012, -1.342060E-013, -3.989225E-011, -8.974080E-014, 2.150400E+004 1.570926E+074 2.150400E+004, Thu Sep 03 00:23:38 2015
1.75, 0.00, 0.00, 0.00 , -6.465135E-012, -2.285720E-013, -6.576290E-011, -9.315010E-014, 2.150400E+004 1.570926E+074 2.150400E+004, Thu Sep 03 00:23:42 2015
1.80, 0.00, 0.00, 0.00 , -6.971536E-012, -1.478080E-013, -3.548963E-011, -7.091760E-014, 2.150400E+004 1.570926E+074 2.150400E+004, Thu Sep 03 00:23:45 2015
1.85, 0.00, 0.00, 0.00 , -4.777134E-012, -1.871820E-013, -6.530166E-011, -8.215900E-014, 2.150400E+004 1.570926E+074 2.150400E+004, Thu Sep 03 00:23:49 2015
1.90, 0.00, 0.00, 0.00 , -5.494538E-012, -4.922150E-014, -3.389630E-011, -1.044870E-013, 2.150400E+004 1.570926E+074 2.150400E+004, Thu Sep 03 00:23:54 2015
1.95, 0.00, 0.00, 0.00 , 4.591064E-012, -2.198820E-013, -2.924210E-011, -9.051560E-014, 2.150400E+004 1.570926E+074 2.150400E+004, Thu Sep 03 00:23:57 2015
2.00, 0.00, 0.00, 0.00 , 8.776746E-013, -1.504780E-013, -1.780241E-012, -7.497070E-014, 2.150400E+004 1.570926E+074 2.150400E+004, Thu Sep 03 00:24:01 2015
