0.00, 0.00, 2.00, 0.00 , -9.714459E-012, -6.301630E-012, 1.339642E-011, -1.056910E-013, 2.150400E+004 1.570926E+074 2.150400E+004, Thu Sep 10 15:36:03 2015
0.05, 0.00, 2.00, 0.00 , 1.782724E-006, -1.779130E-006, 1.741237E-012, -9.562970E-014, 2.150400E+004 1.570926E+074 2.150400E+004, Thu Sep 10 15:36:09 2015
0.10, 0.00, 2.00, 0.00 , 8.654211E-006, -8.640450E-006, 1.779853E-011, -1.053450E-013, 2.150400E+004 1.570926E+074 2.150400E+004, Thu Sep 10 15:36:13 2015
0.15, 0.00, 2.00, 0.00 , 2.041778E-005, -2.041350E-005, 1.058744E-011, -8.552070E-014, 2.150400E+004 1.570926E+074 2.150400E+004, Thu Sep 10 15:36:16 2015
0.20, 0.00, 2.00, 0.00 , 3.559753E-005, -3.556730E-005, 1.405834E-012, -9.540320E-014, 2.150400E+004 1.570926E+074 2.150400E+004, Thu Sep 10 15:36:20 2015
0.25, 0.00, 2.00, 0.00 , 5.220961E-005, -5.218160E-005, 9.161973E-012, -8.909700E-014, 2.150400E+004 1.570926E+074 2.150400E+004, Thu Sep 10 15:36:23 2015
0.30, 0.00, 2.00, 0.00 , 6.929668E-005, -6.925210E-005, 8.323474E-012, -8.753540E-014, 2.150400E+004 1.570926E+074 2.150400E+004, Thu Sep 10 15:36:27 2015
0.35, 0.00, 2.00, 0.00 , 8.634131E-005, -8.629400E-005, 1.364798E-011, -8.456710E-014, 2.150400E+004 1.570926E+074 2.150400E+004, Thu Sep 10 15:36:31 2015
0.40, 0.00, 2.00, 0.00 , 1.030082E-004, -1.029730E-004, 1.620538E-011, -9.469990E-014, 2.150400E+004 1.570926E+074 2.150400E+004, Thu Sep 10 15:36:34 2015
0.45, 0.00, 2.00, 0.00 , 1.190167E-004, -1.189250E-004, 1.444454E-011, -8.735660E-014, 2.150400E+004 1.570926E+074 2.150400E+004, Thu Sep 10 15:36:38 2015
0.50, 0.00, 2.00, 0.00 , 1.340093E-004, -1.339780E-004, 6.688386E-012, -7.733110E-014, 2.150400E+004 1.570926E+074 2.150400E+004, Thu Sep 10 15:36:41 2015
0.55, 0.00, 2.00, 0.00 , 1.480152E-004, -1.479640E-004, 1.515726E-011, -7.337330E-014, 2.150400E+004 1.570926E+074 2.150400E+004, Thu Sep 10 15:36:45 2015
0.60, 0.00, 2.00, 0.00 , 1.609913E-004, -1.610390E-004, 1.046167E-011, -9.320970E-014, 2.150400E+004 1.570926E+074 2.150400E+004, Thu Sep 10 15:36:48 2015
0.65, 0.00, 2.00, 0.00 , 1.728392E-004, -1.729150E-004, 1.452838E-011, -8.577110E-014, 2.150400E+004 1.570926E+074 2.150400E+004, Thu Sep 10 15:36:52 2015
0.70, 0.00, 2.00, 0.00 , 1.837049E-004, -1.835690E-004, 1.528304E-011, -9.121890E-014, 2.150400E+004 1.570926E+074 2.150400E+004, Thu Sep 10 15:36:56 2015
0.75, 0.00, 2.00, 0.00 , 1.933279E-004, -1.932180E-004, 2.094296E-011, -1.045470E-013, 2.150400E+004 1.570926E+074 2.150400E+004, Thu Sep 10 15:36:59 2015
0.80, 0.00, 2.00, 0.00 , 2.016617E-004, -2.015270E-004, 2.203301E-011, -7.553100E-014, 2.150400E+004 1.570926E+074 2.150400E+004, Thu Sep 10 15:37:03 2015
0.85, 0.00, 2.00, 0.00 , 2.090849E-004, -2.090660E-004, 2.278764E-011, -1.034140E-013, 2.150400E+004 1.570926E+074 2.150400E+004, Thu Sep 10 15:37:06 2015
0.90, 0.00, 2.00, 0.00 , 2.155382E-004, -2.155320E-004, 1.805011E-011, -9.047980E-014, 2.150400E+004 1.570926E+074 2.150400E+004, Thu Sep 10 15:37:10 2015
0.95, 0.00, 2.00, 0.00 , 2.211567E-004, -2.211430E-004, 2.035598E-011, -1.022340E-013, 2.150400E+004 1.570926E+074 2.150400E+004, Thu Sep 10 15:37:13 2015
1.00, 0.00, 2.00, 0.00 , 2.258560E-004, -2.258100E-004, 1.150979E-011, -1.051780E-013, 2.150400E+004 1.570926E+074 2.150400E+004, Thu Sep 10 15:37:17 2015
1.05, 0.00, 2.00, 0.00 , 2.296134E-004, -2.295790E-004, 3.753633E-012, -1.046780E-013, 2.150400E+004 1.570926E+074 2.150400E+004, Thu Sep 10 15:37:20 2015
1.10, 0.00, 2.00, 0.00 , 2.328780E-004, -2.328810E-004, 8.113833E-012, -8.548500E-014, 2.150400E+004 1.570926E+074 2.150400E+004, Thu Sep 10 15:37:24 2015
1.15, 0.00, 2.00, 0.00 , 2.355382E-004, -2.354630E-004, 1.100669E-011, -1.097920E-013, 2.150400E+004 1.570926E+074 2.150400E+004, Thu Sep 10 15:37:27 2015
1.20, 0.00, 2.00, 0.00 , 2.377753E-004, -2.377520E-004, 1.079705E-011, -6.846190E-014, 2.150400E+004 1.570926E+074 2.150400E+004, Thu Sep 10 15:37:31 2015
1.25, 0.00, 2.00, 0.00 , 2.397087E-004, -2.397170E-004, 2.773476E-011, -9.115930E-014, 2.150400E+004 1.570926E+074 2.150400E+004, Thu Sep 10 15:37:35 2015
1.30, 0.00, 2.00, 0.00 , 2.413899E-004, -2.413400E-004, 2.819594E-011, -1.046060E-013, 2.150400E+004 1.570926E+074 2.150400E+004, Thu Sep 10 15:37:38 2015
1.35, 0.00, 2.00, 0.00 , 2.427525E-004, -2.427330E-004, 2.534504E-011, -1.024250E-013, 2.150400E+004 1.570926E+074 2.150400E+004, Thu Sep 10 15:37:42 2015
1.40, 0.00, 2.00, 0.00 , 2.441010E-004, -2.441610E-004, 1.549266E-011, -8.548500E-014, 2.150400E+004 1.570926E+074 2.150400E+004, Thu Sep 10 15:37:45 2015
1.45, 0.00, 2.00, 0.00 , 2.455167E-004, -2.456160E-004, 1.029396E-011, -7.715230E-014, 2.150400E+004 1.570926E+074 2.150400E+004, Thu Sep 10 15:37:49 2015
1.50, 0.00, 2.00, 0.00 , 2.466844E-004, -2.466030E-004, 2.329073E-011, -8.835790E-014, 2.150400E+004 1.570926E+074 2.150400E+004, Thu Sep 10 15:37:52 2015
1.55, 0.00, 2.00, 0.00 , 2.478848E-004, -2.477370E-004, 1.914017E-011, -1.175400E-013, 2.150400E+004 1.570926E+074 2.150400E+004, Thu Sep 10 15:37:56 2015
1.60, 0.00, 2.00, 0.00 , 2.492393E-004, -2.490330E-004, 1.897247E-011, -1.082660E-013, 2.150400E+004 1.570926E+074 2.150400E+004, Thu Sep 10 15:37:59 2015
1.65, 0.00, 2.00, 0.00 , 2.500355E-004, -2.499980E-004, 1.046165E-011, -8.254050E-014, 2.150400E+004 1.570926E+074 2.150400E+004, Thu Sep 10 15:38:03 2015
1.70, 0.00, 2.00, 0.00 , 2.513147E-004, -2.512460E-004, 2.102681E-011, -8.088350E-014, 2.150400E+004 1.570926E+074 2.150400E+004, Thu Sep 10 15:38:06 2015
1.75, 0.00, 2.00, 0.00 , 2.524467E-004, -2.524570E-004, 1.524110E-011, -9.095670E-014, 2.150400E+004 1.570926E+074 2.150400E+004, Thu Sep 10 15:38:10 2015
1.80, 0.00, 2.00, 0.00 , 2.534799E-004, -2.534670E-004, 1.561846E-011, -8.996730E-014, 2.150400E+004 1.570926E+074 2.150400E+004, Thu Sep 10 15:38:14 2015
1.85, 0.00, 2.00, 0.00 , 2.545383E-004, -2.545080E-004, 1.176136E-011, -1.005770E-013, 2.150400E+004 1.570926E+074 2.150400E+004, Thu Sep 10 15:38:17 2015
1.90, 0.00, 2.00, 0.00 , 2.555102E-004, -2.555330E-004, 1.163555E-011, -9.244680E-014, 2.150400E+004 1.570926E+074 2.150400E+004, Thu Sep 10 15:38:21 2015
1.95, 0.00, 2.00, 0.00 , 2.565700E-004, -2.565060E-004, 1.507343E-011, -9.828810E-014, 2.150400E+004 1.570926E+074 2.150400E+004, Thu Sep 10 15:38:24 2015
2.00, 0.00, 2.00, 0.00 , 2.576761E-004, -2.576370E-004, 1.377374E-011, -8.163450E-014, 2.150400E+004 1.570926E+074 2.150400E+004, Thu Sep 10 15:38:28 2015
