0.00, 0.00, 2.00, 0.00 , 2.860996E-012, -1.211360E-010, 1.301161E-010, -9.782310E-014, 2.150400E+004 1.570926E+074 2.150400E+004, Thu Sep 10 17:51:58 2015
0.05, 0.00, 2.00, 0.00 , 1.293959E-006, -1.290400E-006, 1.267620E-010, -8.432870E-014, 2.150400E+004 1.570926E+074 2.150400E+004, Thu Sep 10 17:52:03 2015
0.10, 0.00, 2.00, 0.00 , 4.391678E-006, -4.385000E-006, 1.224857E-010, -1.050110E-013, 2.150400E+004 1.570926E+074 2.150400E+004, Thu Sep 10 17:52:07 2015
0.15, 0.00, 2.00, 0.00 , 8.402320E-006, -8.393610E-006, 1.278940E-010, -9.815690E-014, 2.150400E+004 1.570926E+074 2.150400E+004, Thu Sep 10 17:52:10 2015
0.20, 0.00, 2.00, 0.00 , 1.282094E-005, -1.281850E-005, 1.283134E-010, -1.168850E-013, 2.150400E+004 1.570926E+074 2.150400E+004, Thu Sep 10 17:52:14 2015
0.25, 0.00, 2.00, 0.00 , 1.733437E-005, -1.733010E-005, 1.264686E-010, -9.104010E-014, 2.150400E+004 1.570926E+074 2.150400E+004, Thu Sep 10 17:52:18 2015
0.30, 0.00, 2.00, 0.00 , 2.174411E-005, -2.173920E-005, 1.257139E-010, -1.031880E-013, 2.150400E+004 1.570926E+074 2.150400E+004, Thu Sep 10 17:52:21 2015
0.35, 0.00, 2.00, 0.00 , 2.592253E-005, -2.591580E-005, 1.272651E-010, -9.713170E-014, 2.150400E+004 1.570926E+074 2.150400E+004, Thu Sep 10 17:52:25 2015
0.40, 0.00, 2.00, 0.00 , 2.981128E-005, -2.980440E-005, 1.293613E-010, -9.161230E-014, 2.150400E+004 1.570926E+074 2.150400E+004, Thu Sep 10 17:52:28 2015
0.45, 0.00, 2.00, 0.00 , 3.336486E-005, -3.335640E-005, 1.269296E-010, -7.989410E-014, 2.150400E+004 1.570926E+074 2.150400E+004, Thu Sep 10 17:52:32 2015
0.50, 0.00, 2.00, 0.00 , 3.656587E-005, -3.655430E-005, 1.254624E-010, -9.571310E-014, 2.150400E+004 1.570926E+074 2.150400E+004, Thu Sep 10 17:52:35 2015
0.55, 0.00, 2.00, 0.00 , 3.943142E-005, -3.942090E-005, 1.259654E-010, -9.243490E-014, 2.150400E+004 1.570926E+074 2.150400E+004, Thu Sep 10 17:52:39 2015
0.60, 0.00, 2.00, 0.00 , 4.200005E-005, -4.198780E-005, 1.274748E-010, -7.976290E-014, 2.150400E+004 1.570926E+074 2.150400E+004, Thu Sep 10 17:52:42 2015
0.65, 0.00, 2.00, 0.00 , 4.431075E-005, -4.429650E-005, 1.263428E-010, -9.638070E-014, 2.150400E+004 1.570926E+074 2.150400E+004, Thu Sep 10 17:52:46 2015
0.70, 0.00, 2.00, 0.00 , 4.634896E-005, -4.633720E-005, 1.274749E-010, -9.398460E-014, 2.150400E+004 1.570926E+074 2.150400E+004, Thu Sep 10 17:52:50 2015
0.75, 0.00, 2.00, 0.00 , 4.815883E-005, -4.813960E-005, 1.274748E-010, -1.087070E-013, 2.150400E+004 1.570926E+074 2.150400E+004, Thu Sep 10 17:52:53 2015
0.80, 0.00, 2.00, 0.00 , 4.973694E-005, -4.972030E-005, 1.276006E-010, -8.261200E-014, 2.150400E+004 1.570926E+074 2.150400E+004, Thu Sep 10 17:52:57 2015
0.85, 0.00, 2.00, 0.00 , 5.111119E-005, -5.110410E-005, 1.275587E-010, -8.734460E-014, 2.150400E+004 1.570926E+074 2.150400E+004, Thu Sep 10 17:53:00 2015
0.90, 0.00, 2.00, 0.00 , 5.229308E-005, -5.228510E-005, 1.289841E-010, -8.859630E-014, 2.150400E+004 1.570926E+074 2.150400E+004, Thu Sep 10 17:53:04 2015
0.95, 0.00, 2.00, 0.00 , 5.328900E-005, -5.327650E-005, 1.286068E-010, -7.855890E-014, 2.150400E+004 1.570926E+074 2.150400E+004, Thu Sep 10 17:53:07 2015
1.00, 0.00, 2.00, 0.00 , 5.410235E-005, -5.408300E-005, 1.287746E-010, -8.888240E-014, 2.150400E+004 1.570926E+074 2.150400E+004, Thu Sep 10 17:53:11 2015
1.05, 0.00, 2.00, 0.00 , 5.475451E-005, -5.474160E-005, 1.280617E-010, -9.956360E-014, 2.150400E+004 1.570926E+074 2.150400E+004, Thu Sep 10 17:53:14 2015
1.10, 0.00, 2.00, 0.00 , 5.527654E-005, -5.526420E-005, 1.256301E-010, -1.018880E-013, 2.150400E+004 1.570926E+074 2.150400E+004, Thu Sep 10 17:53:18 2015
1.15, 0.00, 2.00, 0.00 , 5.569222E-005, -5.567010E-005, 1.281455E-010, -7.834430E-014, 2.150400E+004 1.570926E+074 2.150400E+004, Thu Sep 10 17:53:21 2015
1.20, 0.00, 2.00, 0.00 , 5.601042E-005, -5.599310E-005, 1.257138E-010, -1.135470E-013, 2.150400E+004 1.570926E+074 2.150400E+004, Thu Sep 10 17:53:25 2015
1.25, 0.00, 2.00, 0.00 , 5.626408E-005, -5.624890E-005, 1.259234E-010, -9.310250E-014, 2.150400E+004 1.570926E+074 2.150400E+004, Thu Sep 10 17:53:29 2015
1.30, 0.00, 2.00, 0.00 , 5.648997E-005, -5.647000E-005, 1.254623E-010, -7.423160E-014, 2.150400E+004 1.570926E+074 2.150400E+004, Thu Sep 10 17:53:32 2015
1.35, 0.00, 2.00, 0.00 , 5.667351E-005, -5.666450E-005, 1.253786E-010, -8.453130E-014, 2.150400E+004 1.570926E+074 2.150400E+004, Thu Sep 10 17:53:36 2015
1.40, 0.00, 2.00, 0.00 , 5.684588E-005, -5.682150E-005, 1.246657E-010, -1.025680E-013, 2.150400E+004 1.570926E+074 2.150400E+004, Thu Sep 10 17:53:39 2015
1.45, 0.00, 2.00, 0.00 , 5.699899E-005, -5.698200E-005, 1.252108E-010, -9.114740E-014, 2.150400E+004 1.570926E+074 2.150400E+004, Thu Sep 10 17:53:43 2015
1.50, 0.00, 2.00, 0.00 , 5.712476E-005, -5.711620E-005, 1.266363E-010, -7.964370E-014, 2.150400E+004 1.570926E+074 2.150400E+004, Thu Sep 10 17:53:46 2015
1.55, 0.00, 2.00, 0.00 , 5.726142E-005, -5.725120E-005, 1.281875E-010, -9.249450E-014, 2.150400E+004 1.570926E+074 2.150400E+004, Thu Sep 10 17:53:50 2015
1.60, 0.00, 2.00, 0.00 , 5.739714E-005, -5.738020E-005, 1.250851E-010, -8.871560E-014, 2.150400E+004 1.570926E+074 2.150400E+004, Thu Sep 10 17:53:53 2015
1.65, 0.00, 2.00, 0.00 , 5.755079E-005, -5.755150E-005, 1.257140E-010, -9.452110E-014, 2.150400E+004 1.570926E+074 2.150400E+004, Thu Sep 10 17:53:57 2015
1.70, 0.00, 2.00, 0.00 , 5.791142E-005, -5.790950E-005, 1.255043E-010, -8.658170E-014, 2.150400E+004 1.570926E+074 2.150400E+004, Thu Sep 10 17:54:01 2015
1.75, 0.00, 2.00, 0.00 , 5.827658E-005, -5.828640E-005, 1.270975E-010, -7.674690E-014, 2.150400E+004 1.570926E+074 2.150400E+004, Thu Sep 10 17:54:04 2015
1.80, 0.00, 2.00, 0.00 , 5.855316E-005, -5.854610E-005, 1.273909E-010, -7.028580E-014, 2.150400E+004 1.570926E+074 2.150400E+004, Thu Sep 10 17:54:08 2015
1.85, 0.00, 2.00, 0.00 , 5.883938E-005, -5.883360E-005, 1.283971E-010, -8.634330E-014, 2.150400E+004 1.570926E+074 2.150400E+004, Thu Sep 10 17:54:11 2015
1.90, 0.00, 2.00, 0.00 , 5.912244E-005, -5.911050E-005, 1.271813E-010, -9.731050E-014, 2.150400E+004 1.570926E+074 2.150400E+004, Thu Sep 10 17:54:15 2015
1.95, 0.00, 2.00, 0.00 , 5.940790E-005, -5.939320E-005, 1.270975E-010, -8.546110E-014, 2.150400E+004 1.570926E+074 2.150400E+004, Thu Sep 10 17:54:18 2015
2.00, 0.00, 2.00, 0.00 , 5.970614E-005, -5.969170E-005, 1.256300E-010, -8.126500E-014, 2.150400E+004 1.570926E+074 2.150400E+004, Thu Sep 10 17:54:22 2015
