0.00, 0.00, 2.00, 0.00 , -2.437547E-010, 2.988180E-010, -7.482261E-012, -9.598730E-014, 2.150400E+004 1.570926E+074 2.150400E+004, Thu Sep 10 22:08:54 2015
0.05, 0.00, 2.00, 0.00 , 1.716396E-006, -1.710910E-006, -7.314560E-012, -1.097800E-013, 2.150400E+004 1.570926E+074 2.150400E+004, Thu Sep 10 22:08:59 2015
0.10, 0.00, 2.00, 0.00 , 7.718417E-006, -7.700750E-006, -8.194988E-012, -9.305480E-014, 2.150400E+004 1.570926E+074 2.150400E+004, Thu Sep 10 22:09:02 2015
0.15, 0.00, 2.00, 0.00 , 1.725993E-005, -1.724130E-005, -9.243118E-012, -1.151200E-013, 2.150400E+004 1.570926E+074 2.150400E+004, Thu Sep 10 22:09:06 2015
0.20, 0.00, 2.00, 0.00 , 2.893413E-005, -2.891230E-005, -6.853381E-012, -1.066680E-013, 2.150400E+004 1.570926E+074 2.150400E+004, Thu Sep 10 22:09:09 2015
0.25, 0.00, 2.00, 0.00 , 4.123908E-005, -4.121380E-005, -8.236913E-012, -1.255870E-013, 2.150400E+004 1.570926E+074 2.150400E+004, Thu Sep 10 22:09:13 2015
0.30, 0.00, 2.00, 0.00 , 5.348956E-005, -5.346190E-005, -8.530388E-012, -9.858610E-014, 2.150400E+004 1.570926E+074 2.150400E+004, Thu Sep 10 22:09:16 2015
0.35, 0.00, 2.00, 0.00 , 6.543307E-005, -6.539040E-005, -7.566109E-012, -9.201770E-014, 2.150400E+004 1.570926E+074 2.150400E+004, Thu Sep 10 22:09:20 2015
0.40, 0.00, 2.00, 0.00 , 7.699771E-005, -7.694580E-005, -7.901511E-012, -9.900330E-014, 2.150400E+004 1.570926E+074 2.150400E+004, Thu Sep 10 22:09:24 2015
0.45, 0.00, 2.00, 0.00 , 8.809278E-005, -8.805880E-005, -9.871997E-012, -7.612710E-014, 2.150400E+004 1.570926E+074 2.150400E+004, Thu Sep 10 22:09:27 2015
0.50, 0.00, 2.00, 0.00 , 9.868864E-005, -9.864840E-005, -9.662366E-012, -1.057030E-013, 2.150400E+004 1.570926E+074 2.150400E+004, Thu Sep 10 22:09:31 2015
0.55, 0.00, 2.00, 0.00 , 1.086862E-004, -1.086520E-004, -8.153074E-012, -9.899140E-014, 2.150400E+004 1.570926E+074 2.150400E+004, Thu Sep 10 22:09:34 2015
0.60, 0.00, 2.00, 0.00 , 1.181128E-004, -1.180690E-004, -9.913923E-012, -7.674690E-014, 2.150400E+004 1.570926E+074 2.150400E+004, Thu Sep 10 22:09:38 2015
0.65, 0.00, 2.00, 0.00 , 1.269042E-004, -1.268490E-004, -8.781941E-012, -9.751320E-014, 2.150400E+004 1.570926E+074 2.150400E+004, Thu Sep 10 22:09:41 2015
0.70, 0.00, 2.00, 0.00 , 1.349877E-004, -1.349410E-004, -9.075417E-012, -1.120210E-013, 2.150400E+004 1.570926E+074 2.150400E+004, Thu Sep 10 22:09:45 2015
0.75, 0.00, 2.00, 0.00 , 1.423713E-004, -1.423360E-004, -8.194988E-012, -8.141990E-014, 2.150400E+004 1.570926E+074 2.150400E+004, Thu Sep 10 22:09:49 2015
0.80, 0.00, 2.00, 0.00 , 1.490708E-004, -1.490410E-004, -1.008164E-011, -1.112820E-013, 2.150400E+004 1.570926E+074 2.150400E+004, Thu Sep 10 22:09:52 2015
0.85, 0.00, 2.00, 0.00 , 1.551152E-004, -1.550690E-004, -6.559918E-012, -9.807350E-014, 2.150400E+004 1.570926E+074 2.150400E+004, Thu Sep 10 22:09:56 2015
0.90, 0.00, 2.00, 0.00 , 1.604216E-004, -1.604030E-004, -9.871992E-012, -9.148120E-014, 2.150400E+004 1.570926E+074 2.150400E+004, Thu Sep 10 22:09:59 2015
0.95, 0.00, 2.00, 0.00 , 1.651906E-004, -1.651490E-004, -1.024932E-011, -9.219650E-014, 2.150400E+004 1.570926E+074 2.150400E+004, Thu Sep 10 22:10:03 2015
1.00, 0.00, 2.00, 0.00 , 1.692773E-004, -1.692210E-004, -1.180055E-011, -9.031300E-014, 2.150400E+004 1.570926E+074 2.150400E+004, Thu Sep 10 22:10:06 2015
1.05, 0.00, 2.00, 0.00 , 1.726863E-004, -1.726520E-004, -1.008164E-011, -1.003030E-013, 2.150400E+004 1.570926E+074 2.150400E+004, Thu Sep 10 22:10:10 2015
1.10, 0.00, 2.00, 0.00 , 1.756639E-004, -1.756220E-004, -1.133938E-011, -9.453300E-014, 2.150400E+004 1.570926E+074 2.150400E+004, Thu Sep 10 22:10:13 2015
1.15, 0.00, 2.00, 0.00 , 1.780951E-004, -1.780430E-004, -1.196825E-011, -9.223220E-014, 2.150400E+004 1.570926E+074 2.150400E+004, Thu Sep 10 22:10:17 2015
1.20, 0.00, 2.00, 0.00 , 1.801039E-004, -1.800520E-004, -1.087820E-011, -8.845330E-014, 2.150400E+004 1.570926E+074 2.150400E+004, Thu Sep 10 22:10:20 2015
1.25, 0.00, 2.00, 0.00 , 1.817209E-004, -1.816770E-004, -1.016547E-011, -1.078010E-013, 2.150400E+004 1.570926E+074 2.150400E+004, Thu Sep 10 22:10:24 2015
1.30, 0.00, 2.00, 0.00 , 1.830158E-004, -1.829650E-004, -8.278836E-012, -1.049160E-013, 2.150400E+004 1.570926E+074 2.150400E+004, Thu Sep 10 22:10:27 2015
1.35, 0.00, 2.00, 0.00 , 1.840093E-004, -1.839610E-004, -1.092012E-011, -1.049880E-013, 2.150400E+004 1.570926E+074 2.150400E+004, Thu Sep 10 22:10:31 2015
1.40, 0.00, 2.00, 0.00 , 1.847788E-004, -1.847260E-004, -1.041703E-011, -9.968280E-014, 2.150400E+004 1.570926E+074 2.150400E+004, Thu Sep 10 22:10:35 2015
1.45, 0.00, 2.00, 0.00 , 1.853472E-004, -1.852950E-004, -9.746219E-012, -1.082180E-013, 2.150400E+004 1.570926E+074 2.150400E+004, Thu Sep 10 22:10:38 2015
1.50, 0.00, 2.00, 0.00 , 1.857793E-004, -1.857210E-004, -1.066858E-011, -1.116160E-013, 2.150400E+004 1.570926E+074 2.150400E+004, Thu Sep 10 22:10:42 2015
1.55, 0.00, 2.00, 0.00 , 1.860924E-004, -1.860500E-004, -1.121361E-011, -1.053690E-013, 2.150400E+004 1.570926E+074 2.150400E+004, Thu Sep 10 22:10:45 2015
1.60, 0.00, 2.00, 0.00 , 1.863959E-004, -1.863440E-004, -1.247136E-011, -6.893870E-014, 2.150400E+004 1.570926E+074 2.150400E+004, Thu Sep 10 22:10:49 2015
1.65, 0.00, 2.00, 0.00 , 1.866993E-004, -1.866900E-004, -1.125553E-011, -8.587840E-014, 2.150400E+004 1.570926E+074 2.150400E+004, Thu Sep 10 22:10:52 2015
1.70, 0.00, 2.00, 0.00 , 1.870486E-004, -1.869810E-004, -9.243121E-012, -9.074210E-014, 2.150400E+004 1.570926E+074 2.150400E+004, Thu Sep 10 22:10:56 2015
1.75, 0.00, 2.00, 0.00 , 1.874991E-004, -1.874730E-004, -1.213595E-011, -7.152560E-014, 2.150400E+004 1.570926E+074 2.150400E+004, Thu Sep 10 22:10:59 2015
1.80, 0.00, 2.00, 0.00 , 1.879391E-004, -1.878900E-004, -1.054280E-011, -7.547140E-014, 2.150400E+004 1.570926E+074 2.150400E+004, Thu Sep 10 22:11:03 2015
1.85, 0.00, 2.00, 0.00 , 1.882908E-004, -1.882940E-004, -1.108784E-011, -9.876490E-014, 2.150400E+004 1.570926E+074 2.150400E+004, Thu Sep 10 22:11:06 2015
1.90, 0.00, 2.00, 0.00 , 1.887250E-004, -1.886630E-004, -9.578521E-012, -1.011490E-013, 2.150400E+004 1.570926E+074 2.150400E+004, Thu Sep 10 22:11:10 2015
1.95, 0.00, 2.00, 0.00 , 1.890760E-004, -1.890200E-004, -1.096206E-011, -8.960960E-014, 2.150400E+004 1.570926E+074 2.150400E+004, Thu Sep 10 22:11:14 2015
2.00, 0.00, 2.00, 0.00 , 1.894305E-004, -1.894200E-004, -1.129747E-011, -1.172070E-013, 2.150400E+004 1.570926E+074 2.150400E+004, Thu Sep 10 22:11:17 2015
