0.05, 0.00, 0.00, 0.00 , 2.294620E-011, -3.067900E-011, -8.207290E-011, -9.553430E-014, 2.150400E+004 1.570926E+074 2.150400E+004, Sat Sep 05 00:11:37 2015
0.05, 0.00, 0.02, 0.00 , 1.492899E-011, -3.243430E-011, -7.330967E-011, -9.591580E-014, 2.150400E+004 1.570926E+074 2.150400E+004, Sat Sep 05 00:11:48 2015
0.05, 0.00, 0.04, 0.00 , 6.700807E-012, -3.405130E-011, -6.156946E-011, -1.030450E-013, 2.150400E+004 1.570926E+074 2.150400E+004, Sat Sep 05 00:11:51 2015
0.05, 0.00, 0.06, 0.00 , -5.992800E-013, -3.596310E-011, -4.831982E-011, -8.724930E-014, 2.150400E+004 1.570926E+074 2.150400E+004, Sat Sep 05 00:11:55 2015
0.05, 0.00, 0.08, 0.00 , -6.591588E-012, -3.713070E-011, -3.951468E-011, -8.492470E-014, 2.150400E+004 1.570926E+074 2.150400E+004, Sat Sep 05 00:11:59 2015
0.05, 0.00, 0.10, 0.00 , -9.967525E-012, -3.777170E-011, -3.288987E-011, -7.941720E-014, 2.150400E+004 1.570926E+074 2.150400E+004, Sat Sep 05 00:12:07 2015
0.05, 0.00, 0.12, 0.00 , -1.790100E-011, -3.906500E-011, -2.257533E-011, -1.062150E-013, 2.150400E+004 1.570926E+074 2.150400E+004, Sat Sep 05 00:12:16 2015
0.05, 0.00, 0.14, 0.00 , -2.178334E-011, -3.986630E-011, -1.528037E-011, -7.332560E-014, 2.150400E+004 1.570926E+074 2.150400E+004, Sat Sep 05 00:12:24 2015
0.05, 0.00, 0.16, 0.00 , -3.081399E-011, -4.116930E-011, -2.870563E-012, -9.983780E-014, 2.150400E+004 1.570926E+074 2.150400E+004, Sat Sep 05 00:12:28 2015
0.05, 0.00, 0.18, 0.00 , -3.541366E-011, -4.350750E-011, 5.179053E-012, -8.269550E-014, 2.150400E+004 1.570926E+074 2.150400E+004, Sat Sep 05 00:12:39 2015
0.05, 0.00, 0.20, 0.00 , -4.149044E-011, -4.670100E-011, 1.872083E-011, -8.854870E-014, 2.150400E+004 1.570926E+074 2.150400E+004, Sat Sep 05 00:12:43 2015
0.05, 0.00, 0.22, 0.00 , -4.659655E-011, -4.883130E-011, 2.748319E-011, -7.709260E-014, 2.150400E+004 1.570926E+074 2.150400E+004, Sat Sep 05 00:12:51 2015
0.05, 0.00, 0.24, 0.00 , -4.887526E-011, -5.246680E-011, 3.393962E-011, -8.944270E-014, 2.150400E+004 1.570926E+074 2.150400E+004, Sat Sep 05 00:13:00 2015
0.05, 0.00, 0.26, 0.00 , -5.102750E-011, -6.016190E-011, 5.037432E-011, -1.009350E-013, 2.150400E+004 1.570926E+074 2.150400E+004, Sat Sep 05 00:13:05 2015
0.05, 0.00, 0.28, 0.00 , -4.967713E-011, -7.248160E-011, 6.102317E-011, -7.647280E-014, 2.150400E+004 1.570926E+074 2.150400E+004, Sat Sep 05 00:13:10 2015
0.05, 0.00, 0.30, 0.00 , -3.089836E-011, -9.547120E-011, 6.685080E-011, -8.316040E-014, 2.150400E+004 1.570926E+074 2.150400E+004, Sat Sep 05 00:13:24 2015
0.05, 0.00, 0.32, 0.00 , 3.873685E-012, -1.402930E-010, 8.169224E-011, -9.640460E-014, 2.150400E+004 1.570926E+074 2.150400E+004, Sat Sep 05 00:13:29 2015
0.05, 0.00, 0.34, 0.00 , 8.299097E-011, -2.276410E-010, 9.154479E-011, -8.329150E-014, 2.150400E+004 1.570926E+074 2.150400E+004, Sat Sep 05 00:13:33 2015
0.05, 0.00, 0.36, 0.00 , 2.528714E-010, -4.024610E-010, 1.011037E-010, -9.958740E-014, 2.150400E+004 1.570926E+074 2.150400E+004, Sat Sep 05 00:13:39 2015
0.05, 0.00, 0.38, 0.00 , 5.833068E-010, -7.500960E-010, 1.118782E-010, -9.269710E-014, 2.150400E+004 1.570926E+074 2.150400E+004, Sat Sep 05 00:13:43 2015
0.05, 0.00, 0.40, 0.00 , 1.240677E-009, -1.413210E-009, 1.254619E-010, -9.872910E-014, 2.150400E+004 1.570926E+074 2.150400E+004, Sat Sep 05 00:13:48 2015
0.05, 0.00, 0.42, 0.00 , 2.514192E-009, -2.687140E-009, 1.328828E-010, -9.528400E-014, 2.150400E+004 1.570926E+074 2.150400E+004, Sat Sep 05 00:13:51 2015
0.05, 0.00, 0.44, 0.00 , 4.867581E-009, -5.056800E-009, 1.421901E-010, -1.145010E-013, 2.150400E+004 1.570926E+074 2.150400E+004, Sat Sep 05 00:13:55 2015
0.05, 0.00, 0.46, 0.00 , 9.049911E-009, -9.240000E-009, 1.562768E-010, -1.024720E-013, 2.150400E+004 1.570926E+074 2.150400E+004, Sat Sep 05 00:13:59 2015
0.05, 0.00, 0.48, 0.00 , 1.610041E-008, -1.627730E-008, 1.670517E-010, -1.047730E-013, 2.150400E+004 1.570926E+074 2.150400E+004, Sat Sep 05 00:14:02 2015
0.05, 0.00, 0.50, 0.00 , 2.730202E-008, -2.754090E-008, 1.778265E-010, -8.797650E-014, 2.150400E+004 1.570926E+074 2.150400E+004, Sat Sep 05 00:14:06 2015
0.05, 0.00, 0.52, 0.00 , 4.416840E-008, -4.443700E-008, 1.849118E-010, -9.541510E-014, 2.150400E+004 1.570926E+074 2.150400E+004, Sat Sep 05 00:14:10 2015
0.05, 0.00, 0.54, 0.00 , 6.831662E-008, -6.850080E-008, 1.976151E-010, -9.851460E-014, 2.150400E+004 1.570926E+074 2.150400E+004, Sat Sep 05 00:14:13 2015
0.05, 0.00, 0.56, 0.00 , 1.006004E-007, -1.010060E-007, 2.089767E-010, -9.742980E-014, 2.150400E+004 1.570926E+074 2.150400E+004, Sat Sep 05 00:14:17 2015
0.05, 0.00, 0.58, 0.00 , 1.427418E-007, -1.429400E-007, 2.146366E-010, -1.074790E-013, 2.150400E+004 1.570926E+074 2.150400E+004, Sat Sep 05 00:14:20 2015
0.05, 0.00, 0.60, 0.00 , 1.950453E-007, -1.951880E-007, 2.273399E-010, -1.036170E-013, 2.150400E+004 1.570926E+074 2.150400E+004, Sat Sep 05 00:14:24 2015
0.05, 0.00, 0.62, 0.00 , 2.579813E-007, -2.579570E-007, 2.358087E-010, -1.026630E-013, 2.150400E+004 1.570926E+074 2.150400E+004, Sat Sep 05 00:14:27 2015
0.05, 0.00, 0.64, 0.00 , 3.310808E-007, -3.311180E-007, 2.456611E-010, -1.087190E-013, 2.150400E+004 1.570926E+074 2.150400E+004, Sat Sep 05 00:14:31 2015
0.05, 0.00, 0.66, 0.00 , 4.146361E-007, -4.149260E-007, 2.521593E-010, -1.055240E-013, 2.150400E+004 1.570926E+074 2.150400E+004, Sat Sep 05 00:14:35 2015
0.05, 0.00, 0.68, 0.00 , 5.077471E-007, -5.079710E-007, 2.584903E-010, -1.024370E-013, 2.150400E+004 1.570926E+074 2.150400E+004, Sat Sep 05 00:14:38 2015
0.05, 0.00, 0.70, 0.00 , 6.088818E-007, -6.088160E-007, 2.598319E-010, -9.890790E-014, 2.150400E+004 1.570926E+074 2.150400E+004, Sat Sep 05 00:14:42 2015
0.05, 0.00, 0.72, 0.00 , 7.170461E-007, -7.174460E-007, 2.680910E-010, -8.860830E-014, 2.150400E+004 1.570926E+074 2.150400E+004, Sat Sep 05 00:14:45 2015
0.05, 0.00, 0.74, 0.00 , 8.324106E-007, -8.324340E-007, 2.771049E-010, -1.036520E-013, 2.150400E+004 1.570926E+074 2.150400E+004, Sat Sep 05 00:14:49 2015
0.05, 0.00, 0.76, 0.00 , 9.541230E-007, -9.544840E-007, 2.813393E-010, -8.624790E-014, 2.150400E+004 1.570926E+074 2.150400E+004, Sat Sep 05 00:14:52 2015
0.05, 0.00, 0.78, 0.00 , 1.079760E-006, -1.080400E-006, 2.875026E-010, -8.852480E-014, 2.150400E+004 1.570926E+074 2.150400E+004, Sat Sep 05 00:14:56 2015
0.05, 0.00, 0.80, 0.00 , 1.210899E-006, -1.211330E-006, 2.951749E-010, -9.312630E-014, 2.150400E+004 1.570926E+074 2.150400E+004, Sat Sep 05 00:15:00 2015
0.05, 0.00, 0.82, 0.00 , 1.345197E-006, -1.345660E-006, 3.117767E-010, -1.019240E-013, 2.150400E+004 1.570926E+074 2.150400E+004, Sat Sep 05 00:15:03 2015
0.05, 0.00, 0.84, 0.00 , 1.482358E-006, -1.481500E-006, 3.160534E-010, -6.759170E-014, 2.150400E+004 1.570926E+074 2.150400E+004, Sat Sep 05 00:15:07 2015
0.05, 0.00, 0.86, 0.00 , 1.621461E-006, -1.622330E-006, 3.198264E-010, -9.661910E-014, 2.150400E+004 1.570926E+074 2.150400E+004, Sat Sep 05 00:15:10 2015
0.05, 0.00, 0.88, 0.00 , 1.764942E-006, -1.764560E-006, 3.234739E-010, -8.531810E-014, 2.150400E+004 1.570926E+074 2.150400E+004, Sat Sep 05 00:15:14 2015
0.05, 0.00, 0.90, 0.00 , 1.907857E-006, -1.908550E-006, 3.174368E-010, -9.592770E-014, 2.150400E+004 1.570926E+074 2.150400E+004, Sat Sep 05 00:15:17 2015
0.05, 0.00, 0.92, 0.00 , 2.053330E-006, -2.053740E-006, 3.276663E-010, -9.902720E-014, 2.150400E+004 1.570926E+074 2.150400E+004, Sat Sep 05 00:15:21 2015
0.05, 0.00, 0.94, 0.00 , 2.199400E-006, -2.199710E-006, 3.399505E-010, -9.278060E-014, 2.150400E+004 1.570926E+074 2.150400E+004, Sat Sep 05 00:15:24 2015
0.05, 0.00, 0.96, 0.00 , 2.346745E-006, -2.346850E-006, 3.411665E-010, -8.009670E-014, 2.150400E+004 1.570926E+074 2.150400E+004, Sat Sep 05 00:15:28 2015
0.05, 0.00, 0.98, 0.00 , 2.495017E-006, -2.495050E-006, 3.504319E-010, -9.998080E-014, 2.150400E+004 1.570926E+074 2.150400E+004, Sat Sep 05 00:15:32 2015
0.05, 0.00, 1.00, 0.00 , 2.642910E-006, -2.643540E-006, 3.622129E-010, -1.021980E-013, 2.150400E+004 1.570926E+074 2.150400E+004, Sat Sep 05 00:15:35 2015
0.05, 0.00, 1.02, 0.00 , 2.790559E-006, -2.791440E-006, 3.665729E-010, -8.819100E-014, 2.150400E+004 1.570926E+074 2.150400E+004, Sat Sep 05 00:15:39 2015
0.05, 0.00, 1.04, 0.00 , 2.938732E-006, -2.939200E-006, 3.840138E-010, -9.740590E-014, 2.150400E+004 1.570926E+074 2.150400E+004, Sat Sep 05 00:15:42 2015
0.05, 0.00, 1.06, 0.00 , 3.088311E-006, -3.087450E-006, 3.877451E-010, -1.117830E-013, 2.150400E+004 1.570926E+074 2.150400E+004, Sat Sep 05 00:15:46 2015
0.05, 0.00, 1.08, 0.00 , 3.235582E-006, -3.235910E-006, 3.940759E-010, -9.888410E-014, 2.150400E+004 1.570926E+074 2.150400E+004, Sat Sep 05 00:15:49 2015
0.05, 0.00, 1.10, 0.00 , 3.382947E-006, -3.383140E-006, 4.122712E-010, -9.431840E-014, 2.150400E+004 1.570926E+074 2.150400E+004, Sat Sep 05 00:15:53 2015
0.05, 0.00, 1.12, 0.00 , 3.529798E-006, -3.529530E-006, 4.208241E-010, -7.864240E-014, 2.150400E+004 1.570926E+074 2.150400E+004, Sat Sep 05 00:15:56 2015
0.05, 0.00, 1.14, 0.00 , 3.674924E-006, -3.676540E-006, 4.214526E-010, -9.857420E-014, 2.150400E+004 1.570926E+074 2.150400E+004, Sat Sep 05 00:16:00 2015
0.05, 0.00, 1.16, 0.00 , 3.821542E-006, -3.822270E-006, 4.355395E-010, -9.366270E-014, 2.150400E+004 1.570926E+074 2.150400E+004, Sat Sep 05 00:16:04 2015
0.05, 0.00, 1.18, 0.00 , 3.965855E-006, -3.966960E-006, 4.378873E-010, -8.964540E-014, 2.150400E+004 1.570926E+074 2.150400E+004, Sat Sep 05 00:16:07 2015
0.05, 0.00, 1.20, 0.00 , 4.109242E-006, -4.110440E-006, 4.490395E-010, -1.012210E-013, 2.150400E+004 1.570926E+074 2.150400E+004, Sat Sep 05 00:16:11 2015
0.05, 0.00, 1.22, 0.00 , 4.250940E-006, -4.250990E-006, 4.646357E-010, -1.275300E-013, 2.150400E+004 1.570926E+074 2.150400E+004, Sat Sep 05 00:16:14 2015
0.05, 0.00, 1.24, 0.00 , 4.392734E-006, -4.392740E-006, 4.813220E-010, -1.219870E-013, 2.150400E+004 1.570926E+074 2.150400E+004, Sat Sep 05 00:16:18 2015
0.05, 0.00, 1.26, 0.00 , 4.534304E-006, -4.534500E-006, 4.857654E-010, -1.172300E-013, 2.150400E+004 1.570926E+074 2.150400E+004, Sat Sep 05 00:16:21 2015
0.05, 0.00, 1.28, 0.00 , 4.673026E-006, -4.672880E-006, 4.944023E-010, -9.665490E-014, 2.150400E+004 1.570926E+074 2.150400E+004, Sat Sep 05 00:16:25 2015
0.05, 0.00, 1.30, 0.00 , 4.810661E-006, -4.811230E-006, 4.911322E-010, -8.820300E-014, 2.150400E+004 1.570926E+074 2.150400E+004, Sat Sep 05 00:16:28 2015
0.05, 0.00, 1.32, 0.00 , 4.947735E-006, -4.948380E-006, 4.980498E-010, -9.787080E-014, 2.150400E+004 1.570926E+074 2.150400E+004, Sat Sep 05 00:16:32 2015
0.05, 0.00, 1.34, 0.00 , 5.083442E-006, -5.084130E-006, 5.004396E-010, -1.079680E-013, 2.150400E+004 1.570926E+074 2.150400E+004, Sat Sep 05 00:16:35 2015
0.05, 0.00, 1.36, 0.00 , 5.218667E-006, -5.218980E-006, 5.029132E-010, -9.512900E-014, 2.150400E+004 1.570926E+074 2.150400E+004, Sat Sep 05 00:16:39 2015
0.05, 0.00, 1.38, 0.00 , 5.350667E-006, -5.350230E-006, 5.054284E-010, -1.036760E-013, 2.150400E+004 1.570926E+074 2.150400E+004, Sat Sep 05 00:16:43 2015
0.05, 0.00, 1.40, 0.00 , 5.482902E-006, -5.482880E-006, 4.960375E-010, -9.145740E-014, 2.150400E+004 1.570926E+074 2.150400E+004, Sat Sep 05 00:16:46 2015
0.05, 0.00, 1.42, 0.00 , 5.612530E-006, -5.612570E-006, 4.903773E-010, -9.490250E-014, 2.150400E+004 1.570926E+074 2.150400E+004, Sat Sep 05 00:16:50 2015
0.05, 0.00, 1.44, 0.00 , 5.741510E-006, -5.742390E-006, 4.854308E-010, -7.690190E-014, 2.150400E+004 1.570926E+074 2.150400E+004, Sat Sep 05 00:16:53 2015
0.05, 0.00, 1.46, 0.00 , 5.870275E-006, -5.869670E-006, 4.896650E-010, -8.925200E-014, 2.150400E+004 1.570926E+074 2.150400E+004, Sat Sep 05 00:16:57 2015
0.05, 0.00, 1.48, 0.00 , 5.995542E-006, -5.995620E-006, 4.873170E-010, -7.439850E-014, 2.150400E+004 1.570926E+074 2.150400E+004, Sat Sep 05 00:17:00 2015
0.05, 0.00, 1.50, 0.00 , 6.120109E-006, -6.119260E-006, 4.873590E-010, -8.410220E-014, 2.150400E+004 1.570926E+074 2.150400E+004, Sat Sep 05 00:17:04 2015
0.05, 0.00, 1.52, 0.00 , 6.244802E-006, -6.244600E-006, 4.908807E-010, -9.357930E-014, 2.150400E+004 1.570926E+074 2.150400E+004, Sat Sep 05 00:17:07 2015
0.05, 0.00, 1.54, 0.00 , 6.365271E-006, -6.365480E-006, 4.855982E-010, -7.667540E-014, 2.150400E+004 1.570926E+074 2.150400E+004, Sat Sep 05 00:17:11 2015
0.05, 0.00, 1.56, 0.00 , 6.484861E-006, -6.485660E-006, 4.824120E-010, -8.107420E-014, 2.150400E+004 1.570926E+074 2.150400E+004, Sat Sep 05 00:17:15 2015
0.05, 0.00, 1.58, 0.00 , 6.605013E-006, -6.605310E-006, 4.839631E-010, -9.016990E-014, 2.150400E+004 1.570926E+074 2.150400E+004, Sat Sep 05 00:17:18 2015
0.05, 0.00, 1.60, 0.00 , 6.722910E-006, -6.722570E-006, 4.954087E-010, -9.549860E-014, 2.150400E+004 1.570926E+074 2.150400E+004, Sat Sep 05 00:17:22 2015
0.05, 0.00, 1.62, 0.00 , 6.838917E-006, -6.839470E-006, 5.013620E-010, -8.944270E-014, 2.150400E+004 1.570926E+074 2.150400E+004, Sat Sep 05 00:17:25 2015
0.05, 0.00, 1.64, 0.00 , 6.954926E-006, -6.954530E-006, 5.073993E-010, -1.017450E-013, 2.150400E+004 1.570926E+074 2.150400E+004, Sat Sep 05 00:17:29 2015
0.05, 0.00, 1.66, 0.00 , 7.068506E-006, -7.068540E-006, 5.105019E-010, -1.097200E-013, 2.150400E+004 1.570926E+074 2.150400E+004, Sat Sep 05 00:17:32 2015
0.05, 0.00, 1.68, 0.00 , 7.180699E-006, -7.181710E-006, 5.364952E-010, -6.794930E-014, 2.150400E+004 1.570926E+074 2.150400E+004, Sat Sep 05 00:17:36 2015
0.05, 0.00, 1.70, 0.00 , 7.291630E-006, -7.292470E-006, 5.387168E-010, -8.780960E-014, 2.150400E+004 1.570926E+074 2.150400E+004, Sat Sep 05 00:17:39 2015
0.05, 0.00, 1.72, 0.00 , 7.401829E-006, -7.402040E-006, 5.436221E-010, -9.281640E-014, 2.150400E+004 1.570926E+074 2.150400E+004, Sat Sep 05 00:17:43 2015
0.05, 0.00, 1.74, 0.00 , 7.510567E-006, -7.510810E-006, 5.431612E-010, -6.989240E-014, 2.150400E+004 1.570926E+074 2.150400E+004, Sat Sep 05 00:17:47 2015
0.05, 0.00, 1.76, 0.00 , 7.618760E-006, -7.617390E-006, 5.408132E-010, -9.574890E-014, 2.150400E+004 1.570926E+074 2.150400E+004, Sat Sep 05 00:17:50 2015
0.05, 0.00, 1.78, 0.00 , 7.723950E-006, -7.723050E-006, 5.343570E-010, -8.788110E-014, 2.150400E+004 1.570926E+074 2.150400E+004, Sat Sep 05 00:17:54 2015
0.05, 0.00, 1.80, 0.00 , 7.827330E-006, -7.828180E-006, 5.441252E-010, -9.479520E-014, 2.150400E+004 1.570926E+074 2.150400E+004, Sat Sep 05 00:17:57 2015
0.05, 0.00, 1.82, 0.00 , 7.930799E-006, -7.930740E-006, 5.736411E-010, -8.671280E-014, 2.150400E+004 1.570926E+074 2.150400E+004, Sat Sep 05 00:18:01 2015
0.05, 0.00, 1.84, 0.00 , 8.031192E-006, -8.032310E-006, 5.762402E-010, -1.032710E-013, 2.150400E+004 1.570926E+074 2.150400E+004, Sat Sep 05 00:18:04 2015
0.05, 0.00, 1.86, 0.00 , 8.132864E-006, -8.132660E-006, 5.720893E-010, -7.594820E-014, 2.150400E+004 1.570926E+074 2.150400E+004, Sat Sep 05 00:18:08 2015
0.05, 0.00, 1.88, 0.00 , 8.233434E-006, -8.233760E-006, 5.655910E-010, -8.685590E-014, 2.150400E+004 1.570926E+074 2.150400E+004, Sat Sep 05 00:18:11 2015
0.05, 0.00, 1.90, 0.00 , 8.331147E-006, -8.331990E-006, 5.870151E-010, -6.793740E-014, 2.150400E+004 1.570926E+074 2.150400E+004, Sat Sep 05 00:18:15 2015
0.05, 0.00, 1.92, 0.00 , 8.428721E-006, -8.428990E-006, 5.939746E-010, -1.078490E-013, 2.150400E+004 1.570926E+074 2.150400E+004, Sat Sep 05 00:18:19 2015
0.05, 0.00, 1.94, 0.00 , 8.525541E-006, -8.527120E-006, 5.782941E-010, -8.167030E-014, 2.150400E+004 1.570926E+074 2.150400E+004, Sat Sep 05 00:18:22 2015
0.05, 0.00, 1.96, 0.00 , 8.620437E-006, -8.619540E-006, 5.991310E-010, -8.051400E-014, 2.150400E+004 1.570926E+074 2.150400E+004, Sat Sep 05 00:18:26 2015
0.05, 0.00, 1.98, 0.00 , 8.713198E-006, -8.712380E-006, 6.136370E-010, -8.574720E-014, 2.150400E+004 1.570926E+074 2.150400E+004, Sat Sep 05 00:18:29 2015
0.05, 0.00, 2.00, 0.00 , 8.805397E-006, -8.805350E-006, 6.414755E-010, -8.995530E-014, 2.150400E+004 1.570926E+074 2.150400E+004, Sat Sep 05 00:18:33 2015
