0.05, 0.00, 0.00, 0.00 , -4.115353E-011, -3.585910E-012, -3.083540E-011, -1.068120E-013, 2.150400E+004 1.570926E+074 2.150400E+004, Thu Sep 10 21:30:45 2015
0.05, 0.00, 0.02, 0.00 , -4.018293E-011, -3.428840E-012, -3.167399E-011, -8.107420E-014, 2.150400E+004 1.570926E+074 2.150400E+004, Thu Sep 10 21:30:53 2015
0.05, 0.00, 0.04, 0.00 , -3.857935E-011, -3.513690E-012, -3.196749E-011, -1.073720E-013, 2.150400E+004 1.570926E+074 2.150400E+004, Thu Sep 10 21:30:58 2015
0.05, 0.00, 0.06, 0.00 , -4.157550E-011, -3.335430E-012, -3.221908E-011, -8.703470E-014, 2.150400E+004 1.570926E+074 2.150400E+004, Thu Sep 10 21:31:03 2015
0.05, 0.00, 0.08, 0.00 , -3.760875E-011, -3.547940E-012, -3.117083E-011, -9.429450E-014, 2.150400E+004 1.570926E+074 2.150400E+004, Thu Sep 10 21:31:13 2015
0.05, 0.00, 0.10, 0.00 , -3.731334E-011, -3.290890E-012, -3.238679E-011, -8.533000E-014, 2.150400E+004 1.570926E+074 2.150400E+004, Thu Sep 10 21:31:23 2015
0.05, 0.00, 0.12, 0.00 , -3.819951E-011, -3.466810E-012, -3.012260E-011, -9.933710E-014, 2.150400E+004 1.570926E+074 2.150400E+004, Thu Sep 10 21:31:28 2015
0.05, 0.00, 0.14, 0.00 , -3.988754E-011, -3.456430E-012, -3.259644E-011, -7.538800E-014, 2.150400E+004 1.570926E+074 2.150400E+004, Thu Sep 10 21:31:35 2015
0.05, 0.00, 0.16, 0.00 , -3.904355E-011, -3.612830E-012, -3.108698E-011, -9.152890E-014, 2.150400E+004 1.570926E+074 2.150400E+004, Thu Sep 10 21:31:48 2015
0.05, 0.00, 0.18, 0.00 , -3.954994E-011, -3.435990E-012, -3.049997E-011, -1.007560E-013, 2.150400E+004 1.570926E+074 2.150400E+004, Thu Sep 10 21:31:56 2015
0.05, 0.00, 0.20, 0.00 , -3.997195E-011, -3.648340E-012, -3.096119E-011, -1.037840E-013, 2.150400E+004 1.570926E+074 2.150400E+004, Thu Sep 10 21:32:03 2015
0.05, 0.00, 0.22, 0.00 , -4.056274E-011, -3.433040E-012, -2.748104E-011, -8.668900E-014, 2.150400E+004 1.570926E+074 2.150400E+004, Thu Sep 10 21:32:10 2015
0.05, 0.00, 0.24, 0.00 , -3.984537E-011, -3.322490E-012, -2.961944E-011, -9.397270E-014, 2.150400E+004 1.570926E+074 2.150400E+004, Thu Sep 10 21:32:18 2015
0.05, 0.00, 0.26, 0.00 , -4.039392E-011, -3.465830E-012, -2.911628E-011, -7.399320E-014, 2.150400E+004 1.570926E+074 2.150400E+004, Thu Sep 10 21:32:24 2015
0.05, 0.00, 0.28, 0.00 , -4.009854E-011, -3.288130E-012, -2.848734E-011, -9.584430E-014, 2.150400E+004 1.570926E+074 2.150400E+004, Thu Sep 10 21:32:32 2015
0.05, 0.00, 0.30, 0.00 , -4.030956E-011, -3.459420E-012, -2.991295E-011, -9.365080E-014, 2.150400E+004 1.570926E+074 2.150400E+004, Thu Sep 10 21:32:55 2015
0.05, 0.00, 0.32, 0.00 , -3.967652E-011, -3.613940E-012, -2.743910E-011, -1.013280E-013, 2.150400E+004 1.570926E+074 2.150400E+004, Thu Sep 10 21:33:11 2015
0.05, 0.00, 0.34, 0.00 , -3.853715E-011, -3.366600E-012, -2.903243E-011, -8.362530E-014, 2.150400E+004 1.570926E+074 2.150400E+004, Thu Sep 10 21:33:17 2015
0.05, 0.00, 0.36, 0.00 , -3.938113E-011, -3.531840E-012, -2.689402E-011, -8.784530E-014, 2.150400E+004 1.570926E+074 2.150400E+004, Thu Sep 10 21:33:29 2015
0.05, 0.00, 0.38, 0.00 , -4.039395E-011, -3.572750E-012, -2.735525E-011, -9.306670E-014, 2.150400E+004 1.570926E+074 2.150400E+004, Thu Sep 10 21:33:42 2015
0.05, 0.00, 0.40, 0.00 , -4.068932E-011, -3.518690E-012, -2.781647E-011, -1.122830E-013, 2.150400E+004 1.570926E+074 2.150400E+004, Thu Sep 10 21:33:47 2015
0.05, 0.00, 0.42, 0.00 , -4.140679E-011, -3.697400E-012, -2.555227E-011, -1.231190E-013, 2.150400E+004 1.570926E+074 2.150400E+004, Thu Sep 10 21:33:58 2015
0.05, 0.00, 0.44, 0.00 , -4.073155E-011, -3.542130E-012, -2.634894E-011, -1.150490E-013, 2.150400E+004 1.570926E+074 2.150400E+004, Thu Sep 10 21:34:03 2015
0.05, 0.00, 0.46, 0.00 , -4.090031E-011, -3.607150E-012, -2.810997E-011, -9.750130E-014, 2.150400E+004 1.570926E+074 2.150400E+004, Thu Sep 10 21:34:07 2015
0.05, 0.00, 0.48, 0.00 , -4.030954E-011, -3.432550E-012, -2.601350E-011, -9.444950E-014, 2.150400E+004 1.570926E+074 2.150400E+004, Thu Sep 10 21:34:12 2015
0.05, 0.00, 0.50, 0.00 , -4.009857E-011, -3.552850E-012, -2.844541E-011, -1.154070E-013, 2.150400E+004 1.570926E+074 2.150400E+004, Thu Sep 10 21:34:18 2015
0.05, 0.00, 0.52, 0.00 , -4.128014E-011, -3.505100E-012, -2.647472E-011, -7.117990E-014, 2.150400E+004 1.570926E+074 2.150400E+004, Thu Sep 10 21:34:23 2015
0.05, 0.00, 0.54, 0.00 , -4.026733E-011, -3.658930E-012, -2.345579E-011, -8.692740E-014, 2.150400E+004 1.570926E+074 2.150400E+004, Thu Sep 10 21:34:29 2015
0.05, 0.00, 0.56, 0.00 , -3.988751E-011, -3.437480E-012, -2.592964E-011, -8.916850E-014, 2.150400E+004 1.570926E+074 2.150400E+004, Thu Sep 10 21:34:37 2015
0.05, 0.00, 0.58, 0.00 , -4.001415E-011, -3.600070E-012, -2.362351E-011, -1.049160E-013, 2.150400E+004 1.570926E+074 2.150400E+004, Thu Sep 10 21:34:41 2015
0.05, 0.00, 0.60, 0.00 , -3.971875E-011, -3.662880E-012, -2.483947E-011, -9.061100E-014, 2.150400E+004 1.570926E+074 2.150400E+004, Thu Sep 10 21:34:53 2015
0.05, 0.00, 0.62, 0.00 , -4.039395E-011, -3.516380E-012, -2.521684E-011, -7.715230E-014, 2.150400E+004 1.570926E+074 2.150400E+004, Thu Sep 10 21:34:57 2015
0.05, 0.00, 0.64, 0.00 , -4.178654E-011, -3.793000E-012, -2.454596E-011, -7.897620E-014, 2.150400E+004 1.570926E+074 2.150400E+004, Thu Sep 10 21:35:07 2015
0.05, 0.00, 0.66, 0.00 , -3.988754E-011, -3.755240E-012, -2.379123E-011, -1.037720E-013, 2.150400E+004 1.570926E+074 2.150400E+004, Thu Sep 10 21:35:11 2015
0.05, 0.00, 0.68, 0.00 , -4.149111E-011, -3.947690E-012, -2.211414E-011, -9.173150E-014, 2.150400E+004 1.570926E+074 2.150400E+004, Thu Sep 10 21:35:18 2015
0.05, 0.00, 0.70, 0.00 , -4.102693E-011, -4.206930E-012, -2.228185E-011, -7.613900E-014, 2.150400E+004 1.570926E+074 2.150400E+004, Thu Sep 10 21:35:25 2015
0.05, 0.00, 0.72, 0.00 , -3.098333E-011, -1.282710E-011, -2.211414E-011, -8.424520E-014, 2.150400E+004 1.570926E+074 2.150400E+004, Thu Sep 10 21:35:32 2015
0.05, 0.00, 0.74, 0.00 , 1.775638E-011, -6.160760E-011, -2.190452E-011, -8.856060E-014, 2.150400E+004 1.570926E+074 2.150400E+004, Thu Sep 10 21:35:52 2015
0.05, 0.00, 0.76, 0.00 , 1.916483E-010, -2.310620E-010, -2.291073E-011, -7.138250E-014, 2.150400E+004 1.570926E+074 2.150400E+004, Thu Sep 10 21:35:59 2015
0.05, 0.00, 0.78, 0.00 , 9.814403E-010, -1.019370E-009, -2.253340E-011, -1.003150E-013, 2.150400E+004 1.570926E+074 2.150400E+004, Thu Sep 10 21:36:03 2015
0.05, 0.00, 0.80, 0.00 , 4.711068E-009, -4.697380E-009, -2.270110E-011, -9.840730E-014, 2.150400E+004 1.570926E+074 2.150400E+004, Thu Sep 10 21:36:07 2015
0.05, 0.00, 0.82, 0.00 , 1.396126E-008, -1.381790E-008, -2.228185E-011, -9.655950E-014, 2.150400E+004 1.570926E+074 2.150400E+004, Thu Sep 10 21:36:11 2015
0.05, 0.00, 0.84, 0.00 , 2.853700E-008, -2.835720E-008, -2.186259E-011, -1.016020E-013, 2.150400E+004 1.570926E+074 2.150400E+004, Thu Sep 10 21:36:14 2015
0.05, 0.00, 0.86, 0.00 , 5.550670E-008, -5.535380E-008, -2.005980E-011, -8.418560E-014, 2.150400E+004 1.570926E+074 2.150400E+004, Thu Sep 10 21:36:18 2015
0.05, 0.00, 0.88, 0.00 , 7.666967E-008, -7.628830E-008, -1.725080E-011, -7.594820E-014, 2.150400E+004 1.570926E+074 2.150400E+004, Thu Sep 10 21:36:21 2015
0.05, 0.00, 0.90, 0.00 , 1.032122E-007, -1.025050E-007, -1.905359E-011, -8.614060E-014, 2.150400E+004 1.570926E+074 2.150400E+004, Thu Sep 10 21:36:25 2015
0.05, 0.00, 0.92, 0.00 , 1.358355E-007, -1.352340E-007, -2.018558E-011, -8.885860E-014, 2.150400E+004 1.570926E+074 2.150400E+004, Thu Sep 10 21:36:28 2015
0.05, 0.00, 0.94, 0.00 , 1.677714E-007, -1.670280E-007, -1.888589E-011, -6.878380E-014, 2.150400E+004 1.570926E+074 2.150400E+004, Thu Sep 10 21:36:32 2015
0.05, 0.00, 0.96, 0.00 , 2.080725E-007, -2.069750E-007, -1.913744E-011, -8.416180E-014, 2.150400E+004 1.570926E+074 2.150400E+004, Thu Sep 10 21:36:35 2015
0.05, 0.00, 0.98, 0.00 , 2.397458E-007, -2.386610E-007, -1.863434E-011, -6.997590E-014, 2.150400E+004 1.570926E+074 2.150400E+004, Thu Sep 10 21:36:39 2015
0.05, 0.00, 1.00, 0.00 , 2.725195E-007, -2.712690E-007, -1.863434E-011, -9.328130E-014, 2.150400E+004 1.570926E+074 2.150400E+004, Thu Sep 10 21:36:43 2015
0.05, 0.00, 1.02, 0.00 , 3.058054E-007, -3.043780E-007, -1.691540E-011, -9.205340E-014, 2.150400E+004 1.570926E+074 2.150400E+004, Thu Sep 10 21:36:46 2015
0.05, 0.00, 1.04, 0.00 , 3.352881E-007, -3.336910E-007, -1.708310E-011, -7.129910E-014, 2.150400E+004 1.570926E+074 2.150400E+004, Thu Sep 10 21:36:50 2015
0.05, 0.00, 1.06, 0.00 , 3.637826E-007, -3.621850E-007, -1.779583E-011, -9.436610E-014, 2.150400E+004 1.570926E+074 2.150400E+004, Thu Sep 10 21:36:53 2015
0.05, 0.00, 1.08, 0.00 , 3.915761E-007, -3.897980E-007, -1.746043E-011, -9.894370E-014, 2.150400E+004 1.570926E+074 2.150400E+004, Thu Sep 10 21:36:57 2015
0.05, 0.00, 1.10, 0.00 , 4.199449E-007, -4.180130E-007, -1.553186E-011, -8.068090E-014, 2.150400E+004 1.570926E+074 2.150400E+004, Thu Sep 10 21:37:00 2015
0.05, 0.00, 1.12, 0.00 , 4.495703E-007, -4.476140E-007, -1.372906E-011, -8.788110E-014, 2.150400E+004 1.570926E+074 2.150400E+004, Thu Sep 10 21:37:04 2015
0.05, 0.00, 1.14, 0.00 , 4.793149E-007, -4.772800E-007, -1.737658E-011, -7.796290E-014, 2.150400E+004 1.570926E+074 2.150400E+004, Thu Sep 10 21:37:07 2015
0.05, 0.00, 1.16, 0.00 , 5.062875E-007, -5.040640E-007, -1.502875E-011, -8.184910E-014, 2.150400E+004 1.570926E+074 2.150400E+004, Thu Sep 10 21:37:11 2015
0.05, 0.00, 1.18, 0.00 , 5.333798E-007, -5.308440E-007, -1.708310E-011, -9.741780E-014, 2.150400E+004 1.570926E+074 2.150400E+004, Thu Sep 10 21:37:15 2015
0.05, 0.00, 1.20, 0.00 , 5.651559E-007, -5.622670E-007, -1.544801E-011, -9.419920E-014, 2.150400E+004 1.570926E+074 2.150400E+004, Thu Sep 10 21:37:18 2015
0.05, 0.00, 1.22, 0.00 , 5.980671E-007, -5.954200E-007, -1.557379E-011, -1.043680E-013, 2.150400E+004 1.570926E+074 2.150400E+004, Thu Sep 10 21:37:22 2015
0.05, 0.00, 1.24, 0.00 , 6.291794E-007, -6.263360E-007, -1.557379E-011, -8.046630E-014, 2.150400E+004 1.570926E+074 2.150400E+004, Thu Sep 10 21:37:25 2015
0.05, 0.00, 1.26, 0.00 , 6.583930E-007, -6.559430E-007, -1.611881E-011, -9.739400E-014, 2.150400E+004 1.570926E+074 2.150400E+004, Thu Sep 10 21:37:29 2015
0.05, 0.00, 1.28, 0.00 , 6.876567E-007, -6.844220E-007, -1.435795E-011, -8.935930E-014, 2.150400E+004 1.570926E+074 2.150400E+004, Thu Sep 10 21:37:32 2015
0.05, 0.00, 1.30, 0.00 , 7.157749E-007, -7.124140E-007, -1.548993E-011, -9.747740E-014, 2.150400E+004 1.570926E+074 2.150400E+004, Thu Sep 10 21:37:36 2015
0.05, 0.00, 1.32, 0.00 , 7.425679E-007, -7.394340E-007, -1.528031E-011, -1.005170E-013, 2.150400E+004 1.570926E+074 2.150400E+004, Thu Sep 10 21:37:40 2015
0.05, 0.00, 1.34, 0.00 , 7.699217E-007, -7.668290E-007, -1.339367E-011, -9.051560E-014, 2.150400E+004 1.570926E+074 2.150400E+004, Thu Sep 10 21:37:43 2015
0.05, 0.00, 1.36, 0.00 , 7.965992E-007, -7.933870E-007, -1.209398E-011, -9.379390E-014, 2.150400E+004 1.570926E+074 2.150400E+004, Thu Sep 10 21:37:47 2015
0.05, 0.00, 1.38, 0.00 , 8.230116E-007, -8.194380E-007, -1.486105E-011, -9.014610E-014, 2.150400E+004 1.570926E+074 2.150400E+004, Thu Sep 10 21:37:50 2015
0.05, 0.00, 1.40, 0.00 , 8.491189E-007, -8.453210E-007, -1.469335E-011, -1.031640E-013, 2.150400E+004 1.570926E+074 2.150400E+004, Thu Sep 10 21:37:54 2015
0.05, 0.00, 1.42, 0.00 , 8.758983E-007, -8.721880E-007, -1.393870E-011, -8.906130E-014, 2.150400E+004 1.570926E+074 2.150400E+004, Thu Sep 10 21:37:57 2015
0.05, 0.00, 1.44, 0.00 , 9.025254E-007, -8.990860E-007, -1.368715E-011, -1.048560E-013, 2.150400E+004 1.570926E+074 2.150400E+004, Thu Sep 10 21:38:01 2015
0.05, 0.00, 1.46, 0.00 , 9.279541E-007, -9.237910E-007, -1.075238E-011, -9.984970E-014, 2.150400E+004 1.570926E+074 2.150400E+004, Thu Sep 10 21:38:04 2015
0.05, 0.00, 1.48, 0.00 , 9.536538E-007, -9.493700E-007, -1.163280E-011, -8.528230E-014, 2.150400E+004 1.570926E+074 2.150400E+004, Thu Sep 10 21:38:08 2015
0.05, 0.00, 1.50, 0.00 , 9.784709E-007, -9.740420E-007, -1.293248E-011, -8.270740E-014, 2.150400E+004 1.570926E+074 2.150400E+004, Thu Sep 10 21:38:11 2015
0.05, 0.00, 1.52, 0.00 , 1.003248E-006, -9.988250E-007, -1.054274E-011, -9.053950E-014, 2.150400E+004 1.570926E+074 2.150400E+004, Thu Sep 10 21:38:15 2015
0.05, 0.00, 1.54, 0.00 , 1.027341E-006, -1.022550E-006, -2.451128E-012, -8.831020E-014, 2.150400E+004 1.570926E+074 2.150400E+004, Thu Sep 10 21:38:19 2015
0.05, 0.00, 1.56, 0.00 , 1.051206E-006, -1.046910E-006, -1.150703E-011, -8.400680E-014, 2.150400E+004 1.570926E+074 2.150400E+004, Thu Sep 10 21:38:22 2015
0.05, 0.00, 1.58, 0.00 , 1.075111E-006, -1.070180E-006, -1.050081E-011, -9.109970E-014, 2.150400E+004 1.570926E+074 2.150400E+004, Thu Sep 10 21:38:26 2015
0.05, 0.00, 1.60, 0.00 , 1.100564E-006, -1.095510E-006, -1.163281E-011, -1.008630E-013, 2.150400E+004 1.570926E+074 2.150400E+004, Thu Sep 10 21:38:29 2015
0.05, 0.00, 1.62, 0.00 , 1.126256E-006, -1.121300E-006, -1.008157E-011, -1.006480E-013, 2.150400E+004 1.570926E+074 2.150400E+004, Thu Sep 10 21:38:33 2015
0.05, 0.00, 1.64, 0.00 , 1.152178E-006, -1.147100E-006, -9.788086E-012, -1.176480E-013, 2.150400E+004 1.570926E+074 2.150400E+004, Thu Sep 10 21:38:37 2015
0.05, 0.00, 1.66, 0.00 , 1.179325E-006, -1.174460E-006, -7.188720E-012, -9.055140E-014, 2.150400E+004 1.570926E+074 2.150400E+004, Thu Sep 10 21:38:40 2015
0.05, 0.00, 1.68, 0.00 , 1.207631E-006, -1.202200E-006, -9.284975E-012, -9.114740E-014, 2.150400E+004 1.570926E+074 2.150400E+004, Thu Sep 10 21:38:44 2015
0.05, 0.00, 1.70, 0.00 , 1.236566E-006, -1.230950E-006, -1.016541E-011, -8.515120E-014, 2.150400E+004 1.570926E+074 2.150400E+004, Thu Sep 10 21:38:47 2015
0.05, 0.00, 1.72, 0.00 , 1.266481E-006, -1.260450E-006, -8.446471E-012, -9.497400E-014, 2.150400E+004 1.570926E+074 2.150400E+004, Thu Sep 10 21:38:51 2015
0.05, 0.00, 1.74, 0.00 , 1.296571E-006, -1.290720E-006, -9.159199E-012, -1.104590E-013, 2.150400E+004 1.570926E+074 2.150400E+004, Thu Sep 10 21:38:54 2015
0.05, 0.00, 1.76, 0.00 , 1.327309E-006, -1.321960E-006, -8.362627E-012, -9.166000E-014, 2.150400E+004 1.570926E+074 2.150400E+004, Thu Sep 10 21:38:58 2015
0.05, 0.00, 1.78, 0.00 , 1.359069E-006, -1.352980E-006, -8.320697E-012, -9.601120E-014, 2.150400E+004 1.570926E+074 2.150400E+004, Thu Sep 10 21:39:01 2015
0.05, 0.00, 1.80, 0.00 , 1.391349E-006, -1.385280E-006, -6.727542E-012, -9.834770E-014, 2.150400E+004 1.570926E+074 2.150400E+004, Thu Sep 10 21:39:05 2015
0.05, 0.00, 1.82, 0.00 , 1.423906E-006, -1.418000E-006, -7.314484E-012, -8.828640E-014, 2.150400E+004 1.570926E+074 2.150400E+004, Thu Sep 10 21:39:09 2015
0.05, 0.00, 1.84, 0.00 , 1.456840E-006, -1.450170E-006, -6.853327E-012, -9.711980E-014, 2.150400E+004 1.570926E+074 2.150400E+004, Thu Sep 10 21:39:12 2015
0.05, 0.00, 1.86, 0.00 , 1.489135E-006, -1.482680E-006, -5.889031E-012, -9.094480E-014, 2.150400E+004 1.570926E+074 2.150400E+004, Thu Sep 10 21:39:16 2015
0.05, 0.00, 1.88, 0.00 , 1.521905E-006, -1.515480E-006, -5.972872E-012, -1.142140E-013, 2.150400E+004 1.570926E+074 2.150400E+004, Thu Sep 10 21:39:19 2015
0.05, 0.00, 1.90, 0.00 , 1.553973E-006, -1.547710E-006, -5.385928E-012, -8.109810E-014, 2.150400E+004 1.570926E+074 2.150400E+004, Thu Sep 10 21:39:23 2015
0.05, 0.00, 1.92, 0.00 , 1.587680E-006, -1.580810E-006, -6.727535E-012, -9.039640E-014, 2.150400E+004 1.570926E+074 2.150400E+004, Thu Sep 10 21:39:26 2015
0.05, 0.00, 1.94, 0.00 , 1.619506E-006, -1.612770E-006, -6.559838E-012, -9.163620E-014, 2.150400E+004 1.570926E+074 2.150400E+004, Thu Sep 10 21:39:30 2015
0.05, 0.00, 1.96, 0.00 , 1.652400E-006, -1.644190E-006, -5.260160E-012, -9.121890E-014, 2.150400E+004 1.570926E+074 2.150400E+004, Thu Sep 10 21:39:33 2015
0.05, 0.00, 1.98, 0.00 , 1.685283E-006, -1.678300E-006, -5.092447E-012, -1.122830E-013, 2.150400E+004 1.570926E+074 2.150400E+004, Thu Sep 10 21:39:37 2015
0.05, 0.00, 2.00, 0.00 , 1.718179E-006, -1.710670E-006, -5.008606E-012, -7.752180E-014, 2.150400E+004 1.570926E+074 2.150400E+004, Thu Sep 10 21:39:40 2015
