0.00, 0.00, 0.40, 0.00 , -8.385977E-011, -3.540620E-012, -2.773260E-011, -9.279250E-014, 2.150400E+004 1.570926E+074 2.150400E+004, Thu Sep 10 21:54:41 2015
0.05, 0.00, 0.40, 0.00 , -6.900541E-011, -3.294910E-012, -2.991293E-011, -8.353000E-014, 2.150400E+004 1.570926E+074 2.150400E+004, Thu Sep 10 21:54:57 2015
0.10, 0.00, 0.40, 0.00 , -6.427901E-011, -3.602980E-012, -2.706172E-011, -8.424520E-014, 2.150400E+004 1.570926E+074 2.150400E+004, Thu Sep 10 21:55:03 2015
0.15, 0.00, 0.40, 0.00 , -5.980577E-011, -3.500190E-012, -2.865505E-011, -8.521080E-014, 2.150400E+004 1.570926E+074 2.150400E+004, Thu Sep 10 21:55:09 2015
0.20, 0.00, 0.40, 0.00 , -5.394001E-011, -3.236220E-012, -3.033222E-011, -6.979700E-014, 2.150400E+004 1.570926E+074 2.150400E+004, Thu Sep 10 21:55:16 2015
0.25, 0.00, 0.40, 0.00 , -5.090161E-011, -3.340480E-012, -2.878083E-011, -9.609460E-014, 2.150400E+004 1.570926E+074 2.150400E+004, Thu Sep 10 21:55:25 2015
0.30, 0.00, 0.40, 0.00 , -4.490925E-011, -3.323540E-012, -3.070958E-011, -1.076940E-013, 2.150400E+004 1.570926E+074 2.150400E+004, Thu Sep 10 21:55:44 2015
0.35, 0.00, 0.40, 0.00 , -3.912787E-011, -3.315570E-012, -2.899048E-011, -9.546280E-014, 2.150400E+004 1.570926E+074 2.150400E+004, Thu Sep 10 21:55:50 2015
0.40, 0.00, 0.40, 0.00 , -3.659584E-011, -3.393670E-012, -2.831960E-011, -1.110670E-013, 2.150400E+004 1.570926E+074 2.150400E+004, Thu Sep 10 21:56:02 2015
0.45, 0.00, 0.40, 0.00 , -3.165846E-011, -3.326630E-012, -2.966135E-011, -8.051400E-014, 2.150400E+004 1.570926E+074 2.150400E+004, Thu Sep 10 21:56:08 2015
0.50, 0.00, 0.40, 0.00 , -2.832467E-011, -3.405120E-012, -3.003871E-011, -1.006480E-013, 2.150400E+004 1.570926E+074 2.150400E+004, Thu Sep 10 21:56:15 2015
0.55, 0.00, 0.40, 0.00 , -2.355608E-011, -3.387640E-012, -2.999679E-011, -9.486680E-014, 2.150400E+004 1.570926E+074 2.150400E+004, Thu Sep 10 21:56:22 2015
0.60, 0.00, 0.40, 0.00 , -2.009567E-011, -3.631940E-012, -2.802610E-011, -9.299520E-014, 2.150400E+004 1.570926E+074 2.150400E+004, Thu Sep 10 21:56:28 2015
0.65, 0.00, 0.40, 0.00 , -1.760589E-011, -3.595950E-012, -2.957749E-011, -1.172180E-013, 2.150400E+004 1.570926E+074 2.150400E+004, Thu Sep 10 21:56:41 2015
0.70, 0.00, 0.40, 0.00 , -9.714501E-012, -3.522000E-012, -2.831961E-011, -9.260180E-014, 2.150400E+004 1.570926E+074 2.150400E+004, Thu Sep 10 21:56:46 2015
0.75, 0.00, 0.40, 0.00 , -8.448504E-012, -3.393240E-012, -2.974520E-011, -9.278060E-014, 2.150400E+004 1.570926E+074 2.150400E+004, Thu Sep 10 21:56:49 2015
0.80, 0.00, 0.40, 0.00 , -4.270710E-012, -3.199200E-012, -3.188361E-011, -9.169580E-014, 2.150400E+004 1.570926E+074 2.150400E+004, Thu Sep 10 21:56:53 2015
0.85, 0.00, 0.40, 0.00 , 8.354789E-013, -3.380330E-012, -3.066765E-011, -9.773970E-014, 2.150400E+004 1.570926E+074 2.150400E+004, Thu Sep 10 21:56:57 2015
0.90, 0.00, 0.40, 0.00 , 7.671395E-012, -3.466670E-012, -2.924205E-011, -9.015800E-014, 2.150400E+004 1.570926E+074 2.150400E+004, Thu Sep 10 21:57:01 2015
0.95, 0.00, 0.40, 0.00 , 7.249427E-012, -3.266290E-012, -2.894854E-011, -1.053450E-013, 2.150400E+004 1.570926E+074 2.150400E+004, Thu Sep 10 21:57:06 2015
1.00, 0.00, 0.40, 0.00 , 1.319913E-011, -3.744730E-012, -2.924205E-011, -8.354190E-014, 2.150400E+004 1.570926E+074 2.150400E+004, Thu Sep 10 21:57:19 2015
1.05, 0.00, 0.40, 0.00 , 1.653264E-011, -3.454710E-012, -2.890661E-011, -1.048680E-013, 2.150400E+004 1.570926E+074 2.150400E+004, Thu Sep 10 21:57:39 2015
1.10, 0.00, 0.40, 0.00 , 2.273552E-011, -3.570960E-012, -2.961941E-011, -8.540150E-014, 2.150400E+004 1.570926E+074 2.150400E+004, Thu Sep 10 21:57:44 2015
1.15, 0.00, 0.40, 0.00 , 2.222916E-011, -3.495660E-012, -3.054187E-011, -8.987190E-014, 2.150400E+004 1.570926E+074 2.150400E+004, Thu Sep 10 21:58:06 2015
1.20, 0.00, 0.40, 0.00 , 2.746152E-011, -3.670660E-012, -3.163202E-011, -1.116390E-013, 2.150400E+004 1.570926E+074 2.150400E+004, Thu Sep 10 21:58:13 2015
1.25, 0.00, 0.40, 0.00 , 3.332683E-011, -3.472390E-012, -2.970327E-011, -6.995200E-014, 2.150400E+004 1.570926E+074 2.150400E+004, Thu Sep 10 21:58:19 2015
1.30, 0.00, 0.40, 0.00 , 3.805285E-011, -3.733130E-012, -3.112888E-011, -7.919070E-014, 2.150400E+004 1.570926E+074 2.150400E+004, Thu Sep 10 21:58:27 2015
1.35, 0.00, 0.40, 0.00 , 4.303201E-011, -4.002770E-012, -2.957749E-011, -4.495380E-014, 2.150400E+004 1.570926E+074 2.150400E+004, Thu Sep 10 21:58:33 2015
1.40, 0.00, 0.40, 0.00 , 4.417132E-011, -3.573690E-012, -3.045801E-011, -8.327960E-014, 2.150400E+004 1.570926E+074 2.150400E+004, Thu Sep 10 21:58:43 2015
1.45, 0.00, 0.40, 0.00 , 4.543720E-011, -3.778780E-012, -2.987099E-011, -1.105430E-013, 2.150400E+004 1.570926E+074 2.150400E+004, Thu Sep 10 21:59:01 2015
1.50, 0.00, 0.40, 0.00 , 4.792677E-011, -3.618680E-012, -3.129659E-011, -1.014710E-013, 2.150400E+004 1.570926E+074 2.150400E+004, Thu Sep 10 21:59:09 2015
1.55, 0.00, 0.40, 0.00 , 4.944585E-011, -3.566090E-012, -3.083536E-011, -7.405280E-014, 2.150400E+004 1.570926E+074 2.150400E+004, Thu Sep 10 21:59:21 2015
1.60, 0.00, 0.40, 0.00 , 5.134473E-011, -3.606010E-012, -3.020643E-011, -9.020570E-014, 2.150400E+004 1.570926E+074 2.150400E+004, Thu Sep 10 21:59:28 2015
1.65, 0.00, 0.40, 0.00 , 5.488917E-011, -3.644730E-012, -2.903240E-011, -1.245740E-013, 2.150400E+004 1.570926E+074 2.150400E+004, Thu Sep 10 21:59:33 2015
1.70, 0.00, 0.40, 0.00 , 5.151351E-011, -3.781510E-012, -2.978713E-011, -1.008990E-013, 2.150400E+004 1.570926E+074 2.150400E+004, Thu Sep 10 21:59:52 2015
1.75, 0.00, 0.40, 0.00 , 5.054295E-011, -3.710190E-012, -3.062572E-011, -1.000170E-013, 2.150400E+004 1.570926E+074 2.150400E+004, Thu Sep 10 22:00:12 2015
1.80, 0.00, 0.40, 0.00 , 5.248405E-011, -3.737770E-012, -3.049993E-011, -8.730890E-014, 2.150400E+004 1.570926E+074 2.150400E+004, Thu Sep 10 22:00:19 2015
1.85, 0.00, 0.40, 0.00 , 5.539555E-011, -3.857030E-012, -2.886468E-011, -1.012560E-013, 2.150400E+004 1.570926E+074 2.150400E+004, Thu Sep 10 22:00:28 2015
1.90, 0.00, 0.40, 0.00 , 5.742098E-011, -3.641900E-012, -3.062572E-011, -8.503200E-014, 2.150400E+004 1.570926E+074 2.150400E+004, Thu Sep 10 22:00:34 2015
1.95, 0.00, 0.40, 0.00 , 5.830711E-011, -3.554280E-012, -2.932591E-011, -1.023050E-013, 2.150400E+004 1.570926E+074 2.150400E+004, Thu Sep 10 22:00:40 2015
2.00, 0.00, 0.40, 0.00 , 6.413022E-011, -3.729570E-012, -3.150624E-011, -1.015070E-013, 2.150400E+004 1.570926E+074 2.150400E+004, Thu Sep 10 22:00:45 2015
