0.00, 0.00, 1.60, 0.00 , -3.036362E-010, 2.950150E-010, -1.364526E-011, -9.031300E-014, 2.150400E+004 1.570926E+074 2.150400E+004, Thu Sep 10 22:06:13 2015
0.05, 0.00, 1.60, 0.00 , 1.103925E-006, -1.099310E-006, -1.121360E-011, -8.310080E-014, 2.150400E+004 1.570926E+074 2.150400E+004, Thu Sep 10 22:06:18 2015
0.10, 0.00, 1.60, 0.00 , 5.227851E-006, -5.215960E-006, -1.146516E-011, -8.680820E-014, 2.150400E+004 1.570926E+074 2.150400E+004, Thu Sep 10 22:06:22 2015
0.15, 0.00, 1.60, 0.00 , 1.200060E-005, -1.199210E-005, -1.163286E-011, -1.052380E-013, 2.150400E+004 1.570926E+074 2.150400E+004, Thu Sep 10 22:06:25 2015
0.20, 0.00, 1.60, 0.00 , 2.006220E-005, -2.005430E-005, -1.251328E-011, -9.932520E-014, 2.150400E+004 1.570926E+074 2.150400E+004, Thu Sep 10 22:06:29 2015
0.25, 0.00, 1.60, 0.00 , 2.818973E-005, -2.817360E-005, -1.310023E-011, -1.122120E-013, 2.150400E+004 1.570926E+074 2.150400E+004, Thu Sep 10 22:06:32 2015
0.30, 0.00, 1.60, 0.00 , 3.599823E-005, -3.597470E-005, -1.511265E-011, -8.802410E-014, 2.150400E+004 1.570926E+074 2.150400E+004, Thu Sep 10 22:06:36 2015
0.35, 0.00, 1.60, 0.00 , 4.343037E-005, -4.340140E-005, -1.490302E-011, -8.810760E-014, 2.150400E+004 1.570926E+074 2.150400E+004, Thu Sep 10 22:06:39 2015
0.40, 0.00, 1.60, 0.00 , 5.038717E-005, -5.036130E-005, -1.385489E-011, -1.082900E-013, 2.150400E+004 1.570926E+074 2.150400E+004, Thu Sep 10 22:06:43 2015
0.45, 0.00, 1.60, 0.00 , 5.677060E-005, -5.673890E-005, -1.356141E-011, -1.148340E-013, 2.150400E+004 1.570926E+074 2.150400E+004, Thu Sep 10 22:06:47 2015
0.50, 0.00, 1.60, 0.00 , 6.253118E-005, -6.250250E-005, -1.289061E-011, -9.001490E-014, 2.150400E+004 1.570926E+074 2.150400E+004, Thu Sep 10 22:06:50 2015
0.55, 0.00, 1.60, 0.00 , 6.764961E-005, -6.760960E-005, -1.477724E-011, -9.357930E-014, 2.150400E+004 1.570926E+074 2.150400E+004, Thu Sep 10 22:06:54 2015
0.60, 0.00, 1.60, 0.00 , 7.214063E-005, -7.210560E-005, -1.318408E-011, -9.620190E-014, 2.150400E+004 1.570926E+074 2.150400E+004, Thu Sep 10 22:06:57 2015
0.65, 0.00, 1.60, 0.00 , 7.600218E-005, -7.597330E-005, -1.448377E-011, -1.149770E-013, 2.150400E+004 1.570926E+074 2.150400E+004, Thu Sep 10 22:07:01 2015
0.70, 0.00, 1.60, 0.00 , 7.930373E-005, -7.928440E-005, -1.431606E-011, -9.751320E-014, 2.150400E+004 1.570926E+074 2.150400E+004, Thu Sep 10 22:07:04 2015
0.75, 0.00, 1.60, 0.00 , 8.205577E-005, -8.202090E-005, -1.435799E-011, -1.104830E-013, 2.150400E+004 1.570926E+074 2.150400E+004, Thu Sep 10 22:07:08 2015
0.80, 0.00, 1.60, 0.00 , 8.425946E-005, -8.422960E-005, -1.310023E-011, -1.035330E-013, 2.150400E+004 1.570926E+074 2.150400E+004, Thu Sep 10 22:07:11 2015
0.85, 0.00, 1.60, 0.00 , 8.602015E-005, -8.597740E-005, -1.393874E-011, -8.829830E-014, 2.150400E+004 1.570926E+074 2.150400E+004, Thu Sep 10 22:07:15 2015
0.90, 0.00, 1.60, 0.00 , 8.739820E-005, -8.735400E-005, -1.318408E-011, -8.908510E-014, 2.150400E+004 1.570926E+074 2.150400E+004, Thu Sep 10 22:07:18 2015
0.95, 0.00, 1.60, 0.00 , 8.842336E-005, -8.839780E-005, -1.674772E-011, -9.177920E-014, 2.150400E+004 1.570926E+074 2.150400E+004, Thu Sep 10 22:07:22 2015
1.00, 0.00, 1.60, 0.00 , 8.919107E-005, -8.917230E-005, -1.368719E-011, -9.520050E-014, 2.150400E+004 1.570926E+074 2.150400E+004, Thu Sep 10 22:07:26 2015
1.05, 0.00, 1.60, 0.00 , 8.973956E-005, -8.971430E-005, -1.502880E-011, -1.133080E-013, 2.150400E+004 1.570926E+074 2.150400E+004, Thu Sep 10 22:07:29 2015
1.10, 0.00, 1.60, 0.00 , 9.018509E-005, -9.013710E-005, -1.381296E-011, -1.098390E-013, 2.150400E+004 1.570926E+074 2.150400E+004, Thu Sep 10 22:07:33 2015
1.15, 0.00, 1.60, 0.00 , 9.052708E-005, -9.048860E-005, -1.523842E-011, -9.795430E-014, 2.150400E+004 1.570926E+074 2.150400E+004, Thu Sep 10 22:07:36 2015
1.20, 0.00, 1.60, 0.00 , 9.076708E-005, -9.073140E-005, -1.561574E-011, -1.039030E-013, 2.150400E+004 1.570926E+074 2.150400E+004, Thu Sep 10 22:07:40 2015
1.25, 0.00, 1.60, 0.00 , 9.100935E-005, -9.097050E-005, -1.473531E-011, -1.112820E-013, 2.150400E+004 1.570926E+074 2.150400E+004, Thu Sep 10 22:07:43 2015
1.30, 0.00, 1.60, 0.00 , 9.116804E-005, -9.114260E-005, -1.393873E-011, -1.077650E-013, 2.150400E+004 1.570926E+074 2.150400E+004, Thu Sep 10 22:07:47 2015
1.35, 0.00, 1.60, 0.00 , 9.133515E-005, -9.129540E-005, -1.548997E-011, -1.206870E-013, 2.150400E+004 1.570926E+074 2.150400E+004, Thu Sep 10 22:07:50 2015
1.40, 0.00, 1.60, 0.00 , 9.151097E-005, -9.148280E-005, -1.611885E-011, -1.065250E-013, 2.150400E+004 1.570926E+074 2.150400E+004, Thu Sep 10 22:07:54 2015
1.45, 0.00, 1.60, 0.00 , 9.173723E-005, -9.169460E-005, -1.481917E-011, -1.086000E-013, 2.150400E+004 1.570926E+074 2.150400E+004, Thu Sep 10 22:07:57 2015
1.50, 0.00, 1.60, 0.00 , 9.220061E-005, -9.219420E-005, -1.477725E-011, -1.006960E-013, 2.150400E+004 1.570926E+074 2.150400E+004, Thu Sep 10 22:08:01 2015
1.55, 0.00, 1.60, 0.00 , 9.266198E-005, -9.268330E-005, -1.515457E-011, -9.124280E-014, 2.150400E+004 1.570926E+074 2.150400E+004, Thu Sep 10 22:08:05 2015
1.60, 0.00, 1.60, 0.00 , 9.302087E-005, -9.298110E-005, -1.414837E-011, -1.030560E-013, 2.150400E+004 1.570926E+074 2.150400E+004, Thu Sep 10 22:08:08 2015
1.65, 0.00, 1.60, 0.00 , 9.347503E-005, -9.341810E-005, -1.578345E-011, -9.858610E-014, 2.150400E+004 1.570926E+074 2.150400E+004, Thu Sep 10 22:08:12 2015
1.70, 0.00, 1.60, 0.00 , 9.387160E-005, -9.385050E-005, -1.578345E-011, -1.015660E-013, 2.150400E+004 1.570926E+074 2.150400E+004, Thu Sep 10 22:08:15 2015
1.75, 0.00, 1.60, 0.00 , 9.430269E-005, -9.425610E-005, -1.574152E-011, -1.037120E-013, 2.150400E+004 1.570926E+074 2.150400E+004, Thu Sep 10 22:08:19 2015
1.80, 0.00, 1.60, 0.00 , 9.464423E-005, -9.462190E-005, -1.637040E-011, -9.149310E-014, 2.150400E+004 1.570926E+074 2.150400E+004, Thu Sep 10 22:08:22 2015
1.85, 0.00, 1.60, 0.00 , 9.505008E-005, -9.501250E-005, -1.607692E-011, -1.089220E-013, 2.150400E+004 1.570926E+074 2.150400E+004, Thu Sep 10 22:08:26 2015
1.90, 0.00, 1.60, 0.00 , 9.554867E-005, -9.551880E-005, -1.565767E-011, -9.517670E-014, 2.150400E+004 1.570926E+074 2.150400E+004, Thu Sep 10 22:08:29 2015
1.95, 0.00, 1.60, 0.00 , 9.598840E-005, -9.594900E-005, -1.326794E-011, -9.609460E-014, 2.150400E+004 1.570926E+074 2.150400E+004, Thu Sep 10 22:08:33 2015
2.00, 0.00, 1.60, 0.00 , 9.652230E-005, -9.648630E-005, -1.762815E-011, -1.004220E-013, 2.150400E+004 1.570926E+074 2.150400E+004, Thu Sep 10 22:08:37 2015
