1.80, 0.00, 0.00, 0.00 , 2.825764E-009, -8.083400E-010, -1.469092E-009, -9.002690E-014, 2.150400E+004 1.570926E+074 2.150400E+004, Sat Sep 05 00:18:45 2015
1.80, 0.00, 0.02, 0.00 , 2.751414E-009, -7.505250E-010, -1.423053E-009, -9.355550E-014, 2.150400E+004 1.570926E+074 2.150400E+004, Sat Sep 05 00:18:50 2015
1.80, 0.00, 0.04, 0.00 , 2.726772E-009, -7.221450E-010, -1.397016E-009, -8.902550E-014, 2.150400E+004 1.570926E+074 2.150400E+004, Sat Sep 05 00:18:54 2015
1.80, 0.00, 0.06, 0.00 , 2.689764E-009, -7.181990E-010, -1.378357E-009, -8.795260E-014, 2.150400E+004 1.570926E+074 2.150400E+004, Sat Sep 05 00:19:01 2015
1.80, 0.00, 0.08, 0.00 , 2.671118E-009, -7.192930E-010, -1.354205E-009, -9.900330E-014, 2.150400E+004 1.570926E+074 2.150400E+004, Sat Sep 05 00:19:05 2015
1.80, 0.00, 0.10, 0.00 , 2.645965E-009, -7.170920E-010, -1.341920E-009, -9.328130E-014, 2.150400E+004 1.570926E+074 2.150400E+004, Sat Sep 05 00:19:10 2015
1.80, 0.00, 0.12, 0.00 , 2.587609E-009, -7.164930E-010, -1.304058E-009, -6.535050E-014, 2.150400E+004 1.570926E+074 2.150400E+004, Sat Sep 05 00:19:15 2015
1.80, 0.00, 0.14, 0.00 , 2.536846E-009, -6.957730E-010, -1.253073E-009, -8.983610E-014, 2.150400E+004 1.570926E+074 2.150400E+004, Sat Sep 05 00:19:21 2015
1.80, 0.00, 0.16, 0.00 , 2.466802E-009, -6.981000E-010, -1.214748E-009, -7.088180E-014, 2.150400E+004 1.570926E+074 2.150400E+004, Sat Sep 05 00:19:25 2015
1.80, 0.00, 0.18, 0.00 , 2.355025E-009, -6.677320E-010, -1.145608E-009, -1.017450E-013, 2.150400E+004 1.570926E+074 2.150400E+004, Sat Sep 05 00:19:31 2015
1.80, 0.00, 0.20, 0.00 , 2.185652E-009, -6.123430E-010, -1.064978E-009, -7.516150E-014, 2.150400E+004 1.570926E+074 2.150400E+004, Sat Sep 05 00:19:39 2015
1.80, 0.00, 0.22, 0.00 , 1.830574E-009, -5.146480E-010, -9.057309E-010, -9.756090E-014, 2.150400E+004 1.570926E+074 2.150400E+004, Sat Sep 05 00:19:49 2015
1.80, 0.00, 0.24, 0.00 , 1.738123E-009, -4.929580E-010, -8.588118E-010, -1.064180E-013, 2.150400E+004 1.570926E+074 2.150400E+004, Sat Sep 05 00:19:54 2015
1.80, 0.00, 0.26, 0.00 , 1.629764E-009, -4.742880E-010, -7.746175E-010, -9.806160E-014, 2.150400E+004 1.570926E+074 2.150400E+004, Sat Sep 05 00:20:00 2015
1.80, 0.00, 0.28, 0.00 , 1.519761E-009, -4.558240E-010, -7.227090E-010, -9.828810E-014, 2.150400E+004 1.570926E+074 2.150400E+004, Sat Sep 05 00:20:08 2015
1.80, 0.00, 0.30, 0.00 , 1.410430E-009, -4.525430E-010, -6.293329E-010, -9.291170E-014, 2.150400E+004 1.570926E+074 2.150400E+004, Sat Sep 05 00:20:13 2015
1.80, 0.00, 0.32, 0.00 , 1.294221E-009, -4.614860E-010, -5.592271E-010, -8.392330E-014, 2.150400E+004 1.570926E+074 2.150400E+004, Sat Sep 05 00:20:21 2015
1.80, 0.00, 0.34, 0.00 , 1.325067E-009, -5.627570E-010, -4.959143E-010, -1.070020E-013, 2.150400E+004 1.570926E+074 2.150400E+004, Sat Sep 05 00:20:27 2015
1.80, 0.00, 0.36, 0.00 , 1.534529E-009, -8.065140E-010, -4.731884E-010, -9.676220E-014, 2.150400E+004 1.570926E+074 2.150400E+004, Sat Sep 05 00:20:32 2015
1.80, 0.00, 0.38, 0.00 , 1.975180E-009, -1.272630E-009, -4.627902E-010, -8.760690E-014, 2.150400E+004 1.570926E+074 2.150400E+004, Sat Sep 05 00:20:38 2015
1.80, 0.00, 0.40, 0.00 , 2.905891E-009, -2.222180E-009, -4.391003E-010, -9.865760E-014, 2.150400E+004 1.570926E+074 2.150400E+004, Sat Sep 05 00:20:41 2015
1.80, 0.00, 0.42, 0.00 , 4.763689E-009, -4.042850E-009, -4.851383E-010, -1.041290E-013, 2.150400E+004 1.570926E+074 2.150400E+004, Sat Sep 05 00:20:45 2015
1.80, 0.00, 0.44, 0.00 , 8.175773E-009, -7.506470E-009, -4.429993E-010, -1.022700E-013, 2.150400E+004 1.570926E+074 2.150400E+004, Sat Sep 05 00:20:49 2015
1.80, 0.00, 0.46, 0.00 , 1.436042E-008, -1.375100E-008, -3.895815E-010, -8.336310E-014, 2.150400E+004 1.570926E+074 2.150400E+004, Sat Sep 05 00:20:52 2015
1.80, 0.00, 0.48, 0.00 , 2.514186E-008, -2.456450E-008, -3.623278E-010, -8.410220E-014, 2.150400E+004 1.570926E+074 2.150400E+004, Sat Sep 05 00:20:56 2015
1.80, 0.00, 0.50, 0.00 , 4.304070E-008, -4.246830E-008, -3.296229E-010, -9.796620E-014, 2.150400E+004 1.570926E+074 2.150400E+004, Sat Sep 05 00:20:59 2015
1.80, 0.00, 0.52, 0.00 , 7.099336E-008, -7.057050E-008, -2.788466E-010, -1.080270E-013, 2.150400E+004 1.570926E+074 2.150400E+004, Sat Sep 05 00:21:03 2015
1.80, 0.00, 0.54, 0.00 , 1.132193E-007, -1.126730E-007, -2.618653E-010, -1.111980E-013, 2.150400E+004 1.570926E+074 2.150400E+004, Sat Sep 05 00:21:07 2015
1.80, 0.00, 0.56, 0.00 , 1.734661E-007, -1.729960E-007, -2.746537E-010, -8.659360E-014, 2.150400E+004 1.570926E+074 2.150400E+004, Sat Sep 05 00:21:10 2015
1.80, 0.00, 0.58, 0.00 , 2.560549E-007, -2.560710E-007, -2.780079E-010, -8.786920E-014, 2.150400E+004 1.570926E+074 2.150400E+004, Sat Sep 05 00:21:14 2015
1.80, 0.00, 0.60, 0.00 , 3.671769E-007, -3.662570E-007, -2.215294E-010, -8.312460E-014, 2.150400E+004 1.570926E+074 2.150400E+004, Sat Sep 05 00:21:17 2015
1.80, 0.00, 0.62, 0.00 , 5.077066E-007, -5.069680E-007, -1.832900E-010, -8.662940E-014, 2.150400E+004 1.570926E+074 2.150400E+004, Sat Sep 05 00:21:21 2015
1.80, 0.00, 0.64, 0.00 , 6.868862E-007, -6.861910E-007, -1.778391E-010, -1.018170E-013, 2.150400E+004 1.570926E+074 2.150400E+004, Sat Sep 05 00:21:24 2015
1.80, 0.00, 0.66, 0.00 , 9.060863E-007, -9.051430E-007, -1.598515E-010, -8.939500E-014, 2.150400E+004 1.570926E+074 2.150400E+004, Sat Sep 05 00:21:28 2015
1.80, 0.00, 0.68, 0.00 , 1.169384E-006, -1.168350E-006, -1.882376E-010, -9.062290E-014, 2.150400E+004 1.570926E+074 2.150400E+004, Sat Sep 05 00:21:32 2015
1.80, 0.00, 0.70, 0.00 , 1.479800E-006, -1.479190E-006, -7.448365E-011, -8.507970E-014, 2.150400E+004 1.570926E+074 2.150400E+004, Sat Sep 05 00:21:35 2015
1.80, 0.00, 0.72, 0.00 , 1.840699E-006, -1.841140E-006, -3.272215E-011, -1.028060E-013, 2.150400E+004 1.570926E+074 2.150400E+004, Sat Sep 05 00:21:39 2015
1.80, 0.00, 0.74, 0.00 , 2.253547E-006, -2.254990E-006, -2.857115E-011, -8.558040E-014, 2.150400E+004 1.570926E+074 2.150400E+004, Sat Sep 05 00:21:42 2015
1.80, 0.00, 0.76, 0.00 , 2.722513E-006, -2.722920E-006, -1.235493E-012, -7.919070E-014, 2.150400E+004 1.570926E+074 2.150400E+004, Sat Sep 05 00:21:46 2015
1.80, 0.00, 0.78, 0.00 , 3.249250E-006, -3.249250E-006, 2.475804E-011, -6.875990E-014, 2.150400E+004 1.570926E+074 2.150400E+004, Sat Sep 05 00:21:49 2015
1.80, 0.00, 0.80, 0.00 , 3.828608E-006, -3.828090E-006, 1.356406E-011, -7.691380E-014, 2.150400E+004 1.570926E+074 2.150400E+004, Sat Sep 05 00:21:53 2015
1.80, 0.00, 0.82, 0.00 , 4.468588E-006, -4.468740E-006, 1.480326E-013, -1.007560E-013, 2.150400E+004 1.570926E+074 2.150400E+004, Sat Sep 05 00:21:56 2015
1.80, 0.00, 0.84, 0.00 , 5.169157E-006, -5.168060E-006, 1.570222E-011, -1.181240E-013, 2.150400E+004 1.570926E+074 2.150400E+004, Sat Sep 05 00:22:00 2015
1.80, 0.00, 0.86, 0.00 , 5.925769E-006, -5.925340E-006, 3.150792E-011, -7.243160E-014, 2.150400E+004 1.570926E+074 2.150400E+004, Sat Sep 05 00:22:04 2015
1.80, 0.00, 0.88, 0.00 , 6.745968E-006, -6.745690E-006, 5.033227E-011, -7.649660E-014, 2.150400E+004 1.570926E+074 2.150400E+004, Sat Sep 05 00:22:07 2015
1.80, 0.00, 0.90, 0.00 , 7.623432E-006, -7.622210E-006, 7.523571E-011, -8.033510E-014, 2.150400E+004 1.570926E+074 2.150400E+004, Sat Sep 05 00:22:11 2015
1.80, 0.00, 0.92, 0.00 , 8.561648E-006, -8.560020E-006, 8.458499E-011, -8.502010E-014, 2.150400E+004 1.570926E+074 2.150400E+004, Sat Sep 05 00:22:14 2015
1.80, 0.00, 0.94, 0.00 , 9.551264E-006, -9.554660E-006, 7.339099E-011, -9.139780E-014, 2.150400E+004 1.570926E+074 2.150400E+004, Sat Sep 05 00:22:18 2015
1.80, 0.00, 0.96, 0.00 , 1.061067E-005, -1.061800E-005, 1.035352E-010, -9.051560E-014, 2.150400E+004 1.570926E+074 2.150400E+004, Sat Sep 05 00:22:21 2015
1.80, 0.00, 0.98, 0.00 , 1.172975E-005, -1.173590E-005, 1.286063E-010, -1.047970E-013, 2.150400E+004 1.570926E+074 2.150400E+004, Sat Sep 05 00:22:25 2015
1.80, 0.00, 1.00, 0.00 , 1.290716E-005, -1.291170E-005, 1.315830E-010, -1.083970E-013, 2.150400E+004 1.570926E+074 2.150400E+004, Sat Sep 05 00:22:29 2015
1.80, 0.00, 1.02, 0.00 , 1.414339E-005, -1.414880E-005, 1.414774E-010, -9.388920E-014, 2.150400E+004 1.570926E+074 2.150400E+004, Sat Sep 05 00:22:32 2015
1.80, 0.00, 1.04, 0.00 , 1.544399E-005, -1.544550E-005, 1.549771E-010, -9.152890E-014, 2.150400E+004 1.570926E+074 2.150400E+004, Sat Sep 05 00:22:36 2015
1.80, 0.00, 1.06, 0.00 , 1.679322E-005, -1.679110E-005, 1.723760E-010, -9.548660E-014, 2.150400E+004 1.570926E+074 2.150400E+004, Sat Sep 05 00:22:39 2015
1.80, 0.00, 1.08, 0.00 , 1.819977E-005, -1.820140E-005, 1.853308E-010, -7.771250E-014, 2.150400E+004 1.570926E+074 2.150400E+004, Sat Sep 05 00:22:43 2015
1.80, 0.00, 1.10, 0.00 , 1.967460E-005, -1.967330E-005, 1.995853E-010, -9.130240E-014, 2.150400E+004 1.570926E+074 2.150400E+004, Sat Sep 05 00:22:46 2015
1.80, 0.00, 1.12, 0.00 , 2.119838E-005, -2.119730E-005, 2.078026E-010, -8.864400E-014, 2.150400E+004 1.570926E+074 2.150400E+004, Sat Sep 05 00:22:50 2015
1.80, 0.00, 1.14, 0.00 , 2.276775E-005, -2.276880E-005, 2.199189E-010, -9.369850E-014, 2.150400E+004 1.570926E+074 2.150400E+004, Sat Sep 05 00:22:53 2015
1.80, 0.00, 1.16, 0.00 , 2.440543E-005, -2.440930E-005, 2.307776E-010, -8.337500E-014, 2.150400E+004 1.570926E+074 2.150400E+004, Sat Sep 05 00:22:57 2015
1.80, 0.00, 1.18, 0.00 , 2.608831E-005, -2.608710E-005, 2.395817E-010, -8.904930E-014, 2.150400E+004 1.570926E+074 2.150400E+004, Sat Sep 05 00:23:01 2015
1.80, 0.00, 1.20, 0.00 , 2.782496E-005, -2.782420E-005, 2.516981E-010, -7.417200E-014, 2.150400E+004 1.570926E+074 2.150400E+004, Sat Sep 05 00:23:04 2015
1.80, 0.00, 1.22, 0.00 , 2.961683E-005, -2.961710E-005, 2.562680E-010, -9.630920E-014, 2.150400E+004 1.570926E+074 2.150400E+004, Sat Sep 05 00:23:08 2015
1.80, 0.00, 1.24, 0.00 , 3.145317E-005, -3.145060E-005, 2.534591E-010, -7.107260E-014, 2.150400E+004 1.570926E+074 2.150400E+004, Sat Sep 05 00:23:11 2015
1.80, 0.00, 1.26, 0.00 , 3.334284E-005, -3.334400E-005, 2.729959E-010, -8.342270E-014, 2.150400E+004 1.570926E+074 2.150400E+004, Sat Sep 05 00:23:15 2015
1.80, 0.00, 1.28, 0.00 , 3.529375E-005, -3.530080E-005, 2.809199E-010, -1.069900E-013, 2.150400E+004 1.570926E+074 2.150400E+004, Sat Sep 05 00:23:18 2015
1.80, 0.00, 1.30, 0.00 , 3.730739E-005, -3.730920E-005, 2.801650E-010, -1.101850E-013, 2.150400E+004 1.570926E+074 2.150400E+004, Sat Sep 05 00:23:22 2015
1.80, 0.00, 1.32, 0.00 , 3.934243E-005, -3.934180E-005, 2.766017E-010, -6.814000E-014, 2.150400E+004 1.570926E+074 2.150400E+004, Sat Sep 05 00:23:25 2015
1.80, 0.00, 1.34, 0.00 , 4.143909E-005, -4.144840E-005, 2.877536E-010, -7.681850E-014, 2.150400E+004 1.570926E+074 2.150400E+004, Sat Sep 05 00:23:29 2015
1.80, 0.00, 1.36, 0.00 , 4.359146E-005, -4.357980E-005, 2.987379E-010, -9.422300E-014, 2.150400E+004 1.570926E+074 2.150400E+004, Sat Sep 05 00:23:33 2015
1.80, 0.00, 1.38, 0.00 , 4.577644E-005, -4.577700E-005, 3.152984E-010, -1.086000E-013, 2.150400E+004 1.570926E+074 2.150400E+004, Sat Sep 05 00:23:36 2015
1.80, 0.00, 1.40, 0.00 , 4.801604E-005, -4.802190E-005, 3.117765E-010, -9.742980E-014, 2.150400E+004 1.570926E+074 2.150400E+004, Sat Sep 05 00:23:40 2015
1.80, 0.00, 1.42, 0.00 , 5.030311E-005, -5.029080E-005, 3.203295E-010, -9.269710E-014, 2.150400E+004 1.570926E+074 2.150400E+004, Sat Sep 05 00:23:43 2015
1.80, 0.00, 1.44, 0.00 , 5.261522E-005, -5.260840E-005, 3.285887E-010, -9.604690E-014, 2.150400E+004 1.570926E+074 2.150400E+004, Sat Sep 05 00:23:47 2015
1.80, 0.00, 1.46, 0.00 , 5.496840E-005, -5.496550E-005, 3.277921E-010, -8.164640E-014, 2.150400E+004 1.570926E+074 2.150400E+004, Sat Sep 05 00:23:50 2015
1.80, 0.00, 1.48, 0.00 , 5.737747E-005, -5.738650E-005, 3.389440E-010, -8.481740E-014, 2.150400E+004 1.570926E+074 2.150400E+004, Sat Sep 05 00:23:54 2015
1.80, 0.00, 1.50, 0.00 , 5.982880E-005, -5.982330E-005, 3.461136E-010, -8.165840E-014, 2.150400E+004 1.570926E+074 2.150400E+004, Sat Sep 05 00:23:57 2015
1.80, 0.00, 1.52, 0.00 , 6.232698E-005, -6.232040E-005, 3.513540E-010, -9.948020E-014, 2.150400E+004 1.570926E+074 2.150400E+004, Sat Sep 05 00:24:01 2015
1.80, 0.00, 1.54, 0.00 , 6.484221E-005, -6.483810E-005, 3.532822E-010, -9.733440E-014, 2.150400E+004 1.570926E+074 2.150400E+004, Sat Sep 05 00:24:04 2015
1.80, 0.00, 1.56, 0.00 , 6.741231E-005, -6.740080E-005, 3.653149E-010, -1.030560E-013, 2.150400E+004 1.570926E+074 2.150400E+004, Sat Sep 05 00:24:08 2015
1.80, 0.00, 1.58, 0.00 , 7.001505E-005, -6.998630E-005, 3.712262E-010, -1.072650E-013, 2.150400E+004 1.570926E+074 2.150400E+004, Sat Sep 05 00:24:12 2015
1.80, 0.00, 1.60, 0.00 , 7.267272E-005, -7.265360E-005, 3.796531E-010, -6.759170E-014, 2.150400E+004 1.570926E+074 2.150400E+004, Sat Sep 05 00:24:15 2015
1.80, 0.00, 1.62, 0.00 , 7.535657E-005, -7.533220E-005, 3.853552E-010, -1.055960E-013, 2.150400E+004 1.570926E+074 2.150400E+004, Sat Sep 05 00:24:19 2015
1.80, 0.00, 1.64, 0.00 , 7.806820E-005, -7.804990E-005, 3.957526E-010, -9.948020E-014, 2.150400E+004 1.570926E+074 2.150400E+004, Sat Sep 05 00:24:22 2015
1.80, 0.00, 1.66, 0.00 , 8.078461E-005, -8.077850E-005, 4.092106E-010, -9.906290E-014, 2.150400E+004 1.570926E+074 2.150400E+004, Sat Sep 05 00:24:26 2015
1.80, 0.00, 1.68, 0.00 , 8.357215E-005, -8.355020E-005, 4.182661E-010, -1.158600E-013, 2.150400E+004 1.570926E+074 2.150400E+004, Sat Sep 05 00:24:29 2015
1.80, 0.00, 1.70, 0.00 , 8.639960E-005, -8.638750E-005, 4.234648E-010, -9.888410E-014, 2.150400E+004 1.570926E+074 2.150400E+004, Sat Sep 05 00:24:33 2015
1.80, 0.00, 1.72, 0.00 , 8.922592E-005, -8.922390E-005, 4.365872E-010, -1.034260E-013, 2.150400E+004 1.570926E+074 2.150400E+004, Sat Sep 05 00:24:36 2015
1.80, 0.00, 1.74, 0.00 , 9.209749E-005, -9.209460E-005, 4.406540E-010, -9.237530E-014, 2.150400E+004 1.570926E+074 2.150400E+004, Sat Sep 05 00:24:40 2015
1.80, 0.00, 1.76, 0.00 , 9.498930E-005, -9.498480E-005, 4.579273E-010, -8.289810E-014, 2.150400E+004 1.570926E+074 2.150400E+004, Sat Sep 05 00:24:44 2015
1.80, 0.00, 1.78, 0.00 , 9.793949E-005, -9.792270E-005, 4.562503E-010, -8.839370E-014, 2.150400E+004 1.570926E+074 2.150400E+004, Sat Sep 05 00:24:47 2015
1.80, 0.00, 1.80, 0.00 , 1.009110E-004, -1.008780E-004, 4.675277E-010, -9.832380E-014, 2.150400E+004 1.570926E+074 2.150400E+004, Sat Sep 05 00:24:51 2015
1.80, 0.00, 1.82, 0.00 , 1.038653E-004, -1.038500E-004, 4.694566E-010, -9.356740E-014, 2.150400E+004 1.570926E+074 2.150400E+004, Sat Sep 05 00:24:54 2015
1.80, 0.00, 1.84, 0.00 , 1.069005E-004, -1.068950E-004, 4.499613E-010, -6.726980E-014, 2.150400E+004 1.570926E+074 2.150400E+004, Sat Sep 05 00:24:58 2015
1.80, 0.00, 1.86, 0.00 , 1.099483E-004, -1.099370E-004, 4.642158E-010, -8.636710E-014, 2.150400E+004 1.570926E+074 2.150400E+004, Sat Sep 05 00:25:01 2015
1.80, 0.00, 1.88, 0.00 , 1.130088E-004, -1.130130E-004, 4.690789E-010, -8.620020E-014, 2.150400E+004 1.570926E+074 2.150400E+004, Sat Sep 05 00:25:05 2015
1.80, 0.00, 1.90, 0.00 , 1.161201E-004, -1.160960E-004, 4.619519E-010, -1.005770E-013, 2.150400E+004 1.570926E+074 2.150400E+004, Sat Sep 05 00:25:09 2015
1.80, 0.00, 1.92, 0.00 , 1.192265E-004, -1.192240E-004, 4.448885E-010, -8.696320E-014, 2.150400E+004 1.570926E+074 2.150400E+004, Sat Sep 05 00:25:12 2015
1.80, 0.00, 1.94, 0.00 , 1.223423E-004, -1.223520E-004, 4.589336E-010, -1.047130E-013, 2.150400E+004 1.570926E+074 2.150400E+004, Sat Sep 05 00:25:16 2015
1.80, 0.00, 1.96, 0.00 , 1.255346E-004, -1.255220E-004, 4.458947E-010, -9.287600E-014, 2.150400E+004 1.570926E+074 2.150400E+004, Sat Sep 05 00:25:19 2015
1.80, 0.00, 1.98, 0.00 , 1.287201E-004, -1.287140E-004, 4.262320E-010, -1.044990E-013, 2.150400E+004 1.570926E+074 2.150400E+004, Sat Sep 05 00:25:23 2015
1.80, 0.00, 2.00, 0.00 , 1.319193E-004, -1.319180E-004, 4.313049E-010, -1.011730E-013, 2.150400E+004 1.570926E+074 2.150400E+004, Sat Sep 05 00:25:26 2015
