0.00, 0.00, 1.20, 0.00 , 8.675669E-009, -9.896840E-009, 1.033936E-009, -9.831190E-014, 2.150400E+004 1.570926E+074 2.150400E+004, Sat Sep 05 00:38:50 2015
0.05, 0.00, 1.20, 0.00 , 4.108481E-006, -4.110780E-006, 9.428741E-010, -9.987350E-014, 2.150400E+004 1.570926E+074 2.150400E+004, Sat Sep 05 00:38:54 2015
0.10, 0.00, 1.20, 0.00 , 7.836331E-006, -7.836590E-006, 8.616239E-010, -1.012560E-013, 2.150400E+004 1.570926E+074 2.150400E+004, Sat Sep 05 00:38:57 2015
0.15, 0.00, 1.20, 0.00 , 1.117924E-005, -1.118500E-005, 8.035158E-010, -1.109840E-013, 2.150400E+004 1.570926E+074 2.150400E+004, Sat Sep 05 00:39:01 2015
0.20, 0.00, 1.20, 0.00 , 1.414020E-005, -1.414510E-005, 7.462462E-010, -7.169250E-014, 2.150400E+004 1.570926E+074 2.150400E+004, Sat Sep 05 00:39:04 2015
0.25, 0.00, 1.20, 0.00 , 1.673021E-005, -1.673190E-005, 6.855385E-010, -9.423490E-014, 2.150400E+004 1.570926E+074 2.150400E+004, Sat Sep 05 00:39:08 2015
0.30, 0.00, 1.20, 0.00 , 1.895846E-005, -1.896620E-005, 6.506986E-010, -1.030920E-013, 2.150400E+004 1.570926E+074 2.150400E+004, Sat Sep 05 00:39:12 2015
0.35, 0.00, 1.20, 0.00 , 2.082801E-005, -2.083280E-005, 6.063843E-010, -9.093280E-014, 2.150400E+004 1.570926E+074 2.150400E+004, Sat Sep 05 00:39:15 2015
0.40, 0.00, 1.20, 0.00 , 2.237030E-005, -2.237560E-005, 5.626145E-010, -9.398460E-014, 2.150400E+004 1.570926E+074 2.150400E+004, Sat Sep 05 00:39:19 2015
0.45, 0.00, 1.20, 0.00 , 2.358931E-005, -2.359690E-005, 5.336023E-010, -1.056910E-013, 2.150400E+004 1.570926E+074 2.150400E+004, Sat Sep 05 00:39:22 2015
0.50, 0.00, 1.20, 0.00 , 2.451529E-005, -2.452430E-005, 5.055544E-010, -9.483100E-014, 2.150400E+004 1.570926E+074 2.150400E+004, Sat Sep 05 00:39:26 2015
0.55, 0.00, 1.20, 0.00 , 2.520855E-005, -2.520850E-005, 4.654745E-010, -1.053810E-013, 2.150400E+004 1.570926E+074 2.150400E+004, Sat Sep 05 00:39:29 2015
0.60, 0.00, 1.20, 0.00 , 2.570204E-005, -2.570260E-005, 4.425831E-010, -1.104710E-013, 2.150400E+004 1.570926E+074 2.150400E+004, Sat Sep 05 00:39:33 2015
0.65, 0.00, 1.20, 0.00 , 2.604085E-005, -2.603370E-005, 4.224172E-010, -1.007440E-013, 2.150400E+004 1.570926E+074 2.150400E+004, Sat Sep 05 00:39:36 2015
0.70, 0.00, 1.20, 0.00 , 2.628282E-005, -2.628600E-005, 3.914766E-010, -8.713010E-014, 2.150400E+004 1.570926E+074 2.150400E+004, Sat Sep 05 00:39:40 2015
0.75, 0.00, 1.20, 0.00 , 2.645151E-005, -2.645800E-005, 3.591940E-010, -8.573530E-014, 2.150400E+004 1.570926E+074 2.150400E+004, Sat Sep 05 00:39:43 2015
0.80, 0.00, 1.20, 0.00 , 2.658858E-005, -2.658950E-005, 3.412922E-010, -8.392330E-014, 2.150400E+004 1.570926E+074 2.150400E+004, Sat Sep 05 00:39:47 2015
0.85, 0.00, 1.20, 0.00 , 2.668509E-005, -2.669000E-005, 3.105191E-010, -9.576080E-014, 2.150400E+004 1.570926E+074 2.150400E+004, Sat Sep 05 00:39:51 2015
0.90, 0.00, 1.20, 0.00 , 2.676535E-005, -2.678230E-005, 2.850706E-010, -9.211300E-014, 2.150400E+004 1.570926E+074 2.150400E+004, Sat Sep 05 00:39:54 2015
0.95, 0.00, 1.20, 0.00 , 2.683983E-005, -2.684880E-005, 2.583644E-010, -8.006100E-014, 2.150400E+004 1.570926E+074 2.150400E+004, Sat Sep 05 00:39:58 2015
1.00, 0.00, 1.20, 0.00 , 2.692220E-005, -2.691880E-005, 2.328738E-010, -9.231570E-014, 2.150400E+004 1.570926E+074 2.150400E+004, Sat Sep 05 00:40:01 2015
1.05, 0.00, 1.20, 0.00 , 2.697196E-005, -2.697650E-005, 2.047841E-010, -1.087550E-013, 2.150400E+004 1.570926E+074 2.150400E+004, Sat Sep 05 00:40:05 2015
1.10, 0.00, 1.20, 0.00 , 2.701963E-005, -2.702380E-005, 1.792098E-010, -1.060720E-013, 2.150400E+004 1.570926E+074 2.150400E+004, Sat Sep 05 00:40:08 2015
1.15, 0.00, 1.20, 0.00 , 2.707914E-005, -2.708130E-005, 1.555642E-010, -1.202940E-013, 2.150400E+004 1.570926E+074 2.150400E+004, Sat Sep 05 00:40:12 2015
1.20, 0.00, 1.20, 0.00 , 2.713249E-005, -2.713190E-005, 1.350209E-010, -8.959770E-014, 2.150400E+004 1.570926E+074 2.150400E+004, Sat Sep 05 00:40:15 2015
1.25, 0.00, 1.20, 0.00 , 2.717279E-005, -2.718020E-005, 1.120040E-010, -9.951590E-014, 2.150400E+004 1.570926E+074 2.150400E+004, Sat Sep 05 00:40:19 2015
1.30, 0.00, 1.20, 0.00 , 2.722207E-005, -2.722110E-005, 9.527588E-011, -1.088500E-013, 2.150400E+004 1.570926E+074 2.150400E+004, Sat Sep 05 00:40:22 2015
1.35, 0.00, 1.20, 0.00 , 2.726512E-005, -2.726950E-005, 7.603231E-011, -1.051070E-013, 2.150400E+004 1.570926E+074 2.150400E+004, Sat Sep 05 00:40:26 2015
1.40, 0.00, 1.20, 0.00 , 2.730899E-005, -2.731160E-005, 5.989120E-011, -1.025320E-013, 2.150400E+004 1.570926E+074 2.150400E+004, Sat Sep 05 00:40:30 2015
1.45, 0.00, 1.20, 0.00 , 2.736441E-005, -2.735640E-005, 4.605590E-011, -9.683370E-014, 2.150400E+004 1.570926E+074 2.150400E+004, Sat Sep 05 00:40:33 2015
1.50, 0.00, 1.20, 0.00 , 2.741798E-005, -2.740930E-005, 3.389772E-011, -9.875300E-014, 2.150400E+004 1.570926E+074 2.150400E+004, Sat Sep 05 00:40:37 2015
1.55, 0.00, 1.20, 0.00 , 2.747425E-005, -2.747420E-005, 2.220061E-011, -1.001480E-013, 2.150400E+004 1.570926E+074 2.150400E+004, Sat Sep 05 00:40:40 2015
1.60, 0.00, 1.20, 0.00 , 2.753638E-005, -2.753730E-005, 1.092276E-011, -1.183870E-013, 2.150400E+004 1.570926E+074 2.150400E+004, Sat Sep 05 00:40:44 2015
1.65, 0.00, 1.20, 0.00 , 2.760799E-005, -2.760630E-005, -4.841041E-012, -9.882450E-014, 2.150400E+004 1.570926E+074 2.150400E+004, Sat Sep 05 00:40:47 2015
1.70, 0.00, 1.20, 0.00 , 2.768009E-005, -2.767850E-005, -2.047908E-011, -1.072170E-013, 2.150400E+004 1.570926E+074 2.150400E+004, Sat Sep 05 00:40:51 2015
1.75, 0.00, 1.20, 0.00 , 2.774604E-005, -2.774870E-005, -3.242864E-011, -1.083850E-013, 2.150400E+004 1.570926E+074 2.150400E+004, Sat Sep 05 00:40:54 2015
1.80, 0.00, 1.20, 0.00 , 2.782721E-005, -2.783120E-005, -3.469283E-011, -1.152280E-013, 2.150400E+004 1.570926E+074 2.150400E+004, Sat Sep 05 00:40:58 2015
1.85, 0.00, 1.20, 0.00 , 2.790041E-005, -2.790030E-005, -4.668458E-011, -1.039150E-013, 2.150400E+004 1.570926E+074 2.150400E+004, Sat Sep 05 00:41:02 2015
1.90, 0.00, 1.20, 0.00 , 2.798201E-005, -2.798110E-005, -5.565742E-011, -1.088500E-013, 2.150400E+004 1.570926E+074 2.150400E+004, Sat Sep 05 00:41:05 2015
1.95, 0.00, 1.20, 0.00 , 2.805432E-005, -2.805330E-005, -6.437870E-011, -1.179700E-013, 2.150400E+004 1.570926E+074 2.150400E+004, Sat Sep 05 00:41:09 2015
2.00, 0.00, 1.20, 0.00 , 2.814149E-005, -2.813910E-005, -1.001024E-010, -1.071330E-013, 2.150400E+004 1.570926E+074 2.150400E+004, Sat Sep 05 00:41:12 2015
