0.00, 0.00, 0.00, 0.00 , -4.786249E-011, 1.358040E-011, -6.802655E-011, -9.154080E-014, 2.150400E+004 1.570926E+074 2.150400E+004, Sat Sep 05 00:27:45 2015
0.05, 0.00, 0.00, 0.00 , -2.794444E-011, 8.181470E-012, -7.381278E-011, -6.996390E-014, 2.150400E+004 1.570926E+074 2.150400E+004, Sat Sep 05 00:28:09 2015
0.10, 0.00, 0.00, 0.00 , 1.257487E-012, 3.310530E-012, -9.058451E-011, -1.096250E-013, 2.150400E+004 1.570926E+074 2.150400E+004, Sat Sep 05 00:28:13 2015
0.15, 0.00, 0.00, 0.00 , 9.696704E-012, 1.046130E-012, -9.569984E-011, -9.164810E-014, 2.150400E+004 1.570926E+074 2.150400E+004, Sat Sep 05 00:28:23 2015
0.20, 0.00, 0.00, 0.00 , 2.716579E-011, -1.367630E-011, -1.120522E-010, -9.206530E-014, 2.150400E+004 1.570926E+074 2.150400E+004, Sat Sep 05 00:28:32 2015
0.25, 0.00, 0.00, 0.00 , 4.206091E-011, -1.682950E-011, -1.195995E-010, -7.613900E-014, 2.150400E+004 1.570926E+074 2.150400E+004, Sat Sep 05 00:28:40 2015
0.30, 0.00, 0.00, 0.00 , 6.003638E-011, -1.851660E-011, -1.290335E-010, -7.114410E-014, 2.150400E+004 1.570926E+074 2.150400E+004, Sat Sep 05 00:28:47 2015
0.35, 0.00, 0.00, 0.00 , 6.324329E-011, -1.899570E-011, -1.310042E-010, -6.793740E-014, 2.150400E+004 1.570926E+074 2.150400E+004, Sat Sep 05 00:28:56 2015
0.40, 0.00, 0.00, 0.00 , 6.805358E-011, -1.954770E-011, -1.323459E-010, -9.824040E-014, 2.150400E+004 1.570926E+074 2.150400E+004, Sat Sep 05 00:29:05 2015
0.45, 0.00, 0.00, 0.00 , 8.159847E-011, -2.087070E-011, -1.406061E-010, -7.194280E-014, 2.150400E+004 1.570926E+074 2.150400E+004, Sat Sep 05 00:29:14 2015
0.50, 0.00, 0.00, 0.00 , 8.775904E-011, -2.279290E-011, -1.424090E-010, -8.056160E-014, 2.150400E+004 1.570926E+074 2.150400E+004, Sat Sep 05 00:29:23 2015
0.55, 0.00, 0.00, 0.00 , 8.889834E-011, -2.322860E-011, -1.416124E-010, -8.479360E-014, 2.150400E+004 1.570926E+074 2.150400E+004, Sat Sep 05 00:29:32 2015
0.60, 0.00, 0.00, 0.00 , 1.057767E-010, -2.669310E-011, -1.520527E-010, -9.131430E-014, 2.150400E+004 1.570926E+074 2.150400E+004, Sat Sep 05 00:29:38 2015
0.65, 0.00, 0.00, 0.00 , 1.140471E-010, -1.940110E-011, -1.577970E-010, -1.082180E-013, 2.150400E+004 1.570926E+074 2.150400E+004, Sat Sep 05 00:29:48 2015
0.70, 0.00, 0.00, 0.00 , 1.359467E-010, -2.029140E-011, -1.614868E-010, -8.429290E-014, 2.150400E+004 1.570926E+074 2.150400E+004, Sat Sep 05 00:29:53 2015
0.75, 0.00, 0.00, 0.00 , 1.418541E-010, -2.112230E-011, -1.689502E-010, -8.481740E-014, 2.150400E+004 1.570926E+074 2.150400E+004, Sat Sep 05 00:30:00 2015
0.80, 0.00, 0.00, 0.00 , 1.499558E-010, -2.218480E-011, -1.789712E-010, -8.678440E-014, 2.150400E+004 1.570926E+074 2.150400E+004, Sat Sep 05 00:30:08 2015
0.85, 0.00, 0.00, 0.00 , 1.606736E-010, -2.515830E-011, -1.793066E-010, -8.672480E-014, 2.150400E+004 1.570926E+074 2.150400E+004, Sat Sep 05 00:30:16 2015
0.90, 0.00, 0.00, 0.00 , 1.978481E-010, -2.736150E-011, -2.093280E-010, -8.393530E-014, 2.150400E+004 1.570926E+074 2.150400E+004, Sat Sep 05 00:30:45 2015
0.95, 0.00, 0.00, 0.00 , 1.832481E-010, -3.124260E-011, -1.914243E-010, -9.194610E-014, 2.150400E+004 1.570926E+074 2.150400E+004, Sat Sep 05 00:30:52 2015
1.00, 0.00, 0.00, 0.00 , 2.062872E-010, -3.592620E-011, -2.127243E-010, -8.199220E-014, 2.150400E+004 1.570926E+074 2.150400E+004, Sat Sep 05 00:31:20 2015
1.05, 0.00, 0.00, 0.00 , 2.181021E-010, -3.785780E-011, -2.198524E-010, -8.524660E-014, 2.150400E+004 1.570926E+074 2.150400E+004, Sat Sep 05 00:31:28 2015
1.10, 0.00, 0.00, 0.00 , 2.524499E-010, -4.299010E-011, -2.404815E-010, -1.005650E-013, 2.150400E+004 1.570926E+074 2.150400E+004, Sat Sep 05 00:31:38 2015
1.15, 0.00, 0.00, 0.00 , 2.574285E-010, -4.584850E-011, -2.372111E-010, -7.624630E-014, 2.150400E+004 1.570926E+074 2.150400E+004, Sat Sep 05 00:31:42 2015
1.20, 0.00, 0.00, 0.00 , 2.703828E-010, -5.047070E-011, -2.451776E-010, -8.496050E-014, 2.150400E+004 1.570926E+074 2.150400E+004, Sat Sep 05 00:31:48 2015
1.25, 0.00, 0.00, 0.00 , 2.741803E-010, -5.254180E-011, -2.472320E-010, -8.852480E-014, 2.150400E+004 1.570926E+074 2.150400E+004, Sat Sep 05 00:31:55 2015
1.30, 0.00, 0.00, 0.00 , 2.860372E-010, -5.613350E-011, -2.518443E-010, -9.136200E-014, 2.150400E+004 1.570926E+074 2.150400E+004, Sat Sep 05 00:32:02 2015
1.35, 0.00, 0.00, 0.00 , 3.075150E-010, -6.018910E-011, -2.637941E-010, -7.929800E-014, 2.150400E+004 1.570926E+074 2.150400E+004, Sat Sep 05 00:32:08 2015
1.40, 0.00, 0.00, 0.00 , 3.178531E-010, -6.202580E-011, -2.699998E-010, -8.449550E-014, 2.150400E+004 1.570926E+074 2.150400E+004, Sat Sep 05 00:32:15 2015
1.45, 0.00, 0.00, 0.00 , 3.257860E-010, -6.545550E-011, -2.704189E-010, -9.512900E-014, 2.150400E+004 1.570926E+074 2.150400E+004, Sat Sep 05 00:32:22 2015
1.50, 0.00, 0.00, 0.00 , 3.420735E-010, -6.625120E-011, -2.863521E-010, -9.033680E-014, 2.150400E+004 1.570926E+074 2.150400E+004, Sat Sep 05 00:32:29 2015
1.55, 0.00, 0.00, 0.00 , 3.626651E-010, -7.093460E-011, -2.941091E-010, -7.034540E-014, 2.150400E+004 1.570926E+074 2.150400E+004, Sat Sep 05 00:32:34 2015
1.60, 0.00, 0.00, 0.00 , 3.733828E-010, -7.387530E-011, -2.982598E-010, -9.911060E-014, 2.150400E+004 1.570926E+074 2.150400E+004, Sat Sep 05 00:32:38 2015
1.65, 0.00, 0.00, 0.00 , 3.774337E-010, -7.563030E-011, -2.959959E-010, -8.075240E-014, 2.150400E+004 1.570926E+074 2.150400E+004, Sat Sep 05 00:32:44 2015
1.70, 0.00, 0.00, 0.00 , 3.867591E-010, -7.728650E-011, -3.025368E-010, -9.149310E-014, 2.150400E+004 1.570926E+074 2.150400E+004, Sat Sep 05 00:32:50 2015
1.75, 0.00, 0.00, 0.00 , 4.089963E-010, -7.972460E-011, -3.211535E-010, -8.733270E-014, 2.150400E+004 1.570926E+074 2.150400E+004, Sat Sep 05 00:32:55 2015
1.80, 0.00, 0.00, 0.00 , 4.286593E-010, -8.484670E-011, -3.301680E-010, -7.346870E-014, 2.150400E+004 1.570926E+074 2.150400E+004, Sat Sep 05 00:33:00 2015
1.85, 0.00, 0.00, 0.00 , 4.553276E-010, -8.816970E-011, -3.576319E-010, -6.057020E-014, 2.150400E+004 1.570926E+074 2.150400E+004, Sat Sep 05 00:33:04 2015
1.90, 0.00, 0.00, 0.00 , 4.933035E-010, -9.383340E-011, -3.748646E-010, -9.629730E-014, 2.150400E+004 1.570926E+074 2.150400E+004, Sat Sep 05 00:33:12 2015
1.95, 0.00, 0.00, 0.00 , 5.030928E-010, -9.660720E-011, -4.036281E-010, -9.219650E-014, 2.150400E+004 1.570926E+074 2.150400E+004, Sat Sep 05 00:33:18 2015
2.00, 0.00, 0.00, 0.00 , 5.657959E-010, -9.971610E-011, -4.168359E-010, -1.015660E-013, 2.150400E+004 1.570926E+074 2.150400E+004, Sat Sep 05 00:33:23 2015
