0.00, 0.00, 0.00, 0.00 , -6.769715E-011, -2.856720E-012, -3.284800E-011, -9.788270E-014, 2.150400E+004 1.570926E+074 2.150400E+004, Thu Sep 10 21:48:36 2015
0.05, 0.00, 0.00, 0.00 , -6.157827E-011, -2.795140E-012, -3.750217E-011, -9.890790E-014, 2.150400E+004 1.570926E+074 2.150400E+004, Thu Sep 10 21:48:40 2015
0.10, 0.00, 0.00, 0.00 , -5.951047E-011, -3.114120E-012, -3.582500E-011, -1.145480E-013, 2.150400E+004 1.570926E+074 2.150400E+004, Thu Sep 10 21:48:55 2015
0.15, 0.00, 0.00, 0.00 , -5.339146E-011, -3.215650E-012, -3.544762E-011, -7.884500E-014, 2.150400E+004 1.570926E+074 2.150400E+004, Thu Sep 10 21:49:01 2015
0.20, 0.00, 0.00, 0.00 , -4.853845E-011, -3.090860E-012, -3.557341E-011, -1.153110E-013, 2.150400E+004 1.570926E+074 2.150400E+004, Thu Sep 10 21:49:05 2015
0.25, 0.00, 0.00, 0.00 , -4.587987E-011, -2.958190E-012, -3.548956E-011, -9.135010E-014, 2.150400E+004 1.570926E+074 2.150400E+004, Thu Sep 10 21:49:11 2015
0.30, 0.00, 0.00, 0.00 , -4.014067E-011, -3.055700E-012, -3.641200E-011, -8.989570E-014, 2.150400E+004 1.570926E+074 2.150400E+004, Thu Sep 10 21:49:16 2015
0.35, 0.00, 0.00, 0.00 , -3.765085E-011, -2.993350E-012, -3.473483E-011, -8.337500E-014, 2.150400E+004 1.570926E+074 2.150400E+004, Thu Sep 10 21:49:23 2015
0.40, 0.00, 0.00, 0.00 , -3.566746E-011, -3.072520E-012, -3.582500E-011, -9.948020E-014, 2.150400E+004 1.570926E+074 2.150400E+004, Thu Sep 10 21:49:47 2015
0.45, 0.00, 0.00, 0.00 , -3.073008E-011, -2.940090E-012, -3.578306E-011, -8.831020E-014, 2.150400E+004 1.570926E+074 2.150400E+004, Thu Sep 10 21:50:03 2015
0.50, 0.00, 0.00, 0.00 , -2.726971E-011, -3.110360E-012, -3.486062E-011, -9.105210E-014, 2.150400E+004 1.570926E+074 2.150400E+004, Thu Sep 10 21:50:08 2015
0.55, 0.00, 0.00, 0.00 , -2.275432E-011, -3.039770E-012, -3.586691E-011, -1.173500E-013, 2.150400E+004 1.570926E+074 2.150400E+004, Thu Sep 10 21:50:14 2015
0.60, 0.00, 0.00, 0.00 , -1.933610E-011, -3.146090E-012, -3.423167E-011, -1.024010E-013, 2.150400E+004 1.570926E+074 2.150400E+004, Thu Sep 10 21:50:22 2015
0.65, 0.00, 0.00, 0.00 , -1.735269E-011, -3.093860E-012, -3.565727E-011, -9.381770E-014, 2.150400E+004 1.570926E+074 2.150400E+004, Thu Sep 10 21:50:39 2015
0.70, 0.00, 0.00, 0.00 , -9.967713E-012, -3.248080E-012, -3.372852E-011, -9.471180E-014, 2.150400E+004 1.570926E+074 2.150400E+004, Thu Sep 10 21:50:42 2015
0.75, 0.00, 0.00, 0.00 , -5.156916E-012, -3.150770E-012, -3.574113E-011, -9.033680E-014, 2.150400E+004 1.570926E+074 2.150400E+004, Thu Sep 10 21:50:46 2015
0.80, 0.00, 0.00, 0.00 , -3.806517E-012, -3.223030E-012, -3.444132E-011, -1.078370E-013, 2.150400E+004 1.570926E+074 2.150400E+004, Thu Sep 10 21:50:50 2015
0.85, 0.00, 0.00, 0.00 , 4.978794E-013, -2.775560E-012, -3.611849E-011, -7.821320E-014, 2.150400E+004 1.570926E+074 2.150400E+004, Thu Sep 10 21:50:53 2015
0.90, 0.00, 0.00, 0.00 , 5.899147E-012, -2.925280E-012, -3.393816E-011, -8.449550E-014, 2.150400E+004 1.570926E+074 2.150400E+004, Thu Sep 10 21:50:57 2015
0.95, 0.00, 0.00, 0.00 , 1.041418E-011, -2.954820E-012, -3.515411E-011, -1.054170E-013, 2.150400E+004 1.570926E+074 2.150400E+004, Thu Sep 10 21:51:02 2015
1.00, 0.00, 0.00, 0.00 , 9.696826E-012, -3.110160E-012, -3.867619E-011, -1.189590E-013, 2.150400E+004 1.570926E+074 2.150400E+004, Thu Sep 10 21:51:05 2015
1.05, 0.00, 0.00, 0.00 , 1.733439E-011, -3.151480E-012, -3.498640E-011, -1.015780E-013, 2.150400E+004 1.570926E+074 2.150400E+004, Thu Sep 10 21:51:19 2015
1.10, 0.00, 0.00, 0.00 , 1.944421E-011, -3.521310E-012, -3.607657E-011, -9.889600E-014, 2.150400E+004 1.570926E+074 2.150400E+004, Thu Sep 10 21:51:32 2015
1.15, 0.00, 0.00, 0.00 , 2.244016E-011, -3.410700E-012, -3.691516E-011, -1.045110E-013, 2.150400E+004 1.570926E+074 2.150400E+004, Thu Sep 10 21:51:49 2015
1.20, 0.00, 0.00, 0.00 , 2.640662E-011, -3.315940E-012, -3.490253E-011, -9.149310E-014, 2.150400E+004 1.570926E+074 2.150400E+004, Thu Sep 10 21:51:58 2015
1.25, 0.00, 0.00, 0.00 , 3.011994E-011, -3.359540E-012, -3.670550E-011, -9.288790E-014, 2.150400E+004 1.570926E+074 2.150400E+004, Thu Sep 10 21:52:05 2015
1.30, 0.00, 0.00, 0.00 , 3.383322E-011, -3.539710E-012, -3.800531E-011, -1.313090E-013, 2.150400E+004 1.570926E+074 2.150400E+004, Thu Sep 10 21:52:15 2015
1.35, 0.00, 0.00, 0.00 , 3.653378E-011, -3.429950E-012, -3.469288E-011, -8.324390E-014, 2.150400E+004 1.570926E+074 2.150400E+004, Thu Sep 10 21:52:40 2015
1.40, 0.00, 0.00, 0.00 , 4.066904E-011, -3.409640E-012, -3.578305E-011, -8.568760E-014, 2.150400E+004 1.570926E+074 2.150400E+004, Thu Sep 10 21:52:46 2015
1.45, 0.00, 0.00, 0.00 , 4.644994E-011, -3.673820E-012, -3.670550E-011, -8.976460E-014, 2.150400E+004 1.570926E+074 2.150400E+004, Thu Sep 10 21:52:54 2015
1.50, 0.00, 0.00, 0.00 , 4.547942E-011, -3.376450E-012, -3.460903E-011, -1.070260E-013, 2.150400E+004 1.570926E+074 2.150400E+004, Thu Sep 10 21:53:13 2015
1.55, 0.00, 0.00, 0.00 , 4.969907E-011, -3.406120E-012, -3.502832E-011, -1.119610E-013, 2.150400E+004 1.570926E+074 2.150400E+004, Thu Sep 10 21:53:20 2015
1.60, 0.00, 0.00, 0.00 , 5.142918E-011, -3.455630E-012, -3.729251E-011, -9.647610E-014, 2.150400E+004 1.570926E+074 2.150400E+004, Thu Sep 10 21:53:24 2015
1.65, 0.00, 0.00, 0.00 , 5.434069E-011, -3.324720E-012, -3.729251E-011, -1.000760E-013, 2.150400E+004 1.570926E+074 2.150400E+004, Thu Sep 10 21:53:30 2015
1.70, 0.00, 0.00, 0.00 , 5.552220E-011, -3.440260E-012, -3.670550E-011, -7.365940E-014, 2.150400E+004 1.570926E+074 2.150400E+004, Thu Sep 10 21:53:41 2015
1.75, 0.00, 0.00, 0.00 , 5.261063E-011, -3.275720E-012, -3.498640E-011, -8.579490E-014, 2.150400E+004 1.570926E+074 2.150400E+004, Thu Sep 10 21:53:53 2015
1.80, 0.00, 0.00, 0.00 , 5.602852E-011, -3.562140E-012, -3.565727E-011, -9.224420E-014, 2.150400E+004 1.570926E+074 2.150400E+004, Thu Sep 10 21:53:58 2015
1.85, 0.00, 0.00, 0.00 , 5.805400E-011, -3.403510E-012, -3.796339E-011, -9.076600E-014, 2.150400E+004 1.570926E+074 2.150400E+004, Thu Sep 10 21:54:04 2015
1.90, 0.00, 0.00, 0.00 , 6.067016E-011, -3.300930E-012, -3.624429E-011, -8.884670E-014, 2.150400E+004 1.570926E+074 2.150400E+004, Thu Sep 10 21:54:08 2015
1.95, 0.00, 0.00, 0.00 , 6.071239E-011, -3.936780E-012, -3.460902E-011, -9.838340E-014, 2.150400E+004 1.570926E+074 2.150400E+004, Thu Sep 10 21:54:20 2015
2.00, 0.00, 0.00, 0.00 , 6.294881E-011, -3.703340E-012, -3.670550E-011, -9.548660E-014, 2.150400E+004 1.570926E+074 2.150400E+004, Thu Sep 10 21:54:28 2015
