0.00, 0.00, 1.20, 0.00 , -1.239917E-010, 8.618960E-011, -1.741852E-011, -8.988380E-014, 2.150400E+004 1.570926E+074 2.150400E+004, Thu Sep 10 22:03:38 2015
0.05, 0.00, 1.20, 0.00 , 5.932666E-007, -5.896720E-007, -1.741853E-011, -1.097200E-013, 2.150400E+004 1.570926E+074 2.150400E+004, Thu Sep 10 22:03:45 2015
0.10, 0.00, 1.20, 0.00 , 2.646846E-006, -2.641350E-006, -1.880206E-011, -9.254220E-014, 2.150400E+004 1.570926E+074 2.150400E+004, Thu Sep 10 22:03:49 2015
0.15, 0.00, 1.20, 0.00 , 5.748049E-006, -5.740030E-006, -1.825703E-011, -1.049880E-013, 2.150400E+004 1.570926E+074 2.150400E+004, Thu Sep 10 22:03:52 2015
0.20, 0.00, 1.20, 0.00 , 9.021819E-006, -9.010920E-006, -1.574152E-011, -1.081230E-013, 2.150400E+004 1.570926E+074 2.150400E+004, Thu Sep 10 22:03:56 2015
0.25, 0.00, 1.20, 0.00 , 1.202099E-005, -1.201310E-005, -2.060484E-011, -1.128080E-013, 2.150400E+004 1.570926E+074 2.150400E+004, Thu Sep 10 22:03:59 2015
0.30, 0.00, 1.20, 0.00 , 1.471686E-005, -1.470440E-005, -1.695735E-011, -9.706020E-014, 2.150400E+004 1.570926E+074 2.150400E+004, Thu Sep 10 22:04:03 2015
0.35, 0.00, 1.20, 0.00 , 1.704787E-005, -1.703010E-005, -1.775393E-011, -1.068470E-013, 2.150400E+004 1.570926E+074 2.150400E+004, Thu Sep 10 22:04:06 2015
0.40, 0.00, 1.20, 0.00 , 1.897005E-005, -1.897200E-005, -1.465146E-011, -9.189840E-014, 2.150400E+004 1.570926E+074 2.150400E+004, Thu Sep 10 22:04:10 2015
0.45, 0.00, 1.20, 0.00 , 2.046727E-005, -2.045320E-005, -2.089832E-011, -1.013160E-013, 2.150400E+004 1.570926E+074 2.150400E+004, Thu Sep 10 22:04:14 2015
0.50, 0.00, 1.20, 0.00 , 2.155124E-005, -2.152330E-005, -1.678965E-011, -9.815690E-014, 2.150400E+004 1.570926E+074 2.150400E+004, Thu Sep 10 22:04:17 2015
0.55, 0.00, 1.20, 0.00 , 2.229454E-005, -2.227850E-005, -1.729275E-011, -9.220840E-014, 2.150400E+004 1.570926E+074 2.150400E+004, Thu Sep 10 22:04:21 2015
0.60, 0.00, 1.20, 0.00 , 2.277853E-005, -2.275680E-005, -1.821510E-011, -9.608270E-014, 2.150400E+004 1.570926E+074 2.150400E+004, Thu Sep 10 22:04:24 2015
0.65, 0.00, 1.20, 0.00 , 2.312355E-005, -2.310200E-005, -1.842473E-011, -1.050350E-013, 2.150400E+004 1.570926E+074 2.150400E+004, Thu Sep 10 22:04:28 2015
0.70, 0.00, 1.20, 0.00 , 2.333608E-005, -2.332360E-005, -1.771200E-011, -7.890460E-014, 2.150400E+004 1.570926E+074 2.150400E+004, Thu Sep 10 22:04:31 2015
0.75, 0.00, 1.20, 0.00 , 2.348554E-005, -2.346650E-005, -1.938901E-011, -8.605720E-014, 2.150400E+004 1.570926E+074 2.150400E+004, Thu Sep 10 22:04:35 2015
0.80, 0.00, 1.20, 0.00 , 2.358245E-005, -2.358250E-005, -1.917939E-011, -9.146930E-014, 2.150400E+004 1.570926E+074 2.150400E+004, Thu Sep 10 22:04:38 2015
0.85, 0.00, 1.20, 0.00 , 2.367989E-005, -2.367140E-005, -1.838281E-011, -9.312630E-014, 2.150400E+004 1.570926E+074 2.150400E+004, Thu Sep 10 22:04:42 2015
0.90, 0.00, 1.20, 0.00 , 2.377787E-005, -2.376810E-005, -1.850858E-011, -9.155270E-014, 2.150400E+004 1.570926E+074 2.150400E+004, Thu Sep 10 22:04:45 2015
0.95, 0.00, 1.20, 0.00 , 2.386159E-005, -2.384720E-005, -1.804740E-011, -1.031880E-013, 2.150400E+004 1.570926E+074 2.150400E+004, Thu Sep 10 22:04:49 2015
1.00, 0.00, 1.20, 0.00 , 2.392537E-005, -2.391080E-005, -1.909554E-011, -9.036060E-014, 2.150400E+004 1.570926E+074 2.150400E+004, Thu Sep 10 22:04:53 2015
1.05, 0.00, 1.20, 0.00 , 2.399958E-005, -2.397090E-005, -1.829896E-011, -9.343620E-014, 2.150400E+004 1.570926E+074 2.150400E+004, Thu Sep 10 22:04:56 2015
1.10, 0.00, 1.20, 0.00 , 2.406071E-005, -2.405510E-005, -2.089832E-011, -1.145720E-013, 2.150400E+004 1.570926E+074 2.150400E+004, Thu Sep 10 22:05:00 2015
1.15, 0.00, 1.20, 0.00 , 2.411224E-005, -2.410110E-005, -1.913746E-011, -9.065870E-014, 2.150400E+004 1.570926E+074 2.150400E+004, Thu Sep 10 22:05:03 2015
1.20, 0.00, 1.20, 0.00 , 2.418418E-005, -2.417010E-005, -1.955671E-011, -1.140240E-013, 2.150400E+004 1.570926E+074 2.150400E+004, Thu Sep 10 22:05:07 2015
1.25, 0.00, 1.20, 0.00 , 2.431750E-005, -2.429980E-005, -2.001789E-011, -9.676220E-014, 2.150400E+004 1.570926E+074 2.150400E+004, Thu Sep 10 22:05:10 2015
1.30, 0.00, 1.20, 0.00 , 2.464764E-005, -2.463020E-005, -2.035329E-011, -8.010860E-014, 2.150400E+004 1.570926E+074 2.150400E+004, Thu Sep 10 22:05:14 2015
1.35, 0.00, 1.20, 0.00 , 2.495541E-005, -2.495400E-005, -2.005982E-011, -1.227380E-013, 2.150400E+004 1.570926E+074 2.150400E+004, Thu Sep 10 22:05:17 2015
1.40, 0.00, 1.20, 0.00 , 2.523411E-005, -2.522730E-005, -1.850858E-011, -1.025320E-013, 2.150400E+004 1.570926E+074 2.150400E+004, Thu Sep 10 22:05:21 2015
1.45, 0.00, 1.20, 0.00 , 2.554287E-005, -2.552280E-005, -2.169490E-011, -9.428260E-014, 2.150400E+004 1.570926E+074 2.150400E+004, Thu Sep 10 22:05:25 2015
1.50, 0.00, 1.20, 0.00 , 2.581412E-005, -2.580320E-005, -2.039522E-011, -1.055960E-013, 2.150400E+004 1.570926E+074 2.150400E+004, Thu Sep 10 22:05:28 2015
1.55, 0.00, 1.20, 0.00 , 2.605137E-005, -2.603810E-005, -1.855051E-011, -1.011130E-013, 2.150400E+004 1.570926E+074 2.150400E+004, Thu Sep 10 22:05:32 2015
1.60, 0.00, 1.20, 0.00 , 2.634809E-005, -2.632080E-005, -2.052099E-011, -1.026030E-013, 2.150400E+004 1.570926E+074 2.150400E+004, Thu Sep 10 22:05:35 2015
1.65, 0.00, 1.20, 0.00 , 2.666963E-005, -2.666450E-005, -1.846666E-011, -9.411570E-014, 2.150400E+004 1.570926E+074 2.150400E+004, Thu Sep 10 22:05:39 2015
1.70, 0.00, 1.20, 0.00 , 2.707072E-005, -2.706230E-005, -2.085639E-011, -9.595160E-014, 2.150400E+004 1.570926E+074 2.150400E+004, Thu Sep 10 22:05:42 2015
1.75, 0.00, 1.20, 0.00 , 2.753527E-005, -2.752030E-005, -2.001789E-011, -1.057740E-013, 2.150400E+004 1.570926E+074 2.150400E+004, Thu Sep 10 22:05:46 2015
1.80, 0.00, 1.20, 0.00 , 2.804669E-005, -2.806030E-005, -2.022752E-011, -9.194610E-014, 2.150400E+004 1.570926E+074 2.150400E+004, Thu Sep 10 22:05:49 2015
1.85, 0.00, 1.20, 0.00 , 2.869648E-005, -2.867680E-005, -2.102409E-011, -1.011610E-013, 2.150400E+004 1.570926E+074 2.150400E+004, Thu Sep 10 22:05:53 2015
1.90, 0.00, 1.20, 0.00 , 2.935327E-005, -2.933700E-005, -2.177875E-011, -1.104350E-013, 2.150400E+004 1.570926E+074 2.150400E+004, Thu Sep 10 22:05:56 2015
1.95, 0.00, 1.20, 0.00 , 3.009299E-005, -3.006910E-005, -1.976634E-011, -1.087550E-013, 2.150400E+004 1.570926E+074 2.150400E+004, Thu Sep 10 22:06:00 2015
2.00, 0.00, 1.20, 0.00 , 3.087600E-005, -3.085790E-005, -2.198837E-011, -9.098050E-014, 2.150400E+004 1.570926E+074 2.150400E+004, Thu Sep 10 22:06:04 2015
