0.00, 0.00, 1.20, 0.00 , -2.655230E-011, 9.635690E-014, -9.536516E-012, -6.397370E-013, 2.150400E+004 1.570926E+074 2.150400E+004, Wed Sep 02 19:20:09 2015
0.02, 0.00, 1.20, 0.00 , -2.076320E-012, -4.810190E-012, -1.045888E-011, -6.434440E-013, 2.150400E+004 1.570926E+074 2.150400E+004, Wed Sep 02 19:20:32 2015
0.04, 0.00, 1.20, 0.00 , 7.889911E-011, -1.107330E-010, -1.104584E-011, -8.300540E-013, 2.150400E+004 1.570926E+074 2.150400E+004, Wed Sep 02 19:20:39 2015
0.06, 0.00, 1.20, 0.00 , 3.258333E-010, -3.467000E-010, -8.069125E-012, -5.804300E-013, 2.150400E+004 1.570926E+074 2.150400E+004, Wed Sep 02 19:20:48 2015
0.08, 0.00, 1.20, 0.00 , 4.420002E-010, -4.673100E-010, -8.446459E-012, -6.026510E-013, 2.150400E+004 1.570926E+074 2.150400E+004, Wed Sep 02 19:20:53 2015
0.10, 0.00, 1.20, 0.00 , 7.015087E-010, -7.328720E-010, -1.121354E-011, -9.321930E-013, 2.150400E+004 1.570926E+074 2.150400E+004, Wed Sep 02 19:20:58 2015
0.12, 0.00, 1.20, 0.00 , 9.759558E-010, -9.938450E-010, -1.012348E-011, -9.296660E-013, 2.150400E+004 1.570926E+074 2.150400E+004, Wed Sep 02 19:21:09 2015
0.14, 0.00, 1.20, 0.00 , 1.083303E-009, -1.129940E-009, -1.117161E-011, -7.781150E-013, 2.150400E+004 1.570926E+074 2.150400E+004, Wed Sep 02 19:21:16 2015
0.16, 0.00, 1.20, 0.00 , 1.258841E-009, -1.254680E-009, -9.410747E-012, -8.666750E-013, 2.150400E+004 1.570926E+074 2.150400E+004, Wed Sep 02 19:21:24 2015
0.18, 0.00, 1.20, 0.00 , 1.438261E-009, -1.523400E-009, -9.452664E-012, -8.608820E-013, 2.150400E+004 1.570926E+074 2.150400E+004, Wed Sep 02 19:21:33 2015
0.20, 0.00, 1.20, 0.00 , 1.623630E-009, -1.630710E-009, -1.083621E-011, -9.113910E-013, 2.150400E+004 1.570926E+074 2.150400E+004, Wed Sep 02 19:21:37 2015
0.22, 0.00, 1.20, 0.00 , 1.708023E-009, -1.728600E-009, -1.108776E-011, -9.513020E-013, 2.150400E+004 1.570926E+074 2.150400E+004, Wed Sep 02 19:21:48 2015
0.24, 0.00, 1.20, 0.00 , 1.880902E-009, -1.919610E-009, -1.129739E-011, -1.026080E-012, 2.150400E+004 1.570926E+074 2.150400E+004, Wed Sep 02 19:21:55 2015
0.26, 0.00, 1.20, 0.00 , 2.018336E-009, -2.037550E-009, -1.456757E-011, -1.096620E-012, 2.150400E+004 1.570926E+074 2.150400E+004, Wed Sep 02 19:22:02 2015
0.28, 0.00, 1.20, 0.00 , 2.180033E-009, -2.213590E-009, -1.125546E-011, -1.030600E-012, 2.150400E+004 1.570926E+074 2.150400E+004, Wed Sep 02 19:22:07 2015
0.30, 0.00, 1.20, 0.00 , 2.346836E-009, -2.384410E-009, -1.041695E-011, -1.033460E-012, 2.150400E+004 1.570926E+074 2.150400E+004, Wed Sep 02 19:22:12 2015
0.32, 0.00, 1.20, 0.00 , 2.543769E-009, -2.622900E-009, -1.100391E-011, -8.831860E-013, 2.150400E+004 1.570926E+074 2.150400E+004, Wed Sep 02 19:22:15 2015
0.34, 0.00, 1.20, 0.00 , 2.781038E-009, -2.782240E-009, -1.058465E-011, -1.210220E-012, 2.150400E+004 1.570926E+074 2.150400E+004, Wed Sep 02 19:22:20 2015
0.36, 0.00, 1.20, 0.00 , 2.961893E-009, -2.972150E-009, -9.452671E-012, -9.910820E-013, 2.150400E+004 1.570926E+074 2.150400E+004, Wed Sep 02 19:22:24 2015
0.38, 0.00, 1.20, 0.00 , 3.120637E-009, -3.149580E-009, -1.150702E-011, -1.123550E-012, 2.150400E+004 1.570926E+074 2.150400E+004, Wed Sep 02 19:22:31 2015
0.40, 0.00, 1.20, 0.00 , 3.320860E-009, -3.327510E-009, -1.628651E-011, -1.028410E-012, 2.150400E+004 1.570926E+074 2.150400E+004, Wed Sep 02 19:22:34 2015
0.42, 0.00, 1.20, 0.00 , 3.509604E-009, -3.540770E-009, -1.368714E-011, -1.272640E-012, 2.150400E+004 1.570926E+074 2.150400E+004, Wed Sep 02 19:22:39 2015
0.44, 0.00, 1.20, 0.00 , 3.755951E-009, -3.694780E-009, -1.284863E-011, -1.197920E-012, 2.150400E+004 1.570926E+074 2.150400E+004, Wed Sep 02 19:22:44 2015
0.46, 0.00, 1.20, 0.00 , 4.020648E-009, -3.973480E-009, -1.201012E-011, -1.156040E-012, 2.150400E+004 1.570926E+074 2.150400E+004, Wed Sep 02 19:22:47 2015
0.48, 0.00, 1.20, 0.00 , 4.218338E-009, -4.225260E-009, -1.133931E-011, -1.332560E-012, 2.150400E+004 1.570926E+074 2.150400E+004, Wed Sep 02 19:22:51 2015
0.50, 0.00, 1.20, 0.00 , 4.493205E-009, -4.570730E-009, -9.326885E-012, -1.410660E-012, 2.150400E+004 1.570926E+074 2.150400E+004, Wed Sep 02 19:22:57 2015
0.52, 0.00, 1.20, 0.00 , 4.775544E-009, -4.731790E-009, -8.614159E-012, -1.254250E-012, 2.150400E+004 1.570926E+074 2.150400E+004, Wed Sep 02 19:23:07 2015
0.54, 0.00, 1.20, 0.00 , 5.124385E-009, -5.052690E-009, -9.494602E-012, -1.123230E-012, 2.150400E+004 1.570926E+074 2.150400E+004, Wed Sep 02 19:23:11 2015
0.56, 0.00, 1.20, 0.00 , 5.488706E-009, -5.539870E-009, -1.305825E-011, -1.286980E-012, 2.150400E+004 1.570926E+074 2.150400E+004, Wed Sep 02 19:23:15 2015
0.58, 0.00, 1.20, 0.00 , 5.733404E-009, -5.669080E-009, -1.213589E-011, -1.358970E-012, 2.150400E+004 1.570926E+074 2.150400E+004, Wed Sep 02 19:23:19 2015
0.60, 0.00, 1.20, 0.00 , 6.133972E-009, -5.984440E-009, -1.347750E-011, -1.297610E-012, 2.150400E+004 1.570926E+074 2.150400E+004, Wed Sep 02 19:23:24 2015
0.62, 0.00, 1.20, 0.00 , 6.347612E-009, -6.357300E-009, -1.201012E-011, -1.347700E-012, 2.150400E+004 1.570926E+074 2.150400E+004, Wed Sep 02 19:23:27 2015
0.64, 0.00, 1.20, 0.00 , 6.919211E-009, -6.836550E-009, -1.289055E-011, -1.366970E-012, 2.150400E+004 1.570926E+074 2.150400E+004, Wed Sep 02 19:23:31 2015
0.66, 0.00, 1.20, 0.00 , 7.414804E-009, -7.335500E-009, -5.469750E-012, -1.364430E-012, 2.150400E+004 1.570926E+074 2.150400E+004, Wed Sep 02 19:23:35 2015
0.68, 0.00, 1.20, 0.00 , 7.730060E-009, -7.743080E-009, -6.769443E-012, -1.266570E-012, 2.150400E+004 1.570926E+074 2.150400E+004, Wed Sep 02 19:23:39 2015
0.70, 0.00, 1.20, 0.00 , 8.121940E-009, -8.172400E-009, -1.192627E-011, -1.430110E-012, 2.150400E+004 1.570926E+074 2.150400E+004, Wed Sep 02 19:23:43 2015
0.72, 0.00, 1.20, 0.00 , 8.628468E-009, -8.540910E-009, -1.167472E-011, -1.472210E-012, 2.150400E+004 1.570926E+074 2.150400E+004, Wed Sep 02 19:23:48 2015
0.74, 0.00, 1.20, 0.00 , 9.067269E-009, -9.080540E-009, -1.481913E-011, -1.650500E-012, 2.150400E+004 1.570926E+074 2.150400E+004, Wed Sep 02 19:23:52 2015
0.76, 0.00, 1.20, 0.00 , 9.807226E-009, -9.783400E-009, -1.058465E-011, -1.503730E-012, 2.150400E+004 1.570926E+074 2.150400E+004, Wed Sep 02 19:23:56 2015
0.78, 0.00, 1.20, 0.00 , 1.027561E-008, -1.029660E-008, -1.146509E-011, -1.743250E-012, 2.150400E+004 1.570926E+074 2.150400E+004, Wed Sep 02 19:24:01 2015
0.80, 0.00, 1.20, 0.00 , 1.082758E-008, -1.067030E-008, -1.012348E-011, -1.453760E-012, 2.150400E+004 1.570926E+074 2.150400E+004, Wed Sep 02 19:24:06 2015
0.82, 0.00, 1.20, 0.00 , 1.141998E-008, -1.154610E-008, -9.410736E-012, -1.501990E-012, 2.150400E+004 1.570926E+074 2.150400E+004, Wed Sep 02 19:24:09 2015
0.84, 0.00, 1.20, 0.00 , 1.161700E-008, -1.172060E-008, -1.045888E-011, -1.657210E-012, 2.150400E+004 1.570926E+074 2.150400E+004, Wed Sep 02 19:24:13 2015
0.86, 0.00, 1.20, 0.00 , 1.223146E-008, -1.221530E-008, -1.029117E-011, -1.614030E-012, 2.150400E+004 1.570926E+074 2.150400E+004, Wed Sep 02 19:24:16 2015
0.88, 0.00, 1.20, 0.00 , 1.287992E-008, -1.289630E-008, -8.027204E-012, -1.607870E-012, 2.150400E+004 1.570926E+074 2.150400E+004, Wed Sep 02 19:24:20 2015
0.90, 0.00, 1.20, 0.00 , 9.556748E-009, -9.520220E-009, -8.488378E-012, -1.504560E-012, 2.150400E+004 1.570926E+074 2.150400E+004, Wed Sep 02 19:24:25 2015
0.92, 0.00, 1.20, 0.00 , 1.035093E-008, -1.097380E-008, -1.356135E-011, -1.476650E-012, 2.150400E+004 1.570926E+074 2.150400E+004, Wed Sep 02 19:24:29 2015
0.94, 0.00, 1.20, 0.00 , 1.088150E-008, -1.085070E-008, -9.075336E-012, -1.814930E-012, 2.150400E+004 1.570926E+074 2.150400E+004, Wed Sep 02 19:24:34 2015
0.96, 0.00, 1.20, 0.00 , 1.270431E-008, -1.256310E-008, -1.284862E-011, -1.740460E-012, 2.150400E+004 1.570926E+074 2.150400E+004, Wed Sep 02 19:24:40 2015
0.98, 0.00, 1.20, 0.00 , 1.334591E-008, -1.356150E-008, -1.419024E-011, -1.520220E-012, 2.150400E+004 1.570926E+074 2.150400E+004, Wed Sep 02 19:25:01 2015
1.00, 0.00, 1.20, 0.00 , 1.381704E-008, -1.375230E-008, -1.515452E-011, -1.459430E-012, 2.150400E+004 1.570926E+074 2.150400E+004, Wed Sep 02 19:25:09 2015
1.02, 0.00, 1.20, 0.00 , 1.566149E-008, -1.581730E-008, -1.276479E-011, -1.675280E-012, 2.150400E+004 1.570926E+074 2.150400E+004, Wed Sep 02 19:25:19 2015
1.04, 0.00, 1.20, 0.00 , 1.671631E-008, -1.673940E-008, -1.289056E-011, -1.745670E-012, 2.150400E+004 1.570926E+074 2.150400E+004, Wed Sep 02 19:25:25 2015
1.06, 0.00, 1.20, 0.00 , 1.784505E-008, -1.748430E-008, -1.515452E-011, -1.798840E-012, 2.150400E+004 1.570926E+074 2.150400E+004, Wed Sep 02 19:25:34 2015
1.08, 0.00, 1.20, 0.00 , 1.972902E-008, -1.862850E-008, -9.326890E-012, -1.868940E-012, 2.150400E+004 1.570926E+074 2.150400E+004, Wed Sep 02 19:25:42 2015
1.10, 0.00, 1.20, 0.00 , 2.175995E-008, -2.208870E-008, -1.477719E-011, -1.726390E-012, 2.150400E+004 1.570926E+074 2.150400E+004, Wed Sep 02 19:25:51 2015
1.12, 0.00, 1.20, 0.00 , 2.368475E-008, -2.346530E-008, -1.138123E-011, -1.869960E-012, 2.150400E+004 1.570926E+074 2.150400E+004, Wed Sep 02 19:25:56 2015
1.14, 0.00, 1.20, 0.00 , 2.470751E-008, -2.564270E-008, -1.121353E-011, -2.038410E-012, 2.150400E+004 1.570926E+074 2.150400E+004, Wed Sep 02 19:26:00 2015
1.16, 0.00, 1.20, 0.00 , 2.719634E-008, -2.739550E-008, -1.419023E-011, -1.858090E-012, 2.150400E+004 1.570926E+074 2.150400E+004, Wed Sep 02 19:26:10 2015
1.18, 0.00, 1.20, 0.00 , 3.013770E-008, -2.800620E-008, -1.159086E-011, -2.000270E-012, 2.150400E+004 1.570926E+074 2.150400E+004, Wed Sep 02 19:26:22 2015
1.20, 0.00, 1.20, 0.00 , 3.203094E-008, -3.150830E-008, -1.217782E-011, -1.904080E-012, 2.150400E+004 1.570926E+074 2.150400E+004, Wed Sep 02 19:26:32 2015
1.22, 0.00, 1.20, 0.00 , 3.319612E-008, -3.454090E-008, -1.247129E-011, -1.824370E-012, 2.150400E+004 1.570926E+074 2.150400E+004, Wed Sep 02 19:26:40 2015
1.24, 0.00, 1.20, 0.00 , 3.502278E-008, -3.553710E-008, -1.180049E-011, -1.819040E-012, 2.150400E+004 1.570926E+074 2.150400E+004, Wed Sep 02 19:26:44 2015
1.26, 0.00, 1.20, 0.00 , 3.637267E-008, -3.764280E-008, -9.746145E-012, -2.085920E-012, 2.150400E+004 1.570926E+074 2.150400E+004, Wed Sep 02 19:26:50 2015
1.28, 0.00, 1.20, 0.00 , 3.846331E-008, -3.842950E-008, -1.272284E-011, -1.886300E-012, 2.150400E+004 1.570926E+074 2.150400E+004, Wed Sep 02 19:26:56 2015
1.30, 0.00, 1.20, 0.00 , 4.077878E-008, -4.168300E-008, -9.075338E-012, -1.948170E-012, 2.150400E+004 1.570926E+074 2.150400E+004, Wed Sep 02 19:27:00 2015
1.32, 0.00, 1.20, 0.00 , 4.634267E-008, -4.419940E-008, -1.012347E-011, -2.036600E-012, 2.150400E+004 1.570926E+074 2.150400E+004, Wed Sep 02 19:27:04 2015
1.34, 0.00, 1.20, 0.00 , 4.795498E-008, -4.711240E-008, -1.410639E-011, -2.086820E-012, 2.150400E+004 1.570926E+074 2.150400E+004, Wed Sep 02 19:27:11 2015
1.36, 0.00, 1.20, 0.00 , 5.295700E-008, -5.119250E-008, -1.301632E-011, -2.014200E-012, 2.150400E+004 1.570926E+074 2.150400E+004, Wed Sep 02 19:27:16 2015
1.38, 0.00, 1.20, 0.00 , 5.620197E-008, -5.527570E-008, -1.301633E-011, -1.962470E-012, 2.150400E+004 1.570926E+074 2.150400E+004, Wed Sep 02 19:27:20 2015
1.40, 0.00, 1.20, 0.00 , 6.356744E-008, -6.302980E-008, -1.180049E-011, -2.031030E-012, 2.150400E+004 1.570926E+074 2.150400E+004, Wed Sep 02 19:27:24 2015
1.42, 0.00, 1.20, 0.00 , 6.843887E-008, -6.600100E-008, -1.196819E-011, -2.018070E-012, 2.150400E+004 1.570926E+074 2.150400E+004, Wed Sep 02 19:27:30 2015
1.44, 0.00, 1.20, 0.00 , 7.949971E-008, -7.889470E-008, -9.746143E-012, -2.231510E-012, 2.150400E+004 1.570926E+074 2.150400E+004, Wed Sep 02 19:27:35 2015
1.46, 0.00, 1.20, 0.00 , 8.997262E-008, -9.210720E-008, -1.263899E-011, -2.113840E-012, 2.150400E+004 1.570926E+074 2.150400E+004, Wed Sep 02 19:27:41 2015
1.48, 0.00, 1.20, 0.00 , 9.836651E-008, -1.154000E-007, -1.242937E-011, -2.217080E-012, 2.150400E+004 1.570926E+074 2.150400E+004, Wed Sep 02 19:27:53 2015
1.50, 0.00, 1.20, 0.00 , 1.338809E-007, -1.403530E-007, -8.152966E-012, -2.270560E-012, 2.150400E+004 1.570926E+074 2.150400E+004, Wed Sep 02 19:27:57 2015
1.52, 0.00, 1.20, 0.00 , 1.605687E-007, -1.612730E-007, -1.175856E-011, -2.257040E-012, 2.150400E+004 1.570926E+074 2.150400E+004, Wed Sep 02 19:28:04 2015
1.54, 0.00, 1.20, 0.00 , 1.798709E-007, -1.774060E-007, -1.171664E-011, -2.480940E-012, 2.150400E+004 1.570926E+074 2.150400E+004, Wed Sep 02 19:28:12 2015
1.56, 0.00, 1.20, 0.00 , 1.963831E-007, -1.972450E-007, -1.297440E-011, -2.543900E-012, 2.150400E+004 1.570926E+074 2.150400E+004, Wed Sep 02 19:28:16 2015
1.58, 0.00, 1.20, 0.00 , 2.114639E-007, -2.129820E-007, -1.100390E-011, -2.639760E-012, 2.150400E+004 1.570926E+074 2.150400E+004, Wed Sep 02 19:28:27 2015
1.60, 0.00, 1.20, 0.00 , 2.431612E-007, -2.653760E-007, -1.339365E-011, -2.742980E-012, 2.150400E+004 1.570926E+074 2.150400E+004, Wed Sep 02 19:28:32 2015
1.62, 0.00, 1.20, 0.00 , 2.891601E-007, -2.976420E-007, -1.318403E-011, -2.973700E-012, 2.150400E+004 1.570926E+074 2.150400E+004, Wed Sep 02 19:28:35 2015
1.64, 0.00, 1.20, 0.00 , 3.430553E-007, -3.515790E-007, -1.054273E-011, -3.499880E-012, 2.150400E+004 1.570926E+074 2.150400E+004, Wed Sep 02 19:28:39 2015
1.66, 0.00, 1.20, 0.00 , 3.987437E-007, -4.075570E-007, -1.247130E-011, -4.594870E-012, 2.150400E+004 1.570926E+074 2.150400E+004, Wed Sep 02 19:28:44 2015
1.68, 0.00, 1.20, 0.00 , 4.355933E-007, -4.472830E-007, -1.284862E-011, -5.855510E-012, 2.150400E+004 1.570926E+074 2.150400E+004, Wed Sep 02 19:28:48 2015
1.70, 0.00, 1.20, 0.00 , 5.025277E-007, -5.053630E-007, -1.041695E-011, -7.473230E-012, 2.150400E+004 1.570926E+074 2.150400E+004, Wed Sep 02 19:28:52 2015
1.72, 0.00, 1.20, 0.00 , 5.522861E-007, -5.493440E-007, -9.033400E-012, -9.221580E-012, 2.150400E+004 1.570926E+074 2.150400E+004, Wed Sep 02 19:28:55 2015
1.74, 0.00, 1.20, 0.00 , 5.802607E-007, -5.890220E-007, -1.033310E-011, -1.218630E-011, 2.150400E+004 1.570926E+074 2.150400E+004, Wed Sep 02 19:28:59 2015
1.76, 0.00, 1.20, 0.00 , 6.415913E-007, -6.470210E-007, -1.268092E-011, -1.595040E-011, 2.150400E+004 1.570926E+074 2.150400E+004, Wed Sep 02 19:29:02 2015
1.78, 0.00, 1.20, 0.00 , 7.015870E-007, -6.894350E-007, -1.427409E-011, -2.194610E-011, 2.150400E+004 1.570926E+074 2.150400E+004, Wed Sep 02 19:29:06 2015
1.80, 0.00, 1.20, 0.00 , 7.624425E-007, -7.723860E-007, -1.150701E-011, -2.823280E-011, 2.150400E+004 1.570926E+074 2.150400E+004, Wed Sep 02 19:29:10 2015
1.82, 0.00, 1.20, 0.00 , 8.067399E-007, -8.090220E-007, -1.221975E-011, -3.570700E-011, 2.150400E+004 1.570926E+074 2.150400E+004, Wed Sep 02 19:29:18 2015
1.84, 0.00, 1.20, 0.00 , 8.522186E-007, -8.480300E-007, -1.129737E-011, -4.513190E-011, 2.150400E+004 1.570926E+074 2.150400E+004, Wed Sep 02 19:29:24 2015
1.86, 0.00, 1.20, 0.00 , 9.009509E-007, -8.965610E-007, -8.781857E-012, -5.667430E-011, 2.150400E+004 1.570926E+074 2.150400E+004, Wed Sep 02 19:29:28 2015
1.88, 0.00, 1.20, 0.00 , 9.906245E-007, -9.740830E-007, -1.033309E-011, -7.228780E-011, 2.150400E+004 1.570926E+074 2.150400E+004, Wed Sep 02 19:29:32 2015
1.90, 0.00, 1.20, 0.00 , 1.049034E-006, -1.046540E-006, -1.230359E-011, -9.239890E-011, 2.150400E+004 1.570926E+074 2.150400E+004, Wed Sep 02 19:29:36 2015
1.92, 0.00, 1.20, 0.00 , 1.122668E-006, -1.120950E-006, -1.322596E-011, -1.144490E-010, 2.150400E+004 1.570926E+074 2.150400E+004, Wed Sep 02 19:29:42 2015
1.94, 0.00, 1.20, 0.00 , 1.190441E-006, -1.192900E-006, -9.452674E-012, -1.407280E-010, 2.150400E+004 1.570926E+074 2.150400E+004, Wed Sep 02 19:29:45 2015
1.96, 0.00, 1.20, 0.00 , 1.269934E-006, -1.277070E-006, -1.075235E-011, -1.766710E-010, 2.150400E+004 1.570926E+074 2.150400E+004, Wed Sep 02 19:29:49 2015
1.98, 0.00, 1.20, 0.00 , 1.355143E-006, -1.370360E-006, -1.192627E-011, -2.213230E-010, 2.150400E+004 1.570926E+074 2.150400E+004, Wed Sep 02 19:29:52 2015
2.00, 0.00, 1.20, 0.00 , 1.444529E-006, -1.440220E-006, -1.523837E-011, -2.688040E-010, 2.150400E+004 1.570926E+074 2.150400E+004, Wed Sep 02 19:29:55 2015
