0.00, 0.00, 0.00, 0.00 , -3.376806E-011, -2.967240E-013, -3.389611E-011, -6.349800E-013, 2.150400E+004 1.570926E+074 2.150400E+004, Wed Sep 02 17:50:37 2015
0.02, 0.00, 0.00, 0.00 , -2.921051E-011, -4.245520E-013, -3.494433E-011, -7.660510E-013, 2.150400E+004 1.570926E+074 2.150400E+004, Wed Sep 02 17:50:44 2015
0.04, 0.00, 0.00, 0.00 , 4.380045E-012, -9.185790E-013, -3.670535E-011, -7.974270E-013, 2.150400E+004 1.570926E+074 2.150400E+004, Wed Sep 02 17:51:12 2015
0.06, 0.00, 0.00, 0.00 , -2.925273E-011, -9.445670E-013, -3.427347E-011, -9.567620E-013, 2.150400E+004 1.570926E+074 2.150400E+004, Wed Sep 02 17:51:33 2015
0.08, 0.00, 0.00, 0.00 , -8.195202E-012, -1.224590E-012, -4.299472E-011, -8.416180E-013, 2.150400E+004 1.570926E+074 2.150400E+004, Wed Sep 02 17:52:07 2015
0.10, 0.00, 0.00, 0.00 , -3.908520E-011, -5.506280E-013, -3.326718E-011, -6.880160E-013, 2.150400E+004 1.570926E+074 2.150400E+004, Wed Sep 02 17:52:16 2015
0.12, 0.00, 0.00, 0.00 , -2.878852E-011, -1.026180E-012, -3.582486E-011, -9.193180E-013, 2.150400E+004 1.570926E+074 2.150400E+004, Wed Sep 02 17:52:45 2015
0.14, 0.00, 0.00, 0.00 , -2.524378E-011, -4.175070E-013, -4.244964E-011, -8.394960E-013, 2.150400E+004 1.570926E+074 2.150400E+004, Wed Sep 02 17:53:25 2015
0.16, 0.00, 0.00, 0.00 , -3.068751E-011, -4.718420E-013, -3.477663E-011, -6.666420E-013, 2.150400E+004 1.570926E+074 2.150400E+004, Wed Sep 02 17:54:02 2015
0.18, 0.00, 0.00, 0.00 , -4.481640E-012, 1.856320E-012, -1.725088E-011, -1.171480E-012, 2.150400E+004 1.570926E+074 2.150400E+004, Wed Sep 02 17:54:07 2015
0.20, 0.00, 0.00, 0.00 , -2.777574E-011, -8.353830E-013, -3.695694E-011, -9.287120E-013, 2.150400E+004 1.570926E+074 2.150400E+004, Wed Sep 02 17:54:57 2015
0.22, 0.00, 0.00, 0.00 , -3.848649E-012, -8.268830E-013, -3.590871E-011, -1.113190E-012, 2.150400E+004 1.570926E+074 2.150400E+004, Wed Sep 02 17:55:04 2015
0.24, 0.00, 0.00, 0.00 , -2.233203E-011, -1.133120E-012, -3.402190E-011, -1.198600E-012, 2.150400E+004 1.570926E+074 2.150400E+004, Wed Sep 02 17:55:09 2015
0.26, 0.00, 0.00, 0.00 , -3.051873E-011, -1.229810E-012, -3.527978E-011, -1.074370E-012, 2.150400E+004 1.570926E+074 2.150400E+004, Wed Sep 02 17:55:21 2015
0.28, 0.00, 0.00, 0.00 , -3.368367E-011, -2.444620E-013, -3.796324E-011, -6.923790E-013, 2.150400E+004 1.570926E+074 2.150400E+004, Wed Sep 02 17:55:26 2015
0.30, 0.00, 0.00, 0.00 , -2.587678E-011, -1.298840E-012, -3.884373E-011, -1.084980E-012, 2.150400E+004 1.570926E+074 2.150400E+004, Wed Sep 02 17:55:31 2015
0.32, 0.00, 0.00, 0.00 , -2.764917E-011, -1.333190E-012, -3.666345E-011, -1.099250E-012, 2.150400E+004 1.570926E+074 2.150400E+004, Wed Sep 02 17:56:01 2015
0.34, 0.00, 0.00, 0.00 , -2.857754E-011, -1.150500E-012, -4.282701E-011, -1.067100E-012, 2.150400E+004 1.570926E+074 2.150400E+004, Wed Sep 02 17:57:20 2015
0.36, 0.00, 0.00, 0.00 , -2.756477E-011, -1.320220E-012, -3.343490E-011, -1.017890E-012, 2.150400E+004 1.570926E+074 2.150400E+004, Wed Sep 02 17:57:50 2015
0.38, 0.00, 0.00, 0.00 , -3.334608E-011, -1.308860E-012, -3.377034E-011, -1.146410E-012, 2.150400E+004 1.570926E+074 2.150400E+004, Wed Sep 02 17:58:32 2015
0.40, 0.00, 0.00, 0.00 , -2.254303E-011, -1.396720E-012, -3.569908E-011, -1.233390E-012, 2.150400E+004 1.570926E+074 2.150400E+004, Wed Sep 02 17:58:45 2015
0.42, 0.00, 0.00, 0.00 , -2.781795E-011, -1.364620E-012, -3.536365E-011, -1.284680E-012, 2.150400E+004 1.570926E+074 2.150400E+004, Wed Sep 02 17:59:05 2015
0.44, 0.00, 0.00, 0.00 , -2.743818E-011, -1.437130E-012, -3.603451E-011, -1.207660E-012, 2.150400E+004 1.570926E+074 2.150400E+004, Wed Sep 02 17:59:42 2015
0.46, 0.00, 0.00, 0.00 , -2.634098E-011, -1.388530E-012, -3.360262E-011, -1.267680E-012, 2.150400E+004 1.570926E+074 2.150400E+004, Wed Sep 02 18:00:55 2015
0.48, 0.00, 0.00, 0.00 , -2.587680E-011, -1.546410E-012, -3.595065E-011, -1.291020E-012, 2.150400E+004 1.570926E+074 2.150400E+004, Wed Sep 02 18:01:10 2015
0.50, 0.00, 0.00, 0.00 , -8.659400E-012, -1.127100E-012, -3.448314E-011, -1.152500E-012, 2.150400E+004 1.570926E+074 2.150400E+004, Wed Sep 02 18:01:53 2015
0.52, 0.00, 0.00, 0.00 , -7.646605E-012, -1.361170E-012, -4.215615E-011, -1.377440E-012, 2.150400E+004 1.570926E+074 2.150400E+004, Wed Sep 02 18:02:49 2015
0.54, 0.00, 0.00, 0.00 , -2.385122E-011, -1.819150E-012, -3.205125E-011, -1.125570E-012, 2.150400E+004 1.570926E+074 2.150400E+004, Wed Sep 02 18:03:10 2015
0.56, 0.00, 0.00, 0.00 , -9.081393E-012, -1.890370E-012, -3.150618E-011, -1.262520E-012, 2.150400E+004 1.570926E+074 2.150400E+004, Wed Sep 02 18:03:53 2015
0.58, 0.00, 0.00, 0.00 , -2.431541E-011, -1.695810E-012, -3.230282E-011, -1.358750E-012, 2.150400E+004 1.570926E+074 2.150400E+004, Wed Sep 02 18:05:52 2015
0.60, 0.00, 0.00, 0.00 , -2.342922E-011, -1.969970E-012, -4.005971E-011, -1.492600E-012, 2.150400E+004 1.570926E+074 2.150400E+004, Wed Sep 02 18:05:58 2015
0.62, 0.00, 0.00, 0.00 , -9.840986E-012, -1.809140E-012, -3.435734E-011, -1.333170E-012, 2.150400E+004 1.570926E+074 2.150400E+004, Wed Sep 02 18:06:32 2015
0.64, 0.00, 0.00, 0.00 , -2.026427E-011, -1.904570E-012, -3.657959E-011, -1.458110E-012, 2.150400E+004 1.570926E+074 2.150400E+004, Wed Sep 02 18:07:12 2015
0.66, 0.00, 0.00, 0.00 , -2.009548E-011, -1.774200E-012, -3.179967E-011, -1.400540E-012, 2.150400E+004 1.570926E+074 2.150400E+004, Wed Sep 02 18:07:54 2015
0.68, 0.00, 0.00, 0.00 , -1.735253E-011, -2.271470E-012, -3.305755E-011, -1.602550E-012, 2.150400E+004 1.570926E+074 2.150400E+004, Wed Sep 02 18:08:23 2015
0.70, 0.00, 0.00, 0.00 , -2.494840E-011, -2.194420E-012, -3.733431E-011, -1.411470E-012, 2.150400E+004 1.570926E+074 2.150400E+004, Wed Sep 02 18:08:35 2015
0.72, 0.00, 0.00, 0.00 , -2.338702E-011, -2.245860E-012, -3.884376E-011, -1.503460E-012, 2.150400E+004 1.570926E+074 2.150400E+004, Wed Sep 02 18:09:42 2015
0.74, 0.00, 0.00, 0.00 , -7.182419E-012, -2.283720E-012, -3.439929E-011, -1.612200E-012, 2.150400E+004 1.570926E+074 2.150400E+004, Wed Sep 02 18:09:58 2015
0.76, 0.00, 0.00, 0.00 , -1.625533E-011, -2.105270E-012, -4.026936E-011, -1.459620E-012, 2.150400E+004 1.570926E+074 2.150400E+004, Wed Sep 02 18:10:03 2015
0.78, 0.00, 0.00, 0.00 , -2.202878E-012, -2.136470E-012, -3.460893E-011, -1.613040E-012, 2.150400E+004 1.570926E+074 2.150400E+004, Wed Sep 02 18:10:33 2015
0.80, 0.00, 0.00, 0.00 , -2.237426E-011, -2.532200E-012, -3.632802E-011, -1.727770E-012, 2.150400E+004 1.570926E+074 2.150400E+004, Wed Sep 02 18:10:56 2015
0.82, 0.00, 0.00, 0.00 , -8.490612E-012, -2.795770E-012, -3.632801E-011, -1.613700E-012, 2.150400E+004 1.570926E+074 2.150400E+004, Wed Sep 02 18:11:07 2015
0.84, 0.00, 0.00, 0.00 , -2.195228E-011, -2.903260E-012, -3.318334E-011, -1.685290E-012, 2.150400E+004 1.570926E+074 2.150400E+004, Wed Sep 02 18:11:59 2015
0.86, 0.00, 0.00, 0.00 , -9.081410E-012, -2.685480E-012, -3.146425E-011, -1.564810E-012, 2.150400E+004 1.570926E+074 2.150400E+004, Wed Sep 02 18:12:06 2015
0.88, 0.00, 0.00, 0.00 , -9.039208E-012, -2.735460E-012, -3.603452E-011, -1.620110E-012, 2.150400E+004 1.570926E+074 2.150400E+004, Wed Sep 02 18:12:15 2015
0.90, 0.00, 0.00, 0.00 , -2.596125E-011, -2.878370E-012, -3.465087E-011, -1.706910E-012, 2.150400E+004 1.570926E+074 2.150400E+004, Wed Sep 02 18:13:31 2015
0.92, 0.00, 0.00, 0.00 , -8.659434E-012, -3.055760E-012, -3.494437E-011, -1.770090E-012, 2.150400E+004 1.570926E+074 2.150400E+004, Wed Sep 02 18:13:46 2015
0.94, 0.00, 0.00, 0.00 , -2.106609E-011, -2.913680E-012, -3.850835E-011, -1.824820E-012, 2.150400E+004 1.570926E+074 2.150400E+004, Wed Sep 02 18:14:23 2015
0.96, 0.00, 0.00, 0.00 , -1.490496E-011, -2.900560E-012, -3.603453E-011, -1.781880E-012, 2.150400E+004 1.570926E+074 2.150400E+004, Wed Sep 02 18:14:48 2015
0.98, 0.00, 0.00, 0.00 , -2.245868E-011, -3.522830E-012, -3.599261E-011, -1.767500E-012, 2.150400E+004 1.570926E+074 2.150400E+004, Wed Sep 02 18:15:58 2015
1.00, 0.00, 0.00, 0.00 , -2.566585E-011, -3.228130E-012, -3.209320E-011, -1.956950E-012, 2.150400E+004 1.570926E+074 2.150400E+004, Wed Sep 02 18:16:10 2015
1.02, 0.00, 0.00, 0.00 , -1.790112E-011, -3.242670E-012, -3.494438E-011, -1.860580E-012, 2.150400E+004 1.570926E+074 2.150400E+004, Wed Sep 02 18:16:24 2015
1.04, 0.00, 0.00, 0.00 , -2.174131E-011, -3.193200E-012, -3.687313E-011, -1.744440E-012, 2.150400E+004 1.570926E+074 2.150400E+004, Wed Sep 02 18:16:29 2015
1.06, 0.00, 0.00, 0.00 , -1.942032E-011, -3.538910E-012, -3.427351E-011, -1.726280E-012, 2.150400E+004 1.570926E+074 2.150400E+004, Wed Sep 02 18:16:48 2015
1.08, 0.00, 0.00, 0.00 , -8.912628E-012, -3.383950E-012, -4.064676E-011, -1.911590E-012, 2.150400E+004 1.570926E+074 2.150400E+004, Wed Sep 02 18:17:13 2015
1.10, 0.00, 0.00, 0.00 , -6.414997E-013, -3.405960E-012, -3.796329E-011, -1.875450E-012, 2.150400E+004 1.570926E+074 2.150400E+004, Wed Sep 02 18:17:30 2015
1.12, 0.00, 0.00, 0.00 , -9.039231E-012, -3.426900E-012, -4.312057E-011, -1.959070E-012, 2.150400E+004 1.570926E+074 2.150400E+004, Wed Sep 02 18:17:41 2015
1.14, 0.00, 0.00, 0.00 , -1.558016E-011, -3.450780E-012, -3.578298E-011, -1.822610E-012, 2.150400E+004 1.570926E+074 2.150400E+004, Wed Sep 02 18:19:27 2015
1.16, 0.00, 0.00, 0.00 , -1.520037E-011, -3.906330E-012, -3.330915E-011, -1.844670E-012, 2.150400E+004 1.570926E+074 2.150400E+004, Wed Sep 02 18:20:21 2015
1.18, 0.00, 0.00, 0.00 , -7.899832E-012, -3.622040E-012, -3.943082E-011, -2.066090E-012, 2.150400E+004 1.570926E+074 2.150400E+004, Wed Sep 02 18:20:25 2015
1.20, 0.00, 0.00, 0.00 , -9.292423E-012, -3.840790E-012, -3.381231E-011, -1.895520E-012, 2.150400E+004 1.570926E+074 2.150400E+004, Wed Sep 02 18:20:29 2015
1.22, 0.00, 0.00, 0.00 , -1.591777E-011, -4.119960E-012, -3.200936E-011, -1.885580E-012, 2.150400E+004 1.570926E+074 2.150400E+004, Wed Sep 02 18:20:51 2015
1.24, 0.00, 0.00, 0.00 , -1.528477E-011, -3.552480E-012, -3.733437E-011, -1.839820E-012, 2.150400E+004 1.570926E+074 2.150400E+004, Wed Sep 02 18:21:29 2015
1.26, 0.00, 0.00, 0.00 , -1.967354E-011, -4.180040E-012, -3.683123E-011, -2.070510E-012, 2.150400E+004 1.570926E+074 2.150400E+004, Wed Sep 02 18:21:37 2015
1.28, 0.00, 0.00, 0.00 , -9.967623E-012, -4.096370E-012, -3.632807E-011, -1.963650E-012, 2.150400E+004 1.570926E+074 2.150400E+004, Wed Sep 02 18:21:44 2015
1.30, 0.00, 0.00, 0.00 , -9.292424E-012, -4.261290E-012, -3.896961E-011, -1.983480E-012, 2.150400E+004 1.570926E+074 2.150400E+004, Wed Sep 02 18:21:55 2015
1.32, 0.00, 0.00, 0.00 , -7.562241E-012, -4.040070E-012, -3.892767E-011, -2.318860E-012, 2.150400E+004 1.570926E+074 2.150400E+004, Wed Sep 02 18:21:59 2015
1.34, 0.00, 0.00, 0.00 , -5.874252E-012, -4.384220E-012, -3.381231E-011, -2.017620E-012, 2.150400E+004 1.570926E+074 2.150400E+004, Wed Sep 02 18:22:04 2015
1.36, 0.00, 0.00, 0.00 , -6.802644E-012, -4.350110E-012, -3.616036E-011, -2.168970E-012, 2.150400E+004 1.570926E+074 2.150400E+004, Wed Sep 02 18:22:11 2015
1.38, 0.00, 0.00, 0.00 , -2.118486E-012, -4.285100E-012, -3.288988E-011, -2.135630E-012, 2.150400E+004 1.570926E+074 2.150400E+004, Wed Sep 02 18:22:15 2015
1.40, 0.00, 0.00, 0.00 , -1.629756E-011, -4.645690E-012, -3.867612E-011, -2.040480E-012, 2.150400E+004 1.570926E+074 2.150400E+004, Wed Sep 02 18:22:23 2015
1.42, 0.00, 0.00, 0.00 , -9.334617E-012, -4.702740E-012, -3.385423E-011, -2.215780E-012, 2.150400E+004 1.570926E+074 2.150400E+004, Wed Sep 02 18:22:31 2015
1.44, 0.00, 0.00, 0.00 , -8.743828E-012, -4.673900E-012, -3.871804E-011, -2.129510E-012, 2.150400E+004 1.570926E+074 2.150400E+004, Wed Sep 02 18:22:38 2015
1.46, 0.00, 0.00, 0.00 , -6.422853E-012, -4.809220E-012, -3.859225E-011, -2.275570E-012, 2.150400E+004 1.570926E+074 2.150400E+004, Wed Sep 02 18:22:43 2015
1.48, 0.00, 0.00, 0.00 , -3.131278E-012, -4.993640E-012, -3.490248E-011, -2.254000E-012, 2.150400E+004 1.570926E+074 2.150400E+004, Wed Sep 02 18:22:54 2015
1.50, 0.00, 0.00, 0.00 , -5.156863E-012, -5.156790E-012, -4.190467E-011, -2.017120E-012, 2.150400E+004 1.570926E+074 2.150400E+004, Wed Sep 02 18:23:03 2015
1.52, 0.00, 0.00, 0.00 , -4.523864E-012, -5.233730E-012, -3.938892E-011, -2.436900E-012, 2.150400E+004 1.570926E+074 2.150400E+004, Wed Sep 02 18:23:06 2015
1.54, 0.00, 0.00, 0.00 , -7.984230E-012, -4.908560E-012, -3.519599E-011, -2.243360E-012, 2.150400E+004 1.570926E+074 2.150400E+004, Wed Sep 02 18:23:10 2015
1.56, 0.00, 0.00, 0.00 , -4.439467E-012, -5.255740E-012, -3.532178E-011, -2.374080E-012, 2.150400E+004 1.570926E+074 2.150400E+004, Wed Sep 02 18:23:17 2015
1.58, 0.00, 0.00, 0.00 , -5.832052E-012, -5.493880E-012, -3.364459E-011, -2.408930E-012, 2.150400E+004 1.570926E+074 2.150400E+004, Wed Sep 02 18:23:22 2015
1.60, 0.00, 0.00, 0.00 , -8.279632E-012, -5.326320E-012, -3.720858E-011, -2.535740E-012, 2.150400E+004 1.570926E+074 2.150400E+004, Wed Sep 02 18:23:27 2015
1.62, 0.00, 0.00, 0.00 , -8.279635E-012, -5.625820E-012, -3.964049E-011, -2.377400E-012, 2.150400E+004 1.570926E+074 2.150400E+004, Wed Sep 02 18:23:32 2015
1.64, 0.00, 0.00, 0.00 , -8.997034E-012, -5.307130E-012, -3.678929E-011, -2.311500E-012, 2.150400E+004 1.570926E+074 2.150400E+004, Wed Sep 02 18:23:37 2015
1.66, 0.00, 0.00, 0.00 , -8.828218E-012, -5.629910E-012, -3.280601E-011, -2.422310E-012, 2.150400E+004 1.570926E+074 2.150400E+004, Wed Sep 02 18:23:42 2015
1.68, 0.00, 0.00, 0.00 , -9.250222E-012, -5.625200E-012, -3.544756E-011, -2.328420E-012, 2.150400E+004 1.570926E+074 2.150400E+004, Wed Sep 02 18:23:45 2015
1.70, 0.00, 0.00, 0.00 , -2.413887E-012, -5.764340E-012, -3.787946E-011, -2.399170E-012, 2.150400E+004 1.570926E+074 2.150400E+004, Wed Sep 02 18:23:51 2015
1.72, 0.00, 0.00, 0.00 , -9.672214E-012, -5.948900E-012, -3.595071E-011, -2.547220E-012, 2.150400E+004 1.570926E+074 2.150400E+004, Wed Sep 02 18:23:56 2015
1.74, 0.00, 0.00, 0.00 , -9.039223E-012, -5.859800E-012, -3.775367E-011, -2.512760E-012, 2.150400E+004 1.570926E+074 2.150400E+004, Wed Sep 02 18:24:00 2015
1.76, 0.00, 0.00, 0.00 , -5.325662E-012, -6.019700E-012, -3.771174E-011, -2.591490E-012, 2.150400E+004 1.570926E+074 2.150400E+004, Wed Sep 02 18:24:04 2015
1.78, 0.00, 0.00, 0.00 , -5.325657E-012, -5.915730E-012, -3.687316E-011, -2.544550E-012, 2.150400E+004 1.570926E+074 2.150400E+004, Wed Sep 02 18:24:08 2015
1.80, 0.00, 0.00, 0.00 , -4.397268E-012, -5.941770E-012, -3.347687E-011, -2.488060E-012, 2.150400E+004 1.570926E+074 2.150400E+004, Wed Sep 02 18:24:14 2015
1.82, 0.00, 0.00, 0.00 , -5.747652E-012, -6.478450E-012, -3.595071E-011, -2.622650E-012, 2.150400E+004 1.570926E+074 2.150400E+004, Wed Sep 02 18:24:18 2015
1.84, 0.00, 0.00, 0.00 , -5.149026E-013, -6.285480E-012, -3.569914E-011, -2.584790E-012, 2.150400E+004 1.570926E+074 2.150400E+004, Wed Sep 02 18:24:26 2015
1.86, 0.00, 0.00, 0.00 , -4.988061E-012, -6.573140E-012, -3.477670E-011, -2.398230E-012, 2.150400E+004 1.570926E+074 2.150400E+004, Wed Sep 02 18:24:30 2015
1.88, 0.00, 0.00, 0.00 , -5.536656E-012, -6.494010E-012, -3.360268E-011, -2.630560E-012, 2.150400E+004 1.570926E+074 2.150400E+004, Wed Sep 02 18:24:34 2015
1.90, 0.00, 0.00, 0.00 , 7.207198E-012, -6.310760E-012, -3.515406E-011, -2.553390E-012, 2.150400E+004 1.570926E+074 2.150400E+004, Wed Sep 02 18:24:39 2015
1.92, 0.00, 0.00, 0.00 , 7.165001E-012, -6.678200E-012, -3.666352E-011, -2.791210E-012, 2.150400E+004 1.570926E+074 2.150400E+004, Wed Sep 02 18:24:43 2015
1.94, 0.00, 0.00, 0.00 , -1.991888E-012, -6.637860E-012, -3.842453E-011, -2.735830E-012, 2.150400E+004 1.570926E+074 2.150400E+004, Wed Sep 02 18:24:48 2015
1.96, 0.00, 0.00, 0.00 , 4.633231E-012, -6.727920E-012, -3.423162E-011, -2.714550E-012, 2.150400E+004 1.570926E+074 2.150400E+004, Wed Sep 02 18:24:52 2015
1.98, 0.00, 0.00, 0.00 , -2.835879E-012, -6.880180E-012, -3.263831E-011, -2.557050E-012, 2.150400E+004 1.570926E+074 2.150400E+004, Wed Sep 02 18:24:56 2015
2.00, 0.00, 0.00, 0.00 , -6.422847E-012, -6.988370E-012, -4.039520E-011, -2.872290E-012, 2.150400E+004 1.570926E+074 2.150400E+004, Wed Sep 02 18:24:59 2015
