0.00, 0.00, 2.00, 0.00 , 1.154464E-008, -1.137010E-008, 8.949488E-010, 6.197730E-012, 2.150400E+004 1.570926E+074 2.150400E+004, Sun Aug 30 23:49:12 2015
0.05, 0.00, 2.00, 0.00 , 6.277769E-006, -6.283380E-006, 8.809460E-010, 1.893040E-013, 2.150400E+004 1.570926E+074 2.150400E+004, Sun Aug 30 23:49:16 2015
0.10, 0.00, 2.00, 0.00 , 1.224819E-005, -1.226890E-005, 8.788500E-010, -1.505240E-012, 2.150400E+004 1.570926E+074 2.150400E+004, Sun Aug 30 23:49:19 2015
0.15, 0.00, 2.00, 0.00 , 1.785281E-005, -1.786790E-005, 8.827911E-010, -2.020910E-012, 2.150400E+004 1.570926E+074 2.150400E+004, Sun Aug 30 23:49:23 2015
0.20, 0.00, 2.00, 0.00 , 2.308536E-005, -2.309810E-005, 8.824136E-010, -2.277760E-012, 2.150400E+004 1.570926E+074 2.150400E+004, Sun Aug 30 23:49:27 2015
0.25, 0.00, 2.00, 0.00 , 2.789202E-005, -2.792050E-005, 8.861455E-010, -2.311530E-012, 2.150400E+004 1.570926E+074 2.150400E+004, Sun Aug 30 23:49:30 2015
0.30, 0.00, 2.00, 0.00 , 3.245628E-005, -3.243710E-005, 8.915535E-010, -2.313820E-012, 2.150400E+004 1.570926E+074 2.150400E+004, Sun Aug 30 23:49:34 2015
0.35, 0.00, 2.00, 0.00 , 3.640274E-005, -3.645920E-005, 9.027892E-010, -2.300100E-012, 2.150400E+004 1.570926E+074 2.150400E+004, Sun Aug 30 23:49:37 2015
0.40, 0.00, 2.00, 0.00 , 4.016450E-005, -4.018220E-005, 9.100000E-010, -2.296330E-012, 2.150400E+004 1.570926E+074 2.150400E+004, Sun Aug 30 23:49:41 2015
0.45, 0.00, 2.00, 0.00 , 4.337763E-005, -4.355680E-005, 9.235422E-010, -2.221990E-012, 2.150400E+004 1.570926E+074 2.150400E+004, Sun Aug 30 23:49:44 2015
0.50, 0.00, 2.00, 0.00 , 4.646412E-005, -4.646600E-005, 9.226193E-010, -2.150770E-012, 2.150400E+004 1.570926E+074 2.150400E+004, Sun Aug 30 23:49:48 2015
0.55, 0.00, 2.00, 0.00 , 4.921652E-005, -4.918660E-005, 9.323458E-010, -2.199300E-012, 2.150400E+004 1.570926E+074 2.150400E+004, Sun Aug 30 23:49:51 2015
0.60, 0.00, 2.00, 0.00 , 5.139463E-005, -5.137540E-005, 9.421560E-010, -2.141860E-012, 2.150400E+004 1.570926E+074 2.150400E+004, Sun Aug 30 23:49:55 2015
0.65, 0.00, 2.00, 0.00 , 5.320706E-005, -5.325140E-005, 9.511291E-010, -2.196600E-012, 2.150400E+004 1.570926E+074 2.150400E+004, Sun Aug 30 23:49:58 2015
0.70, 0.00, 2.00, 0.00 , 5.493890E-005, -5.497930E-005, 9.506675E-010, -2.232970E-012, 2.150400E+004 1.570926E+074 2.150400E+004, Sun Aug 30 23:50:02 2015
0.75, 0.00, 2.00, 0.00 , 5.652871E-005, -5.653840E-005, 9.522595E-010, -2.281260E-012, 2.150400E+004 1.570926E+074 2.150400E+004, Sun Aug 30 23:50:06 2015
0.80, 0.00, 2.00, 0.00 , 5.769982E-005, -5.779620E-005, 9.630765E-010, -2.352670E-012, 2.150400E+004 1.570926E+074 2.150400E+004, Sun Aug 30 23:50:09 2015
0.85, 0.00, 2.00, 0.00 , 5.869297E-005, -5.866030E-005, 9.752350E-010, -2.264310E-012, 2.150400E+004 1.570926E+074 2.150400E+004, Sun Aug 30 23:50:13 2015
0.90, 0.00, 2.00, 0.00 , 5.975839E-005, -5.968100E-005, 9.786730E-010, -2.347600E-012, 2.150400E+004 1.570926E+074 2.150400E+004, Sun Aug 30 23:50:16 2015
0.95, 0.00, 2.00, 0.00 , 6.052090E-005, -6.055180E-005, 9.868480E-010, -2.314090E-012, 2.150400E+004 1.570926E+074 2.150400E+004, Sun Aug 30 23:50:20 2015
1.00, 0.00, 2.00, 0.00 , 6.109293E-005, -6.111160E-005, 9.889858E-010, -2.357150E-012, 2.150400E+004 1.570926E+074 2.150400E+004, Sun Aug 30 23:50:23 2015
1.05, 0.00, 2.00, 0.00 , 6.172338E-005, -6.173990E-005, 9.943525E-010, -2.369880E-012, 2.150400E+004 1.570926E+074 2.150400E+004, Sun Aug 30 23:50:27 2015
1.10, 0.00, 2.00, 0.00 , 6.248042E-005, -6.240570E-005, 1.006888E-009, -2.421120E-012, 2.150400E+004 1.570926E+074 2.150400E+004, Sun Aug 30 23:50:30 2015
1.15, 0.00, 2.00, 0.00 , 6.290701E-005, -6.297140E-005, 1.011668E-009, -2.414990E-012, 2.150400E+004 1.570926E+074 2.150400E+004, Sun Aug 30 23:50:34 2015
1.20, 0.00, 2.00, 0.00 , 6.325921E-005, -6.321760E-005, 1.025755E-009, -2.417550E-012, 2.150400E+004 1.570926E+074 2.150400E+004, Sun Aug 30 23:50:37 2015
1.25, 0.00, 2.00, 0.00 , 6.381801E-005, -6.384730E-005, 1.035019E-009, -2.386180E-012, 2.150400E+004 1.570926E+074 2.150400E+004, Sun Aug 30 23:50:41 2015
1.30, 0.00, 2.00, 0.00 , 6.444805E-005, -6.439710E-005, 1.043783E-009, -2.527440E-012, 2.150400E+004 1.570926E+074 2.150400E+004, Sun Aug 30 23:50:44 2015
1.35, 0.00, 2.00, 0.00 , 6.480239E-005, -6.482040E-005, 1.052293E-009, -2.572790E-012, 2.150400E+004 1.570926E+074 2.150400E+004, Sun Aug 30 23:50:48 2015
1.40, 0.00, 2.00, 0.00 , 6.517959E-005, -6.515520E-005, 1.056067E-009, -2.814040E-012, 2.150400E+004 1.570926E+074 2.150400E+004, Sun Aug 30 23:50:52 2015
1.45, 0.00, 2.00, 0.00 , 6.578657E-005, -6.575280E-005, 1.066882E-009, -3.216560E-012, 2.150400E+004 1.570926E+074 2.150400E+004, Sun Aug 30 23:50:55 2015
1.50, 0.00, 2.00, 0.00 , 6.607403E-005, -6.603350E-005, 1.084030E-009, -4.271130E-012, 2.150400E+004 1.570926E+074 2.150400E+004, Sun Aug 30 23:50:59 2015
1.55, 0.00, 2.00, 0.00 , 6.650767E-005, -6.644480E-005, 1.098117E-009, -6.407070E-012, 2.150400E+004 1.570926E+074 2.150400E+004, Sun Aug 30 23:51:02 2015
1.60, 0.00, 2.00, 0.00 , 6.676008E-005, -6.687790E-005, 1.111449E-009, -1.053900E-011, 2.150400E+004 1.570926E+074 2.150400E+004, Sun Aug 30 23:51:06 2015
1.65, 0.00, 2.00, 0.00 , 6.705117E-005, -6.692750E-005, 1.114802E-009, -1.825630E-011, 2.150400E+004 1.570926E+074 2.150400E+004, Sun Aug 30 23:51:09 2015
1.70, 0.00, 2.00, 0.00 , 6.763686E-005, -6.759280E-005, 1.122769E-009, -3.253840E-011, 2.150400E+004 1.570926E+074 2.150400E+004, Sun Aug 30 23:51:13 2015
1.75, 0.00, 2.00, 0.00 , 6.812853E-005, -6.810890E-005, 1.127967E-009, -5.902170E-011, 2.150400E+004 1.570926E+074 2.150400E+004, Sun Aug 30 23:51:16 2015
1.80, 0.00, 2.00, 0.00 , 6.841671E-005, -6.848810E-005, 1.129896E-009, -1.014030E-010, 2.150400E+004 1.570926E+074 2.150400E+004, Sun Aug 30 23:51:21 2015
1.85, 0.00, 2.00, 0.00 , 6.878662E-005, -6.867920E-005, 1.137694E-009, -1.733030E-010, 2.150400E+004 1.570926E+074 2.150400E+004, Sun Aug 30 23:51:25 2015
1.90, 0.00, 2.00, 0.00 , 6.906276E-005, -6.908650E-005, 1.143396E-009, -2.916430E-010, 2.150400E+004 1.570926E+074 2.150400E+004, Sun Aug 30 23:51:28 2015
1.95, 0.00, 2.00, 0.00 , 6.956916E-005, -6.950580E-005, 1.147169E-009, -4.713430E-010, 2.150400E+004 1.570926E+074 2.150400E+004, Sun Aug 30 23:51:31 2015
2.00, 0.00, 2.00, 0.00 , 7.002863E-005, -6.997010E-005, 1.147756E-009, -7.515620E-010, 2.150400E+004 1.570926E+074 2.150400E+004, Sun Aug 30 23:51:34 2015
