0.00, 0.00, 2.00, 0.00 , 6.666795E-013, 4.836500E-011, 3.586130E-012, -7.540460E-013, 2.150400E+004 1.570926E+074 2.150400E+004, Wed Sep 02 19:36:29 2015
0.02, 0.00, 2.00, 0.00 , 4.610925E-007, -4.617200E-007, 5.682394E-012, -8.513090E-013, 2.150400E+004 1.570926E+074 2.150400E+004, Wed Sep 02 19:36:36 2015
0.04, 0.00, 2.00, 0.00 , 1.464028E-006, -1.462200E-006, 1.482547E-013, -7.996800E-013, 2.150400E+004 1.570926E+074 2.150400E+004, Wed Sep 02 19:36:39 2015
0.06, 0.00, 2.00, 0.00 , 2.728625E-006, -2.725650E-006, 4.340783E-012, -8.731130E-013, 2.150400E+004 1.570926E+074 2.150400E+004, Wed Sep 02 19:36:43 2015
0.08, 0.00, 2.00, 0.00 , 4.218836E-006, -4.216020E-006, 4.508479E-012, -8.932350E-013, 2.150400E+004 1.570926E+074 2.150400E+004, Wed Sep 02 19:36:47 2015
0.10, 0.00, 2.00, 0.00 , 5.907243E-006, -5.908280E-006, 6.646701E-012, -9.329080E-013, 2.150400E+004 1.570926E+074 2.150400E+004, Wed Sep 02 19:36:50 2015
0.12, 0.00, 2.00, 0.00 , 7.754836E-006, -7.752710E-006, 2.957246E-012, -8.785250E-013, 2.150400E+004 1.570926E+074 2.150400E+004, Wed Sep 02 19:36:54 2015
0.14, 0.00, 2.00, 0.00 , 9.726301E-006, -9.724240E-006, 4.382699E-012, -9.024860E-013, 2.150400E+004 1.570926E+074 2.150400E+004, Wed Sep 02 19:36:57 2015
0.16, 0.00, 2.00, 0.00 , 1.177656E-005, -1.177840E-005, 6.227442E-012, -1.044270E-012, 2.150400E+004 1.570926E+074 2.150400E+004, Wed Sep 02 19:37:01 2015
0.18, 0.00, 2.00, 0.00 , 1.391668E-005, -1.391800E-005, 8.030233E-012, -1.007270E-012, 2.150400E+004 1.570926E+074 2.150400E+004, Wed Sep 02 19:37:05 2015
0.20, 0.00, 2.00, 0.00 , 1.609079E-005, -1.608670E-005, 4.718113E-012, -8.777260E-013, 2.150400E+004 1.570926E+074 2.150400E+004, Wed Sep 02 19:37:08 2015
0.22, 0.00, 2.00, 0.00 , 1.827410E-005, -1.828460E-005, 4.836478E-013, -1.022340E-012, 2.150400E+004 1.570926E+074 2.150400E+004, Wed Sep 02 19:37:12 2015
0.24, 0.00, 2.00, 0.00 , 2.047846E-005, -2.047320E-005, 3.963468E-012, -9.586100E-013, 2.150400E+004 1.570926E+074 2.150400E+004, Wed Sep 02 19:37:15 2015
0.26, 0.00, 2.00, 0.00 , 2.264673E-005, -2.264900E-005, 5.766236E-012, -1.108970E-012, 2.150400E+004 1.570926E+074 2.150400E+004, Wed Sep 02 19:37:19 2015
0.28, 0.00, 2.00, 0.00 , 2.484503E-005, -2.483690E-005, 6.395124E-012, -1.036970E-012, 2.150400E+004 1.570926E+074 2.150400E+004, Wed Sep 02 19:37:22 2015
0.30, 0.00, 2.00, 0.00 , 2.691965E-005, -2.691860E-005, 3.628049E-012, -1.033040E-012, 2.150400E+004 1.570926E+074 2.150400E+004, Wed Sep 02 19:37:26 2015
0.32, 0.00, 2.00, 0.00 , 2.899160E-005, -2.898190E-005, 2.328375E-012, -9.462950E-013, 2.150400E+004 1.570926E+074 2.150400E+004, Wed Sep 02 19:37:29 2015
0.34, 0.00, 2.00, 0.00 , 3.098399E-005, -3.099670E-005, 3.418420E-012, -1.092510E-012, 2.150400E+004 1.570926E+074 2.150400E+004, Wed Sep 02 19:37:33 2015
0.36, 0.00, 2.00, 0.00 , 3.296814E-005, -3.297430E-005, 6.437042E-012, -8.890870E-013, 2.150400E+004 1.570926E+074 2.150400E+004, Wed Sep 02 19:37:36 2015
0.38, 0.00, 2.00, 0.00 , 3.482682E-005, -3.482360E-005, 1.867196E-012, -1.099790E-012, 2.150400E+004 1.570926E+074 2.150400E+004, Wed Sep 02 19:37:40 2015
0.40, 0.00, 2.00, 0.00 , 3.667202E-005, -3.666130E-005, 5.933958E-012, -8.962870E-013, 2.150400E+004 1.570926E+074 2.150400E+004, Wed Sep 02 19:37:44 2015
0.42, 0.00, 2.00, 0.00 , 3.842208E-005, -3.839750E-005, 4.801977E-012, -8.668780E-013, 2.150400E+004 1.570926E+074 2.150400E+004, Wed Sep 02 19:37:47 2015
0.44, 0.00, 2.00, 0.00 , 4.000945E-005, -4.001690E-005, 3.711888E-012, -9.221430E-013, 2.150400E+004 1.570926E+074 2.150400E+004, Wed Sep 02 19:37:51 2015
0.46, 0.00, 2.00, 0.00 , 4.157291E-005, -4.156090E-005, 8.239843E-012, -1.170590E-012, 2.150400E+004 1.570926E+074 2.150400E+004, Wed Sep 02 19:37:54 2015
0.48, 0.00, 2.00, 0.00 , 4.307173E-005, -4.302970E-005, 4.340783E-012, -1.169290E-012, 2.150400E+004 1.570926E+074 2.150400E+004, Wed Sep 02 19:37:58 2015
0.50, 0.00, 2.00, 0.00 , 4.437760E-005, -4.437570E-005, 7.694820E-012, -1.184760E-012, 2.150400E+004 1.570926E+074 2.150400E+004, Wed Sep 02 19:38:01 2015
0.52, 0.00, 2.00, 0.00 , 4.569920E-005, -4.569610E-005, 5.640467E-012, -1.226520E-012, 2.150400E+004 1.570926E+074 2.150400E+004, Wed Sep 02 19:38:05 2015
0.54, 0.00, 2.00, 0.00 , 4.698212E-005, -4.698600E-005, 5.053529E-012, -1.212530E-012, 2.150400E+004 1.570926E+074 2.150400E+004, Wed Sep 02 19:38:08 2015
0.56, 0.00, 2.00, 0.00 , 4.819691E-005, -4.812200E-005, 5.179289E-012, -1.364040E-012, 2.150400E+004 1.570926E+074 2.150400E+004, Wed Sep 02 19:38:12 2015
0.58, 0.00, 2.00, 0.00 , 4.925196E-005, -4.923540E-005, 9.623382E-012, -1.379750E-012, 2.150400E+004 1.570926E+074 2.150400E+004, Wed Sep 02 19:38:15 2015
0.60, 0.00, 2.00, 0.00 , 5.032098E-005, -5.034660E-005, 5.053525E-012, -1.423620E-012, 2.150400E+004 1.570926E+074 2.150400E+004, Wed Sep 02 19:38:19 2015
0.62, 0.00, 2.00, 0.00 , 5.132062E-005, -5.126350E-005, 5.388917E-012, -1.397930E-012, 2.150400E+004 1.570926E+074 2.150400E+004, Wed Sep 02 19:38:23 2015
0.64, 0.00, 2.00, 0.00 , 5.228186E-005, -5.225310E-005, 6.646690E-012, -1.485710E-012, 2.150400E+004 1.570926E+074 2.150400E+004, Wed Sep 02 19:38:26 2015
0.66, 0.00, 2.00, 0.00 , 5.320113E-005, -5.316780E-005, 3.753829E-012, -1.582120E-012, 2.150400E+004 1.570926E+074 2.150400E+004, Wed Sep 02 19:38:30 2015
0.68, 0.00, 2.00, 0.00 , 5.400194E-005, -5.394520E-005, 4.885830E-012, -1.557800E-012, 2.150400E+004 1.570926E+074 2.150400E+004, Wed Sep 02 19:38:33 2015
0.70, 0.00, 2.00, 0.00 , 5.472126E-005, -5.473000E-005, 3.041080E-012, -1.433420E-012, 2.150400E+004 1.570926E+074 2.150400E+004, Wed Sep 02 19:38:37 2015
0.72, 0.00, 2.00, 0.00 , 5.544278E-005, -5.548480E-005, 2.999177E-012, -1.501820E-012, 2.150400E+004 1.570926E+074 2.150400E+004, Wed Sep 02 19:38:40 2015
0.74, 0.00, 2.00, 0.00 , 5.618574E-005, -5.618010E-005, 3.460354E-012, -1.643150E-012, 2.150400E+004 1.570926E+074 2.150400E+004, Wed Sep 02 19:38:44 2015
0.76, 0.00, 2.00, 0.00 , 5.676593E-005, -5.673470E-005, 4.550421E-012, -1.538340E-012, 2.150400E+004 1.570926E+074 2.150400E+004, Wed Sep 02 19:38:47 2015
0.78, 0.00, 2.00, 0.00 , 5.723991E-005, -5.723940E-005, 4.089231E-012, -1.557200E-012, 2.150400E+004 1.570926E+074 2.150400E+004, Wed Sep 02 19:38:51 2015
0.80, 0.00, 2.00, 0.00 , 5.783469E-005, -5.785510E-005, 5.892009E-012, -1.593180E-012, 2.150400E+004 1.570926E+074 2.150400E+004, Wed Sep 02 19:38:55 2015
0.82, 0.00, 2.00, 0.00 , 5.839636E-005, -5.838810E-005, 2.705690E-012, -1.535710E-012, 2.150400E+004 1.570926E+074 2.150400E+004, Wed Sep 02 19:38:58 2015
0.84, 0.00, 2.00, 0.00 , 5.883541E-005, -5.875510E-005, 6.227421E-012, -1.551180E-012, 2.150400E+004 1.570926E+074 2.150400E+004, Wed Sep 02 19:39:02 2015
0.86, 0.00, 2.00, 0.00 , 5.918108E-005, -5.914630E-005, 3.711883E-012, -1.444180E-012, 2.150400E+004 1.570926E+074 2.150400E+004, Wed Sep 02 19:39:05 2015
0.88, 0.00, 2.00, 0.00 , 5.970362E-005, -5.960830E-005, 6.604769E-012, -1.750240E-012, 2.150400E+004 1.570926E+074 2.150400E+004, Wed Sep 02 19:39:09 2015
0.90, 0.00, 2.00, 0.00 , 6.011704E-005, -6.006520E-005, 4.676171E-012, -1.625680E-012, 2.150400E+004 1.570926E+074 2.150400E+004, Wed Sep 02 19:39:12 2015
0.92, 0.00, 2.00, 0.00 , 6.046788E-005, -6.055460E-005, 2.663760E-012, -1.521610E-012, 2.150400E+004 1.570926E+074 2.150400E+004, Wed Sep 02 19:39:16 2015
0.94, 0.00, 2.00, 0.00 , 6.081210E-005, -6.086600E-005, 1.088113E-011, -1.599690E-012, 2.150400E+004 1.570926E+074 2.150400E+004, Wed Sep 02 19:39:19 2015
0.96, 0.00, 2.00, 0.00 , 6.118742E-005, -6.117980E-005, 5.556611E-012, -1.555360E-012, 2.150400E+004 1.570926E+074 2.150400E+004, Wed Sep 02 19:39:23 2015
0.98, 0.00, 2.00, 0.00 , 6.155562E-005, -6.153500E-005, 6.059726E-012, -1.756110E-012, 2.150400E+004 1.570926E+074 2.150400E+004, Wed Sep 02 19:39:26 2015
1.00, 0.00, 2.00, 0.00 , 6.187279E-005, -6.187900E-005, 2.286431E-012, -1.719810E-012, 2.150400E+004 1.570926E+074 2.150400E+004, Wed Sep 02 19:39:30 2015
1.02, 0.00, 2.00, 0.00 , 6.227933E-005, -6.224210E-005, -1.946186E-014, -1.776050E-012, 2.150400E+004 1.570926E+074 2.150400E+004, Wed Sep 02 19:39:34 2015
1.04, 0.00, 2.00, 0.00 , 6.262840E-005, -6.260580E-005, 6.269336E-012, -1.815460E-012, 2.150400E+004 1.570926E+074 2.150400E+004, Wed Sep 02 19:39:37 2015
1.06, 0.00, 2.00, 0.00 , 6.301275E-005, -6.294080E-005, 2.160647E-012, -1.758250E-012, 2.150400E+004 1.570926E+074 2.150400E+004, Wed Sep 02 19:39:41 2015
1.08, 0.00, 2.00, 0.00 , 6.327454E-005, -6.339170E-005, 4.634248E-012, -1.696060E-012, 2.150400E+004 1.570926E+074 2.150400E+004, Wed Sep 02 19:39:44 2015
1.10, 0.00, 2.00, 0.00 , 6.370473E-005, -6.348370E-005, 4.634263E-012, -1.871820E-012, 2.150400E+004 1.570926E+074 2.150400E+004, Wed Sep 02 19:39:48 2015
1.12, 0.00, 2.00, 0.00 , 6.422913E-005, -6.417050E-005, 5.556600E-012, -2.023450E-012, 2.150400E+004 1.570926E+074 2.150400E+004, Wed Sep 02 19:39:51 2015
1.14, 0.00, 2.00, 0.00 , 6.437075E-005, -6.431940E-005, 8.994496E-012, -1.925270E-012, 2.150400E+004 1.570926E+074 2.150400E+004, Wed Sep 02 19:39:55 2015
1.16, 0.00, 2.00, 0.00 , 6.476786E-005, -6.474720E-005, 5.095434E-012, -1.940010E-012, 2.150400E+004 1.570926E+074 2.150400E+004, Wed Sep 02 19:39:58 2015
1.18, 0.00, 2.00, 0.00 , 6.486979E-005, -6.501060E-005, 3.292660E-012, -2.001460E-012, 2.150400E+004 1.570926E+074 2.150400E+004, Wed Sep 02 19:40:02 2015
1.20, 0.00, 2.00, 0.00 , 6.538143E-005, -6.528870E-005, 6.101643E-012, -1.969280E-012, 2.150400E+004 1.570926E+074 2.150400E+004, Wed Sep 02 19:40:06 2015
1.22, 0.00, 2.00, 0.00 , 6.568500E-005, -6.565710E-005, 1.992956E-012, -2.043550E-012, 2.150400E+004 1.570926E+074 2.150400E+004, Wed Sep 02 19:40:09 2015
1.24, 0.00, 2.00, 0.00 , 6.582910E-005, -6.589520E-005, 4.676183E-012, -1.907440E-012, 2.150400E+004 1.570926E+074 2.150400E+004, Wed Sep 02 19:40:13 2015
1.26, 0.00, 2.00, 0.00 , 6.632796E-005, -6.628970E-005, 5.472763E-012, -1.961030E-012, 2.150400E+004 1.570926E+074 2.150400E+004, Wed Sep 02 19:40:16 2015
1.28, 0.00, 2.00, 0.00 , 6.659095E-005, -6.656090E-005, 6.269332E-012, -2.120070E-012, 2.150400E+004 1.570926E+074 2.150400E+004, Wed Sep 02 19:40:20 2015
1.30, 0.00, 2.00, 0.00 , 6.694171E-005, -6.690150E-005, 5.011580E-012, -2.017940E-012, 2.150400E+004 1.570926E+074 2.150400E+004, Wed Sep 02 19:40:23 2015
1.32, 0.00, 2.00, 0.00 , 6.727380E-005, -6.725910E-005, 4.005364E-012, -1.980710E-012, 2.150400E+004 1.570926E+074 2.150400E+004, Wed Sep 02 19:40:27 2015
1.34, 0.00, 2.00, 0.00 , 6.772635E-005, -6.769390E-005, 5.430829E-012, -2.031160E-012, 2.150400E+004 1.570926E+074 2.150400E+004, Wed Sep 02 19:40:30 2015
1.36, 0.00, 2.00, 0.00 , 6.799054E-005, -6.797160E-005, 3.208786E-012, -2.035390E-012, 2.150400E+004 1.570926E+074 2.150400E+004, Wed Sep 02 19:40:34 2015
1.38, 0.00, 2.00, 0.00 , 6.833750E-005, -6.830260E-005, 4.760048E-012, -2.073850E-012, 2.150400E+004 1.570926E+074 2.150400E+004, Wed Sep 02 19:40:37 2015
1.40, 0.00, 2.00, 0.00 , 6.855484E-005, -6.867130E-005, 3.292646E-012, -2.253890E-012, 2.150400E+004 1.570926E+074 2.150400E+004, Wed Sep 02 19:40:41 2015
1.42, 0.00, 2.00, 0.00 , 6.888623E-005, -6.883300E-005, 3.628030E-012, -2.141550E-012, 2.150400E+004 1.570926E+074 2.150400E+004, Wed Sep 02 19:40:45 2015
1.44, 0.00, 2.00, 0.00 , 6.911709E-005, -6.913030E-005, 2.831454E-012, -2.287730E-012, 2.150400E+004 1.570926E+074 2.150400E+004, Wed Sep 02 19:40:48 2015
1.46, 0.00, 2.00, 0.00 , 6.956310E-005, -6.960690E-005, 1.322158E-012, -2.453390E-012, 2.150400E+004 1.570926E+074 2.150400E+004, Wed Sep 02 19:40:52 2015
1.48, 0.00, 2.00, 0.00 , 6.983773E-005, -6.980090E-005, 6.353178E-012, -2.419020E-012, 2.150400E+004 1.570926E+074 2.150400E+004, Wed Sep 02 19:40:55 2015
1.50, 0.00, 2.00, 0.00 , 7.007283E-005, -6.998950E-005, 4.382699E-012, -2.526320E-012, 2.150400E+004 1.570926E+074 2.150400E+004, Wed Sep 02 19:40:59 2015
1.52, 0.00, 2.00, 0.00 , 7.041512E-005, -7.034460E-005, 6.353171E-012, -2.770260E-012, 2.150400E+004 1.570926E+074 2.150400E+004, Wed Sep 02 19:41:02 2015
1.54, 0.00, 2.00, 0.00 , 7.073182E-005, -7.070370E-005, 6.772419E-012, -2.908720E-012, 2.150400E+004 1.570926E+074 2.150400E+004, Wed Sep 02 19:41:06 2015
1.56, 0.00, 2.00, 0.00 , 7.106347E-005, -7.106940E-005, 4.298851E-012, -3.273770E-012, 2.150400E+004 1.570926E+074 2.150400E+004, Wed Sep 02 19:41:09 2015
1.58, 0.00, 2.00, 0.00 , 7.152663E-005, -7.140590E-005, 6.730509E-012, -3.744410E-012, 2.150400E+004 1.570926E+074 2.150400E+004, Wed Sep 02 19:41:13 2015
1.60, 0.00, 2.00, 0.00 , 7.156653E-005, -7.156990E-005, 1.447906E-012, -4.191890E-012, 2.150400E+004 1.570926E+074 2.150400E+004, Wed Sep 02 19:41:17 2015
1.62, 0.00, 2.00, 0.00 , 7.198432E-005, -7.195280E-005, 5.388918E-012, -4.917810E-012, 2.150400E+004 1.570926E+074 2.150400E+004, Wed Sep 02 19:41:20 2015
1.64, 0.00, 2.00, 0.00 , 7.219733E-005, -7.226000E-005, 4.089208E-012, -5.810500E-012, 2.150400E+004 1.570926E+074 2.150400E+004, Wed Sep 02 19:41:24 2015
1.66, 0.00, 2.00, 0.00 , 7.261133E-005, -7.258080E-005, 3.711875E-012, -7.022540E-012, 2.150400E+004 1.570926E+074 2.150400E+004, Wed Sep 02 19:41:27 2015
1.68, 0.00, 2.00, 0.00 , 7.276345E-005, -7.271190E-005, 4.801970E-012, -8.644500E-012, 2.150400E+004 1.570926E+074 2.150400E+004, Wed Sep 02 19:41:31 2015
1.70, 0.00, 2.00, 0.00 , 7.321884E-005, -7.321100E-005, 4.634248E-012, -1.048670E-011, 2.150400E+004 1.570926E+074 2.150400E+004, Wed Sep 02 19:41:34 2015
1.72, 0.00, 2.00, 0.00 , 7.335424E-005, -7.351840E-005, 4.969651E-012, -1.360860E-011, 2.150400E+004 1.570926E+074 2.150400E+004, Wed Sep 02 19:41:38 2015
1.74, 0.00, 2.00, 0.00 , 7.354759E-005, -7.362240E-005, 1.657551E-012, -1.699160E-011, 2.150400E+004 1.570926E+074 2.150400E+004, Wed Sep 02 19:41:41 2015
1.76, 0.00, 2.00, 0.00 , 7.392850E-005, -7.392460E-005, 8.609623E-013, -2.182290E-011, 2.150400E+004 1.570926E+074 2.150400E+004, Wed Sep 02 19:41:45 2015
1.78, 0.00, 2.00, 0.00 , 7.421601E-005, -7.429630E-005, 3.837659E-012, -2.854880E-011, 2.150400E+004 1.570926E+074 2.150400E+004, Wed Sep 02 19:41:48 2015
1.80, 0.00, 2.00, 0.00 , 7.452555E-005, -7.440110E-005, 3.669971E-012, -3.632540E-011, 2.150400E+004 1.570926E+074 2.150400E+004, Wed Sep 02 19:41:52 2015
1.82, 0.00, 2.00, 0.00 , 7.471910E-005, -7.456940E-005, 1.951014E-012, -4.705980E-011, 2.150400E+004 1.570926E+074 2.150400E+004, Wed Sep 02 19:41:56 2015
1.84, 0.00, 2.00, 0.00 , 7.502958E-005, -7.510270E-005, 6.730519E-012, -6.000420E-011, 2.150400E+004 1.570926E+074 2.150400E+004, Wed Sep 02 19:41:59 2015
1.86, 0.00, 2.00, 0.00 , 7.531110E-005, -7.530240E-005, 3.544182E-012, -7.735750E-011, 2.150400E+004 1.570926E+074 2.150400E+004, Wed Sep 02 19:42:03 2015
1.88, 0.00, 2.00, 0.00 , 7.555917E-005, -7.562520E-005, 6.311236E-012, -9.839420E-011, 2.150400E+004 1.570926E+074 2.150400E+004, Wed Sep 02 19:42:06 2015
1.90, 0.00, 2.00, 0.00 , 7.572382E-005, -7.577980E-005, 3.250717E-012, -1.255600E-010, 2.150400E+004 1.570926E+074 2.150400E+004, Wed Sep 02 19:42:11 2015
1.92, 0.00, 2.00, 0.00 , 7.623393E-005, -7.612760E-005, 6.353182E-012, -1.591200E-010, 2.150400E+004 1.570926E+074 2.150400E+004, Wed Sep 02 19:42:14 2015
1.94, 0.00, 2.00, 0.00 , 7.652032E-005, -7.674000E-005, 5.053496E-012, -2.000640E-010, 2.150400E+004 1.570926E+074 2.150400E+004, Wed Sep 02 19:42:18 2015
1.96, 0.00, 2.00, 0.00 , 7.691799E-005, -7.682310E-005, 5.808154E-012, -2.496880E-010, 2.150400E+004 1.570926E+074 2.150400E+004, Wed Sep 02 19:42:21 2015
1.98, 0.00, 2.00, 0.00 , 7.712858E-005, -7.717880E-005, 2.957247E-012, -3.113170E-010, 2.150400E+004 1.570926E+074 2.150400E+004, Wed Sep 02 19:42:24 2015
2.00, 0.00, 2.00, 0.00 , 7.743975E-005, -7.740890E-005, 3.334562E-012, -3.834530E-010, 2.150400E+004 1.570926E+074 2.150400E+004, Wed Sep 02 19:42:27 2015
