0.00, 0.00, 0.80, 0.00 , -8.997405E-010, 8.412410E-010, 9.371365E-012, -1.354290E-012, 2.150400E+004 1.570926E+074 2.150400E+004, Sun Aug 30 23:40:47 2015
0.05, 0.00, 0.80, 0.00 , -3.201323E-010, 2.782850E-010, 1.243189E-011, -1.621820E-012, 2.150400E+004 1.570926E+074 2.150400E+004, Sun Aug 30 23:40:51 2015
0.10, 0.00, 0.80, 0.00 , -9.461133E-012, -4.119300E-011, 9.077888E-012, -1.149620E-012, 2.150400E+004 1.570926E+074 2.150400E+004, Sun Aug 30 23:41:05 2015
0.15, 0.00, 0.80, 0.00 , 2.147687E-010, -2.513220E-010, 2.579532E-012, -1.096580E-012, 2.150400E+004 1.570926E+074 2.150400E+004, Sun Aug 30 23:41:16 2015
0.20, 0.00, 0.80, 0.00 , 4.062111E-010, -4.346680E-010, 2.118370E-012, -1.304260E-012, 2.150400E+004 1.570926E+074 2.150400E+004, Sun Aug 30 23:41:21 2015
0.25, 0.00, 0.80, 0.00 , 5.744880E-010, -5.894570E-010, 1.479008E-013, -1.425790E-012, 2.150400E+004 1.570926E+074 2.150400E+004, Sun Aug 30 23:41:26 2015
0.30, 0.00, 0.80, 0.00 , 7.292618E-010, -7.428730E-010, 5.671574E-013, -1.373780E-012, 2.150400E+004 1.570926E+074 2.150400E+004, Sun Aug 30 23:41:31 2015
0.35, 0.00, 0.80, 0.00 , 8.539934E-010, -8.800030E-010, 2.579560E-012, -1.456060E-012, 2.150400E+004 1.570926E+074 2.150400E+004, Sun Aug 30 23:41:38 2015
0.40, 0.00, 0.80, 0.00 , 1.008050E-009, -1.015050E-009, 6.562400E-012, -1.418730E-012, 2.150400E+004 1.570926E+074 2.150400E+004, Sun Aug 30 23:41:43 2015
0.45, 0.00, 0.80, 0.00 , 1.124131E-009, -1.133390E-009, 5.556198E-012, -1.400100E-012, 2.150400E+004 1.570926E+074 2.150400E+004, Sun Aug 30 23:41:50 2015
0.50, 0.00, 0.80, 0.00 , 1.265571E-009, -1.272200E-009, 5.556215E-012, -1.595080E-012, 2.150400E+004 1.570926E+074 2.150400E+004, Sun Aug 30 23:41:55 2015
0.55, 0.00, 0.80, 0.00 , 1.403341E-009, -1.387020E-009, 3.837300E-012, -1.782700E-012, 2.150400E+004 1.570926E+074 2.150400E+004, Sun Aug 30 23:41:59 2015
0.60, 0.00, 0.80, 0.00 , 1.492965E-009, -1.503040E-009, 1.028330E-012, -1.755070E-012, 2.150400E+004 1.570926E+074 2.150400E+004, Sun Aug 30 23:42:03 2015
0.65, 0.00, 0.80, 0.00 , 1.556638E-009, -1.556440E-009, -1.571011E-012, -1.451190E-012, 2.150400E+004 1.570926E+074 2.150400E+004, Sun Aug 30 23:42:15 2015
0.70, 0.00, 0.80, 0.00 , 1.700525E-009, -1.692910E-009, -3.583410E-012, -1.896790E-012, 2.150400E+004 1.570926E+074 2.150400E+004, Sun Aug 30 23:42:18 2015
0.75, 0.00, 0.80, 0.00 , 1.794540E-009, -1.818100E-009, -3.331854E-012, -2.147950E-012, 2.150400E+004 1.570926E+074 2.150400E+004, Sun Aug 30 23:42:22 2015
0.80, 0.00, 0.80, 0.00 , 1.923025E-009, -1.913070E-009, -3.583411E-012, -2.137540E-012, 2.150400E+004 1.570926E+074 2.150400E+004, Sun Aug 30 23:42:26 2015
0.85, 0.00, 0.80, 0.00 , 2.029146E-009, -2.015930E-009, -2.661055E-012, -2.038300E-012, 2.150400E+004 1.570926E+074 2.150400E+004, Sun Aug 30 23:42:30 2015
0.90, 0.00, 0.80, 0.00 , 2.156537E-009, -2.135680E-009, -2.619141E-012, -2.183740E-012, 2.150400E+004 1.570926E+074 2.150400E+004, Sun Aug 30 23:42:34 2015
0.95, 0.00, 0.80, 0.00 , 2.247256E-009, -2.235660E-009, -1.875080E-013, -2.312770E-012, 2.150400E+004 1.570926E+074 2.150400E+004, Sun Aug 30 23:42:38 2015
1.00, 0.00, 0.80, 0.00 , 2.365490E-009, -2.351480E-009, 9.444424E-013, -2.329520E-012, 2.150400E+004 1.570926E+074 2.150400E+004, Sun Aug 30 23:42:41 2015
1.05, 0.00, 0.80, 0.00 , 2.459588E-009, -2.448540E-009, 2.789149E-012, -2.412130E-012, 2.150400E+004 1.570926E+074 2.150400E+004, Sun Aug 30 23:42:45 2015
1.10, 0.00, 0.80, 0.00 , 2.530855E-009, -2.522160E-009, 3.376096E-012, -2.512800E-012, 2.150400E+004 1.570926E+074 2.150400E+004, Sun Aug 30 23:42:49 2015
1.15, 0.00, 0.80, 0.00 , 2.632380E-009, -2.610710E-009, 3.501874E-012, -2.188120E-012, 2.150400E+004 1.570926E+074 2.150400E+004, Sun Aug 30 23:42:56 2015
1.20, 0.00, 0.80, 0.00 , 2.739006E-009, -2.714350E-009, 1.992592E-012, -2.555690E-012, 2.150400E+004 1.570926E+074 2.150400E+004, Sun Aug 30 23:42:59 2015
1.25, 0.00, 0.80, 0.00 , 2.856482E-009, -2.825200E-009, 1.908742E-012, -2.662120E-012, 2.150400E+004 1.570926E+074 2.150400E+004, Sun Aug 30 23:43:03 2015
1.30, 0.00, 0.80, 0.00 , 2.946018E-009, -2.929000E-009, 5.671470E-013, -2.726640E-012, 2.150400E+004 1.570926E+074 2.150400E+004, Sun Aug 30 23:43:06 2015
1.35, 0.00, 0.80, 0.00 , 3.064129E-009, -3.032660E-009, 9.864071E-013, -2.521750E-012, 2.150400E+004 1.570926E+074 2.150400E+004, Sun Aug 30 23:43:12 2015
1.40, 0.00, 0.80, 0.00 , 3.202574E-009, -3.184710E-009, -1.445248E-012, -2.768440E-012, 2.150400E+004 1.570926E+074 2.150400E+004, Sun Aug 30 23:43:16 2015
1.45, 0.00, 0.80, 0.00 , 3.298819E-009, -3.277680E-009, -2.577201E-012, -2.980180E-012, 2.150400E+004 1.570926E+074 2.150400E+004, Sun Aug 30 23:43:20 2015
1.50, 0.00, 0.80, 0.00 , 3.436294E-009, -3.393810E-009, -3.793027E-012, -3.132460E-012, 2.150400E+004 1.570926E+074 2.150400E+004, Sun Aug 30 23:43:23 2015
1.55, 0.00, 0.80, 0.00 , 3.570012E-009, -3.526710E-009, -3.331861E-012, -3.349860E-012, 2.150400E+004 1.570926E+074 2.150400E+004, Sun Aug 30 23:43:27 2015
1.60, 0.00, 0.80, 0.00 , 3.683479E-009, -3.663970E-009, -3.457632E-012, -3.490720E-012, 2.150400E+004 1.570926E+074 2.150400E+004, Sun Aug 30 23:43:30 2015
1.65, 0.00, 0.80, 0.00 , 3.766770E-009, -3.741680E-009, -4.086499E-012, -3.766140E-012, 2.150400E+004 1.570926E+074 2.150400E+004, Sun Aug 30 23:43:34 2015
1.70, 0.00, 0.80, 0.00 , 3.895763E-009, -3.861460E-009, -4.212269E-012, -4.099370E-012, 2.150400E+004 1.570926E+074 2.150400E+004, Sun Aug 30 23:43:38 2015
1.75, 0.00, 0.80, 0.00 , 3.953532E-009, -3.913380E-009, -4.044570E-012, -4.322680E-012, 2.150400E+004 1.570926E+074 2.150400E+004, Sun Aug 30 23:43:42 2015
1.80, 0.00, 0.80, 0.00 , 4.096701E-009, -4.016720E-009, -5.134618E-012, -4.874000E-012, 2.150400E+004 1.570926E+074 2.150400E+004, Sun Aug 30 23:43:46 2015
1.85, 0.00, 0.80, 0.00 , 4.218395E-009, -4.203160E-009, -3.080305E-012, -5.407990E-012, 2.150400E+004 1.570926E+074 2.150400E+004, Sun Aug 30 23:43:50 2015
1.90, 0.00, 0.80, 0.00 , 4.350044E-009, -4.284950E-009, -4.463827E-012, -6.165500E-012, 2.150400E+004 1.570926E+074 2.150400E+004, Sun Aug 30 23:43:53 2015
1.95, 0.00, 0.80, 0.00 , 4.457055E-009, -4.363260E-009, -9.421387E-013, -6.675640E-012, 2.150400E+004 1.570926E+074 2.150400E+004, Sun Aug 30 23:43:58 2015
2.00, 0.00, 0.80, 0.00 , 4.510435E-009, -4.452800E-009, -4.809469E-013, -7.500630E-012, 2.150400E+004 1.570926E+074 2.150400E+004, Sun Aug 30 23:44:03 2015
