1.80, 0.00, 0.00, 0.00 , 1.705889E-009, -1.620010E-009, -5.021185E-010, -1.666380E-012, 2.150400E+004 1.570926E+074 2.150400E+004, Sun Aug 30 23:07:01 2015
1.80, 0.00, 0.02, 0.00 , 1.667955E-009, -1.603500E-009, -4.069391E-010, -8.005620E-013, 2.150400E+004 1.570926E+074 2.150400E+004, Sun Aug 30 23:07:05 2015
1.80, 0.00, 0.04, 0.00 , 1.659937E-009, -1.600750E-009, -3.393914E-010, -8.783580E-013, 2.150400E+004 1.570926E+074 2.150400E+004, Sun Aug 30 23:07:08 2015
1.80, 0.00, 0.06, 0.00 , 1.657954E-009, -1.612260E-009, -2.813196E-010, -1.143430E-012, 2.150400E+004 1.570926E+074 2.150400E+004, Sun Aug 30 23:07:12 2015
1.80, 0.00, 0.08, 0.00 , 1.642090E-009, -1.596140E-009, -2.339817E-010, -1.094500E-012, 2.150400E+004 1.570926E+074 2.150400E+004, Sun Aug 30 23:07:16 2015
1.80, 0.00, 0.10, 0.00 , 1.652722E-009, -1.609220E-009, -2.005223E-010, -1.254400E-012, 2.150400E+004 1.570926E+074 2.150400E+004, Sun Aug 30 23:07:19 2015
1.80, 0.00, 0.12, 0.00 , 1.636180E-009, -1.596380E-009, -1.703334E-010, -1.528220E-012, 2.150400E+004 1.570926E+074 2.150400E+004, Sun Aug 30 23:07:23 2015
1.80, 0.00, 0.14, 0.00 , 1.640991E-009, -1.602680E-009, -1.483206E-010, -1.716150E-012, 2.150400E+004 1.570926E+074 2.150400E+004, Sun Aug 30 23:07:27 2015
1.80, 0.00, 0.16, 0.00 , 1.627364E-009, -1.592620E-009, -1.295783E-010, -1.961080E-012, 2.150400E+004 1.570926E+074 2.150400E+004, Sun Aug 30 23:07:30 2015
1.80, 0.00, 0.18, 0.00 , 1.646815E-009, -1.603290E-009, -1.131420E-010, -2.220560E-012, 2.150400E+004 1.570926E+074 2.150400E+004, Sun Aug 30 23:07:34 2015
1.80, 0.00, 0.20, 0.00 , 1.622973E-009, -1.599430E-009, -9.842500E-011, -2.362330E-012, 2.150400E+004 1.570926E+074 2.150400E+004, Sun Aug 30 23:07:38 2015
1.80, 0.00, 0.22, 0.00 , 1.632890E-009, -1.595880E-009, -8.517539E-011, -2.463650E-012, 2.150400E+004 1.570926E+074 2.150400E+004, Sun Aug 30 23:07:41 2015
1.80, 0.00, 0.24, 0.00 , 1.625506E-009, -1.592020E-009, -7.171613E-011, -2.493240E-012, 2.150400E+004 1.570926E+074 2.150400E+004, Sun Aug 30 23:07:45 2015
1.80, 0.00, 0.26, 0.00 , 1.615759E-009, -1.583310E-009, -6.358191E-011, -2.635000E-012, 2.150400E+004 1.570926E+074 2.150400E+004, Sun Aug 30 23:07:48 2015
1.80, 0.00, 0.28, 0.00 , 1.625042E-009, -1.593210E-009, -5.280613E-011, -2.646470E-012, 2.150400E+004 1.570926E+074 2.150400E+004, Sun Aug 30 23:07:52 2015
1.80, 0.00, 0.30, 0.00 , 1.598964E-009, -1.569940E-009, -4.525891E-011, -2.650570E-012, 2.150400E+004 1.570926E+074 2.150400E+004, Sun Aug 30 23:07:56 2015
1.80, 0.00, 0.32, 0.00 , 1.591496E-009, -1.560650E-009, -3.716659E-011, -2.754040E-012, 2.150400E+004 1.570926E+074 2.150400E+004, Sun Aug 30 23:07:59 2015
1.80, 0.00, 0.34, 0.00 , 1.579849E-009, -1.550870E-009, -3.121267E-011, -2.769890E-012, 2.150400E+004 1.570926E+074 2.150400E+004, Sun Aug 30 23:08:03 2015
1.80, 0.00, 0.36, 0.00 , 1.568331E-009, -1.542420E-009, -2.358158E-011, -2.724310E-012, 2.150400E+004 1.570926E+074 2.150400E+004, Sun Aug 30 23:08:07 2015
1.80, 0.00, 0.38, 0.00 , 1.560186E-009, -1.531430E-009, -2.060486E-011, -2.862350E-012, 2.150400E+004 1.570926E+074 2.150400E+004, Sun Aug 30 23:08:10 2015
1.80, 0.00, 0.40, 0.00 , 1.558836E-009, -1.530010E-009, -1.414843E-011, -2.879150E-012, 2.150400E+004 1.570926E+074 2.150400E+004, Sun Aug 30 23:08:14 2015
1.80, 0.00, 0.42, 0.00 , 1.556557E-009, -1.531560E-009, -1.439998E-011, -2.937010E-012, 2.150400E+004 1.570926E+074 2.150400E+004, Sun Aug 30 23:08:18 2015
1.80, 0.00, 0.44, 0.00 , 1.552254E-009, -1.525220E-009, -5.973078E-012, -2.983570E-012, 2.150400E+004 1.570926E+074 2.150400E+004, Sun Aug 30 23:08:21 2015
1.80, 0.00, 0.46, 0.00 , 1.586938E-009, -1.558390E-009, 6.929683E-013, -3.007940E-012, 2.150400E+004 1.570926E+074 2.150400E+004, Sun Aug 30 23:08:25 2015
1.80, 0.00, 0.48, 0.00 , 1.566937E-009, -1.541640E-009, 2.118418E-012, -3.022670E-012, 2.150400E+004 1.570926E+074 2.150400E+004, Sun Aug 30 23:08:28 2015
1.80, 0.00, 0.50, 0.00 , 1.570144E-009, -1.540330E-009, 9.832607E-012, -2.971570E-012, 2.150400E+004 1.570926E+074 2.150400E+004, Sun Aug 30 23:08:32 2015
1.80, 0.00, 0.52, 0.00 , 1.559007E-009, -1.526940E-009, 1.142575E-011, -2.978930E-012, 2.150400E+004 1.570926E+074 2.150400E+004, Sun Aug 30 23:08:36 2015
1.80, 0.00, 0.54, 0.00 , 1.572930E-009, -1.560040E-009, 1.616327E-011, -2.988180E-012, 2.150400E+004 1.570926E+074 2.150400E+004, Sun Aug 30 23:08:39 2015
1.80, 0.00, 0.56, 0.00 , 1.594786E-009, -1.564480E-009, 1.834335E-011, -3.054850E-012, 2.150400E+004 1.570926E+074 2.150400E+004, Sun Aug 30 23:08:43 2015
1.80, 0.00, 0.58, 0.00 , 1.600652E-009, -1.574720E-009, 1.452818E-011, -2.913060E-012, 2.150400E+004 1.570926E+074 2.150400E+004, Sun Aug 30 23:08:49 2015
1.80, 0.00, 0.60, 0.00 , 1.591624E-009, -1.569400E-009, -5.647583E-013, -2.921080E-012, 2.150400E+004 1.570926E+074 2.150400E+004, Sun Aug 30 23:08:52 2015
1.80, 0.00, 0.62, 0.00 , 1.627784E-009, -1.590960E-009, 1.092265E-011, -3.006280E-012, 2.150400E+004 1.570926E+074 2.150400E+004, Sun Aug 30 23:08:56 2015
1.80, 0.00, 0.64, 0.00 , 1.641877E-009, -1.614830E-009, 1.746293E-011, -3.052570E-012, 2.150400E+004 1.570926E+074 2.150400E+004, Sun Aug 30 23:09:00 2015
1.80, 0.00, 0.66, 0.00 , 1.679981E-009, -1.658410E-009, 2.429670E-011, -3.142510E-012, 2.150400E+004 1.570926E+074 2.150400E+004, Sun Aug 30 23:09:03 2015
1.80, 0.00, 0.68, 0.00 , 1.760027E-009, -1.764390E-009, 2.890843E-011, -3.175390E-012, 2.150400E+004 1.570926E+074 2.150400E+004, Sun Aug 30 23:09:07 2015
1.80, 0.00, 0.70, 0.00 , 1.943833E-009, -1.904000E-009, 3.255591E-011, -3.081810E-012, 2.150400E+004 1.570926E+074 2.150400E+004, Sun Aug 30 23:09:12 2015
1.80, 0.00, 0.72, 0.00 , 2.144937E-009, -2.130300E-009, 3.817379E-011, -3.264880E-012, 2.150400E+004 1.570926E+074 2.150400E+004, Sun Aug 30 23:09:15 2015
1.80, 0.00, 0.74, 0.00 , 2.458707E-009, -2.419600E-009, 3.943158E-011, -3.525380E-012, 2.150400E+004 1.570926E+074 2.150400E+004, Sun Aug 30 23:09:20 2015
1.80, 0.00, 0.76, 0.00 , 2.935100E-009, -2.910860E-009, 4.475601E-011, -3.843500E-012, 2.150400E+004 1.570926E+074 2.150400E+004, Sun Aug 30 23:09:24 2015
1.80, 0.00, 0.78, 0.00 , 3.745643E-009, -3.727220E-009, 4.945163E-011, -4.275820E-012, 2.150400E+004 1.570926E+074 2.150400E+004, Sun Aug 30 23:09:27 2015
1.80, 0.00, 0.80, 0.00 , 5.096796E-009, -4.984540E-009, 5.683047E-011, -4.911220E-012, 2.150400E+004 1.570926E+074 2.150400E+004, Sun Aug 30 23:09:31 2015
1.80, 0.00, 0.82, 0.00 , 7.071870E-009, -7.118930E-009, 5.989094E-011, -5.786880E-012, 2.150400E+004 1.570926E+074 2.150400E+004, Sun Aug 30 23:09:35 2015
1.80, 0.00, 0.84, 0.00 , 1.056805E-008, -1.051730E-008, 6.454455E-011, -7.157370E-012, 2.150400E+004 1.570926E+074 2.150400E+004, Sun Aug 30 23:09:38 2015
1.80, 0.00, 0.86, 0.00 , 1.585440E-008, -1.581650E-008, 6.982716E-011, -9.184090E-012, 2.150400E+004 1.570926E+074 2.150400E+004, Sun Aug 30 23:09:42 2015
1.80, 0.00, 0.88, 0.00 , 2.381722E-008, -2.384690E-008, 7.389380E-011, -1.180270E-011, 2.150400E+004 1.570926E+074 2.150400E+004, Sun Aug 30 23:09:46 2015
1.80, 0.00, 0.90, 0.00 , 3.592146E-008, -3.588810E-008, 7.879902E-011, -1.558970E-011, 2.150400E+004 1.570926E+074 2.150400E+004, Sun Aug 30 23:09:49 2015
1.80, 0.00, 0.92, 0.00 , 5.383542E-008, -5.368420E-008, 8.496206E-011, -2.066560E-011, 2.150400E+004 1.570926E+074 2.150400E+004, Sun Aug 30 23:09:53 2015
1.80, 0.00, 0.94, 0.00 , 7.821937E-008, -7.788430E-008, 8.517159E-011, -2.673080E-011, 2.150400E+004 1.570926E+074 2.150400E+004, Sun Aug 30 23:09:58 2015
1.80, 0.00, 0.96, 0.00 , 1.123009E-007, -1.125420E-007, 9.141839E-011, -3.483760E-011, 2.150400E+004 1.570926E+074 2.150400E+004, Sun Aug 30 23:10:02 2015
1.80, 0.00, 0.98, 0.00 , 1.600403E-007, -1.591560E-007, 9.779105E-011, -4.463700E-011, 2.150400E+004 1.570926E+074 2.150400E+004, Sun Aug 30 23:10:06 2015
1.80, 0.00, 1.00, 0.00 , 2.250673E-007, -2.237000E-007, 1.046667E-010, -5.679410E-011, 2.150400E+004 1.570926E+074 2.150400E+004, Sun Aug 30 23:10:09 2015
1.80, 0.00, 1.02, 0.00 , 3.110213E-007, -3.113530E-007, 1.107459E-010, -7.123760E-011, 2.150400E+004 1.570926E+074 2.150400E+004, Sun Aug 30 23:10:13 2015
1.80, 0.00, 1.04, 0.00 , 4.185495E-007, -4.179830E-007, 1.142674E-010, -8.789030E-011, 2.150400E+004 1.570926E+074 2.150400E+004, Sun Aug 30 23:10:16 2015
1.80, 0.00, 1.06, 0.00 , 5.611514E-007, -5.615250E-007, 1.146867E-010, -1.070090E-010, 2.150400E+004 1.570926E+074 2.150400E+004, Sun Aug 30 23:10:22 2015
1.80, 0.00, 1.08, 0.00 , 7.397358E-007, -7.410130E-007, 1.026544E-010, -1.279920E-010, 2.150400E+004 1.570926E+074 2.150400E+004, Sun Aug 30 23:10:25 2015
1.80, 0.00, 1.10, 0.00 , 9.628816E-007, -9.551020E-007, 5.808815E-011, -1.503490E-010, 2.150400E+004 1.570926E+074 2.150400E+004, Sun Aug 30 23:10:30 2015
1.80, 0.00, 1.12, 0.00 , 1.223233E-006, -1.225530E-006, 6.295141E-011, -1.763680E-010, 2.150400E+004 1.570926E+074 2.150400E+004, Sun Aug 30 23:10:33 2015
1.80, 0.00, 1.14, 0.00 , 1.542027E-006, -1.539970E-006, 6.492192E-011, -2.000610E-010, 2.150400E+004 1.570926E+074 2.150400E+004, Sun Aug 30 23:10:36 2015
1.80, 0.00, 1.16, 0.00 , 1.909970E-006, -1.906910E-006, 6.894667E-011, -2.242180E-010, 2.150400E+004 1.570926E+074 2.150400E+004, Sun Aug 30 23:10:40 2015
1.80, 0.00, 1.18, 0.00 , 2.336547E-006, -2.332130E-006, 7.368419E-011, -2.477590E-010, 2.150400E+004 1.570926E+074 2.150400E+004, Sun Aug 30 23:10:43 2015
1.80, 0.00, 1.20, 0.00 , 2.826940E-006, -2.816030E-006, 7.351646E-011, -2.705060E-010, 2.150400E+004 1.570926E+074 2.150400E+004, Sun Aug 30 23:10:46 2015
1.80, 0.00, 1.22, 0.00 , 3.352935E-006, -3.347970E-006, 7.980520E-011, -2.941120E-010, 2.150400E+004 1.570926E+074 2.150400E+004, Sun Aug 30 23:10:49 2015
1.80, 0.00, 1.24, 0.00 , 3.977686E-006, -3.976130E-006, 8.471045E-011, -3.156470E-010, 2.150400E+004 1.570926E+074 2.150400E+004, Sun Aug 30 23:10:53 2015
1.80, 0.00, 1.26, 0.00 , 4.661098E-006, -4.662370E-006, 8.508778E-011, -3.350100E-010, 2.150400E+004 1.570926E+074 2.150400E+004, Sun Aug 30 23:10:56 2015
1.80, 0.00, 1.28, 0.00 , 5.427200E-006, -5.435300E-006, 8.617779E-011, -3.535110E-010, 2.150400E+004 1.570926E+074 2.150400E+004, Sun Aug 30 23:10:59 2015
1.80, 0.00, 1.30, 0.00 , 6.243907E-006, -6.223000E-006, 9.376623E-011, -3.705230E-010, 2.150400E+004 1.570926E+074 2.150400E+004, Sun Aug 30 23:11:02 2015
1.80, 0.00, 1.32, 0.00 , 7.120736E-006, -7.133690E-006, 9.431125E-011, -3.827330E-010, 2.150400E+004 1.570926E+074 2.150400E+004, Sun Aug 30 23:11:06 2015
1.80, 0.00, 1.34, 0.00 , 8.133828E-006, -8.112140E-006, 9.104108E-011, -3.930060E-010, 2.150400E+004 1.570926E+074 2.150400E+004, Sun Aug 30 23:11:09 2015
1.80, 0.00, 1.36, 0.00 , 9.152520E-006, -9.147520E-006, 9.716218E-011, -4.026110E-010, 2.150400E+004 1.570926E+074 2.150400E+004, Sun Aug 30 23:11:12 2015
1.80, 0.00, 1.38, 0.00 , 1.025823E-005, -1.027960E-005, 1.047505E-010, -4.080030E-010, 2.150400E+004 1.570926E+074 2.150400E+004, Sun Aug 30 23:11:15 2015
1.80, 0.00, 1.40, 0.00 , 1.142497E-005, -1.144150E-005, 3.728600E-010, -4.128800E-010, 2.150400E+004 1.570926E+074 2.150400E+004, Sun Aug 30 23:11:19 2015
1.80, 0.00, 1.42, 0.00 , 1.269319E-005, -1.268530E-005, 3.884563E-010, -4.137030E-010, 2.150400E+004 1.570926E+074 2.150400E+004, Sun Aug 30 23:11:22 2015
1.80, 0.00, 1.44, 0.00 , 1.394819E-005, -1.397560E-005, 4.038846E-010, -4.121060E-010, 2.150400E+004 1.570926E+074 2.150400E+004, Sun Aug 30 23:11:25 2015
1.80, 0.00, 1.46, 0.00 , 1.530614E-005, -1.528390E-005, 4.229604E-010, -4.035380E-010, 2.150400E+004 1.570926E+074 2.150400E+004, Sun Aug 30 23:11:29 2015
1.80, 0.00, 1.48, 0.00 , 1.681949E-005, -1.680680E-005, 4.430425E-010, -3.988370E-010, 2.150400E+004 1.570926E+074 2.150400E+004, Sun Aug 30 23:11:32 2015
1.80, 0.00, 1.50, 0.00 , 1.813752E-005, -1.813550E-005, 4.656399E-010, -3.951770E-010, 2.150400E+004 1.570926E+074 2.150400E+004, Sun Aug 30 23:11:35 2015
1.80, 0.00, 1.52, 0.00 , 1.974283E-005, -1.972820E-005, 4.868124E-010, -3.858420E-010, 2.150400E+004 1.570926E+074 2.150400E+004, Sun Aug 30 23:11:38 2015
1.80, 0.00, 1.54, 0.00 , 2.136727E-005, -2.134360E-005, 5.131826E-010, -3.758470E-010, 2.150400E+004 1.570926E+074 2.150400E+004, Sun Aug 30 23:11:42 2015
1.80, 0.00, 1.56, 0.00 , 2.295234E-005, -2.291600E-005, 5.373737E-010, -3.633740E-010, 2.150400E+004 1.570926E+074 2.150400E+004, Sun Aug 30 23:11:45 2015
1.80, 0.00, 1.58, 0.00 , 2.465923E-005, -2.463520E-005, 5.626125E-010, -3.514920E-010, 2.150400E+004 1.570926E+074 2.150400E+004, Sun Aug 30 23:11:48 2015
1.80, 0.00, 1.60, 0.00 , 2.646094E-005, -2.648600E-005, 5.865095E-010, -3.419070E-010, 2.150400E+004 1.570926E+074 2.150400E+004, Sun Aug 30 23:11:51 2015
1.80, 0.00, 1.62, 0.00 , 2.823307E-005, -2.828120E-005, 6.126289E-010, -3.273690E-010, 2.150400E+004 1.570926E+074 2.150400E+004, Sun Aug 30 23:11:55 2015
1.80, 0.00, 1.64, 0.00 , 3.007949E-005, -3.012380E-005, 6.384968E-010, -3.122950E-010, 2.150400E+004 1.570926E+074 2.150400E+004, Sun Aug 30 23:11:58 2015
1.80, 0.00, 1.66, 0.00 , 3.204251E-005, -3.205530E-005, 6.602136E-010, -3.010410E-010, 2.150400E+004 1.570926E+074 2.150400E+004, Sun Aug 30 23:12:01 2015
1.80, 0.00, 1.68, 0.00 , 3.402388E-005, -3.397880E-005, 6.832722E-010, -2.862490E-010, 2.150400E+004 1.570926E+074 2.150400E+004, Sun Aug 30 23:12:04 2015
1.80, 0.00, 1.70, 0.00 , 3.608501E-005, -3.608460E-005, 7.056598E-010, -2.678570E-010, 2.150400E+004 1.570926E+074 2.150400E+004, Sun Aug 30 23:12:07 2015
1.80, 0.00, 1.72, 0.00 , 3.804394E-005, -3.810290E-005, 7.306893E-010, -2.561310E-010, 2.150400E+004 1.570926E+074 2.150400E+004, Sun Aug 30 23:12:11 2015
1.80, 0.00, 1.74, 0.00 , 3.995816E-005, -4.002850E-005, 7.496393E-010, -2.438050E-010, 2.150400E+004 1.570926E+074 2.150400E+004, Sun Aug 30 23:12:14 2015
1.80, 0.00, 1.76, 0.00 , 4.222888E-005, -4.215000E-005, 7.744170E-010, -2.305010E-010, 2.150400E+004 1.570926E+074 2.150400E+004, Sun Aug 30 23:12:17 2015
1.80, 0.00, 1.78, 0.00 , 4.427488E-005, -4.431250E-005, 7.963855E-010, -2.174410E-010, 2.150400E+004 1.570926E+074 2.150400E+004, Sun Aug 30 23:12:20 2015
1.80, 0.00, 1.80, 0.00 , 4.649422E-005, -4.649950E-005, 8.166358E-010, -2.010160E-010, 2.150400E+004 1.570926E+074 2.150400E+004, Sun Aug 30 23:12:24 2015
1.80, 0.00, 1.82, 0.00 , 4.864047E-005, -4.870730E-005, 8.526490E-010, -1.894670E-010, 2.150400E+004 1.570926E+074 2.150400E+004, Sun Aug 30 23:12:27 2015
1.80, 0.00, 1.84, 0.00 , 5.082704E-005, -5.083430E-005, 8.876140E-010, -1.760830E-010, 2.150400E+004 1.570926E+074 2.150400E+004, Sun Aug 30 23:12:30 2015
1.80, 0.00, 1.86, 0.00 , 5.311234E-005, -5.303890E-005, 9.230401E-010, -1.675270E-010, 2.150400E+004 1.570926E+074 2.150400E+004, Sun Aug 30 23:12:33 2015
1.80, 0.00, 1.88, 0.00 , 5.556558E-005, -5.542580E-005, 9.556997E-010, -1.550750E-010, 2.150400E+004 1.570926E+074 2.150400E+004, Sun Aug 30 23:12:37 2015
1.80, 0.00, 1.90, 0.00 , 5.758497E-005, -5.763240E-005, 9.887361E-010, -1.449000E-010, 2.150400E+004 1.570926E+074 2.150400E+004, Sun Aug 30 23:12:40 2015
1.80, 0.00, 1.92, 0.00 , 5.998920E-005, -6.002160E-005, 1.020557E-009, -1.345170E-010, 2.150400E+004 1.570926E+074 2.150400E+004, Sun Aug 30 23:12:43 2015
1.80, 0.00, 1.94, 0.00 , 6.207520E-005, -6.203630E-005, 1.061476E-009, -1.243510E-010, 2.150400E+004 1.570926E+074 2.150400E+004, Sun Aug 30 23:12:46 2015
1.80, 0.00, 1.96, 0.00 , 6.451272E-005, -6.465230E-005, 1.096483E-009, -1.153010E-010, 2.150400E+004 1.570926E+074 2.150400E+004, Sun Aug 30 23:12:50 2015
1.80, 0.00, 1.98, 0.00 , 6.702200E-005, -6.697750E-005, 1.119165E-009, -1.065810E-010, 2.150400E+004 1.570926E+074 2.150400E+004, Sun Aug 30 23:12:53 2015
1.80, 0.00, 2.00, 0.00 , 6.927225E-005, -6.910530E-005, 1.154507E-009, -1.014060E-010, 2.150400E+004 1.570926E+074 2.150400E+004, Sun Aug 30 23:12:56 2015
