0.00, 0.00, 2.00, 0.00 , 3.523275E-009, -4.372650E-009, 4.072833E-010, -7.826090E-014, 2.150400E+004 1.570926E+074 2.150400E+004, Sun Sep 06 17:32:54 2015
0.05, 0.00, 2.00, 0.00 , 2.319359E-006, -2.321020E-006, 3.928191E-010, -8.014440E-014, 2.150400E+004 1.570926E+074 2.150400E+004, Sun Sep 06 17:32:58 2015
0.10, 0.00, 2.00, 0.00 , 4.553815E-006, -4.554400E-006, 3.679995E-010, -9.868150E-014, 2.150400E+004 1.570926E+074 2.150400E+004, Sun Sep 06 17:33:01 2015
0.15, 0.00, 2.00, 0.00 , 6.698365E-006, -6.699100E-006, 3.666998E-010, -9.232760E-014, 2.150400E+004 1.570926E+074 2.150400E+004, Sun Sep 06 17:33:05 2015
0.20, 0.00, 2.00, 0.00 , 8.754670E-006, -8.754250E-006, 3.552963E-010, -1.060250E-013, 2.150400E+004 1.570926E+074 2.150400E+004, Sun Sep 06 17:33:08 2015
0.25, 0.00, 2.00, 0.00 , 1.072112E-005, -1.072550E-005, 3.477080E-010, -8.121730E-014, 2.150400E+004 1.570926E+074 2.150400E+004, Sun Sep 06 17:33:12 2015
0.30, 0.00, 2.00, 0.00 , 1.260101E-005, -1.260560E-005, 3.459888E-010, -9.647610E-014, 2.150400E+004 1.570926E+074 2.150400E+004, Sun Sep 06 17:33:16 2015
0.35, 0.00, 2.00, 0.00 , 1.438923E-005, -1.439290E-005, 3.246069E-010, -1.030560E-013, 2.150400E+004 1.570926E+074 2.150400E+004, Sun Sep 06 17:33:19 2015
0.40, 0.00, 2.00, 0.00 , 1.608218E-005, -1.608580E-005, 3.327404E-010, -8.080010E-014, 2.150400E+004 1.570926E+074 2.150400E+004, Sun Sep 06 17:33:23 2015
0.45, 0.00, 2.00, 0.00 , 1.767450E-005, -1.767960E-005, 3.586082E-010, -8.709430E-014, 2.150400E+004 1.570926E+074 2.150400E+004, Sun Sep 06 17:33:26 2015
0.50, 0.00, 2.00, 0.00 , 1.917070E-005, -1.917240E-005, 3.502654E-010, -8.200410E-014, 2.150400E+004 1.570926E+074 2.150400E+004, Sun Sep 06 17:33:30 2015
0.55, 0.00, 2.00, 0.00 , 2.056646E-005, -2.056930E-005, 3.497199E-010, -1.110080E-013, 2.150400E+004 1.570926E+074 2.150400E+004, Sun Sep 06 17:33:33 2015
0.60, 0.00, 2.00, 0.00 , 2.186431E-005, -2.186590E-005, 3.317760E-010, -9.964700E-014, 2.150400E+004 1.570926E+074 2.150400E+004, Sun Sep 06 17:33:37 2015
0.65, 0.00, 2.00, 0.00 , 2.306137E-005, -2.306150E-005, 3.132449E-010, -7.947680E-014, 2.150400E+004 1.570926E+074 2.150400E+004, Sun Sep 06 17:33:40 2015
0.70, 0.00, 2.00, 0.00 , 2.415092E-005, -2.415470E-005, 3.085496E-010, -1.057980E-013, 2.150400E+004 1.570926E+074 2.150400E+004, Sun Sep 06 17:33:44 2015
0.75, 0.00, 2.00, 0.00 , 2.514003E-005, -2.513900E-005, 3.027219E-010, -1.029010E-013, 2.150400E+004 1.570926E+074 2.150400E+004, Sun Sep 06 17:33:47 2015
0.80, 0.00, 2.00, 0.00 , 2.600915E-005, -2.601030E-005, 3.027218E-010, -9.599920E-014, 2.150400E+004 1.570926E+074 2.150400E+004, Sun Sep 06 17:33:51 2015
0.85, 0.00, 2.00, 0.00 , 2.678230E-005, -2.678020E-005, 3.128260E-010, -9.731050E-014, 2.150400E+004 1.570926E+074 2.150400E+004, Sun Sep 06 17:33:54 2015
0.90, 0.00, 2.00, 0.00 , 2.744972E-005, -2.745420E-005, 3.028476E-010, -7.839200E-014, 2.150400E+004 1.570926E+074 2.150400E+004, Sun Sep 06 17:33:58 2015
0.95, 0.00, 2.00, 0.00 , 2.802285E-005, -2.802100E-005, 2.949237E-010, -8.394720E-014, 2.150400E+004 1.570926E+074 2.150400E+004, Sun Sep 06 17:34:02 2015
1.00, 0.00, 2.00, 0.00 , 2.849497E-005, -2.849660E-005, 2.851551E-010, -8.660550E-014, 2.150400E+004 1.570926E+074 2.150400E+004, Sun Sep 06 17:34:05 2015
1.05, 0.00, 2.00, 0.00 , 2.888021E-005, -2.888600E-005, 2.868325E-010, -8.064510E-014, 2.150400E+004 1.570926E+074 2.150400E+004, Sun Sep 06 17:34:09 2015
1.10, 0.00, 2.00, 0.00 , 2.918702E-005, -2.918400E-005, 2.842329E-010, -9.758470E-014, 2.150400E+004 1.570926E+074 2.150400E+004, Sun Sep 06 17:34:12 2015
1.15, 0.00, 2.00, 0.00 , 2.944675E-005, -2.944460E-005, 2.802080E-010, -9.572510E-014, 2.150400E+004 1.570926E+074 2.150400E+004, Sun Sep 06 17:34:16 2015
1.20, 0.00, 2.00, 0.00 , 2.963959E-005, -2.964360E-005, 2.786570E-010, -8.316040E-014, 2.150400E+004 1.570926E+074 2.150400E+004, Sun Sep 06 17:34:19 2015
1.25, 0.00, 2.00, 0.00 , 2.980736E-005, -2.980240E-005, 2.689302E-010, -8.646250E-014, 2.150400E+004 1.570926E+074 2.150400E+004, Sun Sep 06 17:34:23 2015
1.30, 0.00, 2.00, 0.00 , 2.994875E-005, -2.994490E-005, 2.706489E-010, -1.042720E-013, 2.150400E+004 1.570926E+074 2.150400E+004, Sun Sep 06 17:34:26 2015
1.35, 0.00, 2.00, 0.00 , 3.006124E-005, -3.005840E-005, 2.543823E-010, -8.386370E-014, 2.150400E+004 1.570926E+074 2.150400E+004, Sun Sep 06 17:34:30 2015
1.40, 0.00, 2.00, 0.00 , 3.015466E-005, -3.015810E-005, 2.662049E-010, -9.812120E-014, 2.150400E+004 1.570926E+074 2.150400E+004, Sun Sep 06 17:34:33 2015
1.45, 0.00, 2.00, 0.00 , 3.024593E-005, -3.025140E-005, 2.563109E-010, -9.194610E-014, 2.150400E+004 1.570926E+074 2.150400E+004, Sun Sep 06 17:34:37 2015
1.50, 0.00, 2.00, 0.00 , 3.034209E-005, -3.033660E-005, 2.430207E-010, -8.548500E-014, 2.150400E+004 1.570926E+074 2.150400E+004, Sun Sep 06 17:34:41 2015
1.55, 0.00, 2.00, 0.00 , 3.041187E-005, -3.041790E-005, 2.389536E-010, -7.117990E-014, 2.150400E+004 1.570926E+074 2.150400E+004, Sun Sep 06 17:34:44 2015
1.60, 0.00, 2.00, 0.00 , 3.048189E-005, -3.048390E-005, 2.382408E-010, -7.723570E-014, 2.150400E+004 1.570926E+074 2.150400E+004, Sun Sep 06 17:34:48 2015
1.65, 0.00, 2.00, 0.00 , 3.054430E-005, -3.053980E-005, 2.257473E-010, -1.077060E-013, 2.150400E+004 1.570926E+074 2.150400E+004, Sun Sep 06 17:34:51 2015
1.70, 0.00, 2.00, 0.00 , 3.061392E-005, -3.060920E-005, 2.249089E-010, -8.703470E-014, 2.150400E+004 1.570926E+074 2.150400E+004, Sun Sep 06 17:34:55 2015
1.75, 0.00, 2.00, 0.00 , 3.066897E-005, -3.066550E-005, 2.335455E-010, -9.930130E-014, 2.150400E+004 1.570926E+074 2.150400E+004, Sun Sep 06 17:34:58 2015
1.80, 0.00, 2.00, 0.00 , 3.072403E-005, -3.072120E-005, 2.442782E-010, -1.117110E-013, 2.150400E+004 1.570926E+074 2.150400E+004, Sun Sep 06 17:35:02 2015
1.85, 0.00, 2.00, 0.00 , 3.077097E-005, -3.077540E-005, 2.466261E-010, -8.916850E-014, 2.150400E+004 1.570926E+074 2.150400E+004, Sun Sep 06 17:35:05 2015
1.90, 0.00, 2.00, 0.00 , 3.082231E-005, -3.082060E-005, 2.407564E-010, -9.704830E-014, 2.150400E+004 1.570926E+074 2.150400E+004, Sun Sep 06 17:35:09 2015
1.95, 0.00, 2.00, 0.00 , 3.087005E-005, -3.086950E-005, 2.434817E-010, -9.751320E-014, 2.150400E+004 1.570926E+074 2.150400E+004, Sun Sep 06 17:35:13 2015
2.00, 0.00, 2.00, 0.00 , 3.092643E-005, -3.092450E-005, 2.368156E-010, -9.832380E-014, 2.150400E+004 1.570926E+074 2.150400E+004, Sun Sep 06 17:35:16 2015
