1.80, 0.00, 0.00, 0.00 , 7.798723E-012, -3.203930E-012, -3.653948E-011, -1.120450E-013, 2.150400E+004 1.570926E+074 2.150400E+004, Wed Oct 07 13:38:14 2015
1.80, 0.00, 0.02, 0.00 , -4.144873E-012, -3.292430E-012, -2.639128E-011, -1.149770E-013, 2.150400E+004 1.570926E+074 2.150400E+004, Wed Oct 07 13:38:18 2015
1.80, 0.00, 0.04, 0.00 , 7.509304E-013, -3.400790E-012, -2.752351E-011, -1.309510E-013, 2.150400E+004 1.570926E+074 2.150400E+004, Wed Oct 07 13:38:22 2015
1.80, 0.00, 0.06, 0.00 , -3.886099E-013, -3.350070E-012, -2.509130E-011, -1.157050E-013, 2.150400E+004 1.570926E+074 2.150400E+004, Wed Oct 07 13:38:25 2015
1.80, 0.00, 0.08, 0.00 , -2.414458E-012, -3.349670E-012, -2.412680E-011, -1.165630E-013, 2.150400E+004 1.570926E+074 2.150400E+004, Wed Oct 07 13:38:29 2015
1.80, 0.00, 0.10, 0.00 , -2.287846E-012, -3.471760E-012, -2.412680E-011, -9.860990E-014, 2.150400E+004 1.570926E+074 2.150400E+004, Wed Oct 07 13:38:33 2015
1.80, 0.00, 0.12, 0.00 , -6.508360E-012, -3.457570E-012, -2.215596E-011, -1.272080E-013, 2.150400E+004 1.570926E+074 2.150400E+004, Wed Oct 07 13:38:36 2015
1.80, 0.00, 0.14, 0.00 , -3.342970E-012, -3.468900E-012, -2.299457E-011, -1.150130E-013, 2.150400E+004 1.570926E+074 2.150400E+004, Wed Oct 07 13:38:40 2015
1.80, 0.00, 0.16, 0.00 , -2.619931E-013, -3.494980E-012, -2.265912E-011, -1.382110E-013, 2.150400E+004 1.570926E+074 2.150400E+004, Wed Oct 07 13:38:43 2015
1.80, 0.00, 0.18, 0.00 , -7.352456E-012, -3.595470E-012, -1.934662E-011, -1.478910E-013, 2.150400E+004 1.570926E+074 2.150400E+004, Wed Oct 07 13:38:47 2015
1.80, 0.00, 0.20, 0.00 , -8.956246E-012, -3.813610E-012, -1.909503E-011, -1.134870E-013, 2.150400E+004 1.570926E+074 2.150400E+004, Wed Oct 07 13:38:51 2015
1.80, 0.00, 0.22, 0.00 , -7.479073E-012, -4.016790E-012, -2.131735E-011, -1.134750E-013, 2.150400E+004 1.570926E+074 2.150400E+004, Wed Oct 07 13:38:54 2015
1.80, 0.00, 0.24, 0.00 , -5.959685E-012, -4.886090E-012, -1.976592E-011, -1.111150E-013, 2.150400E+004 1.570926E+074 2.150400E+004, Wed Oct 07 13:38:58 2015
1.80, 0.00, 0.26, 0.00 , -5.031170E-012, -5.970840E-012, -2.005944E-011, -1.273630E-013, 2.150400E+004 1.570926E+074 2.150400E+004, Wed Oct 07 13:39:02 2015
1.80, 0.00, 0.28, 0.00 , 1.848266E-012, -8.268650E-012, -1.947241E-011, -1.204490E-013, 2.150400E+004 1.570926E+074 2.150400E+004, Wed Oct 07 13:39:05 2015
1.80, 0.00, 0.30, 0.00 , 7.925308E-012, -1.336290E-011, -2.031102E-011, -1.175170E-013, 2.150400E+004 1.570926E+074 2.150400E+004, Wed Oct 07 13:39:09 2015
1.80, 0.00, 0.32, 0.00 , 6.785860E-012, -2.349400E-011, -1.808871E-011, -1.311540E-013, 2.150400E+004 1.570926E+074 2.150400E+004, Wed Oct 07 13:39:13 2015
1.80, 0.00, 0.34, 0.00 , 3.307744E-011, -4.374350E-011, -1.821451E-011, -1.232030E-013, 2.150400E+004 1.570926E+074 2.150400E+004, Wed Oct 07 13:39:35 2015
1.80, 0.00, 0.36, 0.00 , 7.654501E-011, -8.587340E-011, -1.779521E-011, -1.276020E-013, 2.150400E+004 1.570926E+074 2.150400E+004, Wed Oct 07 13:39:41 2015
1.80, 0.00, 0.38, 0.00 , 1.594711E-010, -1.714450E-010, -1.796293E-011, -1.224990E-013, 2.150400E+004 1.570926E+074 2.150400E+004, Wed Oct 07 13:39:48 2015
1.80, 0.00, 0.40, 0.00 , 3.355781E-010, -3.458150E-010, -1.553097E-011, -1.122120E-013, 2.150400E+004 1.570926E+074 2.150400E+004, Wed Oct 07 13:39:53 2015
1.80, 0.00, 0.42, 0.00 , 6.828965E-010, -6.977070E-010, -1.540518E-011, -1.186130E-013, 2.150400E+004 1.570926E+074 2.150400E+004, Wed Oct 07 13:39:57 2015
1.80, 0.00, 0.44, 0.00 , 1.385679E-009, -1.398420E-009, -1.519553E-011, -1.107690E-013, 2.150400E+004 1.570926E+074 2.150400E+004, Wed Oct 07 13:40:02 2015
1.80, 0.00, 0.46, 0.00 , 2.760308E-009, -2.775920E-009, -1.691468E-011, -1.210570E-013, 2.150400E+004 1.570926E+074 2.150400E+004, Wed Oct 07 13:40:05 2015
1.80, 0.00, 0.48, 0.00 , 5.394860E-009, -5.408710E-009, -1.775328E-011, -1.047850E-013, 2.150400E+004 1.570926E+074 2.150400E+004, Wed Oct 07 13:40:09 2015
1.80, 0.00, 0.50, 0.00 , 1.030551E-008, -1.032560E-008, -1.456658E-011, -1.327040E-013, 2.150400E+004 1.570926E+074 2.150400E+004, Wed Oct 07 13:40:13 2015
1.80, 0.00, 0.52, 0.00 , 1.925202E-008, -1.926880E-008, -1.301517E-011, -1.285200E-013, 2.150400E+004 1.570926E+074 2.150400E+004, Wed Oct 07 13:40:16 2015
1.80, 0.00, 0.54, 0.00 , 3.503459E-008, -3.505140E-008, -1.708240E-011, -1.058460E-013, 2.150400E+004 1.570926E+074 2.150400E+004, Wed Oct 07 13:40:20 2015
1.80, 0.00, 0.56, 0.00 , 6.193279E-008, -6.195150E-008, -1.527940E-011, -1.282220E-013, 2.150400E+004 1.570926E+074 2.150400E+004, Wed Oct 07 13:40:23 2015
1.80, 0.00, 0.58, 0.00 , 1.057727E-007, -1.057990E-007, -1.460852E-011, -1.192690E-013, 2.150400E+004 1.570926E+074 2.150400E+004, Wed Oct 07 13:40:27 2015
1.80, 0.00, 0.60, 0.00 , 1.743306E-007, -1.743450E-007, -1.439887E-011, -9.170770E-014, 2.150400E+004 1.570926E+074 2.150400E+004, Wed Oct 07 13:40:31 2015
1.80, 0.00, 0.62, 0.00 , 2.764455E-007, -2.763270E-007, -1.779522E-011, -1.193640E-013, 2.150400E+004 1.570926E+074 2.150400E+004, Wed Oct 07 13:40:34 2015
1.80, 0.00, 0.64, 0.00 , 4.217115E-007, -4.216570E-007, -1.641152E-011, -1.283650E-013, 2.150400E+004 1.570926E+074 2.150400E+004, Wed Oct 07 13:40:38 2015
1.80, 0.00, 0.66, 0.00 , 6.201712E-007, -6.201730E-007, -1.381186E-011, -1.162650E-013, 2.150400E+004 1.570926E+074 2.150400E+004, Wed Oct 07 13:40:41 2015
1.80, 0.00, 0.68, 0.00 , 8.818720E-007, -8.817770E-007, -1.536327E-011, -1.207710E-013, 2.150400E+004 1.570926E+074 2.150400E+004, Wed Oct 07 13:40:45 2015
1.80, 0.00, 0.70, 0.00 , 1.216066E-006, -1.215940E-006, -1.930471E-011, -1.041770E-013, 2.150400E+004 1.570926E+074 2.150400E+004, Wed Oct 07 13:40:49 2015
1.80, 0.00, 0.72, 0.00 , 1.630542E-006, -1.630260E-006, -1.578258E-011, -9.838340E-014, 2.150400E+004 1.570926E+074 2.150400E+004, Wed Oct 07 13:40:52 2015
1.80, 0.00, 0.74, 0.00 , 2.133342E-006, -2.133030E-006, -1.469240E-011, -1.042130E-013, 2.150400E+004 1.570926E+074 2.150400E+004, Wed Oct 07 13:40:56 2015
1.80, 0.00, 0.76, 0.00 , 2.731562E-006, -2.731210E-006, -1.477626E-011, -1.165870E-013, 2.150400E+004 1.570926E+074 2.150400E+004, Wed Oct 07 13:40:59 2015
1.80, 0.00, 0.78, 0.00 , 3.430938E-006, -3.430640E-006, -1.582451E-011, -1.292110E-013, 2.150400E+004 1.570926E+074 2.150400E+004, Wed Oct 07 13:41:03 2015
1.80, 0.00, 0.80, 0.00 , 4.236401E-006, -4.235820E-006, -1.364415E-011, -1.205440E-013, 2.150400E+004 1.570926E+074 2.150400E+004, Wed Oct 07 13:41:06 2015
1.80, 0.00, 0.82, 0.00 , 5.152752E-006, -5.153000E-006, -1.397960E-011, -1.241680E-013, 2.150400E+004 1.570926E+074 2.150400E+004, Wed Oct 07 13:41:10 2015
1.80, 0.00, 0.84, 0.00 , 6.183407E-006, -6.183050E-006, -1.397960E-011, -1.293900E-013, 2.150400E+004 1.570926E+074 2.150400E+004, Wed Oct 07 13:41:13 2015
1.80, 0.00, 0.86, 0.00 , 7.331967E-006, -7.330410E-006, -1.469241E-011, -9.946820E-014, 2.150400E+004 1.570926E+074 2.150400E+004, Wed Oct 07 13:41:17 2015
1.80, 0.00, 0.88, 0.00 , 8.598999E-006, -8.597320E-006, -1.276363E-011, -1.272200E-013, 2.150400E+004 1.570926E+074 2.150400E+004, Wed Oct 07 13:41:21 2015
1.80, 0.00, 0.90, 0.00 , 9.991021E-006, -9.989200E-006, -1.607611E-011, -1.079080E-013, 2.150400E+004 1.570926E+074 2.150400E+004, Wed Oct 07 13:41:24 2015
1.80, 0.00, 0.92, 0.00 , 1.150777E-005, -1.150990E-005, -1.565680E-011, -9.611850E-014, 2.150400E+004 1.570926E+074 2.150400E+004, Wed Oct 07 13:41:28 2015
1.80, 0.00, 0.94, 0.00 , 1.314852E-005, -1.314920E-005, -1.108642E-011, -1.039270E-013, 2.150400E+004 1.570926E+074 2.150400E+004, Wed Oct 07 13:41:31 2015
1.80, 0.00, 0.96, 0.00 , 1.491843E-005, -1.491940E-005, -1.146381E-011, -1.216650E-013, 2.150400E+004 1.570926E+074 2.150400E+004, Wed Oct 07 13:41:35 2015
1.80, 0.00, 0.98, 0.00 , 1.681663E-005, -1.681880E-005, -1.787910E-011, -1.168010E-013, 2.150400E+004 1.570926E+074 2.150400E+004, Wed Oct 07 13:41:38 2015
1.80, 0.00, 1.00, 0.00 , 1.884769E-005, -1.884890E-005, -1.276363E-011, -1.170990E-013, 2.150400E+004 1.570926E+074 2.150400E+004, Wed Oct 07 13:41:42 2015
1.80, 0.00, 1.02, 0.00 , 2.100998E-005, -2.101070E-005, -1.012205E-011, -1.219030E-013, 2.150400E+004 1.570926E+074 2.150400E+004, Wed Oct 07 13:41:46 2015
1.80, 0.00, 1.04, 0.00 , 2.330024E-005, -2.329970E-005, -9.996258E-012, -1.109240E-013, 2.150400E+004 1.570926E+074 2.150400E+004, Wed Oct 07 13:41:49 2015
1.80, 0.00, 1.06, 0.00 , 2.571817E-005, -2.571810E-005, -1.234435E-011, -1.183030E-013, 2.150400E+004 1.570926E+074 2.150400E+004, Wed Oct 07 13:41:53 2015
1.80, 0.00, 1.08, 0.00 , 2.827294E-005, -2.827090E-005, -1.167346E-011, -1.170280E-013, 2.150400E+004 1.570926E+074 2.150400E+004, Wed Oct 07 13:41:56 2015
1.80, 0.00, 1.10, 0.00 , 3.095273E-005, -3.095040E-005, -1.762753E-011, -1.182910E-013, 2.150400E+004 1.570926E+074 2.150400E+004, Wed Oct 07 13:42:00 2015
1.80, 0.00, 1.12, 0.00 , 3.376641E-005, -3.376640E-005, -1.335067E-011, -1.200320E-013, 2.150400E+004 1.570926E+074 2.150400E+004, Wed Oct 07 13:42:03 2015
1.80, 0.00, 1.14, 0.00 , 3.670982E-005, -3.670570E-005, -1.100259E-011, -1.074430E-013, 2.150400E+004 1.570926E+074 2.150400E+004, Wed Oct 07 13:42:07 2015
1.80, 0.00, 1.16, 0.00 , 3.978680E-005, -3.978020E-005, -1.242821E-011, -1.101490E-013, 2.150400E+004 1.570926E+074 2.150400E+004, Wed Oct 07 13:42:10 2015
1.80, 0.00, 1.18, 0.00 , 4.298212E-005, -4.297800E-005, -1.247014E-011, -1.087900E-013, 2.150400E+004 1.570926E+074 2.150400E+004, Wed Oct 07 13:42:14 2015
1.80, 0.00, 1.20, 0.00 , 4.631040E-005, -4.630490E-005, -1.439892E-011, -1.186130E-013, 2.150400E+004 1.570926E+074 2.150400E+004, Wed Oct 07 13:42:18 2015
1.80, 0.00, 1.22, 0.00 , 4.976960E-005, -4.976350E-005, -1.163156E-011, -1.094100E-013, 2.150400E+004 1.570926E+074 2.150400E+004, Wed Oct 07 13:42:21 2015
1.80, 0.00, 1.24, 0.00 , 5.336018E-005, -5.335220E-005, -1.049945E-011, -1.147150E-013, 2.150400E+004 1.570926E+074 2.150400E+004, Wed Oct 07 13:42:25 2015
1.80, 0.00, 1.26, 0.00 , 5.707116E-005, -5.706710E-005, -1.418928E-011, -1.017570E-013, 2.150400E+004 1.570926E+074 2.150400E+004, Wed Oct 07 13:42:28 2015
1.80, 0.00, 1.28, 0.00 , 6.092160E-005, -6.091220E-005, -1.188314E-011, -1.070380E-013, 2.150400E+004 1.570926E+074 2.150400E+004, Wed Oct 07 13:42:32 2015
1.80, 0.00, 1.30, 0.00 , 6.488551E-005, -6.487770E-005, -8.948046E-012, -1.076100E-013, 2.150400E+004 1.570926E+074 2.150400E+004, Wed Oct 07 13:42:35 2015
1.80, 0.00, 1.32, 0.00 , 6.897440E-005, -6.896660E-005, -1.251209E-011, -9.611850E-014, 2.150400E+004 1.570926E+074 2.150400E+004, Wed Oct 07 13:42:39 2015
1.80, 0.00, 1.34, 0.00 , 7.318920E-005, -7.317780E-005, -1.003822E-011, -9.478330E-014, 2.150400E+004 1.570926E+074 2.150400E+004, Wed Oct 07 13:42:42 2015
1.80, 0.00, 1.36, 0.00 , 7.752723E-005, -7.751530E-005, -1.288947E-011, -1.158360E-013, 2.150400E+004 1.570926E+074 2.150400E+004, Wed Oct 07 13:42:46 2015
1.80, 0.00, 1.38, 0.00 , 8.197893E-005, -8.196510E-005, -1.037368E-011, -1.174450E-013, 2.150400E+004 1.570926E+074 2.150400E+004, Wed Oct 07 13:42:50 2015
1.80, 0.00, 1.40, 0.00 , 8.655107E-005, -8.653800E-005, -1.230245E-011, -1.209620E-013, 2.150400E+004 1.570926E+074 2.150400E+004, Wed Oct 07 13:42:53 2015
1.80, 0.00, 1.42, 0.00 , 9.124009E-005, -9.122840E-005, -1.008017E-011, -1.169560E-013, 2.150400E+004 1.570926E+074 2.150400E+004, Wed Oct 07 13:42:57 2015
1.80, 0.00, 1.44, 0.00 , 9.604581E-005, -9.602770E-005, -1.129614E-011, -1.202820E-013, 2.150400E+004 1.570926E+074 2.150400E+004, Wed Oct 07 13:43:00 2015
1.80, 0.00, 1.46, 0.00 , 1.009699E-004, -1.009530E-004, -1.070912E-011, -1.226310E-013, 2.150400E+004 1.570926E+074 2.150400E+004, Wed Oct 07 13:43:04 2015
1.80, 0.00, 1.48, 0.00 , 1.060029E-004, -1.059910E-004, -1.091877E-011, -1.154540E-013, 2.150400E+004 1.570926E+074 2.150400E+004, Wed Oct 07 13:43:07 2015
1.80, 0.00, 1.50, 0.00 , 1.111533E-004, -1.111440E-004, -9.870531E-012, -1.056910E-013, 2.150400E+004 1.570926E+074 2.150400E+004, Wed Oct 07 13:43:11 2015
1.80, 0.00, 1.52, 0.00 , 1.164162E-004, -1.164020E-004, -1.192509E-011, -9.723900E-014, 2.150400E+004 1.570926E+074 2.150400E+004, Wed Oct 07 13:43:15 2015
1.80, 0.00, 1.54, 0.00 , 1.217904E-004, -1.217700E-004, -8.780366E-012, -1.270170E-013, 2.150400E+004 1.570926E+074 2.150400E+004, Wed Oct 07 13:43:18 2015
1.80, 0.00, 1.56, 0.00 , 1.272803E-004, -1.272590E-004, -8.151422E-012, -1.017090E-013, 2.150400E+004 1.570926E+074 2.150400E+004, Wed Oct 07 13:43:22 2015
1.80, 0.00, 1.58, 0.00 , 1.328721E-004, -1.328500E-004, -9.535098E-012, -1.132130E-013, 2.150400E+004 1.570926E+074 2.150400E+004, Wed Oct 07 13:43:25 2015
1.80, 0.00, 1.60, 0.00 , 1.385624E-004, -1.385450E-004, -8.151427E-012, -1.086350E-013, 2.150400E+004 1.570926E+074 2.150400E+004, Wed Oct 07 13:43:29 2015
1.80, 0.00, 1.62, 0.00 , 1.443686E-004, -1.443480E-004, -7.941767E-012, -1.095410E-013, 2.150400E+004 1.570926E+074 2.150400E+004, Wed Oct 07 13:43:32 2015
1.80, 0.00, 1.64, 0.00 , 1.502728E-004, -1.502500E-004, -5.845286E-012, -9.545090E-014, 2.150400E+004 1.570926E+074 2.150400E+004, Wed Oct 07 13:43:36 2015
1.80, 0.00, 1.66, 0.00 , 1.562853E-004, -1.562580E-004, -9.283522E-012, -1.168730E-013, 2.150400E+004 1.570926E+074 2.150400E+004, Wed Oct 07 13:43:39 2015
1.80, 0.00, 1.68, 0.00 , 1.623823E-004, -1.623690E-004, -1.158968E-011, -1.019600E-013, 2.150400E+004 1.570926E+074 2.150400E+004, Wed Oct 07 13:43:43 2015
1.80, 0.00, 1.70, 0.00 , 1.685739E-004, -1.685530E-004, -9.073890E-012, -1.155380E-013, 2.150400E+004 1.570926E+074 2.150400E+004, Wed Oct 07 13:43:46 2015
1.80, 0.00, 1.72, 0.00 , 1.748712E-004, -1.748490E-004, -7.187058E-012, -1.021030E-013, 2.150400E+004 1.570926E+074 2.150400E+004, Wed Oct 07 13:43:50 2015
1.80, 0.00, 1.74, 0.00 , 1.812581E-004, -1.812390E-004, -9.073891E-012, -9.697680E-014, 2.150400E+004 1.570926E+074 2.150400E+004, Wed Oct 07 13:43:54 2015
1.80, 0.00, 1.76, 0.00 , 1.877443E-004, -1.877150E-004, -1.108653E-011, -1.198290E-013, 2.150400E+004 1.570926E+074 2.150400E+004, Wed Oct 07 13:43:57 2015
1.80, 0.00, 1.78, 0.00 , 1.943242E-004, -1.942950E-004, -6.096878E-012, -1.054170E-013, 2.150400E+004 1.570926E+074 2.150400E+004, Wed Oct 07 13:44:01 2015
1.80, 0.00, 1.80, 0.00 , 2.009841E-004, -2.009590E-004, -2.113573E-012, -9.582040E-014, 2.150400E+004 1.570926E+074 2.150400E+004, Wed Oct 07 13:44:04 2015
1.80, 0.00, 1.82, 0.00 , 2.077412E-004, -2.077170E-004, -5.258316E-012, -1.081230E-013, 2.150400E+004 1.570926E+074 2.150400E+004, Wed Oct 07 13:44:08 2015
1.80, 0.00, 1.84, 0.00 , 2.146063E-004, -2.145690E-004, -7.857947E-012, -1.156930E-013, 2.150400E+004 1.570926E+074 2.150400E+004, Wed Oct 07 13:44:11 2015
1.80, 0.00, 1.86, 0.00 , 2.215390E-004, -2.215070E-004, -6.390414E-012, -1.092550E-013, 2.150400E+004 1.570926E+074 2.150400E+004, Wed Oct 07 13:44:15 2015
1.80, 0.00, 1.88, 0.00 , 2.285603E-004, -2.285230E-004, -6.348491E-012, -9.928940E-014, 2.150400E+004 1.570926E+074 2.150400E+004, Wed Oct 07 13:44:18 2015
1.80, 0.00, 1.90, 0.00 , 2.356688E-004, -2.356310E-004, -1.075110E-011, -1.039030E-013, 2.150400E+004 1.570926E+074 2.150400E+004, Wed Oct 07 13:44:22 2015
1.80, 0.00, 1.92, 0.00 , 2.428606E-004, -2.428240E-004, -9.115860E-012, -1.089570E-013, 2.150400E+004 1.570926E+074 2.150400E+004, Wed Oct 07 13:44:26 2015
1.80, 0.00, 1.94, 0.00 , 2.501222E-004, -2.500890E-004, -5.677616E-012, -1.001600E-013, 2.150400E+004 1.570926E+074 2.150400E+004, Wed Oct 07 13:44:29 2015
1.80, 0.00, 1.96, 0.00 , 2.574693E-004, -2.574280E-004, -5.258328E-012, -9.624960E-014, 2.150400E+004 1.570926E+074 2.150400E+004, Wed Oct 07 13:44:33 2015
1.80, 0.00, 1.98, 0.00 , 2.648865E-004, -2.648510E-004, -6.851660E-012, -1.196500E-013, 2.150400E+004 1.570926E+074 2.150400E+004, Wed Oct 07 13:44:36 2015
1.80, 0.00, 2.00, 0.00 , 2.723842E-004, -2.723420E-004, -5.426045E-012, -1.017810E-013, 2.150400E+004 1.570926E+074 2.150400E+004, Wed Oct 07 13:44:40 2015
