0.50, 0.00, 0.00, 0.00 , 6.659057E-012, 2.523050E-012, -5.876313E-011, -9.974240E-014, 2.150400E+004 1.570926E+074 2.150400E+004, Wed Oct 07 13:54:53 2015
0.50, 0.00, 0.02, 0.00 , -7.267643E-012, 8.687380E-013, -3.247134E-011, -9.465220E-014, 2.150400E+004 1.570926E+074 2.150400E+004, Wed Oct 07 13:54:58 2015
0.50, 0.00, 0.04, 0.00 , -5.663912E-012, -3.468390E-013, -2.672657E-011, -9.828810E-014, 2.150400E+004 1.570926E+074 2.150400E+004, Wed Oct 07 13:55:14 2015
0.50, 0.00, 0.06, 0.00 , -9.842040E-012, -4.686120E-013, -2.240757E-011, -9.312630E-014, 2.150400E+004 1.570926E+074 2.150400E+004, Wed Oct 07 13:55:18 2015
0.50, 0.00, 0.08, 0.00 , -8.660335E-012, -6.120800E-013, -2.114972E-011, -8.810760E-014, 2.150400E+004 1.570926E+074 2.150400E+004, Wed Oct 07 13:55:37 2015
0.50, 0.00, 0.10, 0.00 , -8.997959E-012, -4.932880E-013, -1.850823E-011, -8.091930E-014, 2.150400E+004 1.570926E+074 2.150400E+004, Wed Oct 07 13:55:42 2015
0.50, 0.00, 0.12, 0.00 , -8.829142E-012, -7.515190E-013, -2.530086E-011, -1.066450E-013, 2.150400E+004 1.570926E+074 2.150400E+004, Wed Oct 07 13:55:49 2015
0.50, 0.00, 0.14, 0.00 , -7.985082E-012, -1.043270E-012, -1.678917E-011, -8.869170E-014, 2.150400E+004 1.570926E+074 2.150400E+004, Wed Oct 07 13:55:53 2015
0.50, 0.00, 0.16, 0.00 , -1.541283E-011, -1.131460E-012, -1.817281E-011, -1.125340E-013, 2.150400E+004 1.570926E+074 2.150400E+004, Wed Oct 07 13:56:06 2015
0.50, 0.00, 0.18, 0.00 , -9.251167E-012, -1.317830E-012, -2.005959E-011, -1.018050E-013, 2.150400E+004 1.570926E+074 2.150400E+004, Wed Oct 07 13:56:16 2015
0.50, 0.00, 0.20, 0.00 , -9.293362E-012, -1.312970E-012, -2.316229E-011, -1.055000E-013, 2.150400E+004 1.570926E+074 2.150400E+004, Wed Oct 07 13:56:34 2015
0.50, 0.00, 0.22, 0.00 , -8.871326E-012, -1.870170E-012, -2.307843E-011, -1.075630E-013, 2.150400E+004 1.570926E+074 2.150400E+004, Wed Oct 07 13:56:38 2015
0.50, 0.00, 0.24, 0.00 , -5.748295E-012, -2.569340E-012, -2.203022E-011, -9.568930E-014, 2.150400E+004 1.570926E+074 2.150400E+004, Wed Oct 07 13:56:42 2015
0.50, 0.00, 0.26, 0.00 , -5.326252E-012, -3.709390E-012, -2.144323E-011, -8.627180E-014, 2.150400E+004 1.570926E+074 2.150400E+004, Wed Oct 07 13:57:00 2015
0.50, 0.00, 0.28, 0.00 , -8.364892E-012, -6.251250E-012, -1.938874E-011, -8.227830E-014, 2.150400E+004 1.570926E+074 2.150400E+004, Wed Oct 07 13:57:05 2015
0.50, 0.00, 0.30, 0.00 , -4.439994E-012, -1.110800E-011, -1.842439E-011, -8.397100E-014, 2.150400E+004 1.570926E+074 2.150400E+004, Wed Oct 07 13:57:10 2015
0.50, 0.00, 0.32, 0.00 , 2.861069E-012, -2.096640E-011, -1.947260E-011, -1.235370E-013, 2.150400E+004 1.570926E+074 2.150400E+004, Wed Oct 07 13:57:14 2015
0.50, 0.00, 0.34, 0.00 , 2.526906E-011, -4.114970E-011, -1.922103E-011, -1.031280E-013, 2.150400E+004 1.570926E+074 2.150400E+004, Wed Oct 07 13:57:28 2015
0.50, 0.00, 0.36, 0.00 , 6.493666E-011, -8.248760E-011, -1.779548E-011, -1.079920E-013, 2.150400E+004 1.570926E+074 2.150400E+004, Wed Oct 07 13:57:33 2015
0.50, 0.00, 0.38, 0.00 , 1.492092E-010, -1.669190E-010, -1.863404E-011, -8.873940E-014, 2.150400E+004 1.570926E+074 2.150400E+004, Wed Oct 07 13:57:39 2015
0.50, 0.00, 0.40, 0.00 , 3.188094E-010, -3.376130E-010, -1.746005E-011, -9.251830E-014, 2.150400E+004 1.570926E+074 2.150400E+004, Wed Oct 07 13:57:44 2015
0.50, 0.00, 0.42, 0.00 , 6.641288E-010, -6.828720E-010, -1.842440E-011, -1.024960E-013, 2.150400E+004 1.570926E+074 2.150400E+004, Wed Oct 07 13:57:48 2015
0.50, 0.00, 0.44, 0.00 , 1.351432E-009, -1.370090E-009, -2.068852E-011, -1.047970E-013, 2.150400E+004 1.570926E+074 2.150400E+004, Wed Oct 07 13:57:53 2015
0.50, 0.00, 0.46, 0.00 , 2.682871E-009, -2.706850E-009, -1.645378E-011, -8.378030E-014, 2.150400E+004 1.570926E+074 2.150400E+004, Wed Oct 07 13:57:56 2015
0.50, 0.00, 0.48, 0.00 , 5.251771E-009, -5.273910E-009, -1.498629E-011, -9.990930E-014, 2.150400E+004 1.570926E+074 2.150400E+004, Wed Oct 07 13:58:00 2015
0.50, 0.00, 0.50, 0.00 , 1.005362E-008, -1.007500E-008, -1.859212E-011, -9.099250E-014, 2.150400E+004 1.570926E+074 2.150400E+004, Wed Oct 07 13:58:04 2015
0.50, 0.00, 0.52, 0.00 , 1.877117E-008, -1.879490E-008, -1.716656E-011, -1.029250E-013, 2.150400E+004 1.570926E+074 2.150400E+004, Wed Oct 07 13:58:07 2015
0.50, 0.00, 0.54, 0.00 , 3.417793E-008, -3.419380E-008, -1.519594E-011, -1.030800E-013, 2.150400E+004 1.570926E+074 2.150400E+004, Wed Oct 07 13:58:11 2015
0.50, 0.00, 0.56, 0.00 , 6.038140E-008, -6.041570E-008, -1.695692E-011, -7.598400E-014, 2.150400E+004 1.570926E+074 2.150400E+004, Wed Oct 07 13:58:15 2015
0.50, 0.00, 0.58, 0.00 , 1.032910E-007, -1.033600E-007, -1.511208E-011, -9.168390E-014, 2.150400E+004 1.570926E+074 2.150400E+004, Wed Oct 07 13:58:18 2015
0.50, 0.00, 0.60, 0.00 , 1.702787E-007, -1.702930E-007, -1.607643E-011, -8.580680E-014, 2.150400E+004 1.570926E+074 2.150400E+004, Wed Oct 07 13:58:22 2015
0.50, 0.00, 0.62, 0.00 , 2.699775E-007, -2.700000E-007, -1.800512E-011, -1.049880E-013, 2.150400E+004 1.570926E+074 2.150400E+004, Wed Oct 07 13:58:25 2015
0.50, 0.00, 0.64, 0.00 , 4.122870E-007, -4.122930E-007, -1.653764E-011, -9.034870E-014, 2.150400E+004 1.570926E+074 2.150400E+004, Wed Oct 07 13:58:29 2015
0.50, 0.00, 0.66, 0.00 , 6.066911E-007, -6.066610E-007, -1.628607E-011, -8.852480E-014, 2.150400E+004 1.570926E+074 2.150400E+004, Wed Oct 07 13:58:32 2015
0.50, 0.00, 0.68, 0.00 , 8.631133E-007, -8.630410E-007, -1.603450E-011, -1.179100E-013, 2.150400E+004 1.570926E+074 2.150400E+004, Wed Oct 07 13:58:36 2015
0.50, 0.00, 0.70, 0.00 , 1.190862E-006, -1.191090E-006, -1.578293E-011, -9.480720E-014, 2.150400E+004 1.570926E+074 2.150400E+004, Wed Oct 07 13:58:40 2015
0.50, 0.00, 0.72, 0.00 , 1.597847E-006, -1.597700E-006, -1.653764E-011, -1.250510E-013, 2.150400E+004 1.570926E+074 2.150400E+004, Wed Oct 07 13:58:43 2015
0.50, 0.00, 0.74, 0.00 , 2.092180E-006, -2.092170E-006, -1.532173E-011, -1.304150E-013, 2.150400E+004 1.570926E+074 2.150400E+004, Wed Oct 07 13:58:47 2015
0.50, 0.00, 0.76, 0.00 , 2.680770E-006, -2.680840E-006, -1.507016E-011, -9.856220E-014, 2.150400E+004 1.570926E+074 2.150400E+004, Wed Oct 07 13:58:50 2015
0.50, 0.00, 0.78, 0.00 , 3.369189E-006, -3.368710E-006, -1.817284E-011, -1.195670E-013, 2.150400E+004 1.570926E+074 2.150400E+004, Wed Oct 07 13:58:54 2015
0.50, 0.00, 0.80, 0.00 , 4.161308E-006, -4.161490E-006, -1.406388E-011, -1.011370E-013, 2.150400E+004 1.570926E+074 2.150400E+004, Wed Oct 07 13:58:57 2015
0.50, 0.00, 0.82, 0.00 , 5.064147E-006, -5.064300E-006, -1.439932E-011, -1.030090E-013, 2.150400E+004 1.570926E+074 2.150400E+004, Wed Oct 07 13:59:01 2015
0.50, 0.00, 0.84, 0.00 , 6.077873E-006, -6.077200E-006, -1.167399E-011, -1.018170E-013, 2.150400E+004 1.570926E+074 2.150400E+004, Wed Oct 07 13:59:05 2015
0.50, 0.00, 0.86, 0.00 , 7.209620E-006, -7.208790E-006, -1.477667E-011, -1.101610E-013, 2.150400E+004 1.570926E+074 2.150400E+004, Wed Oct 07 13:59:08 2015
0.50, 0.00, 0.88, 0.00 , 8.459036E-006, -8.458520E-006, -1.427354E-011, -1.112700E-013, 2.150400E+004 1.570926E+074 2.150400E+004, Wed Oct 07 13:59:12 2015
0.50, 0.00, 0.90, 0.00 , 9.829276E-006, -9.827400E-006, -1.293184E-011, -9.471180E-014, 2.150400E+004 1.570926E+074 2.150400E+004, Wed Oct 07 13:59:15 2015
0.50, 0.00, 0.92, 0.00 , 1.132180E-005, -1.132680E-005, -1.507017E-011, -9.543900E-014, 2.150400E+004 1.570926E+074 2.150400E+004, Wed Oct 07 13:59:19 2015
0.50, 0.00, 0.94, 0.00 , 1.293989E-005, -1.294380E-005, -1.393811E-011, -9.614230E-014, 2.150400E+004 1.570926E+074 2.150400E+004, Wed Oct 07 13:59:22 2015
0.50, 0.00, 0.96, 0.00 , 1.468148E-005, -1.468420E-005, -1.460897E-011, -1.009460E-013, 2.150400E+004 1.570926E+074 2.150400E+004, Wed Oct 07 13:59:26 2015
0.50, 0.00, 0.98, 0.00 , 1.654795E-005, -1.655130E-005, -1.448318E-011, -1.050830E-013, 2.150400E+004 1.570926E+074 2.150400E+004, Wed Oct 07 13:59:30 2015
0.50, 0.00, 1.00, 0.00 , 1.853806E-005, -1.854140E-005, -1.364462E-011, -1.062630E-013, 2.150400E+004 1.570926E+074 2.150400E+004, Wed Oct 07 13:59:33 2015
0.50, 0.00, 1.02, 0.00 , 2.065344E-005, -2.065450E-005, -1.284799E-011, -9.100440E-014, 2.150400E+004 1.570926E+074 2.150400E+004, Wed Oct 07 13:59:37 2015
0.50, 0.00, 1.04, 0.00 , 2.288657E-005, -2.288800E-005, -1.293185E-011, -7.252690E-014, 2.150400E+004 1.570926E+074 2.150400E+004, Wed Oct 07 13:59:40 2015
0.50, 0.00, 1.06, 0.00 , 2.523043E-005, -2.523140E-005, -1.230293E-011, -1.244660E-013, 2.150400E+004 1.570926E+074 2.150400E+004, Wed Oct 07 13:59:44 2015
0.50, 0.00, 1.08, 0.00 , 2.768803E-005, -2.768940E-005, -1.360270E-011, -1.091600E-013, 2.150400E+004 1.570926E+074 2.150400E+004, Wed Oct 07 13:59:47 2015
0.50, 0.00, 1.10, 0.00 , 3.024996E-005, -3.025180E-005, -1.268027E-011, -1.111980E-013, 2.150400E+004 1.570926E+074 2.150400E+004, Wed Oct 07 13:59:51 2015
0.50, 0.00, 1.12, 0.00 , 3.290566E-005, -3.290710E-005, -1.393812E-011, -8.894210E-014, 2.150400E+004 1.570926E+074 2.150400E+004, Wed Oct 07 13:59:54 2015
0.50, 0.00, 1.14, 0.00 , 3.564603E-005, -3.564880E-005, -1.330921E-011, -1.238470E-013, 2.150400E+004 1.570926E+074 2.150400E+004, Wed Oct 07 13:59:58 2015
0.50, 0.00, 1.16, 0.00 , 3.846084E-005, -3.845790E-005, -1.133859E-011, -1.247170E-013, 2.150400E+004 1.570926E+074 2.150400E+004, Wed Oct 07 14:00:01 2015
0.50, 0.00, 1.18, 0.00 , 4.134537E-005, -4.134180E-005, -1.175787E-011, -9.779930E-014, 2.150400E+004 1.570926E+074 2.150400E+004, Wed Oct 07 14:00:05 2015
0.50, 0.00, 1.20, 0.00 , 4.428167E-005, -4.427850E-005, -1.238679E-011, -9.293560E-014, 2.150400E+004 1.570926E+074 2.150400E+004, Wed Oct 07 14:00:09 2015
0.50, 0.00, 1.22, 0.00 , 4.726945E-005, -4.726640E-005, -1.096125E-011, -1.051550E-013, 2.150400E+004 1.570926E+074 2.150400E+004, Wed Oct 07 14:00:12 2015
0.50, 0.00, 1.24, 0.00 , 5.029865E-005, -5.029230E-005, -1.054196E-011, -9.005070E-014, 2.150400E+004 1.570926E+074 2.150400E+004, Wed Oct 07 14:00:16 2015
0.50, 0.00, 1.26, 0.00 , 5.335793E-005, -5.335480E-005, -1.146438E-011, -1.049280E-013, 2.150400E+004 1.570926E+074 2.150400E+004, Wed Oct 07 14:00:19 2015
0.50, 0.00, 1.28, 0.00 , 5.644772E-005, -5.644430E-005, -1.435742E-011, -1.012090E-013, 2.150400E+004 1.570926E+074 2.150400E+004, Wed Oct 07 14:00:23 2015
0.50, 0.00, 1.30, 0.00 , 5.955953E-005, -5.955560E-005, -1.117088E-011, -1.032950E-013, 2.150400E+004 1.570926E+074 2.150400E+004, Wed Oct 07 14:00:26 2015
0.50, 0.00, 1.32, 0.00 , 6.268099E-005, -6.267440E-005, -1.268030E-011, -1.093980E-013, 2.150400E+004 1.570926E+074 2.150400E+004, Wed Oct 07 14:00:30 2015
0.50, 0.00, 1.34, 0.00 , 6.581185E-005, -6.580460E-005, -1.129667E-011, -1.068350E-013, 2.150400E+004 1.570926E+074 2.150400E+004, Wed Oct 07 14:00:33 2015
0.50, 0.00, 1.36, 0.00 , 6.894502E-005, -6.893450E-005, -9.242209E-012, -1.153830E-013, 2.150400E+004 1.570926E+074 2.150400E+004, Wed Oct 07 14:00:37 2015
0.50, 0.00, 1.38, 0.00 , 7.207429E-005, -7.206560E-005, -1.133860E-011, -9.129050E-014, 2.150400E+004 1.570926E+074 2.150400E+004, Wed Oct 07 14:00:41 2015
0.50, 0.00, 1.40, 0.00 , 7.520054E-005, -7.519040E-005, -1.234487E-011, -1.156090E-013, 2.150400E+004 1.570926E+074 2.150400E+004, Wed Oct 07 14:00:44 2015
0.50, 0.00, 1.42, 0.00 , 7.832072E-005, -7.831070E-005, -1.142246E-011, -1.052980E-013, 2.150400E+004 1.570926E+074 2.150400E+004, Wed Oct 07 14:00:48 2015
0.50, 0.00, 1.44, 0.00 , 8.143303E-005, -8.141820E-005, -1.133862E-011, -1.064420E-013, 2.150400E+004 1.570926E+074 2.150400E+004, Wed Oct 07 14:00:51 2015
0.50, 0.00, 1.46, 0.00 , 8.452595E-005, -8.451430E-005, -1.075163E-011, -1.009940E-013, 2.150400E+004 1.570926E+074 2.150400E+004, Wed Oct 07 14:00:55 2015
0.50, 0.00, 1.48, 0.00 , 8.760857E-005, -8.759710E-005, -1.108705E-011, -1.135590E-013, 2.150400E+004 1.570926E+074 2.150400E+004, Wed Oct 07 14:00:58 2015
0.50, 0.00, 1.50, 0.00 , 9.067572E-005, -9.066230E-005, -1.104512E-011, -9.573700E-014, 2.150400E+004 1.570926E+074 2.150400E+004, Wed Oct 07 14:01:02 2015
0.50, 0.00, 1.52, 0.00 , 9.372341E-005, -9.370990E-005, -9.954992E-012, -1.087070E-013, 2.150400E+004 1.570926E+074 2.150400E+004, Wed Oct 07 14:01:05 2015
0.50, 0.00, 1.54, 0.00 , 9.675230E-005, -9.673440E-005, -9.116432E-012, -9.781120E-014, 2.150400E+004 1.570926E+074 2.150400E+004, Wed Oct 07 14:01:09 2015
0.50, 0.00, 1.56, 0.00 , 9.975705E-005, -9.974190E-005, -9.074508E-012, -1.041050E-013, 2.150400E+004 1.570926E+074 2.150400E+004, Wed Oct 07 14:01:13 2015
0.50, 0.00, 1.58, 0.00 , 1.027413E-004, -1.027240E-004, -9.703426E-012, -1.006360E-013, 2.150400E+004 1.570926E+074 2.150400E+004, Wed Oct 07 14:01:16 2015
0.50, 0.00, 1.60, 0.00 , 1.056969E-004, -1.056850E-004, -9.787286E-012, -1.095060E-013, 2.150400E+004 1.570926E+074 2.150400E+004, Wed Oct 07 14:01:20 2015
0.50, 0.00, 1.62, 0.00 , 1.086284E-004, -1.086150E-004, -1.016464E-011, -1.139520E-013, 2.150400E+004 1.570926E+074 2.150400E+004, Wed Oct 07 14:01:23 2015
0.50, 0.00, 1.64, 0.00 , 1.115374E-004, -1.115230E-004, -9.242229E-012, -1.039030E-013, 2.150400E+004 1.570926E+074 2.150400E+004, Wed Oct 07 14:01:27 2015
0.50, 0.00, 1.66, 0.00 , 1.144167E-004, -1.144030E-004, -1.117091E-011, -8.475780E-014, 2.150400E+004 1.570926E+074 2.150400E+004, Wed Oct 07 14:01:30 2015
0.50, 0.00, 1.68, 0.00 , 1.172679E-004, -1.172530E-004, -9.787290E-012, -1.184940E-013, 2.150400E+004 1.570926E+074 2.150400E+004, Wed Oct 07 14:01:34 2015
0.50, 0.00, 1.70, 0.00 , 1.200826E-004, -1.200680E-004, -8.487528E-012, -1.009580E-013, 2.150400E+004 1.570926E+074 2.150400E+004, Wed Oct 07 14:01:38 2015
0.50, 0.00, 1.72, 0.00 , 1.228724E-004, -1.228600E-004, -8.822958E-012, -1.062630E-013, 2.150400E+004 1.570926E+074 2.150400E+004, Wed Oct 07 14:01:41 2015
0.50, 0.00, 1.74, 0.00 , 1.256358E-004, -1.256180E-004, -7.858618E-012, -9.385350E-014, 2.150400E+004 1.570926E+074 2.150400E+004, Wed Oct 07 14:01:45 2015
0.50, 0.00, 1.76, 0.00 , 1.283621E-004, -1.283480E-004, -9.158381E-012, -1.059170E-013, 2.150400E+004 1.570926E+074 2.150400E+004, Wed Oct 07 14:01:48 2015
0.50, 0.00, 1.78, 0.00 , 1.310612E-004, -1.310440E-004, -8.529471E-012, -1.069430E-013, 2.150400E+004 1.570926E+074 2.150400E+004, Wed Oct 07 14:01:52 2015
0.50, 0.00, 1.80, 0.00 , 1.337255E-004, -1.337060E-004, -7.648989E-012, -1.121400E-013, 2.150400E+004 1.570926E+074 2.150400E+004, Wed Oct 07 14:01:55 2015
0.50, 0.00, 1.82, 0.00 , 1.363610E-004, -1.363430E-004, -1.024851E-011, -1.096370E-013, 2.150400E+004 1.570926E+074 2.150400E+004, Wed Oct 07 14:01:59 2015
0.50, 0.00, 1.84, 0.00 , 1.389683E-004, -1.389520E-004, -7.355491E-012, -9.666680E-014, 2.150400E+004 1.570926E+074 2.150400E+004, Wed Oct 07 14:02:02 2015
0.50, 0.00, 1.86, 0.00 , 1.415409E-004, -1.415270E-004, -7.271629E-012, -9.220840E-014, 2.150400E+004 1.570926E+074 2.150400E+004, Wed Oct 07 14:02:06 2015
0.50, 0.00, 1.88, 0.00 , 1.440851E-004, -1.440660E-004, -9.661518E-012, -9.076600E-014, 2.150400E+004 1.570926E+074 2.150400E+004, Wed Oct 07 14:02:09 2015
0.50, 0.00, 1.90, 0.00 , 1.465937E-004, -1.465770E-004, -8.990694E-012, -1.048450E-013, 2.150400E+004 1.570926E+074 2.150400E+004, Wed Oct 07 14:02:13 2015
0.50, 0.00, 1.92, 0.00 , 1.490687E-004, -1.490510E-004, -6.516950E-012, -9.685750E-014, 2.150400E+004 1.570926E+074 2.150400E+004, Wed Oct 07 14:02:17 2015
0.50, 0.00, 1.94, 0.00 , 1.515115E-004, -1.514970E-004, -9.242263E-012, -8.033510E-014, 2.150400E+004 1.570926E+074 2.150400E+004, Wed Oct 07 14:02:20 2015
0.50, 0.00, 1.96, 0.00 , 1.539251E-004, -1.539060E-004, -8.445640E-012, -1.031760E-013, 2.150400E+004 1.570926E+074 2.150400E+004, Wed Oct 07 14:02:24 2015
0.50, 0.00, 1.98, 0.00 , 1.562957E-004, -1.562810E-004, -7.397426E-012, -9.633300E-014, 2.150400E+004 1.570926E+074 2.150400E+004, Wed Oct 07 14:02:27 2015
0.50, 0.00, 2.00, 0.00 , 1.586409E-004, -1.586200E-004, -7.481299E-012, -1.070740E-013, 2.150400E+004 1.570926E+074 2.150400E+004, Wed Oct 07 14:02:31 2015
