0.00, 0.00, 1.20, 0.00 , 2.972716E-010, -3.301090E-010, -2.165297E-011, -9.282830E-014, 2.150400E+004 1.570926E+074 2.150400E+004, Sun Oct 11 03:56:53 2015
0.05, 0.00, 1.20, 0.00 , 2.726558E-006, -2.723680E-006, -2.630698E-011, -8.887050E-014, 2.150400E+004 1.570926E+074 2.150400E+004, Sun Oct 11 03:56:58 2015
0.10, 0.00, 1.20, 0.00 , 1.349492E-005, -1.348370E-005, -2.630698E-011, -8.386370E-014, 2.150400E+004 1.570926E+074 2.150400E+004, Sun Oct 11 03:57:02 2015
0.15, 0.00, 1.20, 0.00 , 2.659906E-005, -2.657280E-005, -2.307843E-011, -8.128880E-014, 2.150400E+004 1.570926E+074 2.150400E+004, Sun Oct 11 03:57:06 2015
0.20, 0.00, 1.20, 0.00 , 3.871447E-005, -3.867700E-005, -2.831959E-011, -7.543560E-014, 2.150400E+004 1.570926E+074 2.150400E+004, Sun Oct 11 03:57:10 2015
0.25, 0.00, 1.20, 0.00 , 4.855750E-005, -4.850960E-005, -2.316229E-011, -7.832050E-014, 2.150400E+004 1.570926E+074 2.150400E+004, Sun Oct 11 03:57:14 2015
0.30, 0.00, 1.20, 0.00 , 5.612579E-005, -5.608240E-005, -2.412666E-011, -8.291010E-014, 2.150400E+004 1.570926E+074 2.150400E+004, Sun Oct 11 03:57:17 2015
0.35, 0.00, 1.20, 0.00 , 6.159667E-005, -6.155510E-005, -2.077255E-011, -9.026530E-014, 2.150400E+004 1.570926E+074 2.150400E+004, Sun Oct 11 03:57:21 2015
0.40, 0.00, 1.20, 0.00 , 6.525085E-005, -6.521760E-005, -1.754431E-011, -8.900170E-014, 2.150400E+004 1.570926E+074 2.150400E+004, Sun Oct 11 03:57:24 2015
0.45, 0.00, 1.20, 0.00 , 6.745342E-005, -6.742490E-005, -2.601348E-011, -1.146320E-013, 2.150400E+004 1.570926E+074 2.150400E+004, Sun Oct 11 03:57:28 2015
0.50, 0.00, 1.20, 0.00 , 6.864798E-005, -6.861990E-005, -2.295265E-011, -8.474590E-014, 2.150400E+004 1.570926E+074 2.150400E+004, Sun Oct 11 03:57:31 2015
0.55, 0.00, 1.20, 0.00 , 6.921063E-005, -6.919310E-005, -2.110795E-011, -6.356240E-014, 2.150400E+004 1.570926E+074 2.150400E+004, Sun Oct 11 03:57:35 2015
0.60, 0.00, 1.20, 0.00 , 6.944403E-005, -6.942220E-005, -2.429438E-011, -9.174350E-014, 2.150400E+004 1.570926E+074 2.150400E+004, Sun Oct 11 03:57:38 2015
0.65, 0.00, 1.20, 0.00 , 6.952447E-005, -6.950530E-005, -2.462981E-011, -8.291010E-014, 2.150400E+004 1.570926E+074 2.150400E+004, Sun Oct 11 03:57:42 2015
0.70, 0.00, 1.20, 0.00 , 6.953436E-005, -6.951990E-005, -2.534261E-011, -1.003860E-013, 2.150400E+004 1.570926E+074 2.150400E+004, Sun Oct 11 03:57:46 2015
0.75, 0.00, 1.20, 0.00 , 6.952398E-005, -6.950920E-005, -2.739715E-011, -9.807350E-014, 2.150400E+004 1.570926E+074 2.150400E+004, Sun Oct 11 03:57:49 2015
0.80, 0.00, 1.20, 0.00 , 6.951078E-005, -6.950080E-005, -2.597155E-011, -1.140480E-013, 2.150400E+004 1.570926E+074 2.150400E+004, Sun Oct 11 03:57:53 2015
0.85, 0.00, 1.20, 0.00 , 6.950967E-005, -6.949480E-005, -2.517489E-011, -9.486680E-014, 2.150400E+004 1.570926E+074 2.150400E+004, Sun Oct 11 03:57:56 2015
0.90, 0.00, 1.20, 0.00 , 6.950793E-005, -6.949330E-005, -2.475560E-011, -7.301570E-014, 2.150400E+004 1.570926E+074 2.150400E+004, Sun Oct 11 03:58:00 2015
0.95, 0.00, 1.20, 0.00 , 6.951070E-005, -6.950290E-005, -2.240763E-011, -9.973050E-014, 2.150400E+004 1.570926E+074 2.150400E+004, Sun Oct 11 03:58:03 2015
1.00, 0.00, 1.20, 0.00 , 6.952102E-005, -6.950720E-005, -2.618119E-011, -9.564160E-014, 2.150400E+004 1.570926E+074 2.150400E+004, Sun Oct 11 03:58:07 2015
1.05, 0.00, 1.20, 0.00 , 6.952987E-005, -6.952250E-005, -2.953553E-011, -7.735490E-014, 2.150400E+004 1.570926E+074 2.150400E+004, Sun Oct 11 03:58:10 2015
1.10, 0.00, 1.20, 0.00 , 6.953954E-005, -6.952910E-005, -2.144335E-011, -9.678600E-014, 2.150400E+004 1.570926E+074 2.150400E+004, Sun Oct 11 03:58:14 2015
1.15, 0.00, 1.20, 0.00 , 6.954552E-005, -6.953330E-005, -2.722943E-011, -6.903410E-014, 2.150400E+004 1.570926E+074 2.150400E+004, Sun Oct 11 03:58:17 2015
1.20, 0.00, 1.20, 0.00 , 6.956248E-005, -6.955030E-005, -1.972442E-011, -1.098160E-013, 2.150400E+004 1.570926E+074 2.150400E+004, Sun Oct 11 03:58:21 2015
1.25, 0.00, 1.20, 0.00 , 6.960014E-005, -6.958780E-005, -3.117078E-011, -9.146930E-014, 2.150400E+004 1.570926E+074 2.150400E+004, Sun Oct 11 03:58:25 2015
1.30, 0.00, 1.20, 0.00 , 6.981847E-005, -6.982410E-005, -2.957747E-011, -8.622410E-014, 2.150400E+004 1.570926E+074 2.150400E+004, Sun Oct 11 03:58:28 2015
1.35, 0.00, 1.20, 0.00 , 7.090554E-005, -7.096510E-005, -2.865502E-011, -9.729860E-014, 2.150400E+004 1.570926E+074 2.150400E+004, Sun Oct 11 03:58:32 2015
1.40, 0.00, 1.20, 0.00 , 7.331024E-005, -7.336340E-005, -2.974518E-011, -9.535550E-014, 2.150400E+004 1.570926E+074 2.150400E+004, Sun Oct 11 03:58:35 2015
1.45, 0.00, 1.20, 0.00 , 7.563087E-005, -7.560310E-005, -2.660049E-011, -9.479520E-014, 2.150400E+004 1.570926E+074 2.150400E+004, Sun Oct 11 03:58:39 2015
1.50, 0.00, 1.20, 0.00 , 7.766253E-005, -7.768030E-005, -3.029026E-011, -9.443760E-014, 2.150400E+004 1.570926E+074 2.150400E+004, Sun Oct 11 03:58:42 2015
1.55, 0.00, 1.20, 0.00 , 7.977295E-005, -7.980490E-005, -2.500718E-011, -8.215900E-014, 2.150400E+004 1.570926E+074 2.150400E+004, Sun Oct 11 03:58:46 2015
1.60, 0.00, 1.20, 0.00 , 8.241753E-005, -8.237970E-005, -3.460898E-011, -9.384160E-014, 2.150400E+004 1.570926E+074 2.150400E+004, Sun Oct 11 03:58:49 2015
1.65, 0.00, 1.20, 0.00 , 8.593313E-005, -8.588370E-005, -2.530068E-011, -9.055140E-014, 2.150400E+004 1.570926E+074 2.150400E+004, Sun Oct 11 03:58:53 2015
1.70, 0.00, 1.20, 0.00 , 8.986247E-005, -8.987180E-005, -2.643277E-011, -1.023770E-013, 2.150400E+004 1.570926E+074 2.150400E+004, Sun Oct 11 03:58:57 2015
1.75, 0.00, 1.20, 0.00 , 9.445594E-005, -9.445190E-005, -2.119180E-011, -1.051550E-013, 2.150400E+004 1.570926E+074 2.150400E+004, Sun Oct 11 03:59:00 2015
1.80, 0.00, 1.20, 0.00 , 9.988761E-005, -9.987960E-005, -2.785837E-011, -7.816550E-014, 2.150400E+004 1.570926E+074 2.150400E+004, Sun Oct 11 03:59:04 2015
1.85, 0.00, 1.20, 0.00 , 1.067074E-004, -1.066990E-004, -2.806801E-011, -8.723740E-014, 2.150400E+004 1.570926E+074 2.150400E+004, Sun Oct 11 03:59:07 2015
1.90, 0.00, 1.20, 0.00 , 1.143535E-004, -1.143610E-004, -3.049991E-011, -8.122920E-014, 2.150400E+004 1.570926E+074 2.150400E+004, Sun Oct 11 03:59:11 2015
1.95, 0.00, 1.20, 0.00 , 1.221649E-004, -1.221520E-004, -2.622312E-011, -8.038280E-014, 2.150400E+004 1.570926E+074 2.150400E+004, Sun Oct 11 03:59:14 2015
2.00, 0.00, 1.20, 0.00 , 1.294275E-004, -1.294190E-004, -2.999676E-011, -7.603170E-014, 2.150400E+004 1.570926E+074 2.150400E+004, Sun Oct 11 03:59:18 2015
