0.00, 0.00, 1.60, 0.00 , 4.226048E-008, -4.042820E-008, -7.817217E-012, -1.004100E-013, 2.150400E+004 1.570926E+074 2.150400E+004, Wed Oct 07 14:24:23 2015
0.05, 0.00, 1.60, 0.00 , 1.390682E-005, -1.391500E-005, -1.138096E-011, -9.073020E-014, 2.150400E+004 1.570926E+074 2.150400E+004, Wed Oct 07 14:24:26 2015
0.10, 0.00, 1.60, 0.00 , 2.709662E-005, -2.709810E-005, -1.108747E-011, -1.240610E-013, 2.150400E+004 1.570926E+074 2.150400E+004, Wed Oct 07 14:24:30 2015
0.15, 0.00, 1.60, 0.00 , 3.955375E-005, -3.955350E-005, -1.247105E-011, -8.167030E-014, 2.150400E+004 1.570926E+074 2.150400E+004, Wed Oct 07 14:24:34 2015
0.20, 0.00, 1.60, 0.00 , 5.127335E-005, -5.126900E-005, -1.632828E-011, -1.144530E-013, 2.150400E+004 1.570926E+074 2.150400E+004, Wed Oct 07 14:24:37 2015
0.25, 0.00, 1.60, 0.00 , 6.224073E-005, -6.223420E-005, -1.486085E-011, -1.186250E-013, 2.150400E+004 1.570926E+074 2.150400E+004, Wed Oct 07 14:24:41 2015
0.30, 0.00, 1.60, 0.00 , 7.248107E-005, -7.247180E-005, -1.377077E-011, -1.058340E-013, 2.150400E+004 1.570926E+074 2.150400E+004, Wed Oct 07 14:24:44 2015
0.35, 0.00, 1.60, 0.00 , 8.195525E-005, -8.194380E-005, -1.251298E-011, -7.659200E-014, 2.150400E+004 1.570926E+074 2.150400E+004, Wed Oct 07 14:24:48 2015
0.40, 0.00, 1.60, 0.00 , 9.065778E-005, -9.064200E-005, -1.687332E-011, -1.115200E-013, 2.150400E+004 1.570926E+074 2.150400E+004, Wed Oct 07 14:24:51 2015
0.45, 0.00, 1.60, 0.00 , 9.854785E-005, -9.853180E-005, -1.402233E-011, -1.117940E-013, 2.150400E+004 1.570926E+074 2.150400E+004, Wed Oct 07 14:24:55 2015
0.50, 0.00, 1.60, 0.00 , 1.056440E-004, -1.056310E-004, -1.381269E-011, -8.970500E-014, 2.150400E+004 1.570926E+074 2.150400E+004, Wed Oct 07 14:24:59 2015
0.55, 0.00, 1.60, 0.00 , 1.119508E-004, -1.119370E-004, -1.637020E-011, -1.117470E-013, 2.150400E+004 1.570926E+074 2.150400E+004, Wed Oct 07 14:25:02 2015
0.60, 0.00, 1.60, 0.00 , 1.174818E-004, -1.174670E-004, -1.498664E-011, -1.214980E-013, 2.150400E+004 1.570926E+074 2.150400E+004, Wed Oct 07 14:25:06 2015
0.65, 0.00, 1.60, 0.00 , 1.222367E-004, -1.222200E-004, -1.716681E-011, -1.086710E-013, 2.150400E+004 1.570926E+074 2.150400E+004, Wed Oct 07 14:25:09 2015
0.70, 0.00, 1.60, 0.00 , 1.262218E-004, -1.262070E-004, -1.314187E-011, -1.142740E-013, 2.150400E+004 1.570926E+074 2.150400E+004, Wed Oct 07 14:25:13 2015
0.75, 0.00, 1.60, 0.00 , 1.294732E-004, -1.294570E-004, -1.699911E-011, -1.080750E-013, 2.150400E+004 1.570926E+074 2.150400E+004, Wed Oct 07 14:25:16 2015
0.80, 0.00, 1.60, 0.00 , 1.320336E-004, -1.320220E-004, -1.377078E-011, -8.488890E-014, 2.150400E+004 1.570926E+074 2.150400E+004, Wed Oct 07 14:25:20 2015
0.85, 0.00, 1.60, 0.00 , 1.339694E-004, -1.339540E-004, -1.628635E-011, -1.014950E-013, 2.150400E+004 1.570926E+074 2.150400E+004, Wed Oct 07 14:25:23 2015
0.90, 0.00, 1.60, 0.00 , 1.353636E-004, -1.353460E-004, -1.561554E-011, -1.199130E-013, 2.150400E+004 1.570926E+074 2.150400E+004, Wed Oct 07 14:25:27 2015
0.95, 0.00, 1.60, 0.00 , 1.363019E-004, -1.362900E-004, -1.515434E-011, -1.079800E-013, 2.150400E+004 1.570926E+074 2.150400E+004, Wed Oct 07 14:25:30 2015
1.00, 0.00, 1.60, 0.00 , 1.369104E-004, -1.368940E-004, -1.754415E-011, -1.096730E-013, 2.150400E+004 1.570926E+074 2.150400E+004, Wed Oct 07 14:25:34 2015
1.05, 0.00, 1.60, 0.00 , 1.372851E-004, -1.372680E-004, -1.402233E-011, -9.760860E-014, 2.150400E+004 1.570926E+074 2.150400E+004, Wed Oct 07 14:25:38 2015
1.10, 0.00, 1.60, 0.00 , 1.375204E-004, -1.375050E-004, -1.733452E-011, -9.679790E-014, 2.150400E+004 1.570926E+074 2.150400E+004, Wed Oct 07 14:25:41 2015
1.15, 0.00, 1.60, 0.00 , 1.376784E-004, -1.376660E-004, -1.653792E-011, -9.781120E-014, 2.150400E+004 1.570926E+074 2.150400E+004, Wed Oct 07 14:25:45 2015
1.20, 0.00, 1.60, 0.00 , 1.377960E-004, -1.377770E-004, -1.817305E-011, -1.069430E-013, 2.150400E+004 1.570926E+074 2.150400E+004, Wed Oct 07 14:25:48 2015
1.25, 0.00, 1.60, 0.00 , 1.378904E-004, -1.378730E-004, -1.616058E-011, -1.102690E-013, 2.150400E+004 1.570926E+074 2.150400E+004, Wed Oct 07 14:25:52 2015
1.30, 0.00, 1.60, 0.00 , 1.379657E-004, -1.379530E-004, -1.678947E-011, -1.193280E-013, 2.150400E+004 1.570926E+074 2.150400E+004, Wed Oct 07 14:25:55 2015
1.35, 0.00, 1.60, 0.00 , 1.380353E-004, -1.380170E-004, -1.771186E-011, -9.398460E-014, 2.150400E+004 1.570926E+074 2.150400E+004, Wed Oct 07 14:25:59 2015
1.40, 0.00, 1.60, 0.00 , 1.380891E-004, -1.380740E-004, -1.649600E-011, -1.002430E-013, 2.150400E+004 1.570926E+074 2.150400E+004, Wed Oct 07 14:26:02 2015
1.45, 0.00, 1.60, 0.00 , 1.381435E-004, -1.381240E-004, -1.880194E-011, -9.568930E-014, 2.150400E+004 1.570926E+074 2.150400E+004, Wed Oct 07 14:26:06 2015
1.50, 0.00, 1.60, 0.00 , 1.381981E-004, -1.381790E-004, -1.502857E-011, -1.055240E-013, 2.150400E+004 1.570926E+074 2.150400E+004, Wed Oct 07 14:26:09 2015
1.55, 0.00, 1.60, 0.00 , 1.382362E-004, -1.382220E-004, -1.901158E-011, -1.072650E-013, 2.150400E+004 1.570926E+074 2.150400E+004, Wed Oct 07 14:26:13 2015
1.60, 0.00, 1.60, 0.00 , 1.382769E-004, -1.382650E-004, -2.052092E-011, -1.262550E-013, 2.150400E+004 1.570926E+074 2.150400E+004, Wed Oct 07 14:26:17 2015
1.65, 0.00, 1.60, 0.00 , 1.383228E-004, -1.383070E-004, -1.796341E-011, -9.179120E-014, 2.150400E+004 1.570926E+074 2.150400E+004, Wed Oct 07 14:26:20 2015
1.70, 0.00, 1.60, 0.00 , 1.383582E-004, -1.383360E-004, -1.846653E-011, -1.227380E-013, 2.150400E+004 1.570926E+074 2.150400E+004, Wed Oct 07 14:26:24 2015
1.75, 0.00, 1.60, 0.00 , 1.383957E-004, -1.383780E-004, -1.704104E-011, -1.055960E-013, 2.150400E+004 1.570926E+074 2.150400E+004, Wed Oct 07 14:26:27 2015
1.80, 0.00, 1.60, 0.00 , 1.384311E-004, -1.384130E-004, -1.704104E-011, -1.107690E-013, 2.150400E+004 1.570926E+074 2.150400E+004, Wed Oct 07 14:26:31 2015
1.85, 0.00, 1.60, 0.00 , 1.384700E-004, -1.384510E-004, -1.804727E-011, -1.027110E-013, 2.150400E+004 1.570926E+074 2.150400E+004, Wed Oct 07 14:26:34 2015
1.90, 0.00, 1.60, 0.00 , 1.385044E-004, -1.384890E-004, -1.922121E-011, -1.071930E-013, 2.150400E+004 1.570926E+074 2.150400E+004, Wed Oct 07 14:26:38 2015
1.95, 0.00, 1.60, 0.00 , 1.385411E-004, -1.385290E-004, -2.110789E-011, -1.073120E-013, 2.150400E+004 1.570926E+074 2.150400E+004, Wed Oct 07 14:26:41 2015
2.00, 0.00, 1.60, 0.00 , 1.385841E-004, -1.385700E-004, -1.947277E-011, -1.126170E-013, 2.150400E+004 1.570926E+074 2.150400E+004, Wed Oct 07 14:26:45 2015
