0.00, 0.00, 2.00, 0.00 , -6.767401E-010, 6.562320E-010, -1.989212E-011, -1.102570E-013, 2.150400E+004 1.570926E+074 2.150400E+004, Sun Oct 11 04:02:22 2015
0.05, 0.00, 2.00, 0.00 , 8.076320E-006, -8.079830E-006, -2.265918E-011, -8.599760E-014, 2.150400E+004 1.570926E+074 2.150400E+004, Sun Oct 11 04:02:27 2015
0.10, 0.00, 2.00, 0.00 , 3.354232E-005, -3.355040E-005, -2.131757E-011, -9.195800E-014, 2.150400E+004 1.570926E+074 2.150400E+004, Sun Oct 11 04:02:31 2015
0.15, 0.00, 2.00, 0.00 , 6.806546E-005, -6.804420E-005, -1.943095E-011, -7.257460E-014, 2.150400E+004 1.570926E+074 2.150400E+004, Sun Oct 11 04:02:34 2015
0.20, 0.00, 2.00, 0.00 , 1.059006E-004, -1.058840E-004, -2.123372E-011, -1.047610E-013, 2.150400E+004 1.570926E+074 2.150400E+004, Sun Oct 11 04:02:38 2015
0.25, 0.00, 2.00, 0.00 , 1.445157E-004, -1.445010E-004, -2.299458E-011, -7.377860E-014, 2.150400E+004 1.570926E+074 2.150400E+004, Sun Oct 11 04:02:42 2015
0.30, 0.00, 2.00, 0.00 , 1.829346E-004, -1.829190E-004, -2.823573E-011, -7.829670E-014, 2.150400E+004 1.570926E+074 2.150400E+004, Sun Oct 11 04:02:45 2015
0.35, 0.00, 2.00, 0.00 , 2.204249E-004, -2.204040E-004, -2.450402E-011, -9.226800E-014, 2.150400E+004 1.570926E+074 2.150400E+004, Sun Oct 11 04:02:49 2015
0.40, 0.00, 2.00, 0.00 , 2.565784E-004, -2.565570E-004, -2.312036E-011, -1.062630E-013, 2.150400E+004 1.570926E+074 2.150400E+004, Sun Oct 11 04:02:52 2015
0.45, 0.00, 2.00, 0.00 , 2.910744E-004, -2.910510E-004, -2.249148E-011, -9.702440E-014, 2.150400E+004 1.570926E+074 2.150400E+004, Sun Oct 11 04:02:56 2015
0.50, 0.00, 2.00, 0.00 , 3.238704E-004, -3.238130E-004, -2.232378E-011, -1.100300E-013, 2.150400E+004 1.570926E+074 2.150400E+004, Sun Oct 11 04:02:59 2015
0.55, 0.00, 2.00, 0.00 , 3.548570E-004, -3.548370E-004, -2.521682E-011, -7.284880E-014, 2.150400E+004 1.570926E+074 2.150400E+004, Sun Oct 11 04:03:03 2015
0.60, 0.00, 2.00, 0.00 , 3.840938E-004, -3.840680E-004, -3.033219E-011, -5.862710E-014, 2.150400E+004 1.570926E+074 2.150400E+004, Sun Oct 11 04:03:06 2015
0.65, 0.00, 2.00, 0.00 , 4.114707E-004, -4.114350E-004, -2.198838E-011, -7.646080E-014, 2.150400E+004 1.570926E+074 2.150400E+004, Sun Oct 11 04:03:10 2015
0.70, 0.00, 2.00, 0.00 , 4.369006E-004, -4.368630E-004, -2.475560E-011, -9.689330E-014, 2.150400E+004 1.570926E+074 2.150400E+004, Sun Oct 11 04:03:14 2015
0.75, 0.00, 2.00, 0.00 , 4.603321E-004, -4.602720E-004, -2.722943E-011, -8.593800E-014, 2.150400E+004 1.570926E+074 2.150400E+004, Sun Oct 11 04:03:17 2015
0.80, 0.00, 2.00, 0.00 , 4.817573E-004, -4.816940E-004, -2.089832E-011, -7.865430E-014, 2.150400E+004 1.570926E+074 2.150400E+004, Sun Oct 11 04:03:21 2015
0.85, 0.00, 2.00, 0.00 , 5.012256E-004, -5.011390E-004, -1.964057E-011, -9.863380E-014, 2.150400E+004 1.570926E+074 2.150400E+004, Sun Oct 11 04:03:24 2015
0.90, 0.00, 2.00, 0.00 , 5.187009E-004, -5.186280E-004, -2.467174E-011, -8.891820E-014, 2.150400E+004 1.570926E+074 2.150400E+004, Sun Oct 11 04:03:28 2015
0.95, 0.00, 2.00, 0.00 , 5.341885E-004, -5.341200E-004, -2.232378E-011, -1.029010E-013, 2.150400E+004 1.570926E+074 2.150400E+004, Sun Oct 11 04:03:31 2015
1.00, 0.00, 2.00, 0.00 , 5.476838E-004, -5.475970E-004, -1.959865E-011, -7.570980E-014, 2.150400E+004 1.570926E+074 2.150400E+004, Sun Oct 11 04:03:35 2015
1.05, 0.00, 2.00, 0.00 , 5.591901E-004, -5.591110E-004, -2.437824E-011, -9.937290E-014, 2.150400E+004 1.570926E+074 2.150400E+004, Sun Oct 11 04:03:38 2015
1.10, 0.00, 2.00, 0.00 , 5.688017E-004, -5.687170E-004, -2.488139E-011, -9.243490E-014, 2.150400E+004 1.570926E+074 2.150400E+004, Sun Oct 11 04:03:42 2015
1.15, 0.00, 2.00, 0.00 , 5.766382E-004, -5.765540E-004, -2.068870E-011, -9.183880E-014, 2.150400E+004 1.570926E+074 2.150400E+004, Sun Oct 11 04:03:45 2015
1.20, 0.00, 2.00, 0.00 , 5.828171E-004, -5.827370E-004, -2.668435E-011, -8.724930E-014, 2.150400E+004 1.570926E+074 2.150400E+004, Sun Oct 11 04:03:49 2015
1.25, 0.00, 2.00, 0.00 , 5.875059E-004, -5.874250E-004, -2.135950E-011, -8.614060E-014, 2.150400E+004 1.570926E+074 2.150400E+004, Sun Oct 11 04:03:53 2015
1.30, 0.00, 2.00, 0.00 , 5.908672E-004, -5.907930E-004, -2.085640E-011, -7.624630E-014, 2.150400E+004 1.570926E+074 2.150400E+004, Sun Oct 11 04:03:56 2015
1.35, 0.00, 2.00, 0.00 , 5.932548E-004, -5.931610E-004, -2.114988E-011, -7.436280E-014, 2.150400E+004 1.570926E+074 2.150400E+004, Sun Oct 11 04:04:00 2015
1.40, 0.00, 2.00, 0.00 , 5.948636E-004, -5.947870E-004, -2.169490E-011, -1.054530E-013, 2.150400E+004 1.570926E+074 2.150400E+004, Sun Oct 11 04:04:03 2015
1.45, 0.00, 2.00, 0.00 , 5.959255E-004, -5.958270E-004, -2.400087E-011, -9.212490E-014, 2.150400E+004 1.570926E+074 2.150400E+004, Sun Oct 11 04:04:07 2015
1.50, 0.00, 2.00, 0.00 , 5.966159E-004, -5.965190E-004, -2.249148E-011, -9.692910E-014, 2.150400E+004 1.570926E+074 2.150400E+004, Sun Oct 11 04:04:10 2015
1.55, 0.00, 2.00, 0.00 , 5.970735E-004, -5.969840E-004, -2.223993E-011, -9.387730E-014, 2.150400E+004 1.570926E+074 2.150400E+004, Sun Oct 11 04:04:14 2015
1.60, 0.00, 2.00, 0.00 , 5.974016E-004, -5.972980E-004, -1.783779E-011, -8.131270E-014, 2.150400E+004 1.570926E+074 2.150400E+004, Sun Oct 11 04:04:17 2015
1.65, 0.00, 2.00, 0.00 , 5.976048E-004, -5.975390E-004, -2.018560E-011, -5.735160E-014, 2.150400E+004 1.570926E+074 2.150400E+004, Sun Oct 11 04:04:21 2015
1.70, 0.00, 2.00, 0.00 , 5.977862E-004, -5.976990E-004, -2.085640E-011, -8.187290E-014, 2.150400E+004 1.570926E+074 2.150400E+004, Sun Oct 11 04:04:25 2015
1.75, 0.00, 2.00, 0.00 , 5.979133E-004, -5.978260E-004, -2.169490E-011, -7.003550E-014, 2.150400E+004 1.570926E+074 2.150400E+004, Sun Oct 11 04:04:28 2015
1.80, 0.00, 2.00, 0.00 , 5.980110E-004, -5.979140E-004, -2.240763E-011, -8.928780E-014, 2.150400E+004 1.570926E+074 2.150400E+004, Sun Oct 11 04:04:32 2015
1.85, 0.00, 2.00, 0.00 , 5.981004E-004, -5.980150E-004, -2.546840E-011, -9.653570E-014, 2.150400E+004 1.570926E+074 2.150400E+004, Sun Oct 11 04:04:35 2015
1.90, 0.00, 2.00, 0.00 , 5.982870E-004, -5.981940E-004, -2.555225E-011, -9.396080E-014, 2.150400E+004 1.570926E+074 2.150400E+004, Sun Oct 11 04:04:39 2015
1.95, 0.00, 2.00, 0.00 , 5.989947E-004, -5.989650E-004, -2.299458E-011, -8.747580E-014, 2.150400E+004 1.570926E+074 2.150400E+004, Sun Oct 11 04:04:42 2015
2.00, 0.00, 2.00, 0.00 , 6.011651E-004, -6.011150E-004, -2.223993E-011, -8.583070E-014, 2.150400E+004 1.570926E+074 2.150400E+004, Sun Oct 11 04:04:46 2015
