0.00, 0.00, 0.40, 0.00 , -2.832601E-011, -6.116030E-013, -1.792143E-011, -1.007680E-013, 2.150400E+004 1.570926E+074 2.150400E+004, Wed Oct 07 14:16:03 2015
0.05, 0.00, 0.40, 0.00 , 2.559667E-010, -2.819500E-010, -1.850840E-011, -1.050230E-013, 2.150400E+004 1.570926E+074 2.150400E+004, Wed Oct 07 14:16:09 2015
0.10, 0.00, 0.40, 0.00 , 2.993044E-010, -3.262290E-010, -1.666363E-011, -1.116990E-013, 2.150400E+004 1.570926E+074 2.150400E+004, Wed Oct 07 14:16:14 2015
0.15, 0.00, 0.40, 0.00 , 3.095585E-010, -3.338990E-010, -2.064667E-011, -9.013410E-014, 2.150400E+004 1.570926E+074 2.150400E+004, Wed Oct 07 14:16:18 2015
0.20, 0.00, 0.40, 0.00 , 3.099385E-010, -3.355910E-010, -1.796335E-011, -1.039390E-013, 2.150400E+004 1.570926E+074 2.150400E+004, Wed Oct 07 14:16:24 2015
0.25, 0.00, 0.40, 0.00 , 3.125123E-010, -3.369520E-010, -1.829877E-011, -1.049160E-013, 2.150400E+004 1.570926E+074 2.150400E+004, Wed Oct 07 14:16:29 2015
0.30, 0.00, 0.40, 0.00 , 3.146223E-010, -3.368830E-010, -2.056282E-011, -1.261000E-013, 2.150400E+004 1.570926E+074 2.150400E+004, Wed Oct 07 14:16:34 2015
0.35, 0.00, 0.40, 0.00 , 3.169433E-010, -3.379090E-010, -2.031126E-011, -9.320970E-014, 2.150400E+004 1.570926E+074 2.150400E+004, Wed Oct 07 14:16:38 2015
0.40, 0.00, 0.40, 0.00 , 3.168587E-010, -3.383280E-010, -2.052089E-011, -1.059530E-013, 2.150400E+004 1.570926E+074 2.150400E+004, Wed Oct 07 14:16:43 2015
0.45, 0.00, 0.40, 0.00 , 3.152973E-010, -3.385710E-010, -2.123365E-011, -1.008390E-013, 2.150400E+004 1.570926E+074 2.150400E+004, Wed Oct 07 14:16:47 2015
0.50, 0.00, 0.40, 0.00 , 3.210364E-010, -3.392160E-010, -2.022741E-011, -9.913440E-014, 2.150400E+004 1.570926E+074 2.150400E+004, Wed Oct 07 14:16:52 2015
0.55, 0.00, 0.40, 0.00 , 3.162678E-010, -3.391470E-010, -2.211411E-011, -1.268270E-013, 2.150400E+004 1.570926E+074 2.150400E+004, Wed Oct 07 14:16:56 2015
0.60, 0.00, 0.40, 0.00 , 3.174493E-010, -3.400810E-010, -2.148521E-011, -8.732080E-014, 2.150400E+004 1.570926E+074 2.150400E+004, Wed Oct 07 14:17:01 2015
0.65, 0.00, 0.40, 0.00 , 3.194751E-010, -3.403790E-010, -2.291072E-011, -9.820460E-014, 2.150400E+004 1.570926E+074 2.150400E+004, Wed Oct 07 14:17:05 2015
0.70, 0.00, 0.40, 0.00 , 3.186308E-010, -3.405170E-010, -2.144328E-011, -1.071450E-013, 2.150400E+004 1.570926E+074 2.150400E+004, Wed Oct 07 14:17:10 2015
0.75, 0.00, 0.40, 0.00 , 3.188841E-010, -3.406730E-010, -2.219797E-011, -1.086710E-013, 2.150400E+004 1.570926E+074 2.150400E+004, Wed Oct 07 14:17:16 2015
0.80, 0.00, 0.40, 0.00 , 3.231883E-010, -3.412340E-010, -2.345581E-011, -1.007440E-013, 2.150400E+004 1.570926E+074 2.150400E+004, Wed Oct 07 14:17:21 2015
0.85, 0.00, 0.40, 0.00 , 3.200655E-010, -3.416190E-010, -2.249145E-011, -1.145240E-013, 2.150400E+004 1.570926E+074 2.150400E+004, Wed Oct 07 14:17:25 2015
0.90, 0.00, 0.40, 0.00 , 3.220488E-010, -3.419320E-010, -2.232375E-011, -1.037360E-013, 2.150400E+004 1.570926E+074 2.150400E+004, Wed Oct 07 14:17:30 2015
0.95, 0.00, 0.40, 0.00 , 3.233992E-010, -3.420490E-010, -2.223989E-011, -1.034500E-013, 2.150400E+004 1.570926E+074 2.150400E+004, Wed Oct 07 14:17:34 2015
1.00, 0.00, 0.40, 0.00 , 3.197281E-010, -3.423320E-010, -2.228182E-011, -9.874110E-014, 2.150400E+004 1.570926E+074 2.150400E+004, Wed Oct 07 14:17:40 2015
1.05, 0.00, 0.40, 0.00 , 3.211626E-010, -3.420570E-010, -2.253338E-011, -9.992120E-014, 2.150400E+004 1.570926E+074 2.150400E+004, Wed Oct 07 14:17:44 2015
1.10, 0.00, 0.40, 0.00 , 3.206984E-010, -3.427450E-010, -2.039512E-011, -1.093750E-013, 2.150400E+004 1.570926E+074 2.150400E+004, Wed Oct 07 14:17:49 2015
1.15, 0.00, 0.40, 0.00 , 3.224284E-010, -3.429530E-010, -2.488146E-011, -8.347030E-014, 2.150400E+004 1.570926E+074 2.150400E+004, Wed Oct 07 14:17:54 2015
1.20, 0.00, 0.40, 0.00 , 3.239899E-010, -3.431350E-010, -2.249145E-011, -8.816720E-014, 2.150400E+004 1.570926E+074 2.150400E+004, Wed Oct 07 14:17:59 2015
1.25, 0.00, 0.40, 0.00 , 3.272391E-010, -3.433880E-010, -2.496532E-011, -9.686950E-014, 2.150400E+004 1.570926E+074 2.150400E+004, Wed Oct 07 14:18:04 2015
1.30, 0.00, 0.40, 0.00 , 3.241166E-010, -3.433140E-010, -2.530076E-011, -1.111750E-013, 2.150400E+004 1.570926E+074 2.150400E+004, Wed Oct 07 14:18:09 2015
1.35, 0.00, 0.40, 0.00 , 3.247916E-010, -3.441450E-010, -2.483952E-011, -9.343620E-014, 2.150400E+004 1.570926E+074 2.150400E+004, Wed Oct 07 14:18:13 2015
1.40, 0.00, 0.40, 0.00 , 3.270280E-010, -3.441600E-010, -2.517497E-011, -9.486680E-014, 2.150400E+004 1.570926E+074 2.150400E+004, Wed Oct 07 14:18:19 2015
1.45, 0.00, 0.40, 0.00 , 3.292646E-010, -3.439210E-010, -2.462987E-011, -9.763240E-014, 2.150400E+004 1.570926E+074 2.150400E+004, Wed Oct 07 14:18:24 2015
1.50, 0.00, 0.40, 0.00 , 3.287582E-010, -3.443610E-010, -2.362353E-011, -1.022930E-013, 2.150400E+004 1.570926E+074 2.150400E+004, Wed Oct 07 14:18:30 2015
1.55, 0.00, 0.40, 0.00 , 3.291378E-010, -3.448130E-010, -2.488146E-011, -8.920430E-014, 2.150400E+004 1.570926E+074 2.150400E+004, Wed Oct 07 14:18:34 2015
1.60, 0.00, 0.40, 0.00 , 3.251290E-010, -3.452530E-010, -2.387512E-011, -1.020550E-013, 2.150400E+004 1.570926E+074 2.150400E+004, Wed Oct 07 14:18:39 2015
1.65, 0.00, 0.40, 0.00 , 3.241162E-010, -3.452710E-010, -2.148521E-011, -8.995530E-014, 2.150400E+004 1.570926E+074 2.150400E+004, Wed Oct 07 14:18:44 2015
1.70, 0.00, 0.40, 0.00 , 3.322183E-010, -3.453360E-010, -2.597166E-011, -9.078980E-014, 2.150400E+004 1.570926E+074 2.150400E+004, Wed Oct 07 14:18:50 2015
1.75, 0.00, 0.40, 0.00 , 3.284200E-010, -3.461440E-010, -2.542655E-011, -1.006600E-013, 2.150400E+004 1.570926E+074 2.150400E+004, Wed Oct 07 14:18:54 2015
1.80, 0.00, 0.40, 0.00 , 3.305724E-010, -3.466920E-010, -2.324615E-011, -1.022220E-013, 2.150400E+004 1.570926E+074 2.150400E+004, Wed Oct 07 14:18:59 2015
1.85, 0.00, 0.40, 0.00 , 3.295593E-010, -3.470550E-010, -2.425249E-011, -1.077530E-013, 2.150400E+004 1.570926E+074 2.150400E+004, Wed Oct 07 14:19:03 2015
1.90, 0.00, 0.40, 0.00 , 3.304037E-010, -3.470830E-010, -2.404284E-011, -9.796620E-014, 2.150400E+004 1.570926E+074 2.150400E+004, Wed Oct 07 14:19:08 2015
1.95, 0.00, 0.40, 0.00 , 3.305722E-010, -3.475590E-010, -2.383318E-011, -1.015660E-013, 2.150400E+004 1.570926E+074 2.150400E+004, Wed Oct 07 14:19:12 2015
2.00, 0.00, 0.40, 0.00 , 3.332311E-010, -3.478320E-010, -2.324615E-011, -9.338860E-014, 2.150400E+004 1.570926E+074 2.150400E+004, Wed Oct 07 14:19:16 2015
