0.00, 0.00, 2.00, 0.00 , 5.840883E-008, -5.557290E-008, -4.756619E-012, -1.046540E-013, 2.150400E+004 1.570926E+074 2.150400E+004, Wed Oct 07 14:26:50 2015
0.05, 0.00, 2.00, 0.00 , 1.850040E-005, -1.850970E-005, -6.811008E-012, -1.145240E-013, 2.150400E+004 1.570926E+074 2.150400E+004, Wed Oct 07 14:26:53 2015
0.10, 0.00, 2.00, 0.00 , 3.644249E-005, -3.644110E-005, -1.280648E-011, -1.082660E-013, 2.150400E+004 1.570926E+074 2.150400E+004, Wed Oct 07 14:26:57 2015
0.15, 0.00, 2.00, 0.00 , 5.381134E-005, -5.380750E-005, -1.087788E-011, -8.792880E-014, 2.150400E+004 1.570926E+074 2.150400E+004, Wed Oct 07 14:27:01 2015
0.20, 0.00, 2.00, 0.00 , 7.059826E-005, -7.058950E-005, -1.347731E-011, -8.711820E-014, 2.150400E+004 1.570926E+074 2.150400E+004, Wed Oct 07 14:27:04 2015
0.25, 0.00, 2.00, 0.00 , 8.678995E-005, -8.677620E-005, -1.213566E-011, -9.722710E-014, 2.150400E+004 1.570926E+074 2.150400E+004, Wed Oct 07 14:27:08 2015
0.30, 0.00, 2.00, 0.00 , 1.024250E-004, -1.024070E-004, -1.213566E-011, -1.191970E-013, 2.150400E+004 1.570926E+074 2.150400E+004, Wed Oct 07 14:27:11 2015
0.35, 0.00, 2.00, 0.00 , 1.174390E-004, -1.174250E-004, -1.322576E-011, -9.728670E-014, 2.150400E+004 1.570926E+074 2.150400E+004, Wed Oct 07 14:27:15 2015
0.40, 0.00, 2.00, 0.00 , 1.318315E-004, -1.318200E-004, -1.410619E-011, -9.882450E-014, 2.150400E+004 1.570926E+074 2.150400E+004, Wed Oct 07 14:27:18 2015
0.45, 0.00, 2.00, 0.00 , 1.455351E-004, -1.455130E-004, -1.242915E-011, -1.075030E-013, 2.150400E+004 1.570926E+074 2.150400E+004, Wed Oct 07 14:27:22 2015
0.50, 0.00, 2.00, 0.00 , 1.585542E-004, -1.585380E-004, -1.473510E-011, -1.139640E-013, 2.150400E+004 1.570926E+074 2.150400E+004, Wed Oct 07 14:27:26 2015
0.55, 0.00, 2.00, 0.00 , 1.708936E-004, -1.708760E-004, -1.142292E-011, -1.129390E-013, 2.150400E+004 1.570926E+074 2.150400E+004, Wed Oct 07 14:27:29 2015
0.60, 0.00, 2.00, 0.00 , 1.825545E-004, -1.825290E-004, -1.360309E-011, -1.112940E-013, 2.150400E+004 1.570926E+074 2.150400E+004, Wed Oct 07 14:27:33 2015
0.65, 0.00, 2.00, 0.00 , 1.935086E-004, -1.934840E-004, -1.196797E-011, -1.018170E-013, 2.150400E+004 1.570926E+074 2.150400E+004, Wed Oct 07 14:27:36 2015
0.70, 0.00, 2.00, 0.00 , 2.037144E-004, -2.036910E-004, -1.142292E-011, -1.098040E-013, 2.150400E+004 1.570926E+074 2.150400E+004, Wed Oct 07 14:27:40 2015
0.75, 0.00, 2.00, 0.00 , 2.131618E-004, -2.131330E-004, -1.133907E-011, -1.036640E-013, 2.150400E+004 1.570926E+074 2.150400E+004, Wed Oct 07 14:27:43 2015
0.80, 0.00, 2.00, 0.00 , 2.218623E-004, -2.218350E-004, -1.389657E-011, -9.121890E-014, 2.150400E+004 1.570926E+074 2.150400E+004, Wed Oct 07 14:27:47 2015
0.85, 0.00, 2.00, 0.00 , 2.298035E-004, -2.297800E-004, -1.469317E-011, -8.252860E-014, 2.150400E+004 1.570926E+074 2.150400E+004, Wed Oct 07 14:27:50 2015
0.90, 0.00, 2.00, 0.00 , 2.370047E-004, -2.369760E-004, -1.318383E-011, -9.269710E-014, 2.150400E+004 1.570926E+074 2.150400E+004, Wed Oct 07 14:27:54 2015
0.95, 0.00, 2.00, 0.00 , 2.434359E-004, -2.434070E-004, -1.469318E-011, -9.100440E-014, 2.150400E+004 1.570926E+074 2.150400E+004, Wed Oct 07 14:27:57 2015
1.00, 0.00, 2.00, 0.00 , 2.490980E-004, -2.490710E-004, -1.637022E-011, -8.989570E-014, 2.150400E+004 1.570926E+074 2.150400E+004, Wed Oct 07 14:28:01 2015
1.05, 0.00, 2.00, 0.00 , 2.540115E-004, -2.539820E-004, -1.666371E-011, -9.922980E-014, 2.150400E+004 1.570926E+074 2.150400E+004, Wed Oct 07 14:28:05 2015
1.10, 0.00, 2.00, 0.00 , 2.581810E-004, -2.581500E-004, -1.498666E-011, -8.515120E-014, 2.150400E+004 1.570926E+074 2.150400E+004, Wed Oct 07 14:28:08 2015
1.15, 0.00, 2.00, 0.00 , 2.616597E-004, -2.616280E-004, -1.674757E-011, -1.062750E-013, 2.150400E+004 1.570926E+074 2.150400E+004, Wed Oct 07 14:28:12 2015
1.20, 0.00, 2.00, 0.00 , 2.644730E-004, -2.644360E-004, -1.439969E-011, -9.943250E-014, 2.150400E+004 1.570926E+074 2.150400E+004, Wed Oct 07 14:28:15 2015
1.25, 0.00, 2.00, 0.00 , 2.666658E-004, -2.666300E-004, -1.595096E-011, -1.064540E-013, 2.150400E+004 1.570926E+074 2.150400E+004, Wed Oct 07 14:28:19 2015
1.30, 0.00, 2.00, 0.00 , 2.682916E-004, -2.682650E-004, -1.381273E-011, -1.052860E-013, 2.150400E+004 1.570926E+074 2.150400E+004, Wed Oct 07 14:28:22 2015
1.35, 0.00, 2.00, 0.00 , 2.694704E-004, -2.694350E-004, -1.741838E-011, -9.865760E-014, 2.150400E+004 1.570926E+074 2.150400E+004, Wed Oct 07 14:28:26 2015
1.40, 0.00, 2.00, 0.00 , 2.702869E-004, -2.702580E-004, -1.469318E-011, -8.944270E-014, 2.150400E+004 1.570926E+074 2.150400E+004, Wed Oct 07 14:28:29 2015
1.45, 0.00, 2.00, 0.00 , 2.708320E-004, -2.708000E-004, -1.603482E-011, -1.210450E-013, 2.150400E+004 1.570926E+074 2.150400E+004, Wed Oct 07 14:28:33 2015
1.50, 0.00, 2.00, 0.00 , 2.712087E-004, -2.711730E-004, -1.523822E-011, -1.123430E-013, 2.150400E+004 1.570926E+074 2.150400E+004, Wed Oct 07 14:28:36 2015
1.55, 0.00, 2.00, 0.00 , 2.714690E-004, -2.714370E-004, -1.582518E-011, -1.030210E-013, 2.150400E+004 1.570926E+074 2.150400E+004, Wed Oct 07 14:28:40 2015
1.60, 0.00, 2.00, 0.00 , 2.716513E-004, -2.716190E-004, -1.498666E-011, -9.731050E-014, 2.150400E+004 1.570926E+074 2.150400E+004, Wed Oct 07 14:28:44 2015
1.65, 0.00, 2.00, 0.00 , 2.717994E-004, -2.717590E-004, -1.423199E-011, -9.566550E-014, 2.150400E+004 1.570926E+074 2.150400E+004, Wed Oct 07 14:28:47 2015
1.70, 0.00, 2.00, 0.00 , 2.719224E-004, -2.718890E-004, -1.582519E-011, -8.658170E-014, 2.150400E+004 1.570926E+074 2.150400E+004, Wed Oct 07 14:28:51 2015
1.75, 0.00, 2.00, 0.00 , 2.720174E-004, -2.719840E-004, -1.595097E-011, -9.018180E-014, 2.150400E+004 1.570926E+074 2.150400E+004, Wed Oct 07 14:28:54 2015
1.80, 0.00, 2.00, 0.00 , 2.721078E-004, -2.720740E-004, -1.620253E-011, -9.384160E-014, 2.150400E+004 1.570926E+074 2.150400E+004, Wed Oct 07 14:28:58 2015
1.85, 0.00, 2.00, 0.00 , 2.721944E-004, -2.721590E-004, -1.725068E-011, -9.455680E-014, 2.150400E+004 1.570926E+074 2.150400E+004, Wed Oct 07 14:29:01 2015
1.90, 0.00, 2.00, 0.00 , 2.722683E-004, -2.722280E-004, -1.343539E-011, -1.018520E-013, 2.150400E+004 1.570926E+074 2.150400E+004, Wed Oct 07 14:29:05 2015
1.95, 0.00, 2.00, 0.00 , 2.723182E-004, -2.722880E-004, -1.574134E-011, -9.497400E-014, 2.150400E+004 1.570926E+074 2.150400E+004, Wed Oct 07 14:29:08 2015
2.00, 0.00, 2.00, 0.00 , 2.723854E-004, -2.723410E-004, -1.695720E-011, -1.046900E-013, 2.150400E+004 1.570926E+074 2.150400E+004, Wed Oct 07 14:29:12 2015
