0.00, 0.00, 0.40, 0.00 , -2.562444E-011, -8.298870E-013, -2.525875E-011, -1.042130E-013, 2.150400E+004 1.570926E+074 2.150400E+004, Sun Oct 11 03:28:51 2015
0.05, 0.00, 0.40, 0.00 , -2.351441E-011, -9.352330E-013, -3.561529E-011, -9.812120E-014, 2.150400E+004 1.570926E+074 2.150400E+004, Sun Oct 11 03:29:07 2015
0.10, 0.00, 0.40, 0.00 , -2.811431E-011, -1.125980E-012, -3.632809E-011, -8.825060E-014, 2.150400E+004 1.570926E+074 2.150400E+004, Sun Oct 11 03:29:21 2015
0.15, 0.00, 0.40, 0.00 , -2.397860E-011, -9.259940E-013, -2.584576E-011, -8.397100E-014, 2.150400E+004 1.570926E+074 2.150400E+004, Sun Oct 11 03:29:55 2015
0.20, 0.00, 0.40, 0.00 , -2.469600E-011, 2.358910E-013, -2.907432E-011, -9.479520E-014, 2.150400E+004 1.570926E+074 2.150400E+004, Sun Oct 11 03:30:03 2015
0.25, 0.00, 0.40, 0.00 , -2.646846E-011, -1.601950E-012, -3.003869E-011, -8.698700E-014, 2.150400E+004 1.570926E+074 2.150400E+004, Sun Oct 11 03:31:27 2015
0.30, 0.00, 0.40, 0.00 , -2.089795E-011, -1.557210E-012, -3.016448E-011, -1.000290E-013, 2.150400E+004 1.570926E+074 2.150400E+004, Sun Oct 11 03:31:51 2015
0.35, 0.00, 0.40, 0.00 , -2.452722E-011, -1.382430E-012, -2.915817E-011, -8.838180E-014, 2.150400E+004 1.570926E+074 2.150400E+004, Sun Oct 11 03:31:57 2015
0.40, 0.00, 0.40, 0.00 , -2.334558E-011, -1.301660E-012, -2.701978E-011, -1.027580E-013, 2.150400E+004 1.570926E+074 2.150400E+004, Sun Oct 11 03:32:10 2015
0.45, 0.00, 0.40, 0.00 , -2.131996E-011, 3.078340E-013, -3.003869E-011, -1.149420E-013, 2.150400E+004 1.570926E+074 2.150400E+004, Sun Oct 11 03:32:32 2015
0.50, 0.00, 0.40, 0.00 , -2.364099E-011, -1.468280E-012, -3.146428E-011, -8.729700E-014, 2.150400E+004 1.570926E+074 2.150400E+004, Sun Oct 11 03:32:57 2015
0.55, 0.00, 0.40, 0.00 , -2.072914E-011, 3.580210E-013, -3.574107E-011, -9.310250E-014, 2.150400E+004 1.570926E+074 2.150400E+004, Sun Oct 11 03:33:25 2015
0.60, 0.00, 0.40, 0.00 , -2.667945E-011, -1.313280E-012, -2.496525E-011, -9.659530E-014, 2.150400E+004 1.570926E+074 2.150400E+004, Sun Oct 11 03:34:33 2015
0.65, 0.00, 0.40, 0.00 , -2.085574E-011, -1.140440E-012, -3.557334E-011, -8.925200E-014, 2.150400E+004 1.570926E+074 2.150400E+004, Sun Oct 11 03:34:57 2015
0.70, 0.00, 0.40, 0.00 , -2.537123E-011, -1.416210E-014, -3.087727E-011, -8.608100E-014, 2.150400E+004 1.570926E+074 2.150400E+004, Sun Oct 11 03:35:27 2015
0.75, 0.00, 0.40, 0.00 , -2.456942E-011, -1.382240E-012, -2.878081E-011, -9.677410E-014, 2.150400E+004 1.570926E+074 2.150400E+004, Sun Oct 11 03:35:37 2015
0.80, 0.00, 0.40, 0.00 , -2.342999E-011, 7.140640E-015, -3.066762E-011, -1.084800E-013, 2.150400E+004 1.570926E+074 2.150400E+004, Sun Oct 11 03:36:39 2015
0.85, 0.00, 0.40, 0.00 , -2.663726E-011, 1.146670E-013, -3.238671E-011, -1.028180E-013, 2.150400E+004 1.570926E+074 2.150400E+004, Sun Oct 11 03:38:54 2015
0.90, 0.00, 0.40, 0.00 , -1.937872E-011, -1.851710E-012, -2.530068E-011, -1.039860E-013, 2.150400E+004 1.570926E+074 2.150400E+004, Sun Oct 11 03:39:30 2015
0.95, 0.00, 0.40, 0.00 , -2.448500E-011, -1.423880E-012, -2.333000E-011, -1.004100E-013, 2.150400E+004 1.570926E+074 2.150400E+004, Sun Oct 11 03:39:41 2015
1.00, 0.00, 0.40, 0.00 , -2.389422E-011, -1.514420E-012, -4.018554E-011, -9.080170E-014, 2.150400E+004 1.570926E+074 2.150400E+004, Sun Oct 11 03:40:10 2015
1.05, 0.00, 0.40, 0.00 , -2.157314E-011, 5.726810E-014, -3.079340E-011, -1.003380E-013, 2.150400E+004 1.570926E+074 2.150400E+004, Sun Oct 11 03:41:33 2015
1.10, 0.00, 0.40, 0.00 , -2.288137E-011, -1.397860E-012, -3.544755E-011, -1.019720E-013, 2.150400E+004 1.570926E+074 2.150400E+004, Sun Oct 11 03:42:04 2015
1.15, 0.00, 0.40, 0.00 , -2.182635E-011, -1.550390E-012, -3.377038E-011, -9.580850E-014, 2.150400E+004 1.570926E+074 2.150400E+004, Sun Oct 11 03:42:18 2015
1.20, 0.00, 0.40, 0.00 , -1.634026E-011, -1.684430E-012, -3.486053E-011, -8.013250E-014, 2.150400E+004 1.570926E+074 2.150400E+004, Sun Oct 11 03:42:23 2015
1.25, 0.00, 0.40, 0.00 , -2.094015E-011, -1.692800E-012, -2.714556E-011, -1.100060E-013, 2.150400E+004 1.570926E+074 2.150400E+004, Sun Oct 11 03:44:04 2015
1.30, 0.00, 0.40, 0.00 , -2.153095E-011, -4.957680E-013, -2.785836E-011, -8.676050E-014, 2.150400E+004 1.570926E+074 2.150400E+004, Sun Oct 11 03:44:23 2015
1.35, 0.00, 0.40, 0.00 , -2.140435E-011, -1.983370E-012, -3.058375E-011, -8.101460E-014, 2.150400E+004 1.570926E+074 2.150400E+004, Sun Oct 11 03:45:06 2015
1.40, 0.00, 0.40, 0.00 , -2.169975E-011, -4.955890E-013, -2.743906E-011, -1.018880E-013, 2.150400E+004 1.570926E+074 2.150400E+004, Sun Oct 11 03:45:28 2015
1.45, 0.00, 0.40, 0.00 , -2.566661E-011, -1.267540E-012, -2.517489E-011, -8.643870E-014, 2.150400E+004 1.570926E+074 2.150400E+004, Sun Oct 11 03:45:37 2015
1.50, 0.00, 0.40, 0.00 , -1.857690E-011, -2.195480E-013, -2.857115E-011, -1.035330E-013, 2.150400E+004 1.570926E+074 2.150400E+004, Sun Oct 11 03:45:56 2015
1.55, 0.00, 0.40, 0.00 , -1.996953E-011, -2.023760E-012, -2.936781E-011, -8.192060E-014, 2.150400E+004 1.570926E+074 2.150400E+004, Sun Oct 11 03:46:30 2015
1.60, 0.00, 0.40, 0.00 , -1.980072E-011, -1.288080E-012, -3.377038E-011, -7.643700E-014, 2.150400E+004 1.570926E+074 2.150400E+004, Sun Oct 11 03:46:51 2015
1.65, 0.00, 0.40, 0.00 , -1.532744E-011, -2.129610E-012, -2.781643E-011, -1.003030E-013, 2.150400E+004 1.570926E+074 2.150400E+004, Sun Oct 11 03:48:44 2015
1.70, 0.00, 0.40, 0.00 , -1.823929E-011, -7.415410E-013, -3.188356E-011, -8.614060E-014, 2.150400E+004 1.570926E+074 2.150400E+004, Sun Oct 11 03:48:51 2015
1.75, 0.00, 0.40, 0.00 , -2.140433E-011, -1.680260E-012, -2.890659E-011, -7.946490E-014, 2.150400E+004 1.570926E+074 2.150400E+004, Sun Oct 11 03:50:02 2015
1.80, 0.00, 0.40, 0.00 , -9.630337E-012, -2.045890E-012, -3.213514E-011, -8.890630E-014, 2.150400E+004 1.570926E+074 2.150400E+004, Sun Oct 11 03:50:22 2015
1.85, 0.00, 0.40, 0.00 , -1.908330E-011, -1.480450E-012, -2.634891E-011, -8.993150E-014, 2.150400E+004 1.570926E+074 2.150400E+004, Sun Oct 11 03:50:33 2015
1.90, 0.00, 0.40, 0.00 , -2.220615E-011, -6.216760E-013, -3.205129E-011, -8.871560E-014, 2.150400E+004 1.570926E+074 2.150400E+004, Sun Oct 11 03:51:45 2015
1.95, 0.00, 0.40, 0.00 , -1.752187E-011, -1.926910E-012, -3.423159E-011, -9.373430E-014, 2.150400E+004 1.570926E+074 2.150400E+004, Sun Oct 11 03:52:48 2015
2.00, 0.00, 0.40, 0.00 , -2.440059E-011, -3.896830E-013, -3.226093E-011, -9.481910E-014, 2.150400E+004 1.570926E+074 2.150400E+004, Sun Oct 11 03:53:03 2015
