0.05, 0.00, 0.00, 0.00 , -3.579532E-011, 1.277450E-013, -3.473490E-011, -7.659200E-014, 2.150400E+004 1.570926E+074 2.150400E+004, Sun Oct 11 01:14:08 2015
0.05, 0.00, 0.02, 0.00 , -2.490740E-011, 5.959750E-013, -3.041614E-011, -7.627010E-014, 2.150400E+004 1.570926E+074 2.150400E+004, Sun Oct 11 01:15:13 2015
0.05, 0.00, 0.04, 0.00 , -2.596242E-011, -1.756660E-012, -3.159017E-011, -8.857250E-014, 2.150400E+004 1.570926E+074 2.150400E+004, Sun Oct 11 01:15:23 2015
0.05, 0.00, 0.06, 0.00 , -2.343036E-011, 1.038430E-013, -2.404281E-011, -9.766820E-014, 2.150400E+004 1.570926E+074 2.150400E+004, Sun Oct 11 01:15:44 2015
0.05, 0.00, 0.08, 0.00 , -2.381016E-011, 4.859690E-013, -2.605544E-011, -7.990600E-014, 2.150400E+004 1.570926E+074 2.150400E+004, Sun Oct 11 01:16:13 2015
0.05, 0.00, 0.10, 0.00 , -2.148908E-011, -9.056210E-013, -3.330930E-011, -9.303090E-014, 2.150400E+004 1.570926E+074 2.150400E+004, Sun Oct 11 01:16:18 2015
0.05, 0.00, 0.12, 0.00 , -2.237531E-011, -1.345600E-012, -3.301579E-011, -9.213690E-014, 2.150400E+004 1.570926E+074 2.150400E+004, Sun Oct 11 01:17:03 2015
0.05, 0.00, 0.14, 0.00 , -2.250191E-011, 8.198860E-013, -3.087737E-011, -1.012440E-013, 2.150400E+004 1.570926E+074 2.150400E+004, Sun Oct 11 01:17:19 2015
0.05, 0.00, 0.16, 0.00 , -2.541380E-011, 6.374960E-013, -3.012263E-011, -9.045600E-014, 2.150400E+004 1.570926E+074 2.150400E+004, Sun Oct 11 01:18:12 2015
0.05, 0.00, 0.18, 0.00 , -2.381015E-011, 4.566910E-013, -3.066771E-011, -7.658000E-014, 2.150400E+004 1.570926E+074 2.150400E+004, Sun Oct 11 01:18:24 2015
0.05, 0.00, 0.20, 0.00 , -2.554040E-011, 6.735680E-013, -2.542649E-011, -1.061440E-013, 2.150400E+004 1.570926E+074 2.150400E+004, Sun Oct 11 01:18:29 2015
0.05, 0.00, 0.22, 0.00 , -7.182819E-012, -1.671410E-012, -1.343555E-011, -1.026390E-013, 2.150400E+004 1.570926E+074 2.150400E+004, Sun Oct 11 01:19:11 2015
0.05, 0.00, 0.24, 0.00 , -2.532941E-011, 1.933810E-013, -2.450404E-011, -7.549520E-014, 2.150400E+004 1.570926E+074 2.150400E+004, Sun Oct 11 01:19:33 2015
0.05, 0.00, 0.26, 0.00 , -2.030744E-011, -8.006450E-013, -3.431562E-011, -9.437800E-014, 2.150400E+004 1.570926E+074 2.150400E+004, Sun Oct 11 01:20:59 2015
0.05, 0.00, 0.28, 0.00 , -2.516058E-011, -5.201100E-013, -2.345580E-011, -7.710460E-014, 2.150400E+004 1.570926E+074 2.150400E+004, Sun Oct 11 01:21:35 2015
0.05, 0.00, 0.30, 0.00 , -2.224869E-011, 7.262110E-013, -2.722947E-011, -9.155270E-014, 2.150400E+004 1.570926E+074 2.150400E+004, Sun Oct 11 01:22:01 2015
0.05, 0.00, 0.32, 0.00 , -2.216428E-011, -1.609250E-012, -3.112894E-011, -9.112360E-014, 2.150400E+004 1.570926E+074 2.150400E+004, Sun Oct 11 01:22:37 2015
0.05, 0.00, 0.34, 0.00 , -2.250188E-011, -2.243400E-013, -2.429439E-011, -8.209940E-014, 2.150400E+004 1.570926E+074 2.150400E+004, Sun Oct 11 01:23:40 2015
0.05, 0.00, 0.36, 0.00 , -1.971659E-011, -1.545180E-012, -3.179981E-011, -9.859800E-014, 2.150400E+004 1.570926E+074 2.150400E+004, Sun Oct 11 01:24:04 2015
0.05, 0.00, 0.38, 0.00 , -2.537156E-011, 5.746010E-013, -2.588772E-011, -9.546280E-014, 2.150400E+004 1.570926E+074 2.150400E+004, Sun Oct 11 01:24:55 2015
0.05, 0.00, 0.40, 0.00 , -2.494956E-011, 1.306530E-013, -3.393823E-011, -8.214710E-014, 2.150400E+004 1.570926E+074 2.150400E+004, Sun Oct 11 01:25:03 2015
0.05, 0.00, 0.42, 0.00 , -2.334590E-011, -1.744270E-012, -2.685211E-011, -9.040830E-014, 2.150400E+004 1.570926E+074 2.150400E+004, Sun Oct 11 01:25:24 2015
0.05, 0.00, 0.44, 0.00 , -2.554035E-011, 7.296440E-013, -2.592965E-011, -1.052260E-013, 2.150400E+004 1.570926E+074 2.150400E+004, Sun Oct 11 01:25:38 2015
0.05, 0.00, 0.46, 0.00 , -3.085771E-011, 5.992530E-013, -2.425246E-011, -9.167190E-014, 2.150400E+004 1.570926E+074 2.150400E+004, Sun Oct 11 01:25:46 2015
0.05, 0.00, 0.48, 0.00 , -2.296608E-011, -7.735610E-013, -3.159016E-011, -9.421110E-014, 2.150400E+004 1.570926E+074 2.150400E+004, Sun Oct 11 01:25:50 2015
0.05, 0.00, 0.50, 0.00 , -2.655318E-011, 1.785640E-013, -3.171596E-011, -8.051400E-014, 2.150400E+004 1.570926E+074 2.150400E+004, Sun Oct 11 01:26:16 2015
0.05, 0.00, 0.52, 0.00 , -2.435870E-011, 7.734540E-013, -3.062578E-011, -8.358960E-014, 2.150400E+004 1.570926E+074 2.150400E+004, Sun Oct 11 01:28:30 2015
0.05, 0.00, 0.54, 0.00 , -2.482290E-011, -1.834990E-012, -2.685210E-011, -8.898970E-014, 2.150400E+004 1.570926E+074 2.150400E+004, Sun Oct 11 01:29:46 2015
0.05, 0.00, 0.56, 0.00 , -2.283946E-011, -8.988980E-013, -2.752298E-011, -1.099820E-013, 2.150400E+004 1.570926E+074 2.150400E+004, Sun Oct 11 01:30:22 2015
0.05, 0.00, 0.58, 0.00 , -2.279725E-011, -1.863360E-012, -2.303650E-011, -9.336470E-014, 2.150400E+004 1.570926E+074 2.150400E+004, Sun Oct 11 01:31:28 2015
0.05, 0.00, 0.60, 0.00 , -2.199541E-011, 7.200240E-014, -2.462983E-011, -9.815690E-014, 2.150400E+004 1.570926E+074 2.150400E+004, Sun Oct 11 01:31:36 2015
0.05, 0.00, 0.62, 0.00 , -2.271286E-011, -1.791110E-012, -2.337194E-011, -9.846690E-014, 2.150400E+004 1.570926E+074 2.150400E+004, Sun Oct 11 01:31:42 2015
0.05, 0.00, 0.64, 0.00 , -2.305044E-011, -9.362460E-013, -3.167401E-011, -8.137230E-014, 2.150400E+004 1.570926E+074 2.150400E+004, Sun Oct 11 01:32:42 2015
0.05, 0.00, 0.66, 0.00 , -2.207979E-011, 6.625180E-013, -2.618123E-011, -8.679630E-014, 2.150400E+004 1.570926E+074 2.150400E+004, Sun Oct 11 01:32:49 2015
0.05, 0.00, 0.68, 0.00 , -1.946334E-011, 4.801270E-013, -2.341386E-011, -8.841750E-014, 2.150400E+004 1.570926E+074 2.150400E+004, Sun Oct 11 01:33:03 2015
0.05, 0.00, 0.70, 0.00 , -9.377244E-012, -1.538210E-011, -2.370737E-011, -8.633140E-014, 2.150400E+004 1.570926E+074 2.150400E+004, Sun Oct 11 01:33:06 2015
0.05, 0.00, 0.72, 0.00 , 2.375650E-010, -2.628170E-010, -2.127563E-011, -9.090900E-014, 2.150400E+004 1.570926E+074 2.150400E+004, Sun Oct 11 01:33:12 2015
0.05, 0.00, 0.74, 0.00 , 2.910413E-009, -2.947590E-009, -2.207222E-011, -7.898810E-014, 2.150400E+004 1.570926E+074 2.150400E+004, Sun Oct 11 01:33:17 2015
0.05, 0.00, 0.76, 0.00 , 1.668856E-008, -1.671000E-008, -3.112893E-011, -8.866790E-014, 2.150400E+004 1.570926E+074 2.150400E+004, Sun Oct 11 01:33:21 2015
0.05, 0.00, 0.78, 0.00 , 6.413087E-008, -6.419090E-008, -2.823578E-011, -8.332730E-014, 2.150400E+004 1.570926E+074 2.150400E+004, Sun Oct 11 01:33:24 2015
0.05, 0.00, 0.80, 0.00 , 1.539488E-007, -1.542390E-007, -2.794227E-011, -8.994340E-014, 2.150400E+004 1.570926E+074 2.150400E+004, Sun Oct 11 01:33:28 2015
0.05, 0.00, 0.82, 0.00 , 2.825290E-007, -2.826440E-007, -1.972439E-011, -8.181330E-014, 2.150400E+004 1.570926E+074 2.150400E+004, Sun Oct 11 01:33:31 2015
0.05, 0.00, 0.84, 0.00 , 4.350600E-007, -4.351440E-007, -2.228184E-011, -9.955170E-014, 2.150400E+004 1.570926E+074 2.150400E+004, Sun Oct 11 01:33:35 2015
0.05, 0.00, 0.86, 0.00 , 6.008984E-007, -6.009510E-007, -2.693596E-011, -9.055140E-014, 2.150400E+004 1.570926E+074 2.150400E+004, Sun Oct 11 01:33:39 2015
0.05, 0.00, 0.88, 0.00 , 7.630567E-007, -7.629560E-007, -2.194644E-011, -1.008270E-013, 2.150400E+004 1.570926E+074 2.150400E+004, Sun Oct 11 01:33:42 2015
0.05, 0.00, 0.90, 0.00 , 9.183908E-007, -9.179300E-007, -1.943091E-011, -7.549520E-014, 2.150400E+004 1.570926E+074 2.150400E+004, Sun Oct 11 01:33:46 2015
0.05, 0.00, 0.92, 0.00 , 1.067626E-006, -1.067530E-006, -2.953560E-011, -9.164810E-014, 2.150400E+004 1.570926E+074 2.150400E+004, Sun Oct 11 01:33:49 2015
0.05, 0.00, 0.94, 0.00 , 1.212375E-006, -1.212430E-006, -2.605544E-011, -7.236000E-014, 2.150400E+004 1.570926E+074 2.150400E+004, Sun Oct 11 01:33:53 2015
0.05, 0.00, 0.96, 0.00 , 1.350832E-006, -1.350690E-006, -2.458790E-011, -8.339880E-014, 2.150400E+004 1.570926E+074 2.150400E+004, Sun Oct 11 01:33:57 2015
0.05, 0.00, 0.98, 0.00 , 1.478540E-006, -1.478810E-006, -1.683153E-011, -6.259680E-014, 2.150400E+004 1.570926E+074 2.150400E+004, Sun Oct 11 01:34:00 2015
0.05, 0.00, 1.00, 0.00 , 1.599010E-006, -1.599210E-006, -1.989209E-011, -8.078810E-014, 2.150400E+004 1.570926E+074 2.150400E+004, Sun Oct 11 01:34:04 2015
0.05, 0.00, 1.02, 0.00 , 1.711425E-006, -1.711460E-006, -1.653805E-011, -9.255410E-014, 2.150400E+004 1.570926E+074 2.150400E+004, Sun Oct 11 01:34:07 2015
0.05, 0.00, 1.04, 0.00 , 1.823121E-006, -1.823070E-006, -2.270110E-011, -9.386540E-014, 2.150400E+004 1.570926E+074 2.150400E+004, Sun Oct 11 01:34:11 2015
0.05, 0.00, 1.06, 0.00 , 1.928494E-006, -1.929250E-006, -1.938898E-011, -9.311440E-014, 2.150400E+004 1.570926E+074 2.150400E+004, Sun Oct 11 01:34:14 2015
0.05, 0.00, 1.08, 0.00 , 2.031503E-006, -2.031120E-006, -2.379123E-011, -9.194610E-014, 2.150400E+004 1.570926E+074 2.150400E+004, Sun Oct 11 01:34:18 2015
0.05, 0.00, 1.10, 0.00 , 2.129403E-006, -2.129320E-006, -2.525877E-011, -9.679790E-014, 2.150400E+004 1.570926E+074 2.150400E+004, Sun Oct 11 01:34:21 2015
0.05, 0.00, 1.12, 0.00 , 2.229776E-006, -2.230020E-006, -2.429439E-011, -1.029250E-013, 2.150400E+004 1.570926E+074 2.150400E+004, Sun Oct 11 01:34:25 2015
0.05, 0.00, 1.14, 0.00 , 2.327954E-006, -2.324680E-006, -2.454597E-011, -9.855030E-014, 2.150400E+004 1.570926E+074 2.150400E+004, Sun Oct 11 01:34:28 2015
0.05, 0.00, 1.16, 0.00 , 2.424932E-006, -2.424720E-006, -2.651666E-011, -8.001330E-014, 2.150400E+004 1.570926E+074 2.150400E+004, Sun Oct 11 01:34:32 2015
0.05, 0.00, 1.18, 0.00 , 2.515859E-006, -2.519360E-006, -2.852928E-011, -7.945300E-014, 2.150400E+004 1.570926E+074 2.150400E+004, Sun Oct 11 01:34:36 2015
0.05, 0.00, 1.20, 0.00 , 2.613408E-006, -2.612940E-006, -2.655859E-011, -8.605720E-014, 2.150400E+004 1.570926E+074 2.150400E+004, Sun Oct 11 01:34:39 2015
0.05, 0.00, 1.22, 0.00 , 2.709108E-006, -2.710810E-006, -2.681017E-011, -8.569960E-014, 2.150400E+004 1.570926E+074 2.150400E+004, Sun Oct 11 01:34:43 2015
0.05, 0.00, 1.24, 0.00 , 2.809983E-006, -2.808630E-006, -2.722947E-011, -8.157490E-014, 2.150400E+004 1.570926E+074 2.150400E+004, Sun Oct 11 01:34:46 2015
0.05, 0.00, 1.26, 0.00 , 2.912670E-006, -2.915830E-006, -2.370737E-011, -8.438830E-014, 2.150400E+004 1.570926E+074 2.150400E+004, Sun Oct 11 01:34:50 2015
0.05, 0.00, 1.28, 0.00 , 3.019581E-006, -3.022960E-006, -2.366544E-011, -8.758310E-014, 2.150400E+004 1.570926E+074 2.150400E+004, Sun Oct 11 01:34:53 2015
0.05, 0.00, 1.30, 0.00 , 3.131090E-006, -3.134440E-006, -2.500719E-011, -9.418730E-014, 2.150400E+004 1.570926E+074 2.150400E+004, Sun Oct 11 01:34:57 2015
0.05, 0.00, 1.32, 0.00 , 3.242973E-006, -3.244560E-006, -2.446211E-011, -8.378030E-014, 2.150400E+004 1.570926E+074 2.150400E+004, Sun Oct 11 01:35:00 2015
0.05, 0.00, 1.34, 0.00 , 3.357872E-006, -3.357470E-006, -2.416860E-011, -9.945630E-014, 2.150400E+004 1.570926E+074 2.150400E+004, Sun Oct 11 01:35:04 2015
0.05, 0.00, 1.36, 0.00 , 3.474124E-006, -3.474780E-006, -2.513298E-011, -1.028420E-013, 2.150400E+004 1.570926E+074 2.150400E+004, Sun Oct 11 01:35:08 2015
0.05, 0.00, 1.38, 0.00 , 3.589203E-006, -3.587140E-006, -2.341386E-011, -8.524660E-014, 2.150400E+004 1.570926E+074 2.150400E+004, Sun Oct 11 01:35:11 2015
0.05, 0.00, 1.40, 0.00 , 3.705774E-006, -3.705050E-006, -1.695731E-011, -1.048210E-013, 2.150400E+004 1.570926E+074 2.150400E+004, Sun Oct 11 01:35:15 2015
0.05, 0.00, 1.42, 0.00 , 3.822539E-006, -3.822000E-006, -2.525877E-011, -9.185080E-014, 2.150400E+004 1.570926E+074 2.150400E+004, Sun Oct 11 01:35:18 2015
0.05, 0.00, 1.44, 0.00 , 3.941504E-006, -3.940170E-006, -2.081445E-011, -9.410380E-014, 2.150400E+004 1.570926E+074 2.150400E+004, Sun Oct 11 01:35:22 2015
0.05, 0.00, 1.46, 0.00 , 4.060508E-006, -4.065360E-006, -1.980824E-011, -9.578470E-014, 2.150400E+004 1.570926E+074 2.150400E+004, Sun Oct 11 01:35:25 2015
0.05, 0.00, 1.48, 0.00 , 4.183001E-006, -4.182420E-006, -2.211414E-011, -8.819100E-014, 2.150400E+004 1.570926E+074 2.150400E+004, Sun Oct 11 01:35:29 2015
0.05, 0.00, 1.50, 0.00 , 4.304746E-006, -4.303910E-006, -1.674769E-011, -9.545090E-014, 2.150400E+004 1.570926E+074 2.150400E+004, Sun Oct 11 01:35:32 2015
0.05, 0.00, 1.52, 0.00 , 4.428421E-006, -4.428800E-006, -1.951476E-011, -9.897950E-014, 2.150400E+004 1.570926E+074 2.150400E+004, Sun Oct 11 01:35:36 2015
0.05, 0.00, 1.54, 0.00 , 4.557816E-006, -4.557080E-006, -2.094023E-011, -9.223220E-014, 2.150400E+004 1.570926E+074 2.150400E+004, Sun Oct 11 01:35:39 2015
0.05, 0.00, 1.56, 0.00 , 4.693595E-006, -4.692730E-006, -1.888588E-011, -6.375310E-014, 2.150400E+004 1.570926E+074 2.150400E+004, Sun Oct 11 01:35:43 2015
0.05, 0.00, 1.58, 0.00 , 4.829831E-006, -4.830420E-006, -2.031135E-011, -8.026360E-014, 2.150400E+004 1.570926E+074 2.150400E+004, Sun Oct 11 01:35:47 2015
0.05, 0.00, 1.60, 0.00 , 4.966177E-006, -4.965330E-006, -2.177874E-011, -8.133650E-014, 2.150400E+004 1.570926E+074 2.150400E+004, Sun Oct 11 01:35:50 2015
0.05, 0.00, 1.62, 0.00 , 5.107155E-006, -5.107280E-006, -2.458790E-011, -9.272100E-014, 2.150400E+004 1.570926E+074 2.150400E+004, Sun Oct 11 01:35:54 2015
0.05, 0.00, 1.64, 0.00 , 5.247107E-006, -5.247060E-006, -2.068868E-011, -8.729700E-014, 2.150400E+004 1.570926E+074 2.150400E+004, Sun Oct 11 01:35:57 2015
0.05, 0.00, 1.66, 0.00 , 5.391426E-006, -5.390560E-006, -2.198837E-011, -8.804800E-014, 2.150400E+004 1.570926E+074 2.150400E+004, Sun Oct 11 01:36:01 2015
0.05, 0.00, 1.68, 0.00 , 5.534777E-006, -5.536490E-006, -2.274302E-011, -9.564160E-014, 2.150400E+004 1.570926E+074 2.150400E+004, Sun Oct 11 01:36:04 2015
0.05, 0.00, 1.70, 0.00 , 5.681607E-006, -5.683020E-006, -2.387509E-011, -7.385020E-014, 2.150400E+004 1.570926E+074 2.150400E+004, Sun Oct 11 01:36:08 2015
0.05, 0.00, 1.72, 0.00 , 5.832708E-006, -5.833280E-006, -2.672631E-011, -8.982420E-014, 2.150400E+004 1.570926E+074 2.150400E+004, Sun Oct 11 01:36:11 2015
0.05, 0.00, 1.74, 0.00 , 5.984154E-006, -5.986420E-006, -2.412667E-011, -8.963350E-014, 2.150400E+004 1.570926E+074 2.150400E+004, Sun Oct 11 01:36:15 2015
0.05, 0.00, 1.76, 0.00 , 6.137218E-006, -6.137590E-006, -2.299458E-011, -7.159710E-014, 2.150400E+004 1.570926E+074 2.150400E+004, Sun Oct 11 01:36:19 2015
0.05, 0.00, 1.78, 0.00 , 6.296531E-006, -6.295320E-006, -2.156911E-011, -8.957390E-014, 2.150400E+004 1.570926E+074 2.150400E+004, Sun Oct 11 01:36:22 2015
0.05, 0.00, 1.80, 0.00 , 6.453013E-006, -6.453430E-006, -2.169489E-011, -7.579330E-014, 2.150400E+004 1.570926E+074 2.150400E+004, Sun Oct 11 01:36:26 2015
0.05, 0.00, 1.82, 0.00 , 6.613838E-006, -6.614240E-006, -2.073060E-011, -9.565350E-014, 2.150400E+004 1.570926E+074 2.150400E+004, Sun Oct 11 01:36:29 2015
0.05, 0.00, 1.84, 0.00 , 6.778653E-006, -6.775640E-006, -2.416860E-011, -8.157490E-014, 2.150400E+004 1.570926E+074 2.150400E+004, Sun Oct 11 01:36:33 2015
0.05, 0.00, 1.86, 0.00 , 6.949099E-006, -6.949010E-006, -2.437825E-011, -9.340050E-014, 2.150400E+004 1.570926E+074 2.150400E+004, Sun Oct 11 01:36:36 2015
0.05, 0.00, 1.88, 0.00 , 7.125485E-006, -7.123810E-006, -1.725079E-011, -1.073480E-013, 2.150400E+004 1.570926E+074 2.150400E+004, Sun Oct 11 01:36:40 2015
0.05, 0.00, 1.90, 0.00 , 7.300832E-006, -7.302010E-006, -1.519645E-011, -1.044750E-013, 2.150400E+004 1.570926E+074 2.150400E+004, Sun Oct 11 01:36:43 2015
0.05, 0.00, 1.92, 0.00 , 7.471379E-006, -7.472310E-006, -1.720886E-011, -7.681850E-014, 2.150400E+004 1.570926E+074 2.150400E+004, Sun Oct 11 01:36:47 2015
0.05, 0.00, 1.94, 0.00 , 7.646743E-006, -7.649000E-006, -1.934706E-011, -7.820130E-014, 2.150400E+004 1.570926E+074 2.150400E+004, Sun Oct 11 01:36:50 2015
0.05, 0.00, 1.96, 0.00 , 7.834839E-006, -7.833630E-006, -1.720887E-011, -8.223060E-014, 2.150400E+004 1.570926E+074 2.150400E+004, Sun Oct 11 01:36:54 2015
0.05, 0.00, 1.98, 0.00 , 8.025049E-006, -8.023450E-006, -1.758619E-011, -8.413790E-014, 2.150400E+004 1.570926E+074 2.150400E+004, Sun Oct 11 01:36:58 2015
0.05, 0.00, 2.00, 0.00 , 8.211138E-006, -8.212900E-006, -1.590918E-011, -8.258820E-014, 2.150400E+004 1.570926E+074 2.150400E+004, Sun Oct 11 01:37:01 2015
