0.05, 0.00, 0.00, 0.00 , -5.158107E-012, -8.059500E-013, -1.012134E-011, -1.304030E-013, 2.150400E+004 1.570926E+074 2.150400E+004, Wed Oct 07 13:29:55 2015
0.05, 0.00, 0.02, 0.00 , -1.828449E-011, -1.006970E-012, -1.787883E-011, -1.299380E-013, 2.150400E+004 1.570926E+074 2.150400E+004, Wed Oct 07 13:30:01 2015
0.05, 0.00, 0.04, 0.00 , -9.716438E-012, -9.682660E-013, -1.724985E-011, -1.252530E-013, 2.150400E+004 1.570926E+074 2.150400E+004, Wed Oct 07 13:30:10 2015
0.05, 0.00, 0.06, 0.00 , -6.466493E-012, -1.057220E-012, -1.980772E-011, -1.413230E-013, 2.150400E+004 1.570926E+074 2.150400E+004, Wed Oct 07 13:30:23 2015
0.05, 0.00, 0.08, 0.00 , -1.697595E-011, -1.164050E-012, -1.657896E-011, -1.253130E-013, 2.150400E+004 1.570926E+074 2.150400E+004, Wed Oct 07 13:30:49 2015
0.05, 0.00, 0.10, 0.00 , 2.444099E-013, -1.018740E-012, -2.257524E-011, -1.234890E-013, 2.150400E+004 1.570926E+074 2.150400E+004, Wed Oct 07 13:31:06 2015
0.05, 0.00, 0.12, 0.00 , -4.356115E-012, -1.513730E-012, -1.968194E-011, -1.091960E-013, 2.150400E+004 1.570926E+074 2.150400E+004, Wed Oct 07 13:31:12 2015
0.05, 0.00, 0.14, 0.00 , -4.187276E-012, -9.546760E-013, -2.446232E-011, -1.314280E-013, 2.150400E+004 1.570926E+074 2.150400E+004, Wed Oct 07 13:31:27 2015
0.05, 0.00, 0.16, 0.00 , -9.674119E-012, -1.388620E-012, -1.678864E-011, -1.224640E-013, 2.150400E+004 1.570926E+074 2.150400E+004, Wed Oct 07 13:31:33 2015
0.05, 0.00, 0.18, 0.00 , -1.486045E-012, -1.234650E-012, -2.412683E-011, -1.246690E-013, 2.150400E+004 1.570926E+074 2.150400E+004, Wed Oct 07 13:32:02 2015
0.05, 0.00, 0.20, 0.00 , -8.998788E-012, -2.013270E-012, -1.871753E-011, -1.263980E-013, 2.150400E+004 1.570926E+074 2.150400E+004, Wed Oct 07 13:32:08 2015
0.05, 0.00, 0.22, 0.00 , -5.959919E-012, -1.799400E-012, -1.892718E-011, -1.340030E-013, 2.150400E+004 1.570926E+074 2.150400E+004, Wed Oct 07 13:32:11 2015
0.05, 0.00, 0.24, 0.00 , -9.378624E-012, -2.534540E-012, -1.620164E-011, -1.197580E-013, 2.150400E+004 1.570926E+074 2.150400E+004, Wed Oct 07 13:32:21 2015
0.05, 0.00, 0.26, 0.00 , 5.562124E-012, -3.149060E-012, -1.431471E-011, -1.245380E-013, 2.150400E+004 1.570926E+074 2.150400E+004, Wed Oct 07 13:32:28 2015
0.05, 0.00, 0.28, 0.00 , -9.378614E-012, -5.361810E-012, -1.544687E-011, -1.134870E-013, 2.150400E+004 1.570926E+074 2.150400E+004, Wed Oct 07 13:32:36 2015
0.05, 0.00, 0.30, 0.00 , 4.042816E-012, -9.633410E-012, -1.146243E-010, -1.179810E-013, 2.150400E+004 1.570926E+074 2.150400E+004, Wed Oct 07 13:32:39 2015
0.05, 0.00, 0.32, 0.00 , 4.507048E-012, -1.824570E-011, -1.691449E-011, -1.191020E-013, 2.150400E+004 1.570926E+074 2.150400E+004, Wed Oct 07 13:32:43 2015
0.05, 0.00, 0.34, 0.00 , 4.718062E-012, -3.522280E-011, -8.066920E-012, -1.164440E-013, 2.150400E+004 1.570926E+074 2.150400E+004, Wed Oct 07 13:32:51 2015
0.05, 0.00, 0.36, 0.00 , 5.506588E-011, -7.024000E-011, -1.657905E-011, -1.204130E-013, 2.150400E+004 1.570926E+074 2.150400E+004, Wed Oct 07 13:33:07 2015
0.05, 0.00, 0.38, 0.00 , 1.226325E-010, -1.420760E-010, -1.297294E-011, -1.346830E-013, 2.150400E+004 1.570926E+074 2.150400E+004, Wed Oct 07 13:33:14 2015
0.05, 0.00, 0.40, 0.00 , 2.700463E-010, -2.865060E-010, -1.586622E-011, -1.263380E-013, 2.150400E+004 1.570926E+074 2.150400E+004, Wed Oct 07 13:33:18 2015
0.05, 0.00, 0.42, 0.00 , 5.556741E-010, -5.764400E-010, -1.364385E-011, -1.260400E-013, 2.150400E+004 1.570926E+074 2.150400E+004, Wed Oct 07 13:33:23 2015
0.05, 0.00, 0.44, 0.00 , 1.132162E-009, -1.150060E-009, -1.523725E-011, -1.130700E-013, 2.150400E+004 1.570926E+074 2.150400E+004, Wed Oct 07 13:33:28 2015
0.05, 0.00, 0.46, 0.00 , 2.243780E-009, -2.264790E-009, -1.465021E-011, -1.131890E-013, 2.150400E+004 1.570926E+074 2.150400E+004, Wed Oct 07 13:33:31 2015
0.05, 0.00, 0.48, 0.00 , 4.354920E-009, -4.371500E-009, -1.485987E-011, -1.236680E-013, 2.150400E+004 1.570926E+074 2.150400E+004, Wed Oct 07 13:33:35 2015
0.05, 0.00, 0.50, 0.00 , 8.251532E-009, -8.268390E-009, -1.469215E-011, -1.130820E-013, 2.150400E+004 1.570926E+074 2.150400E+004, Wed Oct 07 13:33:38 2015
0.05, 0.00, 0.52, 0.00 , 1.522129E-008, -1.524660E-008, -1.427284E-011, -1.306060E-013, 2.150400E+004 1.570926E+074 2.150400E+004, Wed Oct 07 13:33:42 2015
0.05, 0.00, 0.54, 0.00 , 2.728679E-008, -2.732640E-008, -1.142151E-011, -1.235370E-013, 2.150400E+004 1.570926E+074 2.150400E+004, Wed Oct 07 13:33:46 2015
0.05, 0.00, 0.56, 0.00 , 4.734394E-008, -4.739100E-008, -1.485989E-011, -1.126770E-013, 2.150400E+004 1.570926E+074 2.150400E+004, Wed Oct 07 13:33:49 2015
0.05, 0.00, 0.58, 0.00 , 7.903462E-008, -7.908600E-008, -1.423092E-011, -1.201390E-013, 2.150400E+004 1.570926E+074 2.150400E+004, Wed Oct 07 13:33:53 2015
0.05, 0.00, 0.60, 0.00 , 1.263152E-007, -1.263010E-007, -1.406320E-011, -1.226190E-013, 2.150400E+004 1.570926E+074 2.150400E+004, Wed Oct 07 13:33:56 2015
0.05, 0.00, 0.62, 0.00 , 1.932674E-007, -1.932510E-007, -1.435671E-011, -1.155730E-013, 2.150400E+004 1.570926E+074 2.150400E+004, Wed Oct 07 13:34:00 2015
0.05, 0.00, 0.64, 0.00 , 2.827442E-007, -2.826700E-007, -1.205049E-011, -1.217010E-013, 2.150400E+004 1.570926E+074 2.150400E+004, Wed Oct 07 13:34:04 2015
0.05, 0.00, 0.66, 0.00 , 3.966689E-007, -3.964810E-007, -1.100221E-011, -1.219150E-013, 2.150400E+004 1.570926E+074 2.150400E+004, Wed Oct 07 13:34:07 2015
0.05, 0.00, 0.68, 0.00 , 5.349883E-007, -5.349230E-007, -1.003780E-011, -1.302360E-013, 2.150400E+004 1.570926E+074 2.150400E+004, Wed Oct 07 13:34:11 2015
0.05, 0.00, 0.70, 0.00 , 6.976491E-007, -6.974070E-007, -1.347617E-011, -1.140950E-013, 2.150400E+004 1.570926E+074 2.150400E+004, Wed Oct 07 13:34:14 2015
0.05, 0.00, 0.72, 0.00 , 8.823671E-007, -8.820600E-007, -1.502763E-011, -1.332280E-013, 2.150400E+004 1.570926E+074 2.150400E+004, Wed Oct 07 13:34:18 2015
0.05, 0.00, 0.74, 0.00 , 1.088145E-006, -1.088040E-006, -1.142154E-011, -1.206160E-013, 2.150400E+004 1.570926E+074 2.150400E+004, Wed Oct 07 13:34:22 2015
0.05, 0.00, 0.76, 0.00 , 1.312506E-006, -1.312240E-006, -1.297300E-011, -1.134160E-013, 2.150400E+004 1.570926E+074 2.150400E+004, Wed Oct 07 13:34:25 2015
0.05, 0.00, 0.78, 0.00 , 1.553301E-006, -1.552950E-006, -1.217631E-011, -1.150370E-013, 2.150400E+004 1.570926E+074 2.150400E+004, Wed Oct 07 13:34:29 2015
0.05, 0.00, 0.80, 0.00 , 1.808670E-006, -1.808090E-006, -1.297301E-011, -1.190190E-013, 2.150400E+004 1.570926E+074 2.150400E+004, Wed Oct 07 13:34:32 2015
0.05, 0.00, 0.82, 0.00 , 2.076707E-006, -2.076070E-006, -1.104417E-011, -1.133320E-013, 2.150400E+004 1.570926E+074 2.150400E+004, Wed Oct 07 13:34:36 2015
0.05, 0.00, 0.84, 0.00 , 2.355064E-006, -2.354590E-006, -1.205053E-011, -1.319170E-013, 2.150400E+004 1.570926E+074 2.150400E+004, Wed Oct 07 13:34:39 2015
0.05, 0.00, 0.86, 0.00 , 2.643106E-006, -2.642520E-006, -1.221826E-011, -1.124860E-013, 2.150400E+004 1.570926E+074 2.150400E+004, Wed Oct 07 13:34:43 2015
0.05, 0.00, 0.88, 0.00 , 2.938662E-006, -2.938400E-006, -1.116998E-011, -1.016740E-013, 2.150400E+004 1.570926E+074 2.150400E+004, Wed Oct 07 13:34:46 2015
0.05, 0.00, 0.90, 0.00 , 3.241608E-006, -3.241000E-006, -1.083453E-011, -1.183390E-013, 2.150400E+004 1.570926E+074 2.150400E+004, Wed Oct 07 13:34:50 2015
0.05, 0.00, 0.92, 0.00 , 3.549357E-006, -3.548270E-006, -9.828183E-012, -1.337530E-013, 2.150400E+004 1.570926E+074 2.150400E+004, Wed Oct 07 13:34:53 2015
0.05, 0.00, 0.94, 0.00 , 3.860966E-006, -3.860380E-006, -8.737977E-012, -1.309510E-013, 2.150400E+004 1.570926E+074 2.150400E+004, Wed Oct 07 13:34:57 2015
0.05, 0.00, 0.96, 0.00 , 4.177262E-006, -4.176520E-006, -9.576596E-012, -1.164670E-013, 2.150400E+004 1.570926E+074 2.150400E+004, Wed Oct 07 13:35:01 2015
0.05, 0.00, 0.98, 0.00 , 4.497467E-006, -4.496280E-006, -1.217633E-011, -1.092080E-013, 2.150400E+004 1.570926E+074 2.150400E+004, Wed Oct 07 13:35:04 2015
0.05, 0.00, 1.00, 0.00 , 4.820041E-006, -4.818890E-006, -8.654122E-012, -1.174210E-013, 2.150400E+004 1.570926E+074 2.150400E+004, Wed Oct 07 13:35:08 2015
0.05, 0.00, 1.02, 0.00 , 5.142885E-006, -5.142300E-006, -5.299637E-012, -1.242160E-013, 2.150400E+004 1.570926E+074 2.150400E+004, Wed Oct 07 13:35:11 2015
0.05, 0.00, 1.04, 0.00 , 5.468273E-006, -5.467000E-006, -6.599511E-012, -1.318810E-013, 2.150400E+004 1.570926E+074 2.150400E+004, Wed Oct 07 13:35:15 2015
0.05, 0.00, 1.06, 0.00 , 5.793719E-006, -5.792830E-006, -8.947652E-012, -1.227380E-013, 2.150400E+004 1.570926E+074 2.150400E+004, Wed Oct 07 13:35:18 2015
0.05, 0.00, 1.08, 0.00 , 6.119578E-006, -6.118130E-006, -1.028945E-011, -1.280430E-013, 2.150400E+004 1.570926E+074 2.150400E+004, Wed Oct 07 13:35:22 2015
0.05, 0.00, 1.10, 0.00 , 6.444798E-006, -6.443600E-006, -9.828215E-012, -1.318340E-013, 2.150400E+004 1.570926E+074 2.150400E+004, Wed Oct 07 13:35:25 2015
0.05, 0.00, 1.12, 0.00 , 6.769636E-006, -6.768160E-006, -7.899396E-012, -1.154180E-013, 2.150400E+004 1.570926E+074 2.150400E+004, Wed Oct 07 13:35:29 2015
0.05, 0.00, 1.14, 0.00 , 7.094980E-006, -7.093110E-006, -7.354282E-012, -1.108290E-013, 2.150400E+004 1.570926E+074 2.150400E+004, Wed Oct 07 13:35:33 2015
0.05, 0.00, 1.16, 0.00 , 7.416592E-006, -7.415510E-006, -1.049912E-011, -1.239900E-013, 2.150400E+004 1.570926E+074 2.150400E+004, Wed Oct 07 13:35:36 2015
0.05, 0.00, 1.18, 0.00 , 7.738133E-006, -7.736650E-006, -6.725332E-012, -1.315950E-013, 2.150400E+004 1.570926E+074 2.150400E+004, Wed Oct 07 13:35:40 2015
0.05, 0.00, 1.20, 0.00 , 8.057910E-006, -8.055990E-006, -9.450857E-012, -1.236200E-013, 2.150400E+004 1.570926E+074 2.150400E+004, Wed Oct 07 13:35:43 2015
0.05, 0.00, 1.22, 0.00 , 8.377253E-006, -8.374820E-006, -8.989620E-012, -1.253960E-013, 2.150400E+004 1.570926E+074 2.150400E+004, Wed Oct 07 13:35:47 2015
0.05, 0.00, 1.24, 0.00 , 8.693183E-006, -8.691680E-006, -9.744382E-012, -1.184460E-013, 2.150400E+004 1.570926E+074 2.150400E+004, Wed Oct 07 13:35:50 2015
0.05, 0.00, 1.26, 0.00 , 9.008750E-006, -9.006970E-006, -7.605900E-012, -1.180650E-013, 2.150400E+004 1.570926E+074 2.150400E+004, Wed Oct 07 13:35:54 2015
0.05, 0.00, 1.28, 0.00 , 9.320772E-006, -9.318340E-006, -7.689767E-012, -1.198770E-013, 2.150400E+004 1.570926E+074 2.150400E+004, Wed Oct 07 13:35:57 2015
0.05, 0.00, 1.30, 0.00 , 9.631356E-006, -9.628780E-006, -1.028949E-011, -1.205440E-013, 2.150400E+004 1.570926E+074 2.150400E+004, Wed Oct 07 13:36:01 2015
0.05, 0.00, 1.32, 0.00 , 9.939346E-006, -9.936940E-006, -1.188287E-011, -1.276370E-013, 2.150400E+004 1.570926E+074 2.150400E+004, Wed Oct 07 13:36:05 2015
0.05, 0.00, 1.34, 0.00 , 1.024465E-005, -1.024450E-005, -6.809225E-012, -1.266840E-013, 2.150400E+004 1.570926E+074 2.150400E+004, Wed Oct 07 13:36:08 2015
0.05, 0.00, 1.36, 0.00 , 1.054929E-005, -1.054930E-005, -7.815587E-012, -1.142380E-013, 2.150400E+004 1.570926E+074 2.150400E+004, Wed Oct 07 13:36:12 2015
0.05, 0.00, 1.38, 0.00 , 1.085026E-005, -1.084940E-005, -7.354346E-012, -9.162430E-014, 2.150400E+004 1.570926E+074 2.150400E+004, Wed Oct 07 13:36:15 2015
0.05, 0.00, 1.40, 0.00 , 1.114743E-005, -1.114710E-005, -8.570341E-012, -1.203660E-013, 2.150400E+004 1.570926E+074 2.150400E+004, Wed Oct 07 13:36:19 2015
0.05, 0.00, 1.42, 0.00 , 1.144150E-005, -1.144150E-005, -8.234890E-012, -1.410130E-013, 2.150400E+004 1.570926E+074 2.150400E+004, Wed Oct 07 13:36:22 2015
0.05, 0.00, 1.44, 0.00 , 1.173152E-005, -1.173020E-005, -6.683452E-012, -1.213070E-013, 2.150400E+004 1.570926E+074 2.150400E+004, Wed Oct 07 13:36:26 2015
0.05, 0.00, 1.46, 0.00 , 1.201945E-005, -1.201770E-005, -7.857525E-012, -1.139040E-013, 2.150400E+004 1.570926E+074 2.150400E+004, Wed Oct 07 13:36:30 2015
0.05, 0.00, 1.48, 0.00 , 1.230495E-005, -1.230470E-005, -6.264152E-012, -1.193170E-013, 2.150400E+004 1.570926E+074 2.150400E+004, Wed Oct 07 13:36:33 2015
0.05, 0.00, 1.50, 0.00 , 1.258710E-005, -1.258620E-005, -6.641540E-012, -1.298190E-013, 2.150400E+004 1.570926E+074 2.150400E+004, Wed Oct 07 13:36:37 2015
0.05, 0.00, 1.52, 0.00 , 1.286434E-005, -1.286410E-005, -4.880445E-012, -1.176950E-013, 2.150400E+004 1.570926E+074 2.150400E+004, Wed Oct 07 13:36:40 2015
0.05, 0.00, 1.54, 0.00 , 1.313918E-005, -1.313950E-005, -7.857541E-012, -1.215100E-013, 2.150400E+004 1.570926E+074 2.150400E+004, Wed Oct 07 13:36:44 2015
0.05, 0.00, 1.56, 0.00 , 1.341204E-005, -1.341050E-005, -6.767331E-012, -1.335500E-013, 2.150400E+004 1.570926E+074 2.150400E+004, Wed Oct 07 13:36:47 2015
0.05, 0.00, 1.58, 0.00 , 1.368035E-005, -1.367920E-005, -4.922382E-012, -1.266480E-013, 2.150400E+004 1.570926E+074 2.150400E+004, Wed Oct 07 13:36:51 2015
0.05, 0.00, 1.60, 0.00 , 1.394520E-005, -1.394310E-005, -7.396308E-012, -1.241450E-013, 2.150400E+004 1.570926E+074 2.150400E+004, Wed Oct 07 13:36:54 2015
0.05, 0.00, 1.62, 0.00 , 1.420613E-005, -1.420480E-005, -6.012595E-012, -1.215820E-013, 2.150400E+004 1.570926E+074 2.150400E+004, Wed Oct 07 13:36:58 2015
0.05, 0.00, 1.64, 0.00 , 1.446545E-005, -1.446390E-005, -5.509437E-012, -1.283650E-013, 2.150400E+004 1.570926E+074 2.150400E+004, Wed Oct 07 13:37:02 2015
0.05, 0.00, 1.66, 0.00 , 1.471917E-005, -1.471870E-005, -3.329044E-012, -1.067640E-013, 2.150400E+004 1.570926E+074 2.150400E+004, Wed Oct 07 13:37:05 2015
0.05, 0.00, 1.68, 0.00 , 1.497308E-005, -1.497210E-005, -7.647912E-012, -1.171230E-013, 2.150400E+004 1.570926E+074 2.150400E+004, Wed Oct 07 13:37:09 2015
0.05, 0.00, 1.70, 0.00 , 1.522136E-005, -1.521930E-005, -5.299794E-012, -1.251340E-013, 2.150400E+004 1.570926E+074 2.150400E+004, Wed Oct 07 13:37:12 2015
0.05, 0.00, 1.72, 0.00 , 1.546598E-005, -1.546560E-005, -4.964343E-012, -1.223440E-013, 2.150400E+004 1.570926E+074 2.150400E+004, Wed Oct 07 13:37:16 2015
0.05, 0.00, 1.74, 0.00 , 1.570945E-005, -1.570860E-005, -6.557716E-012, -1.325490E-013, 2.150400E+004 1.570926E+074 2.150400E+004, Wed Oct 07 13:37:19 2015
0.05, 0.00, 1.76, 0.00 , 1.594718E-005, -1.594650E-005, -2.867822E-012, -1.292350E-013, 2.150400E+004 1.570926E+074 2.150400E+004, Wed Oct 07 13:37:23 2015
0.05, 0.00, 1.78, 0.00 , 1.618162E-005, -1.618020E-005, -7.438276E-012, -1.280900E-013, 2.150400E+004 1.570926E+074 2.150400E+004, Wed Oct 07 13:37:26 2015
0.05, 0.00, 1.80, 0.00 , 1.641161E-005, -1.641090E-005, -3.161353E-012, -1.327160E-013, 2.150400E+004 1.570926E+074 2.150400E+004, Wed Oct 07 13:37:30 2015
0.05, 0.00, 1.82, 0.00 , 1.664101E-005, -1.664010E-005, -3.664524E-012, -1.136660E-013, 2.150400E+004 1.570926E+074 2.150400E+004, Wed Oct 07 13:37:34 2015
0.05, 0.00, 1.84, 0.00 , 1.686758E-005, -1.686620E-005, -6.893191E-012, -1.231910E-013, 2.150400E+004 1.570926E+074 2.150400E+004, Wed Oct 07 13:37:37 2015
0.05, 0.00, 1.86, 0.00 , 1.708924E-005, -1.708730E-005, -2.742055E-012, -1.252650E-013, 2.150400E+004 1.570926E+074 2.150400E+004, Wed Oct 07 13:37:41 2015
0.05, 0.00, 1.88, 0.00 , 1.730677E-005, -1.730500E-005, -4.964387E-012, -1.230840E-013, 2.150400E+004 1.570926E+074 2.150400E+004, Wed Oct 07 13:37:44 2015
0.05, 0.00, 1.90, 0.00 , 1.752053E-005, -1.751840E-005, -4.838607E-012, -1.292470E-013, 2.150400E+004 1.570926E+074 2.150400E+004, Wed Oct 07 13:37:48 2015
0.05, 0.00, 1.92, 0.00 , 1.773378E-005, -1.773230E-005, -5.677223E-012, -1.191740E-013, 2.150400E+004 1.570926E+074 2.150400E+004, Wed Oct 07 13:37:51 2015
0.05, 0.00, 1.94, 0.00 , 1.794222E-005, -1.794120E-005, -5.299846E-012, -1.150730E-013, 2.150400E+004 1.570926E+074 2.150400E+004, Wed Oct 07 13:37:55 2015
0.05, 0.00, 1.96, 0.00 , 1.814587E-005, -1.814470E-005, -3.077526E-012, -1.192570E-013, 2.150400E+004 1.570926E+074 2.150400E+004, Wed Oct 07 13:37:58 2015
0.05, 0.00, 1.98, 0.00 , 1.834666E-005, -1.834420E-005, -3.412983E-012, -1.236200E-013, 2.150400E+004 1.570926E+074 2.150400E+004, Wed Oct 07 13:38:02 2015
0.05, 0.00, 2.00, 0.00 , 1.854605E-005, -1.854370E-005, -3.329111E-012, -1.343730E-013, 2.150400E+004 1.570926E+074 2.150400E+004, Wed Oct 07 13:38:05 2015
