0.00, 0.00, 1.60, 0.00 , 7.839331E-010, -8.630010E-010, -1.980827E-011, -9.582040E-014, 2.150400E+004 1.570926E+074 2.150400E+004, Sun Oct 11 03:59:33 2015
0.05, 0.00, 1.60, 0.00 , 4.942133E-006, -4.943490E-006, -2.194645E-011, -8.523460E-014, 2.150400E+004 1.570926E+074 2.150400E+004, Sun Oct 11 03:59:38 2015
0.10, 0.00, 1.60, 0.00 , 2.372557E-005, -2.373530E-005, -2.291073E-011, -7.554290E-014, 2.150400E+004 1.570926E+074 2.150400E+004, Sun Oct 11 03:59:41 2015
0.15, 0.00, 1.60, 0.00 , 5.030874E-005, -5.030210E-005, -2.047907E-011, -8.593800E-014, 2.150400E+004 1.570926E+074 2.150400E+004, Sun Oct 11 03:59:45 2015
0.20, 0.00, 1.60, 0.00 , 7.879404E-005, -7.877090E-005, -2.094025E-011, -7.615090E-014, 2.150400E+004 1.570926E+074 2.150400E+004, Sun Oct 11 03:59:49 2015
0.25, 0.00, 1.60, 0.00 , 1.065581E-004, -1.065280E-004, -1.804741E-011, -9.186270E-014, 2.150400E+004 1.570926E+074 2.150400E+004, Sun Oct 11 03:59:52 2015
0.30, 0.00, 1.60, 0.00 , 1.325922E-004, -1.325620E-004, -2.219800E-011, -9.227990E-014, 2.150400E+004 1.570926E+074 2.150400E+004, Sun Oct 11 03:59:56 2015
0.35, 0.00, 1.60, 0.00 , 1.564682E-004, -1.564260E-004, -1.871822E-011, -9.230380E-014, 2.150400E+004 1.570926E+074 2.150400E+004, Sun Oct 11 03:59:59 2015
0.40, 0.00, 1.60, 0.00 , 1.779806E-004, -1.779400E-004, -1.842474E-011, -8.895400E-014, 2.150400E+004 1.570926E+074 2.150400E+004, Sun Oct 11 04:00:03 2015
0.45, 0.00, 1.60, 0.00 , 1.971392E-004, -1.970870E-004, -2.203030E-011, -1.046660E-013, 2.150400E+004 1.570926E+074 2.150400E+004, Sun Oct 11 04:00:06 2015
0.50, 0.00, 1.60, 0.00 , 2.139962E-004, -2.139390E-004, -2.295265E-011, -7.964370E-014, 2.150400E+004 1.570926E+074 2.150400E+004, Sun Oct 11 04:00:10 2015
0.55, 0.00, 1.60, 0.00 , 2.286560E-004, -2.286100E-004, -1.855052E-011, -9.727480E-014, 2.150400E+004 1.570926E+074 2.150400E+004, Sun Oct 11 04:00:14 2015
0.60, 0.00, 1.60, 0.00 , 2.412189E-004, -2.411710E-004, -2.114987E-011, -6.002190E-014, 2.150400E+004 1.570926E+074 2.150400E+004, Sun Oct 11 04:00:17 2015
0.65, 0.00, 1.60, 0.00 , 2.517210E-004, -2.516670E-004, -1.980827E-011, -8.583070E-014, 2.150400E+004 1.570926E+074 2.150400E+004, Sun Oct 11 04:00:21 2015
0.70, 0.00, 1.60, 0.00 , 2.602297E-004, -2.601800E-004, -2.727136E-011, -7.560250E-014, 2.150400E+004 1.570926E+074 2.150400E+004, Sun Oct 11 04:00:24 2015
0.75, 0.00, 1.60, 0.00 , 2.668881E-004, -2.668290E-004, -2.077255E-011, -1.000290E-013, 2.150400E+004 1.570926E+074 2.150400E+004, Sun Oct 11 04:00:28 2015
0.80, 0.00, 1.60, 0.00 , 2.718392E-004, -2.717860E-004, -2.106603E-011, -8.488890E-014, 2.150400E+004 1.570926E+074 2.150400E+004, Sun Oct 11 04:00:31 2015
0.85, 0.00, 1.60, 0.00 , 2.753920E-004, -2.753420E-004, -2.312036E-011, -9.493830E-014, 2.150400E+004 1.570926E+074 2.150400E+004, Sun Oct 11 04:00:35 2015
0.90, 0.00, 1.60, 0.00 , 2.777753E-004, -2.777230E-004, -2.085640E-011, -8.912090E-014, 2.150400E+004 1.570926E+074 2.150400E+004, Sun Oct 11 04:00:38 2015
0.95, 0.00, 1.60, 0.00 , 2.792774E-004, -2.792450E-004, -2.165298E-011, -1.013400E-013, 2.150400E+004 1.570926E+074 2.150400E+004, Sun Oct 11 04:00:42 2015
1.00, 0.00, 1.60, 0.00 , 2.801835E-004, -2.801360E-004, -2.223993E-011, -8.656980E-014, 2.150400E+004 1.570926E+074 2.150400E+004, Sun Oct 11 04:00:45 2015
1.05, 0.00, 1.60, 0.00 , 2.807268E-004, -2.806880E-004, -2.152720E-011, -8.808370E-014, 2.150400E+004 1.570926E+074 2.150400E+004, Sun Oct 11 04:00:49 2015
1.10, 0.00, 1.60, 0.00 , 2.810466E-004, -2.810070E-004, -2.286880E-011, -8.798840E-014, 2.150400E+004 1.570926E+074 2.150400E+004, Sun Oct 11 04:00:53 2015
1.15, 0.00, 1.60, 0.00 , 2.812660E-004, -2.812340E-004, -2.383315E-011, -9.353160E-014, 2.150400E+004 1.570926E+074 2.150400E+004, Sun Oct 11 04:00:56 2015
1.20, 0.00, 1.60, 0.00 , 2.814201E-004, -2.813740E-004, -2.379123E-011, -8.759500E-014, 2.150400E+004 1.570926E+074 2.150400E+004, Sun Oct 11 04:01:00 2015
1.25, 0.00, 1.60, 0.00 , 2.815329E-004, -2.815120E-004, -2.555225E-011, -7.331370E-014, 2.150400E+004 1.570926E+074 2.150400E+004, Sun Oct 11 04:01:03 2015
1.30, 0.00, 1.60, 0.00 , 2.816355E-004, -2.815980E-004, -2.785836E-011, -9.979010E-014, 2.150400E+004 1.570926E+074 2.150400E+004, Sun Oct 11 04:01:07 2015
1.35, 0.00, 1.60, 0.00 , 2.817272E-004, -2.816910E-004, -2.299458E-011, -1.055480E-013, 2.150400E+004 1.570926E+074 2.150400E+004, Sun Oct 11 04:01:10 2015
1.40, 0.00, 1.60, 0.00 , 2.818284E-004, -2.817840E-004, -2.794222E-011, -8.616450E-014, 2.150400E+004 1.570926E+074 2.150400E+004, Sun Oct 11 04:01:14 2015
1.45, 0.00, 1.60, 0.00 , 2.819100E-004, -2.818600E-004, -1.943095E-011, -7.946490E-014, 2.150400E+004 1.570926E+074 2.150400E+004, Sun Oct 11 04:01:17 2015
1.50, 0.00, 1.60, 0.00 , 2.819882E-004, -2.819430E-004, -2.865502E-011, -1.109960E-013, 2.150400E+004 1.570926E+074 2.150400E+004, Sun Oct 11 04:01:21 2015
1.55, 0.00, 1.60, 0.00 , 2.820963E-004, -2.820600E-004, -2.035330E-011, -7.327800E-014, 2.150400E+004 1.570926E+074 2.150400E+004, Sun Oct 11 04:01:25 2015
1.60, 0.00, 1.60, 0.00 , 2.824558E-004, -2.824410E-004, -2.865502E-011, -8.751150E-014, 2.150400E+004 1.570926E+074 2.150400E+004, Sun Oct 11 04:01:28 2015
1.65, 0.00, 1.60, 0.00 , 2.840300E-004, -2.840580E-004, -2.643277E-011, -7.950070E-014, 2.150400E+004 1.570926E+074 2.150400E+004, Sun Oct 11 04:01:32 2015
1.70, 0.00, 1.60, 0.00 , 2.870887E-004, -2.870720E-004, -2.777450E-011, -9.758470E-014, 2.150400E+004 1.570926E+074 2.150400E+004, Sun Oct 11 04:01:35 2015
1.75, 0.00, 1.60, 0.00 , 2.893297E-004, -2.892700E-004, -2.748100E-011, -9.037260E-014, 2.150400E+004 1.570926E+074 2.150400E+004, Sun Oct 11 04:01:39 2015
1.80, 0.00, 1.60, 0.00 , 2.915726E-004, -2.915640E-004, -2.479753E-011, -8.834600E-014, 2.150400E+004 1.570926E+074 2.150400E+004, Sun Oct 11 04:01:42 2015
1.85, 0.00, 1.60, 0.00 , 2.941096E-004, -2.941100E-004, -2.588769E-011, -6.916520E-014, 2.150400E+004 1.570926E+074 2.150400E+004, Sun Oct 11 04:01:46 2015
1.90, 0.00, 1.60, 0.00 , 2.968273E-004, -2.968240E-004, -2.542647E-011, -7.932190E-014, 2.150400E+004 1.570926E+074 2.150400E+004, Sun Oct 11 04:01:49 2015
1.95, 0.00, 1.60, 0.00 , 2.998585E-004, -2.998390E-004, -2.752293E-011, -6.868840E-014, 2.150400E+004 1.570926E+074 2.150400E+004, Sun Oct 11 04:01:53 2015
2.00, 0.00, 1.60, 0.00 , 3.031885E-004, -3.031490E-004, -2.374930E-011, -8.250470E-014, 2.150400E+004 1.570926E+074 2.150400E+004, Sun Oct 11 04:01:56 2015
