0.00, 0.00, 0.00, 0.00 , -2.414748E-011, -1.442330E-012, -3.226098E-011, -1.051310E-013, 2.150400E+004 1.570926E+074 2.150400E+004, Sun Oct 11 03:03:45 2015
0.05, 0.00, 0.00, 0.00 , -2.701715E-011, -1.083290E-012, -2.794224E-011, -7.413630E-014, 2.150400E+004 1.570926E+074 2.150400E+004, Sun Oct 11 03:04:17 2015
0.10, 0.00, 0.00, 0.00 , -2.591993E-011, -7.730720E-014, -3.033222E-011, -7.122750E-014, 2.150400E+004 1.570926E+074 2.150400E+004, Sun Oct 11 03:05:00 2015
0.15, 0.00, 0.00, 0.00 , -2.608874E-011, -1.210690E-013, -2.848732E-011, -8.265970E-014, 2.150400E+004 1.570926E+074 2.150400E+004, Sun Oct 11 03:05:06 2015
0.20, 0.00, 0.00, 0.00 , -2.385209E-011, 3.282070E-013, -3.142238E-011, -1.104830E-013, 2.150400E+004 1.570926E+074 2.150400E+004, Sun Oct 11 03:05:13 2015
0.25, 0.00, 0.00, 0.00 , -2.461171E-011, 7.557870E-014, -3.251254E-011, -9.249450E-014, 2.150400E+004 1.570926E+074 2.150400E+004, Sun Oct 11 03:05:26 2015
0.30, 0.00, 0.00, 0.00 , -2.537131E-011, -1.158050E-012, -2.857118E-011, -9.480720E-014, 2.150400E+004 1.570926E+074 2.150400E+004, Sun Oct 11 03:05:36 2015
0.35, 0.00, 0.00, 0.00 , -2.351444E-011, -9.134890E-013, -3.737634E-011, -9.279250E-014, 2.150400E+004 1.570926E+074 2.150400E+004, Sun Oct 11 03:05:42 2015
0.40, 0.00, 0.00, 0.00 , -2.828318E-011, 2.712130E-013, -3.087730E-011, -8.951430E-014, 2.150400E+004 1.570926E+074 2.150400E+004, Sun Oct 11 03:05:48 2015
0.45, 0.00, 0.00, 0.00 , -2.368326E-011, -7.538320E-013, -2.764873E-011, -1.049280E-013, 2.150400E+004 1.570926E+074 2.150400E+004, Sun Oct 11 03:06:00 2015
0.50, 0.00, 0.00, 0.00 , -2.233286E-011, 1.973510E-013, -2.890661E-011, -9.337660E-014, 2.150400E+004 1.570926E+074 2.150400E+004, Sun Oct 11 03:06:19 2015
0.55, 0.00, 0.00, 0.00 , -2.402087E-011, 7.369520E-014, -3.909546E-011, -9.177920E-014, 2.150400E+004 1.570926E+074 2.150400E+004, Sun Oct 11 03:06:27 2015
0.60, 0.00, 0.00, 0.00 , -2.473830E-011, -2.957580E-014, -3.465093E-011, -7.859470E-014, 2.150400E+004 1.570926E+074 2.150400E+004, Sun Oct 11 03:06:58 2015
0.65, 0.00, 0.00, 0.00 , -2.372543E-011, -1.659210E-012, -3.674740E-011, -9.377000E-014, 2.150400E+004 1.570926E+074 2.150400E+004, Sun Oct 11 03:08:48 2015
0.70, 0.00, 0.00, 0.00 , -2.781894E-011, -2.578260E-013, -2.412666E-011, -7.892850E-014, 2.150400E+004 1.570926E+074 2.150400E+004, Sun Oct 11 03:09:02 2015
0.75, 0.00, 0.00, 0.00 , -2.300804E-011, -1.470290E-012, -2.844539E-011, -7.765290E-014, 2.150400E+004 1.570926E+074 2.150400E+004, Sun Oct 11 03:09:57 2015
0.80, 0.00, 0.00, 0.00 , -2.385206E-011, -8.941890E-013, -3.888581E-011, -1.055960E-013, 2.150400E+004 1.570926E+074 2.150400E+004, Sun Oct 11 03:10:12 2015
0.85, 0.00, 0.00, 0.00 , -2.431625E-011, 1.622320E-013, -3.020642E-011, -8.783340E-014, 2.150400E+004 1.570926E+074 2.150400E+004, Sun Oct 11 03:10:41 2015
0.90, 0.00, 0.00, 0.00 , -2.279702E-011, -1.469670E-012, -3.360270E-011, -9.105210E-014, 2.150400E+004 1.570926E+074 2.150400E+004, Sun Oct 11 03:11:33 2015
0.95, 0.00, 0.00, 0.00 , -2.224841E-011, -1.708900E-012, -3.502830E-011, -1.121160E-013, 2.150400E+004 1.570926E+074 2.150400E+004, Sun Oct 11 03:12:02 2015
1.00, 0.00, 0.00, 0.00 , -2.583546E-011, -9.463910E-013, -2.743908E-011, -7.474420E-014, 2.150400E+004 1.570926E+074 2.150400E+004, Sun Oct 11 03:12:41 2015
1.05, 0.00, 0.00, 0.00 , -2.309243E-011, -1.470540E-012, -2.416859E-011, -9.151700E-014, 2.150400E+004 1.570926E+074 2.150400E+004, Sun Oct 11 03:13:48 2015
1.10, 0.00, 0.00, 0.00 , -1.625589E-011, -1.218250E-012, -3.519600E-011, -7.669930E-014, 2.150400E+004 1.570926E+074 2.150400E+004, Sun Oct 11 03:14:30 2015
1.15, 0.00, 0.00, 0.00 , -2.182639E-011, -3.687500E-013, -3.364463E-011, -6.628040E-014, 2.150400E+004 1.570926E+074 2.150400E+004, Sun Oct 11 03:14:48 2015
1.20, 0.00, 0.00, 0.00 , -1.920995E-011, -1.074910E-012, -2.899047E-011, -8.585450E-014, 2.150400E+004 1.570926E+074 2.150400E+004, Sun Oct 11 03:15:26 2015
1.25, 0.00, 0.00, 0.00 , -2.317684E-011, -9.512540E-013, -3.683127E-011, -7.632970E-014, 2.150400E+004 1.570926E+074 2.150400E+004, Sun Oct 11 03:17:08 2015
1.30, 0.00, 0.00, 0.00 , -2.039159E-011, -2.018880E-012, -3.351884E-011, -9.378190E-014, 2.150400E+004 1.570926E+074 2.150400E+004, Sun Oct 11 03:17:33 2015
1.35, 0.00, 0.00, 0.00 , -1.866135E-011, -1.928870E-012, -3.699898E-011, -9.630920E-014, 2.150400E+004 1.570926E+074 2.150400E+004, Sun Oct 11 03:17:51 2015
1.40, 0.00, 0.00, 0.00 , -2.250164E-011, -5.981920E-013, -2.886467E-011, -8.491280E-014, 2.150400E+004 1.570926E+074 2.150400E+004, Sun Oct 11 03:18:31 2015
1.45, 0.00, 0.00, 0.00 , -1.515866E-011, -1.397750E-012, -4.089840E-011, -8.054970E-014, 2.150400E+004 1.570926E+074 2.150400E+004, Sun Oct 11 03:21:07 2015
1.50, 0.00, 0.00, 0.00 , -1.676229E-011, -1.399720E-012, -3.569916E-011, -1.060960E-013, 2.150400E+004 1.570926E+074 2.150400E+004, Sun Oct 11 03:21:39 2015
1.55, 0.00, 0.00, 0.00 , -1.996956E-011, -9.157300E-013, -3.557337E-011, -1.008150E-013, 2.150400E+004 1.570926E+074 2.150400E+004, Sun Oct 11 03:21:57 2015
1.60, 0.00, 0.00, 0.00 , -1.659348E-011, -2.180470E-012, -2.551033E-011, -7.438660E-014, 2.150400E+004 1.570926E+074 2.150400E+004, Sun Oct 11 03:23:20 2015
1.65, 0.00, 0.00, 0.00 , -1.722651E-011, -2.058230E-012, -3.691510E-011, -8.826260E-014, 2.150400E+004 1.570926E+074 2.150400E+004, Sun Oct 11 03:23:26 2015
1.70, 0.00, 0.00, 0.00 , -2.169979E-011, -5.572920E-013, -3.196744E-011, -1.046660E-013, 2.150400E+004 1.570926E+074 2.150400E+004, Sun Oct 11 03:24:08 2015
1.75, 0.00, 0.00, 0.00 , -1.845032E-011, -1.384990E-012, -3.100307E-011, -1.091840E-013, 2.150400E+004 1.570926E+074 2.150400E+004, Sun Oct 11 03:24:43 2015
1.80, 0.00, 0.00, 0.00 , -1.823931E-011, -1.526420E-012, -3.813106E-011, -9.478330E-014, 2.150400E+004 1.570926E+074 2.150400E+004, Sun Oct 11 03:25:02 2015
1.85, 0.00, 0.00, 0.00 , -2.001175E-011, -6.047130E-013, -3.364461E-011, -7.026200E-014, 2.150400E+004 1.570926E+074 2.150400E+004, Sun Oct 11 03:26:14 2015
1.90, 0.00, 0.00, 0.00 , -1.747970E-011, -2.230450E-012, -2.894853E-011, -1.005530E-013, 2.150400E+004 1.570926E+074 2.150400E+004, Sun Oct 11 03:26:21 2015
1.95, 0.00, 0.00, 0.00 , -2.178419E-011, -3.735900E-013, -3.947279E-011, -1.012090E-013, 2.150400E+004 1.570926E+074 2.150400E+004, Sun Oct 11 03:27:05 2015
2.00, 0.00, 0.00, 0.00 , -2.047594E-011, -6.019000E-013, -3.817299E-011, -9.580850E-014, 2.150400E+004 1.570926E+074 2.150400E+004, Sun Oct 11 03:28:28 2015
