0.00, 0.00, 0.80, 0.00 , 5.768949E-009, -6.298430E-009, -1.301603E-011, -8.919240E-014, 2.150400E+004 1.570926E+074 2.150400E+004, Wed Oct 07 14:19:22 2015
0.05, 0.00, 0.80, 0.00 , 1.802618E-006, -1.802920E-006, -1.528007E-011, -9.733440E-014, 2.150400E+004 1.570926E+074 2.150400E+004, Wed Oct 07 14:19:26 2015
0.10, 0.00, 0.80, 0.00 , 2.976569E-006, -2.976400E-006, -1.859228E-011, -1.142020E-013, 2.150400E+004 1.570926E+074 2.150400E+004, Wed Oct 07 14:19:30 2015
0.15, 0.00, 0.80, 0.00 , 3.647265E-006, -3.647190E-006, -1.624439E-011, -1.159910E-013, 2.150400E+004 1.570926E+074 2.150400E+004, Wed Oct 07 14:19:33 2015
0.20, 0.00, 0.80, 0.00 , 3.967627E-006, -3.967260E-006, -1.637016E-011, -1.055600E-013, 2.150400E+004 1.570926E+074 2.150400E+004, Wed Oct 07 14:19:37 2015
0.25, 0.00, 0.80, 0.00 , 4.090838E-006, -4.090350E-006, -1.871806E-011, -1.216530E-013, 2.150400E+004 1.570926E+074 2.150400E+004, Wed Oct 07 14:19:40 2015
0.30, 0.00, 0.80, 0.00 , 4.131589E-006, -4.132030E-006, -1.842457E-011, -1.037600E-013, 2.150400E+004 1.570926E+074 2.150400E+004, Wed Oct 07 14:19:44 2015
0.35, 0.00, 0.80, 0.00 , 4.147167E-006, -4.146520E-006, -1.892769E-011, -1.058700E-013, 2.150400E+004 1.570926E+074 2.150400E+004, Wed Oct 07 14:19:47 2015
0.40, 0.00, 0.80, 0.00 , 4.154012E-006, -4.153200E-006, -1.909540E-011, -1.008870E-013, 2.150400E+004 1.570926E+074 2.150400E+004, Wed Oct 07 14:19:51 2015
0.45, 0.00, 0.80, 0.00 , 4.157834E-006, -4.158320E-006, -2.198834E-011, -9.118320E-014, 2.150400E+004 1.570926E+074 2.150400E+004, Wed Oct 07 14:19:54 2015
0.50, 0.00, 0.80, 0.00 , 4.160993E-006, -4.160420E-006, -1.955659E-011, -8.952620E-014, 2.150400E+004 1.570926E+074 2.150400E+004, Wed Oct 07 14:19:58 2015
0.55, 0.00, 0.80, 0.00 , 4.164837E-006, -4.164090E-006, -1.867613E-011, -1.016620E-013, 2.150400E+004 1.570926E+074 2.150400E+004, Wed Oct 07 14:20:01 2015
0.60, 0.00, 0.80, 0.00 , 4.168725E-006, -4.168200E-006, -1.804724E-011, -1.072760E-013, 2.150400E+004 1.570926E+074 2.150400E+004, Wed Oct 07 14:20:05 2015
0.65, 0.00, 0.80, 0.00 , 4.170242E-006, -4.169800E-006, -1.880191E-011, -8.741620E-014, 2.150400E+004 1.570926E+074 2.150400E+004, Wed Oct 07 14:20:09 2015
0.70, 0.00, 0.80, 0.00 , 4.172299E-006, -4.172360E-006, -2.207219E-011, -9.541510E-014, 2.150400E+004 1.570926E+074 2.150400E+004, Wed Oct 07 14:20:12 2015
0.75, 0.00, 0.80, 0.00 , 4.174703E-006, -4.174920E-006, -1.838265E-011, -1.020670E-013, 2.150400E+004 1.570926E+074 2.150400E+004, Wed Oct 07 14:20:16 2015
0.80, 0.00, 0.80, 0.00 , 4.176773E-006, -4.176610E-006, -2.228182E-011, -7.389780E-014, 2.150400E+004 1.570926E+074 2.150400E+004, Wed Oct 07 14:20:19 2015
0.85, 0.00, 0.80, 0.00 , 4.179079E-006, -4.178600E-006, -1.896962E-011, -9.837150E-014, 2.150400E+004 1.570926E+074 2.150400E+004, Wed Oct 07 14:20:23 2015
0.90, 0.00, 0.80, 0.00 , 4.181417E-006, -4.181400E-006, -2.035320E-011, -7.599590E-014, 2.150400E+004 1.570926E+074 2.150400E+004, Wed Oct 07 14:20:26 2015
0.95, 0.00, 0.80, 0.00 , 4.182547E-006, -4.182430E-006, -1.989201E-011, -1.124740E-013, 2.150400E+004 1.570926E+074 2.150400E+004, Wed Oct 07 14:20:30 2015
1.00, 0.00, 0.80, 0.00 , 4.184975E-006, -4.184550E-006, -1.821494E-011, -8.702280E-014, 2.150400E+004 1.570926E+074 2.150400E+004, Wed Oct 07 14:20:33 2015
1.05, 0.00, 0.80, 0.00 , 4.186815E-006, -4.187000E-006, -2.085632E-011, -1.072760E-013, 2.150400E+004 1.570926E+074 2.150400E+004, Wed Oct 07 14:20:37 2015
1.10, 0.00, 0.80, 0.00 , 4.187965E-006, -4.188010E-006, -2.161100E-011, -1.065130E-013, 2.150400E+004 1.570926E+074 2.150400E+004, Wed Oct 07 14:20:40 2015
1.15, 0.00, 0.80, 0.00 , 4.189417E-006, -4.189620E-006, -1.993393E-011, -1.039500E-013, 2.150400E+004 1.570926E+074 2.150400E+004, Wed Oct 07 14:20:44 2015
1.20, 0.00, 0.80, 0.00 , 4.190924E-006, -4.191350E-006, -1.901155E-011, -9.543900E-014, 2.150400E+004 1.570926E+074 2.150400E+004, Wed Oct 07 14:20:48 2015
1.25, 0.00, 0.80, 0.00 , 4.192133E-006, -4.192500E-006, -2.022742E-011, -9.802580E-014, 2.150400E+004 1.570926E+074 2.150400E+004, Wed Oct 07 14:20:51 2015
1.30, 0.00, 0.80, 0.00 , 4.194940E-006, -4.194960E-006, -2.173678E-011, -8.801220E-014, 2.150400E+004 1.570926E+074 2.150400E+004, Wed Oct 07 14:20:55 2015
1.35, 0.00, 0.80, 0.00 , 4.197688E-006, -4.197390E-006, -2.161100E-011, -1.065130E-013, 2.150400E+004 1.570926E+074 2.150400E+004, Wed Oct 07 14:20:58 2015
1.40, 0.00, 0.80, 0.00 , 4.201363E-006, -4.200780E-006, -2.249146E-011, -1.112700E-013, 2.150400E+004 1.570926E+074 2.150400E+004, Wed Oct 07 14:21:02 2015
1.45, 0.00, 0.80, 0.00 , 4.203918E-006, -4.204510E-006, -2.282687E-011, -1.009820E-013, 2.150400E+004 1.570926E+074 2.150400E+004, Wed Oct 07 14:21:05 2015
1.50, 0.00, 0.80, 0.00 , 4.207160E-006, -4.207220E-006, -2.198834E-011, -1.125340E-013, 2.150400E+004 1.570926E+074 2.150400E+004, Wed Oct 07 14:21:09 2015
1.55, 0.00, 0.80, 0.00 , 4.212351E-006, -4.211520E-006, -2.328808E-011, -1.178620E-013, 2.150400E+004 1.570926E+074 2.150400E+004, Wed Oct 07 14:21:12 2015
1.60, 0.00, 0.80, 0.00 , 4.215426E-006, -4.215380E-006, -2.135944E-011, -1.111980E-013, 2.150400E+004 1.570926E+074 2.150400E+004, Wed Oct 07 14:21:16 2015
1.65, 0.00, 0.80, 0.00 , 4.219769E-006, -4.219070E-006, -2.270109E-011, -1.030680E-013, 2.150400E+004 1.570926E+074 2.150400E+004, Wed Oct 07 14:21:20 2015
1.70, 0.00, 0.80, 0.00 , 4.223108E-006, -4.223610E-006, -2.228182E-011, -9.372230E-014, 2.150400E+004 1.570926E+074 2.150400E+004, Wed Oct 07 14:21:23 2015
1.75, 0.00, 0.80, 0.00 , 4.228332E-006, -4.228000E-006, -2.337194E-011, -1.105900E-013, 2.150400E+004 1.570926E+074 2.150400E+004, Wed Oct 07 14:21:27 2015
1.80, 0.00, 0.80, 0.00 , 4.233924E-006, -4.233940E-006, -2.622323E-011, -1.263140E-013, 2.150400E+004 1.570926E+074 2.150400E+004, Wed Oct 07 14:21:30 2015
1.85, 0.00, 0.80, 0.00 , 4.239977E-006, -4.239510E-006, -2.081439E-011, -9.884830E-014, 2.150400E+004 1.570926E+074 2.150400E+004, Wed Oct 07 14:21:34 2015
1.90, 0.00, 0.80, 0.00 , 4.246496E-006, -4.245890E-006, -2.366546E-011, -9.813310E-014, 2.150400E+004 1.570926E+074 2.150400E+004, Wed Oct 07 14:21:37 2015
1.95, 0.00, 0.80, 0.00 , 4.252531E-006, -4.252060E-006, -2.270109E-011, -9.394880E-014, 2.150400E+004 1.570926E+074 2.150400E+004, Wed Oct 07 14:21:41 2015
2.00, 0.00, 0.80, 0.00 , 4.260056E-006, -4.259720E-006, -2.131751E-011, -9.849070E-014, 2.150400E+004 1.570926E+074 2.150400E+004, Wed Oct 07 14:21:44 2015
