1.80, 0.00, 0.00, 0.00 , 3.496230E-009, -1.294340E-010, -2.258906E-010, -7.481580E-014, 2.150400E+004 1.570926E+074 2.150400E+004, Sun Sep 06 17:05:24 2015
1.80, 0.00, 0.02, 0.00 , 3.163846E-009, -1.137490E-010, -1.524304E-010, -9.042020E-014, 2.150400E+004 1.570926E+074 2.150400E+004, Sun Sep 06 17:05:33 2015
1.80, 0.00, 0.04, 0.00 , 3.007889E-009, -1.106170E-010, -1.270631E-010, -7.561450E-014, 2.150400E+004 1.570926E+074 2.150400E+004, Sun Sep 06 17:05:39 2015
1.80, 0.00, 0.06, 0.00 , 3.000761E-009, -1.066980E-010, -1.180903E-010, -7.823710E-014, 2.150400E+004 1.570926E+074 2.150400E+004, Sun Sep 06 17:05:47 2015
1.80, 0.00, 0.08, 0.00 , 2.915819E-009, -1.057420E-010, -1.065178E-010, -1.017330E-013, 2.150400E+004 1.570926E+074 2.150400E+004, Sun Sep 06 17:05:52 2015
1.80, 0.00, 0.10, 0.00 , 2.973292E-009, -1.041640E-010, -9.846735E-011, -7.575750E-014, 2.150400E+004 1.570926E+074 2.150400E+004, Sun Sep 06 17:05:58 2015
1.80, 0.00, 0.12, 0.00 , 3.073505E-009, -1.028220E-010, -9.796414E-011, -9.094480E-014, 2.150400E+004 1.570926E+074 2.150400E+004, Sun Sep 06 17:06:04 2015
1.80, 0.00, 0.14, 0.00 , 2.743069E-009, -1.075060E-010, -9.050079E-011, -1.028540E-013, 2.150400E+004 1.570926E+074 2.150400E+004, Sun Sep 06 17:06:14 2015
1.80, 0.00, 0.16, 0.00 , 2.702687E-009, -1.066230E-010, -8.261808E-011, -9.238720E-014, 2.150400E+004 1.570926E+074 2.150400E+004, Sun Sep 06 17:06:19 2015
1.80, 0.00, 0.18, 0.00 , 2.591161E-009, -1.054670E-010, -6.794280E-011, -8.649830E-014, 2.150400E+004 1.570926E+074 2.150400E+004, Sun Sep 06 17:06:25 2015
1.80, 0.00, 0.20, 0.00 , 2.655512E-009, -1.041140E-010, -6.798474E-011, -8.467440E-014, 2.150400E+004 1.570926E+074 2.150400E+004, Sun Sep 06 17:06:39 2015
1.80, 0.00, 0.22, 0.00 , 2.707286E-009, -1.019340E-010, -6.198882E-011, -8.730890E-014, 2.150400E+004 1.570926E+074 2.150400E+004, Sun Sep 06 17:06:44 2015
1.80, 0.00, 0.24, 0.00 , 2.594791E-009, -1.041280E-010, -6.068904E-011, -8.366110E-014, 2.150400E+004 1.570926E+074 2.150400E+004, Sun Sep 06 17:06:52 2015
1.80, 0.00, 0.26, 0.00 , 2.492087E-009, -1.064100E-010, -5.431576E-011, -7.324220E-014, 2.150400E+004 1.570926E+074 2.150400E+004, Sun Sep 06 17:06:58 2015
1.80, 0.00, 0.28, 0.00 , 2.537066E-009, -1.069610E-010, -4.894881E-011, -6.827120E-014, 2.150400E+004 1.570926E+074 2.150400E+004, Sun Sep 06 17:07:03 2015
1.80, 0.00, 0.30, 0.00 , 2.460818E-009, -1.074260E-010, -4.492362E-011, -8.038280E-014, 2.150400E+004 1.570926E+074 2.150400E+004, Sun Sep 06 17:07:07 2015
1.80, 0.00, 0.32, 0.00 , 2.460819E-009, -1.123820E-010, -4.148538E-011, -1.040580E-013, 2.150400E+004 1.570926E+074 2.150400E+004, Sun Sep 06 17:07:12 2015
1.80, 0.00, 0.34, 0.00 , 2.416896E-009, -1.192390E-010, -3.494442E-011, -1.134630E-013, 2.150400E+004 1.570926E+074 2.150400E+004, Sun Sep 06 17:07:16 2015
1.80, 0.00, 0.36, 0.00 , 2.399129E-009, -1.324030E-010, -2.995483E-011, -9.239910E-014, 2.150400E+004 1.570926E+074 2.150400E+004, Sun Sep 06 17:07:21 2015
1.80, 0.00, 0.38, 0.00 , 2.730872E-009, -1.596440E-010, -3.091921E-011, -8.785720E-014, 2.150400E+004 1.570926E+074 2.150400E+004, Sun Sep 06 17:07:27 2015
1.80, 0.00, 0.40, 0.00 , 2.700873E-009, -2.223590E-010, -2.571997E-011, -7.836820E-014, 2.150400E+004 1.570926E+074 2.150400E+004, Sun Sep 06 17:07:34 2015
1.80, 0.00, 0.42, 0.00 , 2.677451E-009, -3.451030E-010, -2.551033E-011, -7.989410E-014, 2.150400E+004 1.570926E+074 2.150400E+004, Sun Sep 06 17:07:41 2015
1.80, 0.00, 0.44, 0.00 , 2.806447E-009, -5.827050E-010, -1.947287E-011, -8.378030E-014, 2.150400E+004 1.570926E+074 2.150400E+004, Sun Sep 06 17:07:45 2015
1.80, 0.00, 0.46, 0.00 , 3.195070E-009, -1.027780E-009, -1.272292E-011, -8.964540E-014, 2.150400E+004 1.570926E+074 2.150400E+004, Sun Sep 06 17:07:50 2015
1.80, 0.00, 0.48, 0.00 , 3.957468E-009, -1.839650E-009, -1.242945E-011, -9.405610E-014, 2.150400E+004 1.570926E+074 2.150400E+004, Sun Sep 06 17:07:53 2015
1.80, 0.00, 0.50, 0.00 , 5.363605E-009, -3.262740E-009, -8.865813E-012, -9.672640E-014, 2.150400E+004 1.570926E+074 2.150400E+004, Sun Sep 06 17:07:57 2015
1.80, 0.00, 0.52, 0.00 , 7.777977E-009, -5.641240E-009, -1.319299E-012, -9.310250E-014, 2.150400E+004 1.570926E+074 2.150400E+004, Sun Sep 06 17:08:01 2015
1.80, 0.00, 0.54, 0.00 , 1.156874E-008, -9.475490E-009, -3.164007E-012, -9.081360E-014, 2.150400E+004 1.570926E+074 2.150400E+004, Sun Sep 06 17:08:04 2015
1.80, 0.00, 0.56, 0.00 , 1.738371E-008, -1.535650E-008, -1.109673E-012, -9.287600E-014, 2.150400E+004 1.570926E+074 2.150400E+004, Sun Sep 06 17:08:08 2015
1.80, 0.00, 0.58, 0.00 , 2.613022E-008, -2.396750E-008, 3.334388E-012, -6.738900E-014, 2.150400E+004 1.570926E+074 2.150400E+004, Sun Sep 06 17:08:12 2015
1.80, 0.00, 0.60, 0.00 , 3.826979E-008, -3.608540E-008, 9.161980E-012, -8.369680E-014, 2.150400E+004 1.570926E+074 2.150400E+004, Sun Sep 06 17:08:15 2015
1.80, 0.00, 0.62, 0.00 , 5.484822E-008, -5.269830E-008, 1.176133E-011, -8.316040E-014, 2.150400E+004 1.570926E+074 2.150400E+004, Sun Sep 06 17:08:19 2015
1.80, 0.00, 0.64, 0.00 , 7.657488E-008, -7.465660E-008, 1.373182E-011, -1.002430E-013, 2.150400E+004 1.570926E+074 2.150400E+004, Sun Sep 06 17:08:22 2015
1.80, 0.00, 0.66, 0.00 , 1.048005E-007, -1.027140E-007, 1.658274E-011, -9.528400E-014, 2.150400E+004 1.570926E+074 2.150400E+004, Sun Sep 06 17:08:26 2015
1.80, 0.00, 0.68, 0.00 , 1.398648E-007, -1.379110E-007, 2.232647E-011, -7.126330E-014, 2.150400E+004 1.570926E+074 2.150400E+004, Sun Sep 06 17:08:29 2015
1.80, 0.00, 0.70, 0.00 , 1.826576E-007, -1.807810E-007, 2.626743E-011, -1.052620E-013, 2.150400E+004 1.570926E+074 2.150400E+004, Sun Sep 06 17:08:33 2015
1.80, 0.00, 0.72, 0.00 , 2.341933E-007, -2.323920E-007, 2.354232E-011, -1.180650E-013, 2.150400E+004 1.570926E+074 2.150400E+004, Sun Sep 06 17:08:37 2015
1.80, 0.00, 0.74, 0.00 , 2.950804E-007, -2.931500E-007, 2.463236E-011, -8.276700E-014, 2.150400E+004 1.570926E+074 2.150400E+004, Sun Sep 06 17:08:40 2015
1.80, 0.00, 0.76, 0.00 , 3.660980E-007, -3.640650E-007, 3.188536E-011, -8.771420E-014, 2.150400E+004 1.570926E+074 2.150400E+004, Sun Sep 06 17:08:44 2015
1.80, 0.00, 0.78, 0.00 , 4.473910E-007, -4.454370E-007, 3.414940E-011, -8.928780E-014, 2.150400E+004 1.570926E+074 2.150400E+004, Sun Sep 06 17:08:47 2015
1.80, 0.00, 0.80, 0.00 , 5.400648E-007, -5.379850E-007, 4.010273E-011, -7.871390E-014, 2.150400E+004 1.570926E+074 2.150400E+004, Sun Sep 06 17:08:51 2015
1.80, 0.00, 0.82, 0.00 , 6.437161E-007, -6.418970E-007, 4.404373E-011, -5.906820E-014, 2.150400E+004 1.570926E+074 2.150400E+004, Sun Sep 06 17:08:54 2015
1.80, 0.00, 0.84, 0.00 , 7.599201E-007, -7.579750E-007, 4.375020E-011, -8.200410E-014, 2.150400E+004 1.570926E+074 2.150400E+004, Sun Sep 06 17:08:58 2015
1.80, 0.00, 0.86, 0.00 , 8.877239E-007, -8.856510E-007, 4.706231E-011, -9.372230E-014, 2.150400E+004 1.570926E+074 2.150400E+004, Sun Sep 06 17:09:02 2015
1.80, 0.00, 0.88, 0.00 , 1.027872E-006, -1.026160E-006, 4.802656E-011, -7.436280E-014, 2.150400E+004 1.570926E+074 2.150400E+004, Sun Sep 06 17:09:05 2015
1.80, 0.00, 0.90, 0.00 , 1.181342E-006, -1.178460E-006, -5.646213E-013, -1.032470E-013, 2.150400E+004 1.570926E+074 2.150400E+004, Sun Sep 06 17:09:09 2015
1.80, 0.00, 0.92, 0.00 , 1.347679E-006, -1.345440E-006, 4.932630E-011, -8.922820E-014, 2.150400E+004 1.570926E+074 2.150400E+004, Sun Sep 06 17:09:12 2015
1.80, 0.00, 0.94, 0.00 , 1.527028E-006, -1.525050E-006, 5.247060E-011, -7.339720E-014, 2.150400E+004 1.570926E+074 2.150400E+004, Sun Sep 06 17:09:16 2015
1.80, 0.00, 0.96, 0.00 , 1.720217E-006, -1.718590E-006, 6.236497E-011, -8.616450E-014, 2.150400E+004 1.570926E+074 2.150400E+004, Sun Sep 06 17:09:19 2015
1.80, 0.00, 0.98, 0.00 , 1.927466E-006, -1.925490E-006, 6.311958E-011, -9.298320E-014, 2.150400E+004 1.570926E+074 2.150400E+004, Sun Sep 06 17:09:23 2015
1.80, 0.00, 1.00, 0.00 , 2.147134E-006, -2.145090E-006, 6.852798E-011, -9.768010E-014, 2.150400E+004 1.570926E+074 2.150400E+004, Sun Sep 06 17:09:27 2015
1.80, 0.00, 1.02, 0.00 , 2.381927E-006, -2.380450E-006, 7.536168E-011, -8.935930E-014, 2.150400E+004 1.570926E+074 2.150400E+004, Sun Sep 06 17:09:30 2015
1.80, 0.00, 1.04, 0.00 , 2.631036E-006, -2.629070E-006, 7.620025E-011, -8.562800E-014, 2.150400E+004 1.570926E+074 2.150400E+004, Sun Sep 06 17:09:34 2015
1.80, 0.00, 1.06, 0.00 , 2.894481E-006, -2.892620E-006, 7.720642E-011, -1.039740E-013, 2.150400E+004 1.570926E+074 2.150400E+004, Sun Sep 06 17:09:37 2015
1.80, 0.00, 1.08, 0.00 , 3.171350E-006, -3.169360E-006, 8.445944E-011, -7.059570E-014, 2.150400E+004 1.570926E+074 2.150400E+004, Sun Sep 06 17:09:41 2015
1.80, 0.00, 1.10, 0.00 , 3.460976E-006, -3.459340E-006, 8.274055E-011, -8.544920E-014, 2.150400E+004 1.570926E+074 2.150400E+004, Sun Sep 06 17:09:44 2015
1.80, 0.00, 1.12, 0.00 , 3.768051E-006, -3.765470E-006, 8.303402E-011, -8.240940E-014, 2.150400E+004 1.570926E+074 2.150400E+004, Sun Sep 06 17:09:48 2015
1.80, 0.00, 1.14, 0.00 , 4.087553E-006, -4.083340E-006, 8.580112E-011, -9.865760E-014, 2.150400E+004 1.570926E+074 2.150400E+004, Sun Sep 06 17:09:51 2015
1.80, 0.00, 1.16, 0.00 , 4.420893E-006, -4.419140E-006, 8.395638E-011, -1.021860E-013, 2.150400E+004 1.570926E+074 2.150400E+004, Sun Sep 06 17:09:55 2015
1.80, 0.00, 1.18, 0.00 , 4.768203E-006, -4.766110E-006, 8.936473E-011, -9.289980E-014, 2.150400E+004 1.570926E+074 2.150400E+004, Sun Sep 06 17:09:59 2015
1.80, 0.00, 1.20, 0.00 , 5.131763E-006, -5.129440E-006, 9.422799E-011, -9.052750E-014, 2.150400E+004 1.570926E+074 2.150400E+004, Sun Sep 06 17:10:02 2015
1.80, 0.00, 1.22, 0.00 , 5.507967E-006, -5.506850E-006, 9.795939E-011, -8.914470E-014, 2.150400E+004 1.570926E+074 2.150400E+004, Sun Sep 06 17:10:06 2015
1.80, 0.00, 1.24, 0.00 , 5.900422E-006, -5.898470E-006, 9.364105E-011, -8.311270E-014, 2.150400E+004 1.570926E+074 2.150400E+004, Sun Sep 06 17:10:09 2015
1.80, 0.00, 1.26, 0.00 , 6.307676E-006, -6.305290E-006, 9.691124E-011, -9.602310E-014, 2.150400E+004 1.570926E+074 2.150400E+004, Sun Sep 06 17:10:13 2015
1.80, 0.00, 1.28, 0.00 , 6.727454E-006, -6.724920E-006, 9.724654E-011, -9.371040E-014, 2.150400E+004 1.570926E+074 2.150400E+004, Sun Sep 06 17:10:16 2015
1.80, 0.00, 1.30, 0.00 , 7.162284E-006, -7.159110E-006, 1.008941E-010, -8.199220E-014, 2.150400E+004 1.570926E+074 2.150400E+004, Sun Sep 06 17:10:20 2015
1.80, 0.00, 1.32, 0.00 , 7.611043E-006, -7.609800E-006, 1.067217E-010, -8.151530E-014, 2.150400E+004 1.570926E+074 2.150400E+004, Sun Sep 06 17:10:23 2015
1.80, 0.00, 1.34, 0.00 , 8.075567E-006, -8.074430E-006, 1.119204E-010, -7.859470E-014, 2.150400E+004 1.570926E+074 2.150400E+004, Sun Sep 06 17:10:27 2015
1.80, 0.00, 1.36, 0.00 , 8.555278E-006, -8.553850E-006, 1.054220E-010, -8.634330E-014, 2.150400E+004 1.570926E+074 2.150400E+004, Sun Sep 06 17:10:31 2015
1.80, 0.00, 1.38, 0.00 , 9.047906E-006, -9.043000E-006, 1.076440E-010, -8.089540E-014, 2.150400E+004 1.570926E+074 2.150400E+004, Sun Sep 06 17:10:34 2015
1.80, 0.00, 1.40, 0.00 , 9.555886E-006, -9.551530E-006, 1.109142E-010, -8.938310E-014, 2.150400E+004 1.570926E+074 2.150400E+004, Sun Sep 06 17:10:38 2015
1.80, 0.00, 1.42, 0.00 , 1.007275E-005, -1.007700E-005, 1.124235E-010, -7.900000E-014, 2.150400E+004 1.570926E+074 2.150400E+004, Sun Sep 06 17:10:41 2015
1.80, 0.00, 1.44, 0.00 , 1.060939E-005, -1.061230E-005, 1.046255E-010, -8.668900E-014, 2.150400E+004 1.570926E+074 2.150400E+004, Sun Sep 06 17:10:45 2015
1.80, 0.00, 1.46, 0.00 , 1.115455E-005, -1.115910E-005, 1.320024E-010, -6.186960E-014, 2.150400E+004 1.570926E+074 2.150400E+004, Sun Sep 06 17:10:48 2015
1.80, 0.00, 1.48, 0.00 , 1.171725E-005, -1.172180E-005, 1.275165E-010, -8.715390E-014, 2.150400E+004 1.570926E+074 2.150400E+004, Sun Sep 06 17:10:52 2015
1.80, 0.00, 1.50, 0.00 , 1.229357E-005, -1.229700E-005, 1.388782E-010, -9.329320E-014, 2.150400E+004 1.570926E+074 2.150400E+004, Sun Sep 06 17:10:56 2015
1.80, 0.00, 1.52, 0.00 , 1.288075E-005, -1.288400E-005, 1.381236E-010, -7.684230E-014, 2.150400E+004 1.570926E+074 2.150400E+004, Sun Sep 06 17:10:59 2015
1.80, 0.00, 1.54, 0.00 , 1.348527E-005, -1.348730E-005, 1.417291E-010, -9.928940E-014, 2.150400E+004 1.570926E+074 2.150400E+004, Sun Sep 06 17:11:03 2015
1.80, 0.00, 1.56, 0.00 , 1.410225E-005, -1.410470E-005, 1.452928E-010, -8.641480E-014, 2.150400E+004 1.570926E+074 2.150400E+004, Sun Sep 06 17:11:06 2015
1.80, 0.00, 1.58, 0.00 , 1.472836E-005, -1.473430E-005, 1.486049E-010, -9.213690E-014, 2.150400E+004 1.570926E+074 2.150400E+004, Sun Sep 06 17:11:10 2015
1.80, 0.00, 1.60, 0.00 , 1.537339E-005, -1.537720E-005, 1.556902E-010, -7.858280E-014, 2.150400E+004 1.570926E+074 2.150400E+004, Sun Sep 06 17:11:13 2015
1.80, 0.00, 1.62, 0.00 , 1.603261E-005, -1.603890E-005, 1.543067E-010, -8.525850E-014, 2.150400E+004 1.570926E+074 2.150400E+004, Sun Sep 06 17:11:17 2015
1.80, 0.00, 1.64, 0.00 , 1.670032E-005, -1.670400E-005, 1.464666E-010, -5.522970E-014, 2.150400E+004 1.570926E+074 2.150400E+004, Sun Sep 06 17:11:20 2015
1.80, 0.00, 1.66, 0.00 , 1.738898E-005, -1.739100E-005, 1.575349E-010, -7.609130E-014, 2.150400E+004 1.570926E+074 2.150400E+004, Sun Sep 06 17:11:24 2015
1.80, 0.00, 1.68, 0.00 , 1.808254E-005, -1.808640E-005, 1.696512E-010, -9.714370E-014, 2.150400E+004 1.570926E+074 2.150400E+004, Sun Sep 06 17:11:27 2015
1.80, 0.00, 1.70, 0.00 , 1.879086E-005, -1.879410E-005, 1.651234E-010, -5.388260E-014, 2.150400E+004 1.570926E+074 2.150400E+004, Sun Sep 06 17:11:31 2015
1.80, 0.00, 1.72, 0.00 , 1.951351E-005, -1.951480E-005, 1.691901E-010, -8.071660E-014, 2.150400E+004 1.570926E+074 2.150400E+004, Sun Sep 06 17:11:35 2015
1.80, 0.00, 1.74, 0.00 , 2.024515E-005, -2.024690E-005, 1.548098E-010, -7.809400E-014, 2.150400E+004 1.570926E+074 2.150400E+004, Sun Sep 06 17:11:38 2015
1.80, 0.00, 1.76, 0.00 , 2.099100E-005, -2.099500E-005, 1.597150E-010, -9.027720E-014, 2.150400E+004 1.570926E+074 2.150400E+004, Sun Sep 06 17:11:42 2015
1.80, 0.00, 1.78, 0.00 , 2.174629E-005, -2.175540E-005, 1.607212E-010, -7.956030E-014, 2.150400E+004 1.570926E+074 2.150400E+004, Sun Sep 06 17:11:45 2015
1.80, 0.00, 1.80, 0.00 , 2.251756E-005, -2.252140E-005, 1.606374E-010, -9.204150E-014, 2.150400E+004 1.570926E+074 2.150400E+004, Sun Sep 06 17:11:49 2015
1.80, 0.00, 1.82, 0.00 , 2.330215E-005, -2.330790E-005, 1.636978E-010, -1.106980E-013, 2.150400E+004 1.570926E+074 2.150400E+004, Sun Sep 06 17:11:52 2015
1.80, 0.00, 1.84, 0.00 , 2.409225E-005, -2.409110E-005, 1.651233E-010, -8.190870E-014, 2.150400E+004 1.570926E+074 2.150400E+004, Sun Sep 06 17:11:56 2015
1.80, 0.00, 1.86, 0.00 , 2.489995E-005, -2.490100E-005, 1.731728E-010, -7.921460E-014, 2.150400E+004 1.570926E+074 2.150400E+004, Sun Sep 06 17:11:59 2015
1.80, 0.00, 1.88, 0.00 , 2.571208E-005, -2.571740E-005, 1.628175E-010, -1.013160E-013, 2.150400E+004 1.570926E+074 2.150400E+004, Sun Sep 06 17:12:03 2015
1.80, 0.00, 1.90, 0.00 , 2.655062E-005, -2.654910E-005, 1.614758E-010, -1.135230E-013, 2.150400E+004 1.570926E+074 2.150400E+004, Sun Sep 06 17:12:07 2015
1.80, 0.00, 1.92, 0.00 , 2.739132E-005, -2.738770E-005, 1.716217E-010, -8.382800E-014, 2.150400E+004 1.570926E+074 2.150400E+004, Sun Sep 06 17:12:10 2015
1.80, 0.00, 1.94, 0.00 , 2.823880E-005, -2.824440E-005, 1.763173E-010, -7.667540E-014, 2.150400E+004 1.570926E+074 2.150400E+004, Sun Sep 06 17:12:14 2015
1.80, 0.00, 1.96, 0.00 , 2.911136E-005, -2.911390E-005, 1.752690E-010, -8.571150E-014, 2.150400E+004 1.570926E+074 2.150400E+004, Sun Sep 06 17:12:17 2015
1.80, 0.00, 1.98, 0.00 , 2.997716E-005, -2.997640E-005, 1.805937E-010, -9.669070E-014, 2.150400E+004 1.570926E+074 2.150400E+004, Sun Sep 06 17:12:21 2015
1.80, 0.00, 2.00, 0.00 , 3.085686E-005, -3.085560E-005, 1.813903E-010, -8.260010E-014, 2.150400E+004 1.570926E+074 2.150400E+004, Sun Sep 06 17:12:24 2015
