0.00, 0.00, 0.00, 0.00 , -3.200905E-010, -3.066150E-011, -1.859245E-011, -6.448030E-014, 2.150400E+004 1.570926E+074 2.150400E+004, Sun Sep 06 17:13:46 2015
0.05, 0.00, 0.00, 0.00 , -2.411780E-010, -3.341740E-011, -2.584576E-011, -7.611510E-014, 2.150400E+004 1.570926E+074 2.150400E+004, Sun Sep 06 17:13:52 2015
0.10, 0.00, 0.00, 0.00 , -1.737433E-010, -3.507510E-011, -2.504911E-011, -9.019370E-014, 2.150400E+004 1.570926E+074 2.150400E+004, Sun Sep 06 17:13:59 2015
0.15, 0.00, 0.00, 0.00 , -1.133138E-010, -3.474620E-011, -2.634891E-011, -6.650690E-014, 2.150400E+004 1.570926E+074 2.150400E+004, Sun Sep 06 17:14:09 2015
0.20, 0.00, 0.00, 0.00 , -4.883319E-011, -3.594640E-011, -2.844537E-011, -1.043320E-013, 2.150400E+004 1.570926E+074 2.150400E+004, Sun Sep 06 17:14:16 2015
0.25, 0.00, 0.00, 0.00 , 8.810609E-012, -3.859450E-011, -3.213515E-011, -7.458930E-014, 2.150400E+004 1.570926E+074 2.150400E+004, Sun Sep 06 17:14:21 2015
0.30, 0.00, 0.00, 0.00 , 4.817944E-011, -3.675670E-011, -2.844537E-011, -1.009110E-013, 2.150400E+004 1.570926E+074 2.150400E+004, Sun Sep 06 17:14:35 2015
0.35, 0.00, 0.00, 0.00 , 1.164946E-010, -3.761080E-011, -3.356074E-011, -8.041860E-014, 2.150400E+004 1.570926E+074 2.150400E+004, Sun Sep 06 17:14:42 2015
0.40, 0.00, 0.00, 0.00 , 1.570448E-010, -3.645470E-011, -3.339302E-011, -8.585450E-014, 2.150400E+004 1.570926E+074 2.150400E+004, Sun Sep 06 17:15:02 2015
0.45, 0.00, 0.00, 0.00 , 1.991986E-010, -3.743600E-011, -3.117077E-011, -7.295610E-014, 2.150400E+004 1.570926E+074 2.150400E+004, Sun Sep 06 17:15:11 2015
0.50, 0.00, 0.00, 0.00 , 2.300016E-010, -3.871460E-011, -3.389618E-011, -9.531970E-014, 2.150400E+004 1.570926E+074 2.150400E+004, Sun Sep 06 17:15:22 2015
0.55, 0.00, 0.00, 0.00 , 3.199634E-010, -3.914930E-011, -3.653772E-011, -7.828470E-014, 2.150400E+004 1.570926E+074 2.150400E+004, Sun Sep 06 17:15:27 2015
0.60, 0.00, 0.00, 0.00 , 3.359553E-010, -3.922950E-011, -3.758595E-011, -1.068000E-013, 2.150400E+004 1.570926E+074 2.150400E+004, Sun Sep 06 17:15:34 2015
0.65, 0.00, 0.00, 0.00 , 3.630450E-010, -3.826280E-011, -3.536370E-011, -1.044030E-013, 2.150400E+004 1.570926E+074 2.150400E+004, Sun Sep 06 17:15:49 2015
0.70, 0.00, 0.00, 0.00 , 3.840172E-010, -4.162580E-011, -3.808910E-011, -7.778410E-014, 2.150400E+004 1.570926E+074 2.150400E+004, Sun Sep 06 17:15:57 2015
0.75, 0.00, 0.00, 0.00 , 4.290397E-010, -4.151710E-011, -3.813104E-011, -9.145740E-014, 2.150400E+004 1.570926E+074 2.150400E+004, Sun Sep 06 17:16:11 2015
0.80, 0.00, 0.00, 0.00 , 5.508595E-010, -4.002990E-011, -3.922119E-011, -9.597540E-014, 2.150400E+004 1.570926E+074 2.150400E+004, Sun Sep 06 17:16:34 2015
0.85, 0.00, 0.00, 0.00 , 5.290017E-010, -4.218750E-011, -4.203045E-011, -8.627180E-014, 2.150400E+004 1.570926E+074 2.150400E+004, Sun Sep 06 17:16:45 2015
0.90, 0.00, 0.00, 0.00 , 6.388801E-010, -4.136450E-011, -4.102415E-011, -9.899140E-014, 2.150400E+004 1.570926E+074 2.150400E+004, Sun Sep 06 17:16:54 2015
0.95, 0.00, 0.00, 0.00 , 6.464758E-010, -4.317920E-011, -3.620227E-011, -9.436610E-014, 2.150400E+004 1.570926E+074 2.150400E+004, Sun Sep 06 17:17:01 2015
1.00, 0.00, 0.00, 0.00 , 7.550874E-010, -4.544030E-011, -3.548948E-011, -1.100540E-013, 2.150400E+004 1.570926E+074 2.150400E+004, Sun Sep 06 17:17:06 2015
1.05, 0.00, 0.00, 0.00 , 7.816713E-010, -4.543200E-011, -4.676844E-011, -8.085970E-014, 2.150400E+004 1.570926E+074 2.150400E+004, Sun Sep 06 17:17:15 2015
1.10, 0.00, 0.00, 0.00 , 7.927686E-010, -4.862890E-011, -5.330942E-011, -9.304280E-014, 2.150400E+004 1.570926E+074 2.150400E+004, Sun Sep 06 17:17:20 2015
1.15, 0.00, 0.00, 0.00 , 6.593029E-010, -5.064440E-011, -4.798441E-011, -9.504560E-014, 2.150400E+004 1.570926E+074 2.150400E+004, Sun Sep 06 17:17:29 2015
1.20, 0.00, 0.00, 0.00 , 6.107774E-010, -5.197490E-011, -4.551058E-011, -8.726120E-014, 2.150400E+004 1.570926E+074 2.150400E+004, Sun Sep 06 17:17:39 2015
1.25, 0.00, 0.00, 0.00 , 8.539528E-010, -4.771700E-011, -4.387534E-011, -1.031040E-013, 2.150400E+004 1.570926E+074 2.150400E+004, Sun Sep 06 17:17:54 2015
1.30, 0.00, 0.00, 0.00 , 8.730250E-010, -4.748480E-011, -4.748126E-011, -6.885530E-014, 2.150400E+004 1.570926E+074 2.150400E+004, Sun Sep 06 17:18:09 2015
1.35, 0.00, 0.00, 0.00 , 9.283017E-010, -4.902630E-011, -5.008086E-011, -7.715230E-014, 2.150400E+004 1.570926E+074 2.150400E+004, Sun Sep 06 17:18:20 2015
1.40, 0.00, 0.00, 0.00 , 9.863647E-010, -4.829530E-011, -4.794247E-011, -8.710620E-014, 2.150400E+004 1.570926E+074 2.150400E+004, Sun Sep 06 17:18:43 2015
1.45, 0.00, 0.00, 0.00 , 8.929420E-010, -5.311450E-011, -6.467226E-011, -8.418560E-014, 2.150400E+004 1.570926E+074 2.150400E+004, Sun Sep 06 17:18:48 2015
1.50, 0.00, 0.00, 0.00 , 9.387244E-010, -5.304590E-011, -6.089862E-011, -9.422300E-014, 2.150400E+004 1.570926E+074 2.150400E+004, Sun Sep 06 17:18:56 2015
1.55, 0.00, 0.00, 0.00 , 1.107087E-009, -5.601700E-011, -5.930530E-011, -7.799860E-014, 2.150400E+004 1.570926E+074 2.150400E+004, Sun Sep 06 17:19:02 2015
1.60, 0.00, 0.00, 0.00 , 1.221141E-009, -5.553900E-011, -5.787970E-011, -7.040500E-014, 2.150400E+004 1.570926E+074 2.150400E+004, Sun Sep 06 17:19:08 2015
1.65, 0.00, 0.00, 0.00 , 1.171309E-009, -6.088400E-011, -6.232422E-011, -9.006260E-014, 2.150400E+004 1.570926E+074 2.150400E+004, Sun Sep 06 17:19:12 2015
1.70, 0.00, 0.00, 0.00 , 1.250258E-009, -5.954320E-011, -5.775395E-011, -9.511710E-014, 2.150400E+004 1.570926E+074 2.150400E+004, Sun Sep 06 17:19:24 2015
1.75, 0.00, 0.00, 0.00 , 1.298319E-009, -6.288110E-011, -5.938917E-011, -9.360310E-014, 2.150400E+004 1.570926E+074 2.150400E+004, Sun Sep 06 17:19:31 2015
1.80, 0.00, 0.00, 0.00 , 1.433515E-009, -5.976860E-011, -6.827822E-011, -5.487200E-014, 2.150400E+004 1.570926E+074 2.150400E+004, Sun Sep 06 17:19:35 2015
1.85, 0.00, 0.00, 0.00 , 1.474023E-009, -6.164020E-011, -6.961994E-011, -1.062040E-013, 2.150400E+004 1.570926E+074 2.150400E+004, Sun Sep 06 17:19:48 2015
1.90, 0.00, 0.00, 0.00 , 1.356844E-009, -6.584320E-011, -6.014390E-011, -8.621220E-014, 2.150400E+004 1.570926E+074 2.150400E+004, Sun Sep 06 17:19:57 2015
1.95, 0.00, 0.00, 0.00 , 1.578796E-009, -6.348110E-011, -7.087781E-011, -6.470680E-014, 2.150400E+004 1.570926E+074 2.150400E+004, Sun Sep 06 17:20:06 2015
2.00, 0.00, 0.00, 0.00 , 1.550524E-009, -6.908710E-011, -6.798472E-011, -1.022220E-013, 2.150400E+004 1.570926E+074 2.150400E+004, Sun Sep 06 17:20:14 2015
