0.05, 0.00, 0.00, 0.00 , 1.858648E-010, -2.989210E-011, -1.213599E-011, -6.828310E-014, 2.150400E+004 1.570926E+074 2.150400E+004, Sun Sep 06 16:57:57 2015
0.05, 0.00, 0.02, 0.00 , 1.789868E-010, -2.988440E-011, -8.656213E-012, -8.829830E-014, 2.150400E+004 1.570926E+074 2.150400E+004, Sun Sep 06 16:58:04 2015
0.05, 0.00, 0.04, 0.00 , 1.754423E-010, -2.875450E-011, -1.445098E-012, -7.534030E-014, 2.150400E+004 1.570926E+074 2.150400E+004, Sun Sep 06 16:58:09 2015
0.05, 0.00, 0.06, 0.00 , 1.685644E-010, -3.012350E-011, 1.028479E-012, -6.203650E-014, 2.150400E+004 1.570926E+074 2.150400E+004, Sun Sep 06 16:58:15 2015
0.05, 0.00, 0.08, 0.00 , 1.611802E-010, -3.232540E-011, 2.915107E-012, -7.683040E-014, 2.150400E+004 1.570926E+074 2.150400E+004, Sun Sep 06 16:58:29 2015
0.05, 0.00, 0.10, 0.00 , 1.561168E-010, -3.469210E-011, 7.443029E-012, -8.512740E-014, 2.150400E+004 1.570926E+074 2.150400E+004, Sun Sep 06 16:58:38 2015
0.05, 0.00, 0.12, 0.00 , 1.540068E-010, -3.396740E-011, 1.046162E-011, -8.399490E-014, 2.150400E+004 1.570926E+074 2.150400E+004, Sun Sep 06 16:58:45 2015
0.05, 0.00, 0.14, 0.00 , 1.510532E-010, -3.556580E-011, 1.251597E-011, -9.529590E-014, 2.150400E+004 1.570926E+074 2.150400E+004, Sun Sep 06 16:58:54 2015
0.05, 0.00, 0.16, 0.00 , 1.570029E-010, -3.258130E-011, 1.758889E-011, -5.207060E-014, 2.150400E+004 1.570926E+074 2.150400E+004, Sun Sep 06 16:59:00 2015
0.05, 0.00, 0.18, 0.00 , 1.670876E-010, -3.010140E-011, 2.224258E-011, -9.591580E-014, 2.150400E+004 1.570926E+074 2.150400E+004, Sun Sep 06 16:59:05 2015
0.05, 0.00, 0.20, 0.00 , 1.705055E-010, -3.009930E-011, 2.765090E-011, -7.840400E-014, 2.150400E+004 1.570926E+074 2.150400E+004, Sun Sep 06 16:59:10 2015
0.05, 0.00, 0.22, 0.00 , 1.777633E-010, -2.950640E-011, 2.962139E-011, -8.184910E-014, 2.150400E+004 1.570926E+074 2.150400E+004, Sun Sep 06 16:59:18 2015
0.05, 0.00, 0.24, 0.00 , 1.677628E-010, -3.298130E-011, 3.800642E-011, -5.629060E-014, 2.150400E+004 1.570926E+074 2.150400E+004, Sun Sep 06 16:59:23 2015
0.05, 0.00, 0.26, 0.00 , 1.675520E-010, -3.330900E-011, 3.964148E-011, -6.873610E-014, 2.150400E+004 1.570926E+074 2.150400E+004, Sun Sep 06 16:59:32 2015
0.05, 0.00, 0.28, 0.00 , 1.658220E-010, -3.601830E-011, 4.437906E-011, -7.134680E-014, 2.150400E+004 1.570926E+074 2.150400E+004, Sun Sep 06 16:59:39 2015
0.05, 0.00, 0.30, 0.00 , 1.641761E-010, -3.676650E-011, 4.655909E-011, -8.016820E-014, 2.150400E+004 1.570926E+074 2.150400E+004, Sun Sep 06 16:59:46 2015
0.05, 0.00, 0.32, 0.00 , 1.650624E-010, -4.000180E-011, 5.142248E-011, -8.373260E-014, 2.150400E+004 1.570926E+074 2.150400E+004, Sun Sep 06 17:00:00 2015
0.05, 0.00, 0.34, 0.00 , 1.693664E-010, -5.010100E-011, 5.523766E-011, -6.954670E-014, 2.150400E+004 1.570926E+074 2.150400E+004, Sun Sep 06 17:00:06 2015
0.05, 0.00, 0.36, 0.00 , 1.799576E-010, -6.122060E-011, 5.850778E-011, -7.249120E-014, 2.150400E+004 1.570926E+074 2.150400E+004, Sun Sep 06 17:00:12 2015
0.05, 0.00, 0.38, 0.00 , 2.002960E-010, -8.713720E-011, 6.500618E-011, -9.689330E-014, 2.150400E+004 1.570926E+074 2.150400E+004, Sun Sep 06 17:00:17 2015
0.05, 0.00, 0.40, 0.00 , 2.421122E-010, -1.339120E-010, 6.542549E-011, -8.996730E-014, 2.150400E+004 1.570926E+074 2.150400E+004, Sun Sep 06 17:00:23 2015
0.05, 0.00, 0.42, 0.00 , 3.320319E-010, -2.287870E-010, 7.087572E-011, -7.721190E-014, 2.150400E+004 1.570926E+074 2.150400E+004, Sun Sep 06 17:00:28 2015
0.05, 0.00, 0.44, 0.00 , 5.125042E-010, -4.019290E-010, 7.502628E-011, -8.847710E-014, 2.150400E+004 1.570926E+074 2.150400E+004, Sun Sep 06 17:00:34 2015
0.05, 0.00, 0.46, 0.00 , 8.290587E-010, -7.160820E-010, 7.968000E-011, -1.009350E-013, 2.150400E+004 1.570926E+074 2.150400E+004, Sun Sep 06 17:00:38 2015
0.05, 0.00, 0.48, 0.00 , 1.351824E-009, -1.280390E-009, 8.064426E-011, -6.717440E-014, 2.150400E+004 1.570926E+074 2.150400E+004, Sun Sep 06 17:00:43 2015
0.05, 0.00, 0.50, 0.00 , 2.263005E-009, -2.189820E-009, 8.345327E-011, -8.881090E-014, 2.150400E+004 1.570926E+074 2.150400E+004, Sun Sep 06 17:00:47 2015
0.05, 0.00, 0.52, 0.00 , 3.711759E-009, -3.632000E-009, 8.919696E-011, -7.212160E-014, 2.150400E+004 1.570926E+074 2.150400E+004, Sun Sep 06 17:00:50 2015
0.05, 0.00, 0.54, 0.00 , 5.954269E-009, -5.872370E-009, 9.125137E-011, -8.471010E-014, 2.150400E+004 1.570926E+074 2.150400E+004, Sun Sep 06 17:00:54 2015
0.05, 0.00, 0.56, 0.00 , 9.234620E-009, -9.158320E-009, 9.536004E-011, -7.196670E-014, 2.150400E+004 1.570926E+074 2.150400E+004, Sun Sep 06 17:00:58 2015
0.05, 0.00, 0.58, 0.00 , 1.385483E-008, -1.378710E-008, 9.967832E-011, -8.496050E-014, 2.150400E+004 1.570926E+074 2.150400E+004, Sun Sep 06 17:01:01 2015
0.05, 0.00, 0.60, 0.00 , 2.003718E-008, -1.995630E-008, 1.093211E-010, -7.922650E-014, 2.150400E+004 1.570926E+074 2.150400E+004, Sun Sep 06 17:01:05 2015
0.05, 0.00, 0.62, 0.00 , 2.809483E-008, -2.806440E-008, 1.091952E-010, -8.636710E-014, 2.150400E+004 1.570926E+074 2.150400E+004, Sun Sep 06 17:01:09 2015
0.05, 0.00, 0.64, 0.00 , 3.820066E-008, -3.813300E-008, 1.105369E-010, -5.865100E-014, 2.150400E+004 1.570926E+074 2.150400E+004, Sun Sep 06 17:01:12 2015
0.05, 0.00, 0.66, 0.00 , 5.048496E-008, -5.041230E-008, 1.155259E-010, -7.969140E-014, 2.150400E+004 1.570926E+074 2.150400E+004, Sun Sep 06 17:01:16 2015
0.05, 0.00, 0.68, 0.00 , 6.492618E-008, -6.482120E-008, 1.146456E-010, -7.508990E-014, 2.150400E+004 1.570926E+074 2.150400E+004, Sun Sep 06 17:01:19 2015
0.05, 0.00, 0.70, 0.00 , 8.153077E-008, -8.137730E-008, 1.244560E-010, -5.967620E-014, 2.150400E+004 1.570926E+074 2.150400E+004, Sun Sep 06 17:01:23 2015
0.05, 0.00, 0.72, 0.00 , 1.003620E-007, -1.001590E-007, 1.330087E-010, -8.140800E-014, 2.150400E+004 1.570926E+074 2.150400E+004, Sun Sep 06 17:01:26 2015
0.05, 0.00, 0.74, 0.00 , 1.211566E-007, -1.210870E-007, 1.304934E-010, -7.131100E-014, 2.150400E+004 1.570926E+074 2.150400E+004, Sun Sep 06 17:01:30 2015
0.05, 0.00, 0.76, 0.00 , 1.439252E-007, -1.437820E-007, 1.362369E-010, -9.404420E-014, 2.150400E+004 1.570926E+074 2.150400E+004, Sun Sep 06 17:01:33 2015
0.05, 0.00, 0.78, 0.00 , 1.685403E-007, -1.683720E-007, 1.348115E-010, -8.876320E-014, 2.150400E+004 1.570926E+074 2.150400E+004, Sun Sep 06 17:01:37 2015
0.05, 0.00, 0.80, 0.00 , 1.944699E-007, -1.946140E-007, 1.376205E-010, -7.532840E-014, 2.150400E+004 1.570926E+074 2.150400E+004, Sun Sep 06 17:01:41 2015
0.05, 0.00, 0.82, 0.00 , 2.223098E-007, -2.221430E-007, 1.444962E-010, -9.202960E-014, 2.150400E+004 1.570926E+074 2.150400E+004, Sun Sep 06 17:01:44 2015
0.05, 0.00, 0.84, 0.00 , 2.509871E-007, -2.510170E-007, 1.501982E-010, -8.846520E-014, 2.150400E+004 1.570926E+074 2.150400E+004, Sun Sep 06 17:01:48 2015
0.05, 0.00, 0.86, 0.00 , 2.811709E-007, -2.810980E-007, 1.571997E-010, -9.379390E-014, 2.150400E+004 1.570926E+074 2.150400E+004, Sun Sep 06 17:01:51 2015
0.05, 0.00, 0.88, 0.00 , 3.125245E-007, -3.124620E-007, 1.548938E-010, -8.695130E-014, 2.150400E+004 1.570926E+074 2.150400E+004, Sun Sep 06 17:01:55 2015
0.05, 0.00, 0.90, 0.00 , 3.446402E-007, -3.447220E-007, 1.633625E-010, -9.152890E-014, 2.150400E+004 1.570926E+074 2.150400E+004, Sun Sep 06 17:01:58 2015
0.05, 0.00, 0.92, 0.00 , 3.780337E-007, -3.780070E-007, 1.707833E-010, -9.484290E-014, 2.150400E+004 1.570926E+074 2.150400E+004, Sun Sep 06 17:02:02 2015
0.05, 0.00, 0.94, 0.00 , 4.117408E-007, -4.114320E-007, 1.742631E-010, -8.922820E-014, 2.150400E+004 1.570926E+074 2.150400E+004, Sun Sep 06 17:02:05 2015
0.05, 0.00, 0.96, 0.00 , 4.460723E-007, -4.462030E-007, 1.781202E-010, -7.177590E-014, 2.150400E+004 1.570926E+074 2.150400E+004, Sun Sep 06 17:02:09 2015
0.05, 0.00, 0.98, 0.00 , 4.817048E-007, -4.817870E-007, 1.785394E-010, -8.223060E-014, 2.150400E+004 1.570926E+074 2.150400E+004, Sun Sep 06 17:02:13 2015
0.05, 0.00, 1.00, 0.00 , 5.176233E-007, -5.176570E-007, 1.854990E-010, -7.004740E-014, 2.150400E+004 1.570926E+074 2.150400E+004, Sun Sep 06 17:02:16 2015
0.05, 0.00, 1.02, 0.00 , 5.540807E-007, -5.539750E-007, 1.962318E-010, -9.361510E-014, 2.150400E+004 1.570926E+074 2.150400E+004, Sun Sep 06 17:02:20 2015
0.05, 0.00, 1.04, 0.00 , 5.905366E-007, -5.905680E-007, 1.955611E-010, -9.043220E-014, 2.150400E+004 1.570926E+074 2.150400E+004, Sun Sep 06 17:02:23 2015
0.05, 0.00, 1.06, 0.00 , 6.275783E-007, -6.275230E-007, 1.964415E-010, -8.828640E-014, 2.150400E+004 1.570926E+074 2.150400E+004, Sun Sep 06 17:02:27 2015
0.05, 0.00, 1.08, 0.00 , 6.652629E-007, -6.651520E-007, 2.066292E-010, -8.125310E-014, 2.150400E+004 1.570926E+074 2.150400E+004, Sun Sep 06 17:02:30 2015
0.05, 0.00, 1.10, 0.00 , 7.028921E-007, -7.029340E-007, 2.134631E-010, -7.636550E-014, 2.150400E+004 1.570926E+074 2.150400E+004, Sun Sep 06 17:02:34 2015
0.05, 0.00, 1.12, 0.00 , 7.410520E-007, -7.411070E-007, 2.130018E-010, -9.391310E-014, 2.150400E+004 1.570926E+074 2.150400E+004, Sun Sep 06 17:02:38 2015
0.05, 0.00, 1.14, 0.00 , 7.790373E-007, -7.789740E-007, 2.197939E-010, -8.928780E-014, 2.150400E+004 1.570926E+074 2.150400E+004, Sun Sep 06 17:02:41 2015
0.05, 0.00, 1.16, 0.00 , 8.174015E-007, -8.172070E-007, 2.238185E-010, -7.736680E-014, 2.150400E+004 1.570926E+074 2.150400E+004, Sun Sep 06 17:02:45 2015
0.05, 0.00, 1.18, 0.00 , 8.558354E-007, -8.557120E-007, 2.314489E-010, -7.321830E-014, 2.150400E+004 1.570926E+074 2.150400E+004, Sun Sep 06 17:02:48 2015
0.05, 0.00, 1.20, 0.00 , 8.942541E-007, -8.941280E-007, 2.442780E-010, -7.030960E-014, 2.150400E+004 1.570926E+074 2.150400E+004, Sun Sep 06 17:02:52 2015
0.05, 0.00, 1.22, 0.00 , 9.324672E-007, -9.324600E-007, 2.455358E-010, -6.874800E-014, 2.150400E+004 1.570926E+074 2.150400E+004, Sun Sep 06 17:02:55 2015
0.05, 0.00, 1.24, 0.00 , 9.714079E-007, -9.714280E-007, 2.501476E-010, -9.286400E-014, 2.150400E+004 1.570926E+074 2.150400E+004, Sun Sep 06 17:02:59 2015
0.05, 0.00, 1.26, 0.00 , 1.009745E-006, -1.009870E-006, 2.508185E-010, -9.094480E-014, 2.150400E+004 1.570926E+074 2.150400E+004, Sun Sep 06 17:03:02 2015
0.05, 0.00, 1.28, 0.00 , 1.048310E-006, -1.048260E-006, 2.434816E-010, -7.236000E-014, 2.150400E+004 1.570926E+074 2.150400E+004, Sun Sep 06 17:03:06 2015
0.05, 0.00, 1.30, 0.00 , 1.087062E-006, -1.086790E-006, 2.331677E-010, -9.285210E-014, 2.150400E+004 1.570926E+074 2.150400E+004, Sun Sep 06 17:03:10 2015
0.05, 0.00, 1.32, 0.00 , 1.125575E-006, -1.125610E-006, 2.342161E-010, -7.382630E-014, 2.150400E+004 1.570926E+074 2.150400E+004, Sun Sep 06 17:03:13 2015
0.05, 0.00, 1.34, 0.00 , 1.164160E-006, -1.164210E-006, 2.339225E-010, -7.832050E-014, 2.150400E+004 1.570926E+074 2.150400E+004, Sun Sep 06 17:03:17 2015
0.05, 0.00, 1.36, 0.00 , 1.202070E-006, -1.202310E-006, 2.338809E-010, -7.321830E-014, 2.150400E+004 1.570926E+074 2.150400E+004, Sun Sep 06 17:03:20 2015
0.05, 0.00, 1.38, 0.00 , 1.240564E-006, -1.240700E-006, 2.331680E-010, -8.410220E-014, 2.150400E+004 1.570926E+074 2.150400E+004, Sun Sep 06 17:03:24 2015
0.05, 0.00, 1.40, 0.00 , 1.278711E-006, -1.278620E-006, 2.357673E-010, -8.100270E-014, 2.150400E+004 1.570926E+074 2.150400E+004, Sun Sep 06 17:03:27 2015
0.05, 0.00, 1.42, 0.00 , 1.316754E-006, -1.316730E-006, 2.433977E-010, -8.031130E-014, 2.150400E+004 1.570926E+074 2.150400E+004, Sun Sep 06 17:03:31 2015
0.05, 0.00, 1.44, 0.00 , 1.354535E-006, -1.354690E-006, 2.444879E-010, -7.500650E-014, 2.150400E+004 1.570926E+074 2.150400E+004, Sun Sep 06 17:03:35 2015
0.05, 0.00, 1.46, 0.00 , 1.392573E-006, -1.392440E-006, 2.607128E-010, -8.306500E-014, 2.150400E+004 1.570926E+074 2.150400E+004, Sun Sep 06 17:03:38 2015
0.05, 0.00, 1.48, 0.00 , 1.430110E-006, -1.429860E-006, 2.591195E-010, -8.099080E-014, 2.150400E+004 1.570926E+074 2.150400E+004, Sun Sep 06 17:03:42 2015
0.05, 0.00, 1.50, 0.00 , 1.467521E-006, -1.467390E-006, 2.694332E-010, -8.411410E-014, 2.150400E+004 1.570926E+074 2.150400E+004, Sun Sep 06 17:03:45 2015
0.05, 0.00, 1.52, 0.00 , 1.504494E-006, -1.504510E-006, 2.888026E-010, -7.328990E-014, 2.150400E+004 1.570926E+074 2.150400E+004, Sun Sep 06 17:03:49 2015
0.05, 0.00, 1.54, 0.00 , 1.541652E-006, -1.541610E-006, 2.800820E-010, -8.962150E-014, 2.150400E+004 1.570926E+074 2.150400E+004, Sun Sep 06 17:03:52 2015
0.05, 0.00, 1.56, 0.00 , 1.578355E-006, -1.578400E-006, 2.804177E-010, -8.459090E-014, 2.150400E+004 1.570926E+074 2.150400E+004, Sun Sep 06 17:03:56 2015
0.05, 0.00, 1.58, 0.00 , 1.614937E-006, -1.614940E-006, 2.947559E-010, -6.437300E-014, 2.150400E+004 1.570926E+074 2.150400E+004, Sun Sep 06 17:03:59 2015
0.05, 0.00, 1.60, 0.00 , 1.651235E-006, -1.651020E-006, 3.003320E-010, -9.444950E-014, 2.150400E+004 1.570926E+074 2.150400E+004, Sun Sep 06 17:04:03 2015
0.05, 0.00, 1.62, 0.00 , 1.687370E-006, -1.687410E-006, 3.068723E-010, -1.012210E-013, 2.150400E+004 1.570926E+074 2.150400E+004, Sun Sep 06 17:04:07 2015
0.05, 0.00, 1.64, 0.00 , 1.723599E-006, -1.723340E-006, 3.218396E-010, -5.996230E-014, 2.150400E+004 1.570926E+074 2.150400E+004, Sun Sep 06 17:04:10 2015
0.05, 0.00, 1.66, 0.00 , 1.758573E-006, -1.758520E-006, 3.262000E-010, -6.849770E-014, 2.150400E+004 1.570926E+074 2.150400E+004, Sun Sep 06 17:04:14 2015
0.05, 0.00, 1.68, 0.00 , 1.794099E-006, -1.793820E-006, 3.205397E-010, -8.291010E-014, 2.150400E+004 1.570926E+074 2.150400E+004, Sun Sep 06 17:04:17 2015
0.05, 0.00, 1.70, 0.00 , 1.829388E-006, -1.829340E-006, 3.225104E-010, -8.194450E-014, 2.150400E+004 1.570926E+074 2.150400E+004, Sun Sep 06 17:04:21 2015
0.05, 0.00, 1.72, 0.00 , 1.864179E-006, -1.864040E-006, 3.219654E-010, -8.466240E-014, 2.150400E+004 1.570926E+074 2.150400E+004, Sun Sep 06 17:04:24 2015
0.05, 0.00, 1.74, 0.00 , 1.898639E-006, -1.899010E-006, 3.350879E-010, -9.335280E-014, 2.150400E+004 1.570926E+074 2.150400E+004, Sun Sep 06 17:04:28 2015
0.05, 0.00, 1.76, 0.00 , 1.933004E-006, -1.933090E-006, 3.421735E-010, -7.855890E-014, 2.150400E+004 1.570926E+074 2.150400E+004, Sun Sep 06 17:04:31 2015
0.05, 0.00, 1.78, 0.00 , 1.967207E-006, -1.967170E-006, 3.207075E-010, -8.212330E-014, 2.150400E+004 1.570926E+074 2.150400E+004, Sun Sep 06 17:04:35 2015
0.05, 0.00, 1.80, 0.00 , 2.001143E-006, -2.001010E-006, 3.228457E-010, -6.592270E-014, 2.150400E+004 1.570926E+074 2.150400E+004, Sun Sep 06 17:04:38 2015
0.05, 0.00, 1.82, 0.00 , 2.034717E-006, -2.034450E-006, 3.279609E-010, -9.315010E-014, 2.150400E+004 1.570926E+074 2.150400E+004, Sun Sep 06 17:04:42 2015
0.05, 0.00, 1.84, 0.00 , 2.067726E-006, -2.067700E-006, 3.340818E-010, -9.143350E-014, 2.150400E+004 1.570926E+074 2.150400E+004, Sun Sep 06 17:04:46 2015
0.05, 0.00, 1.86, 0.00 , 2.100551E-006, -2.100880E-006, 3.328239E-010, -8.478160E-014, 2.150400E+004 1.570926E+074 2.150400E+004, Sun Sep 06 17:04:49 2015
0.05, 0.00, 1.88, 0.00 , 2.133250E-006, -2.133210E-006, 3.306021E-010, -9.665490E-014, 2.150400E+004 1.570926E+074 2.150400E+004, Sun Sep 06 17:04:53 2015
0.05, 0.00, 1.90, 0.00 , 2.165194E-006, -2.165340E-006, 3.352975E-010, -1.054050E-013, 2.150400E+004 1.570926E+074 2.150400E+004, Sun Sep 06 17:04:56 2015
0.05, 0.00, 1.92, 0.00 , 2.197702E-006, -2.197300E-006, 3.241456E-010, -8.168220E-014, 2.150400E+004 1.570926E+074 2.150400E+004, Sun Sep 06 17:05:00 2015
0.05, 0.00, 1.94, 0.00 , 2.229154E-006, -2.229290E-006, 3.433890E-010, -9.638070E-014, 2.150400E+004 1.570926E+074 2.150400E+004, Sun Sep 06 17:05:03 2015
0.05, 0.00, 1.96, 0.00 , 2.261020E-006, -2.260840E-006, 3.397414E-010, -6.184580E-014, 2.150400E+004 1.570926E+074 2.150400E+004, Sun Sep 06 17:05:07 2015
0.05, 0.00, 1.98, 0.00 , 2.291675E-006, -2.291550E-006, 3.458209E-010, -1.100660E-013, 2.150400E+004 1.570926E+074 2.150400E+004, Sun Sep 06 17:05:10 2015
0.05, 0.00, 2.00, 0.00 , 2.322810E-006, -2.322710E-006, 3.521936E-010, -1.125450E-013, 2.150400E+004 1.570926E+074 2.150400E+004, Sun Sep 06 17:05:14 2015
