0.00, 0.00, 1.20, 0.00 , 1.014468E-009, -1.739460E-009, 2.578200E-010, -9.214880E-014, 2.150400E+004 1.570926E+074 2.150400E+004, Sun Sep 06 17:27:52 2015
0.05, 0.00, 1.20, 0.00 , 8.866879E-007, -8.874170E-007, 2.503573E-010, -1.020670E-013, 2.150400E+004 1.570926E+074 2.150400E+004, Sun Sep 06 17:27:55 2015
0.10, 0.00, 1.20, 0.00 , 1.669442E-006, -1.669980E-006, 2.400439E-010, -6.300210E-014, 2.150400E+004 1.570926E+074 2.150400E+004, Sun Sep 06 17:27:59 2015
0.15, 0.00, 1.20, 0.00 , 2.346370E-006, -2.346550E-006, 2.439848E-010, -7.762910E-014, 2.150400E+004 1.570926E+074 2.150400E+004, Sun Sep 06 17:28:03 2015
0.20, 0.00, 1.20, 0.00 , 2.918870E-006, -2.919560E-006, 2.431464E-010, -6.015300E-014, 2.150400E+004 1.570926E+074 2.150400E+004, Sun Sep 06 17:28:06 2015
0.25, 0.00, 1.20, 0.00 , 3.393019E-006, -3.392040E-006, 2.322875E-010, -8.417370E-014, 2.150400E+004 1.570926E+074 2.150400E+004, Sun Sep 06 17:28:10 2015
0.30, 0.00, 1.20, 0.00 , 3.766039E-006, -3.765750E-006, 2.254121E-010, -9.348390E-014, 2.150400E+004 1.570926E+074 2.150400E+004, Sun Sep 06 17:28:13 2015
0.35, 0.00, 1.20, 0.00 , 4.051922E-006, -4.049830E-006, 2.264183E-010, -9.708410E-014, 2.150400E+004 1.570926E+074 2.150400E+004, Sun Sep 06 17:28:17 2015
0.40, 0.00, 1.20, 0.00 , 4.255934E-006, -4.255440E-006, 2.198359E-010, -9.791850E-014, 2.150400E+004 1.570926E+074 2.150400E+004, Sun Sep 06 17:28:20 2015
0.45, 0.00, 1.20, 0.00 , 4.406320E-006, -4.405260E-006, 2.126667E-010, -9.526010E-014, 2.150400E+004 1.570926E+074 2.150400E+004, Sun Sep 06 17:28:24 2015
0.50, 0.00, 1.20, 0.00 , 4.505830E-006, -4.509310E-006, 2.153081E-010, -8.687970E-014, 2.150400E+004 1.570926E+074 2.150400E+004, Sun Sep 06 17:28:27 2015
0.55, 0.00, 1.20, 0.00 , 4.581189E-006, -4.581830E-006, 2.136310E-010, -7.406470E-014, 2.150400E+004 1.570926E+074 2.150400E+004, Sun Sep 06 17:28:31 2015
0.60, 0.00, 1.20, 0.00 , 4.639352E-006, -4.638220E-006, 2.091032E-010, -7.371900E-014, 2.150400E+004 1.570926E+074 2.150400E+004, Sun Sep 06 17:28:35 2015
0.65, 0.00, 1.20, 0.00 , 4.684127E-006, -4.682410E-006, 2.085162E-010, -9.977820E-014, 2.150400E+004 1.570926E+074 2.150400E+004, Sun Sep 06 17:28:38 2015
0.70, 0.00, 1.20, 0.00 , 4.723358E-006, -4.723770E-006, 2.036950E-010, -9.019370E-014, 2.150400E+004 1.570926E+074 2.150400E+004, Sun Sep 06 17:28:42 2015
0.75, 0.00, 1.20, 0.00 , 4.761042E-006, -4.759650E-006, 2.089354E-010, -8.281470E-014, 2.150400E+004 1.570926E+074 2.150400E+004, Sun Sep 06 17:28:45 2015
0.80, 0.00, 1.20, 0.00 , 4.791056E-006, -4.789600E-006, 2.002570E-010, -7.792710E-014, 2.150400E+004 1.570926E+074 2.150400E+004, Sun Sep 06 17:28:49 2015
0.85, 0.00, 1.20, 0.00 , 4.815064E-006, -4.814110E-006, 1.953938E-010, -1.009230E-013, 2.150400E+004 1.570926E+074 2.150400E+004, Sun Sep 06 17:28:52 2015
0.90, 0.00, 1.20, 0.00 , 4.840767E-006, -4.839910E-006, 1.961481E-010, -9.667870E-014, 2.150400E+004 1.570926E+074 2.150400E+004, Sun Sep 06 17:28:56 2015
0.95, 0.00, 1.20, 0.00 , 4.860674E-006, -4.861590E-006, 1.941359E-010, -9.378190E-014, 2.150400E+004 1.570926E+074 2.150400E+004, Sun Sep 06 17:28:59 2015
1.00, 0.00, 1.20, 0.00 , 4.883294E-006, -4.882150E-006, 1.922912E-010, -1.127840E-013, 2.150400E+004 1.570926E+074 2.150400E+004, Sun Sep 06 17:29:03 2015
1.05, 0.00, 1.20, 0.00 , 4.902460E-006, -4.898390E-006, 1.899015E-010, -1.054880E-013, 2.150400E+004 1.570926E+074 2.150400E+004, Sun Sep 06 17:29:06 2015
1.10, 0.00, 1.20, 0.00 , 4.919709E-006, -4.916270E-006, 1.927523E-010, -1.221420E-013, 2.150400E+004 1.570926E+074 2.150400E+004, Sun Sep 06 17:29:10 2015
1.15, 0.00, 1.20, 0.00 , 4.934253E-006, -4.932560E-006, 1.870086E-010, -1.124620E-013, 2.150400E+004 1.570926E+074 2.150400E+004, Sun Sep 06 17:29:14 2015
1.20, 0.00, 1.20, 0.00 , 4.948532E-006, -4.947930E-006, 1.873441E-010, -9.647610E-014, 2.150400E+004 1.570926E+074 2.150400E+004, Sun Sep 06 17:29:17 2015
1.25, 0.00, 1.20, 0.00 , 4.962643E-006, -4.959890E-006, 1.776594E-010, -9.157660E-014, 2.150400E+004 1.570926E+074 2.150400E+004, Sun Sep 06 17:29:21 2015
1.30, 0.00, 1.20, 0.00 , 4.976331E-006, -4.975400E-006, 1.721252E-010, -9.291170E-014, 2.150400E+004 1.570926E+074 2.150400E+004, Sun Sep 06 17:29:24 2015
1.35, 0.00, 1.20, 0.00 , 4.988520E-006, -4.988180E-006, 1.622308E-010, -9.917020E-014, 2.150400E+004 1.570926E+074 2.150400E+004, Sun Sep 06 17:29:28 2015
1.40, 0.00, 1.20, 0.00 , 5.001464E-006, -4.999340E-006, 1.649140E-010, -8.969310E-014, 2.150400E+004 1.570926E+074 2.150400E+004, Sun Sep 06 17:29:31 2015
1.45, 0.00, 1.20, 0.00 , 5.013738E-006, -5.011370E-006, 1.586673E-010, -7.575750E-014, 2.150400E+004 1.570926E+074 2.150400E+004, Sun Sep 06 17:29:35 2015
1.50, 0.00, 1.20, 0.00 , 5.029595E-006, -5.028040E-006, 1.536362E-010, -9.558200E-014, 2.150400E+004 1.570926E+074 2.150400E+004, Sun Sep 06 17:29:38 2015
1.55, 0.00, 1.20, 0.00 , 5.042930E-006, -5.041190E-006, 1.520430E-010, -8.870360E-014, 2.150400E+004 1.570926E+074 2.150400E+004, Sun Sep 06 17:29:42 2015
1.60, 0.00, 1.20, 0.00 , 5.057726E-006, -5.056290E-006, 1.477667E-010, -8.319620E-014, 2.150400E+004 1.570926E+074 2.150400E+004, Sun Sep 06 17:29:46 2015
1.65, 0.00, 1.20, 0.00 , 5.074532E-006, -5.072850E-006, 1.466347E-010, -1.046060E-013, 2.150400E+004 1.570926E+074 2.150400E+004, Sun Sep 06 17:29:49 2015
1.70, 0.00, 1.20, 0.00 , 5.090815E-006, -5.087540E-006, 1.438676E-010, -8.604530E-014, 2.150400E+004 1.570926E+074 2.150400E+004, Sun Sep 06 17:29:53 2015
1.75, 0.00, 1.20, 0.00 , 5.107285E-006, -5.105260E-006, 1.387947E-010, -1.275060E-013, 2.150400E+004 1.570926E+074 2.150400E+004, Sun Sep 06 17:29:56 2015
1.80, 0.00, 1.20, 0.00 , 5.123487E-006, -5.121750E-006, 1.389205E-010, -9.667870E-014, 2.150400E+004 1.570926E+074 2.150400E+004, Sun Sep 06 17:30:00 2015
1.85, 0.00, 1.20, 0.00 , 5.139957E-006, -5.137220E-006, 1.413101E-010, -1.003270E-013, 2.150400E+004 1.570926E+074 2.150400E+004, Sun Sep 06 17:30:03 2015
1.90, 0.00, 1.20, 0.00 , 5.153891E-006, -5.153010E-006, 1.384175E-010, -6.984470E-014, 2.150400E+004 1.570926E+074 2.150400E+004, Sun Sep 06 17:30:07 2015
1.95, 0.00, 1.20, 0.00 , 5.170021E-006, -5.166910E-006, 1.360694E-010, -7.530450E-014, 2.150400E+004 1.570926E+074 2.150400E+004, Sun Sep 06 17:30:10 2015
2.00, 0.00, 1.20, 0.00 , 5.185161E-006, -5.181240E-006, 1.336379E-010, -7.904770E-014, 2.150400E+004 1.570926E+074 2.150400E+004, Sun Sep 06 17:30:14 2015
