0.00, 0.00, 0.00, 0.00 , -5.566997E-011, -1.186680E-010, -3.507019E-011, -1.219750E-013, 2.150400E+004 1.570926E+074 2.150400E+004, Thu Sep 10 17:29:43 2015
0.05, 0.00, 0.00, 0.00 , -4.832722E-011, -1.183810E-010, -3.901154E-011, -8.375640E-014, 2.150400E+004 1.570926E+074 2.150400E+004, Thu Sep 10 17:29:52 2015
0.10, 0.00, 0.00, 0.00 , -4.077348E-011, -1.185000E-010, -3.796331E-011, -9.526010E-014, 2.150400E+004 1.570926E+074 2.150400E+004, Thu Sep 10 17:29:59 2015
0.15, 0.00, 0.00, 0.00 , -3.317752E-011, -1.181100E-010, -3.649578E-011, -7.538800E-014, 2.150400E+004 1.570926E+074 2.150400E+004, Thu Sep 10 17:30:05 2015
0.20, 0.00, 0.00, 0.00 , -3.047673E-011, -1.177740E-010, -3.687315E-011, -9.775160E-014, 2.150400E+004 1.570926E+074 2.150400E+004, Thu Sep 10 17:30:36 2015
0.25, 0.00, 0.00, 0.00 , -2.355599E-011, -1.175750E-010, -3.968240E-011, -1.127840E-013, 2.150400E+004 1.570926E+074 2.150400E+004, Thu Sep 10 17:30:55 2015
0.30, 0.00, 0.00, 0.00 , -1.760584E-011, -1.178290E-010, -3.704087E-011, -1.037840E-013, 2.150400E+004 1.570926E+074 2.150400E+004, Thu Sep 10 17:31:02 2015
0.35, 0.00, 0.00, 0.00 , -8.068668E-012, -1.180730E-010, -3.884382E-011, -9.603500E-014, 2.150400E+004 1.570926E+074 2.150400E+004, Thu Sep 10 17:31:05 2015
0.40, 0.00, 0.00, 0.00 , -2.034101E-012, -1.180570E-010, -3.649578E-011, -7.715230E-014, 2.150400E+004 1.570926E+074 2.150400E+004, Thu Sep 10 17:31:08 2015
0.45, 0.00, 0.00, 0.00 , 7.671375E-012, -1.182910E-010, -3.846645E-011, -1.171590E-013, 2.150400E+004 1.570926E+074 2.150400E+004, Thu Sep 10 17:31:12 2015
0.50, 0.00, 0.00, 0.00 , 9.063856E-012, -1.185570E-010, -3.725051E-011, -9.773970E-014, 2.150400E+004 1.570926E+074 2.150400E+004, Thu Sep 10 17:31:16 2015
0.55, 0.00, 0.00, 0.00 , 8.135537E-012, -1.192050E-010, -3.758594E-011, -1.147750E-013, 2.150400E+004 1.570926E+074 2.150400E+004, Thu Sep 10 17:31:35 2015
0.60, 0.00, 0.00, 0.00 , 1.265055E-011, -1.164990E-010, -3.704088E-011, -1.034140E-013, 2.150400E+004 1.570926E+074 2.150400E+004, Thu Sep 10 17:32:06 2015
0.65, 0.00, 0.00, 0.00 , 1.809387E-011, -1.154630E-010, -3.590879E-011, -8.560420E-014, 2.150400E+004 1.570926E+074 2.150400E+004, Thu Sep 10 17:32:17 2015
0.70, 0.00, 0.00, 0.00 , 2.598458E-011, -1.155550E-010, -3.599265E-011, -1.083970E-013, 2.150400E+004 1.570926E+074 2.150400E+004, Thu Sep 10 17:32:25 2015
0.75, 0.00, 0.00, 0.00 , 2.969785E-011, -1.162560E-010, -3.649580E-011, -8.437630E-014, 2.150400E+004 1.570926E+074 2.150400E+004, Thu Sep 10 17:32:37 2015
0.80, 0.00, 0.00, 0.00 , 3.590073E-011, -1.161200E-010, -3.792139E-011, -9.720330E-014, 2.150400E+004 1.570926E+074 2.150400E+004, Thu Sep 10 17:32:52 2015
0.85, 0.00, 0.00, 0.00 , 4.058453E-011, -1.155730E-010, -3.720859E-011, -9.984970E-014, 2.150400E+004 1.570926E+074 2.150400E+004, Thu Sep 10 17:33:11 2015
0.90, 0.00, 0.00, 0.00 , 4.324287E-011, -1.147300E-010, -3.691510E-011, -7.598400E-014, 2.150400E+004 1.570926E+074 2.150400E+004, Thu Sep 10 17:33:41 2015
0.95, 0.00, 0.00, 0.00 , 5.315903E-011, -1.146240E-010, -3.737631E-011, -9.089710E-014, 2.150400E+004 1.570926E+074 2.150400E+004, Thu Sep 10 17:33:47 2015
1.00, 0.00, 0.00, 0.00 , 5.953069E-011, -1.147010E-010, -3.649579E-011, -9.351970E-014, 2.150400E+004 1.570926E+074 2.150400E+004, Thu Sep 10 17:33:53 2015
1.05, 0.00, 0.00, 0.00 , 6.851851E-011, -1.150680E-010, -3.746017E-011, -9.943250E-014, 2.150400E+004 1.570926E+074 2.150400E+004, Thu Sep 10 17:33:58 2015
1.10, 0.00, 0.00, 0.00 , 7.054393E-011, -1.151040E-010, -3.825683E-011, -9.245870E-014, 2.150400E+004 1.570926E+074 2.150400E+004, Thu Sep 10 17:34:06 2015
1.15, 0.00, 0.00, 0.00 , 7.657804E-011, -1.152420E-010, -3.720860E-011, -9.378190E-014, 2.150400E+004 1.570926E+074 2.150400E+004, Thu Sep 10 17:34:12 2015
1.20, 0.00, 0.00, 0.00 , 8.569249E-011, -1.154920E-010, -3.704088E-011, -7.876160E-014, 2.150400E+004 1.570926E+074 2.150400E+004, Thu Sep 10 17:34:24 2015
1.25, 0.00, 0.00, 0.00 , 9.012317E-011, -1.161100E-010, -3.582493E-011, -1.115560E-013, 2.150400E+004 1.570926E+074 2.150400E+004, Thu Sep 10 17:34:29 2015
1.30, 0.00, 0.00, 0.00 , 9.569301E-011, -1.162230E-010, -3.808912E-011, -9.851460E-014, 2.150400E+004 1.570926E+074 2.150400E+004, Thu Sep 10 17:34:41 2015
1.35, 0.00, 0.00, 0.00 , 1.034993E-010, -1.164010E-010, -3.905349E-011, -1.008990E-013, 2.150400E+004 1.570926E+074 2.150400E+004, Thu Sep 10 17:34:45 2015
1.40, 0.00, 0.00, 0.00 , 1.098288E-010, -1.164390E-010, -3.720860E-011, -8.900170E-014, 2.150400E+004 1.570926E+074 2.150400E+004, Thu Sep 10 17:34:53 2015
1.45, 0.00, 0.00, 0.00 , 1.157363E-010, -1.161800E-010, -3.884384E-011, -1.033190E-013, 2.150400E+004 1.570926E+074 2.150400E+004, Thu Sep 10 17:35:00 2015
1.50, 0.00, 0.00, 0.00 , 1.190276E-010, -1.162030E-010, -3.779560E-011, -9.859800E-014, 2.150400E+004 1.570926E+074 2.150400E+004, Thu Sep 10 17:35:08 2015
1.55, 0.00, 0.00, 0.00 , 1.283530E-010, -1.166440E-010, -3.972436E-011, -1.070260E-013, 2.150400E+004 1.570926E+074 2.150400E+004, Thu Sep 10 17:35:12 2015
1.60, 0.00, 0.00, 0.00 , 1.302519E-010, -1.165170E-010, -3.712475E-011, -9.006260E-014, 2.150400E+004 1.570926E+074 2.150400E+004, Thu Sep 10 17:35:19 2015
1.65, 0.00, 0.00, 0.00 , 1.371298E-010, -1.165730E-010, -3.695704E-011, -9.673830E-014, 2.150400E+004 1.570926E+074 2.150400E+004, Thu Sep 10 17:35:24 2015
1.70, 0.00, 0.00, 0.00 , 1.440501E-010, -1.167710E-010, -3.733439E-011, -1.103880E-013, 2.150400E+004 1.570926E+074 2.150400E+004, Thu Sep 10 17:35:29 2015
1.75, 0.00, 0.00, 0.00 , 1.502107E-010, -1.168030E-010, -3.569916E-011, -1.008630E-013, 2.150400E+004 1.570926E+074 2.150400E+004, Thu Sep 10 17:35:34 2015
1.80, 0.00, 0.00, 0.00 , 1.557385E-010, -1.168270E-010, -3.737633E-011, -1.147150E-013, 2.150400E+004 1.570926E+074 2.150400E+004, Thu Sep 10 17:35:39 2015
1.85, 0.00, 0.00, 0.00 , 1.609708E-010, -1.169160E-010, -3.691510E-011, -1.052740E-013, 2.150400E+004 1.570926E+074 2.150400E+004, Thu Sep 10 17:35:45 2015
1.90, 0.00, 0.00, 0.00 , 1.664563E-010, -1.170230E-010, -4.018558E-011, -9.287600E-014, 2.150400E+004 1.570926E+074 2.150400E+004, Thu Sep 10 17:35:52 2015
1.95, 0.00, 0.00, 0.00 , 1.686506E-010, -1.173480E-010, -3.867614E-011, -1.155380E-013, 2.150400E+004 1.570926E+074 2.150400E+004, Thu Sep 10 17:35:56 2015
2.00, 0.00, 0.00, 0.00 , 1.712666E-010, -1.176160E-010, -3.699895E-011, -9.673830E-014, 2.150400E+004 1.570926E+074 2.150400E+004, Thu Sep 10 17:36:02 2015
