0.00, 0.00, 1.60, 0.00 , -4.322114E-011, -1.140370E-010, 8.684933E-011, -7.362370E-014, 2.150400E+004 1.570926E+074 2.150400E+004, Thu Sep 10 17:49:28 2015
0.05, 0.00, 1.60, 0.00 , 8.842850E-007, -8.824800E-007, 8.492074E-011, -1.004820E-013, 2.150400E+004 1.570926E+074 2.150400E+004, Thu Sep 10 17:49:32 2015
0.10, 0.00, 1.60, 0.00 , 2.945039E-006, -2.940240E-006, 8.487882E-011, -9.555820E-014, 2.150400E+004 1.570926E+074 2.150400E+004, Thu Sep 10 17:49:36 2015
0.15, 0.00, 1.60, 0.00 , 5.540271E-006, -5.534950E-006, 8.295024E-011, -7.321830E-014, 2.150400E+004 1.570926E+074 2.150400E+004, Thu Sep 10 17:49:40 2015
0.20, 0.00, 1.60, 0.00 , 8.258311E-006, -8.250470E-006, 8.295026E-011, -9.098050E-014, 2.150400E+004 1.570926E+074 2.150400E+004, Thu Sep 10 17:49:43 2015
0.25, 0.00, 1.60, 0.00 , 1.082917E-005, -1.082560E-005, 8.307603E-011, -9.056330E-014, 2.150400E+004 1.570926E+074 2.150400E+004, Thu Sep 10 17:49:47 2015
0.30, 0.00, 1.60, 0.00 , 1.315779E-005, -1.315410E-005, 8.328566E-011, -1.146910E-013, 2.150400E+004 1.570926E+074 2.150400E+004, Thu Sep 10 17:49:50 2015
0.35, 0.00, 1.60, 0.00 , 1.518704E-005, -1.518500E-005, 8.198595E-011, -1.013870E-013, 2.150400E+004 1.570926E+074 2.150400E+004, Thu Sep 10 17:49:54 2015
0.40, 0.00, 1.60, 0.00 , 1.691347E-005, -1.690970E-005, 8.617852E-011, -8.925200E-014, 2.150400E+004 1.570926E+074 2.150400E+004, Thu Sep 10 17:49:58 2015
0.45, 0.00, 1.60, 0.00 , 1.834811E-005, -1.834460E-005, 8.332765E-011, -8.724930E-014, 2.150400E+004 1.570926E+074 2.150400E+004, Thu Sep 10 17:50:01 2015
0.50, 0.00, 1.60, 0.00 , 1.955183E-005, -1.954630E-005, 8.328566E-011, -7.433890E-014, 2.150400E+004 1.570926E+074 2.150400E+004, Thu Sep 10 17:50:05 2015
0.55, 0.00, 1.60, 0.00 , 2.053586E-005, -2.053200E-005, 8.181825E-011, -1.112820E-013, 2.150400E+004 1.570926E+074 2.150400E+004, Thu Sep 10 17:50:08 2015
0.60, 0.00, 1.60, 0.00 , 2.129536E-005, -2.129070E-005, 8.408231E-011, -6.860490E-014, 2.150400E+004 1.570926E+074 2.150400E+004, Thu Sep 10 17:50:12 2015
0.65, 0.00, 1.60, 0.00 , 2.191110E-005, -2.190650E-005, 8.349525E-011, -7.908340E-014, 2.150400E+004 1.570926E+074 2.150400E+004, Thu Sep 10 17:50:15 2015
0.70, 0.00, 1.60, 0.00 , 2.238206E-005, -2.237900E-005, 8.093787E-011, -9.218450E-014, 2.150400E+004 1.570926E+074 2.150400E+004, Thu Sep 10 17:50:19 2015
0.75, 0.00, 1.60, 0.00 , 2.274299E-005, -2.273890E-005, 8.303408E-011, -1.167540E-013, 2.150400E+004 1.570926E+074 2.150400E+004, Thu Sep 10 17:50:22 2015
0.80, 0.00, 1.60, 0.00 , 2.301400E-005, -2.300770E-005, 8.412415E-011, -7.262230E-014, 2.150400E+004 1.570926E+074 2.150400E+004, Thu Sep 10 17:50:26 2015
0.85, 0.00, 1.60, 0.00 , 2.321424E-005, -2.321070E-005, 8.521424E-011, -7.901190E-014, 2.150400E+004 1.570926E+074 2.150400E+004, Thu Sep 10 17:50:29 2015
0.90, 0.00, 1.60, 0.00 , 2.339953E-005, -2.339670E-005, 7.955436E-011, -9.201770E-014, 2.150400E+004 1.570926E+074 2.150400E+004, Thu Sep 10 17:50:33 2015
0.95, 0.00, 1.60, 0.00 , 2.353530E-005, -2.353210E-005, 8.022513E-011, -1.030090E-013, 2.150400E+004 1.570926E+074 2.150400E+004, Thu Sep 10 17:50:37 2015
1.00, 0.00, 1.60, 0.00 , 2.366205E-005, -2.365620E-005, 8.328564E-011, -1.010300E-013, 2.150400E+004 1.570926E+074 2.150400E+004, Thu Sep 10 17:50:40 2015
1.05, 0.00, 1.60, 0.00 , 2.377120E-005, -2.376850E-005, 8.261495E-011, -8.970500E-014, 2.150400E+004 1.570926E+074 2.150400E+004, Thu Sep 10 17:50:44 2015
1.10, 0.00, 1.60, 0.00 , 2.386747E-005, -2.386130E-005, 8.060255E-011, -8.702280E-014, 2.150400E+004 1.570926E+074 2.150400E+004, Thu Sep 10 17:50:47 2015
1.15, 0.00, 1.60, 0.00 , 2.395788E-005, -2.395710E-005, 8.286641E-011, -1.012330E-013, 2.150400E+004 1.570926E+074 2.150400E+004, Thu Sep 10 17:50:51 2015
1.20, 0.00, 1.60, 0.00 , 2.403507E-005, -2.403230E-005, 8.051862E-011, -9.665490E-014, 2.150400E+004 1.570926E+074 2.150400E+004, Thu Sep 10 17:50:54 2015
1.25, 0.00, 1.60, 0.00 , 2.411771E-005, -2.411370E-005, 8.089593E-011, -9.787080E-014, 2.150400E+004 1.570926E+074 2.150400E+004, Thu Sep 10 17:50:58 2015
1.30, 0.00, 1.60, 0.00 , 2.418922E-005, -2.419000E-005, 8.223753E-011, -1.146200E-013, 2.150400E+004 1.570926E+074 2.150400E+004, Thu Sep 10 17:51:01 2015
1.35, 0.00, 1.60, 0.00 , 2.427262E-005, -2.426920E-005, 8.206984E-011, -8.224250E-014, 2.150400E+004 1.570926E+074 2.150400E+004, Thu Sep 10 17:51:05 2015
1.40, 0.00, 1.60, 0.00 , 2.437796E-005, -2.437690E-005, 8.215370E-011, -9.737020E-014, 2.150400E+004 1.570926E+074 2.150400E+004, Thu Sep 10 17:51:09 2015
1.45, 0.00, 1.60, 0.00 , 2.461155E-005, -2.461560E-005, 8.357919E-011, -9.453300E-014, 2.150400E+004 1.570926E+074 2.150400E+004, Thu Sep 10 17:51:12 2015
1.50, 0.00, 1.60, 0.00 , 2.485905E-005, -2.485760E-005, 8.349521E-011, -9.622570E-014, 2.150400E+004 1.570926E+074 2.150400E+004, Thu Sep 10 17:51:16 2015
1.55, 0.00, 1.60, 0.00 , 2.506545E-005, -2.507370E-005, 8.014137E-011, -9.914640E-014, 2.150400E+004 1.570926E+074 2.150400E+004, Thu Sep 10 17:51:19 2015
1.60, 0.00, 1.60, 0.00 , 2.527236E-005, -2.527070E-005, 8.240524E-011, -9.390120E-014, 2.150400E+004 1.570926E+074 2.150400E+004, Thu Sep 10 17:51:23 2015
1.65, 0.00, 1.60, 0.00 , 2.544473E-005, -2.545130E-005, 8.299222E-011, -8.659360E-014, 2.150400E+004 1.570926E+074 2.150400E+004, Thu Sep 10 17:51:26 2015
1.70, 0.00, 1.60, 0.00 , 2.563020E-005, -2.562900E-005, 8.194411E-011, -9.229180E-014, 2.150400E+004 1.570926E+074 2.150400E+004, Thu Sep 10 17:51:30 2015
1.75, 0.00, 1.60, 0.00 , 2.583428E-005, -2.582830E-005, 8.525620E-011, -9.298320E-014, 2.150400E+004 1.570926E+074 2.150400E+004, Thu Sep 10 17:51:33 2015
1.80, 0.00, 1.60, 0.00 , 2.606239E-005, -2.605380E-005, 8.148283E-011, -8.891820E-014, 2.150400E+004 1.570926E+074 2.150400E+004, Thu Sep 10 17:51:37 2015
1.85, 0.00, 1.60, 0.00 , 2.630353E-005, -2.629390E-005, 8.152477E-011, -9.441380E-014, 2.150400E+004 1.570926E+074 2.150400E+004, Thu Sep 10 17:51:40 2015
1.90, 0.00, 1.60, 0.00 , 2.665354E-005, -2.665010E-005, 8.173451E-011, -1.008990E-013, 2.150400E+004 1.570926E+074 2.150400E+004, Thu Sep 10 17:51:44 2015
1.95, 0.00, 1.60, 0.00 , 2.707982E-005, -2.707620E-005, 8.097975E-011, -9.591580E-014, 2.150400E+004 1.570926E+074 2.150400E+004, Thu Sep 10 17:51:48 2015
2.00, 0.00, 1.60, 0.00 , 2.761521E-005, -2.761430E-005, 8.282450E-011, -1.091480E-013, 2.150400E+004 1.570926E+074 2.150400E+004, Thu Sep 10 17:51:51 2015
