0.00, 0.00, 0.40, 0.00 , -1.312500E-010, -1.058020E-010, 3.334411E-012, -9.977820E-014, 2.150400E+004 1.570926E+074 2.150400E+004, Thu Sep 10 17:36:12 2015
0.05, 0.00, 0.40, 0.00 , -1.023853E-010, -1.063090E-010, 4.415652E-013, -8.858440E-014, 2.150400E+004 1.570926E+074 2.150400E+004, Thu Sep 10 17:36:19 2015
0.10, 0.00, 0.40, 0.00 , -8.596961E-011, -1.063260E-010, -2.711668E-013, -1.085040E-013, 2.150400E+004 1.570926E+074 2.150400E+004, Thu Sep 10 17:36:24 2015
0.15, 0.00, 0.40, 0.00 , -7.550398E-011, -1.066490E-010, 2.998995E-012, -8.758310E-014, 2.150400E+004 1.570926E+074 2.150400E+004, Thu Sep 10 17:36:28 2015
0.20, 0.00, 0.40, 0.00 , -6.086067E-011, -1.067210E-010, -1.486993E-012, -9.104010E-014, 2.150400E+004 1.570926E+074 2.150400E+004, Thu Sep 10 17:36:34 2015
0.25, 0.00, 0.40, 0.00 , -5.347569E-011, -1.069360E-010, -4.170185E-012, -1.112100E-013, 2.150400E+004 1.570926E+074 2.150400E+004, Thu Sep 10 17:36:40 2015
0.30, 0.00, 0.40, 0.00 , -4.444493E-011, -1.068040E-010, -2.912438E-012, -8.451940E-014, 2.150400E+004 1.570926E+074 2.150400E+004, Thu Sep 10 17:36:48 2015
0.35, 0.00, 0.40, 0.00 , -3.309319E-011, -1.069480E-010, -2.451261E-012, -1.197100E-013, 2.150400E+004 1.570926E+074 2.150400E+004, Thu Sep 10 17:36:53 2015
0.40, 0.00, 0.40, 0.00 , -2.866219E-011, -1.067960E-010, -2.451254E-012, -9.756090E-014, 2.150400E+004 1.570926E+074 2.150400E+004, Thu Sep 10 17:37:01 2015
0.45, 0.00, 0.40, 0.00 , -2.279644E-011, -1.045280E-010, -6.811484E-012, -1.073360E-013, 2.150400E+004 1.570926E+074 2.150400E+004, Thu Sep 10 17:37:31 2015
0.50, 0.00, 0.40, 0.00 , -1.490506E-011, -1.037830E-010, -6.350295E-012, -9.670260E-014, 2.150400E+004 1.570926E+074 2.150400E+004, Thu Sep 10 17:37:39 2015
0.55, 0.00, 0.40, 0.00 , -7.604486E-012, -1.036510E-010, -7.943450E-012, -1.100060E-013, 2.150400E+004 1.570926E+074 2.150400E+004, Thu Sep 10 17:37:42 2015
0.60, 0.00, 0.40, 0.00 , -5.149162E-013, -1.034590E-010, -4.337881E-012, -9.365080E-014, 2.150400E+004 1.570926E+074 2.150400E+004, Thu Sep 10 17:37:46 2015
0.65, 0.00, 0.40, 0.00 , 6.152314E-012, -1.035950E-010, -8.781956E-012, -9.983780E-014, 2.150400E+004 1.570926E+074 2.150400E+004, Thu Sep 10 17:37:49 2015
0.70, 0.00, 0.40, 0.00 , 7.840171E-012, -1.033310E-010, -7.608044E-012, -9.598730E-014, 2.150400E+004 1.570926E+074 2.150400E+004, Thu Sep 10 17:37:57 2015
0.75, 0.00, 0.40, 0.00 , 8.810689E-012, -8.884650E-011, -8.446547E-012, -7.675890E-014, 2.150400E+004 1.570926E+074 2.150400E+004, Thu Sep 10 17:38:26 2015
0.80, 0.00, 0.40, 0.00 , 1.800949E-011, -7.081360E-011, -6.182593E-012, -1.091120E-013, 2.150400E+004 1.570926E+074 2.150400E+004, Thu Sep 10 17:38:43 2015
0.85, 0.00, 0.40, 0.00 , 2.151180E-011, -6.865590E-011, -9.955850E-012, -1.052620E-013, 2.150400E+004 1.570926E+074 2.150400E+004, Thu Sep 10 17:39:31 2015
0.90, 0.00, 0.40, 0.00 , 2.311525E-011, -6.235410E-011, -1.263905E-011, -9.263750E-014, 2.150400E+004 1.570926E+074 2.150400E+004, Thu Sep 10 17:40:10 2015
0.95, 0.00, 0.40, 0.00 , 2.919153E-011, -7.282420E-011, -1.272291E-011, -1.083250E-013, 2.150400E+004 1.570926E+074 2.150400E+004, Thu Sep 10 17:40:23 2015
1.00, 0.00, 0.40, 0.00 , 3.400192E-011, -5.910000E-011, -9.368902E-012, -8.993150E-014, 2.150400E+004 1.570926E+074 2.150400E+004, Thu Sep 10 17:40:35 2015
1.05, 0.00, 0.40, 0.00 , 4.100650E-011, -7.128890E-011, -1.033317E-011, -1.091120E-013, 2.150400E+004 1.570926E+074 2.150400E+004, Thu Sep 10 17:40:42 2015
1.10, 0.00, 0.40, 0.00 , 4.855968E-011, -7.330770E-011, -1.058474E-011, -7.494690E-014, 2.150400E+004 1.570926E+074 2.150400E+004, Thu Sep 10 17:40:47 2015
1.15, 0.00, 0.40, 0.00 , 5.117588E-011, -7.567740E-011, -9.368898E-012, -8.567570E-014, 2.150400E+004 1.570926E+074 2.150400E+004, Thu Sep 10 17:41:00 2015
1.20, 0.00, 0.40, 0.00 , 5.640820E-011, -7.508420E-011, -9.662364E-012, -1.067160E-013, 2.150400E+004 1.570926E+074 2.150400E+004, Thu Sep 10 17:41:15 2015
1.25, 0.00, 0.40, 0.00 , 6.168275E-011, -6.530470E-011, -1.234558E-011, -9.388920E-014, 2.150400E+004 1.570926E+074 2.150400E+004, Thu Sep 10 17:41:25 2015
1.30, 0.00, 0.40, 0.00 , 6.602897E-011, -5.568980E-011, -1.364526E-011, -9.460450E-014, 2.150400E+004 1.570926E+074 2.150400E+004, Thu Sep 10 17:41:33 2015
1.35, 0.00, 0.40, 0.00 , 7.438388E-011, -5.551950E-011, -9.704294E-012, -9.930130E-014, 2.150400E+004 1.570926E+074 2.150400E+004, Thu Sep 10 17:41:40 2015
1.40, 0.00, 0.40, 0.00 , 7.851913E-011, -5.503740E-011, -1.184248E-011, -9.856220E-014, 2.150400E+004 1.570926E+074 2.150400E+004, Thu Sep 10 17:41:45 2015
1.45, 0.00, 0.40, 0.00 , 8.349827E-011, -5.449920E-011, -1.129746E-011, -1.075980E-013, 2.150400E+004 1.570926E+074 2.150400E+004, Thu Sep 10 17:41:52 2015
1.50, 0.00, 0.40, 0.00 , 8.670516E-011, -5.376390E-011, -1.050088E-011, -1.028300E-013, 2.150400E+004 1.570926E+074 2.150400E+004, Thu Sep 10 17:42:02 2015
1.55, 0.00, 0.40, 0.00 , 9.130458E-011, -5.340680E-011, -1.477725E-011, -9.918210E-014, 2.150400E+004 1.570926E+074 2.150400E+004, Thu Sep 10 17:42:09 2015
1.60, 0.00, 0.40, 0.00 , 9.763401E-011, -5.271720E-011, -1.586730E-011, -1.072050E-013, 2.150400E+004 1.570926E+074 2.150400E+004, Thu Sep 10 17:42:17 2015
1.65, 0.00, 0.40, 0.00 , 1.026132E-010, -5.281330E-011, -1.268099E-011, -1.018290E-013, 2.150400E+004 1.570926E+074 2.150400E+004, Thu Sep 10 17:42:22 2015
1.70, 0.00, 0.40, 0.00 , 1.057357E-010, -5.276960E-011, -1.100398E-011, -1.065370E-013, 2.150400E+004 1.570926E+074 2.150400E+004, Thu Sep 10 17:42:29 2015
1.75, 0.00, 0.40, 0.00 , 1.125715E-010, -5.318770E-011, -1.221981E-011, -1.195430E-013, 2.150400E+004 1.570926E+074 2.150400E+004, Thu Sep 10 17:42:33 2015
1.80, 0.00, 0.40, 0.00 , 1.141327E-010, -5.339150E-011, -1.326793E-011, -8.319620E-014, 2.150400E+004 1.570926E+074 2.150400E+004, Thu Sep 10 17:42:43 2015
1.85, 0.00, 0.40, 0.00 , 1.156519E-010, -5.357630E-011, -1.381297E-011, -1.026990E-013, 2.150400E+004 1.570926E+074 2.150400E+004, Thu Sep 10 17:42:48 2015
1.90, 0.00, 0.40, 0.00 , 1.193652E-010, -5.374680E-011, -1.452569E-011, -8.169410E-014, 2.150400E+004 1.570926E+074 2.150400E+004, Thu Sep 10 17:42:54 2015
1.95, 0.00, 0.40, 0.00 , 1.184791E-010, -5.393440E-011, -1.117168E-011, -1.061560E-013, 2.150400E+004 1.570926E+074 2.150400E+004, Thu Sep 10 17:43:10 2015
2.00, 0.00, 0.40, 0.00 , 1.227408E-010, -5.453210E-011, -1.305831E-011, -9.363890E-014, 2.150400E+004 1.570926E+074 2.150400E+004, Thu Sep 10 17:43:16 2015
