1.80, 0.00, 0.00, 0.00 , 1.023604E-010, -3.353680E-012, -3.926324E-011, -8.176570E-014, 2.150400E+004 1.570926E+074 2.150400E+004, Thu Sep 10 21:39:56 2015
1.80, 0.00, 0.02, 0.00 , 1.006725E-010, -3.348490E-012, -3.917937E-011, -9.011030E-014, 2.150400E+004 1.570926E+074 2.150400E+004, Thu Sep 10 21:40:00 2015
1.80, 0.00, 0.04, 0.00 , 9.560891E-011, -3.294320E-012, -3.708290E-011, -1.059890E-013, 2.150400E+004 1.570926E+074 2.150400E+004, Thu Sep 10 21:40:05 2015
1.80, 0.00, 0.06, 0.00 , 9.337251E-011, -3.364160E-012, -3.704097E-011, -8.383990E-014, 2.150400E+004 1.570926E+074 2.150400E+004, Thu Sep 10 21:40:13 2015
1.80, 0.00, 0.08, 0.00 , 8.915286E-011, -3.390690E-012, -3.523799E-011, -9.737020E-014, 2.150400E+004 1.570926E+074 2.150400E+004, Thu Sep 10 21:40:18 2015
1.80, 0.00, 0.10, 0.00 , 8.472219E-011, -3.227100E-012, -3.544764E-011, -8.703470E-014, 2.150400E+004 1.570926E+074 2.150400E+004, Thu Sep 10 21:40:27 2015
1.80, 0.00, 0.12, 0.00 , 8.235923E-011, -3.138540E-012, -3.494450E-011, -9.608270E-014, 2.150400E+004 1.570926E+074 2.150400E+004, Thu Sep 10 21:40:33 2015
1.80, 0.00, 0.14, 0.00 , 7.721125E-011, -3.272120E-012, -3.502835E-011, -1.020310E-013, 2.150400E+004 1.570926E+074 2.150400E+004, Thu Sep 10 21:40:42 2015
1.80, 0.00, 0.16, 0.00 , 7.510141E-011, -3.087930E-012, -3.406396E-011, -1.294730E-013, 2.150400E+004 1.570926E+074 2.150400E+004, Thu Sep 10 21:40:48 2015
1.80, 0.00, 0.18, 0.00 , 7.484818E-011, -3.224170E-012, -3.418976E-011, -8.469820E-014, 2.150400E+004 1.570926E+074 2.150400E+004, Thu Sep 10 21:40:53 2015
1.80, 0.00, 0.20, 0.00 , 7.092395E-011, -3.299240E-012, -3.083540E-011, -6.662610E-014, 2.150400E+004 1.570926E+074 2.150400E+004, Thu Sep 10 21:40:58 2015
1.80, 0.00, 0.22, 0.00 , 7.134590E-011, -3.162470E-012, -3.343502E-011, -1.041290E-013, 2.150400E+004 1.570926E+074 2.150400E+004, Thu Sep 10 21:41:03 2015
1.80, 0.00, 0.24, 0.00 , 6.594476E-011, -3.251720E-012, -3.242872E-011, -8.361340E-014, 2.150400E+004 1.570926E+074 2.150400E+004, Thu Sep 10 21:41:10 2015
1.80, 0.00, 0.26, 0.00 , 6.645114E-011, -3.009080E-012, -3.146433E-011, -1.025080E-013, 2.150400E+004 1.570926E+074 2.150400E+004, Thu Sep 10 21:41:15 2015
1.80, 0.00, 0.28, 0.00 , 6.307542E-011, -3.289140E-012, -3.184170E-011, -6.207230E-014, 2.150400E+004 1.570926E+074 2.150400E+004, Thu Sep 10 21:41:22 2015
1.80, 0.00, 0.30, 0.00 , 6.214710E-011, -3.053760E-012, -3.058382E-011, -8.718970E-014, 2.150400E+004 1.570926E+074 2.150400E+004, Thu Sep 10 21:41:32 2015
1.80, 0.00, 0.32, 0.00 , 6.104994E-011, -3.358390E-012, -3.121276E-011, -7.514950E-014, 2.150400E+004 1.570926E+074 2.150400E+004, Thu Sep 10 21:41:40 2015
1.80, 0.00, 0.34, 0.00 , 5.792745E-011, -3.257560E-012, -3.041610E-011, -1.013040E-013, 2.150400E+004 1.570926E+074 2.150400E+004, Thu Sep 10 21:41:54 2015
1.80, 0.00, 0.36, 0.00 , 5.493148E-011, -2.943150E-012, -2.848734E-011, -9.152890E-014, 2.150400E+004 1.570926E+074 2.150400E+004, Thu Sep 10 21:42:01 2015
1.80, 0.00, 0.38, 0.00 , 5.277945E-011, -3.059580E-012, -2.949364E-011, -1.001830E-013, 2.150400E+004 1.570926E+074 2.150400E+004, Thu Sep 10 21:42:05 2015
1.80, 0.00, 0.40, 0.00 , 5.142917E-011, -2.990810E-012, -3.075153E-011, -9.828810E-014, 2.150400E+004 1.570926E+074 2.150400E+004, Thu Sep 10 21:42:10 2015
1.80, 0.00, 0.42, 0.00 , 4.978352E-011, -3.259890E-012, -3.029030E-011, -1.139520E-013, 2.150400E+004 1.570926E+074 2.150400E+004, Thu Sep 10 21:42:21 2015
1.80, 0.00, 0.44, 0.00 , 5.066962E-011, -3.212810E-012, -2.966136E-011, -1.042960E-013, 2.150400E+004 1.570926E+074 2.150400E+004, Thu Sep 10 21:42:26 2015
1.80, 0.00, 0.46, 0.00 , 4.868640E-011, -2.919170E-012, -2.949364E-011, -1.029010E-013, 2.150400E+004 1.570926E+074 2.150400E+004, Thu Sep 10 21:42:31 2015
1.80, 0.00, 0.48, 0.00 , 5.062741E-011, -2.871980E-012, -2.810997E-011, -9.260180E-014, 2.150400E+004 1.570926E+074 2.150400E+004, Thu Sep 10 21:42:37 2015
1.80, 0.00, 0.50, 0.00 , 4.948815E-011, -3.143530E-012, -2.894856E-011, -8.841750E-014, 2.150400E+004 1.570926E+074 2.150400E+004, Thu Sep 10 21:42:44 2015
1.80, 0.00, 0.52, 0.00 , 4.628119E-011, -3.103390E-012, -2.647472E-011, -8.276700E-014, 2.150400E+004 1.570926E+074 2.150400E+004, Thu Sep 10 21:43:01 2015
1.80, 0.00, 0.54, 0.00 , 4.801123E-011, -3.239740E-012, -2.655858E-011, -1.040820E-013, 2.150400E+004 1.570926E+074 2.150400E+004, Thu Sep 10 21:43:11 2015
1.80, 0.00, 0.56, 0.00 , 4.644998E-011, -2.893460E-012, -2.802611E-011, -9.059910E-014, 2.150400E+004 1.570926E+074 2.150400E+004, Thu Sep 10 21:43:16 2015
1.80, 0.00, 0.58, 0.00 , 4.509968E-011, -3.062990E-012, -2.731331E-011, -8.734460E-014, 2.150400E+004 1.570926E+074 2.150400E+004, Thu Sep 10 21:43:25 2015
1.80, 0.00, 0.60, 0.00 , 4.594361E-011, -3.136120E-012, -2.836155E-011, -1.005170E-013, 2.150400E+004 1.570926E+074 2.150400E+004, Thu Sep 10 21:43:32 2015
1.80, 0.00, 0.62, 0.00 , 4.467771E-011, -3.234570E-012, -2.701980E-011, -8.875130E-014, 2.150400E+004 1.570926E+074 2.150400E+004, Thu Sep 10 21:43:40 2015
1.80, 0.00, 0.64, 0.00 , 4.585922E-011, -3.191900E-012, -2.689401E-011, -8.711820E-014, 2.150400E+004 1.570926E+074 2.150400E+004, Thu Sep 10 21:43:54 2015
1.80, 0.00, 0.66, 0.00 , 4.396038E-011, -3.450260E-012, -2.605542E-011, -1.080040E-013, 2.150400E+004 1.570926E+074 2.150400E+004, Thu Sep 10 21:44:01 2015
1.80, 0.00, 0.68, 0.00 , 6.313159E-008, -5.698880E-008, -2.743910E-011, -9.557010E-014, 2.150400E+004 1.570926E+074 2.150400E+004, Thu Sep 10 21:44:09 2015
1.80, 0.00, 0.70, 0.00 , 1.215898E-007, -1.202190E-007, -2.517490E-011, -1.053810E-013, 2.150400E+004 1.570926E+074 2.150400E+004, Thu Sep 10 21:44:12 2015
1.80, 0.00, 0.72, 0.00 , 2.290781E-007, -2.290770E-007, -2.559420E-011, -7.622240E-014, 2.150400E+004 1.570926E+074 2.150400E+004, Thu Sep 10 21:44:16 2015
1.80, 0.00, 0.74, 0.00 , 3.912004E-007, -3.892120E-007, -2.546841E-011, -7.623430E-014, 2.150400E+004 1.570926E+074 2.150400E+004, Thu Sep 10 21:44:20 2015
1.80, 0.00, 0.76, 0.00 , 6.061884E-007, -6.006170E-007, -2.513298E-011, -9.988550E-014, 2.150400E+004 1.570926E+074 2.150400E+004, Thu Sep 10 21:44:23 2015
1.80, 0.00, 0.78, 0.00 , 8.915905E-007, -8.914540E-007, -2.622314E-011, -1.011850E-013, 2.150400E+004 1.570926E+074 2.150400E+004, Thu Sep 10 21:44:27 2015
1.80, 0.00, 0.80, 0.00 , 1.290885E-006, -1.288700E-006, -2.517490E-011, -8.964540E-014, 2.150400E+004 1.570926E+074 2.150400E+004, Thu Sep 10 21:44:30 2015
1.80, 0.00, 0.82, 0.00 , 1.768279E-006, -1.761700E-006, -2.404281E-011, -1.057740E-013, 2.150400E+004 1.570926E+074 2.150400E+004, Thu Sep 10 21:44:34 2015
1.80, 0.00, 0.84, 0.00 , 2.309593E-006, -2.306970E-006, -2.333000E-011, -9.642840E-014, 2.150400E+004 1.570926E+074 2.150400E+004, Thu Sep 10 21:44:37 2015
1.80, 0.00, 0.86, 0.00 , 2.899876E-006, -2.895570E-006, -2.358158E-011, -8.876320E-014, 2.150400E+004 1.570926E+074 2.150400E+004, Thu Sep 10 21:44:41 2015
1.80, 0.00, 0.88, 0.00 , 3.594544E-006, -3.588500E-006, -2.454596E-011, -8.232590E-014, 2.150400E+004 1.570926E+074 2.150400E+004, Thu Sep 10 21:44:45 2015
1.80, 0.00, 0.90, 0.00 , 4.378601E-006, -4.370940E-006, -2.253340E-011, -7.981060E-014, 2.150400E+004 1.570926E+074 2.150400E+004, Thu Sep 10 21:44:48 2015
1.80, 0.00, 0.92, 0.00 , 5.252270E-006, -5.239800E-006, -2.119179E-011, -1.138570E-013, 2.150400E+004 1.570926E+074 2.150400E+004, Thu Sep 10 21:44:52 2015
1.80, 0.00, 0.94, 0.00 , 6.236179E-006, -6.229040E-006, -2.249147E-011, -8.987190E-014, 2.150400E+004 1.570926E+074 2.150400E+004, Thu Sep 10 21:44:55 2015
1.80, 0.00, 0.96, 0.00 , 7.314968E-006, -7.310320E-006, -2.341386E-011, -8.653400E-014, 2.150400E+004 1.570926E+074 2.150400E+004, Thu Sep 10 21:44:59 2015
1.80, 0.00, 0.98, 0.00 , 8.508752E-006, -8.499520E-006, -2.349772E-011, -9.778740E-014, 2.150400E+004 1.570926E+074 2.150400E+004, Thu Sep 10 21:45:02 2015
1.80, 0.00, 1.00, 0.00 , 9.779709E-006, -9.769980E-006, -2.244955E-011, -8.616450E-014, 2.150400E+004 1.570926E+074 2.150400E+004, Thu Sep 10 21:45:06 2015
1.80, 0.00, 1.02, 0.00 , 1.111001E-005, -1.111330E-005, -2.127564E-011, -8.412600E-014, 2.150400E+004 1.570926E+074 2.150400E+004, Thu Sep 10 21:45:10 2015
1.80, 0.00, 1.04, 0.00 , 1.260721E-005, -1.259400E-005, -2.156912E-011, -1.066210E-013, 2.150400E+004 1.570926E+074 2.150400E+004, Thu Sep 10 21:45:13 2015
1.80, 0.00, 1.06, 0.00 , 1.414952E-005, -1.413310E-005, -2.203029E-011, -9.318590E-014, 2.150400E+004 1.570926E+074 2.150400E+004, Thu Sep 10 21:45:17 2015
1.80, 0.00, 1.08, 0.00 , 1.585516E-005, -1.585070E-005, -2.173682E-011, -8.014440E-014, 2.150400E+004 1.570926E+074 2.150400E+004, Thu Sep 10 21:45:20 2015
1.80, 0.00, 1.10, 0.00 , 1.762194E-005, -1.763110E-005, -1.951478E-011, -8.922820E-014, 2.150400E+004 1.570926E+074 2.150400E+004, Thu Sep 10 21:45:24 2015
1.80, 0.00, 1.12, 0.00 , 1.951594E-005, -1.951430E-005, -2.203030E-011, -1.165030E-013, 2.150400E+004 1.570926E+074 2.150400E+004, Thu Sep 10 21:45:27 2015
1.80, 0.00, 1.14, 0.00 , 2.151943E-005, -2.151300E-005, -2.056291E-011, -9.447340E-014, 2.150400E+004 1.570926E+074 2.150400E+004, Thu Sep 10 21:45:31 2015
1.80, 0.00, 1.16, 0.00 , 2.361580E-005, -2.361180E-005, -1.959863E-011, -1.012560E-013, 2.150400E+004 1.570926E+074 2.150400E+004, Thu Sep 10 21:45:34 2015
1.80, 0.00, 1.18, 0.00 , 2.581992E-005, -2.580830E-005, -1.834087E-011, -1.220940E-013, 2.150400E+004 1.570926E+074 2.150400E+004, Thu Sep 10 21:45:38 2015
1.80, 0.00, 1.20, 0.00 , 2.815746E-005, -2.814120E-005, -1.888590E-011, -1.084210E-013, 2.150400E+004 1.570926E+074 2.150400E+004, Thu Sep 10 21:45:42 2015
1.80, 0.00, 1.22, 0.00 , 3.053654E-005, -3.053500E-005, -1.901167E-011, -9.163620E-014, 2.150400E+004 1.570926E+074 2.150400E+004, Thu Sep 10 21:45:45 2015
1.80, 0.00, 1.24, 0.00 , 3.305948E-005, -3.305810E-005, -1.792162E-011, -9.021760E-014, 2.150400E+004 1.570926E+074 2.150400E+004, Thu Sep 10 21:45:49 2015
1.80, 0.00, 1.26, 0.00 , 3.570944E-005, -3.568760E-005, -1.666385E-011, -8.794070E-014, 2.150400E+004 1.570926E+074 2.150400E+004, Thu Sep 10 21:45:52 2015
1.80, 0.00, 1.28, 0.00 , 3.840215E-005, -3.840750E-005, -1.804740E-011, -8.052590E-014, 2.150400E+004 1.570926E+074 2.150400E+004, Thu Sep 10 21:45:56 2015
1.80, 0.00, 1.30, 0.00 , 4.127386E-005, -4.123640E-005, -1.620268E-011, -9.002690E-014, 2.150400E+004 1.570926E+074 2.150400E+004, Thu Sep 10 21:45:59 2015
1.80, 0.00, 1.32, 0.00 , 4.424986E-005, -4.422140E-005, -1.477721E-011, -1.050710E-013, 2.150400E+004 1.570926E+074 2.150400E+004, Thu Sep 10 21:46:03 2015
1.80, 0.00, 1.34, 0.00 , 4.726779E-005, -4.725100E-005, -1.968248E-011, -9.664300E-014, 2.150400E+004 1.570926E+074 2.150400E+004, Thu Sep 10 21:46:06 2015
1.80, 0.00, 1.36, 0.00 , 5.042277E-005, -5.040010E-005, -1.767006E-011, -9.003880E-014, 2.150400E+004 1.570926E+074 2.150400E+004, Thu Sep 10 21:46:10 2015
1.80, 0.00, 1.38, 0.00 , 5.363796E-005, -5.361210E-005, -1.674771E-011, -9.324550E-014, 2.150400E+004 1.570926E+074 2.150400E+004, Thu Sep 10 21:46:13 2015
1.80, 0.00, 1.40, 0.00 , 5.692890E-005, -5.691570E-005, -1.746044E-011, -8.335110E-014, 2.150400E+004 1.570926E+074 2.150400E+004, Thu Sep 10 21:46:17 2015
1.80, 0.00, 1.42, 0.00 , 6.033512E-005, -6.032250E-005, -1.658001E-011, -8.703470E-014, 2.150400E+004 1.570926E+074 2.150400E+004, Thu Sep 10 21:46:21 2015
1.80, 0.00, 1.44, 0.00 , 6.387324E-005, -6.383480E-005, -1.582535E-011, -8.032320E-014, 2.150400E+004 1.570926E+074 2.150400E+004, Thu Sep 10 21:46:24 2015
1.80, 0.00, 1.46, 0.00 , 6.749885E-005, -6.746440E-005, -1.548994E-011, -1.084450E-013, 2.150400E+004 1.570926E+074 2.150400E+004, Thu Sep 10 21:46:28 2015
1.80, 0.00, 1.48, 0.00 , 7.117019E-005, -7.116340E-005, -1.599305E-011, -1.000050E-013, 2.150400E+004 1.570926E+074 2.150400E+004, Thu Sep 10 21:46:31 2015
1.80, 0.00, 1.50, 0.00 , 7.495831E-005, -7.495170E-005, -1.477722E-011, -9.566550E-014, 2.150400E+004 1.570926E+074 2.150400E+004, Thu Sep 10 21:46:35 2015
1.80, 0.00, 1.52, 0.00 , 7.878798E-005, -7.876750E-005, -1.603497E-011, -1.027350E-013, 2.150400E+004 1.570926E+074 2.150400E+004, Thu Sep 10 21:46:38 2015
1.80, 0.00, 1.54, 0.00 , 8.272573E-005, -8.270380E-005, -1.402256E-011, -1.045820E-013, 2.150400E+004 1.570926E+074 2.150400E+004, Thu Sep 10 21:46:42 2015
1.80, 0.00, 1.56, 0.00 , 8.669341E-005, -8.667360E-005, -1.406448E-011, -9.288790E-014, 2.150400E+004 1.570926E+074 2.150400E+004, Thu Sep 10 21:46:45 2015
1.80, 0.00, 1.58, 0.00 , 9.076835E-005, -9.074060E-005, -1.368716E-011, -8.111000E-014, 2.150400E+004 1.570926E+074 2.150400E+004, Thu Sep 10 21:46:49 2015
1.80, 0.00, 1.60, 0.00 , 9.491039E-005, -9.487280E-005, -1.402256E-011, -8.566380E-014, 2.150400E+004 1.570926E+074 2.150400E+004, Thu Sep 10 21:46:53 2015
1.80, 0.00, 1.62, 0.00 , 9.912242E-005, -9.905410E-005, -1.230363E-011, -8.854870E-014, 2.150400E+004 1.570926E+074 2.150400E+004, Thu Sep 10 21:46:56 2015
1.80, 0.00, 1.64, 0.00 , 1.033758E-004, -1.033370E-004, -1.385486E-011, -8.994340E-014, 2.150400E+004 1.570926E+074 2.150400E+004, Thu Sep 10 21:47:00 2015
1.80, 0.00, 1.66, 0.00 , 1.075713E-004, -1.075340E-004, -1.117164E-011, -8.901360E-014, 2.150400E+004 1.570926E+074 2.150400E+004, Thu Sep 10 21:47:03 2015
1.80, 0.00, 1.68, 0.00 , 1.119725E-004, -1.119230E-004, -1.238747E-011, -1.015660E-013, 2.150400E+004 1.570926E+074 2.150400E+004, Thu Sep 10 21:47:07 2015
1.80, 0.00, 1.70, 0.00 , 1.163469E-004, -1.163540E-004, -1.322598E-011, -8.975270E-014, 2.150400E+004 1.570926E+074 2.150400E+004, Thu Sep 10 21:47:11 2015
1.80, 0.00, 1.72, 0.00 , 1.208352E-004, -1.208180E-004, -1.121357E-011, -8.813140E-014, 2.150400E+004 1.570926E+074 2.150400E+004, Thu Sep 10 21:47:14 2015
1.80, 0.00, 1.74, 0.00 , 1.253940E-004, -1.253380E-004, -1.297443E-011, -8.023980E-014, 2.150400E+004 1.570926E+074 2.150400E+004, Thu Sep 10 21:47:18 2015
1.80, 0.00, 1.76, 0.00 , 1.299767E-004, -1.299880E-004, -9.913887E-012, -1.029730E-013, 2.150400E+004 1.570926E+074 2.150400E+004, Thu Sep 10 21:47:21 2015
1.80, 0.00, 1.78, 0.00 , 1.345769E-004, -1.346090E-004, -1.167475E-011, -1.104590E-013, 2.150400E+004 1.570926E+074 2.150400E+004, Thu Sep 10 21:47:25 2015
1.80, 0.00, 1.80, 0.00 , 1.392518E-004, -1.392250E-004, -1.045891E-011, -1.123670E-013, 2.150400E+004 1.570926E+074 2.150400E+004, Thu Sep 10 21:47:28 2015
1.80, 0.00, 1.82, 0.00 , 1.439134E-004, -1.438760E-004, -1.037506E-011, -8.392330E-014, 2.150400E+004 1.570926E+074 2.150400E+004, Thu Sep 10 21:47:32 2015
1.80, 0.00, 1.84, 0.00 , 1.486636E-004, -1.486220E-004, -9.117308E-012, -1.003980E-013, 2.150400E+004 1.570926E+074 2.150400E+004, Thu Sep 10 21:47:35 2015
1.80, 0.00, 1.86, 0.00 , 1.535127E-004, -1.534450E-004, -1.117165E-011, -9.926560E-014, 2.150400E+004 1.570926E+074 2.150400E+004, Thu Sep 10 21:47:39 2015
1.80, 0.00, 1.88, 0.00 , 1.583036E-004, -1.583240E-004, -9.410783E-012, -9.676220E-014, 2.150400E+004 1.570926E+074 2.150400E+004, Thu Sep 10 21:47:42 2015
1.80, 0.00, 1.90, 0.00 , 1.633042E-004, -1.631810E-004, -1.062662E-011, -8.337500E-014, 2.150400E+004 1.570926E+074 2.150400E+004, Thu Sep 10 21:47:46 2015
1.80, 0.00, 1.92, 0.00 , 1.681254E-004, -1.680800E-004, -9.704256E-012, -9.889600E-014, 2.150400E+004 1.570926E+074 2.150400E+004, Thu Sep 10 21:47:50 2015
1.80, 0.00, 1.94, 0.00 , 1.730728E-004, -1.729410E-004, -9.746186E-012, -8.581880E-014, 2.150400E+004 1.570926E+074 2.150400E+004, Thu Sep 10 21:47:53 2015
1.80, 0.00, 1.96, 0.00 , 1.779995E-004, -1.780470E-004, -8.823822E-012, -9.077790E-014, 2.150400E+004 1.570926E+074 2.150400E+004, Thu Sep 10 21:47:57 2015
1.80, 0.00, 1.98, 0.00 , 1.830078E-004, -1.829530E-004, -8.949611E-012, -1.207470E-013, 2.150400E+004 1.570926E+074 2.150400E+004, Thu Sep 10 21:48:00 2015
1.80, 0.00, 2.00, 0.00 , 1.880491E-004, -1.880070E-004, -8.823822E-012, -9.216070E-014, 2.150400E+004 1.570926E+074 2.150400E+004, Thu Sep 10 21:48:04 2015
