0.00, 0.00, 0.80, 0.00 , -8.938789E-011, -1.393950E-012, -2.198837E-011, -9.622570E-014, 2.150400E+004 1.570926E+074 2.150400E+004, Thu Sep 10 22:00:55 2015
0.05, 0.00, 0.80, 0.00 , 2.241262E-008, -2.252450E-008, -2.303650E-011, -1.007560E-013, 2.150400E+004 1.570926E+074 2.150400E+004, Thu Sep 10 22:01:07 2015
0.10, 0.00, 0.80, 0.00 , 7.728498E-008, -7.691470E-008, -2.291073E-011, -1.013870E-013, 2.150400E+004 1.570926E+074 2.150400E+004, Thu Sep 10 22:01:10 2015
0.15, 0.00, 0.80, 0.00 , 1.127763E-007, -1.119250E-007, -2.110794E-011, -1.068830E-013, 2.150400E+004 1.570926E+074 2.150400E+004, Thu Sep 10 22:01:14 2015
0.20, 0.00, 0.80, 0.00 , 1.376912E-007, -1.369090E-007, -2.089832E-011, -8.113380E-014, 2.150400E+004 1.570926E+074 2.150400E+004, Thu Sep 10 22:01:17 2015
0.25, 0.00, 0.80, 0.00 , 1.593338E-007, -1.582380E-007, -2.236570E-011, -1.096730E-013, 2.150400E+004 1.570926E+074 2.150400E+004, Thu Sep 10 22:01:22 2015
0.30, 0.00, 0.80, 0.00 , 1.728469E-007, -1.717000E-007, -2.353965E-011, -1.148340E-013, 2.150400E+004 1.570926E+074 2.150400E+004, Thu Sep 10 22:01:26 2015
0.35, 0.00, 0.80, 0.00 , 1.787255E-007, -1.780490E-007, -2.328807E-011, -8.779760E-014, 2.150400E+004 1.570926E+074 2.150400E+004, Thu Sep 10 22:01:29 2015
0.40, 0.00, 0.80, 0.00 , 1.838816E-007, -1.832510E-007, -2.291073E-011, -8.702280E-014, 2.150400E+004 1.570926E+074 2.150400E+004, Thu Sep 10 22:01:33 2015
0.45, 0.00, 0.80, 0.00 , 1.864011E-007, -1.856940E-007, -2.400087E-011, -7.221700E-014, 2.150400E+004 1.570926E+074 2.150400E+004, Thu Sep 10 22:01:36 2015
0.50, 0.00, 0.80, 0.00 , 1.901989E-007, -1.895840E-007, -2.307843E-011, -7.214550E-014, 2.150400E+004 1.570926E+074 2.150400E+004, Thu Sep 10 22:01:40 2015
0.55, 0.00, 0.80, 0.00 , 1.916117E-007, -1.904190E-007, -2.429438E-011, -9.874110E-014, 2.150400E+004 1.570926E+074 2.150400E+004, Thu Sep 10 22:01:43 2015
0.60, 0.00, 0.80, 0.00 , 1.938178E-007, -1.931070E-007, -2.353965E-011, -8.403060E-014, 2.150400E+004 1.570926E+074 2.150400E+004, Thu Sep 10 22:01:47 2015
0.65, 0.00, 0.80, 0.00 , 1.961898E-007, -1.955490E-007, -2.488139E-011, -9.968280E-014, 2.150400E+004 1.570926E+074 2.150400E+004, Thu Sep 10 22:01:50 2015
0.70, 0.00, 0.80, 0.00 , 1.988367E-007, -1.981810E-007, -2.295265E-011, -1.031160E-013, 2.150400E+004 1.570926E+074 2.150400E+004, Thu Sep 10 22:01:54 2015
0.75, 0.00, 0.80, 0.00 , 1.999825E-007, -1.990460E-007, -2.274303E-011, -1.155260E-013, 2.150400E+004 1.570926E+074 2.150400E+004, Thu Sep 10 22:01:58 2015
0.80, 0.00, 0.80, 0.00 , 2.016240E-007, -2.010240E-007, -2.098217E-011, -9.963510E-014, 2.150400E+004 1.570926E+074 2.150400E+004, Thu Sep 10 22:02:01 2015
0.85, 0.00, 0.80, 0.00 , 2.031059E-007, -2.018970E-007, -2.383316E-011, -1.076460E-013, 2.150400E+004 1.570926E+074 2.150400E+004, Thu Sep 10 22:02:05 2015
0.90, 0.00, 0.80, 0.00 , 2.045704E-007, -2.039760E-007, -2.333000E-011, -7.946490E-014, 2.150400E+004 1.570926E+074 2.150400E+004, Thu Sep 10 22:02:08 2015
0.95, 0.00, 0.80, 0.00 , 2.053810E-007, -2.046160E-007, -2.525876E-011, -1.075980E-013, 2.150400E+004 1.570926E+074 2.150400E+004, Thu Sep 10 22:02:12 2015
1.00, 0.00, 0.80, 0.00 , 2.066995E-007, -2.058760E-007, -2.429438E-011, -1.041290E-013, 2.150400E+004 1.570926E+074 2.150400E+004, Thu Sep 10 22:02:15 2015
1.05, 0.00, 0.80, 0.00 , 2.078862E-007, -2.073230E-007, -2.425245E-011, -1.341940E-013, 2.150400E+004 1.570926E+074 2.150400E+004, Thu Sep 10 22:02:19 2015
1.10, 0.00, 0.80, 0.00 , 2.096508E-007, -2.086700E-007, -2.525876E-011, -9.051560E-014, 2.150400E+004 1.570926E+074 2.150400E+004, Thu Sep 10 22:02:22 2015
1.15, 0.00, 0.80, 0.00 , 2.122535E-007, -2.113520E-007, -2.605541E-011, -9.137390E-014, 2.150400E+004 1.570926E+074 2.150400E+004, Thu Sep 10 22:02:26 2015
1.20, 0.00, 0.80, 0.00 , 2.175173E-007, -2.181360E-007, -2.253340E-011, -1.143570E-013, 2.150400E+004 1.570926E+074 2.150400E+004, Thu Sep 10 22:02:30 2015
1.25, 0.00, 0.80, 0.00 , 2.267547E-007, -2.267320E-007, -2.492332E-011, -9.537940E-014, 2.150400E+004 1.570926E+074 2.150400E+004, Thu Sep 10 22:02:33 2015
1.30, 0.00, 0.80, 0.00 , 2.739440E-007, -2.746970E-007, -2.647471E-011, -9.005070E-014, 2.150400E+004 1.570926E+074 2.150400E+004, Thu Sep 10 22:02:37 2015
1.35, 0.00, 0.80, 0.00 , 3.137312E-007, -3.178260E-007, -2.639085E-011, -1.072650E-013, 2.150400E+004 1.570926E+074 2.150400E+004, Thu Sep 10 22:02:41 2015
1.40, 0.00, 0.80, 0.00 , 3.575462E-007, -3.572380E-007, -2.601348E-011, -1.024840E-013, 2.150400E+004 1.570926E+074 2.150400E+004, Thu Sep 10 22:02:45 2015
1.45, 0.00, 0.80, 0.00 , 4.430862E-007, -4.395330E-007, -2.488139E-011, -1.009700E-013, 2.150400E+004 1.570926E+074 2.150400E+004, Thu Sep 10 22:02:49 2015
1.50, 0.00, 0.80, 0.00 , 5.176598E-007, -5.191550E-007, -2.475560E-011, -8.065700E-014, 2.150400E+004 1.570926E+074 2.150400E+004, Thu Sep 10 22:02:54 2015
1.55, 0.00, 0.80, 0.00 , 6.308355E-007, -6.265580E-007, -2.718751E-011, -1.090170E-013, 2.150400E+004 1.570926E+074 2.150400E+004, Thu Sep 10 22:02:58 2015
1.60, 0.00, 0.80, 0.00 , 7.316804E-007, -7.307540E-007, -2.492332E-011, -1.079320E-013, 2.150400E+004 1.570926E+074 2.150400E+004, Thu Sep 10 22:03:01 2015
1.65, 0.00, 0.80, 0.00 , 8.496492E-007, -8.467840E-007, -2.743908E-011, -1.071930E-013, 2.150400E+004 1.570926E+074 2.150400E+004, Thu Sep 10 22:03:05 2015
1.70, 0.00, 0.80, 0.00 , 9.878656E-007, -9.871240E-007, -2.576191E-011, -9.305480E-014, 2.150400E+004 1.570926E+074 2.150400E+004, Thu Sep 10 22:03:08 2015
1.75, 0.00, 0.80, 0.00 , 1.124053E-006, -1.122850E-006, -2.618120E-011, -9.776350E-014, 2.150400E+004 1.570926E+074 2.150400E+004, Thu Sep 10 22:03:12 2015
1.80, 0.00, 0.80, 0.00 , 1.283716E-006, -1.281980E-006, -2.525876E-011, -9.193420E-014, 2.150400E+004 1.570926E+074 2.150400E+004, Thu Sep 10 22:03:16 2015
1.85, 0.00, 0.80, 0.00 , 1.491326E-006, -1.508370E-006, -2.509104E-011, -9.355550E-014, 2.150400E+004 1.570926E+074 2.150400E+004, Thu Sep 10 22:03:19 2015
1.90, 0.00, 0.80, 0.00 , 1.755054E-006, -1.775110E-006, -2.567805E-011, -8.904930E-014, 2.150400E+004 1.570926E+074 2.150400E+004, Thu Sep 10 22:03:24 2015
1.95, 0.00, 0.80, 0.00 , 2.057622E-006, -2.054790E-006, -2.362351E-011, -1.299860E-013, 2.150400E+004 1.570926E+074 2.150400E+004, Thu Sep 10 22:03:27 2015
2.00, 0.00, 0.80, 0.00 , 2.292408E-006, -2.285600E-006, -2.672628E-011, -9.893180E-014, 2.150400E+004 1.570926E+074 2.150400E+004, Thu Sep 10 22:03:31 2015
