0.00, 0.00, 2.00, 0.00 , 7.089345E-010, -5.860580E-010, -1.822330E-012, -1.077530E-013, 2.150400E+004 1.570926E+074 2.150400E+004, Thu Sep 10 20:27:06 2015
0.05, 0.00, 2.00, 0.00 , 1.763393E-006, -1.759180E-006, 3.578058E-013, -8.077620E-014, 2.150400E+004 1.570926E+074 2.150400E+004, Thu Sep 10 20:27:10 2015
0.10, 0.00, 2.00, 0.00 , 7.819573E-006, -7.810060E-006, -9.418889E-013, -1.091120E-013, 2.150400E+004 1.570926E+074 2.150400E+004, Thu Sep 10 20:27:14 2015
0.15, 0.00, 2.00, 0.00 , 1.728091E-005, -1.727510E-005, -7.482232E-012, -8.736850E-014, 2.150400E+004 1.570926E+074 2.150400E+004, Thu Sep 10 20:27:18 2015
0.20, 0.00, 2.00, 0.00 , 2.893841E-005, -2.891460E-005, -2.073867E-012, -1.023530E-013, 2.150400E+004 1.570926E+074 2.150400E+004, Thu Sep 10 20:27:21 2015
0.25, 0.00, 2.00, 0.00 , 4.121121E-005, -4.118500E-005, -5.260195E-012, -1.026750E-013, 2.150400E+004 1.570926E+074 2.150400E+004, Thu Sep 10 20:27:25 2015
0.30, 0.00, 2.00, 0.00 , 5.344184E-005, -5.341450E-005, -4.505549E-012, -9.319780E-014, 2.150400E+004 1.570926E+074 2.150400E+004, Thu Sep 10 20:27:28 2015
0.35, 0.00, 2.00, 0.00 , 6.534543E-005, -6.530000E-005, -5.889072E-012, -9.080170E-014, 2.150400E+004 1.570926E+074 2.150400E+004, Thu Sep 10 20:27:32 2015
0.40, 0.00, 2.00, 0.00 , 7.688835E-005, -7.685930E-005, -1.075241E-011, -8.661750E-014, 2.150400E+004 1.570926E+074 2.150400E+004, Thu Sep 10 20:27:35 2015
0.45, 0.00, 2.00, 0.00 , 8.795706E-005, -8.791210E-005, -8.153042E-012, -6.839040E-014, 2.150400E+004 1.570926E+074 2.150400E+004, Thu Sep 10 20:27:39 2015
0.50, 0.00, 2.00, 0.00 , 9.846684E-005, -9.840640E-005, -8.572293E-012, -8.494850E-014, 2.150400E+004 1.570926E+074 2.150400E+004, Thu Sep 10 20:27:43 2015
0.55, 0.00, 2.00, 0.00 , 1.084292E-004, -1.083910E-004, -8.656140E-012, -8.747580E-014, 2.150400E+004 1.570926E+074 2.150400E+004, Thu Sep 10 20:27:46 2015
0.60, 0.00, 2.00, 0.00 , 1.178852E-004, -1.178430E-004, -8.194971E-012, -1.125810E-013, 2.150400E+004 1.570926E+074 2.150400E+004, Thu Sep 10 20:27:50 2015
0.65, 0.00, 2.00, 0.00 , 1.266953E-004, -1.266460E-004, -8.027261E-012, -8.080010E-014, 2.150400E+004 1.570926E+074 2.150400E+004, Thu Sep 10 20:27:53 2015
0.70, 0.00, 2.00, 0.00 , 1.348273E-004, -1.347930E-004, -8.865761E-012, -9.731050E-014, 2.150400E+004 1.570926E+074 2.150400E+004, Thu Sep 10 20:27:57 2015
0.75, 0.00, 2.00, 0.00 , 1.422096E-004, -1.421800E-004, -6.811419E-012, -9.095670E-014, 2.150400E+004 1.570926E+074 2.150400E+004, Thu Sep 10 20:28:00 2015
0.80, 0.00, 2.00, 0.00 , 1.489993E-004, -1.489590E-004, -8.362668E-012, -9.388920E-014, 2.150400E+004 1.570926E+074 2.150400E+004, Thu Sep 10 20:28:04 2015
0.85, 0.00, 2.00, 0.00 , 1.550632E-004, -1.550120E-004, -9.578495E-012, -9.078980E-014, 2.150400E+004 1.570926E+074 2.150400E+004, Thu Sep 10 20:28:08 2015
0.90, 0.00, 2.00, 0.00 , 1.604744E-004, -1.604320E-004, -7.608006E-012, -9.058710E-014, 2.150400E+004 1.570926E+074 2.150400E+004, Thu Sep 10 20:28:11 2015
0.95, 0.00, 2.00, 0.00 , 1.652772E-004, -1.652100E-004, -8.823837E-012, -1.111510E-013, 2.150400E+004 1.570926E+074 2.150400E+004, Thu Sep 10 20:28:15 2015
1.00, 0.00, 2.00, 0.00 , 1.694257E-004, -1.693800E-004, -9.578489E-012, -1.021030E-013, 2.150400E+004 1.570926E+074 2.150400E+004, Thu Sep 10 20:28:18 2015
1.05, 0.00, 2.00, 0.00 , 1.729550E-004, -1.729130E-004, -8.739987E-012, -1.054880E-013, 2.150400E+004 1.570926E+074 2.150400E+004, Thu Sep 10 20:28:22 2015
1.10, 0.00, 2.00, 0.00 , 1.759512E-004, -1.759060E-004, -7.021045E-012, -8.727310E-014, 2.150400E+004 1.570926E+074 2.150400E+004, Thu Sep 10 20:28:25 2015
1.15, 0.00, 2.00, 0.00 , 1.784268E-004, -1.783780E-004, -6.727587E-012, -8.584260E-014, 2.150400E+004 1.570926E+074 2.150400E+004, Thu Sep 10 20:28:29 2015
1.20, 0.00, 2.00, 0.00 , 1.804337E-004, -1.803690E-004, -8.530358E-012, -1.019480E-013, 2.150400E+004 1.570926E+074 2.150400E+004, Thu Sep 10 20:28:32 2015
1.25, 0.00, 2.00, 0.00 , 1.820062E-004, -1.819510E-004, -1.192631E-011, -9.003880E-014, 2.150400E+004 1.570926E+074 2.150400E+004, Thu Sep 10 20:28:36 2015
1.30, 0.00, 2.00, 0.00 , 1.832743E-004, -1.832140E-004, -8.614210E-012, -8.795260E-014, 2.150400E+004 1.570926E+074 2.150400E+004, Thu Sep 10 20:28:39 2015
1.35, 0.00, 2.00, 0.00 , 1.842815E-004, -1.842410E-004, -4.421680E-012, -1.052980E-013, 2.150400E+004 1.570926E+074 2.150400E+004, Thu Sep 10 20:28:43 2015
1.40, 0.00, 2.00, 0.00 , 1.850064E-004, -1.849340E-004, -5.889090E-012, -7.255080E-014, 2.150400E+004 1.570926E+074 2.150400E+004, Thu Sep 10 20:28:47 2015
1.45, 0.00, 2.00, 0.00 , 1.856335E-004, -1.856020E-004, -8.488446E-012, -9.833570E-014, 2.150400E+004 1.570926E+074 2.150400E+004, Thu Sep 10 20:28:50 2015
1.50, 0.00, 2.00, 0.00 , 1.860435E-004, -1.859960E-004, -1.117165E-011, -9.731050E-014, 2.150400E+004 1.570926E+074 2.150400E+004, Thu Sep 10 20:28:54 2015
1.55, 0.00, 2.00, 0.00 , 1.864049E-004, -1.863960E-004, -9.410785E-012, -1.080990E-013, 2.150400E+004 1.570926E+074 2.150400E+004, Thu Sep 10 20:28:57 2015
1.60, 0.00, 2.00, 0.00 , 1.866974E-004, -1.866480E-004, -8.656142E-012, -9.486680E-014, 2.150400E+004 1.570926E+074 2.150400E+004, Thu Sep 10 20:29:01 2015
1.65, 0.00, 2.00, 0.00 , 1.869732E-004, -1.869360E-004, -9.243089E-012, -1.133920E-013, 2.150400E+004 1.570926E+074 2.150400E+004, Thu Sep 10 20:29:04 2015
1.70, 0.00, 2.00, 0.00 , 1.873802E-004, -1.873210E-004, -1.033314E-011, -1.207590E-013, 2.150400E+004 1.570926E+074 2.150400E+004, Thu Sep 10 20:29:08 2015
1.75, 0.00, 2.00, 0.00 , 1.877536E-004, -1.876970E-004, -1.263904E-011, -8.533000E-014, 2.150400E+004 1.570926E+074 2.150400E+004, Thu Sep 10 20:29:11 2015
1.80, 0.00, 2.00, 0.00 , 1.881816E-004, -1.881750E-004, -9.536565E-012, -9.888410E-014, 2.150400E+004 1.570926E+074 2.150400E+004, Thu Sep 10 20:29:15 2015
1.85, 0.00, 2.00, 0.00 , 1.886417E-004, -1.885080E-004, -8.027252E-012, -8.356570E-014, 2.150400E+004 1.570926E+074 2.150400E+004, Thu Sep 10 20:29:18 2015
1.90, 0.00, 2.00, 0.00 , 1.890715E-004, -1.889510E-004, -6.895267E-012, -1.018400E-013, 2.150400E+004 1.570926E+074 2.150400E+004, Thu Sep 10 20:29:22 2015
1.95, 0.00, 2.00, 0.00 , 1.894208E-004, -1.893960E-004, -8.027256E-012, -8.460280E-014, 2.150400E+004 1.570926E+074 2.150400E+004, Thu Sep 10 20:29:26 2015
2.00, 0.00, 2.00, 0.00 , 1.897271E-004, -1.896670E-004, -6.979138E-012, -8.109810E-014, 2.150400E+004 1.570926E+074 2.150400E+004, Thu Sep 10 20:29:29 2015
