0.00, 0.00, 0.40, 0.00 , -3.444819E-010, -3.432040E-011, 3.068717E-010, -9.254220E-014, 2.150400E+004 1.570926E+074 2.150400E+004, Sat Sep 05 00:33:40 2015
0.05, 0.00, 0.40, 0.00 , 1.063539E-009, -1.380440E-009, 2.624731E-010, -7.964370E-014, 2.150400E+004 1.570926E+074 2.150400E+004, Sat Sep 05 00:33:46 2015
0.10, 0.00, 0.40, 0.00 , 1.358234E-009, -1.617620E-009, 2.253276E-010, -8.676050E-014, 2.150400E+004 1.570926E+074 2.150400E+004, Sat Sep 05 00:33:50 2015
0.15, 0.00, 0.40, 0.00 , 1.451024E-009, -1.680970E-009, 1.945126E-010, -9.732250E-014, 2.150400E+004 1.570926E+074 2.150400E+004, Sat Sep 05 00:33:53 2015
0.20, 0.00, 0.40, 0.00 , 1.512968E-009, -1.712960E-009, 1.636558E-010, -1.217250E-013, 2.150400E+004 1.570926E+074 2.150400E+004, Sat Sep 05 00:33:57 2015
0.25, 0.00, 0.40, 0.00 , 1.568202E-009, -1.725870E-009, 1.370752E-010, -9.678600E-014, 2.150400E+004 1.570926E+074 2.150400E+004, Sat Sep 05 00:34:01 2015
0.30, 0.00, 0.40, 0.00 , 1.620144E-009, -1.747850E-009, 1.135553E-010, -9.033680E-014, 2.150400E+004 1.570926E+074 2.150400E+004, Sat Sep 05 00:34:04 2015
0.35, 0.00, 0.40, 0.00 , 1.668671E-009, -1.756520E-009, 9.125115E-011, -8.159880E-014, 2.150400E+004 1.570926E+074 2.150400E+004, Sat Sep 05 00:34:08 2015
0.40, 0.00, 0.40, 0.00 , 1.708460E-009, -1.775640E-009, 6.827625E-011, -1.148820E-013, 2.150400E+004 1.570926E+074 2.150400E+004, Sat Sep 05 00:34:11 2015
0.45, 0.00, 0.40, 0.00 , 1.743441E-009, -1.786910E-009, 4.894882E-011, -9.351970E-014, 2.150400E+004 1.570926E+074 2.150400E+004, Sat Sep 05 00:34:15 2015
0.50, 0.00, 0.40, 0.00 , 1.776816E-009, -1.799540E-009, 2.957944E-011, -8.854870E-014, 2.150400E+004 1.570926E+074 2.150400E+004, Sat Sep 05 00:34:19 2015
0.55, 0.00, 0.40, 0.00 , 1.819942E-009, -1.809710E-009, 1.318675E-011, -1.019950E-013, 2.150400E+004 1.570926E+074 2.150400E+004, Sat Sep 05 00:34:22 2015
0.60, 0.00, 0.40, 0.00 , 1.854795E-009, -1.823250E-009, -4.841030E-012, -9.086130E-014, 2.150400E+004 1.570926E+074 2.150400E+004, Sat Sep 05 00:34:26 2015
0.65, 0.00, 0.40, 0.00 , 1.883153E-009, -1.825280E-009, -2.215608E-011, -7.073880E-014, 2.150400E+004 1.570926E+074 2.150400E+004, Sat Sep 05 00:34:30 2015
0.70, 0.00, 0.40, 0.00 , 1.905810E-009, -1.841120E-009, -4.031134E-011, -1.139520E-013, 2.150400E+004 1.570926E+074 2.150400E+004, Sat Sep 05 00:34:33 2015
0.75, 0.00, 0.40, 0.00 , 1.943365E-009, -1.844760E-009, -5.473500E-011, -9.758470E-014, 2.150400E+004 1.570926E+074 2.150400E+004, Sat Sep 05 00:34:37 2015
0.80, 0.00, 0.40, 0.00 , 1.956868E-009, -1.854180E-009, -6.576237E-011, -9.343620E-014, 2.150400E+004 1.570926E+074 2.150400E+004, Sat Sep 05 00:34:41 2015
0.85, 0.00, 0.40, 0.00 , 1.986193E-009, -1.862990E-009, -8.014411E-011, -8.742810E-014, 2.150400E+004 1.570926E+074 2.150400E+004, Sat Sep 05 00:34:44 2015
0.90, 0.00, 0.40, 0.00 , 2.019739E-009, -1.872400E-009, -9.100378E-011, -8.996730E-014, 2.150400E+004 1.570926E+074 2.150400E+004, Sat Sep 05 00:34:48 2015
0.95, 0.00, 0.40, 0.00 , 2.036997E-009, -1.871170E-009, -1.066853E-010, -7.507800E-014, 2.150400E+004 1.570926E+074 2.150400E+004, Sat Sep 05 00:34:53 2015
1.00, 0.00, 0.40, 0.00 , 2.059784E-009, -1.888730E-009, -1.131844E-010, -9.311440E-014, 2.150400E+004 1.570926E+074 2.150400E+004, Sat Sep 05 00:34:56 2015
1.05, 0.00, 0.40, 0.00 , 2.070078E-009, -1.897590E-009, -1.143584E-010, -9.089710E-014, 2.150400E+004 1.570926E+074 2.150400E+004, Sat Sep 05 00:35:01 2015
1.10, 0.00, 0.40, 0.00 , 2.086027E-009, -1.902630E-009, -1.143164E-010, -8.331540E-014, 2.150400E+004 1.570926E+074 2.150400E+004, Sat Sep 05 00:35:05 2015
1.15, 0.00, 0.40, 0.00 , 2.112022E-009, -1.912400E-009, -1.344005E-010, -1.084210E-013, 2.150400E+004 1.570926E+074 2.150400E+004, Sat Sep 05 00:35:08 2015
1.20, 0.00, 0.40, 0.00 , 2.128771E-009, -1.919670E-009, -1.362454E-010, -6.922480E-014, 2.150400E+004 1.570926E+074 2.150400E+004, Sat Sep 05 00:35:12 2015
1.25, 0.00, 0.40, 0.00 , 2.163626E-009, -1.929210E-009, -1.545267E-010, -9.369850E-014, 2.150400E+004 1.570926E+074 2.150400E+004, Sat Sep 05 00:35:16 2015
1.30, 0.00, 0.40, 0.00 , 2.189619E-009, -1.946470E-009, -1.627028E-010, -1.035930E-013, 2.150400E+004 1.570926E+074 2.150400E+004, Sat Sep 05 00:35:19 2015
1.35, 0.00, 0.40, 0.00 , 2.226836E-009, -1.950780E-009, -1.855961E-010, -8.172990E-014, 2.150400E+004 1.570926E+074 2.150400E+004, Sat Sep 05 00:35:23 2015
1.40, 0.00, 0.40, 0.00 , 2.272448E-009, -1.968610E-009, -1.933111E-010, -1.006600E-013, 2.150400E+004 1.570926E+074 2.150400E+004, Sat Sep 05 00:35:27 2015
1.45, 0.00, 0.40, 0.00 , 2.290593E-009, -1.986430E-009, -2.141500E-010, -9.195800E-014, 2.150400E+004 1.570926E+074 2.150400E+004, Sat Sep 05 00:35:30 2015
1.50, 0.00, 0.40, 0.00 , 2.332158E-009, -2.004970E-009, -2.261837E-010, -9.757280E-014, 2.150400E+004 1.570926E+074 2.150400E+004, Sat Sep 05 00:35:34 2015
1.55, 0.00, 0.40, 0.00 , 2.400092E-009, -2.023980E-009, -2.809012E-010, -1.051900E-013, 2.150400E+004 1.570926E+074 2.150400E+004, Sat Sep 05 00:35:37 2015
1.60, 0.00, 0.40, 0.00 , 2.402118E-009, -2.033340E-009, -2.535215E-010, -7.504220E-014, 2.150400E+004 1.570926E+074 2.150400E+004, Sat Sep 05 00:35:41 2015
1.65, 0.00, 0.40, 0.00 , 2.456173E-009, -2.048370E-009, -2.885323E-010, -1.106860E-013, 2.150400E+004 1.570926E+074 2.150400E+004, Sat Sep 05 00:35:47 2015
1.70, 0.00, 0.40, 0.00 , 2.509507E-009, -2.064620E-009, -3.297488E-010, -9.090900E-014, 2.150400E+004 1.570926E+074 2.150400E+004, Sat Sep 05 00:35:51 2015
1.75, 0.00, 0.40, 0.00 , 2.541619E-009, -2.075210E-009, -3.332711E-010, -1.011130E-013, 2.150400E+004 1.570926E+074 2.150400E+004, Sat Sep 05 00:35:55 2015
1.80, 0.00, 0.40, 0.00 , 2.554698E-009, -2.091220E-009, -3.212790E-010, -8.392330E-014, 2.150400E+004 1.570926E+074 2.150400E+004, Sat Sep 05 00:35:59 2015
1.85, 0.00, 0.40, 0.00 , 2.623015E-009, -2.116430E-009, -3.628730E-010, -8.760690E-014, 2.150400E+004 1.570926E+074 2.150400E+004, Sat Sep 05 00:36:03 2015
1.90, 0.00, 0.40, 0.00 , 2.613307E-009, -2.121500E-009, -3.267719E-010, -1.187320E-013, 2.150400E+004 1.570926E+074 2.150400E+004, Sat Sep 05 00:36:06 2015
1.95, 0.00, 0.40, 0.00 , 2.611789E-009, -2.150960E-009, -3.134384E-010, -9.280440E-014, 2.150400E+004 1.570926E+074 2.150400E+004, Sat Sep 05 00:36:10 2015
2.00, 0.00, 0.40, 0.00 , 2.652506E-009, -2.152830E-009, -3.349901E-010, -1.118540E-013, 2.150400E+004 1.570926E+074 2.150400E+004, Sat Sep 05 00:36:14 2015
