0.00, 0.00, 0.80, 0.00 , 2.698374E-009, -3.848090E-009, 8.251076E-010, -9.315010E-014, 2.150400E+004 1.570926E+074 2.150400E+004, Sat Sep 05 00:36:18 2015
0.05, 0.00, 0.80, 0.00 , 1.210732E-006, -1.212120E-006, 7.028537E-010, -1.079440E-013, 2.150400E+004 1.570926E+074 2.150400E+004, Sat Sep 05 00:36:22 2015
0.10, 0.00, 0.80, 0.00 , 2.094993E-006, -2.094830E-006, 6.333839E-010, -1.220700E-013, 2.150400E+004 1.570926E+074 2.150400E+004, Sat Sep 05 00:36:26 2015
0.15, 0.00, 0.80, 0.00 , 2.696873E-006, -2.696470E-006, 5.821937E-010, -8.996730E-014, 2.150400E+004 1.570926E+074 2.150400E+004, Sat Sep 05 00:36:29 2015
0.20, 0.00, 0.80, 0.00 , 3.069807E-006, -3.071460E-006, 5.379209E-010, -1.046060E-013, 2.150400E+004 1.570926E+074 2.150400E+004, Sat Sep 05 00:36:33 2015
0.25, 0.00, 0.80, 0.00 , 3.278464E-006, -3.280610E-006, 4.983018E-010, -1.024720E-013, 2.150400E+004 1.570926E+074 2.150400E+004, Sat Sep 05 00:36:36 2015
0.30, 0.00, 0.80, 0.00 , 3.389649E-006, -3.389400E-006, 4.610304E-010, -9.651180E-014, 2.150400E+004 1.570926E+074 2.150400E+004, Sat Sep 05 00:36:40 2015
0.35, 0.00, 0.80, 0.00 , 3.444325E-006, -3.444940E-006, 4.232977E-010, -8.349420E-014, 2.150400E+004 1.570926E+074 2.150400E+004, Sat Sep 05 00:36:43 2015
0.40, 0.00, 0.80, 0.00 , 3.478019E-006, -3.479180E-006, 3.855232E-010, -9.870530E-014, 2.150400E+004 1.570926E+074 2.150400E+004, Sat Sep 05 00:36:47 2015
0.45, 0.00, 0.80, 0.00 , 3.502693E-006, -3.503170E-006, 3.491744E-010, -1.118180E-013, 2.150400E+004 1.570926E+074 2.150400E+004, Sat Sep 05 00:36:51 2015
0.50, 0.00, 0.80, 0.00 , 3.517353E-006, -3.516640E-006, 3.189041E-010, -9.385350E-014, 2.150400E+004 1.570926E+074 2.150400E+004, Sat Sep 05 00:36:54 2015
0.55, 0.00, 0.80, 0.00 , 3.531627E-006, -3.530560E-006, 2.870831E-010, -9.921790E-014, 2.150400E+004 1.570926E+074 2.150400E+004, Sat Sep 05 00:36:58 2015
0.60, 0.00, 0.80, 0.00 , 3.546030E-006, -3.546410E-006, 2.613831E-010, -7.009510E-014, 2.150400E+004 1.570926E+074 2.150400E+004, Sat Sep 05 00:37:01 2015
0.65, 0.00, 0.80, 0.00 , 3.558614E-006, -3.558140E-006, 2.347607E-010, -8.387570E-014, 2.150400E+004 1.570926E+074 2.150400E+004, Sat Sep 05 00:37:05 2015
0.70, 0.00, 0.80, 0.00 , 3.567812E-006, -3.566110E-006, 2.061677E-010, -9.645220E-014, 2.150400E+004 1.570926E+074 2.150400E+004, Sat Sep 05 00:37:08 2015
0.75, 0.00, 0.80, 0.00 , 3.578796E-006, -3.581690E-006, 1.810966E-010, -1.241920E-013, 2.150400E+004 1.570926E+074 2.150400E+004, Sat Sep 05 00:37:12 2015
0.80, 0.00, 0.80, 0.00 , 3.584883E-006, -3.585960E-006, 1.582474E-010, -9.452110E-014, 2.150400E+004 1.570926E+074 2.150400E+004, Sat Sep 05 00:37:15 2015
0.85, 0.00, 0.80, 0.00 , 3.595072E-006, -3.594830E-006, 1.363206E-010, -9.406810E-014, 2.150400E+004 1.570926E+074 2.150400E+004, Sat Sep 05 00:37:19 2015
0.90, 0.00, 0.80, 0.00 , 3.603561E-006, -3.603060E-006, 1.116267E-010, -8.510350E-014, 2.150400E+004 1.570926E+074 2.150400E+004, Sat Sep 05 00:37:22 2015
0.95, 0.00, 0.80, 0.00 , 3.610606E-006, -3.608800E-006, 8.659748E-011, -1.008390E-013, 2.150400E+004 1.570926E+074 2.150400E+004, Sat Sep 05 00:37:26 2015
1.00, 0.00, 0.80, 0.00 , 3.618713E-006, -3.616850E-006, 5.859151E-011, -1.034380E-013, 2.150400E+004 1.570926E+074 2.150400E+004, Sat Sep 05 00:37:30 2015
1.05, 0.00, 0.80, 0.00 , 3.624117E-006, -3.623740E-006, 3.138222E-011, -9.268520E-014, 2.150400E+004 1.570926E+074 2.150400E+004, Sat Sep 05 00:37:33 2015
1.10, 0.00, 0.80, 0.00 , 3.632480E-006, -3.633970E-006, 1.327063E-011, -1.110670E-013, 2.150400E+004 1.570926E+074 2.150400E+004, Sat Sep 05 00:37:37 2015
1.15, 0.00, 0.80, 0.00 , 3.639305E-006, -3.636210E-006, -2.660925E-012, -1.052860E-013, 2.150400E+004 1.570926E+074 2.150400E+004, Sat Sep 05 00:37:40 2015
1.20, 0.00, 0.80, 0.00 , 3.649510E-006, -3.647630E-006, -1.762817E-011, -1.058580E-013, 2.150400E+004 1.570926E+074 2.150400E+004, Sat Sep 05 00:37:44 2015
1.25, 0.00, 0.80, 0.00 , 3.662446E-006, -3.661320E-006, -2.974518E-011, -8.506770E-014, 2.150400E+004 1.570926E+074 2.150400E+004, Sat Sep 05 00:37:47 2015
1.30, 0.00, 0.80, 0.00 , 3.674017E-006, -3.673040E-006, -3.838259E-011, -9.381770E-014, 2.150400E+004 1.570926E+074 2.150400E+004, Sat Sep 05 00:37:51 2015
1.35, 0.00, 0.80, 0.00 , 3.689497E-006, -3.687170E-006, -4.685231E-011, -9.236340E-014, 2.150400E+004 1.570926E+074 2.150400E+004, Sat Sep 05 00:37:54 2015
1.40, 0.00, 0.80, 0.00 , 3.702548E-006, -3.702580E-006, -5.884406E-011, -6.988050E-014, 2.150400E+004 1.570926E+074 2.150400E+004, Sat Sep 05 00:37:58 2015
1.45, 0.00, 0.80, 0.00 , 3.720740E-006, -3.719390E-006, -5.825706E-011, -9.346010E-014, 2.150400E+004 1.570926E+074 2.150400E+004, Sat Sep 05 00:38:01 2015
1.50, 0.00, 0.80, 0.00 , 3.733734E-006, -3.733620E-006, -6.827818E-011, -9.528400E-014, 2.150400E+004 1.570926E+074 2.150400E+004, Sat Sep 05 00:38:05 2015
1.55, 0.00, 0.80, 0.00 , 3.751189E-006, -3.750570E-006, -6.769116E-011, -8.345840E-014, 2.150400E+004 1.570926E+074 2.150400E+004, Sat Sep 05 00:38:09 2015
1.60, 0.00, 0.80, 0.00 , 3.767803E-006, -3.769250E-006, -8.823646E-011, -1.050110E-013, 2.150400E+004 1.570926E+074 2.150400E+004, Sat Sep 05 00:38:12 2015
1.65, 0.00, 0.80, 0.00 , 3.786759E-006, -3.787080E-006, -9.444200E-011, -1.203540E-013, 2.150400E+004 1.570926E+074 2.150400E+004, Sat Sep 05 00:38:16 2015
1.70, 0.00, 0.80, 0.00 , 3.800522E-006, -3.800650E-006, -1.048824E-010, -9.236340E-014, 2.150400E+004 1.570926E+074 2.150400E+004, Sat Sep 05 00:38:19 2015
1.75, 0.00, 0.80, 0.00 , 3.817880E-006, -3.817830E-006, -1.096203E-010, -1.036520E-013, 2.150400E+004 1.570926E+074 2.150400E+004, Sat Sep 05 00:38:23 2015
1.80, 0.00, 0.80, 0.00 , 3.836344E-006, -3.834470E-006, -1.290754E-010, -9.548660E-014, 2.150400E+004 1.570926E+074 2.150400E+004, Sat Sep 05 00:38:26 2015
1.85, 0.00, 0.80, 0.00 , 3.851725E-006, -3.851010E-006, -1.673570E-010, -8.274320E-014, 2.150400E+004 1.570926E+074 2.150400E+004, Sat Sep 05 00:38:30 2015
1.90, 0.00, 0.80, 0.00 , 3.865814E-006, -3.865290E-006, -1.741915E-010, -1.079200E-013, 2.150400E+004 1.570926E+074 2.150400E+004, Sat Sep 05 00:38:33 2015
1.95, 0.00, 0.80, 0.00 , 3.880920E-006, -3.880520E-006, -2.318860E-010, -1.006480E-013, 2.150400E+004 1.570926E+074 2.150400E+004, Sat Sep 05 00:38:37 2015
2.00, 0.00, 0.80, 0.00 , 3.896600E-006, -3.896170E-006, -2.479449E-010, -8.959770E-014, 2.150400E+004 1.570926E+074 2.150400E+004, Sat Sep 05 00:38:41 2015
