2.00, 0.00, 2.00, 0.00 , 1.901480E-004, -1.901560E-004, 9.707145E-012, -8.429290E-014, 2.150400E+004 1.570926E+074 2.150400E+004, Thu Sep 10 20:29:50 2015
1.95, 0.00, 2.00, 0.00 , 1.896995E-004, -1.896780E-004, -6.098675E-012, -1.172300E-013, 2.150400E+004 1.570926E+074 2.150400E+004, Thu Sep 10 20:29:53 2015
1.90, 0.00, 2.00, 0.00 , 1.893020E-004, -1.892950E-004, -6.224464E-012, -9.977820E-014, 2.150400E+004 1.570926E+074 2.150400E+004, Thu Sep 10 20:29:57 2015
1.85, 0.00, 2.00, 0.00 , 1.887330E-004, -1.887700E-004, -4.715162E-012, -1.007560E-013, 2.150400E+004 1.570926E+074 2.150400E+004, Thu Sep 10 20:30:00 2015
1.80, 0.00, 2.00, 0.00 , 1.882286E-004, -1.882080E-004, -8.614215E-012, -1.075860E-013, 2.150400E+004 1.570926E+074 2.150400E+004, Thu Sep 10 20:30:04 2015
1.75, 0.00, 2.00, 0.00 , 1.877191E-004, -1.876870E-004, -7.985333E-012, -1.118060E-013, 2.150400E+004 1.570926E+074 2.150400E+004, Thu Sep 10 20:30:07 2015
1.70, 0.00, 2.00, 0.00 , 1.872056E-004, -1.871910E-004, -4.882861E-012, -1.019950E-013, 2.150400E+004 1.570926E+074 2.150400E+004, Thu Sep 10 20:30:11 2015
1.65, 0.00, 2.00, 0.00 , 1.867566E-004, -1.867340E-004, -7.398375E-012, -7.779600E-014, 2.150400E+004 1.570926E+074 2.150400E+004, Thu Sep 10 20:30:15 2015
1.60, 0.00, 2.00, 0.00 , 1.863847E-004, -1.863260E-004, -8.907682E-012, -1.128080E-013, 2.150400E+004 1.570926E+074 2.150400E+004, Thu Sep 10 20:30:18 2015
1.55, 0.00, 2.00, 0.00 , 1.860181E-004, -1.859400E-004, -1.142320E-011, -8.869170E-014, 2.150400E+004 1.570926E+074 2.150400E+004, Thu Sep 10 20:30:22 2015
1.50, 0.00, 2.00, 0.00 , 1.854326E-004, -1.854110E-004, -1.180053E-011, -1.103160E-013, 2.150400E+004 1.570926E+074 2.150400E+004, Thu Sep 10 20:30:25 2015
1.45, 0.00, 2.00, 0.00 , 1.848783E-004, -1.848600E-004, -1.008159E-011, -1.048560E-013, 2.150400E+004 1.570926E+074 2.150400E+004, Thu Sep 10 20:30:29 2015
1.40, 0.00, 2.00, 0.00 , 1.841953E-004, -1.841650E-004, -1.024930E-011, -9.288790E-014, 2.150400E+004 1.570926E+074 2.150400E+004, Thu Sep 10 20:30:32 2015
1.35, 0.00, 2.00, 0.00 , 1.832849E-004, -1.832360E-004, -1.083624E-011, -9.428260E-014, 2.150400E+004 1.570926E+074 2.150400E+004, Thu Sep 10 20:30:36 2015
1.30, 0.00, 2.00, 0.00 , 1.821266E-004, -1.821120E-004, -1.129742E-011, -9.676220E-014, 2.150400E+004 1.570926E+074 2.150400E+004, Thu Sep 10 20:30:39 2015
1.25, 0.00, 2.00, 0.00 , 1.807302E-004, -1.806960E-004, -6.140605E-012, -1.001000E-013, 2.150400E+004 1.570926E+074 2.150400E+004, Thu Sep 10 20:30:43 2015
1.20, 0.00, 2.00, 0.00 , 1.789351E-004, -1.788870E-004, -7.607996E-012, -9.782310E-014, 2.150400E+004 1.570926E+074 2.150400E+004, Thu Sep 10 20:30:47 2015
1.15, 0.00, 2.00, 0.00 , 1.767550E-004, -1.767110E-004, -2.954300E-012, -9.313820E-014, 2.150400E+004 1.570926E+074 2.150400E+004, Thu Sep 10 20:30:50 2015
1.10, 0.00, 2.00, 0.00 , 1.740971E-004, -1.740520E-004, -7.943401E-012, -8.971690E-014, 2.150400E+004 1.570926E+074 2.150400E+004, Thu Sep 10 20:30:54 2015
1.05, 0.00, 2.00, 0.00 , 1.709453E-004, -1.709070E-004, -9.117316E-012, -8.494850E-014, 2.150400E+004 1.570926E+074 2.150400E+004, Thu Sep 10 20:30:57 2015
1.00, 0.00, 2.00, 0.00 , 1.672707E-004, -1.672120E-004, -1.259711E-011, -9.429450E-014, 2.150400E+004 1.570926E+074 2.150400E+004, Thu Sep 10 20:31:01 2015
0.95, 0.00, 2.00, 0.00 , 1.630233E-004, -1.629760E-004, -9.410790E-012, -9.567740E-014, 2.150400E+004 1.570926E+074 2.150400E+004, Thu Sep 10 20:31:04 2015
0.90, 0.00, 2.00, 0.00 , 1.581185E-004, -1.580620E-004, -1.129742E-011, -1.076220E-013, 2.150400E+004 1.570926E+074 2.150400E+004, Thu Sep 10 20:31:08 2015
0.85, 0.00, 2.00, 0.00 , 1.525621E-004, -1.525410E-004, -6.350240E-012, -9.734630E-014, 2.150400E+004 1.570926E+074 2.150400E+004, Thu Sep 10 20:31:11 2015
0.80, 0.00, 2.00, 0.00 , 1.463858E-004, -1.463540E-004, -1.083625E-011, -1.221660E-013, 2.150400E+004 1.570926E+074 2.150400E+004, Thu Sep 10 20:31:15 2015
0.75, 0.00, 2.00, 0.00 , 1.395755E-004, -1.395440E-004, -5.637510E-012, -9.466410E-014, 2.150400E+004 1.570926E+074 2.150400E+004, Thu Sep 10 20:31:18 2015
0.70, 0.00, 2.00, 0.00 , 1.321085E-004, -1.320700E-004, -8.236878E-012, -8.401870E-014, 2.150400E+004 1.570926E+074 2.150400E+004, Thu Sep 10 20:31:22 2015
0.65, 0.00, 2.00, 0.00 , 1.239853E-004, -1.239640E-004, -8.949608E-012, -1.181840E-013, 2.150400E+004 1.570926E+074 2.150400E+004, Thu Sep 10 20:31:26 2015
0.60, 0.00, 2.00, 0.00 , 1.152503E-004, -1.152110E-004, 9.790994E-012, -1.016380E-013, 2.150400E+004 1.570926E+074 2.150400E+004, Thu Sep 10 20:31:29 2015
0.55, 0.00, 2.00, 0.00 , 1.059018E-004, -1.058750E-004, -3.876646E-012, -9.891990E-014, 2.150400E+004 1.570926E+074 2.150400E+004, Thu Sep 10 20:31:33 2015
0.50, 0.00, 2.00, 0.00 , 9.605680E-005, -9.600650E-005, -8.907678E-012, -9.934900E-014, 2.150400E+004 1.570926E+074 2.150400E+004, Thu Sep 10 20:31:36 2015
0.45, 0.00, 2.00, 0.00 , 8.568987E-005, -8.565040E-005, -1.276481E-011, -1.034620E-013, 2.150400E+004 1.570926E+074 2.150400E+004, Thu Sep 10 20:31:40 2015
0.40, 0.00, 2.00, 0.00 , 7.482109E-005, -7.477890E-005, -8.698055E-012, -1.086830E-013, 2.150400E+004 1.570926E+074 2.150400E+004, Thu Sep 10 20:31:43 2015
0.35, 0.00, 2.00, 0.00 , 6.355008E-005, -6.352120E-005, -1.066856E-011, -1.012440E-013, 2.150400E+004 1.570926E+074 2.150400E+004, Thu Sep 10 20:31:47 2015
0.30, 0.00, 2.00, 0.00 , 5.194904E-005, -5.191920E-005, -9.452717E-012, -7.580520E-014, 2.150400E+004 1.570926E+074 2.150400E+004, Thu Sep 10 20:31:50 2015
0.25, 0.00, 2.00, 0.00 , 4.005848E-005, -4.002250E-005, -7.733775E-012, -7.988210E-014, 2.150400E+004 1.570926E+074 2.150400E+004, Thu Sep 10 20:31:54 2015
0.20, 0.00, 2.00, 0.00 , 2.813527E-005, -2.811940E-005, -6.224460E-012, -9.818080E-014, 2.150400E+004 1.570926E+074 2.150400E+004, Thu Sep 10 20:31:58 2015
0.15, 0.00, 2.00, 0.00 , 1.683515E-005, -1.681610E-005, -7.356438E-012, -9.984970E-014, 2.150400E+004 1.570926E+074 2.150400E+004, Thu Sep 10 20:32:01 2015
0.10, 0.00, 2.00, 0.00 , 7.597819E-006, -7.582670E-006, -1.020737E-011, -1.175760E-013, 2.150400E+004 1.570926E+074 2.150400E+004, Thu Sep 10 20:32:05 2015
0.05, 0.00, 2.00, 0.00 , 1.743208E-006, -1.735580E-006, -1.058468E-011, -9.776350E-014, 2.150400E+004 1.570926E+074 2.150400E+004, Thu Sep 10 20:32:08 2015
0.00, 0.00, 2.00, 0.00 , 5.992398E-009, -5.900260E-009, -9.662339E-012, -8.816720E-014, 2.150400E+004 1.570926E+074 2.150400E+004, Thu Sep 10 20:32:14 2015
