0.00, 0.00, 1.60, 0.00 , 1.326589E-008, -1.457090E-008, 1.163777E-009, -1.006960E-013, 2.150400E+004 1.570926E+074 2.150400E+004, Sat Sep 05 00:41:25 2015
0.05, 0.00, 1.60, 0.00 , 6.719635E-006, -6.721150E-006, 1.034188E-009, -1.136900E-013, 2.150400E+004 1.570926E+074 2.150400E+004, Sat Sep 05 00:41:28 2015
0.10, 0.00, 1.60, 0.00 , 1.311555E-005, -1.312440E-005, 9.570029E-010, -1.066920E-013, 2.150400E+004 1.570926E+074 2.150400E+004, Sat Sep 05 00:41:32 2015
0.15, 0.00, 1.60, 0.00 , 1.917588E-005, -1.917950E-005, 8.840112E-010, -9.617810E-014, 2.150400E+004 1.570926E+074 2.150400E+004, Sat Sep 05 00:41:36 2015
0.20, 0.00, 1.60, 0.00 , 2.489405E-005, -2.489540E-005, 8.362168E-010, -9.458070E-014, 2.150400E+004 1.570926E+074 2.150400E+004, Sat Sep 05 00:41:39 2015
0.25, 0.00, 1.60, 0.00 , 3.026630E-005, -3.026940E-005, 7.530380E-010, -9.589200E-014, 2.150400E+004 1.570926E+074 2.150400E+004, Sat Sep 05 00:41:43 2015
0.30, 0.00, 1.60, 0.00 , 3.530721E-005, -3.530610E-005, 7.359736E-010, -7.596020E-014, 2.150400E+004 1.570926E+074 2.150400E+004, Sat Sep 05 00:41:46 2015
0.35, 0.00, 1.60, 0.00 , 3.999216E-005, -3.998900E-005, 7.056628E-010, -9.976630E-014, 2.150400E+004 1.570926E+074 2.150400E+004, Sat Sep 05 00:41:50 2015
0.40, 0.00, 1.60, 0.00 , 4.431588E-005, -4.431490E-005, 6.840292E-010, -1.035690E-013, 2.150400E+004 1.570926E+074 2.150400E+004, Sat Sep 05 00:41:53 2015
0.45, 0.00, 1.60, 0.00 , 4.827683E-005, -4.828000E-005, 6.445356E-010, -9.173150E-014, 2.150400E+004 1.570926E+074 2.150400E+004, Sat Sep 05 00:41:57 2015
0.50, 0.00, 1.60, 0.00 , 5.186686E-005, -5.186500E-005, 6.304488E-010, -8.139610E-014, 2.150400E+004 1.570926E+074 2.150400E+004, Sat Sep 05 00:42:00 2015
0.55, 0.00, 1.60, 0.00 , 5.511473E-005, -5.511280E-005, 6.129667E-010, -8.912090E-014, 2.150400E+004 1.570926E+074 2.150400E+004, Sat Sep 05 00:42:04 2015
0.60, 0.00, 1.60, 0.00 , 5.801006E-005, -5.800860E-005, 5.704962E-010, -1.230000E-013, 2.150400E+004 1.570926E+074 2.150400E+004, Sat Sep 05 00:42:07 2015
0.65, 0.00, 1.60, 0.00 , 6.055659E-005, -6.054630E-005, 5.437058E-010, -9.076600E-014, 2.150400E+004 1.570926E+074 2.150400E+004, Sat Sep 05 00:42:11 2015
0.70, 0.00, 1.60, 0.00 , 6.276513E-005, -6.276730E-005, 5.239177E-010, -8.426900E-014, 2.150400E+004 1.570926E+074 2.150400E+004, Sat Sep 05 00:42:15 2015
0.75, 0.00, 1.60, 0.00 , 6.465209E-005, -6.463170E-005, 5.044642E-010, -1.001830E-013, 2.150400E+004 1.570926E+074 2.150400E+004, Sat Sep 05 00:42:18 2015
0.80, 0.00, 1.60, 0.00 , 6.622244E-005, -6.621450E-005, 4.783450E-010, -1.185420E-013, 2.150400E+004 1.570926E+074 2.150400E+004, Sat Sep 05 00:42:22 2015
0.85, 0.00, 1.60, 0.00 , 6.749162E-005, -6.748380E-005, 4.589756E-010, -8.276700E-014, 2.150400E+004 1.570926E+074 2.150400E+004, Sat Sep 05 00:42:25 2015
0.90, 0.00, 1.60, 0.00 , 6.852874E-005, -6.852730E-005, 4.250161E-010, -9.287600E-014, 2.150400E+004 1.570926E+074 2.150400E+004, Sat Sep 05 00:42:29 2015
0.95, 0.00, 1.60, 0.00 , 6.933484E-005, -6.932160E-005, 4.205303E-010, -8.218290E-014, 2.150400E+004 1.570926E+074 2.150400E+004, Sat Sep 05 00:42:32 2015
1.00, 0.00, 1.60, 0.00 , 6.996148E-005, -6.994440E-005, 3.853552E-010, -8.083580E-014, 2.150400E+004 1.570926E+074 2.150400E+004, Sat Sep 05 00:42:36 2015
1.05, 0.00, 1.60, 0.00 , 7.042327E-005, -7.041410E-005, 3.663631E-010, -8.400680E-014, 2.150400E+004 1.570926E+074 2.150400E+004, Sat Sep 05 00:42:39 2015
1.10, 0.00, 1.60, 0.00 , 7.077623E-005, -7.076590E-005, 3.657344E-010, -8.739230E-014, 2.150400E+004 1.570926E+074 2.150400E+004, Sat Sep 05 00:42:43 2015
1.15, 0.00, 1.60, 0.00 , 7.102300E-005, -7.103340E-005, 3.439753E-010, -1.269340E-013, 2.150400E+004 1.570926E+074 2.150400E+004, Sat Sep 05 00:42:46 2015
1.20, 0.00, 1.60, 0.00 , 7.126317E-005, -7.124570E-005, 3.075004E-010, -1.042490E-013, 2.150400E+004 1.570926E+074 2.150400E+004, Sat Sep 05 00:42:50 2015
1.25, 0.00, 1.60, 0.00 , 7.146176E-005, -7.144520E-005, 2.934972E-010, -7.880930E-014, 2.150400E+004 1.570926E+074 2.150400E+004, Sat Sep 05 00:42:54 2015
1.30, 0.00, 1.60, 0.00 , 7.162004E-005, -7.160780E-005, 2.819680E-010, -1.004220E-013, 2.150400E+004 1.570926E+074 2.150400E+004, Sat Sep 05 00:42:57 2015
1.35, 0.00, 1.60, 0.00 , 7.175140E-005, -7.174550E-005, 2.624728E-010, -9.013410E-014, 2.150400E+004 1.570926E+074 2.150400E+004, Sat Sep 05 00:43:01 2015
1.40, 0.00, 1.60, 0.00 , 7.186773E-005, -7.183930E-005, 2.532075E-010, -1.117940E-013, 2.150400E+004 1.570926E+074 2.150400E+004, Sat Sep 05 00:43:04 2015
1.45, 0.00, 1.60, 0.00 , 7.198257E-005, -7.197320E-005, 2.451579E-010, -8.679630E-014, 2.150400E+004 1.570926E+074 2.150400E+004, Sat Sep 05 00:43:08 2015
1.50, 0.00, 1.60, 0.00 , 7.209693E-005, -7.207560E-005, 2.188709E-010, -7.450580E-014, 2.150400E+004 1.570926E+074 2.150400E+004, Sat Sep 05 00:43:11 2015
1.55, 0.00, 1.60, 0.00 , 7.220237E-005, -7.218250E-005, 1.956442E-010, -8.784530E-014, 2.150400E+004 1.570926E+074 2.150400E+004, Sat Sep 05 00:43:15 2015
1.60, 0.00, 1.60, 0.00 , 7.229186E-005, -7.228710E-005, 1.796291E-010, -8.714200E-014, 2.150400E+004 1.570926E+074 2.150400E+004, Sat Sep 05 00:43:18 2015
1.65, 0.00, 1.60, 0.00 , 7.239513E-005, -7.238280E-005, 1.697349E-010, -8.645060E-014, 2.150400E+004 1.570926E+074 2.150400E+004, Sat Sep 05 00:43:22 2015
1.70, 0.00, 1.60, 0.00 , 7.247864E-005, -7.247380E-005, 1.688124E-010, -1.005770E-013, 2.150400E+004 1.570926E+074 2.150400E+004, Sat Sep 05 00:43:25 2015
1.75, 0.00, 1.60, 0.00 , 7.259751E-005, -7.256970E-005, 1.523360E-010, -1.056190E-013, 2.150400E+004 1.570926E+074 2.150400E+004, Sat Sep 05 00:43:29 2015
1.80, 0.00, 1.60, 0.00 , 7.267324E-005, -7.266330E-005, 1.337211E-010, -7.101300E-014, 2.150400E+004 1.570926E+074 2.150400E+004, Sat Sep 05 00:43:33 2015
1.85, 0.00, 1.60, 0.00 , 7.277840E-005, -7.277240E-005, 1.323376E-010, -1.125570E-013, 2.150400E+004 1.570926E+074 2.150400E+004, Sat Sep 05 00:43:36 2015
1.90, 0.00, 1.60, 0.00 , 7.287123E-005, -7.285360E-005, 1.071827E-010, -1.204010E-013, 2.150400E+004 1.570926E+074 2.150400E+004, Sat Sep 05 00:43:40 2015
1.95, 0.00, 1.60, 0.00 , 7.298886E-005, -7.298900E-005, 9.393433E-011, -1.101370E-013, 2.150400E+004 1.570926E+074 2.150400E+004, Sat Sep 05 00:43:43 2015
2.00, 0.00, 1.60, 0.00 , 7.310449E-005, -7.309940E-005, 8.647168E-011, -1.012330E-013, 2.150400E+004 1.570926E+074 2.150400E+004, Sat Sep 05 00:43:47 2015
