1.75, 1.80, 1.80, 1.80 , 1.408412E-010, 1.175220E-010, 2.192355E-009, 5.363940E-010, 2.150400E+004 1.570926E+074 2.150400E+004, Sun Aug 16 22:47:12 2015
1.75, 1.80, 1.78, 1.80 , 9.725294E-011, 8.353360E-011, 1.641841E-009, 5.410590E-010, 2.150400E+004 1.570926E+074 2.150400E+004, Sun Aug 16 22:47:25 2015
1.75, 1.80, 1.76, 1.80 , 9.349748E-011, 7.865110E-011, 1.482234E-009, 5.928570E-010, 2.150400E+004 1.570926E+074 2.150400E+004, Sun Aug 16 22:47:31 2015
1.75, 1.80, 1.74, 1.80 , 9.860326E-011, 7.963600E-011, 1.316212E-009, 6.579570E-010, 2.150400E+004 1.570926E+074 2.150400E+004, Sun Aug 16 22:47:36 2015
1.75, 1.80, 1.72, 1.80 , 9.497431E-011, 7.638340E-011, 1.200456E-009, 6.914120E-010, 2.150400E+004 1.570926E+074 2.150400E+004, Sun Aug 16 22:47:47 2015
1.75, 1.80, 1.70, 1.80 , 9.303339E-011, 7.748790E-011, 1.086294E-009, 7.444890E-010, 2.150400E+004 1.570926E+074 2.150400E+004, Sun Aug 16 22:47:52 2015
1.75, 1.80, 1.68, 1.80 , 9.518537E-011, 7.906580E-011, 9.557406E-010, 8.034460E-010, 2.150400E+004 1.570926E+074 2.150400E+004, Sun Aug 16 22:47:59 2015
1.75, 1.80, 1.66, 1.80 , 9.522760E-011, 8.107970E-011, 8.441793E-010, 8.802770E-010, 2.150400E+004 1.570926E+074 2.150400E+004, Sun Aug 16 22:48:11 2015
1.75, 1.80, 1.64, 1.80 , 1.019367E-010, 7.963040E-011, 7.254889E-010, 9.355490E-010, 2.150400E+004 1.570926E+074 2.150400E+004, Sun Aug 16 22:48:19 2015
1.75, 1.80, 1.62, 1.80 , 1.034979E-010, 8.259320E-011, 6.356864E-010, 9.942950E-010, 2.150400E+004 1.570926E+074 2.150400E+004, Sun Aug 16 22:48:34 2015
1.75, 1.80, 1.60, 1.80 , 1.091522E-010, 8.416510E-011, 5.222377E-010, 1.074070E-009, 2.150400E+004 1.570926E+074 2.150400E+004, Sun Aug 16 22:48:38 2015
1.75, 1.80, 1.58, 1.80 , 9.974247E-011, 8.343490E-011, 4.194806E-010, 1.144570E-009, 2.150400E+004 1.570926E+074 2.150400E+004, Sun Aug 16 22:48:52 2015
1.75, 1.80, 1.56, 1.80 , 1.027384E-010, 8.330850E-011, 3.070377E-010, 1.217290E-009, 2.150400E+004 1.570926E+074 2.150400E+004, Sun Aug 16 22:49:02 2015
1.75, 1.80, 1.54, 1.80 , 1.189416E-010, 8.491800E-011, 9.460457E-011, 1.306920E-009, 2.150400E+004 1.570926E+074 2.150400E+004, Sun Aug 16 22:49:11 2015
1.75, 1.80, 1.52, 1.80 , 1.214733E-010, 8.852540E-011, -9.293212E-011, 1.444040E-009, 2.150400E+004 1.570926E+074 2.150400E+004, Sun Aug 16 22:49:15 2015
1.75, 1.80, 1.50, 1.80 , 1.282247E-010, 9.272540E-011, -1.712135E-010, 1.562180E-009, 2.150400E+004 1.570926E+074 2.150400E+004, Sun Aug 16 22:49:20 2015
1.75, 1.80, 1.48, 1.80 , 1.378454E-010, 9.375270E-011, -3.987203E-010, 1.691970E-009, 2.150400E+004 1.570926E+074 2.150400E+004, Sun Aug 16 22:49:24 2015
1.75, 1.80, 1.46, 1.80 , 1.258195E-010, 9.294930E-011, -5.893299E-010, 1.811910E-009, 2.150400E+004 1.570926E+074 2.150400E+004, Sun Aug 16 22:49:34 2015
1.75, 1.80, 1.44, 1.80 , 1.166630E-010, 9.843850E-011, -7.355780E-010, 1.944820E-009, 2.150400E+004 1.570926E+074 2.150400E+004, Sun Aug 16 22:49:50 2015
1.75, 1.80, 1.42, 1.80 , 1.271277E-010, 9.965080E-011, -9.130215E-010, 2.073590E-009, 2.150400E+004 1.570926E+074 2.150400E+004, Sun Aug 16 22:50:01 2015
1.75, 1.80, 1.40, 1.80 , 1.216422E-010, 1.111270E-010, -1.131556E-009, 2.272930E-009, 2.150400E+004 1.570926E+074 2.150400E+004, Sun Aug 16 22:50:14 2015
1.75, 1.80, 1.38, 1.80 , 1.329507E-010, 1.147220E-010, -1.272060E-009, 2.414140E-009, 2.150400E+004 1.570926E+074 2.150400E+004, Sun Aug 16 22:50:27 2015
1.75, 1.80, 1.36, 1.80 , 1.219797E-010, 1.354870E-010, -1.500447E-009, 2.637630E-009, 2.150400E+004 1.570926E+074 2.150400E+004, Sun Aug 16 22:50:56 2015
1.75, 1.80, 1.34, 1.80 , 9.058602E-011, 1.753390E-010, -1.730259E-009, 2.917830E-009, 2.150400E+004 1.570926E+074 2.150400E+004, Sun Aug 16 22:51:09 2015
1.75, 1.80, 1.32, 1.80 , 2.817844E-011, 2.469450E-010, -1.940996E-009, 3.068230E-009, 2.150400E+004 1.570926E+074 2.150400E+004, Sun Aug 16 22:51:24 2015
1.75, 1.80, 1.30, 1.80 , -9.769977E-011, 3.747680E-010, -2.227328E-009, 3.336580E-009, 2.150400E+004 1.570926E+074 2.150400E+004, Sun Aug 16 22:51:28 2015
1.75, 1.80, 1.28, 1.80 , -3.359145E-010, 6.096110E-010, -2.660246E-009, 3.662810E-009, 2.150400E+004 1.570926E+074 2.150400E+004, Sun Aug 16 22:51:36 2015
1.75, 1.80, 1.26, 1.80 , -7.523789E-010, 1.059580E-009, -2.622217E-009, 3.682680E-009, 2.150400E+004 1.570926E+074 2.150400E+004, Sun Aug 16 22:51:40 2015
1.75, 1.80, 1.24, 1.80 , -1.556909E-009, 1.846430E-009, -1.956719E-009, 2.998630E-009, 2.150400E+004 1.570926E+074 2.150400E+004, Sun Aug 16 22:51:42 2015
1.75, 1.80, 1.22, 1.80 , -2.878756E-009, 3.176460E-009, -3.395012E-009, 4.422080E-009, 2.150400E+004 1.570926E+074 2.150400E+004, Sun Aug 16 22:51:45 2015
1.75, 1.80, 1.20, 1.80 , -5.140722E-009, 5.444460E-009, -3.714717E-009, 4.755430E-009, 2.150400E+004 1.570926E+074 2.150400E+004, Sun Aug 16 22:51:47 2015
1.75, 1.80, 1.18, 1.80 , -8.796746E-009, 9.052800E-009, -4.089435E-009, 5.084830E-009, 2.150400E+004 1.570926E+074 2.150400E+004, Sun Aug 16 22:51:50 2015
1.75, 1.80, 1.16, 1.80 , -1.442671E-008, 1.473840E-008, -4.459712E-009, 5.488280E-009, 2.150400E+004 1.570926E+074 2.150400E+004, Sun Aug 16 22:51:53 2015
1.75, 1.80, 1.14, 1.80 , -2.283449E-008, 2.310010E-008, -4.338832E-009, 5.346210E-009, 2.150400E+004 1.570926E+074 2.150400E+004, Sun Aug 16 22:51:55 2015
1.75, 1.80, 1.12, 1.80 , -3.452735E-008, 3.502570E-008, -5.233808E-009, 6.258500E-009, 2.150400E+004 1.570926E+074 2.150400E+004, Sun Aug 16 22:51:58 2015
1.75, 1.80, 1.10, 1.80 , -5.084048E-008, 5.116820E-008, -6.008780E-009, 7.038890E-009, 2.150400E+004 1.570926E+074 2.150400E+004, Sun Aug 16 22:52:00 2015
1.75, 1.80, 1.08, 1.80 , -7.143079E-008, 7.191070E-008, -6.068952E-009, 7.064670E-009, 2.150400E+004 1.570926E+074 2.150400E+004, Sun Aug 16 22:52:02 2015
1.75, 1.80, 1.06, 1.80 , -9.732976E-008, 9.798160E-008, -6.562921E-009, 7.614070E-009, 2.150400E+004 1.570926E+074 2.150400E+004, Sun Aug 16 22:52:05 2015
1.75, 1.80, 1.04, 1.80 , -1.287339E-007, 1.293120E-007, -7.451638E-009, 8.409840E-009, 2.150400E+004 1.570926E+074 2.150400E+004, Sun Aug 16 22:52:07 2015
1.75, 1.80, 1.02, 1.80 , -1.658065E-007, 1.657540E-007, -7.507996E-009, 8.596850E-009, 2.150400E+004 1.570926E+074 2.150400E+004, Sun Aug 16 22:52:10 2015
1.75, 1.80, 1.00, 1.80 , -2.077162E-007, 2.067660E-007, -8.038442E-009, 9.016960E-009, 2.150400E+004 1.570926E+074 2.150400E+004, Sun Aug 16 22:52:12 2015
1.75, 1.80, 0.98, 1.80 , -2.562070E-007, 2.557300E-007, -8.700170E-009, 9.534500E-009, 2.150400E+004 1.570926E+074 2.150400E+004, Sun Aug 16 22:52:15 2015
1.75, 1.80, 0.96, 1.80 , -3.103227E-007, 3.109750E-007, -9.288348E-009, 1.016820E-008, 2.150400E+004 1.570926E+074 2.150400E+004, Sun Aug 16 22:52:17 2015
1.75, 1.80, 0.94, 1.80 , -3.700486E-007, 3.707760E-007, -9.709941E-009, 1.065200E-008, 2.150400E+004 1.570926E+074 2.150400E+004, Sun Aug 16 22:52:20 2015
1.75, 1.80, 0.92, 1.80 , -4.320726E-007, 4.333380E-007, -1.041774E-008, 1.120520E-008, 2.150400E+004 1.570926E+074 2.150400E+004, Sun Aug 16 22:52:22 2015
1.75, 1.80, 0.90, 1.80 , -5.008175E-007, 5.041360E-007, -9.646410E-009, 1.051060E-008, 2.150400E+004 1.570926E+074 2.150400E+004, Sun Aug 16 22:52:24 2015
1.75, 1.80, 0.88, 1.80 , -5.764308E-007, 5.766550E-007, -1.161746E-008, 1.261870E-008, 2.150400E+004 1.570926E+074 2.150400E+004, Sun Aug 16 22:52:27 2015
1.75, 1.80, 0.86, 1.80 , -6.525934E-007, 6.536310E-007, -1.311534E-008, 1.317990E-008, 2.150400E+004 1.570926E+074 2.150400E+004, Sun Aug 16 22:52:29 2015
1.75, 1.80, 0.84, 1.80 , -7.343563E-007, 7.334470E-007, -1.305591E-008, 1.396200E-008, 2.150400E+004 1.570926E+074 2.150400E+004, Sun Aug 16 22:52:31 2015
1.75, 1.80, 0.82, 1.80 , -8.150040E-007, 8.152120E-007, -1.372235E-008, 1.450370E-008, 2.150400E+004 1.570926E+074 2.150400E+004, Sun Aug 16 22:52:34 2015
1.75, 1.80, 0.80, 1.80 , -8.976641E-007, 8.985280E-007, -1.256979E-008, 1.357810E-008, 2.150400E+004 1.570926E+074 2.150400E+004, Sun Aug 16 22:52:36 2015
1.75, 1.80, 0.78, 1.80 , -9.799982E-007, 9.812630E-007, -1.535634E-008, 1.613760E-008, 2.150400E+004 1.570926E+074 2.150400E+004, Sun Aug 16 22:52:39 2015
1.75, 1.80, 0.76, 1.80 , -1.064799E-006, 1.064770E-006, -1.595841E-008, 1.680070E-008, 2.150400E+004 1.570926E+074 2.150400E+004, Sun Aug 16 22:52:41 2015
1.75, 1.80, 0.74, 1.80 , -1.148070E-006, 1.146680E-006, -1.697826E-008, 1.792310E-008, 2.150400E+004 1.570926E+074 2.150400E+004, Sun Aug 16 22:52:43 2015
1.75, 1.80, 0.72, 1.80 , -1.228507E-006, 1.226510E-006, -1.617134E-008, 1.625210E-008, 2.150400E+004 1.570926E+074 2.150400E+004, Sun Aug 16 22:52:46 2015
1.75, 1.80, 0.70, 1.80 , -1.309052E-006, 1.311070E-006, -1.624797E-008, 1.712090E-008, 2.150400E+004 1.570926E+074 2.150400E+004, Sun Aug 16 22:52:48 2015
1.75, 1.80, 0.68, 1.80 , -1.386626E-006, 1.388940E-006, -1.945232E-008, 2.000450E-008, 2.150400E+004 1.570926E+074 2.150400E+004, Sun Aug 16 22:52:51 2015
1.75, 1.80, 0.66, 1.80 , -1.467311E-006, 1.468120E-006, -2.011563E-008, 2.081760E-008, 2.150400E+004 1.570926E+074 2.150400E+004, Sun Aug 16 22:52:53 2015
1.75, 1.80, 0.64, 1.80 , -1.546523E-006, 1.545100E-006, -1.859656E-008, 1.963060E-008, 2.150400E+004 1.570926E+074 2.150400E+004, Sun Aug 16 22:52:55 2015
1.75, 1.80, 0.62, 1.80 , -1.621176E-006, 1.620930E-006, -1.931998E-008, 2.013940E-008, 2.150400E+004 1.570926E+074 2.150400E+004, Sun Aug 16 22:52:58 2015
1.75, 1.80, 0.60, 1.80 , -1.696796E-006, 1.696880E-006, -2.288614E-008, 2.344090E-008, 2.150400E+004 1.570926E+074 2.150400E+004, Sun Aug 16 22:53:00 2015
1.75, 1.80, 0.58, 1.80 , -1.769877E-006, 1.768550E-006, -2.390650E-008, 2.441530E-008, 2.150400E+004 1.570926E+074 2.150400E+004, Sun Aug 16 22:53:02 2015
1.75, 1.80, 0.56, 1.80 , -1.840855E-006, 1.839970E-006, -2.499127E-008, 2.634140E-008, 2.150400E+004 1.570926E+074 2.150400E+004, Sun Aug 16 22:53:05 2015
1.75, 1.80, 0.54, 1.80 , -1.912930E-006, 1.912990E-006, -2.553493E-008, 2.620410E-008, 2.150400E+004 1.570926E+074 2.150400E+004, Sun Aug 16 22:53:07 2015
1.75, 1.80, 0.52, 1.80 , -1.980419E-006, 1.980530E-006, -2.757611E-008, 2.855180E-008, 2.150400E+004 1.570926E+074 2.150400E+004, Sun Aug 16 22:53:09 2015
1.75, 1.80, 0.50, 1.80 , -2.047544E-006, 2.048720E-006, -2.754296E-008, 2.874900E-008, 2.150400E+004 1.570926E+074 2.150400E+004, Sun Aug 16 22:53:12 2015
1.75, 1.80, 0.48, 1.80 , -2.118273E-006, 2.120200E-006, -2.857429E-008, 2.905860E-008, 2.150400E+004 1.570926E+074 2.150400E+004, Sun Aug 16 22:53:14 2015
1.75, 1.80, 0.46, 1.80 , -2.179151E-006, 2.176790E-006, -2.929881E-008, 3.080060E-008, 2.150400E+004 1.570926E+074 2.150400E+004, Sun Aug 16 22:53:16 2015
1.75, 1.80, 0.44, 1.80 , -2.246292E-006, 2.244240E-006, -3.130076E-008, 3.143970E-008, 2.150400E+004 1.570926E+074 2.150400E+004, Sun Aug 16 22:53:19 2015
1.75, 1.80, 0.42, 1.80 , -2.308488E-006, 2.308840E-006, -3.324499E-008, 3.233820E-008, 2.150400E+004 1.570926E+074 2.150400E+004, Sun Aug 16 22:53:21 2015
1.75, 1.80, 0.40, 1.80 , -2.370252E-006, 2.375670E-006, -3.314934E-008, 3.522350E-008, 2.150400E+004 1.570926E+074 2.150400E+004, Sun Aug 16 22:53:24 2015
1.75, 1.80, 0.38, 1.80 , -2.433889E-006, 2.435450E-006, -4.019099E-008, 3.892140E-008, 2.150400E+004 1.570926E+074 2.150400E+004, Sun Aug 16 22:53:26 2015
1.75, 1.80, 0.36, 1.80 , -2.495744E-006, 2.495190E-006, -4.261877E-008, 4.178440E-008, 2.150400E+004 1.570926E+074 2.150400E+004, Sun Aug 16 22:53:28 2015
1.75, 1.80, 0.34, 1.80 , -2.551918E-006, 2.553690E-006, -4.296800E-008, 4.473620E-008, 2.150400E+004 1.570926E+074 2.150400E+004, Sun Aug 16 22:53:31 2015
1.75, 1.80, 0.32, 1.80 , -2.610116E-006, 2.611330E-006, -4.303525E-008, 4.273780E-008, 2.150400E+004 1.570926E+074 2.150400E+004, Sun Aug 16 22:53:33 2015
1.75, 1.80, 0.30, 1.80 , -2.669228E-006, 2.671040E-006, -4.908056E-008, 3.996730E-008, 2.150400E+004 1.570926E+074 2.150400E+004, Sun Aug 16 22:53:35 2015
1.75, 1.80, 0.28, 1.80 , -2.728851E-006, 2.727720E-006, -4.270800E-008, 4.242010E-008, 2.150400E+004 1.570926E+074 2.150400E+004, Sun Aug 16 22:53:38 2015
1.75, 1.80, 0.26, 1.80 , -2.783548E-006, 2.785090E-006, -4.440643E-008, 4.379310E-008, 2.150400E+004 1.570926E+074 2.150400E+004, Sun Aug 16 22:53:40 2015
1.75, 1.80, 0.24, 1.80 , -2.837902E-006, 2.837420E-006, -4.812729E-008, 4.656130E-008, 2.150400E+004 1.570926E+074 2.150400E+004, Sun Aug 16 22:53:43 2015
1.75, 1.80, 0.22, 1.80 , -2.891902E-006, 2.893280E-006, -5.092966E-008, 5.013970E-008, 2.150400E+004 1.570926E+074 2.150400E+004, Sun Aug 16 22:53:45 2015
1.75, 1.80, 0.20, 1.80 , -2.944092E-006, 2.948060E-006, -5.312288E-008, 5.234950E-008, 2.150400E+004 1.570926E+074 2.150400E+004, Sun Aug 16 22:53:47 2015
1.75, 1.80, 0.18, 1.80 , -2.997588E-006, 2.998590E-006, -5.975733E-008, 5.808020E-008, 2.150400E+004 1.570926E+074 2.150400E+004, Sun Aug 16 22:53:50 2015
1.75, 1.80, 0.16, 1.80 , -3.048939E-006, 3.047720E-006, -6.517445E-008, 6.195910E-008, 2.150400E+004 1.570926E+074 2.150400E+004, Sun Aug 16 22:53:52 2015
1.75, 1.80, 0.14, 1.80 , -3.101867E-006, 3.101410E-006, -7.201615E-008, 6.989500E-008, 2.150400E+004 1.570926E+074 2.150400E+004, Sun Aug 16 22:53:54 2015
1.75, 1.80, 0.12, 1.80 , -3.149384E-006, 3.155340E-006, -7.811652E-008, 7.245360E-008, 2.150400E+004 1.570926E+074 2.150400E+004, Sun Aug 16 22:53:57 2015
1.75, 1.80, 0.10, 1.80 , -3.199657E-006, 3.205610E-006, -8.726170E-008, 8.360830E-008, 2.150400E+004 1.570926E+074 2.150400E+004, Sun Aug 16 22:53:59 2015
1.75, 1.80, 0.08, 1.80 , -3.246947E-006, 3.250950E-006, -1.064843E-007, 9.988510E-008, 2.150400E+004 1.570926E+074 2.150400E+004, Sun Aug 16 22:54:01 2015
1.75, 1.80, 0.06, 1.80 , -3.296354E-006, 3.303580E-006, -1.144489E-007, 1.108560E-007, 2.150400E+004 1.570926E+074 2.150400E+004, Sun Aug 16 22:54:04 2015
1.75, 1.80, 0.04, 1.80 , -3.345825E-006, 3.352140E-006, -1.086746E-007, 1.030290E-007, 2.150400E+004 1.570926E+074 2.150400E+004, Sun Aug 16 22:54:06 2015
1.75, 1.80, 0.02, 1.80 , -3.391650E-006, 3.402630E-006, -1.179498E-007, 1.126600E-007, 2.150400E+004 1.570926E+074 2.150400E+004, Sun Aug 16 22:54:09 2015
1.75, 1.80, 0.00, 1.80 , -3.440595E-006, 3.449450E-006, -1.258246E-007, 1.173700E-007, 2.150400E+004 1.570926E+074 2.150400E+004, Sun Aug 16 22:54:11 2015
1.75, 1.80, -0.02, 1.80 , -3.488280E-006, 3.496070E-006, -1.363129E-007, 1.278660E-007, 2.150400E+004 1.570926E+074 2.150400E+004, Sun Aug 16 22:54:13 2015
1.75, 1.80, -0.04, 1.80 , -3.534389E-006, 3.541480E-006, -1.454402E-007, 1.404000E-007, 2.150400E+004 1.570926E+074 2.150400E+004, Sun Aug 16 22:54:16 2015
1.75, 1.80, -0.06, 1.80 , -3.579767E-006, 3.588160E-006, -1.496481E-007, 1.401460E-007, 2.150400E+004 1.570926E+074 2.150400E+004, Sun Aug 16 22:54:18 2015
1.75, 1.80, -0.08, 1.80 , -3.625542E-006, 3.636150E-006, -1.682997E-007, 1.581170E-007, 2.150400E+004 1.570926E+074 2.150400E+004, Sun Aug 16 22:54:20 2015
1.75, 1.80, -0.10, 1.80 , -3.674309E-006, 3.683570E-006, -1.784354E-007, 1.696240E-007, 2.150400E+004 1.570926E+074 2.150400E+004, Sun Aug 16 22:54:23 2015
1.75, 1.80, -0.12, 1.80 , -3.721507E-006, 3.733960E-006, -1.977010E-007, 1.873170E-007, 2.150400E+004 1.570926E+074 2.150400E+004, Sun Aug 16 22:54:25 2015
1.75, 1.80, -0.14, 1.80 , -3.770935E-006, 3.781290E-006, -2.338608E-007, 2.324700E-007, 2.150400E+004 1.570926E+074 2.150400E+004, Sun Aug 16 22:54:27 2015
1.75, 1.80, -0.16, 1.80 , -3.813636E-006, 3.824090E-006, -2.446527E-007, 2.217280E-007, 2.150400E+004 1.570926E+074 2.150400E+004, Sun Aug 16 22:54:30 2015
1.75, 1.80, -0.18, 1.80 , -3.858155E-006, 3.871470E-006, -2.569608E-007, 2.654520E-007, 2.150400E+004 1.570926E+074 2.150400E+004, Sun Aug 16 22:54:32 2015
1.75, 1.80, -0.20, 1.80 , -3.903086E-006, 3.915210E-006, -3.088274E-007, 3.003040E-007, 2.150400E+004 1.570926E+074 2.150400E+004, Sun Aug 16 22:54:34 2015
