1.80, 1.80, 0.20, 1.80 , 1.547589E-008, -1.173670E-008, -6.446136E-008, 5.941050E-008, 2.150400E+004 1.570926E+074 2.150400E+004, Sun Aug 16 23:14:49 2015
1.75, 1.80, 0.20, 1.80 , -2.945583E-006, 2.947330E-006, -6.003770E-008, 5.686990E-008, 2.150400E+004 1.570926E+074 2.150400E+004, Sun Aug 16 23:14:52 2015
1.70, 1.80, 0.20, 1.80 , -5.762350E-006, 5.761580E-006, -5.778512E-008, 5.397830E-008, 2.150400E+004 1.570926E+074 2.150400E+004, Sun Aug 16 23:14:54 2015
1.65, 1.80, 0.20, 1.80 , -8.415876E-006, 8.420750E-006, -5.493042E-008, 5.163800E-008, 2.150400E+004 1.570926E+074 2.150400E+004, Sun Aug 16 23:14:56 2015
1.60, 1.80, 0.20, 1.80 , -1.092543E-005, 1.091520E-005, -5.245447E-008, 5.040160E-008, 2.150400E+004 1.570926E+074 2.150400E+004, Sun Aug 16 23:14:59 2015
1.55, 1.80, 0.20, 1.80 , -1.326823E-005, 1.325660E-005, -5.089451E-008, 5.078150E-008, 2.150400E+004 1.570926E+074 2.150400E+004, Sun Aug 16 23:15:01 2015
1.50, 1.80, 0.20, 1.80 , -1.547805E-005, 1.545830E-005, -4.820048E-008, 4.793600E-008, 2.150400E+004 1.570926E+074 2.150400E+004, Sun Aug 16 23:15:03 2015
1.45, 1.80, 0.20, 1.80 , -1.748864E-005, 1.748180E-005, -4.889813E-008, 4.764770E-008, 2.150400E+004 1.570926E+074 2.150400E+004, Sun Aug 16 23:15:06 2015
1.40, 1.80, 0.20, 1.80 , -1.935163E-005, 1.935610E-005, -4.869716E-008, 4.619120E-008, 2.150400E+004 1.570926E+074 2.150400E+004, Sun Aug 16 23:15:08 2015
1.35, 1.80, 0.20, 1.80 , -2.105957E-005, 2.105550E-005, -4.681089E-008, 4.565840E-008, 2.150400E+004 1.570926E+074 2.150400E+004, Sun Aug 16 23:15:11 2015
1.30, 1.80, 0.20, 1.80 , -2.257863E-005, 2.253670E-005, -4.647480E-008, 4.513990E-008, 2.150400E+004 1.570926E+074 2.150400E+004, Sun Aug 16 23:15:13 2015
1.25, 1.80, 0.20, 1.80 , -2.392272E-005, 2.393520E-005, -4.630715E-008, 4.453680E-008, 2.150400E+004 1.570926E+074 2.150400E+004, Sun Aug 16 23:15:15 2015
1.20, 1.80, 0.20, 1.80 , -2.516846E-005, 2.514480E-005, -4.345529E-008, 4.289360E-008, 2.150400E+004 1.570926E+074 2.150400E+004, Sun Aug 16 23:15:18 2015
1.15, 1.80, 0.20, 1.80 , -2.623872E-005, 2.622570E-005, -4.492223E-008, 4.461270E-008, 2.150400E+004 1.570926E+074 2.150400E+004, Sun Aug 16 23:15:20 2015
1.10, 1.80, 0.20, 1.80 , -2.717139E-005, 2.715260E-005, -4.451232E-008, 4.353700E-008, 2.150400E+004 1.570926E+074 2.150400E+004, Sun Aug 16 23:15:22 2015
1.05, 1.80, 0.20, 1.80 , -2.789751E-005, 2.789510E-005, -4.306212E-008, 4.350200E-008, 2.150400E+004 1.570926E+074 2.150400E+004, Sun Aug 16 23:15:25 2015
1.00, 1.80, 0.20, 1.80 , -2.857916E-005, 2.860910E-005, -4.286545E-008, 4.254490E-008, 2.150400E+004 1.570926E+074 2.150400E+004, Sun Aug 16 23:15:27 2015
0.95, 1.80, 0.20, 1.80 , -2.923123E-005, 2.924210E-005, -4.297061E-008, 4.303410E-008, 2.150400E+004 1.570926E+074 2.150400E+004, Sun Aug 16 23:15:29 2015
0.90, 1.80, 0.20, 1.80 , -2.974078E-005, 2.971110E-005, -4.428220E-008, 4.352290E-008, 2.150400E+004 1.570926E+074 2.150400E+004, Sun Aug 16 23:15:32 2015
0.85, 1.80, 0.20, 1.80 , -3.017758E-005, 3.017230E-005, -4.389824E-008, 4.290740E-008, 2.150400E+004 1.570926E+074 2.150400E+004, Sun Aug 16 23:15:34 2015
0.80, 1.80, 0.20, 1.80 , -3.054332E-005, 3.056620E-005, -4.225628E-008, 4.349320E-008, 2.150400E+004 1.570926E+074 2.150400E+004, Sun Aug 16 23:15:36 2015
0.75, 1.80, 0.20, 1.80 , -3.088155E-005, 3.086370E-005, -4.272772E-008, 4.201160E-008, 2.150400E+004 1.570926E+074 2.150400E+004, Sun Aug 16 23:15:39 2015
0.70, 1.80, 0.20, 1.80 , -3.122850E-005, 3.113830E-005, -4.400864E-008, 4.453140E-008, 2.150400E+004 1.570926E+074 2.150400E+004, Sun Aug 16 23:15:41 2015
0.65, 1.80, 0.20, 1.80 , -3.144313E-005, 3.149550E-005, -4.249994E-008, 4.335330E-008, 2.150400E+004 1.570926E+074 2.150400E+004, Sun Aug 16 23:15:44 2015
0.60, 1.80, 0.20, 1.80 , -3.170620E-005, 3.173540E-005, -4.433559E-008, 4.232110E-008, 2.150400E+004 1.570926E+074 2.150400E+004, Sun Aug 16 23:15:46 2015
0.55, 1.80, 0.20, 1.80 , -3.191379E-005, 3.192830E-005, -4.438714E-008, 4.363560E-008, 2.150400E+004 1.570926E+074 2.150400E+004, Sun Aug 16 23:15:48 2015
0.50, 1.80, 0.20, 1.80 , -3.216462E-005, 3.212910E-005, -4.278825E-008, 4.432980E-008, 2.150400E+004 1.570926E+074 2.150400E+004, Sun Aug 16 23:15:51 2015
0.45, 1.80, 0.20, 1.80 , -3.233497E-005, 3.226050E-005, -4.319616E-008, 4.341550E-008, 2.150400E+004 1.570926E+074 2.150400E+004, Sun Aug 16 23:15:53 2015
0.40, 1.80, 0.20, 1.80 , -3.252388E-005, 3.250670E-005, -4.329031E-008, 4.416340E-008, 2.150400E+004 1.570926E+074 2.150400E+004, Sun Aug 16 23:15:55 2015
0.35, 1.80, 0.20, 1.80 , -3.269708E-005, 3.263890E-005, -4.285441E-008, 4.391420E-008, 2.150400E+004 1.570926E+074 2.150400E+004, Sun Aug 16 23:15:58 2015
0.30, 1.80, 0.20, 1.80 , -3.283194E-005, 3.278620E-005, -4.293931E-008, 4.280350E-008, 2.150400E+004 1.570926E+074 2.150400E+004, Sun Aug 16 23:16:00 2015
0.25, 1.80, 0.20, 1.80 , -3.297842E-005, 3.294860E-005, -4.305710E-008, 4.416130E-008, 2.150400E+004 1.570926E+074 2.150400E+004, Sun Aug 16 23:16:02 2015
0.20, 1.80, 0.20, 1.80 , -3.311550E-005, 3.309700E-005, -4.335766E-008, 4.454110E-008, 2.150400E+004 1.570926E+074 2.150400E+004, Sun Aug 16 23:16:05 2015
0.15, 1.80, 0.20, 1.80 , -3.326713E-005, 3.320910E-005, -4.265286E-008, 4.231130E-008, 2.150400E+004 1.570926E+074 2.150400E+004, Sun Aug 16 23:16:07 2015
0.10, 1.80, 0.20, 1.80 , -3.338566E-005, 3.342460E-005, -4.383866E-008, 4.388260E-008, 2.150400E+004 1.570926E+074 2.150400E+004, Sun Aug 16 23:16:09 2015
0.05, 1.80, 0.20, 1.80 , -3.345976E-005, 3.347040E-005, -4.375084E-008, 4.421490E-008, 2.150400E+004 1.570926E+074 2.150400E+004, Sun Aug 16 23:16:12 2015
0.00, 1.80, 0.20, 1.80 , -3.365666E-005, 3.365160E-005, -4.485612E-008, 4.375200E-008, 2.150400E+004 1.570926E+074 2.150400E+004, Sun Aug 16 23:16:14 2015
-0.05, 1.80, 0.20, 1.80 , -3.378811E-005, 3.374850E-005, -4.406934E-008, 4.283020E-008, 2.150400E+004 1.570926E+074 2.150400E+004, Sun Aug 16 23:16:17 2015
-0.10, 1.80, 0.20, 1.80 , -3.392945E-005, 3.392720E-005, -4.244941E-008, 4.363450E-008, 2.150400E+004 1.570926E+074 2.150400E+004, Sun Aug 16 23:16:19 2015
-0.15, 1.80, 0.20, 1.80 , -3.398454E-005, 3.401400E-005, -3.950665E-008, 3.883910E-008, 2.150400E+004 1.570926E+074 2.150400E+004, Sun Aug 16 23:16:21 2015
-0.20, 1.80, 0.20, 1.80 , -3.415775E-005, 3.401880E-005, -4.075675E-008, 4.103260E-008, 2.150400E+004 1.570926E+074 2.150400E+004, Sun Aug 16 23:16:24 2015
