1.80, 1.80, 1.80, 1.80 , 1.083159E-009, 1.040740E-010, 1.789081E-009, 1.258420E-011, 2.150400E+004 1.570926E+074 2.150400E+004, Sun Aug 16 23:02:07 2015
1.75, 1.80, 1.80, 1.80 , 7.952991E-010, 1.025510E-010, 1.763423E-009, 2.424830E-010, 2.150400E+004 1.570926E+074 2.150400E+004, Sun Aug 16 23:02:14 2015
1.70, 1.80, 1.80, 1.80 , 5.427989E-010, 9.951470E-011, 1.777512E-009, 4.300150E-010, 2.150400E+004 1.570926E+074 2.150400E+004, Sun Aug 16 23:02:21 2015
1.65, 1.80, 1.80, 1.80 , 3.481919E-010, 9.880700E-011, 1.769795E-009, 5.798380E-010, 2.150400E+004 1.570926E+074 2.150400E+004, Sun Aug 16 23:02:31 2015
1.60, 1.80, 1.80, 1.80 , 1.769187E-010, 9.702020E-011, 1.778225E-009, 7.011370E-010, 2.150400E+004 1.570926E+074 2.150400E+004, Sun Aug 16 23:02:42 2015
1.55, 1.80, 1.80, 1.80 , 1.510683E-012, 9.845470E-011, 1.807613E-009, 8.043590E-010, 2.150400E+004 1.570926E+074 2.150400E+004, Sun Aug 16 23:02:48 2015
1.50, 1.80, 1.80, 1.80 , -8.985068E-011, 9.792870E-011, 1.786566E-009, 8.828060E-010, 2.150400E+004 1.570926E+074 2.150400E+004, Sun Aug 16 23:03:01 2015
1.45, 1.80, 1.80, 1.80 , -1.989780E-010, 9.417630E-011, 1.815160E-009, 9.435860E-010, 2.150400E+004 1.570926E+074 2.150400E+004, Sun Aug 16 23:03:12 2015
1.40, 1.80, 1.80, 1.80 , -3.045189E-010, 9.001520E-011, 1.836834E-009, 9.757740E-010, 2.150400E+004 1.570926E+074 2.150400E+004, Sun Aug 16 23:03:23 2015
1.35, 1.80, 1.80, 1.80 , -4.027168E-010, 8.874160E-011, 1.845305E-009, 1.016780E-009, 2.150400E+004 1.570926E+074 2.150400E+004, Sun Aug 16 23:03:34 2015
1.30, 1.80, 1.80, 1.80 , -5.337032E-010, 8.668950E-011, 1.859012E-009, 1.104800E-009, 2.150400E+004 1.570926E+074 2.150400E+004, Sun Aug 16 23:03:41 2015
1.25, 1.80, 1.80, 1.80 , -6.762524E-010, 8.833670E-011, 1.870373E-009, 1.240580E-009, 2.150400E+004 1.570926E+074 2.150400E+004, Sun Aug 16 23:03:46 2015
1.20, 1.80, 1.80, 1.80 , -7.787119E-010, 8.818890E-011, 1.885802E-009, 1.313220E-009, 2.150400E+004 1.570926E+074 2.150400E+004, Sun Aug 16 23:03:54 2015
1.15, 1.80, 1.80, 1.80 , -7.576121E-010, 8.363570E-011, 1.908107E-009, 1.256290E-009, 2.150400E+004 1.570926E+074 2.150400E+004, Sun Aug 16 23:04:05 2015
1.10, 1.80, 1.80, 1.80 , -8.506196E-010, 8.220990E-011, 1.899640E-009, 1.329950E-009, 2.150400E+004 1.570926E+074 2.150400E+004, Sun Aug 16 23:04:11 2015
1.05, 1.80, 1.80, 1.80 , -9.060270E-010, 8.078460E-011, 1.919678E-009, 1.335280E-009, 2.150400E+004 1.570926E+074 2.150400E+004, Sun Aug 16 23:04:18 2015
1.00, 1.80, 1.80, 1.80 , -1.024397E-009, 8.069490E-011, 1.938418E-009, 1.443830E-009, 2.150400E+004 1.570926E+074 2.150400E+004, Sun Aug 16 23:04:23 2015
0.95, 1.80, 1.80, 1.80 , -1.171799E-009, 8.139060E-011, 1.939467E-009, 1.536450E-009, 2.150400E+004 1.570926E+074 2.150400E+004, Sun Aug 16 23:04:26 2015
0.90, 1.80, 1.80, 1.80 , -1.132300E-009, 8.006580E-011, 1.945169E-009, 1.465140E-009, 2.150400E+004 1.570926E+074 2.150400E+004, Sun Aug 16 23:04:36 2015
0.85, 1.80, 1.80, 1.80 , -1.178677E-009, 7.790090E-011, 1.929112E-009, 1.480070E-009, 2.150400E+004 1.570926E+074 2.150400E+004, Sun Aug 16 23:04:41 2015
0.80, 1.80, 1.80, 1.80 , -1.258812E-009, 7.714300E-011, 1.986966E-009, 1.568290E-009, 2.150400E+004 1.570926E+074 2.150400E+004, Sun Aug 16 23:04:45 2015
0.75, 1.80, 1.80, 1.80 , -1.418663E-009, 7.725490E-011, 1.993465E-009, 1.677010E-009, 2.150400E+004 1.570926E+074 2.150400E+004, Sun Aug 16 23:04:49 2015
0.70, 1.80, 1.80, 1.80 , -1.495805E-009, 7.740220E-011, 1.976108E-009, 1.753980E-009, 2.150400E+004 1.570926E+074 2.150400E+004, Sun Aug 16 23:04:52 2015
0.65, 1.80, 1.80, 1.80 , -1.512515E-009, 7.588730E-011, 1.989525E-009, 1.730060E-009, 2.150400E+004 1.570926E+074 2.150400E+004, Sun Aug 16 23:04:59 2015
0.60, 1.80, 1.80, 1.80 , -1.602147E-009, 7.619160E-011, 1.989692E-009, 1.866080E-009, 2.150400E+004 1.570926E+074 2.150400E+004, Sun Aug 16 23:05:03 2015
0.55, 1.80, 1.80, 1.80 , -1.786347E-009, 7.607430E-011, 1.977952E-009, 1.922980E-009, 2.150400E+004 1.570926E+074 2.150400E+004, Sun Aug 16 23:05:08 2015
0.50, 1.80, 1.80, 1.80 , -1.805716E-009, 7.472610E-011, 2.000424E-009, 2.003150E-009, 2.150400E+004 1.570926E+074 2.150400E+004, Sun Aug 16 23:05:11 2015
0.45, 1.80, 1.80, 1.80 , -1.776177E-009, 7.387670E-011, 2.020003E-009, 1.956970E-009, 2.150400E+004 1.570926E+074 2.150400E+004, Sun Aug 16 23:05:19 2015
0.40, 1.80, 1.80, 1.80 , -1.677853E-009, 7.310220E-011, 2.014009E-009, 1.801150E-009, 2.150400E+004 1.570926E+074 2.150400E+004, Sun Aug 16 23:05:27 2015
0.35, 1.80, 1.80, 1.80 , -1.706419E-009, 7.315230E-011, 2.013090E-009, 1.790850E-009, 2.150400E+004 1.570926E+074 2.150400E+004, Sun Aug 16 23:05:33 2015
0.30, 1.80, 1.80, 1.80 , -1.782801E-009, 7.305620E-011, 2.025913E-009, 1.830780E-009, 2.150400E+004 1.570926E+074 2.150400E+004, Sun Aug 16 23:05:37 2015
0.25, 1.80, 1.80, 1.80 , -1.696630E-009, 7.215000E-011, 2.005793E-009, 1.786800E-009, 2.150400E+004 1.570926E+074 2.150400E+004, Sun Aug 16 23:05:44 2015
0.20, 1.80, 1.80, 1.80 , -1.591890E-009, 7.011460E-011, 2.022729E-009, 1.609520E-009, 2.150400E+004 1.570926E+074 2.150400E+004, Sun Aug 16 23:05:53 2015
0.15, 1.80, 1.80, 1.80 , -1.616916E-009, 7.058590E-011, 2.022099E-009, 1.629360E-009, 2.150400E+004 1.570926E+074 2.150400E+004, Sun Aug 16 23:05:57 2015
0.10, 1.80, 1.80, 1.80 , -1.663166E-009, 7.012050E-011, 2.008895E-009, 1.703060E-009, 2.150400E+004 1.570926E+074 2.150400E+004, Sun Aug 16 23:06:01 2015
0.05, 1.80, 1.80, 1.80 , -1.776767E-009, 7.112640E-011, 2.037023E-009, 1.794430E-009, 2.150400E+004 1.570926E+074 2.150400E+004, Sun Aug 16 23:06:05 2015
0.00, 1.80, 1.80, 1.80 , -1.603539E-009, 6.942160E-011, 2.012837E-009, 1.648780E-009, 2.150400E+004 1.570926E+074 2.150400E+004, Sun Aug 16 23:06:15 2015
-0.05, 1.80, 1.80, 1.80 , -1.756300E-009, 6.892730E-011, 2.012709E-009, 1.853560E-009, 2.150400E+004 1.570926E+074 2.150400E+004, Sun Aug 16 23:06:21 2015
-0.10, 1.80, 1.80, 1.80 , -1.870829E-009, 6.852680E-011, 2.003230E-009, 1.714780E-009, 2.150400E+004 1.570926E+074 2.150400E+004, Sun Aug 16 23:06:26 2015
-0.15, 1.80, 1.80, 1.80 , -1.792128E-009, 6.775760E-011, 2.022896E-009, 1.707870E-009, 2.150400E+004 1.570926E+074 2.150400E+004, Sun Aug 16 23:06:29 2015
-0.20, 1.80, 1.80, 1.80 , -1.639322E-009, 6.612120E-011, 1.983904E-009, 1.614750E-009, 2.150400E+004 1.570926E+074 2.150400E+004, Sun Aug 16 23:06:36 2015
