1.80, 1.80, 0.60, 1.80 , 4.581646E-011, 1.927550E-011, -5.942382E-010, 6.126560E-010, 2.150400E+004 1.570926E+074 2.150400E+004, Sun Aug 23 04:13:52 2015
1.75, 1.80, 0.60, 1.80 , -9.225833E-008, 9.245370E-008, -5.019101E-010, 4.641880E-010, 2.150400E+004 1.570926E+074 2.150400E+004, Sun Aug 23 04:13:58 2015
1.70, 1.80, 0.60, 1.80 , -3.556769E-007, 3.563940E-007, -4.193932E-010, 4.512020E-010, 2.150400E+004 1.570926E+074 2.150400E+004, Sun Aug 23 04:14:01 2015
1.65, 1.80, 0.60, 1.80 , -7.295127E-007, 7.300930E-007, -4.176324E-010, 4.503560E-010, 2.150400E+004 1.570926E+074 2.150400E+004, Sun Aug 23 04:14:04 2015
1.60, 1.80, 0.60, 1.80 , -1.212160E-006, 1.213250E-006, -3.943196E-010, 4.225770E-010, 2.150400E+004 1.570926E+074 2.150400E+004, Sun Aug 23 04:14:08 2015
1.55, 1.80, 0.60, 1.80 , -1.850234E-006, 1.851660E-006, -3.913845E-010, 4.291130E-010, 2.150400E+004 1.570926E+074 2.150400E+004, Sun Aug 23 04:14:11 2015
1.50, 1.80, 0.60, 1.80 , -2.547081E-006, 2.551080E-006, -4.674022E-010, 4.575090E-010, 2.150400E+004 1.570926E+074 2.150400E+004, Sun Aug 23 04:14:14 2015
1.45, 1.80, 0.60, 1.80 , -3.146562E-006, 3.148470E-006, -4.008606E-010, 4.489120E-010, 2.150400E+004 1.570926E+074 2.150400E+004, Sun Aug 23 04:14:17 2015
1.40, 1.80, 0.60, 1.80 , -3.625854E-006, 3.631070E-006, -4.315529E-010, 4.540090E-010, 2.150400E+004 1.570926E+074 2.150400E+004, Sun Aug 23 04:14:21 2015
1.35, 1.80, 0.60, 1.80 , -3.986243E-006, 3.987150E-006, -4.259759E-010, 4.549320E-010, 2.150400E+004 1.570926E+074 2.150400E+004, Sun Aug 23 04:14:24 2015
1.30, 1.80, 0.60, 1.80 , -4.246954E-006, 4.247900E-006, -3.985964E-010, 4.293710E-010, 2.150400E+004 1.570926E+074 2.150400E+004, Sun Aug 23 04:14:27 2015
1.25, 1.80, 0.60, 1.80 , -4.444966E-006, 4.445990E-006, -4.071920E-010, 4.328340E-010, 2.150400E+004 1.570926E+074 2.150400E+004, Sun Aug 23 04:14:30 2015
1.20, 1.80, 0.60, 1.80 , -4.600302E-006, 4.603520E-006, -4.282823E-010, 4.325230E-010, 2.150400E+004 1.570926E+074 2.150400E+004, Sun Aug 23 04:14:34 2015
1.15, 1.80, 0.60, 1.80 , -4.718296E-006, 4.721180E-006, -4.030408E-010, 4.339260E-010, 2.150400E+004 1.570926E+074 2.150400E+004, Sun Aug 23 04:14:37 2015
1.10, 1.80, 0.60, 1.80 , -4.822101E-006, 4.823280E-006, -4.288692E-010, 4.610230E-010, 2.150400E+004 1.570926E+074 2.150400E+004, Sun Aug 23 04:14:40 2015
1.05, 1.80, 0.60, 1.80 , -4.915041E-006, 4.917470E-006, -4.217832E-010, 4.637280E-010, 2.150400E+004 1.570926E+074 2.150400E+004, Sun Aug 23 04:14:43 2015
1.00, 1.80, 0.60, 1.80 , -4.999416E-006, 5.004400E-006, -4.300434E-010, 4.723540E-010, 2.150400E+004 1.570926E+074 2.150400E+004, Sun Aug 23 04:14:47 2015
0.95, 1.80, 0.60, 1.80 , -5.079795E-006, 5.083960E-006, -4.324753E-010, 4.670170E-010, 2.150400E+004 1.570926E+074 2.150400E+004, Sun Aug 23 04:14:50 2015
0.90, 1.80, 0.60, 1.80 , -5.154142E-006, 5.156010E-006, -4.091624E-010, 4.426930E-010, 2.150400E+004 1.570926E+074 2.150400E+004, Sun Aug 23 04:14:53 2015
0.85, 1.80, 0.60, 1.80 , -5.226334E-006, 5.231170E-006, -4.357458E-010, 4.713550E-010, 2.150400E+004 1.570926E+074 2.150400E+004, Sun Aug 23 04:14:56 2015
0.80, 1.80, 0.60, 1.80 , -5.283414E-006, 5.288230E-006, -4.032925E-010, 4.427250E-010, 2.150400E+004 1.570926E+074 2.150400E+004, Sun Aug 23 04:15:00 2015
0.75, 1.80, 0.60, 1.80 , -5.356199E-006, 5.356800E-006, -4.041310E-010, 4.383860E-010, 2.150400E+004 1.570926E+074 2.150400E+004, Sun Aug 23 04:15:03 2015
0.70, 1.80, 0.60, 1.80 , -5.425154E-006, 5.428380E-006, -4.126846E-010, 4.853960E-010, 2.150400E+004 1.570926E+074 2.150400E+004, Sun Aug 23 04:15:06 2015
0.65, 1.80, 0.60, 1.80 , -5.491008E-006, 5.495660E-006, -4.213221E-010, 4.490310E-010, 2.150400E+004 1.570926E+074 2.150400E+004, Sun Aug 23 04:15:09 2015
0.60, 1.80, 0.60, 1.80 , -5.553562E-006, 5.568180E-006, -4.139843E-010, 4.471460E-010, 2.150400E+004 1.570926E+074 2.150400E+004, Sun Aug 23 04:15:14 2015
0.55, 1.80, 0.60, 1.80 , -5.601393E-006, 5.610760E-006, -4.134392E-010, 4.491230E-010, 2.150400E+004 1.570926E+074 2.150400E+004, Sun Aug 23 04:15:17 2015
0.50, 1.80, 0.60, 1.80 , -5.668550E-006, 5.676480E-006, -4.150325E-010, 4.483560E-010, 2.150400E+004 1.570926E+074 2.150400E+004, Sun Aug 23 04:15:20 2015
0.45, 1.80, 0.60, 1.80 , -5.723204E-006, 5.724140E-006, -4.131876E-010, 4.944690E-010, 2.150400E+004 1.570926E+074 2.150400E+004, Sun Aug 23 04:15:24 2015
0.40, 1.80, 0.60, 1.80 , -5.787418E-006, 5.788590E-006, -4.123071E-010, 4.492730E-010, 2.150400E+004 1.570926E+074 2.150400E+004, Sun Aug 23 04:15:27 2015
0.35, 1.80, 0.60, 1.80 , -5.849660E-006, 5.850060E-006, -4.765849E-010, 5.119340E-010, 2.150400E+004 1.570926E+074 2.150400E+004, Sun Aug 23 04:15:30 2015
0.30, 1.80, 0.60, 1.80 , -5.902642E-006, 5.910720E-006, -4.810711E-010, 5.170720E-010, 2.150400E+004 1.570926E+074 2.150400E+004, Sun Aug 23 04:15:33 2015
0.25, 1.80, 0.60, 1.80 , -5.958252E-006, 5.951060E-006, -4.629997E-010, 5.108980E-010, 2.150400E+004 1.570926E+074 2.150400E+004, Sun Aug 23 04:15:37 2015
0.20, 1.80, 0.60, 1.80 , -6.017642E-006, 6.017940E-006, -4.743627E-010, 5.111380E-010, 2.150400E+004 1.570926E+074 2.150400E+004, Sun Aug 23 04:15:40 2015
0.15, 1.80, 0.60, 1.80 , -6.054258E-006, 6.059540E-006, -4.187642E-010, 4.560740E-010, 2.150400E+004 1.570926E+074 2.150400E+004, Sun Aug 23 04:15:43 2015
0.10, 1.80, 0.60, 1.80 , -6.121148E-006, 6.126260E-006, -4.182194E-010, 5.116050E-010, 2.150400E+004 1.570926E+074 2.150400E+004, Sun Aug 23 04:15:46 2015
0.05, 1.80, 0.60, 1.80 , -6.184364E-006, 6.189170E-006, -4.796038E-010, 5.255790E-010, 2.150400E+004 1.570926E+074 2.150400E+004, Sun Aug 23 04:15:50 2015
0.00, 1.80, 0.60, 1.80 , -6.233775E-006, 6.232850E-006, -4.760817E-010, 5.099840E-010, 2.150400E+004 1.570926E+074 2.150400E+004, Sun Aug 23 04:15:53 2015
-0.05, 1.80, 0.60, 1.80 , -6.298841E-006, 6.303560E-006, -4.756205E-010, 5.270530E-010, 2.150400E+004 1.570926E+074 2.150400E+004, Sun Aug 23 04:15:56 2015
-0.10, 1.80, 0.60, 1.80 , -6.370507E-006, 6.366380E-006, -4.193098E-010, 4.573090E-010, 2.150400E+004 1.570926E+074 2.150400E+004, Sun Aug 23 04:15:59 2015
-0.15, 1.80, 0.60, 1.80 , -6.433520E-006, 6.451770E-006, -4.830001E-010, 5.146690E-010, 2.150400E+004 1.570926E+074 2.150400E+004, Sun Aug 23 04:16:03 2015
-0.20, 1.80, 0.60, 1.80 , -6.489625E-006, 6.498570E-006, -4.785973E-010, 5.174710E-010, 2.150400E+004 1.570926E+074 2.150400E+004, Sun Aug 23 04:16:06 2015
