0.05, 0.00, 0.00, 0.00 , -4.389622E-011, -1.055720E-010, -3.636997E-011, -9.626150E-014, 2.150400E+004 1.570926E+074 2.150400E+004, Thu Sep 10 16:58:13 2015
0.05, 0.00, 0.02, 0.00 , -4.427602E-011, -1.067400E-010, -3.850836E-011, -9.466410E-014, 2.150400E+004 1.570926E+074 2.150400E+004, Thu Sep 10 16:58:24 2015
0.05, 0.00, 0.04, 0.00 , -4.524663E-011, -1.042960E-010, -3.280599E-011, -9.137390E-014, 2.150400E+004 1.570926E+074 2.150400E+004, Thu Sep 10 16:58:30 2015
0.05, 0.00, 0.06, 0.00 , -4.562642E-011, -1.073720E-010, -3.154811E-011, -9.539130E-014, 2.150400E+004 1.570926E+074 2.150400E+004, Thu Sep 10 16:58:41 2015
0.05, 0.00, 0.08, 0.00 , -4.474022E-011, -1.081360E-010, -3.104497E-011, -1.021860E-013, 2.150400E+004 1.570926E+074 2.150400E+004, Thu Sep 10 16:58:49 2015
0.05, 0.00, 0.10, 0.00 , -4.558422E-011, -1.007830E-010, -2.840343E-011, -8.891820E-014, 2.150400E+004 1.570926E+074 2.150400E+004, Thu Sep 10 16:58:58 2015
0.05, 0.00, 0.12, 0.00 , -4.579520E-011, -1.185210E-010, -2.651662E-011, -8.351800E-014, 2.150400E+004 1.570926E+074 2.150400E+004, Thu Sep 10 16:59:13 2015
0.05, 0.00, 0.14, 0.00 , -4.507783E-011, -1.220120E-010, -2.706170E-011, -9.775160E-014, 2.150400E+004 1.570926E+074 2.150400E+004, Thu Sep 10 16:59:22 2015
0.05, 0.00, 0.16, 0.00 , -4.545760E-011, -1.230020E-010, -2.513296E-011, -1.063700E-013, 2.150400E+004 1.570926E+074 2.150400E+004, Thu Sep 10 16:59:30 2015
0.05, 0.00, 0.18, 0.00 , -4.368524E-011, -1.245900E-010, -2.211415E-011, -7.621050E-014, 2.150400E+004 1.570926E+074 2.150400E+004, Thu Sep 10 16:59:36 2015
0.05, 0.00, 0.20, 0.00 , -4.423382E-011, -1.260020E-010, -2.244955E-011, -1.039030E-013, 2.150400E+004 1.570926E+074 2.150400E+004, Thu Sep 10 16:59:46 2015
0.05, 0.00, 0.22, 0.00 , -4.558422E-011, -1.261450E-010, -2.081448E-011, -9.452110E-014, 2.150400E+004 1.570926E+074 2.150400E+004, Thu Sep 10 16:59:51 2015
0.05, 0.00, 0.24, 0.00 , -4.668142E-011, -1.263970E-010, -1.725086E-011, -1.056910E-013, 2.150400E+004 1.570926E+074 2.150400E+004, Thu Sep 10 16:59:59 2015
0.05, 0.00, 0.26, 0.00 , -4.516220E-011, -1.268100E-010, -1.779588E-011, -9.025340E-014, 2.150400E+004 1.570926E+074 2.150400E+004, Thu Sep 10 17:00:14 2015
0.05, 0.00, 0.28, 0.00 , -4.592181E-011, -1.273060E-010, -1.322606E-011, -8.616450E-014, 2.150400E+004 1.570926E+074 2.150400E+004, Thu Sep 10 17:00:19 2015
0.05, 0.00, 0.30, 0.00 , -4.533101E-011, -1.275410E-010, -1.322607E-011, -7.134680E-014, 2.150400E+004 1.570926E+074 2.150400E+004, Thu Sep 10 17:00:29 2015
0.05, 0.00, 0.32, 0.00 , -4.723000E-011, -1.281270E-010, -1.045901E-011, -8.339880E-014, 2.150400E+004 1.570926E+074 2.150400E+004, Thu Sep 10 17:00:45 2015
0.05, 0.00, 0.34, 0.00 , -4.545763E-011, -1.276990E-010, -1.033324E-011, -1.020070E-013, 2.150400E+004 1.570926E+074 2.150400E+004, Thu Sep 10 17:01:01 2015
0.05, 0.00, 0.36, 0.00 , -4.490903E-011, -1.276010E-010, -9.788215E-012, -1.073600E-013, 2.150400E+004 1.570926E+074 2.150400E+004, Thu Sep 10 17:01:05 2015
0.05, 0.00, 0.38, 0.00 , -4.402282E-011, -1.276540E-010, -7.105016E-012, -1.050710E-013, 2.150400E+004 1.570926E+074 2.150400E+004, Thu Sep 10 17:01:12 2015
0.05, 0.00, 0.40, 0.00 , -4.718783E-011, -1.274310E-010, -8.823947E-012, -9.304280E-014, 2.150400E+004 1.570926E+074 2.150400E+004, Thu Sep 10 17:01:33 2015
0.05, 0.00, 0.42, 0.00 , -4.406504E-011, -1.266840E-010, -7.272715E-012, -1.121040E-013, 2.150400E+004 1.570926E+074 2.150400E+004, Thu Sep 10 17:01:37 2015
0.05, 0.00, 0.44, 0.00 , -4.520444E-011, -1.231640E-010, -4.170267E-012, -1.136900E-013, 2.150400E+004 1.570926E+074 2.150400E+004, Thu Sep 10 17:01:49 2015
0.05, 0.00, 0.46, 0.00 , -4.309444E-011, -1.215390E-010, -3.373675E-012, -8.871560E-014, 2.150400E+004 1.570926E+074 2.150400E+004, Thu Sep 10 17:01:54 2015
0.05, 0.00, 0.48, 0.00 , -4.474026E-011, -1.174510E-010, 4.414889E-013, -7.259850E-014, 2.150400E+004 1.570926E+074 2.150400E+004, Thu Sep 10 17:02:03 2015
0.05, 0.00, 0.50, 0.00 , -4.549983E-011, -1.147590E-010, 9.446038E-013, -9.511710E-014, 2.150400E+004 1.570926E+074 2.150400E+004, Thu Sep 10 17:02:09 2015
0.05, 0.00, 0.52, 0.00 , -4.343206E-011, -1.134340E-010, -8.581833E-013, -8.637910E-014, 2.150400E+004 1.570926E+074 2.150400E+004, Thu Sep 10 17:02:20 2015
0.05, 0.00, 0.54, 0.00 , -4.554204E-011, -1.123170E-010, 4.424353E-012, -5.320310E-014, 2.150400E+004 1.570926E+074 2.150400E+004, Thu Sep 10 17:02:25 2015
0.05, 0.00, 0.56, 0.00 , -4.541546E-011, -9.101140E-011, 5.053234E-012, -9.253030E-014, 2.150400E+004 1.570926E+074 2.150400E+004, Thu Sep 10 17:02:41 2015
0.05, 0.00, 0.58, 0.00 , -4.575308E-011, -9.336650E-011, 4.801682E-012, -9.243490E-014, 2.150400E+004 1.570926E+074 2.150400E+004, Thu Sep 10 17:02:53 2015
0.05, 0.00, 0.60, 0.00 , -4.528888E-011, -9.496050E-011, 8.281469E-012, -9.591580E-014, 2.150400E+004 1.570926E+074 2.150400E+004, Thu Sep 10 17:02:59 2015
0.05, 0.00, 0.62, 0.00 , -4.490904E-011, -9.161730E-011, 9.203808E-012, -9.351970E-014, 2.150400E+004 1.570926E+074 2.150400E+004, Thu Sep 10 17:03:06 2015
0.05, 0.00, 0.64, 0.00 , -4.288348E-011, -1.025610E-010, 7.401066E-012, -9.043220E-014, 2.150400E+004 1.570926E+074 2.150400E+004, Thu Sep 10 17:03:45 2015
0.05, 0.00, 0.66, 0.00 , -4.246149E-011, -1.068100E-010, 1.268363E-011, -1.135590E-013, 2.150400E+004 1.570926E+074 2.150400E+004, Thu Sep 10 17:03:55 2015
0.05, 0.00, 0.68, 0.00 , -4.469810E-011, -1.067410E-010, 1.259974E-011, -7.908340E-014, 2.150400E+004 1.570926E+074 2.150400E+004, Thu Sep 10 17:04:02 2015
0.05, 0.00, 0.70, 0.00 , -4.254590E-011, -1.033510E-010, 1.121623E-011, -9.328130E-014, 2.150400E+004 1.570926E+074 2.150400E+004, Thu Sep 10 17:04:26 2015
0.05, 0.00, 0.72, 0.00 , -4.490909E-011, -1.042460E-010, 1.280937E-011, -1.037600E-013, 2.150400E+004 1.570926E+074 2.150400E+004, Thu Sep 10 17:04:49 2015
0.05, 0.00, 0.74, 0.00 , -4.326329E-011, -1.090280E-010, 1.884657E-011, -9.614230E-014, 2.150400E+004 1.570926E+074 2.150400E+004, Thu Sep 10 17:04:59 2015
0.05, 0.00, 0.76, 0.00 , -4.153311E-011, -1.135030E-010, 1.603760E-011, -9.416340E-014, 2.150400E+004 1.570926E+074 2.150400E+004, Thu Sep 10 17:05:27 2015
0.05, 0.00, 0.78, 0.00 , -2.638338E-011, -1.282530E-010, 1.934971E-011, -9.068250E-014, 2.150400E+004 1.570926E+074 2.150400E+004, Thu Sep 10 17:05:37 2015
0.05, 0.00, 0.80, 0.00 , 5.615494E-011, -2.102990E-010, 1.825964E-011, -7.381440E-014, 2.150400E+004 1.570926E+074 2.150400E+004, Thu Sep 10 17:05:43 2015
0.05, 0.00, 0.82, 0.00 , 3.107676E-010, -4.633540E-010, 2.224253E-011, -8.406640E-014, 2.150400E+004 1.570926E+074 2.150400E+004, Thu Sep 10 17:05:47 2015
0.05, 0.00, 0.84, 0.00 , 5.059681E-010, -6.586440E-010, 2.270368E-011, -9.396080E-014, 2.150400E+004 1.570926E+074 2.150400E+004, Thu Sep 10 17:05:53 2015
0.05, 0.00, 0.86, 0.00 , 2.444850E-009, -2.585680E-009, 2.559648E-011, -1.142380E-013, 2.150400E+004 1.570926E+074 2.150400E+004, Thu Sep 10 17:05:57 2015
0.05, 0.00, 0.88, 0.00 , 7.638965E-009, -7.722400E-009, 2.756700E-011, -8.033510E-014, 2.150400E+004 1.570926E+074 2.150400E+004, Thu Sep 10 17:06:01 2015
0.05, 0.00, 0.90, 0.00 , 1.241036E-008, -1.246150E-008, 2.739928E-011, -9.737020E-014, 2.150400E+004 1.570926E+074 2.150400E+004, Thu Sep 10 17:06:06 2015
0.05, 0.00, 0.92, 0.00 , 2.210679E-008, -2.208390E-008, 3.045979E-011, -9.876490E-014, 2.150400E+004 1.570926E+074 2.150400E+004, Thu Sep 10 17:06:09 2015
0.05, 0.00, 0.94, 0.00 , 2.875155E-008, -2.874390E-008, 3.025018E-011, -9.094480E-014, 2.150400E+004 1.570926E+074 2.150400E+004, Thu Sep 10 17:06:13 2015
0.05, 0.00, 0.96, 0.00 , 4.249102E-008, -4.227390E-008, 3.289149E-011, -8.201600E-014, 2.150400E+004 1.570926E+074 2.150400E+004, Thu Sep 10 17:06:16 2015
0.05, 0.00, 0.98, 0.00 , 6.461289E-008, -6.432140E-008, 3.461039E-011, -8.232590E-014, 2.150400E+004 1.570926E+074 2.150400E+004, Thu Sep 10 17:06:20 2015
0.05, 0.00, 1.00, 0.00 , 9.325701E-008, -9.297630E-008, 3.603581E-011, -1.105070E-013, 2.150400E+004 1.570926E+074 2.150400E+004, Thu Sep 10 17:06:24 2015
0.05, 0.00, 1.02, 0.00 , 1.220845E-007, -1.218970E-007, 3.863521E-011, -9.369850E-014, 2.150400E+004 1.570926E+074 2.150400E+004, Thu Sep 10 17:06:27 2015
0.05, 0.00, 1.04, 0.00 , 1.539876E-007, -1.535670E-007, 3.796440E-011, -1.128670E-013, 2.150400E+004 1.570926E+074 2.150400E+004, Thu Sep 10 17:06:31 2015
0.05, 0.00, 1.06, 0.00 , 1.808520E-007, -1.803090E-007, 4.106685E-011, -9.917020E-014, 2.150400E+004 1.570926E+074 2.150400E+004, Thu Sep 10 17:06:34 2015
0.05, 0.00, 1.08, 0.00 , 2.065618E-007, -2.059390E-007, 4.161195E-011, -1.001600E-013, 2.150400E+004 1.570926E+074 2.150400E+004, Thu Sep 10 17:06:38 2015
0.05, 0.00, 1.10, 0.00 , 2.335554E-007, -2.328050E-007, 4.546898E-011, -9.516480E-014, 2.150400E+004 1.570926E+074 2.150400E+004, Thu Sep 10 17:06:42 2015
0.05, 0.00, 1.12, 0.00 , 2.630200E-007, -2.622750E-007, 4.727176E-011, -1.144770E-013, 2.150400E+004 1.570926E+074 2.150400E+004, Thu Sep 10 17:06:45 2015
0.05, 0.00, 1.14, 0.00 , 2.901171E-007, -2.891940E-007, 4.739754E-011, -1.295920E-013, 2.150400E+004 1.570926E+074 2.150400E+004, Thu Sep 10 17:06:49 2015
0.05, 0.00, 1.16, 0.00 , 3.165441E-007, -3.155430E-007, 5.163193E-011, -9.465220E-014, 2.150400E+004 1.570926E+074 2.150400E+004, Thu Sep 10 17:06:52 2015
0.05, 0.00, 1.18, 0.00 , 3.480513E-007, -3.471070E-007, 5.402168E-011, -1.196740E-013, 2.150400E+004 1.570926E+074 2.150400E+004, Thu Sep 10 17:06:56 2015
0.05, 0.00, 1.20, 0.00 , 3.794852E-007, -3.783680E-007, 5.414745E-011, -9.506940E-014, 2.150400E+004 1.570926E+074 2.150400E+004, Thu Sep 10 17:06:59 2015
0.05, 0.00, 1.22, 0.00 , 4.086969E-007, -4.072060E-007, 5.515363E-011, -9.099250E-014, 2.150400E+004 1.570926E+074 2.150400E+004, Thu Sep 10 17:07:03 2015
0.05, 0.00, 1.24, 0.00 , 4.361381E-007, -4.349180E-007, 5.905269E-011, -8.174180E-014, 2.150400E+004 1.570926E+074 2.150400E+004, Thu Sep 10 17:07:06 2015
0.05, 0.00, 1.26, 0.00 , 4.649440E-007, -4.635530E-007, 5.917845E-011, -7.321830E-014, 2.150400E+004 1.570926E+074 2.150400E+004, Thu Sep 10 17:07:10 2015
0.05, 0.00, 1.28, 0.00 , 4.904786E-007, -4.888640E-007, 6.144243E-011, -9.636880E-014, 2.150400E+004 1.570926E+074 2.150400E+004, Thu Sep 10 17:07:13 2015
0.05, 0.00, 1.30, 0.00 , 5.167307E-007, -5.151280E-007, 6.488027E-011, -9.770390E-014, 2.150400E+004 1.570926E+074 2.150400E+004, Thu Sep 10 17:07:17 2015
0.05, 0.00, 1.32, 0.00 , 5.432308E-007, -5.414850E-007, 6.429334E-011, -1.081940E-013, 2.150400E+004 1.570926E+074 2.150400E+004, Thu Sep 10 17:07:21 2015
0.05, 0.00, 1.34, 0.00 , 5.698722E-007, -5.679390E-007, 6.664119E-011, -1.025560E-013, 2.150400E+004 1.570926E+074 2.150400E+004, Thu Sep 10 17:07:24 2015
0.05, 0.00, 1.36, 0.00 , 5.938719E-007, -5.920720E-007, 6.739580E-011, -9.801390E-014, 2.150400E+004 1.570926E+074 2.150400E+004, Thu Sep 10 17:07:28 2015
0.05, 0.00, 1.38, 0.00 , 6.180926E-007, -6.160090E-007, 7.163020E-011, -1.072170E-013, 2.150400E+004 1.570926E+074 2.150400E+004, Thu Sep 10 17:07:31 2015
0.05, 0.00, 1.40, 0.00 , 6.411683E-007, -6.394180E-007, 7.095941E-011, -8.119340E-014, 2.150400E+004 1.570926E+074 2.150400E+004, Thu Sep 10 17:07:35 2015
0.05, 0.00, 1.42, 0.00 , 6.654394E-007, -6.633640E-007, 7.481657E-011, -1.144050E-013, 2.150400E+004 1.570926E+074 2.150400E+004, Thu Sep 10 17:07:38 2015
0.05, 0.00, 1.44, 0.00 , 6.883574E-007, -6.860810E-007, 7.657738E-011, -8.364920E-014, 2.150400E+004 1.570926E+074 2.150400E+004, Thu Sep 10 17:07:42 2015
0.05, 0.00, 1.46, 0.00 , 7.117279E-007, -7.096430E-007, 7.737402E-011, -9.830000E-014, 2.150400E+004 1.570926E+074 2.150400E+004, Thu Sep 10 17:07:45 2015
0.05, 0.00, 1.48, 0.00 , 7.361543E-007, -7.338880E-007, 7.812861E-011, -1.134750E-013, 2.150400E+004 1.570926E+074 2.150400E+004, Thu Sep 10 17:07:49 2015
0.05, 0.00, 1.50, 0.00 , 7.598471E-007, -7.576070E-007, 8.215342E-011, -8.326770E-014, 2.150400E+004 1.570926E+074 2.150400E+004, Thu Sep 10 17:07:53 2015
0.05, 0.00, 1.52, 0.00 , 7.843632E-007, -7.814680E-007, 8.324347E-011, -9.866950E-014, 2.150400E+004 1.570926E+074 2.150400E+004, Thu Sep 10 17:07:56 2015
0.05, 0.00, 1.54, 0.00 , 8.100230E-007, -8.075520E-007, 8.672323E-011, -8.386370E-014, 2.150400E+004 1.570926E+074 2.150400E+004, Thu Sep 10 17:08:00 2015
0.05, 0.00, 1.56, 0.00 , 8.351411E-007, -8.326330E-007, 8.634590E-011, -9.695290E-014, 2.150400E+004 1.570926E+074 2.150400E+004, Thu Sep 10 17:08:03 2015
0.05, 0.00, 1.58, 0.00 , 8.587276E-007, -8.567900E-007, 9.104144E-011, -9.496210E-014, 2.150400E+004 1.570926E+074 2.150400E+004, Thu Sep 10 17:08:07 2015
0.05, 0.00, 1.60, 0.00 , 8.820232E-007, -8.791010E-007, 9.217346E-011, -8.786920E-014, 2.150400E+004 1.570926E+074 2.150400E+004, Thu Sep 10 17:08:10 2015
0.05, 0.00, 1.62, 0.00 , 9.019821E-007, -8.992440E-007, 9.238315E-011, -9.851460E-014, 2.150400E+004 1.570926E+074 2.150400E+004, Thu Sep 10 17:08:14 2015
0.05, 0.00, 1.64, 0.00 , 9.224188E-007, -9.191330E-007, 9.074813E-011, -8.136030E-014, 2.150400E+004 1.570926E+074 2.150400E+004, Thu Sep 10 17:08:18 2015
0.05, 0.00, 1.66, 0.00 , 9.427854E-007, -9.396470E-007, 9.921698E-011, -9.651180E-014, 2.150400E+004 1.570926E+074 2.150400E+004, Thu Sep 10 17:08:21 2015
0.05, 0.00, 1.68, 0.00 , 9.630687E-007, -9.595530E-007, 9.825259E-011, -8.181330E-014, 2.150400E+004 1.570926E+074 2.150400E+004, Thu Sep 10 17:08:25 2015
0.05, 0.00, 1.70, 0.00 , 9.831286E-007, -9.800030E-007, 9.930079E-011, -1.049880E-013, 2.150400E+004 1.570926E+074 2.150400E+004, Thu Sep 10 17:08:28 2015
0.05, 0.00, 1.72, 0.00 , 1.004136E-006, -1.000850E-006, 1.039125E-010, -1.030800E-013, 2.150400E+004 1.570926E+074 2.150400E+004, Thu Sep 10 17:08:32 2015
0.05, 0.00, 1.74, 0.00 , 1.024011E-006, -1.020790E-006, 1.039545E-010, -9.371040E-014, 2.150400E+004 1.570926E+074 2.150400E+004, Thu Sep 10 17:08:35 2015
0.05, 0.00, 1.76, 0.00 , 1.045137E-006, -1.041570E-006, 1.018581E-010, -7.704500E-014, 2.150400E+004 1.570926E+074 2.150400E+004, Thu Sep 10 17:08:39 2015
0.05, 0.00, 1.78, 0.00 , 1.066125E-006, -1.062590E-006, 1.075181E-010, -1.055480E-013, 2.150400E+004 1.570926E+074 2.150400E+004, Thu Sep 10 17:08:43 2015
0.05, 0.00, 1.80, 0.00 , 1.088016E-006, -1.084280E-006, 1.099497E-010, -9.245870E-014, 2.150400E+004 1.570926E+074 2.150400E+004, Thu Sep 10 17:08:46 2015
0.05, 0.00, 1.82, 0.00 , 1.109271E-006, -1.105670E-006, 1.122976E-010, -1.107570E-013, 2.150400E+004 1.570926E+074 2.150400E+004, Thu Sep 10 17:08:50 2015
0.05, 0.00, 1.84, 0.00 , 1.130685E-006, -1.126820E-006, 1.161128E-010, -1.057860E-013, 2.150400E+004 1.570926E+074 2.150400E+004, Thu Sep 10 17:08:53 2015
0.05, 0.00, 1.86, 0.00 , 1.151979E-006, -1.148100E-006, 1.161965E-010, -9.745360E-014, 2.150400E+004 1.570926E+074 2.150400E+004, Thu Sep 10 17:08:57 2015
0.05, 0.00, 1.88, 0.00 , 1.174316E-006, -1.170490E-006, 1.190475E-010, -9.338860E-014, 2.150400E+004 1.570926E+074 2.150400E+004, Thu Sep 10 17:09:00 2015
0.05, 0.00, 1.90, 0.00 , 1.197041E-006, -1.192740E-006, 1.212695E-010, -9.039640E-014, 2.150400E+004 1.570926E+074 2.150400E+004, Thu Sep 10 17:09:04 2015
0.05, 0.00, 1.92, 0.00 , 1.217797E-006, -1.213940E-006, 1.213533E-010, -9.609460E-014, 2.150400E+004 1.570926E+074 2.150400E+004, Thu Sep 10 17:09:07 2015
0.05, 0.00, 1.94, 0.00 , 1.240047E-006, -1.235690E-006, 1.248331E-010, -7.386210E-014, 2.150400E+004 1.570926E+074 2.150400E+004, Thu Sep 10 17:09:11 2015
0.05, 0.00, 1.96, 0.00 , 1.263092E-006, -1.258810E-006, 1.243300E-010, -9.212490E-014, 2.150400E+004 1.570926E+074 2.150400E+004, Thu Sep 10 17:09:15 2015
0.05, 0.00, 1.98, 0.00 , 1.286104E-006, -1.281660E-006, 1.267197E-010, -1.013160E-013, 2.150400E+004 1.570926E+074 2.150400E+004, Thu Sep 10 17:09:18 2015
0.05, 0.00, 2.00, 0.00 , 1.308688E-006, -1.304370E-006, 1.300318E-010, -7.252690E-014, 2.150400E+004 1.570926E+074 2.150400E+004, Thu Sep 10 17:09:22 2015
