2.00, 0.00, 2.00, 0.00 , 5.979047E-005, -5.978760E-005, 1.757731E-010, -8.933540E-014, 2.150400E+004 1.570926E+074 2.150400E+004, Thu Sep 10 20:10:25 2015
1.95, 0.00, 2.00, 0.00 , 5.956897E-005, -5.954540E-005, 1.395496E-010, -9.779930E-014, 2.150400E+004 1.570926E+074 2.150400E+004, Thu Sep 10 20:10:28 2015
1.90, 0.00, 2.00, 0.00 , 5.924319E-005, -5.922960E-005, 1.313741E-010, -7.277730E-014, 2.150400E+004 1.570926E+074 2.150400E+004, Thu Sep 10 20:10:32 2015
1.85, 0.00, 2.00, 0.00 , 5.893442E-005, -5.891900E-005, 1.252950E-010, -1.062150E-013, 2.150400E+004 1.570926E+074 2.150400E+004, Thu Sep 10 20:10:35 2015
1.80, 0.00, 2.00, 0.00 , 5.865029E-005, -5.863860E-005, 1.221086E-010, -9.202960E-014, 2.150400E+004 1.570926E+074 2.150400E+004, Thu Sep 10 20:10:39 2015
1.75, 0.00, 2.00, 0.00 , 5.836095E-005, -5.836210E-005, 1.209767E-010, -8.476970E-014, 2.150400E+004 1.570926E+074 2.150400E+004, Thu Sep 10 20:10:42 2015
1.70, 0.00, 2.00, 0.00 , 5.808781E-005, -5.807510E-005, 1.234923E-010, -9.537940E-014, 2.150400E+004 1.570926E+074 2.150400E+004, Thu Sep 10 20:10:46 2015
1.65, 0.00, 2.00, 0.00 , 5.783589E-005, -5.781800E-005, 1.206413E-010, -1.099590E-013, 2.150400E+004 1.570926E+074 2.150400E+004, Thu Sep 10 20:10:49 2015
1.60, 0.00, 2.00, 0.00 , 5.760573E-005, -5.758450E-005, 1.226119E-010, -9.613040E-014, 2.150400E+004 1.570926E+074 2.150400E+004, Thu Sep 10 20:10:53 2015
1.55, 0.00, 2.00, 0.00 , 5.738950E-005, -5.737750E-005, 1.216475E-010, -1.152870E-013, 2.150400E+004 1.570926E+074 2.150400E+004, Thu Sep 10 20:10:56 2015
1.50, 0.00, 2.00, 0.00 , 5.718920E-005, -5.717630E-005, 1.172873E-010, -9.138580E-014, 2.150400E+004 1.570926E+074 2.150400E+004, Thu Sep 10 20:11:00 2015
1.45, 0.00, 2.00, 0.00 , 5.700035E-005, -5.698900E-005, 1.180000E-010, -9.870530E-014, 2.150400E+004 1.570926E+074 2.150400E+004, Thu Sep 10 20:11:04 2015
1.40, 0.00, 2.00, 0.00 , 5.679873E-005, -5.677080E-005, 1.187547E-010, -9.285210E-014, 2.150400E+004 1.570926E+074 2.150400E+004, Thu Sep 10 20:11:07 2015
1.35, 0.00, 2.00, 0.00 , 5.658836E-005, -5.656510E-005, 1.183354E-010, -1.036520E-013, 2.150400E+004 1.570926E+074 2.150400E+004, Thu Sep 10 20:11:11 2015
1.30, 0.00, 2.00, 0.00 , 5.634988E-005, -5.632980E-005, 1.221506E-010, -1.156090E-013, 2.150400E+004 1.570926E+074 2.150400E+004, Thu Sep 10 20:11:14 2015
1.25, 0.00, 2.00, 0.00 , 5.609219E-005, -5.607210E-005, 1.188385E-010, -8.625980E-014, 2.150400E+004 1.570926E+074 2.150400E+004, Thu Sep 10 20:11:18 2015
1.20, 0.00, 2.00, 0.00 , 5.578639E-005, -5.576050E-005, 1.196771E-010, -8.692740E-014, 2.150400E+004 1.570926E+074 2.150400E+004, Thu Sep 10 20:11:21 2015
1.15, 0.00, 2.00, 0.00 , 5.541567E-005, -5.539840E-005, 1.202222E-010, -1.035330E-013, 2.150400E+004 1.570926E+074 2.150400E+004, Thu Sep 10 20:11:25 2015
1.10, 0.00, 2.00, 0.00 , 5.495627E-005, -5.494250E-005, 1.192159E-010, -9.360310E-014, 2.150400E+004 1.570926E+074 2.150400E+004, Thu Sep 10 20:11:28 2015
1.05, 0.00, 2.00, 0.00 , 5.440300E-005, -5.438730E-005, 1.222764E-010, -9.832380E-014, 2.150400E+004 1.570926E+074 2.150400E+004, Thu Sep 10 20:11:32 2015
1.00, 0.00, 2.00, 0.00 , 5.371169E-005, -5.369600E-005, 1.197189E-010, -1.106380E-013, 2.150400E+004 1.570926E+074 2.150400E+004, Thu Sep 10 20:11:36 2015
0.95, 0.00, 2.00, 0.00 , 5.287183E-005, -5.285450E-005, 1.187546E-010, -9.871720E-014, 2.150400E+004 1.570926E+074 2.150400E+004, Thu Sep 10 20:11:39 2015
0.90, 0.00, 2.00, 0.00 , 5.184977E-005, -5.183590E-005, 1.184612E-010, -9.758470E-014, 2.150400E+004 1.570926E+074 2.150400E+004, Thu Sep 10 20:11:43 2015
0.85, 0.00, 2.00, 0.00 , 5.063801E-005, -5.062710E-005, 1.192579E-010, -8.900170E-014, 2.150400E+004 1.570926E+074 2.150400E+004, Thu Sep 10 20:11:46 2015
0.80, 0.00, 2.00, 0.00 , 4.923650E-005, -4.921780E-005, 1.188804E-010, -9.896760E-014, 2.150400E+004 1.570926E+074 2.150400E+004, Thu Sep 10 20:11:50 2015
0.75, 0.00, 2.00, 0.00 , 4.763007E-005, -4.762090E-005, 1.196771E-010, -1.103760E-013, 2.150400E+004 1.570926E+074 2.150400E+004, Thu Sep 10 20:11:53 2015
0.70, 0.00, 2.00, 0.00 , 4.578674E-005, -4.577940E-005, 1.172874E-010, -9.291170E-014, 2.150400E+004 1.570926E+074 2.150400E+004, Thu Sep 10 20:11:57 2015
0.65, 0.00, 2.00, 0.00 , 4.370883E-005, -4.369520E-005, 1.192998E-010, -9.070640E-014, 2.150400E+004 1.570926E+074 2.150400E+004, Thu Sep 10 20:12:00 2015
0.60, 0.00, 2.00, 0.00 , 4.136956E-005, -4.135630E-005, 1.207251E-010, -9.326940E-014, 2.150400E+004 1.570926E+074 2.150400E+004, Thu Sep 10 20:12:04 2015
0.55, 0.00, 2.00, 0.00 , 3.876945E-005, -3.875720E-005, 1.204317E-010, -1.000760E-013, 2.150400E+004 1.570926E+074 2.150400E+004, Thu Sep 10 20:12:07 2015
0.50, 0.00, 2.00, 0.00 , 3.589540E-005, -3.588500E-005, 1.205575E-010, -1.087670E-013, 2.150400E+004 1.570926E+074 2.150400E+004, Thu Sep 10 20:12:11 2015
0.45, 0.00, 2.00, 0.00 , 3.272823E-005, -3.272000E-005, 1.196770E-010, -9.751320E-014, 2.150400E+004 1.570926E+074 2.150400E+004, Thu Sep 10 20:12:15 2015
0.40, 0.00, 2.00, 0.00 , 2.925063E-005, -2.924520E-005, 1.177485E-010, -1.036410E-013, 2.150400E+004 1.570926E+074 2.150400E+004, Thu Sep 10 20:12:18 2015
0.35, 0.00, 2.00, 0.00 , 2.545613E-005, -2.544700E-005, 1.183354E-010, -7.642510E-014, 2.150400E+004 1.570926E+074 2.150400E+004, Thu Sep 10 20:12:22 2015
0.30, 0.00, 2.00, 0.00 , 2.137368E-005, -2.136700E-005, 1.192997E-010, -9.026530E-014, 2.150400E+004 1.570926E+074 2.150400E+004, Thu Sep 10 20:12:25 2015
0.25, 0.00, 2.00, 0.00 , 1.705544E-005, -1.705040E-005, 1.190900E-010, -1.066570E-013, 2.150400E+004 1.570926E+074 2.150400E+004, Thu Sep 10 20:12:29 2015
0.20, 0.00, 2.00, 0.00 , 1.263637E-005, -1.263060E-005, 1.194255E-010, -9.771590E-014, 2.150400E+004 1.570926E+074 2.150400E+004, Thu Sep 10 20:12:32 2015
0.15, 0.00, 2.00, 0.00 , 8.297811E-006, -8.288940E-006, 1.179162E-010, -9.629730E-014, 2.150400E+004 1.570926E+074 2.150400E+004, Thu Sep 10 20:12:36 2015
0.10, 0.00, 2.00, 0.00 , 4.351047E-006, -4.344370E-006, 1.183773E-010, -1.032830E-013, 2.150400E+004 1.570926E+074 2.150400E+004, Thu Sep 10 20:12:39 2015
0.05, 0.00, 2.00, 0.00 , 1.286954E-006, -1.282080E-006, 1.187127E-010, -1.002190E-013, 2.150400E+004 1.570926E+074 2.150400E+004, Thu Sep 10 20:12:43 2015
0.00, 0.00, 2.00, 0.00 , 8.594590E-011, -8.233010E-011, 1.187968E-010, -1.088380E-013, 2.150400E+004 1.570926E+074 2.150400E+004, Thu Sep 10 20:12:51 2015
