0.00, 0.00, 2.00, 0.00 , 9.814063E-011, -8.488220E-011, 1.402623E-010, -1.055720E-013, 2.150400E+004 1.570926E+074 2.150400E+004, Thu Sep 10 20:07:34 2015
0.05, 0.00, 2.00, 0.00 , 1.318125E-006, -1.314320E-006, 1.270977E-010, -9.424690E-014, 2.150400E+004 1.570926E+074 2.150400E+004, Thu Sep 10 20:07:41 2015
0.10, 0.00, 2.00, 0.00 , 4.472754E-006, -4.464780E-006, 1.281039E-010, -9.278060E-014, 2.150400E+004 1.570926E+074 2.150400E+004, Thu Sep 10 20:07:44 2015
0.15, 0.00, 2.00, 0.00 , 8.563333E-006, -8.552160E-006, 1.252111E-010, -7.851120E-014, 2.150400E+004 1.570926E+074 2.150400E+004, Thu Sep 10 20:07:48 2015
0.20, 0.00, 2.00, 0.00 , 1.303216E-005, -1.302800E-005, 1.257141E-010, -1.093860E-013, 2.150400E+004 1.570926E+074 2.150400E+004, Thu Sep 10 20:07:51 2015
0.25, 0.00, 2.00, 0.00 , 1.760827E-005, -1.760150E-005, 1.209348E-010, -1.073840E-013, 2.150400E+004 1.570926E+074 2.150400E+004, Thu Sep 10 20:07:55 2015
0.30, 0.00, 2.00, 0.00 , 2.204950E-005, -2.203930E-005, 1.232826E-010, -9.566550E-014, 2.150400E+004 1.570926E+074 2.150400E+004, Thu Sep 10 20:07:58 2015
0.35, 0.00, 2.00, 0.00 , 2.622475E-005, -2.621370E-005, 1.210606E-010, -9.351970E-014, 2.150400E+004 1.570926E+074 2.150400E+004, Thu Sep 10 20:08:02 2015
0.40, 0.00, 2.00, 0.00 , 3.007579E-005, -3.006310E-005, 1.222344E-010, -1.112220E-013, 2.150400E+004 1.570926E+074 2.150400E+004, Thu Sep 10 20:08:06 2015
0.45, 0.00, 2.00, 0.00 , 3.357853E-005, -3.356650E-005, 1.211863E-010, -1.088980E-013, 2.150400E+004 1.570926E+074 2.150400E+004, Thu Sep 10 20:08:09 2015
0.50, 0.00, 2.00, 0.00 , 3.675145E-005, -3.673900E-005, 1.174130E-010, -1.034860E-013, 2.150400E+004 1.570926E+074 2.150400E+004, Thu Sep 10 20:08:13 2015
0.55, 0.00, 2.00, 0.00 , 3.961640E-005, -3.960070E-005, 1.195093E-010, -1.305460E-013, 2.150400E+004 1.570926E+074 2.150400E+004, Thu Sep 10 20:08:16 2015
0.60, 0.00, 2.00, 0.00 , 4.219771E-005, -4.218210E-005, 1.181257E-010, -6.889100E-014, 2.150400E+004 1.570926E+074 2.150400E+004, Thu Sep 10 20:08:20 2015
0.65, 0.00, 2.00, 0.00 , 4.451812E-005, -4.449620E-005, 1.206832E-010, -8.393530E-014, 2.150400E+004 1.570926E+074 2.150400E+004, Thu Sep 10 20:08:23 2015
0.70, 0.00, 2.00, 0.00 , 4.656814E-005, -4.654960E-005, 1.180838E-010, -9.772780E-014, 2.150400E+004 1.570926E+074 2.150400E+004, Thu Sep 10 20:08:27 2015
0.75, 0.00, 2.00, 0.00 , 4.839049E-005, -4.836870E-005, 1.181677E-010, -9.934900E-014, 2.150400E+004 1.570926E+074 2.150400E+004, Thu Sep 10 20:08:30 2015
0.80, 0.00, 2.00, 0.00 , 4.996875E-005, -4.996250E-005, 1.142268E-010, -1.002670E-013, 2.150400E+004 1.570926E+074 2.150400E+004, Thu Sep 10 20:08:34 2015
0.85, 0.00, 2.00, 0.00 , 5.134843E-005, -5.133300E-005, 1.191739E-010, -9.851460E-014, 2.150400E+004 1.570926E+074 2.150400E+004, Thu Sep 10 20:08:37 2015
0.90, 0.00, 2.00, 0.00 , 5.253385E-005, -5.251640E-005, 1.200543E-010, -1.114850E-013, 2.150400E+004 1.570926E+074 2.150400E+004, Thu Sep 10 20:08:41 2015
0.95, 0.00, 2.00, 0.00 , 5.351459E-005, -5.350360E-005, 1.185450E-010, -9.346010E-014, 2.150400E+004 1.570926E+074 2.150400E+004, Thu Sep 10 20:08:45 2015
1.00, 0.00, 2.00, 0.00 , 5.432819E-005, -5.431380E-005, 1.215217E-010, -1.022220E-013, 2.150400E+004 1.570926E+074 2.150400E+004, Thu Sep 10 20:08:48 2015
1.05, 0.00, 2.00, 0.00 , 5.498341E-005, -5.496250E-005, 1.179162E-010, -9.379390E-014, 2.150400E+004 1.570926E+074 2.150400E+004, Thu Sep 10 20:08:52 2015
1.10, 0.00, 2.00, 0.00 , 5.549330E-005, -5.548600E-005, 1.186290E-010, -1.037480E-013, 2.150400E+004 1.570926E+074 2.150400E+004, Thu Sep 10 20:08:55 2015
1.15, 0.00, 2.00, 0.00 , 5.588509E-005, -5.586430E-005, 1.186708E-010, -9.993320E-014, 2.150400E+004 1.570926E+074 2.150400E+004, Thu Sep 10 20:08:59 2015
1.20, 0.00, 2.00, 0.00 , 5.621590E-005, -5.619400E-005, 1.180419E-010, -1.036170E-013, 2.150400E+004 1.570926E+074 2.150400E+004, Thu Sep 10 20:09:02 2015
1.25, 0.00, 2.00, 0.00 , 5.646858E-005, -5.645060E-005, 1.164068E-010, -1.084450E-013, 2.150400E+004 1.570926E+074 2.150400E+004, Thu Sep 10 20:09:06 2015
1.30, 0.00, 2.00, 0.00 , 5.666976E-005, -5.665410E-005, 1.189223E-010, -1.163130E-013, 2.150400E+004 1.570926E+074 2.150400E+004, Thu Sep 10 20:09:09 2015
1.35, 0.00, 2.00, 0.00 , 5.685759E-005, -5.683900E-005, 1.170777E-010, -9.313820E-014, 2.150400E+004 1.570926E+074 2.150400E+004, Thu Sep 10 20:09:13 2015
1.40, 0.00, 2.00, 0.00 , 5.701260E-005, -5.700290E-005, 1.190482E-010, -8.761880E-014, 2.150400E+004 1.570926E+074 2.150400E+004, Thu Sep 10 20:09:16 2015
1.45, 0.00, 2.00, 0.00 , 5.716448E-005, -5.714840E-005, 1.161972E-010, -8.858440E-014, 2.150400E+004 1.570926E+074 2.150400E+004, Thu Sep 10 20:09:20 2015
1.50, 0.00, 2.00, 0.00 , 5.729982E-005, -5.727530E-005, 1.125497E-010, -1.067880E-013, 2.150400E+004 1.570926E+074 2.150400E+004, Thu Sep 10 20:09:24 2015
1.55, 0.00, 2.00, 0.00 , 5.741579E-005, -5.740170E-005, 1.154007E-010, -9.680990E-014, 2.150400E+004 1.570926E+074 2.150400E+004, Thu Sep 10 20:09:27 2015
1.60, 0.00, 2.00, 0.00 , 5.753674E-005, -5.751390E-005, 1.147717E-010, -1.102690E-013, 2.150400E+004 1.570926E+074 2.150400E+004, Thu Sep 10 20:09:31 2015
1.65, 0.00, 2.00, 0.00 , 5.767139E-005, -5.765980E-005, 1.161134E-010, -9.655950E-014, 2.150400E+004 1.570926E+074 2.150400E+004, Thu Sep 10 20:09:34 2015
1.70, 0.00, 2.00, 0.00 , 5.801803E-005, -5.801710E-005, 1.149394E-010, -8.201600E-014, 2.150400E+004 1.570926E+074 2.150400E+004, Thu Sep 10 20:09:38 2015
1.75, 0.00, 2.00, 0.00 , 5.839823E-005, -5.836840E-005, 1.175389E-010, -8.291010E-014, 2.150400E+004 1.570926E+074 2.150400E+004, Thu Sep 10 20:09:41 2015
1.80, 0.00, 2.00, 0.00 , 5.865143E-005, -5.864200E-005, 1.160715E-010, -9.866950E-014, 2.150400E+004 1.570926E+074 2.150400E+004, Thu Sep 10 20:09:45 2015
1.85, 0.00, 2.00, 0.00 , 5.892650E-005, -5.890880E-005, 1.154425E-010, -1.002550E-013, 2.150400E+004 1.570926E+074 2.150400E+004, Thu Sep 10 20:09:48 2015
1.90, 0.00, 2.00, 0.00 , 5.920645E-005, -5.918910E-005, 1.182097E-010, -1.142980E-013, 2.150400E+004 1.570926E+074 2.150400E+004, Thu Sep 10 20:09:52 2015
1.95, 0.00, 2.00, 0.00 , 5.948052E-005, -5.946560E-005, 1.185870E-010, -9.783510E-014, 2.150400E+004 1.570926E+074 2.150400E+004, Thu Sep 10 20:09:56 2015
2.00, 0.00, 2.00, 0.00 , 5.978555E-005, -5.976240E-005, 1.169938E-010, -1.120210E-013, 2.150400E+004 1.570926E+074 2.150400E+004, Thu Sep 10 20:09:59 2015
