0.00, 0.00, 0.80, 0.00 , -1.161001E-010, -4.504670E-011, 2.329081E-011, -8.033510E-014, 2.150400E+004 1.570926E+074 2.150400E+004, Thu Sep 10 17:43:27 2015
0.05, 0.00, 0.80, 0.00 , 1.452737E-010, -2.947660E-010, 2.010448E-011, -1.007080E-013, 2.150400E+004 1.570926E+074 2.150400E+004, Thu Sep 10 17:43:37 2015
0.10, 0.00, 0.80, 0.00 , 4.776545E-010, -6.027430E-010, 1.834361E-011, -9.421110E-014, 2.150400E+004 1.570926E+074 2.150400E+004, Thu Sep 10 17:43:45 2015
0.15, 0.00, 0.80, 0.00 , 1.455640E-009, -1.527790E-009, 1.905633E-011, -1.004820E-013, 2.150400E+004 1.570926E+074 2.150400E+004, Thu Sep 10 17:43:53 2015
0.20, 0.00, 0.80, 0.00 , 1.724346E-009, -1.793300E-009, 1.830174E-011, -1.080270E-013, 2.150400E+004 1.570926E+074 2.150400E+004, Thu Sep 10 17:43:57 2015
0.25, 0.00, 0.80, 0.00 , 1.886760E-009, -2.002470E-009, 1.863711E-011, -1.073240E-013, 2.150400E+004 1.570926E+074 2.150400E+004, Thu Sep 10 17:44:01 2015
0.30, 0.00, 0.80, 0.00 , 2.145212E-009, -2.253880E-009, 1.687626E-011, -1.016970E-013, 2.150400E+004 1.570926E+074 2.150400E+004, Thu Sep 10 17:44:04 2015
0.35, 0.00, 0.80, 0.00 , 2.701024E-009, -2.800920E-009, 1.784049E-011, -9.771590E-014, 2.150400E+004 1.570926E+074 2.150400E+004, Thu Sep 10 17:44:08 2015
0.40, 0.00, 0.80, 0.00 , 3.083154E-009, -3.118700E-009, 1.754707E-011, -9.721520E-014, 2.150400E+004 1.570926E+074 2.150400E+004, Thu Sep 10 17:44:11 2015
0.45, 0.00, 0.80, 0.00 , 3.080747E-009, -3.159330E-009, 1.809206E-011, -1.025080E-013, 2.150400E+004 1.570926E+074 2.150400E+004, Thu Sep 10 17:44:16 2015
0.50, 0.00, 0.80, 0.00 , 3.202398E-009, -3.191680E-009, 1.540883E-011, -9.597540E-014, 2.150400E+004 1.570926E+074 2.150400E+004, Thu Sep 10 17:44:20 2015
0.55, 0.00, 0.80, 0.00 , 3.197799E-009, -3.216600E-009, 1.838553E-011, -8.867980E-014, 2.150400E+004 1.570926E+074 2.150400E+004, Thu Sep 10 17:44:24 2015
0.60, 0.00, 0.80, 0.00 , 3.240293E-009, -3.273320E-009, 1.599581E-011, -1.105070E-013, 2.150400E+004 1.570926E+074 2.150400E+004, Thu Sep 10 17:44:27 2015
0.65, 0.00, 0.80, 0.00 , 3.177926E-009, -3.210790E-009, 1.603775E-011, -1.043320E-013, 2.150400E+004 1.570926E+074 2.150400E+004, Thu Sep 10 17:44:34 2015
0.70, 0.00, 0.80, 0.00 , 3.253924E-009, -3.265630E-009, 1.582811E-011, -9.456870E-014, 2.150400E+004 1.570926E+074 2.150400E+004, Thu Sep 10 17:44:38 2015
0.75, 0.00, 0.80, 0.00 , 3.401228E-009, -3.420940E-009, 1.566045E-011, -9.503360E-014, 2.150400E+004 1.570926E+074 2.150400E+004, Thu Sep 10 17:44:42 2015
0.80, 0.00, 0.80, 0.00 , 3.435790E-009, -3.486710E-009, 1.624736E-011, -1.038430E-013, 2.150400E+004 1.570926E+074 2.150400E+004, Thu Sep 10 17:44:46 2015
0.85, 0.00, 0.80, 0.00 , 3.420134E-009, -3.442580E-009, 1.297720E-011, -9.326940E-014, 2.150400E+004 1.570926E+074 2.150400E+004, Thu Sep 10 17:44:51 2015
0.90, 0.00, 0.80, 0.00 , 3.436083E-009, -3.491670E-009, 1.343840E-011, -7.231240E-014, 2.150400E+004 1.570926E+074 2.150400E+004, Thu Sep 10 17:44:55 2015
0.95, 0.00, 0.80, 0.00 , 3.545543E-009, -3.549280E-009, 1.775671E-011, -1.047250E-013, 2.150400E+004 1.570926E+074 2.150400E+004, Thu Sep 10 17:44:58 2015
1.00, 0.00, 0.80, 0.00 , 3.531534E-009, -3.555140E-009, 1.566042E-011, -8.627180E-014, 2.150400E+004 1.570926E+074 2.150400E+004, Thu Sep 10 17:45:03 2015
1.05, 0.00, 0.80, 0.00 , 3.583311E-009, -3.582860E-009, 1.595389E-011, -9.814500E-014, 2.150400E+004 1.570926E+074 2.150400E+004, Thu Sep 10 17:45:07 2015
1.10, 0.00, 0.80, 0.00 , 3.642888E-009, -3.643470E-009, 1.482192E-011, -8.996730E-014, 2.150400E+004 1.570926E+074 2.150400E+004, Thu Sep 10 17:45:10 2015
1.15, 0.00, 0.80, 0.00 , 3.755005E-009, -3.732550E-009, 1.582813E-011, -8.550880E-014, 2.150400E+004 1.570926E+074 2.150400E+004, Thu Sep 10 17:45:14 2015
1.20, 0.00, 0.80, 0.00 , 3.813659E-009, -3.787660E-009, 1.356416E-011, -9.043220E-014, 2.150400E+004 1.570926E+074 2.150400E+004, Thu Sep 10 17:45:17 2015
1.25, 0.00, 0.80, 0.00 , 3.851635E-009, -3.850190E-009, 1.310301E-011, -9.531970E-014, 2.150400E+004 1.570926E+074 2.150400E+004, Thu Sep 10 17:45:21 2015
1.30, 0.00, 0.80, 0.00 , 3.924210E-009, -3.904910E-009, 1.276758E-011, -9.570120E-014, 2.150400E+004 1.570926E+074 2.150400E+004, Thu Sep 10 17:45:25 2015
1.35, 0.00, 0.80, 0.00 , 4.953676E-009, -4.949860E-009, 1.377378E-011, -1.084690E-013, 2.150400E+004 1.570926E+074 2.150400E+004, Thu Sep 10 17:45:44 2015
1.40, 0.00, 0.80, 0.00 , 7.402039E-009, -7.400550E-009, 1.247410E-011, -9.449720E-014, 2.150400E+004 1.570926E+074 2.150400E+004, Thu Sep 10 17:45:50 2015
1.45, 0.00, 0.80, 0.00 , 1.141505E-008, -1.145700E-008, 1.343836E-011, -9.540320E-014, 2.150400E+004 1.570926E+074 2.150400E+004, Thu Sep 10 17:45:55 2015
1.50, 0.00, 0.80, 0.00 , 1.534951E-008, -1.518470E-008, 1.368995E-011, -9.872910E-014, 2.150400E+004 1.570926E+074 2.150400E+004, Thu Sep 10 17:46:00 2015
1.55, 0.00, 0.80, 0.00 , 1.765322E-008, -1.758750E-008, 1.213867E-011, -1.077890E-013, 2.150400E+004 1.570926E+074 2.150400E+004, Thu Sep 10 17:46:04 2015
1.60, 0.00, 0.80, 0.00 , 2.027118E-008, -2.031150E-008, 1.289336E-011, -9.355550E-014, 2.150400E+004 1.570926E+074 2.150400E+004, Thu Sep 10 17:46:07 2015
1.65, 0.00, 0.80, 0.00 , 2.499443E-008, -2.502440E-008, 1.549273E-011, -8.285050E-014, 2.150400E+004 1.570926E+074 2.150400E+004, Thu Sep 10 17:46:11 2015
1.70, 0.00, 0.80, 0.00 , 2.775472E-008, -2.753660E-008, 1.368998E-011, -8.805990E-014, 2.150400E+004 1.570926E+074 2.150400E+004, Thu Sep 10 17:46:18 2015
1.75, 0.00, 0.80, 0.00 , 3.184033E-008, -3.179420E-008, 1.545078E-011, -1.043440E-013, 2.150400E+004 1.570926E+074 2.150400E+004, Thu Sep 10 17:46:23 2015
1.80, 0.00, 0.80, 0.00 , 4.872113E-008, -4.920510E-008, 1.343839E-011, -9.472370E-014, 2.150400E+004 1.570926E+074 2.150400E+004, Thu Sep 10 17:46:27 2015
1.85, 0.00, 0.80, 0.00 , 5.918269E-008, -5.854040E-008, 1.461229E-011, -1.090410E-013, 2.150400E+004 1.570926E+074 2.150400E+004, Thu Sep 10 17:46:33 2015
1.90, 0.00, 0.80, 0.00 , 1.125541E-007, -1.115780E-007, 1.469612E-011, -9.715560E-014, 2.150400E+004 1.570926E+074 2.150400E+004, Thu Sep 10 17:46:36 2015
1.95, 0.00, 0.80, 0.00 , 1.731958E-007, -1.720950E-007, 1.201294E-011, -1.152160E-013, 2.150400E+004 1.570926E+074 2.150400E+004, Thu Sep 10 17:46:40 2015
2.00, 0.00, 0.80, 0.00 , 1.873328E-007, -1.890750E-007, 1.360609E-011, -7.320640E-014, 2.150400E+004 1.570926E+074 2.150400E+004, Thu Sep 10 17:46:45 2015
