0.00, 0.00, 0.80, 0.00 , -3.988357E-010, -4.047340E-010, 1.657944E-010, -1.101370E-013, 2.150400E+004 1.570926E+074 2.150400E+004, Sun Sep 06 17:25:05 2015
0.05, 0.00, 0.80, 0.00 , 1.854715E-007, -1.859330E-007, 1.551872E-010, -7.947680E-014, 2.150400E+004 1.570926E+074 2.150400E+004, Sun Sep 06 17:25:10 2015
0.10, 0.00, 0.80, 0.00 , 3.047854E-007, -3.049460E-007, 1.462154E-010, -9.791850E-014, 2.150400E+004 1.570926E+074 2.150400E+004, Sun Sep 06 17:25:13 2015
0.15, 0.00, 0.80, 0.00 , 3.727644E-007, -3.730090E-007, 1.415196E-010, -7.557870E-014, 2.150400E+004 1.570926E+074 2.150400E+004, Sun Sep 06 17:25:17 2015
0.20, 0.00, 0.80, 0.00 , 4.098487E-007, -4.103420E-007, 1.357340E-010, -1.062870E-013, 2.150400E+004 1.570926E+074 2.150400E+004, Sun Sep 06 17:25:20 2015
0.25, 0.00, 0.80, 0.00 , 4.293850E-007, -4.296430E-007, 1.288163E-010, -8.418560E-014, 2.150400E+004 1.570926E+074 2.150400E+004, Sun Sep 06 17:25:24 2015
0.30, 0.00, 0.80, 0.00 , 4.437926E-007, -4.437490E-007, 1.314577E-010, -1.092670E-013, 2.150400E+004 1.570926E+074 2.150400E+004, Sun Sep 06 17:25:27 2015
0.35, 0.00, 0.80, 0.00 , 4.535745E-007, -4.537750E-007, 1.229888E-010, -8.367300E-014, 2.150400E+004 1.570926E+074 2.150400E+004, Sun Sep 06 17:25:31 2015
0.40, 0.00, 0.80, 0.00 , 4.621363E-007, -4.620430E-007, 1.295291E-010, -8.485320E-014, 2.150400E+004 1.570926E+074 2.150400E+004, Sun Sep 06 17:25:35 2015
0.45, 0.00, 0.80, 0.00 , 4.683880E-007, -4.684380E-007, 1.249173E-010, -1.031520E-013, 2.150400E+004 1.570926E+074 2.150400E+004, Sun Sep 06 17:25:38 2015
0.50, 0.00, 0.80, 0.00 , 4.744310E-007, -4.738210E-007, 1.178738E-010, -8.730890E-014, 2.150400E+004 1.570926E+074 2.150400E+004, Sun Sep 06 17:25:42 2015
0.55, 0.00, 0.80, 0.00 , 4.796267E-007, -4.791950E-007, 1.161131E-010, -7.823710E-014, 2.150400E+004 1.570926E+074 2.150400E+004, Sun Sep 06 17:25:45 2015
0.60, 0.00, 0.80, 0.00 , 4.840199E-007, -4.837960E-007, 1.150649E-010, -7.909540E-014, 2.150400E+004 1.570926E+074 2.150400E+004, Sun Sep 06 17:25:49 2015
0.65, 0.00, 0.80, 0.00 , 4.880735E-007, -4.877950E-007, 1.125494E-010, -1.034260E-013, 2.150400E+004 1.570926E+074 2.150400E+004, Sun Sep 06 17:25:52 2015
0.70, 0.00, 0.80, 0.00 , 4.916573E-007, -4.911610E-007, 1.128010E-010, -9.174350E-014, 2.150400E+004 1.570926E+074 2.150400E+004, Sun Sep 06 17:25:56 2015
0.75, 0.00, 0.80, 0.00 , 4.945132E-007, -4.941760E-007, 1.120464E-010, -1.185890E-013, 2.150400E+004 1.570926E+074 2.150400E+004, Sun Sep 06 17:25:59 2015
0.80, 0.00, 0.80, 0.00 , 4.975565E-007, -4.966700E-007, 1.059253E-010, -8.515120E-014, 2.150400E+004 1.570926E+074 2.150400E+004, Sun Sep 06 17:26:03 2015
0.85, 0.00, 0.80, 0.00 , 5.002513E-007, -4.993660E-007, 1.042063E-010, -8.575920E-014, 2.150400E+004 1.570926E+074 2.150400E+004, Sun Sep 06 17:26:07 2015
0.90, 0.00, 0.80, 0.00 , 5.027028E-007, -5.016170E-007, 1.009362E-010, -1.113770E-013, 2.150400E+004 1.570926E+074 2.150400E+004, Sun Sep 06 17:26:10 2015
0.95, 0.00, 0.80, 0.00 , 5.048951E-007, -5.040270E-007, 9.955273E-011, -7.153750E-014, 2.150400E+004 1.570926E+074 2.150400E+004, Sun Sep 06 17:26:14 2015
1.00, 0.00, 0.80, 0.00 , 5.065720E-007, -5.056190E-007, 9.959455E-011, -1.111270E-013, 2.150400E+004 1.570926E+074 2.150400E+004, Sun Sep 06 17:26:17 2015
1.05, 0.00, 0.80, 0.00 , 5.084382E-007, -5.072600E-007, 9.917532E-011, -7.176400E-014, 2.150400E+004 1.570926E+074 2.150400E+004, Sun Sep 06 17:26:21 2015
1.10, 0.00, 0.80, 0.00 , 5.101962E-007, -5.091910E-007, 9.489894E-011, -8.903740E-014, 2.150400E+004 1.570926E+074 2.150400E+004, Sun Sep 06 17:26:24 2015
1.15, 0.00, 0.80, 0.00 , 5.119124E-007, -5.108120E-007, 9.104188E-011, -8.471010E-014, 2.150400E+004 1.570926E+074 2.150400E+004, Sun Sep 06 17:26:28 2015
1.20, 0.00, 0.80, 0.00 , 5.137391E-007, -5.124500E-007, 9.473125E-011, -9.132620E-014, 2.150400E+004 1.570926E+074 2.150400E+004, Sun Sep 06 17:26:31 2015
1.25, 0.00, 0.80, 0.00 , 5.155373E-007, -5.141290E-007, 8.953249E-011, -9.529590E-014, 2.150400E+004 1.570926E+074 2.150400E+004, Sun Sep 06 17:26:35 2015
1.30, 0.00, 0.80, 0.00 , 5.180405E-007, -5.164430E-007, 9.150304E-011, -1.013040E-013, 2.150400E+004 1.570926E+074 2.150400E+004, Sun Sep 06 17:26:39 2015
1.35, 0.00, 0.80, 0.00 , 5.198298E-007, -5.186240E-007, 8.676544E-011, -7.206200E-014, 2.150400E+004 1.570926E+074 2.150400E+004, Sun Sep 06 17:26:42 2015
1.40, 0.00, 0.80, 0.00 , 5.220671E-007, -5.206670E-007, 8.345342E-011, -6.945130E-014, 2.150400E+004 1.570926E+074 2.150400E+004, Sun Sep 06 17:26:46 2015
1.45, 0.00, 0.80, 0.00 , 5.243099E-007, -5.229350E-007, 8.227945E-011, -8.072850E-014, 2.150400E+004 1.570926E+074 2.150400E+004, Sun Sep 06 17:26:49 2015
1.50, 0.00, 0.80, 0.00 , 5.264944E-007, -5.249910E-007, 7.863202E-011, -1.065730E-013, 2.150400E+004 1.570926E+074 2.150400E+004, Sun Sep 06 17:26:53 2015
1.55, 0.00, 0.80, 0.00 , 5.287453E-007, -5.270760E-007, 7.334947E-011, -7.508990E-014, 2.150400E+004 1.570926E+074 2.150400E+004, Sun Sep 06 17:26:56 2015
1.60, 0.00, 0.80, 0.00 , 5.313018E-007, -5.297770E-007, 6.966007E-011, -9.512900E-014, 2.150400E+004 1.570926E+074 2.150400E+004, Sun Sep 06 17:27:00 2015
1.65, 0.00, 0.80, 0.00 , 5.332180E-007, -5.315350E-007, 6.563533E-011, -8.747580E-014, 2.150400E+004 1.570926E+074 2.150400E+004, Sun Sep 06 17:27:03 2015
1.70, 0.00, 0.80, 0.00 , 5.351664E-007, -5.331510E-007, 6.081383E-011, -8.703470E-014, 2.150400E+004 1.570926E+074 2.150400E+004, Sun Sep 06 17:27:07 2015
1.75, 0.00, 0.80, 0.00 , 5.371955E-007, -5.352420E-007, 5.913689E-011, -8.969310E-014, 2.150400E+004 1.570926E+074 2.150400E+004, Sun Sep 06 17:27:11 2015
1.80, 0.00, 0.80, 0.00 , 5.392271E-007, -5.372100E-007, 5.850797E-011, -1.068350E-013, 2.150400E+004 1.570926E+074 2.150400E+004, Sun Sep 06 17:27:14 2015
1.85, 0.00, 0.80, 0.00 , 5.410668E-007, -5.389850E-007, 5.695675E-011, -9.373430E-014, 2.150400E+004 1.570926E+074 2.150400E+004, Sun Sep 06 17:27:18 2015
1.90, 0.00, 0.80, 0.00 , 5.427964E-007, -5.407860E-007, 5.402193E-011, -9.361510E-014, 2.150400E+004 1.570926E+074 2.150400E+004, Sun Sep 06 17:27:21 2015
1.95, 0.00, 0.80, 0.00 , 5.450491E-007, -5.424710E-007, 4.421143E-011, -6.732940E-014, 2.150400E+004 1.570926E+074 2.150400E+004, Sun Sep 06 17:27:25 2015
2.00, 0.00, 0.80, 0.00 , 5.469613E-007, -5.444600E-007, 4.496616E-011, -8.101460E-014, 2.150400E+004 1.570926E+074 2.150400E+004, Sun Sep 06 17:27:28 2015
