1.80, 0.00, 0.00, 0.00 , 2.070490E-010, -1.158300E-010, -7.582540E-011, -8.099080E-014, 2.150400E+004 1.570926E+074 2.150400E+004, Thu Sep 10 17:09:38 2015
1.80, 0.00, 0.02, 0.00 , 1.984411E-010, -1.151700E-010, -6.865551E-011, -9.620190E-014, 2.150400E+004 1.570926E+074 2.150400E+004, Thu Sep 10 17:09:42 2015
1.80, 0.00, 0.04, 0.00 , 1.923648E-010, -1.139200E-010, -6.119210E-011, -1.030560E-013, 2.150400E+004 1.570926E+074 2.150400E+004, Thu Sep 10 17:09:48 2015
1.80, 0.00, 0.06, 0.00 , 1.877652E-010, -1.130150E-010, -5.729267E-011, -8.713010E-014, 2.150400E+004 1.570926E+074 2.150400E+004, Thu Sep 10 17:09:52 2015
1.80, 0.00, 0.08, 0.00 , 1.840098E-010, -1.113550E-010, -5.347711E-011, -9.408000E-014, 2.150400E+004 1.570926E+074 2.150400E+004, Thu Sep 10 17:09:58 2015
1.80, 0.00, 0.10, 0.00 , 1.808874E-010, -1.099310E-010, -4.722967E-011, -1.037480E-013, 2.150400E+004 1.570926E+074 2.150400E+004, Thu Sep 10 17:10:02 2015
1.80, 0.00, 0.12, 0.00 , 1.774272E-010, -1.089090E-010, -4.504933E-011, -9.031300E-014, 2.150400E+004 1.570926E+074 2.150400E+004, Thu Sep 10 17:10:07 2015
1.80, 0.00, 0.14, 0.00 , 1.737561E-010, -1.064210E-010, -4.148537E-011, -1.114010E-013, 2.150400E+004 1.570926E+074 2.150400E+004, Thu Sep 10 17:10:12 2015
1.80, 0.00, 0.16, 0.00 , 1.694944E-010, -1.048610E-010, -4.052099E-011, -9.366270E-014, 2.150400E+004 1.570926E+074 2.150400E+004, Thu Sep 10 17:10:16 2015
1.80, 0.00, 0.18, 0.00 , 1.684394E-010, -1.045510E-010, -3.813102E-011, -6.777050E-014, 2.150400E+004 1.570926E+074 2.150400E+004, Thu Sep 10 17:10:21 2015
1.80, 0.00, 0.20, 0.00 , 1.687347E-010, -1.031660E-010, -3.523790E-011, -8.491280E-014, 2.150400E+004 1.570926E+074 2.150400E+004, Thu Sep 10 17:10:25 2015
1.80, 0.00, 0.22, 0.00 , 1.617303E-010, -1.008610E-010, -3.301566E-011, -9.218450E-014, 2.150400E+004 1.570926E+074 2.150400E+004, Thu Sep 10 17:10:30 2015
1.80, 0.00, 0.24, 0.00 , 1.589452E-010, -9.615010E-011, -2.831958E-011, -1.129630E-013, 2.150400E+004 1.570926E+074 2.150400E+004, Thu Sep 10 17:10:37 2015
1.80, 0.00, 0.26, 0.00 , 1.565401E-010, -9.755550E-011, -3.117077E-011, -1.157520E-013, 2.150400E+004 1.570926E+074 2.150400E+004, Thu Sep 10 17:10:46 2015
1.80, 0.00, 0.28, 0.00 , 1.532909E-010, -9.973980E-011, -2.815187E-011, -9.969470E-014, 2.150400E+004 1.570926E+074 2.150400E+004, Thu Sep 10 17:10:52 2015
1.80, 0.00, 0.30, 0.00 , 1.501684E-010, -9.722880E-011, -2.429438E-011, -9.540320E-014, 2.150400E+004 1.570926E+074 2.150400E+004, Thu Sep 10 17:10:58 2015
1.80, 0.00, 0.32, 0.00 , 1.423199E-010, -8.857270E-011, -2.211415E-011, -1.008630E-013, 2.150400E+004 1.570926E+074 2.150400E+004, Thu Sep 10 17:11:08 2015
1.80, 0.00, 0.34, 0.00 , 1.403367E-010, -8.187720E-011, -2.173683E-011, -1.064060E-013, 2.150400E+004 1.570926E+074 2.150400E+004, Thu Sep 10 17:11:15 2015
1.80, 0.00, 0.36, 0.00 , 1.389020E-010, -8.431120E-011, -1.808935E-011, -1.050000E-013, 2.150400E+004 1.570926E+074 2.150400E+004, Thu Sep 10 17:11:19 2015
1.80, 0.00, 0.38, 0.00 , 1.364124E-010, -8.127390E-011, -1.460957E-011, -1.105310E-013, 2.150400E+004 1.570926E+074 2.150400E+004, Thu Sep 10 17:11:24 2015
1.80, 0.00, 0.40, 0.00 , 1.356952E-010, -7.796150E-011, -1.351952E-011, -9.163620E-014, 2.150400E+004 1.570926E+074 2.150400E+004, Thu Sep 10 17:11:29 2015
1.80, 0.00, 0.42, 0.00 , 1.319818E-010, -7.717820E-011, -1.209406E-011, -7.938150E-014, 2.150400E+004 1.570926E+074 2.150400E+004, Thu Sep 10 17:11:39 2015
1.80, 0.00, 0.44, 0.00 , 1.322349E-010, -7.511060E-011, -1.033321E-011, -9.094480E-014, 2.150400E+004 1.570926E+074 2.150400E+004, Thu Sep 10 17:11:44 2015
1.80, 0.00, 0.46, 0.00 , 1.271715E-010, -7.804020E-011, -9.117384E-012, -1.018290E-013, 2.150400E+004 1.570926E+074 2.150400E+004, Thu Sep 10 17:11:50 2015
1.80, 0.00, 0.48, 0.00 , 1.326147E-010, -8.259310E-011, -9.368928E-012, -1.089330E-013, 2.150400E+004 1.570926E+074 2.150400E+004, Thu Sep 10 17:11:58 2015
1.80, 0.00, 0.50, 0.00 , 1.271714E-010, -7.071780E-011, -8.614281E-012, -9.924170E-014, 2.150400E+004 1.570926E+074 2.150400E+004, Thu Sep 10 17:12:05 2015
1.80, 0.00, 0.52, 0.00 , 1.250616E-010, -7.128180E-011, -3.750984E-012, -1.025320E-013, 2.150400E+004 1.570926E+074 2.150400E+004, Thu Sep 10 17:12:12 2015
1.80, 0.00, 0.54, 0.00 , 1.258634E-010, -7.741720E-011, -4.212148E-012, -9.908680E-014, 2.150400E+004 1.570926E+074 2.150400E+004, Thu Sep 10 17:12:19 2015
1.80, 0.00, 0.56, 0.00 , 1.256945E-010, -7.398800E-011, -5.176429E-012, -9.232760E-014, 2.150400E+004 1.570926E+074 2.150400E+004, Thu Sep 10 17:12:36 2015
1.80, 0.00, 0.58, 0.00 , 1.240910E-010, -6.556060E-011, -6.066085E-013, -9.312630E-014, 2.150400E+004 1.570926E+074 2.150400E+004, Thu Sep 10 17:12:40 2015
1.80, 0.00, 0.60, 0.00 , 1.204200E-010, -6.515330E-011, 1.028467E-012, -9.661910E-014, 2.150400E+004 1.570926E+074 2.150400E+004, Thu Sep 10 17:12:46 2015
1.80, 0.00, 0.62, 0.00 , 1.121917E-010, -7.574970E-011, -6.158615E-014, -9.037260E-014, 2.150400E+004 1.570926E+074 2.150400E+004, Thu Sep 10 17:12:52 2015
1.80, 0.00, 0.64, 0.00 , 1.189009E-010, -8.108370E-011, 3.711679E-012, -9.207730E-014, 2.150400E+004 1.570926E+074 2.150400E+004, Thu Sep 10 17:12:58 2015
1.80, 0.00, 0.66, 0.00 , 1.149345E-010, -8.199050E-011, 4.675956E-012, -1.089570E-013, 2.150400E+004 1.570926E+074 2.150400E+004, Thu Sep 10 17:13:03 2015
1.80, 0.00, 0.68, 0.00 , 1.146391E-010, -8.239660E-011, 6.814136E-012, -9.616610E-014, 2.150400E+004 1.570926E+074 2.150400E+004, Thu Sep 10 17:13:07 2015
1.80, 0.00, 0.70, 0.00 , 1.156096E-010, -6.755480E-011, 5.304831E-012, -1.023050E-013, 2.150400E+004 1.570926E+074 2.150400E+004, Thu Sep 10 17:13:13 2015
1.80, 0.00, 0.72, 0.00 , 1.137528E-010, -6.310010E-011, 7.149521E-012, -9.231570E-014, 2.150400E+004 1.570926E+074 2.150400E+004, Thu Sep 10 17:13:18 2015
1.80, 0.00, 0.74, 0.00 , 1.205466E-010, -8.421130E-011, 8.239600E-012, -1.002550E-013, 2.150400E+004 1.570926E+074 2.150400E+004, Thu Sep 10 17:13:25 2015
1.80, 0.00, 0.76, 0.00 , 9.159893E-010, -8.857220E-010, 1.083895E-011, -7.361170E-014, 2.150400E+004 1.570926E+074 2.150400E+004, Thu Sep 10 17:13:39 2015
1.80, 0.00, 0.78, 0.00 , 7.046150E-009, -6.983360E-009, 1.159359E-011, -9.324550E-014, 2.150400E+004 1.570926E+074 2.150400E+004, Thu Sep 10 17:13:44 2015
1.80, 0.00, 0.80, 0.00 , 4.674684E-008, -4.529020E-008, 1.301906E-011, -8.822680E-014, 2.150400E+004 1.570926E+074 2.150400E+004, Thu Sep 10 17:13:49 2015
1.80, 0.00, 0.82, 0.00 , 1.630063E-007, -1.610090E-007, 1.763080E-011, -8.703470E-014, 2.150400E+004 1.570926E+074 2.150400E+004, Thu Sep 10 17:13:54 2015
1.80, 0.00, 0.84, 0.00 , 2.840923E-007, -2.842190E-007, 1.670845E-011, -9.087320E-014, 2.150400E+004 1.570926E+074 2.150400E+004, Thu Sep 10 17:13:58 2015
1.80, 0.00, 0.86, 0.00 , 4.508523E-007, -4.492650E-007, 1.784045E-011, -9.161230E-014, 2.150400E+004 1.570926E+074 2.150400E+004, Thu Sep 10 17:14:01 2015
1.80, 0.00, 0.88, 0.00 , 6.746206E-007, -6.819960E-007, 2.002055E-011, -8.903740E-014, 2.150400E+004 1.570926E+074 2.150400E+004, Thu Sep 10 17:14:05 2015
1.80, 0.00, 0.90, 0.00 , 9.105962E-007, -9.079210E-007, 2.010440E-011, -1.036880E-013, 2.150400E+004 1.570926E+074 2.150400E+004, Thu Sep 10 17:14:08 2015
1.80, 0.00, 0.92, 0.00 , 1.156155E-006, -1.156110E-006, 2.207486E-011, -7.567410E-014, 2.150400E+004 1.570926E+074 2.150400E+004, Thu Sep 10 17:14:12 2015
1.80, 0.00, 0.94, 0.00 , 1.425184E-006, -1.423060E-006, 2.488381E-011, -8.844140E-014, 2.150400E+004 1.570926E+074 2.150400E+004, Thu Sep 10 17:14:16 2015
1.80, 0.00, 0.96, 0.00 , 1.725052E-006, -1.720790E-006, 2.589003E-011, -1.161100E-013, 2.150400E+004 1.570926E+074 2.150400E+004, Thu Sep 10 17:14:19 2015
1.80, 0.00, 0.98, 0.00 , 2.050463E-006, -2.050230E-006, 2.614157E-011, -8.903740E-014, 2.150400E+004 1.570926E+074 2.150400E+004, Thu Sep 10 17:14:23 2015
1.80, 0.00, 1.00, 0.00 , 2.428648E-006, -2.429560E-006, 2.853133E-011, -9.177920E-014, 2.150400E+004 1.570926E+074 2.150400E+004, Thu Sep 10 17:14:26 2015
1.80, 0.00, 1.02, 0.00 , 2.817439E-006, -2.815650E-006, 3.041791E-011, -8.759500E-014, 2.150400E+004 1.570926E+074 2.150400E+004, Thu Sep 10 17:14:30 2015
1.80, 0.00, 1.04, 0.00 , 3.224025E-006, -3.219120E-006, 3.025019E-011, -1.102570E-013, 2.150400E+004 1.570926E+074 2.150400E+004, Thu Sep 10 17:14:33 2015
1.80, 0.00, 1.06, 0.00 , 3.642939E-006, -3.646140E-006, 3.104678E-011, -1.054290E-013, 2.150400E+004 1.570926E+074 2.150400E+004, Thu Sep 10 17:14:37 2015
1.80, 0.00, 1.08, 0.00 , 4.095655E-006, -4.089890E-006, 3.335265E-011, -8.581880E-014, 2.150400E+004 1.570926E+074 2.150400E+004, Thu Sep 10 17:14:40 2015
1.80, 0.00, 1.10, 0.00 , 4.550224E-006, -4.548590E-006, 3.674858E-011, -8.803610E-014, 2.150400E+004 1.570926E+074 2.150400E+004, Thu Sep 10 17:14:44 2015
1.80, 0.00, 1.12, 0.00 , 5.055697E-006, -5.050590E-006, 3.758714E-011, -1.071930E-013, 2.150400E+004 1.570926E+074 2.150400E+004, Thu Sep 10 17:14:47 2015
1.80, 0.00, 1.14, 0.00 , 5.593026E-006, -5.592820E-006, 3.750326E-011, -9.841920E-014, 2.150400E+004 1.570926E+074 2.150400E+004, Thu Sep 10 17:14:51 2015
1.80, 0.00, 1.16, 0.00 , 6.143396E-006, -6.117400E-006, 4.094111E-011, -8.871560E-014, 2.150400E+004 1.570926E+074 2.150400E+004, Thu Sep 10 17:14:55 2015
1.80, 0.00, 1.18, 0.00 , 6.935356E-006, -6.924010E-006, 3.964145E-011, -1.158240E-013, 2.150400E+004 1.570926E+074 2.150400E+004, Thu Sep 10 17:15:01 2015
1.80, 0.00, 1.20, 0.00 , 7.661337E-006, -7.677220E-006, 4.207311E-011, -7.989410E-014, 2.150400E+004 1.570926E+074 2.150400E+004, Thu Sep 10 17:15:05 2015
1.80, 0.00, 1.22, 0.00 , 8.287999E-006, -8.280270E-006, 4.425317E-011, -1.008270E-013, 2.150400E+004 1.570926E+074 2.150400E+004, Thu Sep 10 17:15:09 2015
1.80, 0.00, 1.24, 0.00 , 8.903308E-006, -8.886970E-006, 4.366620E-011, -1.016620E-013, 2.150400E+004 1.570926E+074 2.150400E+004, Thu Sep 10 17:15:12 2015
1.80, 0.00, 1.26, 0.00 , 9.530900E-006, -9.524390E-006, 4.634943E-011, -9.998080E-014, 2.150400E+004 1.570926E+074 2.150400E+004, Thu Sep 10 17:15:16 2015
1.80, 0.00, 1.28, 0.00 , 1.014868E-005, -1.015410E-005, 4.764908E-011, -1.042370E-013, 2.150400E+004 1.570926E+074 2.150400E+004, Thu Sep 10 17:15:19 2015
1.80, 0.00, 1.30, 0.00 , 1.078149E-005, -1.079300E-005, 4.777485E-011, -9.851460E-014, 2.150400E+004 1.570926E+074 2.150400E+004, Thu Sep 10 17:15:23 2015
1.80, 0.00, 1.32, 0.00 , 1.154511E-005, -1.154640E-005, 4.903265E-011, -1.135230E-013, 2.150400E+004 1.570926E+074 2.150400E+004, Thu Sep 10 17:15:26 2015
1.80, 0.00, 1.34, 0.00 , 1.231893E-005, -1.231860E-005, 5.209315E-011, -1.089100E-013, 2.150400E+004 1.570926E+074 2.150400E+004, Thu Sep 10 17:15:30 2015
1.80, 0.00, 1.36, 0.00 , 1.314349E-005, -1.314630E-005, 5.209321E-011, -8.006100E-014, 2.150400E+004 1.570926E+074 2.150400E+004, Thu Sep 10 17:15:34 2015
1.80, 0.00, 1.38, 0.00 , 1.399812E-005, -1.399430E-005, 5.708228E-011, -8.817910E-014, 2.150400E+004 1.570926E+074 2.150400E+004, Thu Sep 10 17:15:37 2015
1.80, 0.00, 1.40, 0.00 , 1.491028E-005, -1.491020E-005, 5.804652E-011, -1.087780E-013, 2.150400E+004 1.570926E+074 2.150400E+004, Thu Sep 10 17:15:41 2015
1.80, 0.00, 1.42, 0.00 , 1.583995E-005, -1.583720E-005, 5.829807E-011, -8.077620E-014, 2.150400E+004 1.570926E+074 2.150400E+004, Thu Sep 10 17:15:44 2015
1.80, 0.00, 1.44, 0.00 , 1.680822E-005, -1.680310E-005, 6.131669E-011, -1.072170E-013, 2.150400E+004 1.570926E+074 2.150400E+004, Thu Sep 10 17:15:48 2015
1.80, 0.00, 1.46, 0.00 , 1.781461E-005, -1.781250E-005, 6.148441E-011, -8.698700E-014, 2.150400E+004 1.570926E+074 2.150400E+004, Thu Sep 10 17:15:51 2015
1.80, 0.00, 1.48, 0.00 , 1.886963E-005, -1.886600E-005, 6.425149E-011, -1.056430E-013, 2.150400E+004 1.570926E+074 2.150400E+004, Thu Sep 10 17:15:55 2015
1.80, 0.00, 1.50, 0.00 , 1.995987E-005, -1.996310E-005, 6.454488E-011, -1.066210E-013, 2.150400E+004 1.570926E+074 2.150400E+004, Thu Sep 10 17:15:58 2015
1.80, 0.00, 1.52, 0.00 , 2.108920E-005, -2.109190E-005, 6.613804E-011, -8.879900E-014, 2.150400E+004 1.570926E+074 2.150400E+004, Thu Sep 10 17:16:02 2015
1.80, 0.00, 1.54, 0.00 , 2.225848E-005, -2.225880E-005, 6.890514E-011, -9.214880E-014, 2.150400E+004 1.570926E+074 2.150400E+004, Thu Sep 10 17:16:06 2015
1.80, 0.00, 1.56, 0.00 , 2.348994E-005, -2.348390E-005, 6.831807E-011, -9.591580E-014, 2.150400E+004 1.570926E+074 2.150400E+004, Thu Sep 10 17:16:09 2015
1.80, 0.00, 1.58, 0.00 , 2.475555E-005, -2.476030E-005, 7.183990E-011, -7.903580E-014, 2.150400E+004 1.570926E+074 2.150400E+004, Thu Sep 10 17:16:13 2015
1.80, 0.00, 1.60, 0.00 , 2.607134E-005, -2.606810E-005, 7.309765E-011, -1.008750E-013, 2.150400E+004 1.570926E+074 2.150400E+004, Thu Sep 10 17:16:16 2015
1.80, 0.00, 1.62, 0.00 , 2.741893E-005, -2.741850E-005, 7.498428E-011, -8.615260E-014, 2.150400E+004 1.570926E+074 2.150400E+004, Thu Sep 10 17:16:20 2015
1.80, 0.00, 1.64, 0.00 , 2.880167E-005, -2.878910E-005, 7.636772E-011, -1.008150E-013, 2.150400E+004 1.570926E+074 2.150400E+004, Thu Sep 10 17:16:23 2015
1.80, 0.00, 1.66, 0.00 , 3.020034E-005, -3.019810E-005, 7.846401E-011, -9.249450E-014, 2.150400E+004 1.570926E+074 2.150400E+004, Thu Sep 10 17:16:27 2015
1.80, 0.00, 1.68, 0.00 , 3.164491E-005, -3.164030E-005, 7.997330E-011, -1.005170E-013, 2.150400E+004 1.570926E+074 2.150400E+004, Thu Sep 10 17:16:30 2015
1.80, 0.00, 1.70, 0.00 , 3.311715E-005, -3.310560E-005, 8.165037E-011, -9.678600E-014, 2.150400E+004 1.570926E+074 2.150400E+004, Thu Sep 10 17:16:34 2015
1.80, 0.00, 1.72, 0.00 , 3.463932E-005, -3.461880E-005, 8.383048E-011, -9.105210E-014, 2.150400E+004 1.570926E+074 2.150400E+004, Thu Sep 10 17:16:38 2015
1.80, 0.00, 1.74, 0.00 , 3.616637E-005, -3.616070E-005, 8.378858E-011, -9.123090E-014, 2.150400E+004 1.570926E+074 2.150400E+004, Thu Sep 10 17:16:41 2015
1.80, 0.00, 1.76, 0.00 , 3.772669E-005, -3.772640E-005, 8.810682E-011, -1.090290E-013, 2.150400E+004 1.570926E+074 2.150400E+004, Thu Sep 10 17:16:45 2015
1.80, 0.00, 1.78, 0.00 , 3.933981E-005, -3.933430E-005, 9.083199E-011, -9.721520E-014, 2.150400E+004 1.570926E+074 2.150400E+004, Thu Sep 10 17:16:48 2015
1.80, 0.00, 1.80, 0.00 , 4.095905E-005, -4.095020E-005, 9.154470E-011, -9.632110E-014, 2.150400E+004 1.570926E+074 2.150400E+004, Thu Sep 10 17:16:52 2015
1.80, 0.00, 1.82, 0.00 , 4.260823E-005, -4.260180E-005, 9.154461E-011, -9.750130E-014, 2.150400E+004 1.570926E+074 2.150400E+004, Thu Sep 10 17:16:55 2015
1.80, 0.00, 1.84, 0.00 , 4.430130E-005, -4.428860E-005, 9.276038E-011, -8.941890E-014, 2.150400E+004 1.570926E+074 2.150400E+004, Thu Sep 10 17:16:59 2015
1.80, 0.00, 1.86, 0.00 , 4.600367E-005, -4.598970E-005, 9.586290E-011, -8.960960E-014, 2.150400E+004 1.570926E+074 2.150400E+004, Thu Sep 10 17:17:02 2015
1.80, 0.00, 1.88, 0.00 , 4.771919E-005, -4.770450E-005, 9.640792E-011, -8.581880E-014, 2.150400E+004 1.570926E+074 2.150400E+004, Thu Sep 10 17:17:06 2015
1.80, 0.00, 1.90, 0.00 , 4.946135E-005, -4.946870E-005, 9.837839E-011, -9.570120E-014, 2.150400E+004 1.570926E+074 2.150400E+004, Thu Sep 10 17:17:09 2015
1.80, 0.00, 1.92, 0.00 , 5.125344E-005, -5.124800E-005, 1.037868E-010, -8.311270E-014, 2.150400E+004 1.570926E+074 2.150400E+004, Thu Sep 10 17:17:13 2015
1.80, 0.00, 1.94, 0.00 , 5.306994E-005, -5.305000E-005, 1.023613E-010, -9.257790E-014, 2.150400E+004 1.570926E+074 2.150400E+004, Thu Sep 10 17:17:17 2015
1.80, 0.00, 1.96, 0.00 , 5.488241E-005, -5.489330E-005, 1.071827E-010, -1.080390E-013, 2.150400E+004 1.570926E+074 2.150400E+004, Thu Sep 10 17:17:20 2015
1.80, 0.00, 1.98, 0.00 , 5.676098E-005, -5.673810E-005, 1.080631E-010, -9.338860E-014, 2.150400E+004 1.570926E+074 2.150400E+004, Thu Sep 10 17:17:24 2015
1.80, 0.00, 2.00, 0.00 , 5.862609E-005, -5.860840E-005, 1.104947E-010, -1.039860E-013, 2.150400E+004 1.570926E+074 2.150400E+004, Thu Sep 10 17:17:27 2015
