1.80, 1.80, -0.20, 1.80 , 1.622432E-007, -1.637370E-007, -4.102417E-011, -1.038310E-013, 2.150400E+004 1.570926E+074 2.150400E+004, Wed Oct 07 15:25:05 2015
1.75, 1.80, -0.20, 1.80 , -2.958398E-005, 2.957950E-005, -3.997595E-011, -1.178150E-013, 2.150400E+004 1.570926E+074 2.150400E+004, Wed Oct 07 15:25:09 2015
1.70, 1.80, -0.20, 1.80 , -5.879312E-005, 5.876940E-005, -3.951472E-011, -1.050350E-013, 2.150400E+004 1.570926E+074 2.150400E+004, Wed Oct 07 15:25:12 2015
1.65, 1.80, -0.20, 1.80 , -8.734473E-005, 8.732190E-005, -3.435741E-011, -1.250270E-013, 2.150400E+004 1.570926E+074 2.150400E+004, Wed Oct 07 15:25:16 2015
1.60, 1.80, -0.20, 1.80 , -1.152372E-004, 1.152260E-004, -4.098225E-011, -1.011370E-013, 2.150400E+004 1.570926E+074 2.150400E+004, Wed Oct 07 15:25:20 2015
1.55, 1.80, -0.20, 1.80 , -1.425772E-004, 1.425490E-004, -3.595073E-011, -1.157400E-013, 2.150400E+004 1.570926E+074 2.150400E+004, Wed Oct 07 15:25:23 2015
1.50, 1.80, -0.20, 1.80 , -1.693481E-004, 1.693280E-004, -3.741825E-011, -1.145120E-013, 2.150400E+004 1.570926E+074 2.150400E+004, Wed Oct 07 15:25:27 2015
1.45, 1.80, -0.20, 1.80 , -1.954577E-004, 1.954220E-004, -3.808912E-011, -9.503360E-014, 2.150400E+004 1.570926E+074 2.150400E+004, Wed Oct 07 15:25:30 2015
1.40, 1.80, -0.20, 1.80 , -2.208659E-004, 2.208190E-004, -3.632810E-011, -1.363040E-013, 2.150400E+004 1.570926E+074 2.150400E+004, Wed Oct 07 15:25:34 2015
1.35, 1.80, -0.20, 1.80 , -2.455222E-004, 2.454520E-004, -3.637002E-011, -1.137380E-013, 2.150400E+004 1.570926E+074 2.150400E+004, Wed Oct 07 15:25:37 2015
1.30, 1.80, -0.20, 1.80 , -2.694219E-004, 2.693300E-004, -3.507022E-011, -1.264690E-013, 2.150400E+004 1.570926E+074 2.150400E+004, Wed Oct 07 15:25:41 2015
1.25, 1.80, -0.20, 1.80 , -2.925545E-004, 2.924980E-004, -3.523793E-011, -1.270060E-013, 2.150400E+004 1.570926E+074 2.150400E+004, Wed Oct 07 15:25:44 2015
1.20, 1.80, -0.20, 1.80 , -3.150070E-004, 3.149390E-004, -3.418970E-011, -9.421110E-014, 2.150400E+004 1.570926E+074 2.150400E+004, Wed Oct 07 15:25:48 2015
1.15, 1.80, -0.20, 1.80 , -3.366316E-004, 3.365960E-004, -3.616038E-011, -1.029370E-013, 2.150400E+004 1.570926E+074 2.150400E+004, Wed Oct 07 15:25:51 2015
1.10, 1.80, -0.20, 1.80 , -3.574569E-004, 3.573940E-004, -3.578300E-011, -1.400830E-013, 2.150400E+004 1.570926E+074 2.150400E+004, Wed Oct 07 15:25:55 2015
1.05, 1.80, -0.20, 1.80 , -3.773845E-004, 3.772980E-004, -3.527986E-011, -1.170520E-013, 2.150400E+004 1.570926E+074 2.150400E+004, Wed Oct 07 15:25:58 2015
1.00, 1.80, -0.20, 1.80 , -3.964251E-004, 3.963270E-004, -3.309954E-011, -1.168130E-013, 2.150400E+004 1.570926E+074 2.150400E+004, Wed Oct 07 15:26:02 2015
0.95, 1.80, -0.20, 1.80 , -4.146096E-004, 4.145140E-004, -3.716669E-011, -1.166820E-013, 2.150400E+004 1.570926E+074 2.150400E+004, Wed Oct 07 15:26:06 2015
0.90, 1.80, -0.20, 1.80 , -4.318907E-004, 4.317680E-004, -3.666353E-011, -1.345990E-013, 2.150400E+004 1.570926E+074 2.150400E+004, Wed Oct 07 15:26:09 2015
0.85, 1.80, -0.20, 1.80 , -4.482162E-004, 4.481430E-004, -3.620229E-011, -1.176830E-013, 2.150400E+004 1.570926E+074 2.150400E+004, Wed Oct 07 15:26:13 2015
0.80, 1.80, -0.20, 1.80 , -4.635645E-004, 4.634770E-004, -3.574108E-011, -1.178740E-013, 2.150400E+004 1.570926E+074 2.150400E+004, Wed Oct 07 15:26:16 2015
0.75, 1.80, -0.20, 1.80 , -4.779398E-004, 4.778340E-004, -3.540565E-011, -9.226800E-014, 2.150400E+004 1.570926E+074 2.150400E+004, Wed Oct 07 15:26:20 2015
0.70, 1.80, -0.20, 1.80 , -4.912687E-004, 4.911600E-004, -3.351882E-011, -1.215820E-013, 2.150400E+004 1.570926E+074 2.150400E+004, Wed Oct 07 15:26:23 2015
0.65, 1.80, -0.20, 1.80 , -5.036564E-004, 5.035570E-004, -3.595073E-011, -1.082060E-013, 2.150400E+004 1.570926E+074 2.150400E+004, Wed Oct 07 15:26:27 2015
0.60, 1.80, -0.20, 1.80 , -5.149541E-004, 5.148420E-004, -3.645387E-011, -1.198290E-013, 2.150400E+004 1.570926E+074 2.150400E+004, Wed Oct 07 15:26:30 2015
0.55, 1.80, -0.20, 1.80 , -5.252647E-004, 5.251310E-004, -3.548950E-011, -1.113770E-013, 2.150400E+004 1.570926E+074 2.150400E+004, Wed Oct 07 15:26:34 2015
0.50, 1.80, -0.20, 1.80 , -5.344891E-004, 5.343540E-004, -3.402198E-011, -8.983610E-014, 2.150400E+004 1.570926E+074 2.150400E+004, Wed Oct 07 15:26:38 2015
0.45, 1.80, -0.20, 1.80 , -5.426653E-004, 5.425420E-004, -3.532179E-011, -1.253130E-013, 2.150400E+004 1.570926E+074 2.150400E+004, Wed Oct 07 15:26:41 2015
0.40, 1.80, -0.20, 1.80 , -5.499258E-004, 5.498250E-004, -3.544756E-011, -8.890630E-014, 2.150400E+004 1.570926E+074 2.150400E+004, Wed Oct 07 15:26:45 2015
0.35, 1.80, -0.20, 1.80 , -5.562057E-004, 5.561200E-004, -3.393812E-011, -1.278160E-013, 2.150400E+004 1.570926E+074 2.150400E+004, Wed Oct 07 15:26:48 2015
0.30, 1.80, -0.20, 1.80 , -5.615204E-004, 5.614330E-004, -3.599265E-011, -1.162290E-013, 2.150400E+004 1.570926E+074 2.150400E+004, Wed Oct 07 15:26:52 2015
0.25, 1.80, -0.20, 1.80 , -5.660709E-004, 5.660080E-004, -3.314145E-011, -1.147750E-013, 2.150400E+004 1.570926E+074 2.150400E+004, Wed Oct 07 15:26:55 2015
0.20, 1.80, -0.20, 1.80 , -5.699013E-004, 5.697060E-004, -3.502828E-011, -1.235010E-013, 2.150400E+004 1.570926E+074 2.150400E+004, Wed Oct 07 15:26:59 2015
0.15, 1.80, -0.20, 1.80 , -5.729355E-004, 5.728620E-004, -3.653773E-011, -1.021740E-013, 2.150400E+004 1.570926E+074 2.150400E+004, Wed Oct 07 15:27:02 2015
0.10, 1.80, -0.20, 1.80 , -5.755159E-004, 5.753750E-004, -3.544757E-011, -1.059060E-013, 2.150400E+004 1.570926E+074 2.150400E+004, Wed Oct 07 15:27:06 2015
0.05, 1.80, -0.20, 1.80 , -5.776996E-004, 5.775530E-004, -3.607652E-011, -1.153830E-013, 2.150400E+004 1.570926E+074 2.150400E+004, Wed Oct 07 15:27:09 2015
0.00, 1.80, -0.20, 1.80 , -5.794743E-004, 5.793430E-004, -3.381233E-011, -1.148700E-013, 2.150400E+004 1.570926E+074 2.150400E+004, Wed Oct 07 15:27:13 2015
-0.05, 1.80, -0.20, 1.80 , -5.809311E-004, 5.808370E-004, -3.351882E-011, -1.197930E-013, 2.150400E+004 1.570926E+074 2.150400E+004, Wed Oct 07 15:27:17 2015
-0.10, 1.80, -0.20, 1.80 , -5.821916E-004, 5.820930E-004, -4.299485E-011, -1.028300E-013, 2.150400E+004 1.570926E+074 2.150400E+004, Wed Oct 07 15:27:20 2015
-0.15, 1.80, -0.20, 1.80 , -5.831955E-004, 5.831380E-004, -3.444127E-011, -2.865310E-013, 2.150400E+004 1.570926E+074 2.150400E+004, Wed Oct 07 15:27:24 2015
-0.20, 1.80, -0.20, 1.80 , -5.841940E-004, 5.841200E-004, -3.553144E-011, -1.307610E-013, 2.150400E+004 1.570926E+074 2.150400E+004, Wed Oct 07 15:27:27 2015
