1.80, 1.80, 0.20, 1.80 , -1.254277E-010, 2.986320E-010, -3.138033E-011, -9.690520E-014, 2.150400E+004 1.570926E+074 2.150400E+004, Sun Oct 11 15:20:56 2015
1.75, 1.80, 0.20, 1.80 , -4.902827E-006, 4.915350E-006, -3.335100E-011, -8.641480E-014, 2.150400E+004 1.570926E+074 2.150400E+004, Sun Oct 11 15:21:01 2015
1.70, 1.80, 0.20, 1.80 , -2.051886E-005, 2.053260E-005, -2.840339E-011, -1.046180E-013, 2.150400E+004 1.570926E+074 2.150400E+004, Sun Oct 11 15:21:04 2015
1.65, 1.80, 0.20, 1.80 , -4.619059E-005, 4.620170E-005, -3.104491E-011, -1.057740E-013, 2.150400E+004 1.570926E+074 2.150400E+004, Sun Oct 11 15:21:08 2015
1.60, 1.80, 0.20, 1.80 , -8.244401E-005, 8.245130E-005, -3.200927E-011, -9.410380E-014, 2.150400E+004 1.570926E+074 2.150400E+004, Sun Oct 11 15:21:11 2015
1.55, 1.80, 0.20, 1.80 , -1.253152E-004, 1.253290E-004, -3.578287E-011, -1.117590E-013, 2.150400E+004 1.570926E+074 2.150400E+004, Sun Oct 11 15:21:15 2015
1.50, 1.80, 0.20, 1.80 , -1.701629E-004, 1.701630E-004, -3.339292E-011, -1.024480E-013, 2.150400E+004 1.570926E+074 2.150400E+004, Sun Oct 11 15:21:19 2015
1.45, 1.80, 0.20, 1.80 , -2.141299E-004, 2.141260E-004, -3.259627E-011, -9.739400E-014, 2.150400E+004 1.570926E+074 2.150400E+004, Sun Oct 11 15:21:22 2015
1.40, 1.80, 0.20, 1.80 , -2.558714E-004, 2.558540E-004, -3.414764E-011, -9.421110E-014, 2.150400E+004 1.570926E+074 2.150400E+004, Sun Oct 11 15:21:26 2015
1.35, 1.80, 0.20, 1.80 , -2.948501E-004, 2.948350E-004, -3.456693E-011, -9.946820E-014, 2.150400E+004 1.570926E+074 2.150400E+004, Sun Oct 11 15:21:29 2015
1.30, 1.80, 0.20, 1.80 , -3.310722E-004, 3.310450E-004, -3.343484E-011, -1.041650E-013, 2.150400E+004 1.570926E+074 2.150400E+004, Sun Oct 11 15:21:33 2015
1.25, 1.80, 0.20, 1.80 , -3.646656E-004, 3.646240E-004, -3.200927E-011, -9.061100E-014, 2.150400E+004 1.570926E+074 2.150400E+004, Sun Oct 11 15:21:36 2015
1.20, 1.80, 0.20, 1.80 , -3.957114E-004, 3.956680E-004, -3.360256E-011, -1.120210E-013, 2.150400E+004 1.570926E+074 2.150400E+004, Sun Oct 11 15:21:40 2015
1.15, 1.80, 0.20, 1.80 , -4.241071E-004, 4.240650E-004, -3.272206E-011, -1.168730E-013, 2.150400E+004 1.570926E+074 2.150400E+004, Sun Oct 11 15:21:44 2015
1.10, 1.80, 0.20, 1.80 , -4.498714E-004, 4.498030E-004, -3.486042E-011, -1.055840E-013, 2.150400E+004 1.570926E+074 2.150400E+004, Sun Oct 11 15:21:47 2015
1.05, 1.80, 0.20, 1.80 , -4.729076E-004, 4.728600E-004, -3.351871E-011, -1.232620E-013, 2.150400E+004 1.570926E+074 2.150400E+004, Sun Oct 11 15:21:51 2015
1.00, 1.80, 0.20, 1.80 , -4.933033E-004, 4.932530E-004, -3.330906E-011, -1.228570E-013, 2.150400E+004 1.570926E+074 2.150400E+004, Sun Oct 11 15:21:54 2015
0.95, 1.80, 0.20, 1.80 , -5.111582E-004, 5.110880E-004, -3.217698E-011, -8.400680E-014, 2.150400E+004 1.570926E+074 2.150400E+004, Sun Oct 11 15:21:58 2015
0.90, 1.80, 0.20, 1.80 , -5.265290E-004, 5.264670E-004, -3.146419E-011, -1.107340E-013, 2.150400E+004 1.570926E+074 2.150400E+004, Sun Oct 11 15:22:01 2015
0.85, 1.80, 0.20, 1.80 , -5.394812E-004, 5.394130E-004, -3.221892E-011, -1.206640E-013, 2.150400E+004 1.570926E+074 2.150400E+004, Sun Oct 11 15:22:05 2015
0.80, 1.80, 0.20, 1.80 , -5.501077E-004, 5.500550E-004, -3.389607E-011, -1.450300E-013, 2.150400E+004 1.570926E+074 2.150400E+004, Sun Oct 11 15:22:08 2015
0.75, 1.80, 0.20, 1.80 , -5.586712E-004, 5.585700E-004, -3.158998E-011, -9.639260E-014, 2.150400E+004 1.570926E+074 2.150400E+004, Sun Oct 11 15:22:12 2015
0.70, 1.80, 0.20, 1.80 , -5.653269E-004, 5.652360E-004, -3.129648E-011, -1.008270E-013, 2.150400E+004 1.570926E+074 2.150400E+004, Sun Oct 11 15:22:15 2015
0.65, 1.80, 0.20, 1.80 , -5.704848E-004, 5.703980E-004, -3.238663E-011, -9.170770E-014, 2.150400E+004 1.570926E+074 2.150400E+004, Sun Oct 11 15:22:19 2015
0.60, 1.80, 0.20, 1.80 , -5.743767E-004, 5.742950E-004, -3.427342E-011, -1.024130E-013, 2.150400E+004 1.570926E+074 2.150400E+004, Sun Oct 11 15:22:22 2015
0.55, 1.80, 0.20, 1.80 , -5.773227E-004, 5.772490E-004, -3.305748E-011, -1.010890E-013, 2.150400E+004 1.570926E+074 2.150400E+004, Sun Oct 11 15:22:26 2015
0.50, 1.80, 0.20, 1.80 , -5.796055E-004, 5.795230E-004, -3.125455E-011, -8.726120E-014, 2.150400E+004 1.570926E+074 2.150400E+004, Sun Oct 11 15:22:30 2015
0.45, 1.80, 0.20, 1.80 , -5.813999E-004, 5.813220E-004, -3.335099E-011, -1.060490E-013, 2.150400E+004 1.570926E+074 2.150400E+004, Sun Oct 11 15:22:33 2015
0.40, 1.80, 0.20, 1.80 , -5.829107E-004, 5.828350E-004, -3.188348E-011, -1.068000E-013, 2.150400E+004 1.570926E+074 2.150400E+004, Sun Oct 11 15:22:37 2015
0.35, 1.80, 0.20, 1.80 , -5.841510E-004, 5.840660E-004, -3.364449E-011, -1.077060E-013, 2.150400E+004 1.570926E+074 2.150400E+004, Sun Oct 11 15:22:40 2015
0.30, 1.80, 0.20, 1.80 , -5.852034E-004, 5.851270E-004, -3.154806E-011, -9.472370E-014, 2.150400E+004 1.570926E+074 2.150400E+004, Sun Oct 11 15:22:44 2015
0.25, 1.80, 0.20, 1.80 , -5.861094E-004, 5.860290E-004, -3.322520E-011, -1.270650E-013, 2.150400E+004 1.570926E+074 2.150400E+004, Sun Oct 11 15:22:47 2015
0.20, 1.80, 0.20, 1.80 , -5.869159E-004, 5.868390E-004, -3.297362E-011, -1.206040E-013, 2.150400E+004 1.570926E+074 2.150400E+004, Sun Oct 11 15:22:51 2015
0.15, 1.80, 0.20, 1.80 , -5.876404E-004, 5.875580E-004, -3.309941E-011, -1.311420E-013, 2.150400E+004 1.570926E+074 2.150400E+004, Sun Oct 11 15:22:54 2015
0.10, 1.80, 0.20, 1.80 , -5.883217E-004, 5.882290E-004, -3.381220E-011, -8.136030E-014, 2.150400E+004 1.570926E+074 2.150400E+004, Sun Oct 11 15:22:58 2015
0.05, 1.80, 0.20, 1.80 , -5.889250E-004, 5.888520E-004, -3.167384E-011, -1.221060E-013, 2.150400E+004 1.570926E+074 2.150400E+004, Sun Oct 11 15:23:01 2015
0.00, 1.80, 0.20, 1.80 , -5.895656E-004, 5.894850E-004, -3.012247E-011, -9.200570E-014, 2.150400E+004 1.570926E+074 2.150400E+004, Sun Oct 11 15:23:05 2015
-0.05, 1.80, 0.20, 1.80 , -5.903319E-004, 5.902690E-004, -3.079333E-011, -1.002430E-013, 2.150400E+004 1.570926E+074 2.150400E+004, Sun Oct 11 15:23:09 2015
-0.10, 1.80, 0.20, 1.80 , -5.914022E-004, 5.913440E-004, -3.486042E-011, -1.115200E-013, 2.150400E+004 1.570926E+074 2.150400E+004, Sun Oct 11 15:23:12 2015
-0.15, 1.80, 0.20, 1.80 , -5.925386E-004, 5.923700E-004, -3.481850E-011, -1.030680E-013, 2.150400E+004 1.570926E+074 2.150400E+004, Sun Oct 11 15:23:16 2015
-0.20, 1.80, 0.20, 1.80 , -5.933826E-004, 5.933320E-004, -3.473464E-011, -1.104710E-013, 2.150400E+004 1.570926E+074 2.150400E+004, Sun Oct 11 15:23:19 2015
