0.00, 1.80, 1.78, 1.80 , -3.157443E-011, 5.169790E-012, 6.261173E-005, -1.266960E-013, 2.150400E+004 1.570926E+074 2.150400E+004, Sun Oct 11 12:56:26 2015
0.00, 1.80, 1.76, 1.80 , -3.009741E-011, 5.369970E-012, 6.059181E-005, -1.044030E-013, 2.150400E+004 1.570926E+074 2.150400E+004, Sun Oct 11 12:56:42 2015
0.00, 1.80, 1.74, 1.80 , -2.980203E-011, 5.370200E-012, 5.858722E-005, -7.925030E-014, 2.150400E+004 1.570926E+074 2.150400E+004, Sun Oct 11 12:56:53 2015
0.00, 1.80, 1.72, 1.80 , -2.849379E-011, 5.574750E-012, 5.655688E-005, -8.654590E-014, 2.150400E+004 1.570926E+074 2.150400E+004, Sun Oct 11 12:57:00 2015
0.00, 1.80, 1.70, 1.80 , -2.663699E-011, 5.668900E-012, 5.458439E-005, -1.016620E-013, 2.150400E+004 1.570926E+074 2.150400E+004, Sun Oct 11 12:57:50 2015
0.00, 1.80, 1.68, 1.80 , -2.963318E-011, 5.597630E-012, 5.264513E-005, -1.052020E-013, 2.150400E+004 1.570926E+074 2.150400E+004, Sun Oct 11 12:58:00 2015
0.00, 1.80, 1.66, 1.80 , -2.764979E-011, 5.738750E-012, 5.062288E-005, -8.800030E-014, 2.150400E+004 1.570926E+074 2.150400E+004, Sun Oct 11 12:58:06 2015
0.00, 1.80, 1.64, 1.80 , -3.182761E-011, 5.805840E-012, 4.865487E-005, -7.103680E-014, 2.150400E+004 1.570926E+074 2.150400E+004, Sun Oct 11 12:58:12 2015
0.00, 1.80, 1.62, 1.80 , -2.959100E-011, 5.765490E-012, 4.664771E-005, -8.829830E-014, 2.150400E+004 1.570926E+074 2.150400E+004, Sun Oct 11 12:58:34 2015
0.00, 1.80, 1.60, 1.80 , -2.722777E-011, 5.864060E-012, 4.469309E-005, -1.050000E-013, 2.150400E+004 1.570926E+074 2.150400E+004, Sun Oct 11 12:58:40 2015
0.00, 1.80, 1.58, 1.80 , -3.001303E-011, 5.905690E-012, 4.274575E-005, -8.867980E-014, 2.150400E+004 1.570926E+074 2.150400E+004, Sun Oct 11 12:58:45 2015
0.00, 1.80, 1.56, 1.80 , -2.743880E-011, 5.892210E-012, 4.078670E-005, -7.784370E-014, 2.150400E+004 1.570926E+074 2.150400E+004, Sun Oct 11 12:59:01 2015
0.00, 1.80, 1.54, 1.80 , -2.676358E-011, 5.917910E-012, 3.881537E-005, -8.943080E-014, 2.150400E+004 1.570926E+074 2.150400E+004, Sun Oct 11 12:59:09 2015
0.00, 1.80, 1.52, 1.80 , -2.916901E-011, 5.925800E-012, 3.689314E-005, -1.129150E-013, 2.150400E+004 1.570926E+074 2.150400E+004, Sun Oct 11 12:59:13 2015
0.00, 1.80, 1.50, 1.80 , -2.739660E-011, 6.019660E-012, 3.494684E-005, -1.077290E-013, 2.150400E+004 1.570926E+074 2.150400E+004, Sun Oct 11 12:59:20 2015
0.00, 1.80, 1.48, 1.80 , -2.929560E-011, 6.025360E-012, 3.300978E-005, -8.571150E-014, 2.150400E+004 1.570926E+074 2.150400E+004, Sun Oct 11 12:59:25 2015
0.00, 1.80, 1.46, 1.80 , -2.874702E-011, 6.107450E-012, 3.112397E-005, -9.921790E-014, 2.150400E+004 1.570926E+074 2.150400E+004, Sun Oct 11 12:59:58 2015
0.00, 1.80, 1.44, 1.80 , -2.824061E-011, 6.153200E-012, 2.920210E-005, -1.044270E-013, 2.150400E+004 1.570926E+074 2.150400E+004, Sun Oct 11 13:00:04 2015
0.00, 1.80, 1.42, 1.80 , -2.748097E-011, 6.197490E-012, 2.730475E-005, -1.012330E-013, 2.150400E+004 1.570926E+074 2.150400E+004, Sun Oct 11 13:00:09 2015
0.00, 1.80, 1.40, 1.80 , -3.330466E-011, 6.130710E-012, 2.539536E-005, -1.014830E-013, 2.150400E+004 1.570926E+074 2.150400E+004, Sun Oct 11 13:00:33 2015
0.00, 1.80, 1.38, 1.80 , -2.815620E-011, 6.262350E-012, 2.349102E-005, -9.410380E-014, 2.150400E+004 1.570926E+074 2.150400E+004, Sun Oct 11 13:00:39 2015
0.00, 1.80, 1.36, 1.80 , -3.119462E-011, 6.289830E-012, 2.159570E-005, -9.721520E-014, 2.150400E+004 1.570926E+074 2.150400E+004, Sun Oct 11 13:01:17 2015
0.00, 1.80, 1.34, 1.80 , -2.988641E-011, 6.315990E-012, 1.971374E-005, -9.948020E-014, 2.150400E+004 1.570926E+074 2.150400E+004, Sun Oct 11 13:01:52 2015
0.00, 1.80, 1.32, 1.80 , -3.254503E-011, 6.731250E-012, 1.784206E-005, -7.920270E-014, 2.150400E+004 1.570926E+074 2.150400E+004, Sun Oct 11 13:01:58 2015
0.00, 1.80, 1.30, 1.80 , -3.828428E-011, 1.599320E-011, 1.595067E-005, -8.116960E-014, 2.150400E+004 1.570926E+074 2.150400E+004, Sun Oct 11 13:02:31 2015
0.00, 1.80, 1.28, 1.80 , -6.263446E-008, 6.257400E-008, 1.394713E-005, -9.639260E-014, 2.150400E+004 1.570926E+074 2.150400E+004, Sun Oct 11 13:02:42 2015
0.00, 1.80, 1.26, 1.80 , -4.053491E-007, 4.054010E-007, 7.750575E-006, -8.925200E-014, 2.150400E+004 1.570926E+074 2.150400E+004, Sun Oct 11 13:02:53 2015
0.00, 1.80, 1.24, 1.80 , -8.485604E-007, 8.547250E-007, 7.859031E-010, -9.908680E-014, 2.150400E+004 1.570926E+074 2.150400E+004, Sun Oct 11 13:02:57 2015
0.00, 1.80, 1.22, 1.80 , -1.803688E-006, 1.805950E-006, 5.360208E-011, -9.278060E-014, 2.150400E+004 1.570926E+074 2.150400E+004, Sun Oct 11 13:03:00 2015
0.00, 1.80, 1.20, 1.80 , -3.229068E-006, 3.239550E-006, 1.657216E-012, -9.080170E-014, 2.150400E+004 1.570926E+074 2.150400E+004, Sun Oct 11 13:03:04 2015
0.00, 1.80, 1.18, 1.80 , -5.208051E-006, 5.204330E-006, -5.637709E-012, -9.071830E-014, 2.150400E+004 1.570926E+074 2.150400E+004, Sun Oct 11 13:03:07 2015
0.00, 1.80, 1.16, 1.80 , -7.656574E-006, 7.659760E-006, -7.021227E-012, -9.112360E-014, 2.150400E+004 1.570926E+074 2.150400E+004, Sun Oct 11 13:03:11 2015
0.00, 1.80, 1.14, 1.80 , -1.064594E-005, 1.053200E-005, -3.960712E-012, -8.957390E-014, 2.150400E+004 1.570926E+074 2.150400E+004, Sun Oct 11 13:03:15 2015
0.00, 1.80, 1.12, 1.80 , -1.414493E-005, 1.416000E-005, -6.224646E-012, -7.519720E-014, 2.150400E+004 1.570926E+074 2.150400E+004, Sun Oct 11 13:03:18 2015
0.00, 1.80, 1.10, 1.80 , -1.810173E-005, 1.809220E-005, -6.937378E-012, -1.134160E-013, 2.150400E+004 1.570926E+074 2.150400E+004, Sun Oct 11 13:03:22 2015
0.00, 1.80, 1.08, 1.80 , -2.219793E-005, 2.220270E-005, -1.062676E-011, -8.829830E-014, 2.150400E+004 1.570926E+074 2.150400E+004, Sun Oct 11 13:03:25 2015
0.00, 1.80, 1.06, 1.80 , -2.650245E-005, 2.650960E-005, -1.180065E-011, -9.090900E-014, 2.150400E+004 1.570926E+074 2.150400E+004, Sun Oct 11 13:03:29 2015
0.00, 1.80, 1.04, 1.80 , -3.124001E-005, 3.127870E-005, -8.278963E-012, -9.371040E-014, 2.150400E+004 1.570926E+074 2.150400E+004, Sun Oct 11 13:03:32 2015
0.00, 1.80, 1.02, 1.80 , -3.651768E-005, 3.653840E-005, -1.016558E-011, -1.042130E-013, 2.150400E+004 1.570926E+074 2.150400E+004, Sun Oct 11 13:03:36 2015
0.00, 1.80, 1.00, 1.80 , -4.232537E-005, 4.231100E-005, -1.045906E-011, -1.102810E-013, 2.150400E+004 1.570926E+074 2.150400E+004, Sun Oct 11 13:03:39 2015
0.00, 1.80, 0.98, 1.80 , -4.875343E-005, 4.877800E-005, -1.196834E-011, -1.086240E-013, 2.150400E+004 1.570926E+074 2.150400E+004, Sun Oct 11 13:03:43 2015
0.00, 1.80, 0.96, 1.80 , -5.580250E-005, 5.579310E-005, -1.029136E-011, -1.252170E-013, 2.150400E+004 1.570926E+074 2.150400E+004, Sun Oct 11 13:03:46 2015
0.00, 1.80, 0.94, 1.80 , -6.329890E-005, 6.326450E-005, -1.129755E-011, -1.261830E-013, 2.150400E+004 1.570926E+074 2.150400E+004, Sun Oct 11 13:03:50 2015
0.00, 1.80, 0.92, 1.80 , -7.128769E-005, 7.128570E-005, -1.414843E-011, -1.163240E-013, 2.150400E+004 1.570926E+074 2.150400E+004, Sun Oct 11 13:03:53 2015
0.00, 1.80, 0.90, 1.80 , -7.986816E-005, 7.982510E-005, -1.481924E-011, -9.421110E-014, 2.150400E+004 1.570926E+074 2.150400E+004, Sun Oct 11 13:03:57 2015
0.00, 1.80, 0.88, 1.80 , -8.916736E-005, 8.911510E-005, -1.184257E-011, -8.189680E-014, 2.150400E+004 1.570926E+074 2.150400E+004, Sun Oct 11 13:04:00 2015
0.00, 1.80, 0.86, 1.80 , -9.907222E-005, 9.903300E-005, -1.276492E-011, -9.608270E-014, 2.150400E+004 1.570926E+074 2.150400E+004, Sun Oct 11 13:04:04 2015
0.00, 1.80, 0.84, 1.80 , -1.094953E-004, 1.095110E-004, -1.611891E-011, -1.154540E-013, 2.150400E+004 1.570926E+074 2.150400E+004, Sun Oct 11 13:04:08 2015
0.00, 1.80, 0.82, 1.80 , -1.204525E-004, 1.204450E-004, -1.276492E-011, -9.384160E-014, 2.150400E+004 1.570926E+074 2.150400E+004, Sun Oct 11 13:04:11 2015
0.00, 1.80, 0.80, 1.80 , -1.318077E-004, 1.318020E-004, -1.305839E-011, -9.138580E-014, 2.150400E+004 1.570926E+074 2.150400E+004, Sun Oct 11 13:04:15 2015
0.00, 1.80, 0.78, 1.80 , -1.435946E-004, 1.435990E-004, -1.377111E-011, -7.663970E-014, 2.150400E+004 1.570926E+074 2.150400E+004, Sun Oct 11 13:04:18 2015
0.00, 1.80, 0.76, 1.80 , -1.558102E-004, 1.558150E-004, -1.624468E-011, -1.091240E-013, 2.150400E+004 1.570926E+074 2.150400E+004, Sun Oct 11 13:04:22 2015
0.00, 1.80, 0.74, 1.80 , -1.684229E-004, 1.684100E-004, -1.528041E-011, -9.093280E-014, 2.150400E+004 1.570926E+074 2.150400E+004, Sun Oct 11 13:04:25 2015
0.00, 1.80, 0.72, 1.80 , -1.813588E-004, 1.813690E-004, -1.855055E-011, -6.600620E-014, 2.150400E+004 1.570926E+074 2.150400E+004, Sun Oct 11 13:04:29 2015
0.00, 1.80, 0.70, 1.80 , -1.945918E-004, 1.945970E-004, -1.779590E-011, -8.777380E-014, 2.150400E+004 1.570926E+074 2.150400E+004, Sun Oct 11 13:04:32 2015
0.00, 1.80, 0.68, 1.80 , -2.081649E-004, 2.081640E-004, -1.523848E-011, -9.055140E-014, 2.150400E+004 1.570926E+074 2.150400E+004, Sun Oct 11 13:04:36 2015
0.00, 1.80, 0.66, 1.80 , -2.219864E-004, 2.219560E-004, -1.502886E-011, -9.493830E-014, 2.150400E+004 1.570926E+074 2.150400E+004, Sun Oct 11 13:04:40 2015
0.00, 1.80, 0.64, 1.80 , -2.360250E-004, 2.360660E-004, -1.834092E-011, -1.065130E-013, 2.150400E+004 1.570926E+074 2.150400E+004, Sun Oct 11 13:04:43 2015
0.00, 1.80, 0.62, 1.80 , -2.504046E-004, 2.503870E-004, -1.867632E-011, -1.037120E-013, 2.150400E+004 1.570926E+074 2.150400E+004, Sun Oct 11 13:04:47 2015
0.00, 1.80, 0.60, 1.80 , -2.649795E-004, 2.649420E-004, -2.010176E-011, -9.195800E-014, 2.150400E+004 1.570926E+074 2.150400E+004, Sun Oct 11 13:04:50 2015
0.00, 1.80, 0.58, 1.80 , -2.797581E-004, 2.797100E-004, -1.641238E-011, -1.113770E-013, 2.150400E+004 1.570926E+074 2.150400E+004, Sun Oct 11 13:04:54 2015
0.00, 1.80, 0.56, 1.80 , -2.947303E-004, 2.947040E-004, -1.645430E-011, -8.946660E-014, 2.150400E+004 1.570926E+074 2.150400E+004, Sun Oct 11 13:04:57 2015
0.00, 1.80, 0.54, 1.80 , -3.098869E-004, 3.098400E-004, -1.876017E-011, -1.002550E-013, 2.150400E+004 1.570926E+074 2.150400E+004, Sun Oct 11 13:05:01 2015
0.00, 1.80, 0.52, 1.80 , -3.252916E-004, 3.251920E-004, -1.855055E-011, -9.498600E-014, 2.150400E+004 1.570926E+074 2.150400E+004, Sun Oct 11 13:05:04 2015
0.00, 1.80, 0.50, 1.80 , -3.408262E-004, 3.407460E-004, -1.964059E-011, -7.915500E-014, 2.150400E+004 1.570926E+074 2.150400E+004, Sun Oct 11 13:05:08 2015
0.00, 1.80, 0.48, 1.80 , -3.564505E-004, 3.564080E-004, -2.043716E-011, -1.122470E-013, 2.150400E+004 1.570926E+074 2.150400E+004, Sun Oct 11 13:05:11 2015
0.00, 1.80, 0.46, 1.80 , -3.722890E-004, 3.722780E-004, -2.114989E-011, -8.779760E-014, 2.150400E+004 1.570926E+074 2.150400E+004, Sun Oct 11 13:05:15 2015
0.00, 1.80, 0.44, 1.80 , -3.883175E-004, 3.882320E-004, -2.169491E-011, -8.953810E-014, 2.150400E+004 1.570926E+074 2.150400E+004, Sun Oct 11 13:05:19 2015
0.00, 1.80, 0.42, 1.80 , -4.045381E-004, 4.044640E-004, -2.165298E-011, -9.080170E-014, 2.150400E+004 1.570926E+074 2.150400E+004, Sun Oct 11 13:05:22 2015
0.00, 1.80, 0.40, 1.80 , -4.207591E-004, 4.207420E-004, -1.968252E-011, -1.204010E-013, 2.150400E+004 1.570926E+074 2.150400E+004, Sun Oct 11 13:05:26 2015
0.00, 1.80, 0.38, 1.80 , -4.371801E-004, 4.370760E-004, -2.295265E-011, -1.006130E-013, 2.150400E+004 1.570926E+074 2.150400E+004, Sun Oct 11 13:05:29 2015
0.00, 1.80, 0.36, 1.80 , -4.537167E-004, 4.536410E-004, -2.249148E-011, -1.092910E-013, 2.150400E+004 1.570926E+074 2.150400E+004, Sun Oct 11 13:05:33 2015
0.00, 1.80, 0.34, 1.80 , -4.702010E-004, 4.701870E-004, -2.278495E-011, -1.325250E-013, 2.150400E+004 1.570926E+074 2.150400E+004, Sun Oct 11 13:05:36 2015
0.00, 1.80, 0.32, 1.80 , -4.869791E-004, 4.868750E-004, -2.219801E-011, -1.090880E-013, 2.150400E+004 1.570926E+074 2.150400E+004, Sun Oct 11 13:05:40 2015
0.00, 1.80, 0.30, 1.80 , -5.037895E-004, 5.037280E-004, -2.404280E-011, -1.117470E-013, 2.150400E+004 1.570926E+074 2.150400E+004, Sun Oct 11 13:05:43 2015
0.00, 1.80, 0.28, 1.80 , -5.207986E-004, 5.207390E-004, -2.509102E-011, -1.052500E-013, 2.150400E+004 1.570926E+074 2.150400E+004, Sun Oct 11 13:05:47 2015
0.00, 1.80, 0.26, 1.80 , -5.379266E-004, 5.377890E-004, -2.592960E-011, -1.145010E-013, 2.150400E+004 1.570926E+074 2.150400E+004, Sun Oct 11 13:05:50 2015
0.00, 1.80, 0.24, 1.80 , -5.550449E-004, 5.549740E-004, -2.626503E-011, -1.043200E-013, 2.150400E+004 1.570926E+074 2.150400E+004, Sun Oct 11 13:05:54 2015
0.00, 1.80, 0.22, 1.80 , -5.723465E-004, 5.722530E-004, -2.379122E-011, -9.175540E-014, 2.150400E+004 1.570926E+074 2.150400E+004, Sun Oct 11 13:05:57 2015
0.00, 1.80, 0.20, 1.80 , -5.897294E-004, 5.896390E-004, -2.416858E-011, -7.833240E-014, 2.150400E+004 1.570926E+074 2.150400E+004, Sun Oct 11 13:06:01 2015
0.00, 1.80, 0.18, 1.80 , -6.070984E-004, 6.070440E-004, -2.894849E-011, -7.653240E-014, 2.150400E+004 1.570926E+074 2.150400E+004, Sun Oct 11 13:06:04 2015
0.00, 1.80, 0.16, 1.80 , -6.246188E-004, 6.245260E-004, -2.865499E-011, -9.557010E-014, 2.150400E+004 1.570926E+074 2.150400E+004, Sun Oct 11 13:06:08 2015
0.00, 1.80, 0.14, 1.80 , -6.421229E-004, 6.420350E-004, -2.735519E-011, -1.230360E-013, 2.150400E+004 1.570926E+074 2.150400E+004, Sun Oct 11 13:06:12 2015
0.00, 1.80, 0.12, 1.80 , -6.597411E-004, 6.596550E-004, -2.383315E-011, -1.255630E-013, 2.150400E+004 1.570926E+074 2.150400E+004, Sun Oct 11 13:06:15 2015
0.00, 1.80, 0.10, 1.80 , -6.774142E-004, 6.772860E-004, -2.701976E-011, -9.777550E-014, 2.150400E+004 1.570926E+074 2.150400E+004, Sun Oct 11 13:06:19 2015
0.00, 1.80, 0.08, 1.80 , -6.950624E-004, 6.949600E-004, -3.066758E-011, -1.038070E-013, 2.150400E+004 1.570926E+074 2.150400E+004, Sun Oct 11 13:06:22 2015
0.00, 1.80, 0.06, 1.80 , -7.127451E-004, 7.126410E-004, -3.058373E-011, -1.165630E-013, 2.150400E+004 1.570926E+074 2.150400E+004, Sun Oct 11 13:06:26 2015
0.00, 1.80, 0.04, 1.80 , -7.304820E-004, 7.303680E-004, -2.894849E-011, -1.217840E-013, 2.150400E+004 1.570926E+074 2.150400E+004, Sun Oct 11 13:06:29 2015
0.00, 1.80, 0.02, 1.80 , -7.482420E-004, 7.481470E-004, -3.142232E-011, -1.192690E-013, 2.150400E+004 1.570926E+074 2.150400E+004, Sun Oct 11 13:06:33 2015
0.00, 1.80, 0.00, 1.80 , -7.660890E-004, 7.659950E-004, -3.435734E-011, -8.438830E-014, 2.150400E+004 1.570926E+074 2.150400E+004, Sun Oct 11 13:06:36 2015
0.00, 1.80, -0.02, 1.80 , -7.838834E-004, 7.837860E-004, -3.347682E-011, -9.686950E-014, 2.150400E+004 1.570926E+074 2.150400E+004, Sun Oct 11 13:06:40 2015
0.00, 1.80, -0.04, 1.80 , -8.017741E-004, 8.016550E-004, -3.435734E-011, -1.263500E-013, 2.150400E+004 1.570926E+074 2.150400E+004, Sun Oct 11 13:06:43 2015
0.00, 1.80, -0.06, 1.80 , -8.195678E-004, 8.194110E-004, -2.894849E-011, -1.155260E-013, 2.150400E+004 1.570926E+074 2.150400E+004, Sun Oct 11 13:06:47 2015
0.00, 1.80, -0.08, 1.80 , -8.373302E-004, 8.372190E-004, -3.620223E-011, -1.314880E-013, 2.150400E+004 1.570926E+074 2.150400E+004, Sun Oct 11 13:06:50 2015
0.00, 1.80, -0.10, 1.80 , -8.551128E-004, 8.549980E-004, -3.356068E-011, -9.127860E-014, 2.150400E+004 1.570926E+074 2.150400E+004, Sun Oct 11 13:06:54 2015
0.00, 1.80, -0.12, 1.80 , -8.729147E-004, 8.727990E-004, -3.490241E-011, -8.124110E-014, 2.150400E+004 1.570926E+074 2.150400E+004, Sun Oct 11 13:06:58 2015
0.00, 1.80, -0.14, 1.80 , -8.907117E-004, 8.905990E-004, -3.477662E-011, -1.085040E-013, 2.150400E+004 1.570926E+074 2.150400E+004, Sun Oct 11 13:07:01 2015
0.00, 1.80, -0.16, 1.80 , -9.084718E-004, 9.083530E-004, -3.343489E-011, -1.047970E-013, 2.150400E+004 1.570926E+074 2.150400E+004, Sun Oct 11 13:07:05 2015
0.00, 1.80, -0.18, 1.80 , -9.261923E-004, 9.260990E-004, -3.343490E-011, -1.078250E-013, 2.150400E+004 1.570926E+074 2.150400E+004, Sun Oct 11 13:07:08 2015
0.00, 1.80, -0.20, 1.80 , -9.438986E-004, 9.437620E-004, -3.402191E-011, -1.110080E-013, 2.150400E+004 1.570926E+074 2.150400E+004, Sun Oct 11 13:07:12 2015