1.80, 1.80, 1.40, 1.80 , -7.773386E-012, 5.489360E-012, 2.538922E-005, -1.163960E-013, 2.150400E+004 1.570926E+074 2.150400E+004, Sun Oct 11 15:04:05 2015
1.75, 1.80, 1.40, 1.80 , -2.241688E-011, 5.157130E-012, 2.537631E-005, -1.013760E-013, 2.150400E+004 1.570926E+074 2.150400E+004, Sun Oct 11 15:04:39 2015
1.70, 1.80, 1.40, 1.80 , -2.410489E-011, 5.144510E-012, 2.536758E-005, -1.263620E-013, 2.150400E+004 1.570926E+074 2.150400E+004, Sun Oct 11 15:04:50 2015
1.65, 1.80, 1.40, 1.80 , -2.342968E-011, 5.225530E-012, 2.538185E-005, -1.041770E-013, 2.150400E+004 1.570926E+074 2.150400E+004, Sun Oct 11 15:05:02 2015
1.60, 1.80, 1.40, 1.80 , -2.634150E-011, 5.204450E-012, 2.538079E-005, -9.212490E-014, 2.150400E+004 1.570926E+074 2.150400E+004, Sun Oct 11 15:05:16 2015
1.55, 1.80, 1.40, 1.80 , -2.672129E-011, 5.294750E-012, 2.537071E-005, -1.098870E-013, 2.150400E+004 1.570926E+074 2.150400E+004, Sun Oct 11 15:05:27 2015
1.50, 1.80, 1.40, 1.80 , -2.414708E-011, 5.349700E-012, 2.537871E-005, -9.229180E-014, 2.150400E+004 1.570926E+074 2.150400E+004, Sun Oct 11 15:05:46 2015
1.45, 1.80, 1.40, 1.80 , -2.575068E-011, 5.355740E-012, 2.537338E-005, -9.843110E-014, 2.150400E+004 1.570926E+074 2.150400E+004, Sun Oct 11 15:05:57 2015
1.40, 1.80, 1.40, 1.80 , -2.402046E-011, 5.390850E-012, 2.536372E-005, -1.059290E-013, 2.150400E+004 1.570926E+074 2.150400E+004, Sun Oct 11 15:06:05 2015
1.35, 1.80, 1.40, 1.80 , -2.490668E-011, 5.463670E-012, 2.535555E-005, -8.604530E-014, 2.150400E+004 1.570926E+074 2.150400E+004, Sun Oct 11 15:06:34 2015
1.30, 1.80, 1.40, 1.80 , -2.617270E-011, 5.531800E-012, 2.537327E-005, -9.897950E-014, 2.150400E+004 1.570926E+074 2.150400E+004, Sun Oct 11 15:06:39 2015
1.25, 1.80, 1.40, 1.80 , -2.583508E-011, 5.514660E-012, 2.535354E-005, -1.064060E-013, 2.150400E+004 1.570926E+074 2.150400E+004, Sun Oct 11 15:07:07 2015
1.20, 1.80, 1.40, 1.80 , -2.667911E-011, 5.530790E-012, 2.536308E-005, -1.104830E-013, 2.150400E+004 1.570926E+074 2.150400E+004, Sun Oct 11 15:07:13 2015
1.15, 1.80, 1.40, 1.80 , -2.499109E-011, 5.607370E-012, 2.536118E-005, -1.080750E-013, 2.150400E+004 1.570926E+074 2.150400E+004, Sun Oct 11 15:07:25 2015
1.10, 1.80, 1.40, 1.80 , -2.752312E-011, 5.579640E-012, 2.536258E-005, -8.596180E-014, 2.150400E+004 1.570926E+074 2.150400E+004, Sun Oct 11 15:07:32 2015
1.05, 1.80, 1.40, 1.80 , -2.600388E-011, 5.630840E-012, 2.536472E-005, -1.012680E-013, 2.150400E+004 1.570926E+074 2.150400E+004, Sun Oct 11 15:07:55 2015
1.00, 1.80, 1.40, 1.80 , -2.613049E-011, 5.651590E-012, 2.536392E-005, -1.022580E-013, 2.150400E+004 1.570926E+074 2.150400E+004, Sun Oct 11 15:09:00 2015
0.95, 1.80, 1.40, 1.80 , -2.667910E-011, 5.707300E-012, 2.536420E-005, -1.146080E-013, 2.150400E+004 1.570926E+074 2.150400E+004, Sun Oct 11 15:09:12 2015
0.90, 1.80, 1.40, 1.80 , -2.642590E-011, 5.694320E-012, 2.536011E-005, -1.109720E-013, 2.150400E+004 1.570926E+074 2.150400E+004, Sun Oct 11 15:09:50 2015
0.85, 1.80, 1.40, 1.80 , -2.777631E-011, 5.766790E-012, 2.535717E-005, -1.105900E-013, 2.150400E+004 1.570926E+074 2.150400E+004, Sun Oct 11 15:10:03 2015
0.80, 1.80, 1.40, 1.80 , -2.503329E-011, 5.767290E-012, 2.535560E-005, -9.750130E-014, 2.150400E+004 1.570926E+074 2.150400E+004, Sun Oct 11 15:10:16 2015
0.75, 1.80, 1.40, 1.80 , -2.798731E-011, 5.782880E-012, 2.535056E-005, -1.024960E-013, 2.150400E+004 1.570926E+074 2.150400E+004, Sun Oct 11 15:10:24 2015
0.70, 1.80, 1.40, 1.80 , -2.786070E-011, 5.834630E-012, 2.534447E-005, -9.812120E-014, 2.150400E+004 1.570926E+074 2.150400E+004, Sun Oct 11 15:10:31 2015
0.65, 1.80, 1.40, 1.80 , -2.811391E-011, 5.894890E-012, 2.535468E-005, -1.147990E-013, 2.150400E+004 1.570926E+074 2.150400E+004, Sun Oct 11 15:10:43 2015
0.60, 1.80, 1.40, 1.80 , -2.824050E-011, 5.832150E-012, 2.534873E-005, -7.649660E-014, 2.150400E+004 1.570926E+074 2.150400E+004, Sun Oct 11 15:10:59 2015
0.55, 1.80, 1.40, 1.80 , -2.980190E-011, 5.884170E-012, 2.533481E-005, -1.011010E-013, 2.150400E+004 1.570926E+074 2.150400E+004, Sun Oct 11 15:11:16 2015
0.50, 1.80, 1.40, 1.80 , -2.802951E-011, 5.975620E-012, 2.535137E-005, -1.050350E-013, 2.150400E+004 1.570926E+074 2.150400E+004, Sun Oct 11 15:11:37 2015
0.45, 1.80, 1.40, 1.80 , -3.005511E-011, 5.939350E-012, 2.535474E-005, -1.127960E-013, 2.150400E+004 1.570926E+074 2.150400E+004, Sun Oct 11 15:12:01 2015
0.40, 1.80, 1.40, 1.80 , -2.967531E-011, 5.973290E-012, 2.535446E-005, -8.370880E-014, 2.150400E+004 1.570926E+074 2.150400E+004, Sun Oct 11 15:12:19 2015
0.35, 1.80, 1.40, 1.80 , -2.980192E-011, 6.092720E-012, 2.535499E-005, -8.624790E-014, 2.150400E+004 1.570926E+074 2.150400E+004, Sun Oct 11 15:12:26 2015
0.30, 1.80, 1.40, 1.80 , -2.954872E-011, 6.106170E-012, 2.533948E-005, -1.042010E-013, 2.150400E+004 1.570926E+074 2.150400E+004, Sun Oct 11 15:12:31 2015
0.25, 1.80, 1.40, 1.80 , -3.098350E-011, 6.087970E-012, 2.535446E-005, -1.051780E-013, 2.150400E+004 1.570926E+074 2.150400E+004, Sun Oct 11 15:12:42 2015
0.20, 1.80, 1.40, 1.80 , -2.954871E-011, 6.110360E-012, 2.534401E-005, -1.030090E-013, 2.150400E+004 1.570926E+074 2.150400E+004, Sun Oct 11 15:12:55 2015
0.15, 1.80, 1.40, 1.80 , -2.845151E-011, 6.139540E-012, 2.534086E-005, -8.629560E-014, 2.150400E+004 1.570926E+074 2.150400E+004, Sun Oct 11 15:13:11 2015
0.10, 1.80, 1.40, 1.80 , -3.157434E-011, 6.173560E-012, 2.533867E-005, -8.955000E-014, 2.150400E+004 1.570926E+074 2.150400E+004, Sun Oct 11 15:13:20 2015
0.05, 1.80, 1.40, 1.80 , -3.148993E-011, 6.217220E-012, 2.534605E-005, -9.373430E-014, 2.150400E+004 1.570926E+074 2.150400E+004, Sun Oct 11 15:13:42 2015
0.00, 1.80, 1.40, 1.80 , -3.220732E-011, 6.260240E-012, 2.533930E-005, -1.163720E-013, 2.150400E+004 1.570926E+074 2.150400E+004, Sun Oct 11 15:14:09 2015
-0.05, 1.80, 1.40, 1.80 , -3.140553E-011, 6.309160E-012, 2.534082E-005, -9.222030E-014, 2.150400E+004 1.570926E+074 2.150400E+004, Sun Oct 11 15:14:17 2015
-0.10, 1.80, 1.40, 1.80 , -3.241830E-011, 6.332280E-012, 2.534163E-005, -1.099710E-013, 2.150400E+004 1.570926E+074 2.150400E+004, Sun Oct 11 15:14:35 2015
-0.15, 1.80, 1.40, 1.80 , -3.284031E-011, 6.326760E-012, 2.535440E-005, -1.149540E-013, 2.150400E+004 1.570926E+074 2.150400E+004, Sun Oct 11 15:14:51 2015
-0.20, 1.80, 1.40, 1.80 , -3.254490E-011, 6.343830E-012, 2.534828E-005, -9.832380E-014, 2.150400E+004 1.570926E+074 2.150400E+004, Sun Oct 11 15:15:01 2015
