1.80, 1.80, -0.20, 1.80 , -4.523820E-012, 9.571480E-011, -7.150647E-011, 2.710960E-011, 2.150400E+004 1.570926E+074 2.150400E+004, Sun Aug 23 08:38:53 2015
1.75, 1.80, -0.20, 1.80 , -9.245686E-007, 9.256780E-007, -7.121303E-011, 2.730240E-011, 2.150400E+004 1.570926E+074 2.150400E+004, Sun Aug 23 08:38:58 2015
1.70, 1.80, -0.20, 1.80 , -2.680650E-006, 2.681480E-006, -6.987130E-011, 2.730490E-011, 2.150400E+004 1.570926E+074 2.150400E+004, Sun Aug 23 08:39:01 2015
1.65, 1.80, -0.20, 1.80 , -4.617179E-006, 4.618070E-006, -7.096145E-011, 2.718150E-011, 2.150400E+004 1.570926E+074 2.150400E+004, Sun Aug 23 08:39:05 2015
1.60, 1.80, -0.20, 1.80 , -6.600596E-006, 6.601140E-006, -7.045830E-011, 2.737190E-011, 2.150400E+004 1.570926E+074 2.150400E+004, Sun Aug 23 08:39:09 2015
1.55, 1.80, -0.20, 1.80 , -8.582234E-006, 8.582110E-006, -7.012287E-011, 2.751680E-011, 2.150400E+004 1.570926E+074 2.150400E+004, Sun Aug 23 08:39:12 2015
1.50, 1.80, -0.20, 1.80 , -1.053152E-005, 1.052530E-005, -6.928429E-011, 2.706410E-011, 2.150400E+004 1.570926E+074 2.150400E+004, Sun Aug 23 08:39:16 2015
1.45, 1.80, -0.20, 1.80 , -1.241212E-005, 1.240470E-005, -7.050022E-011, 2.725310E-011, 2.150400E+004 1.570926E+074 2.150400E+004, Sun Aug 23 08:39:19 2015
1.40, 1.80, -0.20, 1.80 , -1.420200E-005, 1.419300E-005, -7.070983E-011, 2.712740E-011, 2.150400E+004 1.570926E+074 2.150400E+004, Sun Aug 23 08:39:23 2015
1.35, 1.80, -0.20, 1.80 , -1.588404E-005, 1.587480E-005, -6.945200E-011, 2.730230E-011, 2.150400E+004 1.570926E+074 2.150400E+004, Sun Aug 23 08:39:26 2015
1.30, 1.80, -0.20, 1.80 , -1.745486E-005, 1.744470E-005, -6.953586E-011, 2.758380E-011, 2.150400E+004 1.570926E+074 2.150400E+004, Sun Aug 23 08:39:30 2015
1.25, 1.80, -0.20, 1.80 , -1.891023E-005, 1.890010E-005, -7.029058E-011, 2.739830E-011, 2.150400E+004 1.570926E+074 2.150400E+004, Sun Aug 23 08:39:33 2015
1.20, 1.80, -0.20, 1.80 , -2.024259E-005, 2.023180E-005, -6.831988E-011, 2.766750E-011, 2.150400E+004 1.570926E+074 2.150400E+004, Sun Aug 23 08:39:37 2015
1.15, 1.80, -0.20, 1.80 , -2.144328E-005, 2.143220E-005, -6.882302E-011, 2.747430E-011, 2.150400E+004 1.570926E+074 2.150400E+004, Sun Aug 23 08:39:41 2015
1.10, 1.80, -0.20, 1.80 , -2.251480E-005, 2.250530E-005, -6.852954E-011, 2.770200E-011, 2.150400E+004 1.570926E+074 2.150400E+004, Sun Aug 23 08:39:44 2015
1.05, 1.80, -0.20, 1.80 , -2.345610E-005, 2.344500E-005, -6.878111E-011, 2.797940E-011, 2.150400E+004 1.570926E+074 2.150400E+004, Sun Aug 23 08:39:48 2015
1.00, 1.80, -0.20, 1.80 , -2.427430E-005, 2.426270E-005, -6.840375E-011, 2.779520E-011, 2.150400E+004 1.570926E+074 2.150400E+004, Sun Aug 23 08:39:51 2015
0.95, 1.80, -0.20, 1.80 , -2.497236E-005, 2.496100E-005, -6.899076E-011, 2.805500E-011, 2.150400E+004 1.570926E+074 2.150400E+004, Sun Aug 23 08:39:55 2015
0.90, 1.80, -0.20, 1.80 , -2.555115E-005, 2.553980E-005, -6.802642E-011, 2.779940E-011, 2.150400E+004 1.570926E+074 2.150400E+004, Sun Aug 23 08:39:58 2015
0.85, 1.80, -0.20, 1.80 , -2.601032E-005, 2.599840E-005, -6.798448E-011, 2.808850E-011, 2.150400E+004 1.570926E+074 2.150400E+004, Sun Aug 23 08:40:02 2015
0.80, 1.80, -0.20, 1.80 , -2.635647E-005, 2.634490E-005, -6.739748E-011, 2.832470E-011, 2.150400E+004 1.570926E+074 2.150400E+004, Sun Aug 23 08:40:05 2015
0.75, 1.80, -0.20, 1.80 , -2.659870E-005, 2.658720E-005, -6.534293E-011, 2.808600E-011, 2.150400E+004 1.570926E+074 2.150400E+004, Sun Aug 23 08:40:09 2015
0.70, 1.80, -0.20, 1.80 , -2.675585E-005, 2.674440E-005, -6.815223E-011, 2.835990E-011, 2.150400E+004 1.570926E+074 2.150400E+004, Sun Aug 23 08:40:12 2015
0.65, 1.80, -0.20, 1.80 , -2.684680E-005, 2.683640E-005, -6.634925E-011, 2.815560E-011, 2.150400E+004 1.570926E+074 2.150400E+004, Sun Aug 23 08:40:16 2015
0.60, 1.80, -0.20, 1.80 , -2.689490E-005, 2.688420E-005, -6.668469E-011, 2.837580E-011, 2.150400E+004 1.570926E+074 2.150400E+004, Sun Aug 23 08:40:20 2015
0.55, 1.80, -0.20, 1.80 , -2.691659E-005, 2.690620E-005, -6.714591E-011, 2.861910E-011, 2.150400E+004 1.570926E+074 2.150400E+004, Sun Aug 23 08:40:23 2015
0.50, 1.80, -0.20, 1.80 , -2.692351E-005, 2.691340E-005, -6.605571E-011, 2.838210E-011, 2.150400E+004 1.570926E+074 2.150400E+004, Sun Aug 23 08:40:27 2015
0.45, 1.80, -0.20, 1.80 , -2.692423E-005, 2.691420E-005, -6.811027E-011, 2.867970E-011, 2.150400E+004 1.570926E+074 2.150400E+004, Sun Aug 23 08:40:30 2015
0.40, 1.80, -0.20, 1.80 , -2.692362E-005, 2.691240E-005, -6.664275E-011, 2.845220E-011, 2.150400E+004 1.570926E+074 2.150400E+004, Sun Aug 23 08:40:34 2015
0.35, 1.80, -0.20, 1.80 , -2.691935E-005, 2.690860E-005, -6.718781E-011, 2.868690E-011, 2.150400E+004 1.570926E+074 2.150400E+004, Sun Aug 23 08:40:37 2015
0.30, 1.80, -0.20, 1.80 , -2.691577E-005, 2.690530E-005, -6.567838E-011, 2.889340E-011, 2.150400E+004 1.570926E+074 2.150400E+004, Sun Aug 23 08:40:41 2015
0.25, 1.80, -0.20, 1.80 , -2.691240E-005, 2.690250E-005, -6.421085E-011, 2.870120E-011, 2.150400E+004 1.570926E+074 2.150400E+004, Sun Aug 23 08:40:44 2015
0.20, 1.80, -0.20, 1.80 , -2.691055E-005, 2.690110E-005, -6.781675E-011, 2.888730E-011, 2.150400E+004 1.570926E+074 2.150400E+004, Sun Aug 23 08:40:48 2015
0.15, 1.80, -0.20, 1.80 , -2.690879E-005, 2.689830E-005, -6.538489E-011, 2.869540E-011, 2.150400E+004 1.570926E+074 2.150400E+004, Sun Aug 23 08:40:51 2015
0.10, 1.80, -0.20, 1.80 , -2.690696E-005, 2.689710E-005, -6.538486E-011, 2.894820E-011, 2.150400E+004 1.570926E+074 2.150400E+004, Sun Aug 23 08:40:55 2015
0.05, 1.80, -0.20, 1.80 , -2.690526E-005, 2.689560E-005, -6.509136E-011, 2.911200E-011, 2.150400E+004 1.570926E+074 2.150400E+004, Sun Aug 23 08:40:58 2015
0.00, 1.80, -0.20, 1.80 , -2.690324E-005, 2.689430E-005, -6.664275E-011, 2.889250E-011, 2.150400E+004 1.570926E+074 2.150400E+004, Sun Aug 23 08:41:02 2015
-0.05, 1.80, -0.20, 1.80 , -2.690244E-005, 2.689300E-005, -6.509139E-011, 2.917270E-011, 2.150400E+004 1.570926E+074 2.150400E+004, Sun Aug 23 08:41:06 2015
-0.10, 1.80, -0.20, 1.80 , -2.690269E-005, 2.689280E-005, -6.475594E-011, 2.900600E-011, 2.150400E+004 1.570926E+074 2.150400E+004, Sun Aug 23 08:41:09 2015
-0.15, 1.80, -0.20, 1.80 , -2.690199E-005, 2.689260E-005, -6.580415E-011, 2.923720E-011, 2.150400E+004 1.570926E+074 2.150400E+004, Sun Aug 23 08:41:13 2015
-0.20, 1.80, -0.20, 1.80 , -2.690627E-005, 2.689730E-005, -6.391738E-011, 2.946880E-011, 2.150400E+004 1.570926E+074 2.150400E+004, Sun Aug 23 08:41:16 2015
