1.80, 1.80, 1.80, 1.80 , 3.168080E-011, 3.090550E-011, 1.227038E-009, 1.956520E-011, 2.150400E+004 1.570926E+074 2.150400E+004, Sun Aug 23 08:01:57 2015
1.75, 1.80, 1.80, 1.80 , 2.049890E-011, 3.075970E-011, 1.208676E-009, 1.929180E-011, 2.150400E+004 1.570926E+074 2.150400E+004, Sun Aug 23 08:02:11 2015
1.70, 1.80, 1.80, 1.80 , 1.906422E-011, 3.030270E-011, 1.192576E-009, 1.884230E-011, 2.150400E+004 1.570926E+074 2.150400E+004, Sun Aug 23 08:02:20 2015
1.65, 1.80, 1.80, 1.80 , 8.262067E-012, 2.967410E-011, 1.147004E-009, 1.779820E-011, 2.150400E+004 1.570926E+074 2.150400E+004, Sun Aug 23 08:02:56 2015
1.60, 1.80, 1.80, 1.80 , 5.941293E-012, 2.988830E-011, 1.152538E-009, 1.858650E-011, 2.150400E+004 1.570926E+074 2.150400E+004, Sun Aug 23 08:03:00 2015
1.55, 1.80, 1.80, 1.80 , 3.831494E-012, 2.928270E-011, 1.139290E-009, 1.830150E-011, 2.150400E+004 1.570926E+074 2.150400E+004, Sun Aug 23 08:03:04 2015
1.50, 1.80, 1.80, 1.80 , 7.207169E-012, 3.063210E-011, 1.119921E-009, 1.874480E-011, 2.150400E+004 1.570926E+074 2.150400E+004, Sun Aug 23 08:03:07 2015
1.45, 1.80, 1.80, 1.80 , 4.464435E-012, 2.984990E-011, 1.138200E-009, 1.841770E-011, 2.150400E+004 1.570926E+074 2.150400E+004, Sun Aug 23 08:03:11 2015
1.40, 1.80, 1.80, 1.80 , -6.422800E-012, 2.985790E-011, 1.157485E-009, 1.883210E-011, 2.150400E+004 1.570926E+074 2.150400E+004, Sun Aug 23 08:03:15 2015
1.35, 1.80, 1.80, 1.80 , -1.350953E-013, 2.986510E-011, 1.157653E-009, 1.862640E-011, 2.150400E+004 1.570926E+074 2.150400E+004, Sun Aug 23 08:03:18 2015
1.30, 1.80, 1.80, 1.80 , -8.152983E-012, 3.077940E-011, 1.167841E-009, 1.844610E-011, 2.150400E+004 1.570926E+074 2.150400E+004, Sun Aug 23 08:03:22 2015
1.25, 1.80, 1.80, 1.80 , -9.376755E-012, 3.023540E-011, 1.156269E-009, 1.886870E-011, 2.150400E+004 1.570926E+074 2.150400E+004, Sun Aug 23 08:03:26 2015
1.20, 1.80, 1.80, 1.80 , -4.988022E-012, 2.920780E-011, 1.156857E-009, 1.919970E-011, 2.150400E+004 1.570926E+074 2.150400E+004, Sun Aug 23 08:03:29 2015
1.15, 1.80, 1.80, 1.80 , -8.321773E-012, 2.874160E-011, 1.169769E-009, 1.870850E-011, 2.150400E+004 1.570926E+074 2.150400E+004, Sun Aug 23 08:03:35 2015
1.10, 1.80, 1.80, 1.80 , -5.621013E-012, 2.918620E-011, 1.175094E-009, 1.860390E-011, 2.150400E+004 1.570926E+074 2.150400E+004, Sun Aug 23 08:03:43 2015
1.05, 1.80, 1.80, 1.80 , -7.984180E-012, 3.002680E-011, 1.180921E-009, 1.877180E-011, 2.150400E+004 1.570926E+074 2.150400E+004, Sun Aug 23 08:04:01 2015
1.00, 1.80, 1.80, 1.80 , -7.308984E-012, 2.987950E-011, 1.168596E-009, 1.868440E-011, 2.150400E+004 1.570926E+074 2.150400E+004, Sun Aug 23 08:04:20 2015
0.95, 1.80, 1.80, 1.80 , -1.418749E-011, 2.966970E-011, 1.207461E-009, 2.000560E-011, 2.150400E+004 1.570926E+074 2.150400E+004, Sun Aug 23 08:04:39 2015
0.90, 1.80, 1.80, 1.80 , -2.055961E-011, 3.020580E-011, 1.242551E-009, 1.941720E-011, 2.150400E+004 1.570926E+074 2.150400E+004, Sun Aug 23 08:05:24 2015
0.85, 1.80, 1.80, 1.80 , -1.975781E-011, 3.008720E-011, 1.247415E-009, 1.957530E-011, 2.150400E+004 1.570926E+074 2.150400E+004, Sun Aug 23 08:05:31 2015
0.80, 1.80, 1.80, 1.80 , -2.600330E-011, 3.041610E-011, 1.298103E-009, 2.004710E-011, 2.150400E+004 1.570926E+074 2.150400E+004, Sun Aug 23 08:06:32 2015
0.75, 1.80, 1.80, 1.80 , -2.786010E-011, 3.038310E-011, 1.295377E-009, 1.987210E-011, 2.150400E+004 1.570926E+074 2.150400E+004, Sun Aug 23 08:06:44 2015
0.70, 1.80, 1.80, 1.80 , -3.165804E-011, 3.032330E-011, 1.296341E-009, 2.005090E-011, 2.150400E+004 1.570926E+074 2.150400E+004, Sun Aug 23 08:06:50 2015
0.65, 1.80, 1.80, 1.80 , -3.642657E-011, 3.119950E-011, 1.303217E-009, 1.980670E-011, 2.150400E+004 1.570926E+074 2.150400E+004, Sun Aug 23 08:06:59 2015
0.60, 1.80, 1.80, 1.80 , -3.478079E-011, 3.093020E-011, 1.313363E-009, 2.035770E-011, 2.150400E+004 1.570926E+074 2.150400E+004, Sun Aug 23 08:07:23 2015
0.55, 1.80, 1.80, 1.80 , -3.954928E-011, 3.055940E-011, 1.325940E-009, 2.012230E-011, 2.150400E+004 1.570926E+074 2.150400E+004, Sun Aug 23 08:07:36 2015
0.50, 1.80, 1.80, 1.80 , -3.891632E-011, 3.013420E-011, 1.328707E-009, 2.013010E-011, 2.150400E+004 1.570926E+074 2.150400E+004, Sun Aug 23 08:07:44 2015
0.45, 1.80, 1.80, 1.80 , -4.258766E-011, 3.088090E-011, 1.335416E-009, 2.073560E-011, 2.150400E+004 1.570926E+074 2.150400E+004, Sun Aug 23 08:08:00 2015
0.40, 1.80, 1.80, 1.80 , -4.457101E-011, 3.067220E-011, 1.351891E-009, 2.029310E-011, 2.150400E+004 1.570926E+074 2.150400E+004, Sun Aug 23 08:08:09 2015
0.35, 1.80, 1.80, 1.80 , -4.866437E-011, 3.119990E-011, 1.349251E-009, 2.083030E-011, 2.150400E+004 1.570926E+074 2.150400E+004, Sun Aug 23 08:08:17 2015
0.30, 1.80, 1.80, 1.80 , -4.769382E-011, 3.105620E-011, 1.350718E-009, 2.061960E-011, 2.150400E+004 1.570926E+074 2.150400E+004, Sun Aug 23 08:08:26 2015
0.25, 1.80, 1.80, 1.80 , -5.170269E-011, 3.120890E-011, 1.369249E-009, 2.096050E-011, 2.150400E+004 1.570926E+074 2.150400E+004, Sun Aug 23 08:08:49 2015
0.20, 1.80, 1.80, 1.80 , -5.094315E-011, 3.092860E-011, 1.379312E-009, 2.099530E-011, 2.150400E+004 1.570926E+074 2.150400E+004, Sun Aug 23 08:08:55 2015
0.15, 1.80, 1.80, 1.80 , -5.317972E-011, 3.097720E-011, 1.397128E-009, 2.129190E-011, 2.150400E+004 1.570926E+074 2.150400E+004, Sun Aug 23 08:09:19 2015
0.10, 1.80, 1.80, 1.80 , -5.254668E-011, 3.081330E-011, 1.400526E-009, 2.122630E-011, 2.150400E+004 1.570926E+074 2.150400E+004, Sun Aug 23 08:09:26 2015
0.05, 1.80, 1.80, 1.80 , -5.815920E-011, 3.187640E-011, 1.418805E-009, 2.180270E-011, 2.150400E+004 1.570926E+074 2.150400E+004, Sun Aug 23 08:09:49 2015
0.00, 1.80, 1.80, 1.80 , -5.938301E-011, 3.258200E-011, 1.438173E-009, 2.140010E-011, 2.150400E+004 1.570926E+074 2.150400E+004, Sun Aug 23 08:10:08 2015
-0.05, 1.80, 1.80, 1.80 , -6.166176E-011, 3.222110E-011, 1.464964E-009, 2.165760E-011, 2.150400E+004 1.570926E+074 2.150400E+004, Sun Aug 23 08:10:35 2015
-0.10, 1.80, 1.80, 1.80 , -6.073338E-011, 3.143150E-011, 1.442828E-009, 2.200220E-011, 2.150400E+004 1.570926E+074 2.150400E+004, Sun Aug 23 08:10:48 2015
-0.15, 1.80, 1.80, 1.80 , -6.605051E-011, 3.211010E-011, 1.454481E-009, 2.229990E-011, 2.150400E+004 1.570926E+074 2.150400E+004, Sun Aug 23 08:11:01 2015
-0.20, 1.80, 1.80, 1.80 , -6.630366E-011, 3.215030E-011, 1.470623E-009, 2.176130E-011, 2.150400E+004 1.570926E+074 2.150400E+004, Sun Aug 23 08:11:09 2015
