1.80, 1.80, 1.80, 1.80 , 2.180693E-011, 8.917600E-011, 4.077311E-011, 5.206840E-011, 2.150400E+004 1.570926E+074 2.150400E+004, Sun Aug 23 09:52:18 2015
1.75, 1.80, 1.80, 1.80 , 2.075204E-011, 8.797900E-011, 3.108852E-011, 5.093160E-011, 2.150400E+004 1.570926E+074 2.150400E+004, Sun Aug 23 09:54:29 2015
1.70, 1.80, 1.80, 1.80 , 1.619489E-011, 8.950030E-011, 3.465211E-011, 5.078390E-011, 2.150400E+004 1.570926E+074 2.150400E+004, Sun Aug 23 09:54:52 2015
1.65, 1.80, 1.80, 1.80 , 7.333746E-012, 8.920420E-011, 3.209469E-011, 5.080470E-011, 2.150400E+004 1.570926E+074 2.150400E+004, Sun Aug 23 09:54:55 2015
1.60, 1.80, 1.80, 1.80 , 9.949897E-012, 8.883250E-011, 3.259783E-011, 5.089500E-011, 2.150400E+004 1.570926E+074 2.150400E+004, Sun Aug 23 09:54:59 2015
1.55, 1.80, 1.80, 1.80 , 5.308348E-012, 8.883140E-011, 3.188509E-011, 5.076290E-011, 2.150400E+004 1.570926E+074 2.150400E+004, Sun Aug 23 09:55:04 2015
1.50, 1.80, 1.80, 1.80 , 4.759803E-012, 8.907380E-011, 3.037580E-011, 5.077010E-011, 2.150400E+004 1.570926E+074 2.150400E+004, Sun Aug 23 09:55:07 2015
1.45, 1.80, 1.80, 1.80 , 5.350543E-012, 8.954190E-011, 3.284936E-011, 5.084130E-011, 2.150400E+004 1.570926E+074 2.150400E+004, Sun Aug 23 09:55:11 2015
1.40, 1.80, 1.80, 1.80 , 3.451727E-012, 8.966760E-011, 3.389747E-011, 5.071230E-011, 2.150400E+004 1.570926E+074 2.150400E+004, Sun Aug 23 09:55:15 2015
1.35, 1.80, 1.80, 1.80 , 5.822964E-013, 8.985360E-011, 3.389747E-011, 5.026690E-011, 2.150400E+004 1.570926E+074 2.150400E+004, Sun Aug 23 09:55:18 2015
1.30, 1.80, 1.80, 1.80 , -5.958604E-012, 8.983390E-011, 3.515523E-011, 5.096320E-011, 2.150400E+004 1.570926E+074 2.150400E+004, Sun Aug 23 09:55:22 2015
1.25, 1.80, 1.80, 1.80 , 5.400976E-013, 9.046810E-011, 3.414903E-011, 5.062550E-011, 2.150400E+004 1.570926E+074 2.150400E+004, Sun Aug 23 09:55:26 2015
1.20, 1.80, 1.80, 1.80 , -6.929179E-012, 9.131930E-011, 3.066926E-011, 5.059910E-011, 2.150400E+004 1.570926E+074 2.150400E+004, Sun Aug 23 09:55:29 2015
1.15, 1.80, 1.80, 1.80 , -7.435579E-012, 9.094470E-011, 3.410712E-011, 5.054050E-011, 2.150400E+004 1.570926E+074 2.150400E+004, Sun Aug 23 09:55:33 2015
1.10, 1.80, 1.80, 1.80 , -7.182390E-012, 9.145600E-011, 3.280747E-011, 5.027880E-011, 2.150400E+004 1.570926E+074 2.150400E+004, Sun Aug 23 09:55:40 2015
1.05, 1.80, 1.80, 1.80 , -9.798748E-012, 9.099490E-011, 3.540679E-011, 5.092240E-011, 2.150400E+004 1.570926E+074 2.150400E+004, Sun Aug 23 09:55:46 2015
1.00, 1.80, 1.80, 1.80 , -8.448358E-012, 9.116640E-011, 3.184317E-011, 5.043540E-011, 2.150400E+004 1.570926E+074 2.150400E+004, Sun Aug 23 09:55:54 2015
0.95, 1.80, 1.80, 1.80 , -1.245729E-011, 9.224700E-011, 2.819570E-011, 5.046960E-011, 2.150400E+004 1.570926E+074 2.150400E+004, Sun Aug 23 09:56:16 2015
0.90, 1.80, 1.80, 1.80 , -1.283710E-011, 9.270300E-011, 2.261968E-011, 5.111560E-011, 2.150400E+004 1.570926E+074 2.150400E+004, Sun Aug 23 09:56:50 2015
0.85, 1.80, 1.80, 1.80 , -2.153014E-011, 9.281030E-011, 2.278739E-011, 5.048670E-011, 2.150400E+004 1.570926E+074 2.150400E+004, Sun Aug 23 09:57:16 2015
0.80, 1.80, 1.80, 1.80 , -1.920919E-011, 9.186210E-011, 2.111040E-011, 5.068880E-011, 2.150400E+004 1.570926E+074 2.150400E+004, Sun Aug 23 09:57:59 2015
0.75, 1.80, 1.80, 1.80 , -2.119253E-011, 9.131970E-011, 1.905607E-011, 5.027520E-011, 2.150400E+004 1.570926E+074 2.150400E+004, Sun Aug 23 09:58:19 2015
0.70, 1.80, 1.80, 1.80 , -2.975901E-011, 9.088880E-011, 2.014615E-011, 5.044390E-011, 2.150400E+004 1.570926E+074 2.150400E+004, Sun Aug 23 09:58:29 2015
0.65, 1.80, 1.80, 1.80 , -3.051858E-011, 9.116280E-011, 2.064924E-011, 5.033970E-011, 2.150400E+004 1.570926E+074 2.150400E+004, Sun Aug 23 09:58:35 2015
0.60, 1.80, 1.80, 1.80 , -3.207997E-011, 9.103030E-011, 2.031381E-011, 4.988640E-011, 2.150400E+004 1.570926E+074 2.150400E+004, Sun Aug 23 09:58:53 2015
0.55, 1.80, 1.80, 1.80 , -3.292398E-011, 9.068120E-011, 2.270353E-011, 5.013510E-011, 2.150400E+004 1.570926E+074 2.150400E+004, Sun Aug 23 09:59:01 2015
0.50, 1.80, 1.80, 1.80 , -3.207998E-011, 9.109630E-011, 2.270353E-011, 4.956160E-011, 2.150400E+004 1.570926E+074 2.150400E+004, Sun Aug 23 09:59:09 2015
0.45, 1.80, 1.80, 1.80 , -3.237538E-011, 9.055400E-011, 2.060730E-011, 4.964130E-011, 2.150400E+004 1.570926E+074 2.150400E+004, Sun Aug 23 09:59:38 2015
0.40, 1.80, 1.80, 1.80 , -3.710171E-011, 9.054880E-011, 2.324856E-011, 4.962810E-011, 2.150400E+004 1.570926E+074 2.150400E+004, Sun Aug 23 10:00:07 2015
0.35, 1.80, 1.80, 1.80 , -3.887411E-011, 9.008490E-011, 2.320659E-011, 4.992150E-011, 2.150400E+004 1.570926E+074 2.150400E+004, Sun Aug 23 10:00:15 2015
0.30, 1.80, 1.80, 1.80 , -3.874743E-011, 8.937710E-011, 2.274543E-011, 4.954590E-011, 2.150400E+004 1.570926E+074 2.150400E+004, Sun Aug 23 10:01:02 2015
0.25, 1.80, 1.80, 1.80 , -4.305178E-011, 8.927490E-011, 1.888836E-011, 4.960550E-011, 2.150400E+004 1.570926E+074 2.150400E+004, Sun Aug 23 10:01:10 2015
0.20, 1.80, 1.80, 1.80 , -4.073080E-011, 8.981080E-011, 1.767255E-011, 4.941060E-011, 2.150400E+004 1.570926E+074 2.150400E+004, Sun Aug 23 10:01:19 2015
0.15, 1.80, 1.80, 1.80 , -4.170139E-011, 8.935740E-011, 1.754676E-011, 4.925720E-011, 2.150400E+004 1.570926E+074 2.150400E+004, Sun Aug 23 10:01:24 2015
0.10, 1.80, 1.80, 1.80 , -4.191240E-011, 8.958000E-011, 1.708559E-011, 4.951080E-011, 2.150400E+004 1.570926E+074 2.150400E+004, Sun Aug 23 10:01:37 2015
0.05, 1.80, 1.80, 1.80 , -4.313620E-011, 8.882930E-011, 1.691789E-011, 4.946720E-011, 2.150400E+004 1.570926E+074 2.150400E+004, Sun Aug 23 10:02:01 2015
0.00, 1.80, 1.80, 1.80 , -4.634333E-011, 8.747950E-011, 1.784025E-011, 4.904310E-011, 2.150400E+004 1.570926E+074 2.150400E+004, Sun Aug 23 10:02:25 2015
-0.05, 1.80, 1.80, 1.80 , -4.849546E-011, 8.721190E-011, 1.679211E-011, 4.897330E-011, 2.150400E+004 1.570926E+074 2.150400E+004, Sun Aug 23 10:02:56 2015
-0.10, 1.80, 1.80, 1.80 , -5.001464E-011, 8.592090E-011, 1.620516E-011, 4.883230E-011, 2.150400E+004 1.570926E+074 2.150400E+004, Sun Aug 23 10:04:00 2015
-0.15, 1.80, 1.80, 1.80 , -5.094301E-011, 8.690010E-011, 1.742096E-011, 4.920770E-011, 2.150400E+004 1.570926E+074 2.150400E+004, Sun Aug 23 10:04:39 2015
-0.20, 1.80, 1.80, 1.80 , -5.035229E-011, 8.781010E-011, 1.624706E-011, 4.924680E-011, 2.150400E+004 1.570926E+074 2.150400E+004, Sun Aug 23 10:05:13 2015
