0.00, 0.00, 0.40, 0.00 , -8.976790E-011, 2.471730E-011, -3.301570E-011, -9.381770E-014, 2.150400E+004 1.570926E+074 2.150400E+004, Thu Sep 10 19:40:22 2015
0.05, 0.00, 0.40, 0.00 , -6.765508E-011, 2.444850E-011, -2.249147E-011, -8.366110E-014, 2.150400E+004 1.570926E+074 2.150400E+004, Thu Sep 10 19:40:32 2015
0.10, 0.00, 0.40, 0.00 , -6.174709E-011, 2.466110E-011, -3.586690E-011, -8.425710E-014, 2.150400E+004 1.570926E+074 2.150400E+004, Thu Sep 10 19:40:41 2015
0.15, 0.00, 0.40, 0.00 , -4.862289E-011, 2.459350E-011, -2.404280E-011, -1.017330E-013, 2.150400E+004 1.570926E+074 2.150400E+004, Thu Sep 10 19:41:24 2015
0.20, 0.00, 0.40, 0.00 , -3.984534E-011, 2.479260E-011, -3.414780E-011, -8.516310E-014, 2.150400E+004 1.570926E+074 2.150400E+004, Thu Sep 10 19:41:50 2015
0.25, 0.00, 0.40, 0.00 , -3.444372E-011, 2.466290E-011, -2.597156E-011, -8.329150E-014, 2.150400E+004 1.570926E+074 2.150400E+004, Thu Sep 10 19:41:58 2015
0.30, 0.00, 0.40, 0.00 , -3.018154E-011, 2.485470E-011, -3.129660E-011, -1.000640E-013, 2.150400E+004 1.570926E+074 2.150400E+004, Thu Sep 10 19:42:04 2015
0.35, 0.00, 0.40, 0.00 , -2.688993E-011, 2.497390E-011, -2.836153E-011, -9.632110E-014, 2.150400E+004 1.570926E+074 2.150400E+004, Thu Sep 10 19:42:25 2015
0.40, 0.00, 0.40, 0.00 , -2.271212E-011, 2.482480E-011, -3.456709E-011, -1.006600E-013, 2.150400E+004 1.570926E+074 2.150400E+004, Thu Sep 10 19:42:45 2015
0.45, 0.00, 0.40, 0.00 , -1.908291E-011, 2.509050E-011, -3.125466E-011, -1.002310E-013, 2.150400E+004 1.570926E+074 2.150400E+004, Thu Sep 10 19:42:54 2015
0.50, 0.00, 0.40, 0.00 , -8.575125E-012, 2.508980E-011, -3.045800E-011, -8.862020E-014, 2.150400E+004 1.570926E+074 2.150400E+004, Thu Sep 10 19:42:59 2015
0.55, 0.00, 0.40, 0.00 , -4.608325E-012, 2.507380E-011, -3.582498E-011, -8.208750E-014, 2.150400E+004 1.570926E+074 2.150400E+004, Thu Sep 10 19:43:02 2015
0.60, 0.00, 0.40, 0.00 , -1.274523E-012, 2.491110E-011, -3.859232E-011, -1.035690E-013, 2.150400E+004 1.570926E+074 2.150400E+004, Thu Sep 10 19:43:06 2015
0.65, 0.00, 0.40, 0.00 , 4.717649E-012, 2.493310E-011, -1.427412E-011, -9.971860E-014, 2.150400E+004 1.570926E+074 2.150400E+004, Thu Sep 10 19:43:10 2015
0.70, 0.00, 0.40, 0.00 , 7.207243E-012, 2.493790E-011, -2.861311E-011, -8.004900E-014, 2.150400E+004 1.570926E+074 2.150400E+004, Thu Sep 10 19:43:16 2015
0.75, 0.00, 0.40, 0.00 , 8.937301E-012, 2.514520E-011, -3.532183E-011, -8.727310E-014, 2.150400E+004 1.570926E+074 2.150400E+004, Thu Sep 10 19:43:21 2015
0.80, 0.00, 0.40, 0.00 , 9.654642E-012, 2.519050E-011, -2.970327E-011, -9.613040E-014, 2.150400E+004 1.570926E+074 2.150400E+004, Thu Sep 10 19:43:35 2015
0.85, 0.00, 0.40, 0.00 , 2.037257E-011, 2.492640E-011, -3.293184E-011, -9.578470E-014, 2.150400E+004 1.570926E+074 2.150400E+004, Thu Sep 10 19:43:50 2015
0.90, 0.00, 0.40, 0.00 , 2.176506E-011, 2.498650E-011, -4.047915E-011, -8.316040E-014, 2.150400E+004 1.570926E+074 2.150400E+004, Thu Sep 10 19:44:04 2015
0.95, 0.00, 0.40, 0.00 , 2.649106E-011, 2.540140E-011, -3.641199E-011, -8.754730E-014, 2.150400E+004 1.570926E+074 2.150400E+004, Thu Sep 10 19:44:19 2015
1.00, 0.00, 0.40, 0.00 , 3.286272E-011, 2.549940E-011, -3.251255E-011, -9.691720E-014, 2.150400E+004 1.570926E+074 2.150400E+004, Thu Sep 10 19:44:25 2015
1.05, 0.00, 0.40, 0.00 , 4.012053E-011, 2.510350E-011, -2.840347E-011, -9.245870E-014, 2.150400E+004 1.570926E+074 2.150400E+004, Thu Sep 10 19:44:32 2015
1.10, 0.00, 0.40, 0.00 , 4.041593E-011, 2.550920E-011, -4.337228E-011, -9.102820E-014, 2.150400E+004 1.570926E+074 2.150400E+004, Thu Sep 10 19:44:43 2015
1.15, 0.00, 0.40, 0.00 , 4.366509E-011, 2.553920E-011, -2.362351E-011, -1.160380E-013, 2.150400E+004 1.570926E+074 2.150400E+004, Thu Sep 10 19:44:48 2015
1.20, 0.00, 0.40, 0.00 , 5.366566E-011, 2.538600E-011, -3.649585E-011, -1.070380E-013, 2.150400E+004 1.570926E+074 2.150400E+004, Thu Sep 10 19:44:53 2015
1.25, 0.00, 0.40, 0.00 , 5.902458E-011, 2.512790E-011, -3.280605E-011, -8.484130E-014, 2.150400E+004 1.570926E+074 2.150400E+004, Thu Sep 10 19:44:58 2015
1.30, 0.00, 0.40, 0.00 , 5.919338E-011, 2.549400E-011, -3.829881E-011, -7.531640E-014, 2.150400E+004 1.570926E+074 2.150400E+004, Thu Sep 10 19:45:14 2015
1.35, 0.00, 0.40, 0.00 , 6.472109E-011, 2.517080E-011, -2.790032E-011, -8.950230E-014, 2.150400E+004 1.570926E+074 2.150400E+004, Thu Sep 10 19:45:21 2015
1.40, 0.00, 0.40, 0.00 , 6.666219E-011, 2.567160E-011, -3.808916E-011, -1.050230E-013, 2.150400E+004 1.570926E+074 2.150400E+004, Thu Sep 10 19:45:37 2015
1.45, 0.00, 0.40, 0.00 , 7.159922E-011, 2.559480E-011, -2.714558E-011, -1.047610E-013, 2.150400E+004 1.570926E+074 2.150400E+004, Thu Sep 10 19:45:53 2015
1.50, 0.00, 0.40, 0.00 , 7.459514E-011, 2.561330E-011, -3.179975E-011, -1.020190E-013, 2.150400E+004 1.570926E+074 2.150400E+004, Thu Sep 10 19:46:01 2015
1.55, 0.00, 0.40, 0.00 , 8.463789E-011, 2.567700E-011, -3.112888E-011, -9.874110E-014, 2.150400E+004 1.570926E+074 2.150400E+004, Thu Sep 10 19:46:09 2015
1.60, 0.00, 0.40, 0.00 , 8.965929E-011, 2.579350E-011, -3.356079E-011, -8.474590E-014, 2.150400E+004 1.570926E+074 2.150400E+004, Thu Sep 10 19:46:14 2015
1.65, 0.00, 0.40, 0.00 , 9.029227E-011, 2.617460E-011, -2.735524E-011, -1.194360E-013, 2.150400E+004 1.570926E+074 2.150400E+004, Thu Sep 10 19:46:19 2015
1.70, 0.00, 0.40, 0.00 , 9.860496E-011, 2.609300E-011, -2.873891E-011, -7.315870E-014, 2.150400E+004 1.570926E+074 2.150400E+004, Thu Sep 10 19:46:29 2015
1.75, 0.00, 0.40, 0.00 , 9.619974E-011, 2.598110E-011, -3.855040E-011, -9.876490E-014, 2.150400E+004 1.570926E+074 2.150400E+004, Thu Sep 10 19:46:42 2015
1.80, 0.00, 0.40, 0.00 , 9.890034E-011, 2.623080E-011, -3.766988E-011, -7.731910E-014, 2.150400E+004 1.570926E+074 2.150400E+004, Thu Sep 10 19:46:46 2015
1.85, 0.00, 0.40, 0.00 , 9.759227E-011, 2.641200E-011, -3.414780E-011, -9.732250E-014, 2.150400E+004 1.570926E+074 2.150400E+004, Thu Sep 10 19:46:58 2015
1.90, 0.00, 0.40, 0.00 , 1.059050E-010, 2.628840E-011, -4.014371E-011, -1.035690E-013, 2.150400E+004 1.570926E+074 2.150400E+004, Thu Sep 10 19:47:07 2015
1.95, 0.00, 0.40, 0.00 , 1.095761E-010, 2.624490E-011, -3.708286E-011, -1.146320E-013, 2.150400E+004 1.570926E+074 2.150400E+004, Thu Sep 10 19:47:13 2015
2.00, 0.00, 0.40, 0.00 , 1.080570E-010, 2.598530E-011, -3.263834E-011, -9.182690E-014, 2.150400E+004 1.570926E+074 2.150400E+004, Thu Sep 10 19:47:28 2015
