0.00, 0.00, 1.60, 0.00 , -1.044534E-010, 1.127000E-010, 1.448661E-011, -1.013870E-013, 2.150400E+004 1.570926E+074 2.150400E+004, Thu Sep 10 19:54:29 2015
0.05, 0.00, 1.60, 0.00 , 1.668893E-006, -1.660180E-006, 1.704405E-011, -1.054290E-013, 2.150400E+004 1.570926E+074 2.150400E+004, Thu Sep 10 19:54:34 2015
0.10, 0.00, 1.60, 0.00 , 9.882216E-006, -9.857150E-006, 1.239034E-011, -1.026630E-013, 2.150400E+004 1.570926E+074 2.150400E+004, Thu Sep 10 19:54:37 2015
0.15, 0.00, 1.60, 0.00 , 2.773046E-005, -2.769710E-005, 1.318692E-011, -7.265810E-014, 2.150400E+004 1.570926E+074 2.150400E+004, Thu Sep 10 19:54:41 2015
0.20, 0.00, 1.60, 0.00 , 5.163457E-005, -5.158310E-005, 6.143478E-012, -7.979870E-014, 2.150400E+004 1.570926E+074 2.150400E+004, Thu Sep 10 19:54:45 2015
0.25, 0.00, 1.60, 0.00 , 7.764983E-005, -7.758870E-005, 1.314500E-011, -1.061560E-013, 2.150400E+004 1.570926E+074 2.150400E+004, Thu Sep 10 19:54:48 2015
0.30, 0.00, 1.60, 0.00 , 1.040801E-004, -1.039950E-004, 7.527007E-012, -1.006960E-013, 2.150400E+004 1.570926E+074 2.150400E+004, Thu Sep 10 19:54:52 2015
0.35, 0.00, 1.60, 0.00 , 1.300257E-004, -1.299650E-004, 1.389966E-011, -1.083610E-013, 2.150400E+004 1.570926E+074 2.150400E+004, Thu Sep 10 19:54:55 2015
0.40, 0.00, 1.60, 0.00 , 1.545808E-004, -1.545050E-004, 1.226456E-011, -8.273120E-014, 2.150400E+004 1.570926E+074 2.150400E+004, Thu Sep 10 19:54:59 2015
0.45, 0.00, 1.60, 0.00 , 1.773594E-004, -1.772890E-004, 2.333280E-011, -1.254320E-013, 2.150400E+004 1.570926E+074 2.150400E+004, Thu Sep 10 19:55:02 2015
0.50, 0.00, 1.60, 0.00 , 1.979362E-004, -1.978160E-004, 1.616360E-011, -9.424690E-014, 2.150400E+004 1.570926E+074 2.150400E+004, Thu Sep 10 19:55:06 2015
0.55, 0.00, 1.60, 0.00 , 2.162264E-004, -2.161060E-004, 1.763099E-011, -8.888240E-014, 2.150400E+004 1.570926E+074 2.150400E+004, Thu Sep 10 19:55:10 2015
0.60, 0.00, 1.60, 0.00 , 2.320621E-004, -2.319740E-004, 1.100680E-011, -1.006600E-013, 2.150400E+004 1.570926E+074 2.150400E+004, Thu Sep 10 19:55:13 2015
0.65, 0.00, 1.60, 0.00 , 2.455218E-004, -2.454480E-004, 1.419311E-011, -9.249450E-014, 2.150400E+004 1.570926E+074 2.150400E+004, Thu Sep 10 19:55:17 2015
0.70, 0.00, 1.60, 0.00 , 2.568970E-004, -2.568730E-004, 2.286348E-012, -8.941890E-014, 2.150400E+004 1.570926E+074 2.150400E+004, Thu Sep 10 19:55:20 2015
0.75, 0.00, 1.60, 0.00 , 2.663364E-004, -2.663130E-004, 1.268380E-011, -1.031160E-013, 2.150400E+004 1.570926E+074 2.150400E+004, Thu Sep 10 19:55:24 2015
0.80, 0.00, 1.60, 0.00 , 2.739691E-004, -2.739750E-004, 9.874813E-012, -9.253030E-014, 2.150400E+004 1.570926E+074 2.150400E+004, Thu Sep 10 19:55:27 2015
0.85, 0.00, 1.60, 0.00 , 2.801701E-004, -2.801260E-004, 1.368998E-011, -1.052860E-013, 2.150400E+004 1.570926E+074 2.150400E+004, Thu Sep 10 19:55:31 2015
0.90, 0.00, 1.60, 0.00 , 2.851387E-004, -2.851090E-004, 7.275437E-012, -8.088350E-014, 2.150400E+004 1.570926E+074 2.150400E+004, Thu Sep 10 19:55:34 2015
0.95, 0.00, 1.60, 0.00 , 2.889393E-004, -2.888930E-004, 1.230649E-011, -9.467600E-014, 2.150400E+004 1.570926E+074 2.150400E+004, Thu Sep 10 19:55:38 2015
1.00, 0.00, 1.60, 0.00 , 2.918137E-004, -2.918500E-004, 1.511547E-011, -1.032110E-013, 2.150400E+004 1.570926E+074 2.150400E+004, Thu Sep 10 19:55:42 2015
1.05, 0.00, 1.60, 0.00 , 2.942144E-004, -2.940710E-004, 1.096486E-011, -1.097800E-013, 2.150400E+004 1.570926E+074 2.150400E+004, Thu Sep 10 19:55:45 2015
1.10, 0.00, 1.60, 0.00 , 2.960763E-004, -2.959440E-004, 1.515740E-011, -8.579490E-014, 2.150400E+004 1.570926E+074 2.150400E+004, Thu Sep 10 19:55:49 2015
1.15, 0.00, 1.60, 0.00 , 2.976461E-004, -2.976870E-004, 1.507358E-011, -1.021030E-013, 2.150400E+004 1.570926E+074 2.150400E+004, Thu Sep 10 19:55:52 2015
1.20, 0.00, 1.60, 0.00 , 2.993127E-004, -2.992530E-004, 1.327075E-011, -9.368660E-014, 2.150400E+004 1.570926E+074 2.150400E+004, Thu Sep 10 19:55:56 2015
1.25, 0.00, 1.60, 0.00 , 3.008192E-004, -3.008150E-004, 8.784782E-012, -9.899140E-014, 2.150400E+004 1.570926E+074 2.150400E+004, Thu Sep 10 19:55:59 2015
1.30, 0.00, 1.60, 0.00 , 3.024449E-004, -3.025180E-004, 6.353078E-012, -1.085520E-013, 2.150400E+004 1.570926E+074 2.150400E+004, Thu Sep 10 19:56:03 2015
1.35, 0.00, 1.60, 0.00 , 3.041968E-004, -3.041090E-004, 7.527014E-012, -8.927580E-014, 2.150400E+004 1.570926E+074 2.150400E+004, Thu Sep 10 19:56:06 2015
1.40, 0.00, 1.60, 0.00 , 3.054808E-004, -3.054370E-004, 6.269246E-012, -1.042840E-013, 2.150400E+004 1.570926E+074 2.150400E+004, Thu Sep 10 19:56:10 2015
1.45, 0.00, 1.60, 0.00 , 3.068810E-004, -3.067530E-004, 1.213877E-011, -9.406810E-014, 2.150400E+004 1.570926E+074 2.150400E+004, Thu Sep 10 19:56:13 2015
1.50, 0.00, 1.60, 0.00 , 3.080762E-004, -3.081840E-004, 1.197106E-011, -8.659360E-014, 2.150400E+004 1.570926E+074 2.150400E+004, Thu Sep 10 19:56:17 2015
1.55, 0.00, 1.60, 0.00 , 3.095041E-004, -3.094100E-004, 3.082926E-012, -1.078490E-013, 2.150400E+004 1.570926E+074 2.150400E+004, Thu Sep 10 19:56:21 2015
1.60, 0.00, 1.60, 0.00 , 3.109132E-004, -3.109000E-004, 1.591205E-011, -1.058820E-013, 2.150400E+004 1.570926E+074 2.150400E+004, Thu Sep 10 19:56:24 2015
1.65, 0.00, 1.60, 0.00 , 3.124472E-004, -3.125220E-004, -3.960516E-012, -9.661910E-014, 2.150400E+004 1.570926E+074 2.150400E+004, Thu Sep 10 19:56:28 2015
1.70, 0.00, 1.60, 0.00 , 3.139333E-004, -3.139380E-004, 5.388816E-012, -1.133080E-013, 2.150400E+004 1.570926E+074 2.150400E+004, Thu Sep 10 19:56:31 2015
1.75, 0.00, 1.60, 0.00 , 3.154134E-004, -3.152870E-004, 1.754714E-011, -8.285050E-014, 2.150400E+004 1.570926E+074 2.150400E+004, Thu Sep 10 19:56:35 2015
1.80, 0.00, 1.60, 0.00 , 3.167773E-004, -3.166590E-004, 1.004251E-011, -1.119850E-013, 2.150400E+004 1.570926E+074 2.150400E+004, Thu Sep 10 19:56:38 2015
1.85, 0.00, 1.60, 0.00 , 3.182375E-004, -3.181110E-004, 6.856203E-012, -9.448530E-014, 2.150400E+004 1.570926E+074 2.150400E+004, Thu Sep 10 19:56:42 2015
1.90, 0.00, 1.60, 0.00 , 3.195052E-004, -3.195280E-004, 5.388825E-012, -1.043560E-013, 2.150400E+004 1.570926E+074 2.150400E+004, Thu Sep 10 19:56:45 2015
1.95, 0.00, 1.60, 0.00 , 3.211247E-004, -3.210420E-004, 7.065810E-012, -9.446140E-014, 2.150400E+004 1.570926E+074 2.150400E+004, Thu Sep 10 19:56:49 2015
2.00, 0.00, 1.60, 0.00 , 3.226796E-004, -3.224980E-004, 1.041984E-011, -1.199840E-013, 2.150400E+004 1.570926E+074 2.150400E+004, Thu Sep 10 19:56:52 2015
