0.00, 0.00, 0.00, 0.00 , -3.731325E-011, 1.962840E-011, -2.840346E-011, -1.052020E-013, 2.150400E+004 1.570926E+074 2.150400E+004, Thu Sep 10 19:31:17 2015
0.05, 0.00, 0.00, 0.00 , -3.381065E-011, 1.948170E-011, -3.494443E-011, -9.632110E-014, 2.150400E+004 1.570926E+074 2.150400E+004, Thu Sep 10 19:31:22 2015
0.10, 0.00, 0.00, 0.00 , -3.123645E-011, 1.991540E-011, -4.018561E-011, -1.241680E-013, 2.150400E+004 1.570926E+074 2.150400E+004, Thu Sep 10 19:31:58 2015
0.15, 0.00, 0.00, 0.00 , -3.056125E-011, 2.023910E-011, -3.662162E-011, -1.007320E-013, 2.150400E+004 1.570926E+074 2.150400E+004, Thu Sep 10 19:32:13 2015
0.20, 0.00, 0.00, 0.00 , -2.971726E-011, 2.002780E-011, -3.364464E-011, -1.190190E-013, 2.150400E+004 1.570926E+074 2.150400E+004, Thu Sep 10 19:32:20 2015
0.25, 0.00, 0.00, 0.00 , -2.511751E-011, 2.016440E-011, -3.431551E-011, -1.016620E-013, 2.150400E+004 1.570926E+074 2.150400E+004, Thu Sep 10 19:32:39 2015
0.30, 0.00, 0.00, 0.00 , -2.233229E-011, 2.084720E-011, -3.586688E-011, -8.593800E-014, 2.150400E+004 1.570926E+074 2.150400E+004, Thu Sep 10 19:33:24 2015
0.35, 0.00, 0.00, 0.00 , -1.832329E-011, 2.105020E-011, -3.980825E-011, -8.800030E-014, 2.150400E+004 1.570926E+074 2.150400E+004, Thu Sep 10 19:34:03 2015
0.40, 0.00, 0.00, 0.00 , -1.701510E-011, 2.140370E-011, -3.611847E-011, -1.031990E-013, 2.150400E+004 1.570926E+074 2.150400E+004, Thu Sep 10 19:34:20 2015
0.45, 0.00, 0.00, 0.00 , -6.127513E-012, 2.114590E-011, -3.255447E-011, -9.708410E-014, 2.150400E+004 1.570926E+074 2.150400E+004, Thu Sep 10 19:34:24 2015
0.50, 0.00, 0.00, 0.00 , -6.296312E-012, 2.137800E-011, -3.427357E-011, -9.764430E-014, 2.150400E+004 1.570926E+074 2.150400E+004, Thu Sep 10 19:34:28 2015
0.55, 0.00, 0.00, 0.00 , -3.215714E-012, 2.153460E-011, -3.985018E-011, -9.992120E-014, 2.150400E+004 1.570926E+074 2.150400E+004, Thu Sep 10 19:34:31 2015
0.60, 0.00, 0.00, 0.00 , -1.232322E-012, 2.146230E-011, -3.184167E-011, -9.725090E-014, 2.150400E+004 1.570926E+074 2.150400E+004, Thu Sep 10 19:34:35 2015
0.65, 0.00, 0.00, 0.00 , 3.915911E-012, 2.126710E-011, -2.416859E-011, -9.888410E-014, 2.150400E+004 1.570926E+074 2.150400E+004, Thu Sep 10 19:34:39 2015
0.70, 0.00, 0.00, 0.00 , 4.717644E-012, 2.142310E-011, -4.098227E-011, -9.347200E-014, 2.150400E+004 1.570926E+074 2.150400E+004, Thu Sep 10 19:34:42 2015
0.75, 0.00, 0.00, 0.00 , 9.950011E-012, 2.153570E-011, -3.339306E-011, -1.096370E-013, 2.150400E+004 1.570926E+074 2.150400E+004, Thu Sep 10 19:34:46 2015
0.80, 0.00, 0.00, 0.00 , 9.021685E-012, 2.171220E-011, -3.628619E-011, -1.005050E-013, 2.150400E+004 1.570926E+074 2.150400E+004, Thu Sep 10 19:34:49 2015
0.85, 0.00, 0.00, 0.00 , 9.992204E-012, 2.163880E-011, -3.322534E-011, -9.828810E-014, 2.150400E+004 1.570926E+074 2.150400E+004, Thu Sep 10 19:35:03 2015
0.90, 0.00, 0.00, 0.00 , 1.429625E-011, 2.160080E-011, -4.022755E-011, -1.001120E-013, 2.150400E+004 1.570926E+074 2.150400E+004, Thu Sep 10 19:35:19 2015
0.95, 0.00, 0.00, 0.00 , 2.037255E-011, 2.214880E-011, -3.565725E-011, -1.052860E-013, 2.150400E+004 1.570926E+074 2.150400E+004, Thu Sep 10 19:35:55 2015
1.00, 0.00, 0.00, 0.00 , 2.033035E-011, 2.225990E-011, -4.127580E-011, -7.622240E-014, 2.150400E+004 1.570926E+074 2.150400E+004, Thu Sep 10 19:36:19 2015
1.05, 0.00, 0.00, 0.00 , 2.632225E-011, 2.206610E-011, -3.070958E-011, -8.811950E-014, 2.150400E+004 1.570926E+074 2.150400E+004, Thu Sep 10 19:36:27 2015
1.10, 0.00, 0.00, 0.00 , 3.028869E-011, 2.216250E-011, -3.817301E-011, -8.728500E-014, 2.150400E+004 1.570926E+074 2.150400E+004, Thu Sep 10 19:36:31 2015
1.15, 0.00, 0.00, 0.00 , 3.716675E-011, 2.234640E-011, -3.448323E-011, -1.093630E-013, 2.150400E+004 1.570926E+074 2.150400E+004, Thu Sep 10 19:37:14 2015
1.20, 0.00, 0.00, 0.00 , 3.944537E-011, 2.292480E-011, -2.693593E-011, -1.012440E-013, 2.150400E+004 1.570926E+074 2.150400E+004, Thu Sep 10 19:37:48 2015
1.25, 0.00, 0.00, 0.00 , 4.801128E-011, 2.273320E-011, -2.513297E-011, -9.458070E-014, 2.150400E+004 1.570926E+074 2.150400E+004, Thu Sep 10 19:37:52 2015
1.30, 0.00, 0.00, 0.00 , 5.024765E-011, 2.296500E-011, -3.486059E-011, -8.831020E-014, 2.150400E+004 1.570926E+074 2.150400E+004, Thu Sep 10 19:37:58 2015
1.35, 0.00, 0.00, 0.00 , 5.455172E-011, 2.270750E-011, -4.119193E-011, -1.021390E-013, 2.150400E+004 1.570926E+074 2.150400E+004, Thu Sep 10 19:38:05 2015
1.40, 0.00, 0.00, 0.00 , 5.872918E-011, 2.287370E-011, -4.077265E-011, -1.076460E-013, 2.150400E+004 1.570926E+074 2.150400E+004, Thu Sep 10 19:38:10 2015
1.45, 0.00, 0.00, 0.00 , 6.147191E-011, 2.295770E-011, -5.096148E-011, -1.090650E-013, 2.150400E+004 1.570926E+074 2.150400E+004, Thu Sep 10 19:38:18 2015
1.50, 0.00, 0.00, 0.00 , 6.383496E-011, 2.303270E-011, -4.597188E-011, -9.901520E-014, 2.150400E+004 1.570926E+074 2.150400E+004, Thu Sep 10 19:38:31 2015
1.55, 0.00, 0.00, 0.00 , 6.569160E-011, 2.299230E-011, -4.349805E-011, -9.537940E-014, 2.150400E+004 1.570926E+074 2.150400E+004, Thu Sep 10 19:38:37 2015
1.60, 0.00, 0.00, 0.00 , 7.155695E-011, 2.337520E-011, -4.660081E-011, -9.800200E-014, 2.150400E+004 1.570926E+074 2.150400E+004, Thu Sep 10 19:38:53 2015
1.65, 0.00, 0.00, 0.00 , 7.413093E-011, 2.337260E-011, -4.706205E-011, -9.934900E-014, 2.150400E+004 1.570926E+074 2.150400E+004, Thu Sep 10 19:38:59 2015
1.70, 0.00, 0.00, 0.00 , 7.784421E-011, 2.338920E-011, -3.284798E-011, -1.198770E-013, 2.150400E+004 1.570926E+074 2.150400E+004, Thu Sep 10 19:39:15 2015
1.75, 0.00, 0.00, 0.00 , 7.767542E-011, 2.360110E-011, -4.349806E-011, -9.496210E-014, 2.150400E+004 1.570926E+074 2.150400E+004, Thu Sep 10 19:39:35 2015
1.80, 0.00, 0.00, 0.00 , 8.615694E-011, 2.366940E-011, -3.733442E-011, -1.045230E-013, 2.150400E+004 1.570926E+074 2.150400E+004, Thu Sep 10 19:39:43 2015
1.85, 0.00, 0.00, 0.00 , 8.185286E-011, 2.365830E-011, -3.368657E-011, -7.609130E-014, 2.150400E+004 1.570926E+074 2.150400E+004, Thu Sep 10 19:39:48 2015
1.90, 0.00, 0.00, 0.00 , 8.413144E-011, 2.356730E-011, -4.010178E-011, -9.139780E-014, 2.150400E+004 1.570926E+074 2.150400E+004, Thu Sep 10 19:39:58 2015
1.95, 0.00, 0.00, 0.00 , 8.624138E-011, 2.364490E-011, -4.224017E-011, -8.935930E-014, 2.150400E+004 1.570926E+074 2.150400E+004, Thu Sep 10 19:40:05 2015
2.00, 0.00, 0.00, 0.00 , 8.754944E-011, 2.371200E-011, -4.106615E-011, -8.260010E-014, 2.150400E+004 1.570926E+074 2.150400E+004, Thu Sep 10 19:40:12 2015
