0.05, 0.00, 0.00, 0.00 , -4.397233E-012, 3.308500E-011, -2.555225E-011, -8.027550E-014, 2.150400E+004 1.570926E+074 2.150400E+004, Sun Sep 06 16:07:17 2015
0.05, 0.00, 0.02, 0.00 , -1.410307E-011, 3.228050E-011, -2.634891E-011, -5.190370E-014, 2.150400E+004 1.570926E+074 2.150400E+004, Sun Sep 06 16:07:32 2015
0.05, 0.00, 0.04, 0.00 , -1.477827E-011, 3.293930E-011, -2.559418E-011, -7.905960E-014, 2.150400E+004 1.570926E+074 2.150400E+004, Sun Sep 06 16:07:38 2015
0.05, 0.00, 0.06, 0.00 , -1.511586E-011, 3.273800E-011, -2.169490E-011, -9.720330E-014, 2.150400E+004 1.570926E+074 2.150400E+004, Sun Sep 06 16:07:43 2015
0.05, 0.00, 0.08, 0.00 , -1.688827E-011, 3.163140E-011, -2.383315E-011, -8.625980E-014, 2.150400E+004 1.570926E+074 2.150400E+004, Sun Sep 06 16:08:00 2015
0.05, 0.00, 0.10, 0.00 , -1.705706E-011, 3.147970E-011, -2.131758E-011, -7.811790E-014, 2.150400E+004 1.570926E+074 2.150400E+004, Sun Sep 06 16:08:08 2015
0.05, 0.00, 0.12, 0.00 , -1.773224E-011, 3.170680E-011, -1.951480E-011, -6.124970E-014, 2.150400E+004 1.570926E+074 2.150400E+004, Sun Sep 06 16:08:18 2015
0.05, 0.00, 0.14, 0.00 , -1.545347E-011, 3.295950E-011, -1.670582E-011, -1.052860E-013, 2.150400E+004 1.570926E+074 2.150400E+004, Sun Sep 06 16:08:27 2015
0.05, 0.00, 0.16, 0.00 , -1.574886E-011, 3.321770E-011, -1.678967E-011, -7.637740E-014, 2.150400E+004 1.570926E+074 2.150400E+004, Sun Sep 06 16:08:42 2015
0.05, 0.00, 0.18, 0.00 , -1.393430E-011, 3.193630E-011, -1.427417E-011, -9.281640E-014, 2.150400E+004 1.570926E+074 2.150400E+004, Sun Sep 06 16:08:48 2015
0.05, 0.00, 0.20, 0.00 , -1.427188E-011, 2.756860E-011, -1.385492E-011, -8.803610E-014, 2.150400E+004 1.570926E+074 2.150400E+004, Sun Sep 06 16:08:57 2015
0.05, 0.00, 0.22, 0.00 , -9.883152E-012, 2.267830E-011, -1.284872E-011, -1.065250E-013, 2.150400E+004 1.570926E+074 2.150400E+004, Sun Sep 06 16:09:05 2015
0.05, 0.00, 0.24, 0.00 , -1.232277E-012, 1.236660E-011, -9.620488E-012, -7.717610E-014, 2.150400E+004 1.570926E+074 2.150400E+004, Sun Sep 06 16:09:09 2015
0.05, 0.00, 0.26, 0.00 , 1.623710E-011, -8.768190E-012, -1.234562E-011, -1.213910E-013, 2.150400E+004 1.570926E+074 2.150400E+004, Sun Sep 06 16:09:23 2015
0.05, 0.00, 0.28, 0.00 , 5.649197E-011, -4.634970E-011, -1.024936E-011, -5.480050E-014, 2.150400E+004 1.570926E+074 2.150400E+004, Sun Sep 06 16:09:30 2015
0.05, 0.00, 0.30, 0.00 , 1.338793E-010, -1.243780E-010, -9.117393E-012, -7.349250E-014, 2.150400E+004 1.570926E+074 2.150400E+004, Sun Sep 06 16:09:36 2015
0.05, 0.00, 0.32, 0.00 , 2.932115E-010, -2.814110E-010, -5.511838E-012, -6.835460E-014, 2.150400E+004 1.570926E+074 2.150400E+004, Sun Sep 06 16:09:41 2015
0.05, 0.00, 0.34, 0.00 , 5.981609E-010, -5.912480E-010, -4.966819E-012, -8.620020E-014, 2.150400E+004 1.570926E+074 2.150400E+004, Sun Sep 06 16:09:45 2015
0.05, 0.00, 0.36, 0.00 , 1.211816E-009, -1.199610E-009, -2.996318E-012, -9.968280E-014, 2.150400E+004 1.570926E+074 2.150400E+004, Sun Sep 06 16:09:50 2015
0.05, 0.00, 0.38, 0.00 , 2.418662E-009, -2.407380E-009, -1.822428E-012, -1.004580E-013, 2.150400E+004 1.570926E+074 2.150400E+004, Sun Sep 06 16:09:53 2015
0.05, 0.00, 0.40, 0.00 , 4.758640E-009, -4.749760E-009, -1.403166E-012, -7.492300E-014, 2.150400E+004 1.570926E+074 2.150400E+004, Sun Sep 06 16:09:57 2015
0.05, 0.00, 0.42, 0.00 , 9.254186E-009, -9.251190E-009, 1.363878E-012, -1.016140E-013, 2.150400E+004 1.570926E+074 2.150400E+004, Sun Sep 06 16:10:01 2015
0.05, 0.00, 0.44, 0.00 , 1.755274E-008, -1.750490E-008, 1.950820E-012, -8.884670E-014, 2.150400E+004 1.570926E+074 2.150400E+004, Sun Sep 06 16:10:04 2015
0.05, 0.00, 0.46, 0.00 , 3.227965E-008, -3.234290E-008, 3.543969E-012, -1.004340E-013, 2.150400E+004 1.570926E+074 2.150400E+004, Sun Sep 06 16:10:08 2015
0.05, 0.00, 0.48, 0.00 , 5.727766E-008, -5.732220E-008, 4.634022E-012, -1.070860E-013, 2.150400E+004 1.570926E+074 2.150400E+004, Sun Sep 06 16:10:12 2015
0.05, 0.00, 0.50, 0.00 , 9.744882E-008, -9.725140E-008, 6.017546E-012, -8.475780E-014, 2.150400E+004 1.570926E+074 2.150400E+004, Sun Sep 06 16:10:15 2015
0.05, 0.00, 0.52, 0.00 , 1.579716E-007, -1.581330E-007, 7.317202E-012, -1.074190E-013, 2.150400E+004 1.570926E+074 2.150400E+004, Sun Sep 06 16:10:19 2015
0.05, 0.00, 0.54, 0.00 , 2.447909E-007, -2.448160E-007, 8.491138E-012, -7.692580E-014, 2.150400E+004 1.570926E+074 2.150400E+004, Sun Sep 06 16:10:22 2015
0.05, 0.00, 0.56, 0.00 , 3.638499E-007, -3.636050E-007, 8.574974E-012, -9.332900E-014, 2.150400E+004 1.570926E+074 2.150400E+004, Sun Sep 06 16:10:26 2015
0.05, 0.00, 0.58, 0.00 , 5.199975E-007, -5.196070E-007, 1.054545E-011, -8.243320E-014, 2.150400E+004 1.570926E+074 2.150400E+004, Sun Sep 06 16:10:29 2015
0.05, 0.00, 0.60, 0.00 , 7.149615E-007, -7.153960E-007, 1.226440E-011, -1.044150E-013, 2.150400E+004 1.570926E+074 2.150400E+004, Sun Sep 06 16:10:33 2015
0.05, 0.00, 0.62, 0.00 , 9.542930E-007, -9.545140E-007, 1.389946E-011, -8.236170E-014, 2.150400E+004 1.570926E+074 2.150400E+004, Sun Sep 06 16:10:37 2015
0.05, 0.00, 0.64, 0.00 , 1.236367E-006, -1.237060E-006, 1.301902E-011, -9.181500E-014, 2.150400E+004 1.570926E+074 2.150400E+004, Sun Sep 06 16:10:40 2015
0.05, 0.00, 0.66, 0.00 , 1.561201E-006, -1.561170E-006, 1.670841E-011, -7.631780E-014, 2.150400E+004 1.570926E+074 2.150400E+004, Sun Sep 06 16:10:44 2015
0.05, 0.00, 0.68, 0.00 , 1.924959E-006, -1.923760E-006, 1.742116E-011, -7.530450E-014, 2.150400E+004 1.570926E+074 2.150400E+004, Sun Sep 06 16:10:47 2015
0.05, 0.00, 0.70, 0.00 , 2.324089E-006, -2.325290E-006, 1.905625E-011, -9.131430E-014, 2.150400E+004 1.570926E+074 2.150400E+004, Sun Sep 06 16:10:51 2015
0.05, 0.00, 0.72, 0.00 , 2.755463E-006, -2.755420E-006, 2.178138E-011, -8.585450E-014, 2.150400E+004 1.570926E+074 2.150400E+004, Sun Sep 06 16:10:54 2015
0.05, 0.00, 0.74, 0.00 , 3.215049E-006, -3.213790E-006, 2.454842E-011, -8.785720E-014, 2.150400E+004 1.570926E+074 2.150400E+004, Sun Sep 06 16:10:58 2015
0.05, 0.00, 0.76, 0.00 , 3.689371E-006, -3.689900E-006, 2.467417E-011, -9.056330E-014, 2.150400E+004 1.570926E+074 2.150400E+004, Sun Sep 06 16:11:02 2015
0.05, 0.00, 0.78, 0.00 , 4.190079E-006, -4.189210E-006, 2.521918E-011, -9.995700E-014, 2.150400E+004 1.570926E+074 2.150400E+004, Sun Sep 06 16:11:05 2015
0.05, 0.00, 0.80, 0.00 , 4.699777E-006, -4.701460E-006, 2.589000E-011, -8.888240E-014, 2.150400E+004 1.570926E+074 2.150400E+004, Sun Sep 06 16:11:09 2015
0.05, 0.00, 0.82, 0.00 , 5.220009E-006, -5.221910E-006, 2.333259E-011, -7.082220E-014, 2.150400E+004 1.570926E+074 2.150400E+004, Sun Sep 06 16:11:12 2015
0.05, 0.00, 0.84, 0.00 , 5.750362E-006, -5.749930E-006, 2.848936E-011, -9.351970E-014, 2.150400E+004 1.570926E+074 2.150400E+004, Sun Sep 06 16:11:16 2015
0.05, 0.00, 0.86, 0.00 , 6.283373E-006, -6.282920E-006, 2.807010E-011, -7.038120E-014, 2.150400E+004 1.570926E+074 2.150400E+004, Sun Sep 06 16:11:19 2015
0.05, 0.00, 0.88, 0.00 , 6.817440E-006, -6.815530E-006, 3.033409E-011, -6.843810E-014, 2.150400E+004 1.570926E+074 2.150400E+004, Sun Sep 06 16:11:23 2015
0.05, 0.00, 0.90, 0.00 , 7.352140E-006, -7.349860E-006, 2.995673E-011, -7.873770E-014, 2.150400E+004 1.570926E+074 2.150400E+004, Sun Sep 06 16:11:26 2015
0.05, 0.00, 0.92, 0.00 , 7.878591E-006, -7.879860E-006, 3.058561E-011, -8.654590E-014, 2.150400E+004 1.570926E+074 2.150400E+004, Sun Sep 06 16:11:30 2015
0.05, 0.00, 0.94, 0.00 , 8.411810E-006, -8.408400E-006, 3.180141E-011, -9.216070E-014, 2.150400E+004 1.570926E+074 2.150400E+004, Sun Sep 06 16:11:34 2015
0.05, 0.00, 0.96, 0.00 , 8.936588E-006, -8.937310E-006, 3.276573E-011, -8.955000E-014, 2.150400E+004 1.570926E+074 2.150400E+004, Sun Sep 06 16:11:37 2015
0.05, 0.00, 0.98, 0.00 , 9.456436E-006, -9.456150E-006, 3.599394E-011, -8.047820E-014, 2.150400E+004 1.570926E+074 2.150400E+004, Sun Sep 06 16:11:41 2015
0.05, 0.00, 1.00, 0.00 , 9.969457E-006, -9.965420E-006, 3.700012E-011, -9.635690E-014, 2.150400E+004 1.570926E+074 2.150400E+004, Sun Sep 06 16:11:44 2015
0.05, 0.00, 1.02, 0.00 , 1.047349E-005, -1.048570E-005, 3.624549E-011, -8.649830E-014, 2.150400E+004 1.570926E+074 2.150400E+004, Sun Sep 06 16:11:48 2015
0.05, 0.00, 1.04, 0.00 , 1.098026E-005, -1.098520E-005, 3.901252E-011, -7.849930E-014, 2.150400E+004 1.570926E+074 2.150400E+004, Sun Sep 06 16:11:51 2015
0.05, 0.00, 1.06, 0.00 , 1.146832E-005, -1.147070E-005, 4.039606E-011, -1.071210E-013, 2.150400E+004 1.570926E+074 2.150400E+004, Sun Sep 06 16:11:55 2015
0.05, 0.00, 1.08, 0.00 , 1.195506E-005, -1.195990E-005, 4.257618E-011, -5.670790E-014, 2.150400E+004 1.570926E+074 2.150400E+004, Sun Sep 06 16:11:59 2015
0.05, 0.00, 1.10, 0.00 , 1.242445E-005, -1.242920E-005, 3.880288E-011, -8.670090E-014, 2.150400E+004 1.570926E+074 2.150400E+004, Sun Sep 06 16:12:02 2015
0.05, 0.00, 1.12, 0.00 , 1.289608E-005, -1.290180E-005, 3.825789E-011, -8.198020E-014, 2.150400E+004 1.570926E+074 2.150400E+004, Sun Sep 06 16:12:06 2015
0.05, 0.00, 1.14, 0.00 , 1.335080E-005, -1.335960E-005, 4.354041E-011, -7.231240E-014, 2.150400E+004 1.570926E+074 2.150400E+004, Sun Sep 06 16:12:09 2015
0.05, 0.00, 1.16, 0.00 , 1.379967E-005, -1.380590E-005, 4.538514E-011, -8.044240E-014, 2.150400E+004 1.570926E+074 2.150400E+004, Sun Sep 06 16:12:13 2015
0.05, 0.00, 1.18, 0.00 , 1.424695E-005, -1.425150E-005, 4.400162E-011, -8.745190E-014, 2.150400E+004 1.570926E+074 2.150400E+004, Sun Sep 06 16:12:16 2015
0.05, 0.00, 1.20, 0.00 , 1.467173E-005, -1.468090E-005, 4.207304E-011, -9.464030E-014, 2.150400E+004 1.570926E+074 2.150400E+004, Sun Sep 06 16:12:20 2015
0.05, 0.00, 1.22, 0.00 , 1.509604E-005, -1.510030E-005, 5.062573E-011, -7.497070E-014, 2.150400E+004 1.570926E+074 2.150400E+004, Sun Sep 06 16:12:23 2015
0.05, 0.00, 1.24, 0.00 , 1.551440E-005, -1.552030E-005, 4.957761E-011, -6.959440E-014, 2.150400E+004 1.570926E+074 2.150400E+004, Sun Sep 06 16:12:27 2015
0.05, 0.00, 1.26, 0.00 , 1.592249E-005, -1.592410E-005, 5.695638E-011, -7.607940E-014, 2.150400E+004 1.570926E+074 2.150400E+004, Sun Sep 06 16:12:30 2015
0.05, 0.00, 1.28, 0.00 , 1.632387E-005, -1.632240E-005, 5.226080E-011, -7.553100E-014, 2.150400E+004 1.570926E+074 2.150400E+004, Sun Sep 06 16:12:34 2015
0.05, 0.00, 1.30, 0.00 , 1.671809E-005, -1.671810E-005, 5.070960E-011, -8.207560E-014, 2.150400E+004 1.570926E+074 2.150400E+004, Sun Sep 06 16:12:38 2015
0.05, 0.00, 1.32, 0.00 , 1.709696E-005, -1.710270E-005, 5.796262E-011, -6.674530E-014, 2.150400E+004 1.570926E+074 2.150400E+004, Sun Sep 06 16:12:41 2015
0.05, 0.00, 1.34, 0.00 , 1.747815E-005, -1.748140E-005, 6.010081E-011, -8.345840E-014, 2.150400E+004 1.570926E+074 2.150400E+004, Sun Sep 06 16:12:45 2015
0.05, 0.00, 1.36, 0.00 , 1.784636E-005, -1.785100E-005, 5.959765E-011, -8.683200E-014, 2.150400E+004 1.570926E+074 2.150400E+004, Sun Sep 06 16:12:48 2015
0.05, 0.00, 1.38, 0.00 , 1.820769E-005, -1.821440E-005, 6.131662E-011, -6.192920E-014, 2.150400E+004 1.570926E+074 2.150400E+004, Sun Sep 06 16:12:52 2015
0.05, 0.00, 1.40, 0.00 , 1.856221E-005, -1.856470E-005, 5.989121E-011, -8.629560E-014, 2.150400E+004 1.570926E+074 2.150400E+004, Sun Sep 06 16:12:55 2015
0.05, 0.00, 1.42, 0.00 , 1.890950E-005, -1.891390E-005, 6.815043E-011, -7.014270E-014, 2.150400E+004 1.570926E+074 2.150400E+004, Sun Sep 06 16:12:59 2015
0.05, 0.00, 1.44, 0.00 , 1.924713E-005, -1.925230E-005, 6.664113E-011, -6.839040E-014, 2.150400E+004 1.570926E+074 2.150400E+004, Sun Sep 06 16:13:02 2015
0.05, 0.00, 1.46, 0.00 , 1.958443E-005, -1.958850E-005, 6.806655E-011, -5.595680E-014, 2.150400E+004 1.570926E+074 2.150400E+004, Sun Sep 06 16:13:06 2015
0.05, 0.00, 1.48, 0.00 , 1.990982E-005, -1.991430E-005, 6.039426E-011, -7.796290E-014, 2.150400E+004 1.570926E+074 2.150400E+004, Sun Sep 06 16:13:10 2015
0.05, 0.00, 1.50, 0.00 , 2.023001E-005, -2.023480E-005, 7.020480E-011, -9.273290E-014, 2.150400E+004 1.570926E+074 2.150400E+004, Sun Sep 06 16:13:13 2015
0.05, 0.00, 1.52, 0.00 , 2.054616E-005, -2.055070E-005, 6.584450E-011, -1.133080E-013, 2.150400E+004 1.570926E+074 2.150400E+004, Sun Sep 06 16:13:17 2015
0.05, 0.00, 1.54, 0.00 , 2.085468E-005, -2.085550E-005, 7.473262E-011, -7.994170E-014, 2.150400E+004 1.570926E+074 2.150400E+004, Sun Sep 06 16:13:20 2015
0.05, 0.00, 1.56, 0.00 , 2.115285E-005, -2.116040E-005, 6.718611E-011, -8.291010E-014, 2.150400E+004 1.570926E+074 2.150400E+004, Sun Sep 06 16:13:24 2015
0.05, 0.00, 1.58, 0.00 , 2.145871E-005, -2.146430E-005, 6.743772E-011, -8.432870E-014, 2.150400E+004 1.570926E+074 2.150400E+004, Sun Sep 06 16:13:27 2015
0.05, 0.00, 1.60, 0.00 , 2.174733E-005, -2.175330E-005, 7.506806E-011, -7.163290E-014, 2.150400E+004 1.570926E+074 2.150400E+004, Sun Sep 06 16:13:31 2015
0.05, 0.00, 1.62, 0.00 , 2.203618E-005, -2.203630E-005, 7.557116E-011, -9.013410E-014, 2.150400E+004 1.570926E+074 2.150400E+004, Sun Sep 06 16:13:34 2015
0.05, 0.00, 1.64, 0.00 , 2.231461E-005, -2.231770E-005, 7.833820E-011, -1.050000E-013, 2.150400E+004 1.570926E+074 2.150400E+004, Sun Sep 06 16:13:38 2015
0.05, 0.00, 1.66, 0.00 , 2.259248E-005, -2.259220E-005, 7.531957E-011, -9.026530E-014, 2.150400E+004 1.570926E+074 2.150400E+004, Sun Sep 06 16:13:42 2015
0.05, 0.00, 1.68, 0.00 , 2.286546E-005, -2.286500E-005, 8.030869E-011, -9.396080E-014, 2.150400E+004 1.570926E+074 2.150400E+004, Sun Sep 06 16:13:45 2015
0.05, 0.00, 1.70, 0.00 , 2.312965E-005, -2.313340E-005, 7.691273E-011, -9.957550E-014, 2.150400E+004 1.570926E+074 2.150400E+004, Sun Sep 06 16:13:49 2015
0.05, 0.00, 1.72, 0.00 , 2.339156E-005, -2.339180E-005, 7.582274E-011, -8.282660E-014, 2.150400E+004 1.570926E+074 2.150400E+004, Sun Sep 06 16:13:52 2015
0.05, 0.00, 1.74, 0.00 , 2.364459E-005, -2.364790E-005, 7.821243E-011, -9.430650E-014, 2.150400E+004 1.570926E+074 2.150400E+004, Sun Sep 06 16:13:56 2015
0.05, 0.00, 1.76, 0.00 , 2.389801E-005, -2.389730E-005, 9.309582E-011, -6.108280E-014, 2.150400E+004 1.570926E+074 2.150400E+004, Sun Sep 06 16:13:59 2015
0.05, 0.00, 1.78, 0.00 , 2.414798E-005, -2.415520E-005, 9.234110E-011, -7.203820E-014, 2.150400E+004 1.570926E+074 2.150400E+004, Sun Sep 06 16:14:03 2015
0.05, 0.00, 1.80, 0.00 , 2.438958E-005, -2.439100E-005, 9.355709E-011, -9.682180E-014, 2.150400E+004 1.570926E+074 2.150400E+004, Sun Sep 06 16:14:06 2015
0.05, 0.00, 1.82, 0.00 , 2.462697E-005, -2.462630E-005, 9.007722E-011, -8.574720E-014, 2.150400E+004 1.570926E+074 2.150400E+004, Sun Sep 06 16:14:10 2015
0.05, 0.00, 1.84, 0.00 , 2.486125E-005, -2.486360E-005, 1.113752E-010, -6.439690E-014, 2.150400E+004 1.570926E+074 2.150400E+004, Sun Sep 06 16:14:14 2015
0.05, 0.00, 1.86, 0.00 , 2.508899E-005, -2.509120E-005, 1.004327E-010, -1.056080E-013, 2.150400E+004 1.570926E+074 2.150400E+004, Sun Sep 06 16:14:17 2015
0.05, 0.00, 1.88, 0.00 , 2.531457E-005, -2.531710E-005, 1.052960E-010, -8.304120E-014, 2.150400E+004 1.570926E+074 2.150400E+004, Sun Sep 06 16:14:21 2015
0.05, 0.00, 1.90, 0.00 , 2.554082E-005, -2.554090E-005, 1.045414E-010, -7.871390E-014, 2.150400E+004 1.570926E+074 2.150400E+004, Sun Sep 06 16:14:24 2015
0.05, 0.00, 1.92, 0.00 , 2.576030E-005, -2.575990E-005, 1.070988E-010, -9.725090E-014, 2.150400E+004 1.570926E+074 2.150400E+004, Sun Sep 06 16:14:28 2015
0.05, 0.00, 1.94, 0.00 , 2.597492E-005, -2.596970E-005, 1.102013E-010, -6.080870E-014, 2.150400E+004 1.570926E+074 2.150400E+004, Sun Sep 06 16:14:31 2015
0.05, 0.00, 1.96, 0.00 , 2.618981E-005, -2.619290E-005, 1.221500E-010, -8.418560E-014, 2.150400E+004 1.570926E+074 2.150400E+004, Sun Sep 06 16:14:35 2015
0.05, 0.00, 1.98, 0.00 , 2.638681E-005, -2.638890E-005, 1.322958E-010, -7.135870E-014, 2.150400E+004 1.570926E+074 2.150400E+004, Sun Sep 06 16:14:38 2015
0.05, 0.00, 2.00, 0.00 , 2.660134E-005, -2.660470E-005, 1.250428E-010, -7.797480E-014, 2.150400E+004 1.570926E+074 2.150400E+004, Sun Sep 06 16:14:42 2015
