0.00, 0.00, 0.40, 0.00 , -8.321792E-012, 1.343240E-011, 6.982757E-011, -9.520050E-014, 2.150400E+004 1.570926E+074 2.150400E+004, Sun Sep 06 16:28:31 2015
0.05, 0.00, 0.40, 0.00 , 4.489515E-009, -4.465500E-009, 7.351701E-011, -6.364580E-014, 2.150400E+004 1.570926E+074 2.150400E+004, Sun Sep 06 16:28:37 2015
0.10, 0.00, 0.40, 0.00 , 5.436524E-009, -5.357830E-009, 6.647359E-011, -1.087310E-013, 2.150400E+004 1.570926E+074 2.150400E+004, Sun Sep 06 16:28:41 2015
0.15, 0.00, 0.40, 0.00 , 5.762485E-009, -5.703860E-009, 6.773133E-011, -8.604530E-014, 2.150400E+004 1.570926E+074 2.150400E+004, Sun Sep 06 16:28:44 2015
0.20, 0.00, 0.40, 0.00 , 5.970635E-009, -5.908150E-009, 6.672513E-011, -8.419750E-014, 2.150400E+004 1.570926E+074 2.150400E+004, Sun Sep 06 16:28:48 2015
0.25, 0.00, 0.40, 0.00 , 6.156170E-009, -6.069650E-009, 6.052026E-011, -9.604690E-014, 2.150400E+004 1.570926E+074 2.150400E+004, Sun Sep 06 16:28:52 2015
0.30, 0.00, 0.40, 0.00 , 6.341291E-009, -6.247120E-009, 6.131680E-011, -6.370540E-014, 2.150400E+004 1.570926E+074 2.150400E+004, Sun Sep 06 16:28:55 2015
0.35, 0.00, 0.40, 0.00 , 6.499103E-009, -6.416550E-009, 5.712429E-011, -5.724430E-014, 2.150400E+004 1.570926E+074 2.150400E+004, Sun Sep 06 16:28:59 2015
0.40, 0.00, 0.40, 0.00 , 6.686578E-009, -6.584150E-009, 5.532152E-011, -8.946660E-014, 2.150400E+004 1.570926E+074 2.150400E+004, Sun Sep 06 16:29:03 2015
0.45, 0.00, 0.40, 0.00 , 6.852833E-009, -6.729830E-009, 5.335105E-011, -8.527040E-014, 2.150400E+004 1.570926E+074 2.150400E+004, Sun Sep 06 16:29:06 2015
0.50, 0.00, 0.40, 0.00 , 7.013845E-009, -6.865880E-009, 5.729200E-011, -9.863380E-014, 2.150400E+004 1.570926E+074 2.150400E+004, Sun Sep 06 16:29:10 2015
0.55, 0.00, 0.40, 0.00 , 7.124787E-009, -7.039130E-009, 4.039616E-011, -9.181500E-014, 2.150400E+004 1.570926E+074 2.150400E+004, Sun Sep 06 16:29:14 2015
0.60, 0.00, 0.40, 0.00 , 7.327158E-009, -7.162660E-009, 4.354059E-011, -6.875990E-014, 2.150400E+004 1.570926E+074 2.150400E+004, Sun Sep 06 16:29:17 2015
0.65, 0.00, 0.40, 0.00 , 7.467919E-009, -7.309720E-009, 4.475637E-011, -9.418730E-014, 2.150400E+004 1.570926E+074 2.150400E+004, Sun Sep 06 16:29:21 2015
0.70, 0.00, 0.40, 0.00 , 7.587923E-009, -7.438420E-009, 3.720985E-011, -1.185890E-013, 2.150400E+004 1.570926E+074 2.150400E+004, Sun Sep 06 16:29:24 2015
0.75, 0.00, 0.40, 0.00 , 7.733330E-009, -7.552140E-009, 3.377201E-011, -9.757280E-014, 2.150400E+004 1.570926E+074 2.150400E+004, Sun Sep 06 16:29:28 2015
0.80, 0.00, 0.40, 0.00 , 7.863210E-009, -7.670180E-009, 3.733567E-011, -6.750820E-014, 2.150400E+004 1.570926E+074 2.150400E+004, Sun Sep 06 16:29:32 2015
0.85, 0.00, 0.40, 0.00 , 7.975832E-009, -7.803950E-009, 3.393971E-011, -9.013410E-014, 2.150400E+004 1.570926E+074 2.150400E+004, Sun Sep 06 16:29:35 2015
0.90, 0.00, 0.40, 0.00 , 8.097786E-009, -7.939640E-009, 3.066951E-011, -6.672140E-014, 2.150400E+004 1.570926E+074 2.150400E+004, Sun Sep 06 16:29:39 2015
0.95, 0.00, 0.40, 0.00 , 8.249894E-009, -8.057350E-009, 2.471618E-011, -1.146440E-013, 2.150400E+004 1.570926E+074 2.150400E+004, Sun Sep 06 16:29:43 2015
1.00, 0.00, 0.40, 0.00 , 8.368892E-009, -8.188840E-009, 2.622548E-011, -6.943940E-014, 2.150400E+004 1.570926E+074 2.150400E+004, Sun Sep 06 16:29:46 2015
1.05, 0.00, 0.40, 0.00 , 8.502267E-009, -8.308690E-009, 1.964327E-011, -1.091240E-013, 2.150400E+004 1.570926E+074 2.150400E+004, Sun Sep 06 16:29:50 2015
1.10, 0.00, 0.40, 0.00 , 8.650123E-009, -8.431870E-009, 1.427683E-011, -8.093120E-014, 2.150400E+004 1.570926E+074 2.150400E+004, Sun Sep 06 16:29:54 2015
1.15, 0.00, 0.40, 0.00 , 8.775070E-009, -8.553990E-009, 1.436067E-011, -8.828640E-014, 2.150400E+004 1.570926E+074 2.150400E+004, Sun Sep 06 16:29:57 2015
1.20, 0.00, 0.40, 0.00 , 8.927098E-009, -8.705630E-009, 1.109052E-011, -9.981390E-014, 2.150400E+004 1.570926E+074 2.150400E+004, Sun Sep 06 16:30:01 2015
1.25, 0.00, 0.40, 0.00 , 9.062506E-009, -8.836930E-009, 8.826551E-012, -9.918210E-014, 2.150400E+004 1.570926E+074 2.150400E+004, Sun Sep 06 16:30:05 2015
1.30, 0.00, 0.40, 0.00 , 9.218676E-009, -8.960260E-009, 1.054550E-011, -9.039640E-014, 2.150400E+004 1.570926E+074 2.150400E+004, Sun Sep 06 16:30:08 2015
1.35, 0.00, 0.40, 0.00 , 9.343109E-009, -9.118490E-009, 1.061512E-013, -8.554460E-014, 2.150400E+004 1.570926E+074 2.150400E+004, Sun Sep 06 16:30:12 2015
1.40, 0.00, 0.40, 0.00 , 9.497415E-009, -9.243620E-009, -2.711928E-013, -6.732940E-014, 2.150400E+004 1.570926E+074 2.150400E+004, Sun Sep 06 16:30:15 2015
1.45, 0.00, 0.40, 0.00 , 9.675653E-009, -9.413080E-009, -9.620468E-012, -8.335110E-014, 2.150400E+004 1.570926E+074 2.150400E+004, Sun Sep 06 16:30:19 2015
1.50, 0.00, 0.40, 0.00 , 9.800296E-009, -9.537840E-009, -1.238753E-011, -8.598570E-014, 2.150400E+004 1.570926E+074 2.150400E+004, Sun Sep 06 16:30:23 2015
1.55, 0.00, 0.40, 0.00 , 9.919932E-009, -9.669910E-009, -1.641234E-011, -7.716420E-014, 2.150400E+004 1.570926E+074 2.150400E+004, Sun Sep 06 16:30:26 2015
1.60, 0.00, 0.40, 0.00 , 1.008926E-008, -9.814390E-009, -1.855052E-011, -7.288460E-014, 2.150400E+004 1.570926E+074 2.150400E+004, Sun Sep 06 16:30:30 2015
1.65, 0.00, 0.40, 0.00 , 1.024931E-008, -9.939410E-009, -9.326989E-012, -9.219650E-014, 2.150400E+004 1.570926E+074 2.150400E+004, Sun Sep 06 16:30:34 2015
1.70, 0.00, 0.40, 0.00 , 1.042492E-008, -1.010340E-008, -1.180057E-011, -8.733270E-014, 2.150400E+004 1.570926E+074 2.150400E+004, Sun Sep 06 16:30:37 2015
1.75, 0.00, 0.40, 0.00 , 1.054477E-008, -1.024560E-008, -1.645426E-011, -9.229180E-014, 2.150400E+004 1.570926E+074 2.150400E+004, Sun Sep 06 16:30:41 2015
1.80, 0.00, 0.40, 0.00 , 1.066072E-008, -1.035850E-008, -2.060485E-011, -9.591580E-014, 2.150400E+004 1.570926E+074 2.150400E+004, Sun Sep 06 16:30:44 2015
1.85, 0.00, 0.40, 0.00 , 1.085857E-008, -1.051870E-008, -2.244955E-011, -9.324550E-014, 2.150400E+004 1.570926E+074 2.150400E+004, Sun Sep 06 16:30:48 2015
1.90, 0.00, 0.40, 0.00 , 1.097812E-008, -1.065520E-008, -2.219800E-011, -9.951590E-014, 2.150400E+004 1.570926E+074 2.150400E+004, Sun Sep 06 16:30:52 2015
1.95, 0.00, 0.40, 0.00 , 1.114412E-008, -1.078930E-008, -2.362351E-011, -7.690190E-014, 2.150400E+004 1.570926E+074 2.150400E+004, Sun Sep 06 16:30:55 2015
2.00, 0.00, 0.40, 0.00 , 1.127197E-008, -1.095880E-008, -2.458788E-011, -8.629560E-014, 2.150400E+004 1.570926E+074 2.150400E+004, Sun Sep 06 16:30:59 2015
