0.00, 0.00, 0.80, 0.00 , 1.114909E-008, -1.139180E-008, 1.116689E-010, -7.293220E-014, 2.150400E+004 1.570926E+074 2.150400E+004, Sun Sep 06 16:31:14 2015
0.05, 0.00, 0.80, 0.00 , 4.671731E-006, -4.672120E-006, 1.161549E-010, -8.778570E-014, 2.150400E+004 1.570926E+074 2.150400E+004, Sun Sep 06 16:31:18 2015
0.10, 0.00, 0.80, 0.00 , 8.082598E-006, -8.083540E-006, 1.112497E-010, -1.018050E-013, 2.150400E+004 1.570926E+074 2.150400E+004, Sun Sep 06 16:31:22 2015
0.15, 0.00, 0.80, 0.00 , 1.042094E-005, -1.043260E-005, 1.224436E-010, -6.489750E-014, 2.150400E+004 1.570926E+074 2.150400E+004, Sun Sep 06 16:31:25 2015
0.20, 0.00, 0.80, 0.00 , 1.194505E-005, -1.194730E-005, 1.010618E-010, -8.801220E-014, 2.150400E+004 1.570926E+074 2.150400E+004, Sun Sep 06 16:31:29 2015
0.25, 0.00, 0.80, 0.00 , 1.289454E-005, -1.290000E-005, 1.023196E-010, -7.263420E-014, 2.150400E+004 1.570926E+074 2.150400E+004, Sun Sep 06 16:31:32 2015
0.30, 0.00, 0.80, 0.00 , 1.348878E-005, -1.349490E-005, 1.019003E-010, -7.956030E-014, 2.150400E+004 1.570926E+074 2.150400E+004, Sun Sep 06 16:31:36 2015
0.35, 0.00, 0.80, 0.00 , 1.389024E-005, -1.389580E-005, 1.006845E-010, -9.154080E-014, 2.150400E+004 1.570926E+074 2.150400E+004, Sun Sep 06 16:31:39 2015
0.40, 0.00, 0.80, 0.00 , 1.417146E-005, -1.417460E-005, 9.728846E-011, -9.143350E-014, 2.150400E+004 1.570926E+074 2.150400E+004, Sun Sep 06 16:31:43 2015
0.45, 0.00, 0.80, 0.00 , 1.440548E-005, -1.440620E-005, 9.246712E-011, -9.014610E-014, 2.150400E+004 1.570926E+074 2.150400E+004, Sun Sep 06 16:31:47 2015
0.50, 0.00, 0.80, 0.00 , 1.459106E-005, -1.460220E-005, 9.238336E-011, -7.181170E-014, 2.150400E+004 1.570926E+074 2.150400E+004, Sun Sep 06 16:31:50 2015
0.55, 0.00, 0.80, 0.00 , 1.475751E-005, -1.477250E-005, 8.852623E-011, -8.301740E-014, 2.150400E+004 1.570926E+074 2.150400E+004, Sun Sep 06 16:31:54 2015
0.60, 0.00, 0.80, 0.00 , 1.492929E-005, -1.494070E-005, 8.957430E-011, -5.912780E-014, 2.150400E+004 1.570926E+074 2.150400E+004, Sun Sep 06 16:31:57 2015
0.65, 0.00, 0.80, 0.00 , 1.507445E-005, -1.508010E-005, 8.601071E-011, -8.141990E-014, 2.150400E+004 1.570926E+074 2.150400E+004, Sun Sep 06 16:32:01 2015
0.70, 0.00, 0.80, 0.00 , 1.521530E-005, -1.522450E-005, 8.705881E-011, -9.436610E-014, 2.150400E+004 1.570926E+074 2.150400E+004, Sun Sep 06 16:32:04 2015
0.75, 0.00, 0.80, 0.00 , 1.534919E-005, -1.535040E-005, 8.320166E-011, -7.035730E-014, 2.150400E+004 1.570926E+074 2.150400E+004, Sun Sep 06 16:32:08 2015
0.80, 0.00, 0.80, 0.00 , 1.547123E-005, -1.547780E-005, 8.056047E-011, -1.038910E-013, 2.150400E+004 1.570926E+074 2.150400E+004, Sun Sep 06 16:32:11 2015
0.85, 0.00, 0.80, 0.00 , 1.559973E-005, -1.560030E-005, 7.326547E-011, -7.816550E-014, 2.150400E+004 1.570926E+074 2.150400E+004, Sun Sep 06 16:32:15 2015
0.90, 0.00, 0.80, 0.00 , 1.572093E-005, -1.571980E-005, 7.347509E-011, -6.717440E-014, 2.150400E+004 1.570926E+074 2.150400E+004, Sun Sep 06 16:32:18 2015
0.95, 0.00, 0.80, 0.00 , 1.583240E-005, -1.583580E-005, 7.301391E-011, -6.512400E-014, 2.150400E+004 1.570926E+074 2.150400E+004, Sun Sep 06 16:32:22 2015
1.00, 0.00, 0.80, 0.00 , 1.594289E-005, -1.594890E-005, 7.179802E-011, -7.249120E-014, 2.150400E+004 1.570926E+074 2.150400E+004, Sun Sep 06 16:32:26 2015
1.05, 0.00, 0.80, 0.00 , 1.605406E-005, -1.605750E-005, 7.871573E-011, -5.413290E-014, 2.150400E+004 1.570926E+074 2.150400E+004, Sun Sep 06 16:32:29 2015
1.10, 0.00, 0.80, 0.00 , 1.618435E-005, -1.618840E-005, 6.446120E-011, -1.263380E-013, 2.150400E+004 1.570926E+074 2.150400E+004, Sun Sep 06 16:32:33 2015
1.15, 0.00, 0.80, 0.00 , 1.630468E-005, -1.630720E-005, 6.249071E-011, -6.839040E-014, 2.150400E+004 1.570926E+074 2.150400E+004, Sun Sep 06 16:32:36 2015
1.20, 0.00, 0.80, 0.00 , 1.640541E-005, -1.640290E-005, 6.311957E-011, -8.651020E-014, 2.150400E+004 1.570926E+074 2.150400E+004, Sun Sep 06 16:32:40 2015
1.25, 0.00, 0.80, 0.00 , 1.652833E-005, -1.652900E-005, 6.701863E-011, -1.020190E-013, 2.150400E+004 1.570926E+074 2.150400E+004, Sun Sep 06 16:32:43 2015
1.30, 0.00, 0.80, 0.00 , 1.665152E-005, -1.665130E-005, 5.775320E-011, -7.637740E-014, 2.150400E+004 1.570926E+074 2.150400E+004, Sun Sep 06 16:32:47 2015
1.35, 0.00, 0.80, 0.00 , 1.676749E-005, -1.677350E-005, 5.196747E-011, -9.028910E-014, 2.150400E+004 1.570926E+074 2.150400E+004, Sun Sep 06 16:32:50 2015
1.40, 0.00, 0.80, 0.00 , 1.689820E-005, -1.690520E-005, 5.502803E-011, -7.277730E-014, 2.150400E+004 1.570926E+074 2.150400E+004, Sun Sep 06 16:32:54 2015
1.45, 0.00, 0.80, 0.00 , 1.701011E-005, -1.701540E-005, 4.567873E-011, -1.119730E-013, 2.150400E+004 1.570926E+074 2.150400E+004, Sun Sep 06 16:32:57 2015
1.50, 0.00, 0.80, 0.00 , 1.712885E-005, -1.712840E-005, 4.601413E-011, -7.706880E-014, 2.150400E+004 1.570926E+074 2.150400E+004, Sun Sep 06 16:33:01 2015
1.55, 0.00, 0.80, 0.00 , 1.724214E-005, -1.724660E-005, 3.880300E-011, -8.423330E-014, 2.150400E+004 1.570926E+074 2.150400E+004, Sun Sep 06 16:33:05 2015
1.60, 0.00, 0.80, 0.00 , 1.737624E-005, -1.738050E-005, 4.194740E-011, -8.174180E-014, 2.150400E+004 1.570926E+074 2.150400E+004, Sun Sep 06 16:33:08 2015
1.65, 0.00, 0.80, 0.00 , 1.750358E-005, -1.750610E-005, 3.943193E-011, -7.833240E-014, 2.150400E+004 1.570926E+074 2.150400E+004, Sun Sep 06 16:33:12 2015
1.70, 0.00, 0.80, 0.00 , 1.762571E-005, -1.762040E-005, 3.574244E-011, -9.437800E-014, 2.150400E+004 1.570926E+074 2.150400E+004, Sun Sep 06 16:33:15 2015
1.75, 0.00, 0.80, 0.00 , 1.774269E-005, -1.773920E-005, 3.909652E-011, -9.369850E-014, 2.150400E+004 1.570926E+074 2.150400E+004, Sun Sep 06 16:33:19 2015
1.80, 0.00, 0.80, 0.00 , 1.786203E-005, -1.786720E-005, 3.045994E-011, -9.002690E-014, 2.150400E+004 1.570926E+074 2.150400E+004, Sun Sep 06 16:33:22 2015
1.85, 0.00, 0.80, 0.00 , 1.796108E-005, -1.796620E-005, 3.045997E-011, -6.494520E-014, 2.150400E+004 1.570926E+074 2.150400E+004, Sun Sep 06 16:33:26 2015
1.90, 0.00, 0.80, 0.00 , 1.808435E-005, -1.808620E-005, 2.815407E-011, -8.025170E-014, 2.150400E+004 1.570926E+074 2.150400E+004, Sun Sep 06 16:33:29 2015
1.95, 0.00, 0.80, 0.00 , 1.821057E-005, -1.821260E-005, 2.807021E-011, -7.840400E-014, 2.150400E+004 1.570926E+074 2.150400E+004, Sun Sep 06 16:33:33 2015
2.00, 0.00, 0.80, 0.00 , 1.833546E-005, -1.833760E-005, 2.064946E-011, -7.072690E-014, 2.150400E+004 1.570926E+074 2.150400E+004, Sun Sep 06 16:33:37 2015
