1.80, 0.00, 0.00, 0.00 , 1.494088E-010, 2.192720E-011, -5.146457E-011, -9.946820E-014, 2.150400E+004 1.570926E+074 2.150400E+004, Thu Sep 10 18:08:26 2015
1.80, 0.00, 0.02, 0.00 , 1.366656E-010, 2.187170E-011, -5.951499E-011, -8.044240E-014, 2.150400E+004 1.570926E+074 2.150400E+004, Thu Sep 10 18:08:33 2015
1.80, 0.00, 0.04, 0.00 , 1.330790E-010, 2.172980E-011, -3.657967E-011, -9.555820E-014, 2.150400E+004 1.570926E+074 2.150400E+004, Thu Sep 10 18:08:41 2015
1.80, 0.00, 0.06, 0.00 , 1.303783E-010, 2.194230E-011, -4.433660E-011, -9.108780E-014, 2.150400E+004 1.570926E+074 2.150400E+004, Thu Sep 10 18:08:45 2015
1.80, 0.00, 0.08, 0.00 , 1.201669E-010, 2.192750E-011, -5.029056E-011, -1.091720E-013, 2.150400E+004 1.570926E+074 2.150400E+004, Thu Sep 10 18:08:57 2015
1.80, 0.00, 0.10, 0.00 , 1.228252E-010, 2.174440E-011, -4.693622E-011, -7.719990E-014, 2.150400E+004 1.570926E+074 2.150400E+004, Thu Sep 10 18:09:07 2015
1.80, 0.00, 0.12, 0.00 , 1.193229E-010, 2.191220E-011, -3.712474E-011, -1.124260E-013, 2.150400E+004 1.570926E+074 2.150400E+004, Thu Sep 10 18:09:12 2015
1.80, 0.00, 0.14, 0.00 , 1.155251E-010, 2.186320E-011, -3.804720E-011, -7.427930E-014, 2.150400E+004 1.570926E+074 2.150400E+004, Thu Sep 10 18:09:19 2015
1.80, 0.00, 0.16, 0.00 , 1.123605E-010, 2.173480E-011, -4.387537E-011, -8.825060E-014, 2.150400E+004 1.570926E+074 2.150400E+004, Thu Sep 10 18:09:27 2015
1.80, 0.00, 0.18, 0.00 , 1.105460E-010, 2.181160E-011, -4.878110E-011, -1.036410E-013, 2.150400E+004 1.570926E+074 2.150400E+004, Thu Sep 10 18:09:31 2015
1.80, 0.00, 0.20, 0.00 , 1.113478E-010, 2.187210E-011, -3.670546E-011, -1.071330E-013, 2.150400E+004 1.570926E+074 2.150400E+004, Thu Sep 10 18:09:36 2015
1.80, 0.00, 0.22, 0.00 , 1.092801E-010, 2.181770E-011, -3.741826E-011, -9.127860E-014, 2.150400E+004 1.570926E+074 2.150400E+004, Thu Sep 10 18:09:43 2015
1.80, 0.00, 0.24, 0.00 , 9.653679E-011, 2.189670E-011, -4.727165E-011, -8.115770E-014, 2.150400E+004 1.570926E+074 2.150400E+004, Thu Sep 10 18:10:09 2015
1.80, 0.00, 0.26, 0.00 , 9.472236E-011, 2.183400E-011, -4.228205E-011, -1.142380E-013, 2.150400E+004 1.570926E+074 2.150400E+004, Thu Sep 10 18:10:16 2015
1.80, 0.00, 0.28, 0.00 , 9.332990E-011, 2.190030E-011, -4.400116E-011, -7.876160E-014, 2.150400E+004 1.570926E+074 2.150400E+004, Thu Sep 10 18:10:20 2015
1.80, 0.00, 0.30, 0.00 , 9.265482E-011, 2.183490E-011, -3.691510E-011, -1.035210E-013, 2.150400E+004 1.570926E+074 2.150400E+004, Thu Sep 10 18:10:27 2015
1.80, 0.00, 0.32, 0.00 , 9.134664E-011, 2.179340E-011, -3.448320E-011, -9.448530E-014, 2.150400E+004 1.570926E+074 2.150400E+004, Thu Sep 10 18:10:32 2015
1.80, 0.00, 0.34, 0.00 , 9.383629E-011, 2.204140E-011, -3.435741E-011, -9.753700E-014, 2.150400E+004 1.570926E+074 2.150400E+004, Thu Sep 10 18:10:37 2015
1.80, 0.00, 0.36, 0.00 , 9.189521E-011, 2.181880E-011, -3.708281E-011, -8.926390E-014, 2.150400E+004 1.570926E+074 2.150400E+004, Thu Sep 10 18:10:42 2015
1.80, 0.00, 0.38, 0.00 , 8.826630E-011, 2.177010E-011, -3.637002E-011, -9.126660E-014, 2.150400E+004 1.570926E+074 2.150400E+004, Thu Sep 10 18:11:05 2015
1.80, 0.00, 0.40, 0.00 , 8.746460E-011, 2.174870E-011, -3.498635E-011, -9.447340E-014, 2.150400E+004 1.570926E+074 2.150400E+004, Thu Sep 10 18:11:10 2015
1.80, 0.00, 0.42, 0.00 , 8.573460E-011, 2.164750E-011, -3.762789E-011, -1.007910E-013, 2.150400E+004 1.570926E+074 2.150400E+004, Thu Sep 10 18:11:20 2015
1.80, 0.00, 0.44, 0.00 , 8.134619E-011, 2.174330E-011, -3.670545E-011, -9.109970E-014, 2.150400E+004 1.570926E+074 2.150400E+004, Thu Sep 10 18:11:33 2015
1.80, 0.00, 0.46, 0.00 , 8.210568E-011, 2.174120E-011, -3.439934E-011, -1.025920E-013, 2.150400E+004 1.570926E+074 2.150400E+004, Thu Sep 10 18:11:40 2015
1.80, 0.00, 0.48, 0.00 , 7.999588E-011, 2.188200E-011, -2.693592E-011, -9.661910E-014, 2.150400E+004 1.570926E+074 2.150400E+004, Thu Sep 10 18:11:46 2015
1.80, 0.00, 0.50, 0.00 , 7.687333E-011, 2.174130E-011, -4.165312E-011, -9.633300E-014, 2.150400E+004 1.570926E+074 2.150400E+004, Thu Sep 10 18:11:53 2015
1.80, 0.00, 0.52, 0.00 , 7.860334E-011, 2.151850E-011, -3.318339E-011, -9.679790E-014, 2.150400E+004 1.570926E+074 2.150400E+004, Thu Sep 10 18:12:00 2015
1.80, 0.00, 0.54, 0.00 , 7.505891E-011, 2.172700E-011, -3.934702E-011, -7.214550E-014, 2.150400E+004 1.570926E+074 2.150400E+004, Thu Sep 10 18:12:05 2015
1.80, 0.00, 0.56, 0.00 , 7.653580E-011, 2.183060E-011, -2.823573E-011, -1.040820E-013, 2.150400E+004 1.570926E+074 2.150400E+004, Thu Sep 10 18:12:11 2015
1.80, 0.00, 0.58, 0.00 , 7.598720E-011, 1.940800E-011, -3.360268E-011, -7.528070E-014, 2.150400E+004 1.570926E+074 2.150400E+004, Thu Sep 10 18:12:19 2015
1.80, 0.00, 0.60, 0.00 , 1.957696E-007, -1.839010E-007, -3.653773E-011, -1.024840E-013, 2.150400E+004 1.570926E+074 2.150400E+004, Thu Sep 10 18:12:36 2015
1.80, 0.00, 0.62, 0.00 , 6.648114E-007, -6.595010E-007, -2.991290E-011, -9.572510E-014, 2.150400E+004 1.570926E+074 2.150400E+004, Thu Sep 10 18:12:40 2015
1.80, 0.00, 0.64, 0.00 , 1.096963E-006, -1.097840E-006, -2.500718E-011, -9.698870E-014, 2.150400E+004 1.570926E+074 2.150400E+004, Thu Sep 10 18:12:45 2015
1.80, 0.00, 0.66, 0.00 , 1.571714E-006, -1.561110E-006, -4.081452E-011, -8.834600E-014, 2.150400E+004 1.570926E+074 2.150400E+004, Thu Sep 10 18:12:49 2015
1.80, 0.00, 0.68, 0.00 , 2.174444E-006, -2.166600E-006, -3.783754E-011, -7.632970E-014, 2.150400E+004 1.570926E+074 2.150400E+004, Thu Sep 10 18:12:53 2015
1.80, 0.00, 0.70, 0.00 , 2.962005E-006, -2.892270E-006, -2.869696E-011, -9.803770E-014, 2.150400E+004 1.570926E+074 2.150400E+004, Thu Sep 10 18:12:57 2015
1.80, 0.00, 0.72, 0.00 , 3.934289E-006, -3.944220E-006, -2.257533E-011, -8.150340E-014, 2.150400E+004 1.570926E+074 2.150400E+004, Thu Sep 10 18:13:01 2015
1.80, 0.00, 0.74, 0.00 , 5.067999E-006, -5.068020E-006, -2.794222E-011, -1.261230E-013, 2.150400E+004 1.570926E+074 2.150400E+004, Thu Sep 10 18:13:05 2015
1.80, 0.00, 0.76, 0.00 , 6.569943E-006, -6.549460E-006, -3.574107E-011, -1.047250E-013, 2.150400E+004 1.570926E+074 2.150400E+004, Thu Sep 10 18:13:08 2015
1.80, 0.00, 0.78, 0.00 , 8.360177E-006, -8.356690E-006, -2.722943E-011, -9.689330E-014, 2.150400E+004 1.570926E+074 2.150400E+004, Thu Sep 10 18:13:12 2015
1.80, 0.00, 0.80, 0.00 , 1.049786E-005, -1.050290E-005, -2.228185E-011, -9.801390E-014, 2.150400E+004 1.570926E+074 2.150400E+004, Thu Sep 10 18:13:15 2015
1.80, 0.00, 0.82, 0.00 , 1.294598E-005, -1.293350E-005, -3.309952E-011, -1.020190E-013, 2.150400E+004 1.570926E+074 2.150400E+004, Thu Sep 10 18:13:19 2015
1.80, 0.00, 0.84, 0.00 , 1.566979E-005, -1.565750E-005, -3.309953E-011, -9.299520E-014, 2.150400E+004 1.570926E+074 2.150400E+004, Thu Sep 10 18:13:22 2015
1.80, 0.00, 0.86, 0.00 , 1.879448E-005, -1.878210E-005, -2.785837E-011, -1.028540E-013, 2.150400E+004 1.570926E+074 2.150400E+004, Thu Sep 10 18:13:26 2015
1.80, 0.00, 0.88, 0.00 , 2.222412E-005, -2.222240E-005, -3.003869E-011, -1.000880E-013, 2.150400E+004 1.570926E+074 2.150400E+004, Thu Sep 10 18:13:30 2015
1.80, 0.00, 0.90, 0.00 , 2.598031E-005, -2.595700E-005, -3.318339E-011, -1.027230E-013, 2.150400E+004 1.570926E+074 2.150400E+004, Thu Sep 10 18:13:33 2015
1.80, 0.00, 0.92, 0.00 , 3.004097E-005, -3.004950E-005, -2.538454E-011, -8.610490E-014, 2.150400E+004 1.570926E+074 2.150400E+004, Thu Sep 10 18:13:37 2015
1.80, 0.00, 0.94, 0.00 , 3.447659E-005, -3.445250E-005, -3.460898E-011, -1.001000E-013, 2.150400E+004 1.570926E+074 2.150400E+004, Thu Sep 10 18:13:40 2015
1.80, 0.00, 0.96, 0.00 , 3.915423E-005, -3.918990E-005, -2.559419E-011, -8.019210E-014, 2.150400E+004 1.570926E+074 2.150400E+004, Thu Sep 10 18:13:44 2015
1.80, 0.00, 0.98, 0.00 , 4.416144E-005, -4.412020E-005, -3.083534E-011, -9.828810E-014, 2.150400E+004 1.570926E+074 2.150400E+004, Thu Sep 10 18:13:47 2015
1.80, 0.00, 1.00, 0.00 , 4.950120E-005, -4.947970E-005, -3.083535E-011, -8.702280E-014, 2.150400E+004 1.570926E+074 2.150400E+004, Thu Sep 10 18:13:51 2015
1.80, 0.00, 1.02, 0.00 , 5.503885E-005, -5.504490E-005, -3.012255E-011, -9.913440E-014, 2.150400E+004 1.570926E+074 2.150400E+004, Thu Sep 10 18:13:54 2015
1.80, 0.00, 1.04, 0.00 , 6.092226E-005, -6.093990E-005, -3.561528E-011, -1.070260E-013, 2.150400E+004 1.570926E+074 2.150400E+004, Thu Sep 10 18:13:58 2015
1.80, 0.00, 1.06, 0.00 , 6.715136E-005, -6.706440E-005, -3.008062E-011, -7.689000E-014, 2.150400E+004 1.570926E+074 2.150400E+004, Thu Sep 10 18:14:02 2015
1.80, 0.00, 1.08, 0.00 , 7.351571E-005, -7.350600E-005, -3.024834E-011, -9.486680E-014, 2.150400E+004 1.570926E+074 2.150400E+004, Thu Sep 10 18:14:05 2015
1.80, 0.00, 1.10, 0.00 , 8.036678E-005, -8.022940E-005, -2.957747E-011, -7.907150E-014, 2.150400E+004 1.570926E+074 2.150400E+004, Thu Sep 10 18:14:09 2015
1.80, 0.00, 1.12, 0.00 , 8.727682E-005, -8.723720E-005, -3.402197E-011, -9.950400E-014, 2.150400E+004 1.570926E+074 2.150400E+004, Thu Sep 10 18:14:12 2015
1.80, 0.00, 1.14, 0.00 , 9.468422E-005, -9.457810E-005, -3.372846E-011, -8.707050E-014, 2.150400E+004 1.570926E+074 2.150400E+004, Thu Sep 10 18:14:16 2015
1.80, 0.00, 1.16, 0.00 , 1.022955E-004, -1.022590E-004, -2.597155E-011, -1.154660E-013, 2.150400E+004 1.570926E+074 2.150400E+004, Thu Sep 10 18:14:19 2015
1.80, 0.00, 1.18, 0.00 , 1.101356E-004, -1.100730E-004, -2.068870E-011, -8.578300E-014, 2.150400E+004 1.570926E+074 2.150400E+004, Thu Sep 10 18:14:23 2015
1.80, 0.00, 1.20, 0.00 , 1.182180E-004, -1.181560E-004, -3.431548E-011, -8.573530E-014, 2.150400E+004 1.570926E+074 2.150400E+004, Thu Sep 10 18:14:27 2015
1.80, 0.00, 1.22, 0.00 , 1.265981E-004, -1.266070E-004, -2.370737E-011, -8.964540E-014, 2.150400E+004 1.570926E+074 2.150400E+004, Thu Sep 10 18:14:30 2015
1.80, 0.00, 1.24, 0.00 , 1.351917E-004, -1.351420E-004, -2.295265E-011, -9.734630E-014, 2.150400E+004 1.570926E+074 2.150400E+004, Thu Sep 10 18:14:34 2015
1.80, 0.00, 1.26, 0.00 , 1.439729E-004, -1.439310E-004, -1.569961E-011, -1.235840E-013, 2.150400E+004 1.570926E+074 2.150400E+004, Thu Sep 10 18:14:37 2015
1.80, 0.00, 1.28, 0.00 , 1.530713E-004, -1.529610E-004, -2.257533E-011, -9.671450E-014, 2.150400E+004 1.570926E+074 2.150400E+004, Thu Sep 10 18:14:41 2015
1.80, 0.00, 1.30, 0.00 , 1.622784E-004, -1.622420E-004, -2.144335E-011, -8.496050E-014, 2.150400E+004 1.570926E+074 2.150400E+004, Thu Sep 10 18:14:44 2015
1.80, 0.00, 1.32, 0.00 , 1.716360E-004, -1.715860E-004, -2.987097E-011, -1.039980E-013, 2.150400E+004 1.570926E+074 2.150400E+004, Thu Sep 10 18:14:48 2015
1.80, 0.00, 1.34, 0.00 , 1.812118E-004, -1.811100E-004, -2.534261E-011, -9.378190E-014, 2.150400E+004 1.570926E+074 2.150400E+004, Thu Sep 10 18:14:51 2015
1.80, 0.00, 1.36, 0.00 , 1.907075E-004, -1.906330E-004, -1.951479E-011, -1.061320E-013, 2.150400E+004 1.570926E+074 2.150400E+004, Thu Sep 10 18:14:55 2015
1.80, 0.00, 1.38, 0.00 , 2.005257E-004, -2.006400E-004, -2.693592E-011, -7.328990E-014, 2.150400E+004 1.570926E+074 2.150400E+004, Thu Sep 10 18:14:59 2015
1.80, 0.00, 1.40, 0.00 , 2.105577E-004, -2.104820E-004, -2.018560E-011, -9.912250E-014, 2.150400E+004 1.570926E+074 2.150400E+004, Thu Sep 10 18:15:02 2015
1.80, 0.00, 1.42, 0.00 , 2.206856E-004, -2.205200E-004, -2.534261E-011, -8.268360E-014, 2.150400E+004 1.570926E+074 2.150400E+004, Thu Sep 10 18:15:06 2015
1.80, 0.00, 1.44, 0.00 , 2.308948E-004, -2.308520E-004, -2.467174E-011, -8.274320E-014, 2.150400E+004 1.570926E+074 2.150400E+004, Thu Sep 10 18:15:09 2015
1.80, 0.00, 1.46, 0.00 , 2.411440E-004, -2.410620E-004, -2.421052E-011, -8.224250E-014, 2.150400E+004 1.570926E+074 2.150400E+004, Thu Sep 10 18:15:13 2015
1.80, 0.00, 1.48, 0.00 , 2.514018E-004, -2.513110E-004, -1.435801E-011, -9.889600E-014, 2.150400E+004 1.570926E+074 2.150400E+004, Thu Sep 10 18:15:16 2015
1.80, 0.00, 1.50, 0.00 , 2.618429E-004, -2.617990E-004, -2.085640E-011, -1.210090E-013, 2.150400E+004 1.570926E+074 2.150400E+004, Thu Sep 10 18:15:20 2015
1.80, 0.00, 1.52, 0.00 , 2.723826E-004, -2.723260E-004, -2.773258E-011, -9.602310E-014, 2.150400E+004 1.570926E+074 2.150400E+004, Thu Sep 10 18:15:23 2015
1.80, 0.00, 1.54, 0.00 , 2.830875E-004, -2.828830E-004, -1.699929E-011, -8.250470E-014, 2.150400E+004 1.570926E+074 2.150400E+004, Thu Sep 10 18:15:27 2015
1.80, 0.00, 1.56, 0.00 , 2.938304E-004, -2.938150E-004, -1.699929E-011, -9.403230E-014, 2.150400E+004 1.570926E+074 2.150400E+004, Thu Sep 10 18:15:31 2015
1.80, 0.00, 1.58, 0.00 , 3.045370E-004, -3.044290E-004, -2.404280E-011, -8.432870E-014, 2.150400E+004 1.570926E+074 2.150400E+004, Thu Sep 10 18:15:34 2015
1.80, 0.00, 1.60, 0.00 , 3.155052E-004, -3.154250E-004, -1.767009E-011, -9.441380E-014, 2.150400E+004 1.570926E+074 2.150400E+004, Thu Sep 10 18:15:38 2015
1.80, 0.00, 1.62, 0.00 , 3.263806E-004, -3.263740E-004, -1.993405E-011, -8.889440E-014, 2.150400E+004 1.570926E+074 2.150400E+004, Thu Sep 10 18:15:41 2015
1.80, 0.00, 1.64, 0.00 , 3.373731E-004, -3.373160E-004, -1.951480E-011, -1.016140E-013, 2.150400E+004 1.570926E+074 2.150400E+004, Thu Sep 10 18:15:45 2015
1.80, 0.00, 1.66, 0.00 , 3.484071E-004, -3.483590E-004, -1.754432E-011, -8.184910E-014, 2.150400E+004 1.570926E+074 2.150400E+004, Thu Sep 10 18:15:48 2015
1.80, 0.00, 1.68, 0.00 , 3.594917E-004, -3.593920E-004, -2.899046E-011, -9.368660E-014, 2.150400E+004 1.570926E+074 2.150400E+004, Thu Sep 10 18:15:52 2015
1.80, 0.00, 1.70, 0.00 , 3.706325E-004, -3.705490E-004, -1.092015E-011, -9.123090E-014, 2.150400E+004 1.570926E+074 2.150400E+004, Thu Sep 10 18:15:55 2015
1.80, 0.00, 1.72, 0.00 , 3.818132E-004, -3.816920E-004, -1.842474E-011, -1.073720E-013, 2.150400E+004 1.570926E+074 2.150400E+004, Thu Sep 10 18:15:59 2015
1.80, 0.00, 1.74, 0.00 , 3.930370E-004, -3.928660E-004, -2.190453E-011, -9.344820E-014, 2.150400E+004 1.570926E+074 2.150400E+004, Thu Sep 10 18:16:02 2015
1.80, 0.00, 1.76, 0.00 , 4.041526E-004, -4.040650E-004, -2.001790E-011, -1.111980E-013, 2.150400E+004 1.570926E+074 2.150400E+004, Thu Sep 10 18:16:06 2015
1.80, 0.00, 1.78, 0.00 , 4.154143E-004, -4.153610E-004, -1.356143E-011, -9.535550E-014, 2.150400E+004 1.570926E+074 2.150400E+004, Thu Sep 10 18:16:10 2015
1.80, 0.00, 1.80, 0.00 , 4.267030E-004, -4.265350E-004, -1.771201E-011, -8.763070E-014, 2.150400E+004 1.570926E+074 2.150400E+004, Thu Sep 10 18:16:13 2015
1.80, 0.00, 1.82, 0.00 , 4.379801E-004, -4.379650E-004, -1.704121E-011, -9.155270E-014, 2.150400E+004 1.570926E+074 2.150400E+004, Thu Sep 10 18:16:17 2015
1.80, 0.00, 1.84, 0.00 , 4.492924E-004, -4.491260E-004, -2.769065E-011, -9.156470E-014, 2.150400E+004 1.570926E+074 2.150400E+004, Thu Sep 10 18:16:20 2015
1.80, 0.00, 1.86, 0.00 , 4.605867E-004, -4.605880E-004, -8.740061E-012, -8.888240E-014, 2.150400E+004 1.570926E+074 2.150400E+004, Thu Sep 10 18:16:24 2015
1.80, 0.00, 1.88, 0.00 , 4.719971E-004, -4.720730E-004, -1.783779E-011, -8.314850E-014, 2.150400E+004 1.570926E+074 2.150400E+004, Thu Sep 10 18:16:27 2015
1.80, 0.00, 1.90, 0.00 , 4.836512E-004, -4.835670E-004, -1.850859E-011, -9.731050E-014, 2.150400E+004 1.570926E+074 2.150400E+004, Thu Sep 10 18:16:31 2015
1.80, 0.00, 1.92, 0.00 , 4.950633E-004, -4.951070E-004, -1.532229E-011, -1.053690E-013, 2.150400E+004 1.570926E+074 2.150400E+004, Thu Sep 10 18:16:34 2015
1.80, 0.00, 1.94, 0.00 , 5.064862E-004, -5.066760E-004, -2.475560E-011, -9.574890E-014, 2.150400E+004 1.570926E+074 2.150400E+004, Thu Sep 10 18:16:38 2015
1.80, 0.00, 1.96, 0.00 , 5.179553E-004, -5.178980E-004, -1.783779E-011, -7.277730E-014, 2.150400E+004 1.570926E+074 2.150400E+004, Thu Sep 10 18:16:42 2015
1.80, 0.00, 1.98, 0.00 , 5.293327E-004, -5.293310E-004, -1.649619E-011, -9.791850E-014, 2.150400E+004 1.570926E+074 2.150400E+004, Thu Sep 10 18:16:45 2015
1.80, 0.00, 2.00, 0.00 , 5.409272E-004, -5.407070E-004, -1.624464E-011, -9.262560E-014, 2.150400E+004 1.570926E+074 2.150400E+004, Thu Sep 10 18:16:49 2015
