0.00, 0.00, 2.00, 0.00 , 5.647816E-008, -5.281770E-008, 1.733825E-010, -4.808900E-014, 2.150400E+004 1.570926E+074 2.150400E+004, Sun Sep 06 16:38:40 2015
0.05, 0.00, 2.00, 0.00 , 2.658129E-005, -2.659090E-005, 1.509107E-010, -9.453300E-014, 2.150400E+004 1.570926E+074 2.150400E+004, Sun Sep 06 16:38:43 2015
0.10, 0.00, 2.00, 0.00 , 5.255867E-005, -5.256090E-005, 1.561513E-010, -6.929640E-014, 2.150400E+004 1.570926E+074 2.150400E+004, Sun Sep 06 16:38:47 2015
0.15, 0.00, 2.00, 0.00 , 7.787642E-005, -7.787570E-005, 1.661712E-010, -8.374450E-014, 2.150400E+004 1.570926E+074 2.150400E+004, Sun Sep 06 16:38:51 2015
0.20, 0.00, 2.00, 0.00 , 1.024966E-004, -1.024660E-004, 1.783296E-010, -7.588860E-014, 2.150400E+004 1.570926E+074 2.150400E+004, Sun Sep 06 16:38:54 2015
0.25, 0.00, 2.00, 0.00 , 1.263965E-004, -1.263670E-004, 1.825223E-010, -9.238720E-014, 2.150400E+004 1.570926E+074 2.150400E+004, Sun Sep 06 16:38:58 2015
0.30, 0.00, 2.00, 0.00 , 1.496079E-004, -1.495920E-004, 2.010532E-010, -9.022950E-014, 2.150400E+004 1.570926E+074 2.150400E+004, Sun Sep 06 16:39:01 2015
0.35, 0.00, 2.00, 0.00 , 1.719938E-004, -1.720040E-004, 1.800068E-010, -8.549690E-014, 2.150400E+004 1.570926E+074 2.150400E+004, Sun Sep 06 16:39:05 2015
0.40, 0.00, 2.00, 0.00 , 1.936507E-004, -1.936230E-004, 1.597988E-010, -1.020310E-013, 2.150400E+004 1.570926E+074 2.150400E+004, Sun Sep 06 16:39:08 2015
0.45, 0.00, 2.00, 0.00 , 2.142973E-004, -2.142980E-004, 1.679323E-010, -9.307860E-014, 2.150400E+004 1.570926E+074 2.150400E+004, Sun Sep 06 16:39:12 2015
0.50, 0.00, 2.00, 0.00 , 2.339997E-004, -2.339620E-004, 1.679323E-010, -9.033680E-014, 2.150400E+004 1.570926E+074 2.150400E+004, Sun Sep 06 16:39:16 2015
0.55, 0.00, 2.00, 0.00 , 2.527175E-004, -2.527170E-004, 1.688127E-010, -8.895400E-014, 2.150400E+004 1.570926E+074 2.150400E+004, Sun Sep 06 16:39:19 2015
0.60, 0.00, 2.00, 0.00 , 2.704794E-004, -2.704500E-004, 1.543067E-010, -9.510520E-014, 2.150400E+004 1.570926E+074 2.150400E+004, Sun Sep 06 16:39:23 2015
0.65, 0.00, 2.00, 0.00 , 2.872059E-004, -2.871790E-004, 1.539293E-010, -1.081350E-013, 2.150400E+004 1.570926E+074 2.150400E+004, Sun Sep 06 16:39:26 2015
0.70, 0.00, 2.00, 0.00 , 3.027442E-004, -3.027450E-004, 1.469279E-010, -7.855890E-014, 2.150400E+004 1.570926E+074 2.150400E+004, Sun Sep 06 16:39:30 2015
0.75, 0.00, 2.00, 0.00 , 3.170749E-004, -3.170950E-004, 1.437413E-010, -8.594990E-014, 2.150400E+004 1.570926E+074 2.150400E+004, Sun Sep 06 16:39:33 2015
0.80, 0.00, 2.00, 0.00 , 3.304570E-004, -3.304600E-004, 1.236594E-010, -7.088180E-014, 2.150400E+004 1.570926E+074 2.150400E+004, Sun Sep 06 16:39:37 2015
0.85, 0.00, 2.00, 0.00 , 3.425959E-004, -3.425840E-004, 1.205149E-010, -8.984800E-014, 2.150400E+004 1.570926E+074 2.150400E+004, Sun Sep 06 16:39:40 2015
0.90, 0.00, 2.00, 0.00 , 3.536334E-004, -3.536150E-004, 1.243719E-010, -9.301900E-014, 2.150400E+004 1.570926E+074 2.150400E+004, Sun Sep 06 16:39:44 2015
0.95, 0.00, 2.00, 0.00 , 3.635195E-004, -3.634910E-004, 1.147712E-010, -8.316040E-014, 2.150400E+004 1.570926E+074 2.150400E+004, Sun Sep 06 16:39:47 2015
1.00, 0.00, 2.00, 0.00 , 3.722324E-004, -3.722190E-004, 1.099497E-010, -5.091430E-014, 2.150400E+004 1.570926E+074 2.150400E+004, Sun Sep 06 16:39:51 2015
1.05, 0.00, 2.00, 0.00 , 3.799893E-004, -3.799120E-004, 1.208923E-010, -7.674690E-014, 2.150400E+004 1.570926E+074 2.150400E+004, Sun Sep 06 16:39:55 2015
1.10, 0.00, 2.00, 0.00 , 3.865501E-004, -3.865920E-004, 1.204731E-010, -1.046660E-013, 2.150400E+004 1.570926E+074 2.150400E+004, Sun Sep 06 16:39:58 2015
1.15, 0.00, 2.00, 0.00 , 3.923474E-004, -3.923390E-004, 1.245397E-010, -8.951430E-014, 2.150400E+004 1.570926E+074 2.150400E+004, Sun Sep 06 16:40:02 2015
1.20, 0.00, 2.00, 0.00 , 3.971914E-004, -3.972220E-004, 1.179575E-010, -1.027350E-013, 2.150400E+004 1.570926E+074 2.150400E+004, Sun Sep 06 16:40:05 2015
1.25, 0.00, 2.00, 0.00 , 4.011902E-004, -4.012450E-004, 1.392973E-010, -6.909370E-014, 2.150400E+004 1.570926E+074 2.150400E+004, Sun Sep 06 16:40:09 2015
1.30, 0.00, 2.00, 0.00 , 4.044939E-004, -4.044520E-004, 1.403874E-010, -7.336140E-014, 2.150400E+004 1.570926E+074 2.150400E+004, Sun Sep 06 16:40:12 2015
1.35, 0.00, 2.00, 0.00 , 4.073132E-004, -4.072760E-004, 1.267199E-010, -8.404250E-014, 2.150400E+004 1.570926E+074 2.150400E+004, Sun Sep 06 16:40:16 2015
1.40, 0.00, 2.00, 0.00 , 4.094594E-004, -4.095340E-004, 1.203473E-010, -7.305150E-014, 2.150400E+004 1.570926E+074 2.150400E+004, Sun Sep 06 16:40:19 2015
1.45, 0.00, 2.00, 0.00 , 4.112207E-004, -4.112140E-004, 1.218565E-010, -7.655620E-014, 2.150400E+004 1.570926E+074 2.150400E+004, Sun Sep 06 16:40:23 2015
1.50, 0.00, 2.00, 0.00 , 4.127683E-004, -4.127720E-004, 1.225274E-010, -8.144380E-014, 2.150400E+004 1.570926E+074 2.150400E+004, Sun Sep 06 16:40:26 2015
1.55, 0.00, 2.00, 0.00 , 4.140609E-004, -4.139180E-004, 1.221500E-010, -7.359980E-014, 2.150400E+004 1.570926E+074 2.150400E+004, Sun Sep 06 16:40:30 2015
1.60, 0.00, 2.00, 0.00 , 4.150948E-004, -4.150330E-004, 1.177060E-010, -8.878710E-014, 2.150400E+004 1.570926E+074 2.150400E+004, Sun Sep 06 16:40:34 2015
1.65, 0.00, 2.00, 0.00 , 4.160661E-004, -4.160350E-004, 1.363207E-010, -9.167190E-014, 2.150400E+004 1.570926E+074 2.150400E+004, Sun Sep 06 16:40:37 2015
1.70, 0.00, 2.00, 0.00 , 4.168441E-004, -4.168410E-004, 1.414355E-010, -9.547470E-014, 2.150400E+004 1.570926E+074 2.150400E+004, Sun Sep 06 16:40:41 2015
1.75, 0.00, 2.00, 0.00 , 4.175740E-004, -4.175500E-004, 1.335954E-010, -7.319450E-014, 2.150400E+004 1.570926E+074 2.150400E+004, Sun Sep 06 16:40:44 2015
1.80, 0.00, 2.00, 0.00 , 4.181313E-004, -4.181040E-004, 1.301997E-010, -8.573530E-014, 2.150400E+004 1.570926E+074 2.150400E+004, Sun Sep 06 16:40:48 2015
1.85, 0.00, 2.00, 0.00 , 4.188904E-004, -4.187980E-004, 1.225273E-010, -9.546280E-014, 2.150400E+004 1.570926E+074 2.150400E+004, Sun Sep 06 16:40:51 2015
1.90, 0.00, 2.00, 0.00 , 4.194166E-004, -4.194180E-004, 1.190475E-010, -9.086130E-014, 2.150400E+004 1.570926E+074 2.150400E+004, Sun Sep 06 16:40:55 2015
1.95, 0.00, 2.00, 0.00 , 4.200119E-004, -4.200190E-004, 1.172028E-010, -7.704500E-014, 2.150400E+004 1.570926E+074 2.150400E+004, Sun Sep 06 16:40:58 2015
2.00, 0.00, 2.00, 0.00 , 4.205910E-004, -4.205520E-004, 1.148550E-010, -8.741620E-014, 2.150400E+004 1.570926E+074 2.150400E+004, Sun Sep 06 16:41:02 2015
