0.00, 0.00, 0.80, 0.00 , -7.930135E-011, 4.483930E-012, -2.123372E-011, -1.786100E-012, 2.150400E+004 1.570926E+074 2.150400E+004, Sun Aug 23 02:24:36 2015
0.05, 0.00, 0.80, 0.00 , -6.609285E-011, 4.322930E-012, -2.077255E-011, -1.680370E-012, 2.150400E+004 1.570926E+074 2.150400E+004, Sun Aug 23 02:24:43 2015
0.10, 0.00, 0.80, 0.00 , -5.950974E-011, 4.333660E-012, -2.647470E-011, -2.254150E-012, 2.150400E+004 1.570926E+074 2.150400E+004, Sun Aug 23 02:24:48 2015
0.15, 0.00, 0.80, 0.00 , -5.588060E-011, 4.195130E-012, -2.060485E-011, -2.478360E-012, 2.150400E+004 1.570926E+074 2.150400E+004, Sun Aug 23 02:24:56 2015
0.20, 0.00, 0.80, 0.00 , -4.912870E-011, 4.277850E-012, -2.353965E-011, -2.851240E-012, 2.150400E+004 1.570926E+074 2.150400E+004, Sun Aug 23 02:25:02 2015
0.25, 0.00, 0.80, 0.00 , -4.410696E-011, 4.335050E-012, -2.014367E-011, -2.857300E-012, 2.150400E+004 1.570926E+074 2.150400E+004, Sun Aug 23 02:25:08 2015
0.30, 0.00, 0.80, 0.00 , -4.043560E-011, 4.345600E-012, -2.278495E-011, -3.334520E-012, 2.150400E+004 1.570926E+074 2.150400E+004, Sun Aug 23 02:25:15 2015
0.35, 0.00, 0.80, 0.00 , -3.642667E-011, 4.188700E-012, -2.353965E-011, -3.675740E-012, 2.150400E+004 1.570926E+074 2.150400E+004, Sun Aug 23 02:25:19 2015
0.40, 0.00, 0.80, 0.00 , -3.330390E-011, 4.165120E-012, -2.119180E-011, -3.832840E-012, 2.150400E+004 1.570926E+074 2.150400E+004, Sun Aug 23 02:25:24 2015
0.45, 0.00, 0.80, 0.00 , -2.988572E-011, 4.190600E-012, -2.618120E-011, -4.176630E-012, 2.150400E+004 1.570926E+074 2.150400E+004, Sun Aug 23 02:25:38 2015
0.50, 0.00, 0.80, 0.00 , -2.718497E-011, 4.192400E-012, -2.303650E-011, -4.605230E-012, 2.150400E+004 1.570926E+074 2.150400E+004, Sun Aug 23 02:25:46 2015
0.55, 0.00, 0.80, 0.00 , -2.199444E-011, 4.003890E-012, -2.240763E-011, -4.675840E-012, 2.150400E+004 1.570926E+074 2.150400E+004, Sun Aug 23 02:26:05 2015
0.60, 0.00, 0.80, 0.00 , -1.882947E-011, 4.027990E-012, -2.282688E-011, -4.793440E-012, 2.150400E+004 1.570926E+074 2.150400E+004, Sun Aug 23 02:26:14 2015
0.65, 0.00, 0.80, 0.00 , -1.629751E-011, 3.853820E-012, -2.274303E-011, -4.902370E-012, 2.150400E+004 1.570926E+074 2.150400E+004, Sun Aug 23 02:26:26 2015
0.70, 0.00, 0.80, 0.00 , -1.410313E-011, 3.718390E-012, -2.307843E-011, -5.441670E-012, 2.150400E+004 1.570926E+074 2.150400E+004, Sun Aug 23 02:26:58 2015
0.75, 0.00, 0.80, 0.00 , -8.743787E-012, 3.681310E-012, -2.483946E-011, -5.943140E-012, 2.150400E+004 1.570926E+074 2.150400E+004, Sun Aug 23 02:27:02 2015
0.80, 0.00, 0.80, 0.00 , -5.789829E-012, 3.707800E-012, -2.366544E-011, -5.942750E-012, 2.150400E+004 1.570926E+074 2.150400E+004, Sun Aug 23 02:27:06 2015
0.85, 0.00, 0.80, 0.00 , 7.589827E-014, 3.562200E-012, -2.182067E-011, -6.294070E-012, 2.150400E+004 1.570926E+074 2.150400E+004, Sun Aug 23 02:27:09 2015
0.90, 0.00, 0.80, 0.00 , 3.240754E-012, 3.599130E-012, -1.905361E-011, -6.288520E-012, 2.150400E+004 1.570926E+074 2.150400E+004, Sun Aug 23 02:27:13 2015
0.95, 0.00, 0.80, 0.00 , 6.700829E-012, 3.665710E-012, -2.261725E-011, -7.153380E-012, 2.150400E+004 1.570926E+074 2.150400E+004, Sun Aug 23 02:27:17 2015
1.00, 0.00, 0.80, 0.00 , 7.840120E-012, 3.545920E-012, -2.173682E-011, -6.823980E-012, 2.150400E+004 1.570926E+074 2.150400E+004, Sun Aug 23 02:27:21 2015
1.05, 0.00, 0.80, 0.00 , 9.992123E-012, 3.625110E-012, -2.265918E-011, -7.445900E-012, 2.150400E+004 1.570926E+074 2.150400E+004, Sun Aug 23 02:27:28 2015
1.10, 0.00, 0.80, 0.00 , 1.281926E-011, 3.566240E-012, -2.089832E-011, -7.478560E-012, 2.150400E+004 1.570926E+074 2.150400E+004, Sun Aug 23 02:27:37 2015
1.15, 0.00, 0.80, 0.00 , 1.425392E-011, 3.367630E-012, -2.391701E-011, -7.661890E-012, 2.150400E+004 1.570926E+074 2.150400E+004, Sun Aug 23 02:27:43 2015
1.20, 0.00, 0.80, 0.00 , 1.551979E-011, 3.446040E-012, -2.571997E-011, -8.233570E-012, 2.150400E+004 1.570926E+074 2.150400E+004, Sun Aug 23 02:27:51 2015
1.25, 0.00, 0.80, 0.00 , 2.016137E-011, 3.392790E-012, -2.609734E-011, -8.120000E-012, 2.150400E+004 1.570926E+074 2.150400E+004, Sun Aug 23 02:27:56 2015
1.30, 0.00, 0.80, 0.00 , 1.758740E-011, 3.386680E-012, -2.379123E-011, -8.676230E-012, 2.150400E+004 1.570926E+074 2.150400E+004, Sun Aug 23 02:28:15 2015
1.35, 0.00, 0.80, 0.00 , 1.741861E-011, 3.397260E-012, -2.353965E-011, -8.966280E-012, 2.150400E+004 1.570926E+074 2.150400E+004, Sun Aug 23 02:28:34 2015
1.40, 0.00, 0.80, 0.00 , 2.108967E-011, 3.450200E-012, -2.588769E-011, -8.851680E-012, 2.150400E+004 1.570926E+074 2.150400E+004, Sun Aug 23 02:28:39 2015
1.45, 0.00, 0.80, 0.00 , 2.138505E-011, 3.321460E-012, -2.333000E-011, -9.488120E-012, 2.150400E+004 1.570926E+074 2.150400E+004, Sun Aug 23 02:28:53 2015
1.50, 0.00, 0.80, 0.00 , 2.450754E-011, 3.347110E-012, -2.798416E-011, -9.740330E-012, 2.150400E+004 1.570926E+074 2.150400E+004, Sun Aug 23 02:28:57 2015
1.55, 0.00, 0.80, 0.00 , 2.552025E-011, 3.337370E-012, -2.219800E-011, -9.776120E-012, 2.150400E+004 1.570926E+074 2.150400E+004, Sun Aug 23 02:29:03 2015
1.60, 0.00, 0.80, 0.00 , 2.720812E-011, 3.300060E-012, -2.215608E-011, -1.009040E-011, 2.150400E+004 1.570926E+074 2.150400E+004, Sun Aug 23 02:29:17 2015
1.65, 0.00, 0.80, 0.00 , 2.649079E-011, 3.435680E-012, -2.416859E-011, -1.027970E-011, 2.150400E+004 1.570926E+074 2.150400E+004, Sun Aug 23 02:29:29 2015
1.70, 0.00, 0.80, 0.00 , 2.822081E-011, 3.404270E-012, -2.651663E-011, -1.059040E-011, 2.150400E+004 1.570926E+074 2.150400E+004, Sun Aug 23 02:29:40 2015
1.75, 0.00, 0.80, 0.00 , 3.366410E-011, 3.361120E-012, -2.643277E-011, -1.064480E-011, 2.150400E+004 1.570926E+074 2.150400E+004, Sun Aug 23 02:29:45 2015
1.80, 0.00, 0.80, 0.00 , 3.556292E-011, 3.393830E-012, -2.781644E-011, -1.099870E-011, 2.150400E+004 1.570926E+074 2.150400E+004, Sun Aug 23 02:29:51 2015
1.85, 0.00, 0.80, 0.00 , 3.682880E-011, 3.324780E-012, -2.190453E-011, -1.106580E-011, 2.150400E+004 1.570926E+074 2.150400E+004, Sun Aug 23 02:29:58 2015
1.90, 0.00, 0.80, 0.00 , 3.830567E-011, 3.373360E-012, -2.123372E-011, -1.133070E-011, 2.150400E+004 1.570926E+074 2.150400E+004, Sun Aug 23 02:30:12 2015
1.95, 0.00, 0.80, 0.00 , 4.041550E-011, 3.440250E-012, -2.211415E-011, -1.177840E-011, 2.150400E+004 1.570926E+074 2.150400E+004, Sun Aug 23 02:30:16 2015
2.00, 0.00, 0.80, 0.00 , 4.256747E-011, 3.387010E-012, -2.244955E-011, -1.197230E-011, 2.150400E+004 1.570926E+074 2.150400E+004, Sun Aug 23 02:30:23 2015
