1.80, 1.80, 1.80, 1.80 , 5.864401E-011, 5.700300E-011, 2.244467E-010, 1.015780E-010, 2.150400E+004 1.570926E+074 2.150400E+004, Sun Aug 23 03:43:04 2015
1.75, 1.80, 1.80, 1.80 , 4.353786E-011, 5.688460E-011, 2.251174E-010, 1.058390E-010, 2.150400E+004 1.570926E+074 2.150400E+004, Sun Aug 23 03:44:26 2015
1.70, 1.80, 1.80, 1.80 , 5.269437E-011, 4.317120E-011, 2.230212E-010, 1.087420E-010, 2.150400E+004 1.570926E+074 2.150400E+004, Sun Aug 23 03:45:06 2015
1.65, 1.80, 1.80, 1.80 , 5.404465E-011, 4.684980E-011, 2.575674E-010, 8.355780E-011, 2.150400E+004 1.570926E+074 2.150400E+004, Sun Aug 23 03:45:30 2015
1.60, 1.80, 1.80, 1.80 , 5.716714E-011, 2.957580E-011, 2.161039E-010, -1.336370E-011, 2.150400E+004 1.570926E+074 2.150400E+004, Sun Aug 23 03:46:06 2015
1.55, 1.80, 1.80, 1.80 , 4.606960E-011, 6.207970E-011, 1.161040E-008, -3.189850E-011, 2.150400E+004 1.570926E+074 2.150400E+004, Sun Aug 23 03:46:21 2015
1.50, 1.80, 1.80, 1.80 , 4.269397E-011, 6.120300E-011, 2.649042E-010, 5.863210E-011, 2.150400E+004 1.570926E+074 2.150400E+004, Sun Aug 23 03:46:55 2015
1.45, 1.80, 1.80, 1.80 , 3.974021E-011, -1.221200E-011, 2.603345E-010, 8.608340E-011, 2.150400E+004 1.570926E+074 2.150400E+004, Sun Aug 23 03:47:22 2015
1.40, 1.80, 1.80, 1.80 , 3.986681E-011, -2.095930E-011, 2.472539E-010, 3.318600E-011, 2.150400E+004 1.570926E+074 2.150400E+004, Sun Aug 23 03:48:06 2015
1.35, 1.80, 1.80, 1.80 , 4.092174E-011, -9.321860E-012, 2.521591E-010, 4.646180E-011, 2.150400E+004 1.570926E+074 2.150400E+004, Sun Aug 23 03:48:11 2015
1.30, 1.80, 1.80, 1.80 , 4.699793E-011, 4.480270E-011, 2.366048E-010, -3.309650E-011, 2.150400E+004 1.570926E+074 2.150400E+004, Sun Aug 23 03:48:26 2015
1.25, 1.80, 1.80, 1.80 , 5.282094E-011, 5.633520E-011, 2.246562E-010, 1.177980E-011, 2.150400E+004 1.570926E+074 2.150400E+004, Sun Aug 23 03:48:41 2015
1.20, 1.80, 1.80, 1.80 , 5.062678E-011, 5.096930E-011, 2.338800E-010, 9.608280E-011, 2.150400E+004 1.570926E+074 2.150400E+004, Sun Aug 23 03:49:29 2015
1.15, 1.80, 1.80, 1.80 , 5.223021E-011, 6.114110E-011, 2.273397E-010, 7.469540E-011, 2.150400E+004 1.570926E+074 2.150400E+004, Sun Aug 23 03:49:47 2015
1.10, 1.80, 1.80, 1.80 , 3.906510E-011, 6.430610E-011, 2.551779E-010, 9.750520E-011, 2.150400E+004 1.570926E+074 2.150400E+004, Sun Aug 23 03:50:16 2015
1.05, 1.80, 1.80, 1.80 , 4.522573E-011, 6.684140E-011, 2.413846E-010, 6.995780E-011, 2.150400E+004 1.570926E+074 2.150400E+004, Sun Aug 23 03:51:10 2015
1.00, 1.80, 1.80, 1.80 , 4.163912E-011, -1.146100E-011, 2.595800E-010, 9.987910E-011, 2.150400E+004 1.570926E+074 2.150400E+004, Sun Aug 23 03:51:24 2015
0.95, 1.80, 1.80, 1.80 , 3.210280E-011, 3.191810E-011, 1.168531E-008, 7.324170E-011, 2.150400E+004 1.570926E+074 2.150400E+004, Sun Aug 23 03:52:11 2015
0.90, 1.80, 1.80, 1.80 , 2.577341E-011, 5.296670E-011, 3.661953E-010, 7.998930E-011, 2.150400E+004 1.570926E+074 2.150400E+004, Sun Aug 23 03:54:34 2015
0.85, 1.80, 1.80, 1.80 , 9.865521E-012, 5.292580E-011, 2.251176E-010, 1.101640E-010, 2.150400E+004 1.570926E+074 2.150400E+004, Sun Aug 23 03:54:51 2015
0.80, 1.80, 1.80, 1.80 , 7.249369E-012, 4.709680E-011, 2.254112E-010, 7.992540E-011, 2.150400E+004 1.570926E+074 2.150400E+004, Sun Aug 23 03:55:03 2015
0.75, 1.80, 1.80, 1.80 , 4.000279E-012, 4.441440E-011, 2.223926E-010, 1.058750E-010, 2.150400E+004 1.570926E+074 2.150400E+004, Sun Aug 23 03:55:08 2015
0.70, 1.80, 1.80, 1.80 , -1.907472E-012, 4.668700E-011, 2.129594E-010, 5.251430E-011, 2.150400E+004 1.570926E+074 2.150400E+004, Sun Aug 23 03:55:13 2015
0.65, 1.80, 1.80, 1.80 , 5.983488E-012, 2.218700E-012, 1.185264E-008, -3.140510E-011, 2.150400E+004 1.570926E+074 2.150400E+004, Sun Aug 23 03:55:17 2015
0.60, 1.80, 1.80, 1.80 , -2.413869E-012, 3.152440E-011, 2.258723E-010, -3.226580E-011, 2.150400E+004 1.570926E+074 2.150400E+004, Sun Aug 23 03:55:22 2015
0.55, 1.80, 1.80, 1.80 , 2.945379E-012, 1.794340E-011, 2.689294E-010, -6.078570E-011, 2.150400E+004 1.570926E+074 2.150400E+004, Sun Aug 23 03:55:27 2015
0.50, 1.80, 1.80, 1.80 , 3.409537E-012, 2.456020E-011, 2.625566E-010, 4.011240E-011, 2.150400E+004 1.570926E+074 2.150400E+004, Sun Aug 23 03:55:34 2015
0.45, 1.80, 1.80, 1.80 , 2.439028E-012, 6.778400E-011, 2.026877E-010, 3.736380E-011, 2.150400E+004 1.570926E+074 2.150400E+004, Sun Aug 23 03:55:39 2015
0.40, 1.80, 1.80, 1.80 , -3.089057E-012, 6.458940E-011, 2.101084E-010, 9.444680E-011, 2.150400E+004 1.570926E+074 2.150400E+004, Sun Aug 23 03:55:42 2015
0.35, 1.80, 1.80, 1.80 , -6.380617E-012, 4.221550E-012, 2.679652E-010, 6.004640E-011, 2.150400E+004 1.570926E+074 2.150400E+004, Sun Aug 23 03:55:47 2015
0.30, 1.80, 1.80, 1.80 , -3.426653E-012, 5.227040E-011, 2.209252E-010, 1.161370E-010, 2.150400E+004 1.570926E+074 2.150400E+004, Sun Aug 23 03:55:51 2015
0.25, 1.80, 1.80, 1.80 , -6.043021E-012, 4.306010E-011, 2.093120E-010, 6.391650E-011, 2.150400E+004 1.570926E+074 2.150400E+004, Sun Aug 23 03:55:59 2015
0.20, 1.80, 1.80, 1.80 , -3.722049E-012, 4.932920E-011, 2.137558E-010, -7.240610E-011, 2.150400E+004 1.570926E+074 2.150400E+004, Sun Aug 23 03:56:03 2015
0.15, 1.80, 1.80, 1.80 , 4.978957E-013, 1.679910E-011, 1.941350E-010, 2.704420E-011, 2.150400E+004 1.570926E+074 2.150400E+004, Sun Aug 23 03:56:09 2015
0.10, 1.80, 1.80, 1.80 , -5.030237E-012, 2.018630E-011, 1.918712E-010, 9.762410E-011, 2.150400E+004 1.570926E+074 2.150400E+004, Sun Aug 23 03:56:19 2015
0.05, 1.80, 1.80, 1.80 , -3.089059E-012, 6.754980E-011, 1.934643E-010, 1.768340E-011, 2.150400E+004 1.570926E+074 2.150400E+004, Sun Aug 23 03:56:25 2015
0.00, 1.80, 1.80, 1.80 , -5.241231E-012, -3.788950E-013, 1.934642E-010, 9.076390E-011, 2.150400E+004 1.570926E+074 2.150400E+004, Sun Aug 23 03:56:29 2015
-0.05, 1.80, 1.80, 1.80 , -6.760413E-012, -1.543760E-011, 1.878463E-010, 1.552600E-011, 2.150400E+004 1.570926E+074 2.150400E+004, Sun Aug 23 03:56:34 2015
-0.10, 1.80, 1.80, 1.80 , -5.874219E-012, 5.344660E-011, 1.898588E-010, 1.097920E-010, 2.150400E+004 1.570926E+074 2.150400E+004, Sun Aug 23 03:57:20 2015
-0.15, 1.80, 1.80, 1.80 , -2.123481E-011, 3.083420E-011, 2.100246E-010, 1.040210E-010, 2.150400E+004 1.570926E+074 2.150400E+004, Sun Aug 23 03:57:36 2015
-0.20, 1.80, 1.80, 1.80 , -8.701584E-012, -3.870890E-012, 1.869237E-010, 9.179900E-011, 2.150400E+004 1.570926E+074 2.150400E+004, Sun Aug 23 03:58:45 2015
