1.80, 1.80, 0.60, 1.80 , 9.337084E-009, -8.381570E-009, -2.267041E-008, 2.259130E-008, 2.150400E+004 1.570926E+074 2.150400E+004, Sun Aug 16 23:13:06 2015
1.75, 1.80, 0.60, 1.80 , -1.692362E-006, 1.693250E-006, -2.282433E-008, 2.331130E-008, 2.150400E+004 1.570926E+074 2.150400E+004, Sun Aug 16 23:13:09 2015
1.70, 1.80, 0.60, 1.80 , -3.201956E-006, 3.200470E-006, -2.232477E-008, 2.253030E-008, 2.150400E+004 1.570926E+074 2.150400E+004, Sun Aug 16 23:13:11 2015
1.65, 1.80, 0.60, 1.80 , -4.501468E-006, 4.503640E-006, -2.231129E-008, 2.331680E-008, 2.150400E+004 1.570926E+074 2.150400E+004, Sun Aug 16 23:13:14 2015
1.60, 1.80, 0.60, 1.80 , -5.611355E-006, 5.606350E-006, -2.187588E-008, 2.203210E-008, 2.150400E+004 1.570926E+074 2.150400E+004, Sun Aug 16 23:13:16 2015
1.55, 1.80, 0.60, 1.80 , -6.532171E-006, 6.526960E-006, -2.188394E-008, 2.241030E-008, 2.150400E+004 1.570926E+074 2.150400E+004, Sun Aug 16 23:13:18 2015
1.50, 1.80, 0.60, 1.80 , -7.260084E-006, 7.282800E-006, -2.170366E-008, 2.153520E-008, 2.150400E+004 1.570926E+074 2.150400E+004, Sun Aug 16 23:13:21 2015
1.45, 1.80, 0.60, 1.80 , -7.893717E-006, 7.893120E-006, -2.166567E-008, 2.210090E-008, 2.150400E+004 1.570926E+074 2.150400E+004, Sun Aug 16 23:13:23 2015
1.40, 1.80, 0.60, 1.80 , -8.373361E-006, 8.380070E-006, -2.242743E-008, 2.195290E-008, 2.150400E+004 1.570926E+074 2.150400E+004, Sun Aug 16 23:13:25 2015
1.35, 1.80, 0.60, 1.80 , -8.758051E-006, 8.759440E-006, -2.341389E-008, 2.378000E-008, 2.150400E+004 1.570926E+074 2.150400E+004, Sun Aug 16 23:13:28 2015
1.30, 1.80, 0.60, 1.80 , -9.064736E-006, 9.063860E-006, -2.160624E-008, 2.221550E-008, 2.150400E+004 1.570926E+074 2.150400E+004, Sun Aug 16 23:13:30 2015
1.25, 1.80, 0.60, 1.80 , -9.300756E-006, 9.304590E-006, -2.132835E-008, 2.189010E-008, 2.150400E+004 1.570926E+074 2.150400E+004, Sun Aug 16 23:13:33 2015
1.20, 1.80, 0.60, 1.80 , -9.529515E-006, 9.523820E-006, -2.165358E-008, 2.188920E-008, 2.150400E+004 1.570926E+074 2.150400E+004, Sun Aug 16 23:13:35 2015
1.15, 1.80, 0.60, 1.80 , -9.691524E-006, 9.688180E-006, -2.175291E-008, 2.191240E-008, 2.150400E+004 1.570926E+074 2.150400E+004, Sun Aug 16 23:13:37 2015
1.10, 1.80, 0.60, 1.80 , -9.848727E-006, 9.863600E-006, -2.215328E-008, 2.260260E-008, 2.150400E+004 1.570926E+074 2.150400E+004, Sun Aug 16 23:13:40 2015
1.05, 1.80, 0.60, 1.80 , -9.967501E-006, 9.979660E-006, -1.884505E-008, 1.957300E-008, 2.150400E+004 1.570926E+074 2.150400E+004, Sun Aug 16 23:13:42 2015
1.00, 1.80, 0.60, 1.80 , -1.009490E-005, 1.009320E-005, -2.201393E-008, 2.297020E-008, 2.150400E+004 1.570926E+074 2.150400E+004, Sun Aug 16 23:13:44 2015
0.95, 1.80, 0.60, 1.80 , -1.020879E-005, 1.021320E-005, -2.149024E-008, 2.204540E-008, 2.150400E+004 1.570926E+074 2.150400E+004, Sun Aug 16 23:13:47 2015
0.90, 1.80, 0.60, 1.80 , -1.027857E-005, 1.026930E-005, -2.197047E-008, 2.270500E-008, 2.150400E+004 1.570926E+074 2.150400E+004, Sun Aug 16 23:13:49 2015
0.85, 1.80, 0.60, 1.80 , -1.039658E-005, 1.038790E-005, -2.180378E-008, 2.210600E-008, 2.150400E+004 1.570926E+074 2.150400E+004, Sun Aug 16 23:13:51 2015
0.80, 1.80, 0.60, 1.80 , -1.046360E-005, 1.047690E-005, -2.209371E-008, 2.291950E-008, 2.150400E+004 1.570926E+074 2.150400E+004, Sun Aug 16 23:13:54 2015
0.75, 1.80, 0.60, 1.80 , -1.055336E-005, 1.056680E-005, -2.261234E-008, 2.410160E-008, 2.150400E+004 1.570926E+074 2.150400E+004, Sun Aug 16 23:13:56 2015
0.70, 1.80, 0.60, 1.80 , -1.063683E-005, 1.065490E-005, -2.140198E-008, 2.235300E-008, 2.150400E+004 1.570926E+074 2.150400E+004, Sun Aug 16 23:13:59 2015
0.65, 1.80, 0.60, 1.80 , -1.073934E-005, 1.072630E-005, -2.180283E-008, 2.243040E-008, 2.150400E+004 1.570926E+074 2.150400E+004, Sun Aug 16 23:14:01 2015
0.60, 1.80, 0.60, 1.80 , -1.081935E-005, 1.080580E-005, -2.196348E-008, 2.237920E-008, 2.150400E+004 1.570926E+074 2.150400E+004, Sun Aug 16 23:14:03 2015
0.55, 1.80, 0.60, 1.80 , -1.086476E-005, 1.085760E-005, -2.169530E-008, 2.258330E-008, 2.150400E+004 1.570926E+074 2.150400E+004, Sun Aug 16 23:14:06 2015
0.50, 1.80, 0.60, 1.80 , -1.092549E-005, 1.092540E-005, -2.230800E-008, 2.305330E-008, 2.150400E+004 1.570926E+074 2.150400E+004, Sun Aug 16 23:14:08 2015
0.45, 1.80, 0.60, 1.80 , -1.099066E-005, 1.099370E-005, -2.214411E-008, 2.317950E-008, 2.150400E+004 1.570926E+074 2.150400E+004, Sun Aug 16 23:14:10 2015
0.40, 1.80, 0.60, 1.80 , -1.106507E-005, 1.104010E-005, -2.225429E-008, 2.285350E-008, 2.150400E+004 1.570926E+074 2.150400E+004, Sun Aug 16 23:14:13 2015
0.35, 1.80, 0.60, 1.80 , -1.112802E-005, 1.110910E-005, -2.195270E-008, 2.248600E-008, 2.150400E+004 1.570926E+074 2.150400E+004, Sun Aug 16 23:14:15 2015
0.30, 1.80, 0.60, 1.80 , -1.118809E-005, 1.117720E-005, -2.349592E-008, 2.299940E-008, 2.150400E+004 1.570926E+074 2.150400E+004, Sun Aug 16 23:14:18 2015
0.25, 1.80, 0.60, 1.80 , -1.125155E-005, 1.123540E-005, -1.958043E-008, 2.054650E-008, 2.150400E+004 1.570926E+074 2.150400E+004, Sun Aug 16 23:14:20 2015
0.20, 1.80, 0.60, 1.80 , -1.132041E-005, 1.129990E-005, -1.955372E-008, 2.056870E-008, 2.150400E+004 1.570926E+074 2.150400E+004, Sun Aug 16 23:14:22 2015
0.15, 1.80, 0.60, 1.80 , -1.137930E-005, 1.137360E-005, -2.217529E-008, 2.354750E-008, 2.150400E+004 1.570926E+074 2.150400E+004, Sun Aug 16 23:14:25 2015
0.10, 1.80, 0.60, 1.80 , -1.143143E-005, 1.140720E-005, -2.261572E-008, 2.353020E-008, 2.150400E+004 1.570926E+074 2.150400E+004, Sun Aug 16 23:14:27 2015
0.05, 1.80, 0.60, 1.80 , -1.149290E-005, 1.150360E-005, -2.243568E-008, 2.367360E-008, 2.150400E+004 1.570926E+074 2.150400E+004, Sun Aug 16 23:14:29 2015
0.00, 1.80, 0.60, 1.80 , -1.154683E-005, 1.153270E-005, -2.243574E-008, 2.326110E-008, 2.150400E+004 1.570926E+074 2.150400E+004, Sun Aug 16 23:14:32 2015
-0.05, 1.80, 0.60, 1.80 , -1.158610E-005, 1.157460E-005, -2.227270E-008, 2.314700E-008, 2.150400E+004 1.570926E+074 2.150400E+004, Sun Aug 16 23:14:34 2015
-0.10, 1.80, 0.60, 1.80 , -1.166165E-005, 1.164510E-005, -2.276945E-008, 2.399810E-008, 2.150400E+004 1.570926E+074 2.150400E+004, Sun Aug 16 23:14:36 2015
-0.15, 1.80, 0.60, 1.80 , -1.168637E-005, 1.168850E-005, -2.249142E-008, 2.354260E-008, 2.150400E+004 1.570926E+074 2.150400E+004, Sun Aug 16 23:14:39 2015
-0.20, 1.80, 0.60, 1.80 , -1.175534E-005, 1.173020E-005, -2.020720E-008, 2.097470E-008, 2.150400E+004 1.570926E+074 2.150400E+004, Sun Aug 16 23:14:41 2015
