1.80, 1.80, 1.00, 1.80 , 2.269308E-011, 3.585950E-011, -8.706239E-011, 1.412910E-010, 2.150400E+004 1.570926E+074 2.150400E+004, Sun Aug 23 04:07:38 2015
1.75, 1.80, 1.00, 1.80 , 9.316966E-012, 3.469850E-011, -8.391771E-011, 1.317950E-010, 2.150400E+004 1.570926E+074 2.150400E+004, Sun Aug 23 04:07:58 2015
1.70, 1.80, 1.00, 1.80 , 3.493927E-012, 3.491070E-011, -8.433695E-011, 1.350300E-010, 2.150400E+004 1.570926E+074 2.150400E+004, Sun Aug 23 04:08:03 2015
1.65, 1.80, 1.00, 1.80 , 2.439027E-012, 3.553780E-011, -8.236627E-011, 1.347520E-010, 2.150400E+004 1.570926E+074 2.150400E+004, Sun Aug 23 04:08:07 2015
1.60, 1.80, 1.00, 1.80 , 1.890477E-012, 3.650370E-011, -7.792183E-011, 1.342850E-010, 2.150400E+004 1.570926E+074 2.150400E+004, Sun Aug 23 04:08:10 2015
1.55, 1.80, 1.00, 1.80 , -1.401078E-012, 3.707260E-011, -8.131805E-011, 1.374200E-010, 2.150400E+004 1.570926E+074 2.150400E+004, Sun Aug 23 04:08:13 2015
1.50, 1.80, 1.00, 1.80 , -4.059645E-012, 3.804900E-011, -8.613992E-011, 1.375700E-010, 2.150400E+004 1.570926E+074 2.150400E+004, Sun Aug 23 04:08:17 2015
1.45, 1.80, 1.00, 1.80 , -7.224589E-012, 3.901210E-011, -7.808951E-011, 1.342730E-010, 2.150400E+004 1.570926E+074 2.150400E+004, Sun Aug 23 04:08:20 2015
1.40, 1.80, 1.00, 1.80 , -6.169617E-012, 4.010820E-011, -8.504976E-011, 1.345040E-010, 2.150400E+004 1.570926E+074 2.150400E+004, Sun Aug 23 04:08:24 2015
1.35, 1.80, 1.00, 1.80 , -9.418963E-012, 4.066970E-011, -7.163243E-011, 1.344430E-010, 2.150400E+004 1.570926E+074 2.150400E+004, Sun Aug 23 04:08:29 2015
1.30, 1.80, 1.00, 1.80 , -9.334563E-012, 4.183610E-011, -8.236634E-011, 1.321140E-010, 2.150400E+004 1.570926E+074 2.150400E+004, Sun Aug 23 04:08:38 2015
1.25, 1.80, 1.00, 1.80 , -9.629955E-012, 4.059100E-011, -8.341457E-011, 1.366310E-010, 2.150400E+004 1.570926E+074 2.150400E+004, Sun Aug 23 04:08:49 2015
1.20, 1.80, 1.00, 1.80 , -1.638188E-011, 4.292910E-011, -8.391771E-011, 1.377650E-010, 2.150400E+004 1.570926E+074 2.150400E+004, Sun Aug 23 04:09:20 2015
1.15, 1.80, 1.00, 1.80 , -1.963122E-011, 4.640230E-011, -8.278560E-011, 1.359560E-010, 2.150400E+004 1.570926E+074 2.150400E+004, Sun Aug 23 04:09:45 2015
1.10, 1.80, 1.00, 1.80 , -2.697390E-011, 4.936830E-011, -7.947319E-011, 1.365640E-010, 2.150400E+004 1.570926E+074 2.150400E+004, Sun Aug 23 04:09:55 2015
1.05, 1.80, 1.00, 1.80 , -3.178467E-011, 5.347210E-011, -7.838302E-011, 1.345920E-010, 2.150400E+004 1.570926E+074 2.150400E+004, Sun Aug 23 04:10:10 2015
1.00, 1.80, 1.00, 1.80 , -3.815679E-011, 5.867760E-011, -8.739782E-011, 1.373500E-010, 2.150400E+004 1.570926E+074 2.150400E+004, Sun Aug 23 04:10:18 2015
0.95, 1.80, 1.00, 1.80 , -4.364270E-011, 6.224250E-011, -7.922163E-011, 1.386670E-010, 2.150400E+004 1.570926E+074 2.150400E+004, Sun Aug 23 04:10:32 2015
0.90, 1.80, 1.00, 1.80 , -5.047898E-011, 6.574570E-011, -8.400154E-011, 1.344460E-010, 2.150400E+004 1.570926E+074 2.150400E+004, Sun Aug 23 04:10:40 2015
0.85, 1.80, 1.00, 1.80 , -6.073349E-011, 7.041140E-011, -7.938934E-011, 1.346270E-010, 2.150400E+004 1.570926E+074 2.150400E+004, Sun Aug 23 04:10:44 2015
0.80, 1.80, 1.00, 1.80 , -5.959409E-011, 7.092870E-011, -7.989247E-011, 1.342950E-010, 2.150400E+004 1.570926E+074 2.150400E+004, Sun Aug 23 04:10:53 2015
0.75, 1.80, 1.00, 1.80 , -7.495465E-011, 8.171150E-011, -8.567870E-011, 1.372330E-010, 2.150400E+004 1.570926E+074 2.150400E+004, Sun Aug 23 04:10:57 2015
0.70, 1.80, 1.00, 1.80 , -8.909145E-011, 9.785860E-011, -8.035374E-011, 1.356880E-010, 2.150400E+004 1.570926E+074 2.150400E+004, Sun Aug 23 04:11:05 2015
0.65, 1.80, 1.00, 1.80 , -1.074483E-010, 1.134520E-010, -8.265980E-011, 1.343920E-010, 2.150400E+004 1.570926E+074 2.150400E+004, Sun Aug 23 04:11:18 2015
0.60, 1.80, 1.00, 1.80 , -1.281681E-010, 1.319400E-010, -8.119230E-011, 1.356600E-010, 2.150400E+004 1.570926E+074 2.150400E+004, Sun Aug 23 04:11:23 2015
0.55, 1.80, 1.00, 1.80 , -1.597333E-010, 1.613350E-010, -8.446276E-011, 1.385370E-010, 2.150400E+004 1.570926E+074 2.150400E+004, Sun Aug 23 04:11:27 2015
0.50, 1.80, 1.00, 1.80 , -1.978815E-010, 1.973630E-010, -7.616079E-011, 1.374670E-010, 2.150400E+004 1.570926E+074 2.150400E+004, Sun Aug 23 04:11:32 2015
0.45, 1.80, 1.00, 1.80 , -1.986835E-010, 1.970560E-010, -8.328877E-011, 1.355130E-010, 2.150400E+004 1.570926E+074 2.150400E+004, Sun Aug 23 04:11:40 2015
0.40, 1.80, 1.00, 1.80 , -2.539222E-010, 2.529240E-010, -8.165350E-011, 1.369410E-010, 2.150400E+004 1.570926E+074 2.150400E+004, Sun Aug 23 04:11:47 2015
0.35, 1.80, 1.00, 1.80 , -3.309786E-010, 3.257770E-010, -8.278562E-011, 1.364590E-010, 2.150400E+004 1.570926E+074 2.150400E+004, Sun Aug 23 04:11:51 2015
0.30, 1.80, 1.00, 1.80 , -4.175715E-010, 4.105640E-010, -7.855076E-011, 1.385140E-010, 2.150400E+004 1.570926E+074 2.150400E+004, Sun Aug 23 04:11:55 2015
0.25, 1.80, 1.00, 1.80 , -7.426332E-010, 6.956760E-010, -8.136005E-011, 1.361210E-010, 2.150400E+004 1.570926E+074 2.150400E+004, Sun Aug 23 04:12:02 2015
0.20, 1.80, 1.00, 1.80 , -9.145129E-010, 8.964000E-010, -7.163244E-011, 1.357500E-010, 2.150400E+004 1.570926E+074 2.150400E+004, Sun Aug 23 04:12:06 2015
0.15, 1.80, 1.00, 1.80 , -1.090483E-009, 9.298200E-010, -8.089878E-011, 1.564770E-010, 2.150400E+004 1.570926E+074 2.150400E+004, Sun Aug 23 04:12:12 2015
0.10, 1.80, 1.00, 1.80 , -1.094620E-009, 1.202430E-009, -7.117121E-011, 1.390630E-010, 2.150400E+004 1.570926E+074 2.150400E+004, Sun Aug 23 04:12:39 2015
0.05, 1.80, 1.00, 1.80 , -1.373220E-009, 1.466360E-009, -8.270176E-011, 1.399220E-010, 2.150400E+004 1.570926E+074 2.150400E+004, Sun Aug 23 04:12:57 2015
0.00, 1.80, 1.00, 1.80 , -1.762637E-009, 1.716170E-009, -8.144389E-011, 1.397270E-010, 2.150400E+004 1.570926E+074 2.150400E+004, Sun Aug 23 04:13:05 2015
-0.05, 1.80, 1.00, 1.80 , -2.050350E-009, 2.178850E-009, -7.481904E-011, 1.383910E-010, 2.150400E+004 1.570926E+074 2.150400E+004, Sun Aug 23 04:13:14 2015
-0.10, 1.80, 1.00, 1.80 , -2.610508E-009, 2.425450E-009, -7.997635E-011, 1.346240E-010, 2.150400E+004 1.570926E+074 2.150400E+004, Sun Aug 23 04:13:17 2015
-0.15, 1.80, 1.00, 1.80 , -3.040391E-009, 2.879260E-009, -7.561570E-011, 1.347060E-010, 2.150400E+004 1.570926E+074 2.150400E+004, Sun Aug 23 04:13:20 2015
-0.20, 1.80, 1.00, 1.80 , -3.548813E-009, 3.532320E-009, -9.507088E-011, 1.570890E-010, 2.150400E+004 1.570926E+074 2.150400E+004, Sun Aug 23 04:13:30 2015
