1.80, 1.80, 1.40, 1.80 , 2.800978E-011, 4.013130E-011, 4.752329E-011, 5.401520E-011, 2.150400E+004 1.570926E+074 2.150400E+004, Sun Aug 23 03:59:09 2015
1.75, 1.80, 1.40, 1.80 , 8.979404E-012, 4.018250E-011, 6.580254E-011, 5.349910E-011, 2.150400E+004 1.570926E+074 2.150400E+004, Sun Aug 23 03:59:33 2015
1.70, 1.80, 1.40, 1.80 , 8.177682E-012, 3.997510E-011, 6.919849E-011, 5.385380E-011, 2.150400E+004 1.570926E+074 2.150400E+004, Sun Aug 23 03:59:37 2015
1.65, 1.80, 1.40, 1.80 , 3.240753E-012, 4.001640E-011, 7.054005E-011, 5.356240E-011, 2.150400E+004 1.570926E+074 2.150400E+004, Sun Aug 23 03:59:40 2015
1.60, 1.80, 1.40, 1.80 , 3.831495E-012, 4.029730E-011, 7.397798E-011, 5.390120E-011, 2.150400E+004 1.570926E+074 2.150400E+004, Sun Aug 23 03:59:44 2015
1.55, 1.80, 1.40, 1.80 , 4.928593E-012, 4.033320E-011, 7.817045E-011, 5.349560E-011, 2.150400E+004 1.570926E+074 2.150400E+004, Sun Aug 23 03:59:48 2015
1.50, 1.80, 1.40, 1.80 , 1.341885E-012, 4.005830E-011, 7.846391E-011, 5.389610E-011, 2.150400E+004 1.570926E+074 2.150400E+004, Sun Aug 23 03:59:51 2015
1.45, 1.80, 1.40, 1.80 , -1.654278E-012, 4.035010E-011, 8.546539E-011, 5.335790E-011, 2.150400E+004 1.570926E+074 2.150400E+004, Sun Aug 23 03:59:55 2015
1.40, 1.80, 1.40, 1.80 , -3.300053E-012, 4.028790E-011, 8.391420E-011, 5.396080E-011, 2.150400E+004 1.570926E+074 2.150400E+004, Sun Aug 23 03:59:59 2015
1.35, 1.80, 1.40, 1.80 , -7.224606E-012, 4.009680E-011, 8.341111E-011, 5.380720E-011, 2.150400E+004 1.570926E+074 2.150400E+004, Sun Aug 23 04:00:03 2015
1.30, 1.80, 1.40, 1.80 , -8.532783E-012, 4.037440E-011, 8.886139E-011, 5.358480E-011, 2.150400E+004 1.570926E+074 2.150400E+004, Sun Aug 23 04:00:07 2015
1.25, 1.80, 1.40, 1.80 , -5.874217E-012, 4.033810E-011, 8.982563E-011, 5.368670E-011, 2.150400E+004 1.570926E+074 2.150400E+004, Sun Aug 23 04:00:11 2015
1.20, 1.80, 1.40, 1.80 , -8.701580E-012, 4.040000E-011, 9.326353E-011, 5.373710E-011, 2.150400E+004 1.570926E+074 2.150400E+004, Sun Aug 23 04:00:19 2015
1.15, 1.80, 1.40, 1.80 , -7.646591E-012, 4.033360E-011, 9.766561E-011, 5.406390E-011, 2.150400E+004 1.570926E+074 2.150400E+004, Sun Aug 23 04:00:26 2015
1.10, 1.80, 1.40, 1.80 , -9.925370E-012, 4.074290E-011, 1.027805E-010, 5.367680E-011, 2.150400E+004 1.570926E+074 2.150400E+004, Sun Aug 23 04:00:32 2015
1.05, 1.80, 1.40, 1.80 , -9.798776E-012, 4.059140E-011, 1.104947E-010, 5.317140E-011, 2.150400E+004 1.570926E+074 2.150400E+004, Sun Aug 23 04:00:57 2015
1.00, 1.80, 1.40, 1.80 , -1.456731E-011, 4.054880E-011, 1.167415E-010, 5.403630E-011, 2.150400E+004 1.570926E+074 2.150400E+004, Sun Aug 23 04:01:03 2015
0.95, 1.80, 1.40, 1.80 , -1.693047E-011, 4.059100E-011, 1.227368E-010, 5.386070E-011, 2.150400E+004 1.570926E+074 2.150400E+004, Sun Aug 23 04:01:25 2015
0.90, 1.80, 1.40, 1.80 , -9.925367E-012, 4.107100E-011, 7.879943E-011, 5.339200E-011, 2.150400E+004 1.570926E+074 2.150400E+004, Sun Aug 23 04:01:55 2015
0.85, 1.80, 1.40, 1.80 , -2.106602E-011, 4.060070E-011, 1.317507E-010, 5.360340E-011, 2.150400E+004 1.570926E+074 2.150400E+004, Sun Aug 23 04:02:20 2015
0.80, 1.80, 1.40, 1.80 , -2.199442E-011, 4.109390E-011, 1.344338E-010, 5.306170E-011, 2.150400E+004 1.570926E+074 2.150400E+004, Sun Aug 23 04:02:32 2015
0.75, 1.80, 1.40, 1.80 , -2.562353E-011, 4.084140E-011, 1.369075E-010, 5.387080E-011, 2.150400E+004 1.570926E+074 2.150400E+004, Sun Aug 23 04:02:50 2015
0.70, 1.80, 1.40, 1.80 , -3.148928E-011, 4.066460E-011, 1.378298E-010, 5.323810E-011, 2.150400E+004 1.570926E+074 2.150400E+004, Sun Aug 23 04:03:00 2015
0.65, 1.80, 1.40, 1.80 , -2.950590E-011, 4.035150E-011, 1.494430E-010, 5.322410E-011, 2.150400E+004 1.570926E+074 2.150400E+004, Sun Aug 23 04:03:25 2015
0.60, 1.80, 1.40, 1.80 , -3.347263E-011, 4.065110E-011, 1.411839E-010, 5.289210E-011, 2.150400E+004 1.570926E+074 2.150400E+004, Sun Aug 23 04:03:50 2015
0.55, 1.80, 1.40, 1.80 , -3.752380E-011, 4.065910E-011, 1.438251E-010, 5.273890E-011, 2.150400E+004 1.570926E+074 2.150400E+004, Sun Aug 23 04:04:03 2015
0.50, 1.80, 1.40, 1.80 , -3.790358E-011, 4.052390E-011, 1.421899E-010, 5.248230E-011, 2.150400E+004 1.570926E+074 2.150400E+004, Sun Aug 23 04:04:19 2015
0.45, 1.80, 1.40, 1.80 , -3.997135E-011, 4.071060E-011, 1.442443E-010, 5.281540E-011, 2.150400E+004 1.570926E+074 2.150400E+004, Sun Aug 23 04:04:24 2015
0.40, 1.80, 1.40, 1.80 , -4.170155E-011, 4.060620E-011, 1.406806E-010, 5.229340E-011, 2.150400E+004 1.570926E+074 2.150400E+004, Sun Aug 23 04:04:33 2015
0.35, 1.80, 1.40, 1.80 , -3.916955E-011, 4.036340E-011, 1.410161E-010, 5.197760E-011, 2.150400E+004 1.570926E+074 2.150400E+004, Sun Aug 23 04:05:02 2015
0.30, 1.80, 1.40, 1.80 , -4.436006E-011, 4.660780E-011, 1.468856E-010, 5.413700E-011, 2.150400E+004 1.570926E+074 2.150400E+004, Sun Aug 23 04:05:07 2015
0.25, 1.80, 1.40, 1.80 , -4.782046E-011, 4.053470E-011, 1.388359E-010, 5.229360E-011, 2.150400E+004 1.570926E+074 2.150400E+004, Sun Aug 23 04:05:17 2015
0.20, 1.80, 1.40, 1.80 , -4.659664E-011, 4.028010E-011, 1.450828E-010, 5.233630E-011, 2.150400E+004 1.570926E+074 2.150400E+004, Sun Aug 23 04:05:28 2015
0.15, 1.80, 1.40, 1.80 , -5.267340E-011, 4.042480E-011, 1.453763E-010, 5.224410E-011, 2.150400E+004 1.570926E+074 2.150400E+004, Sun Aug 23 04:05:35 2015
0.10, 1.80, 1.40, 1.80 , -5.250456E-011, 4.613820E-011, 1.388359E-010, 5.201870E-011, 2.150400E+004 1.570926E+074 2.150400E+004, Sun Aug 23 04:05:48 2015
0.05, 1.80, 1.40, 1.80 , -5.453014E-011, 4.026910E-011, 1.376201E-010, 5.155960E-011, 2.150400E+004 1.570926E+074 2.150400E+004, Sun Aug 23 04:05:58 2015
0.00, 1.80, 1.40, 1.80 , -5.588051E-011, 3.968600E-011, 1.359850E-010, 5.130090E-011, 2.150400E+004 1.570926E+074 2.150400E+004, Sun Aug 23 04:06:11 2015
-0.05, 1.80, 1.40, 1.80 , -5.908771E-011, 3.963310E-011, 1.424833E-010, 4.999730E-011, 2.150400E+004 1.570926E+074 2.150400E+004, Sun Aug 23 04:06:31 2015
-0.10, 1.80, 1.40, 1.80 , -5.862347E-011, 3.875960E-011, 1.372848E-010, 5.926440E-011, 2.150400E+004 1.570926E+074 2.150400E+004, Sun Aug 23 04:06:52 2015
-0.15, 1.80, 1.40, 1.80 , -6.064904E-011, 3.781310E-011, 1.260069E-010, 4.829510E-011, 2.150400E+004 1.570926E+074 2.150400E+004, Sun Aug 23 04:07:00 2015
-0.20, 1.80, 1.40, 1.80 , -6.368742E-011, 3.807920E-011, 1.012292E-010, 4.928670E-011, 2.150400E+004 1.570926E+074 2.150400E+004, Sun Aug 23 04:07:12 2015
