0.00, 1.80, 1.80, 1.80 , -4.903638E-012, 6.313410E-011, 2.973134E-010, 1.123430E-010, 2.150400E+004 1.570926E+074 2.150400E+004, Sun Aug 23 02:59:26 2015
0.00, 1.80, 1.78, 1.80 , -9.790873E-013, 6.361000E-011, 2.414690E-010, 9.008560E-011, 2.150400E+004 1.570926E+074 2.150400E+004, Sun Aug 23 02:59:32 2015
0.00, 1.80, 1.76, 1.80 , -6.422814E-012, 5.292430E-011, 2.352641E-010, -6.219650E-012, 2.150400E+004 1.570926E+074 2.150400E+004, Sun Aug 23 02:59:35 2015
0.00, 1.80, 1.74, 1.80 , -9.672171E-012, 2.559890E-011, 1.146428E-008, 7.632740E-011, 2.150400E+004 1.570926E+074 2.150400E+004, Sun Aug 23 02:59:39 2015
0.00, 1.80, 1.72, 1.80 , -5.030232E-012, 3.076760E-011, 1.997116E-010, -6.269670E-011, 2.150400E+004 1.570926E+074 2.150400E+004, Sun Aug 23 02:59:46 2015
0.00, 1.80, 1.70, 1.80 , -9.967571E-012, 6.365970E-011, 1.858344E-010, 2.325680E-011, 2.150400E+004 1.570926E+074 2.150400E+004, Sun Aug 23 02:59:55 2015
0.00, 1.80, 1.68, 1.80 , -9.250180E-012, 4.564250E-011, 1.740952E-010, 4.586860E-011, 2.150400E+004 1.570926E+074 2.150400E+004, Sun Aug 23 03:00:03 2015
0.00, 1.80, 1.66, 1.80 , -2.515936E-011, -1.564010E-011, 1.294870E-010, 7.312710E-011, 2.150400E+004 1.570926E+074 2.150400E+004, Sun Aug 23 03:02:31 2015
0.00, 1.80, 1.64, 1.80 , -4.735629E-011, 4.650450E-011, 1.409325E-010, 8.736990E-011, 2.150400E+004 1.570926E+074 2.150400E+004, Sun Aug 23 03:02:45 2015
0.00, 1.80, 1.62, 1.80 , -3.891640E-011, 2.377150E-011, 1.165251E-008, 5.710560E-011, 2.150400E+004 1.570926E+074 2.150400E+004, Sun Aug 23 03:03:03 2015
0.00, 1.80, 1.60, 1.80 , -3.334608E-011, 5.514370E-011, 1.147713E-010, 8.396940E-011, 2.150400E+004 1.570926E+074 2.150400E+004, Sun Aug 23 03:03:34 2015
0.00, 1.80, 1.58, 1.80 , -3.098289E-011, 4.739610E-011, 1.110400E-010, 5.299060E-011, 2.150400E+004 1.570926E+074 2.150400E+004, Sun Aug 23 03:04:21 2015
0.00, 1.80, 1.56, 1.80 , -2.241641E-011, 4.702930E-011, 1.128847E-010, 8.362130E-011, 2.150400E+004 1.570926E+074 2.150400E+004, Sun Aug 23 03:06:50 2015
0.00, 1.80, 1.54, 1.80 , -2.279621E-011, 5.052160E-011, 1.109141E-010, 8.225330E-011, 2.150400E+004 1.570926E+074 2.150400E+004, Sun Aug 23 03:07:34 2015
0.00, 1.80, 1.52, 1.80 , -2.823993E-011, -2.086400E-011, 1.102852E-010, -3.035520E-011, 2.150400E+004 1.570926E+074 2.150400E+004, Sun Aug 23 03:09:03 2015
0.00, 1.80, 1.50, 1.80 , -2.321821E-011, 5.080110E-011, 1.116688E-010, 8.095980E-011, 2.150400E+004 1.570926E+074 2.150400E+004, Sun Aug 23 03:10:48 2015
0.00, 1.80, 1.48, 1.80 , -3.549824E-011, 5.537060E-011, 1.220662E-010, 8.457030E-011, 2.150400E+004 1.570926E+074 2.150400E+004, Sun Aug 23 03:11:34 2015
0.00, 1.80, 1.46, 1.80 , -5.325630E-012, 4.511850E-011, 1.244978E-010, 7.831070E-011, 2.150400E+004 1.570926E+074 2.150400E+004, Sun Aug 23 03:15:20 2015
0.00, 1.80, 1.44, 1.80 , -4.039332E-011, 5.421410E-011, 1.247494E-010, 7.304040E-011, 2.150400E+004 1.570926E+074 2.150400E+004, Sun Aug 23 03:15:48 2015
0.00, 1.80, 1.42, 1.80 , -4.115294E-011, 4.656360E-011, 1.514555E-010, 8.197790E-011, 2.150400E+004 1.570926E+074 2.150400E+004, Sun Aug 23 03:16:07 2015
0.00, 1.80, 1.40, 1.80 , -4.381149E-011, 5.364240E-011, 1.409744E-010, 7.958520E-011, 2.150400E+004 1.570926E+074 2.150400E+004, Sun Aug 23 03:16:19 2015
0.00, 1.80, 1.38, 1.80 , -4.997267E-011, 4.260900E-011, 1.487306E-010, 5.773950E-011, 2.150400E+004 1.570926E+074 2.150400E+004, Sun Aug 23 03:16:37 2015
0.00, 1.80, 1.36, 1.80 , -4.452894E-011, 4.257340E-011, 1.192991E-010, 5.930490E-011, 2.150400E+004 1.570926E+074 2.150400E+004, Sun Aug 23 03:16:43 2015
0.00, 1.80, 1.34, 1.80 , -4.811591E-011, 4.266120E-011, 8.953225E-011, 6.070920E-011, 2.150400E+004 1.570926E+074 2.150400E+004, Sun Aug 23 03:16:58 2015
0.00, 1.80, 1.32, 1.80 , -4.777829E-011, 4.302210E-011, 6.286797E-011, 6.161590E-011, 2.150400E+004 1.570926E+074 2.150400E+004, Sun Aug 23 03:17:10 2015
0.00, 1.80, 1.30, 1.80 , -4.583706E-011, 4.298050E-011, 4.873922E-011, 6.332180E-011, 2.150400E+004 1.570926E+074 2.150400E+004, Sun Aug 23 03:17:23 2015
0.00, 1.80, 1.28, 1.80 , -4.756725E-011, 4.299530E-011, 3.792257E-011, 6.534520E-011, 2.150400E+004 1.570926E+074 2.150400E+004, Sun Aug 23 03:17:29 2015
0.00, 1.80, 1.26, 1.80 , -4.908641E-011, 4.319320E-011, 2.630934E-011, 6.833310E-011, 2.150400E+004 1.570926E+074 2.150400E+004, Sun Aug 23 03:17:37 2015
0.00, 1.80, 1.24, 1.80 , -4.874885E-011, 4.364990E-011, 2.161368E-011, 6.967140E-011, 2.150400E+004 1.570926E+074 2.150400E+004, Sun Aug 23 03:18:04 2015
0.00, 1.80, 1.22, 1.80 , -4.507748E-011, 4.323660E-011, 1.519915E-011, 7.282200E-011, 2.150400E+004 1.570926E+074 2.150400E+004, Sun Aug 23 03:18:09 2015
0.00, 1.80, 1.20, 1.80 , -4.744066E-011, 4.341400E-011, 1.083893E-011, 7.577950E-011, 2.150400E+004 1.570926E+074 2.150400E+004, Sun Aug 23 03:18:20 2015
0.00, 1.80, 1.18, 1.80 , -4.756726E-011, 4.364630E-011, 8.407278E-012, 7.829590E-011, 2.150400E+004 1.570926E+074 2.150400E+004, Sun Aug 23 03:18:39 2015
0.00, 1.80, 1.16, 1.80 , -4.305195E-011, 4.371680E-011, 5.766007E-012, 7.969290E-011, 2.150400E+004 1.570926E+074 2.150400E+004, Sun Aug 23 03:18:54 2015
0.00, 1.80, 1.14, 1.80 , -4.549952E-011, 4.394600E-011, -1.654721E-012, 8.377110E-011, 2.150400E+004 1.570926E+074 2.150400E+004, Sun Aug 23 03:19:04 2015
0.00, 1.80, 1.12, 1.80 , -4.381154E-011, 4.390390E-011, -6.140704E-012, 8.789010E-011, 2.150400E+004 1.570926E+074 2.150400E+004, Sun Aug 23 03:19:18 2015
0.00, 1.80, 1.10, 1.80 , -4.900210E-011, 4.357630E-011, -1.326796E-011, 9.226130E-011, 2.150400E+004 1.570926E+074 2.150400E+004, Sun Aug 23 03:19:24 2015
0.00, 1.80, 1.08, 1.80 , -4.684987E-011, 4.371870E-011, -2.194645E-011, 9.800530E-011, 2.150400E+004 1.570926E+074 2.150400E+004, Sun Aug 23 03:19:49 2015
0.00, 1.80, 1.06, 1.80 , -4.647005E-011, 4.360410E-011, -2.840344E-011, 1.058880E-010, 2.150400E+004 1.570926E+074 2.150400E+004, Sun Aug 23 03:20:23 2015
0.00, 1.80, 1.04, 1.80 , -4.663891E-011, 4.383740E-011, -4.043714E-011, 1.209110E-010, 2.150400E+004 1.570926E+074 2.150400E+004, Sun Aug 23 03:20:50 2015
0.00, 1.80, 1.02, 1.80 , -7.942780E-011, 9.599810E-011, -4.265938E-011, 1.163180E-010, 2.150400E+004 1.570926E+074 2.150400E+004, Sun Aug 23 03:21:38 2015
0.00, 1.80, 1.00, 1.80 , -1.465638E-009, 1.527510E-009, -4.920037E-011, 1.219070E-010, 2.150400E+004 1.570926E+074 2.150400E+004, Sun Aug 23 03:21:45 2015
0.00, 1.80, 0.98, 1.80 , -7.012252E-009, 6.790950E-009, -5.582518E-011, 1.302950E-010, 2.150400E+004 1.570926E+074 2.150400E+004, Sun Aug 23 03:21:54 2015
0.00, 1.80, 0.96, 1.80 , -2.000343E-008, 1.978350E-008, -6.500767E-011, 1.369510E-010, 2.150400E+004 1.570926E+074 2.150400E+004, Sun Aug 23 03:21:59 2015
0.00, 1.80, 0.94, 1.80 , -4.401807E-008, 4.422640E-008, -7.779609E-011, 1.467090E-010, 2.150400E+004 1.570926E+074 2.150400E+004, Sun Aug 23 03:22:02 2015
0.00, 1.80, 0.92, 1.80 , -8.308351E-008, 8.279200E-008, -8.593035E-011, 1.535310E-010, 2.150400E+004 1.570926E+074 2.150400E+004, Sun Aug 23 03:22:05 2015
0.00, 1.80, 0.90, 1.80 , -1.403558E-007, 1.406310E-007, -1.021570E-010, 1.696730E-010, 2.150400E+004 1.570926E+074 2.150400E+004, Sun Aug 23 03:22:10 2015
0.00, 1.80, 0.88, 1.80 , -2.173064E-007, 2.183010E-007, -1.189707E-010, 1.793580E-010, 2.150400E+004 1.570926E+074 2.150400E+004, Sun Aug 23 03:22:13 2015
0.00, 1.80, 0.86, 1.80 , -3.202340E-007, 3.208740E-007, -1.255954E-010, 1.888170E-010, 2.150400E+004 1.570926E+074 2.150400E+004, Sun Aug 23 03:22:16 2015
0.00, 1.80, 0.84, 1.80 , -4.541450E-007, 4.545190E-007, -1.425348E-010, 2.053920E-010, 2.150400E+004 1.570926E+074 2.150400E+004, Sun Aug 23 03:22:19 2015
0.00, 1.80, 0.82, 1.80 , -6.287300E-007, 6.294090E-007, -1.553232E-010, 2.171910E-010, 2.150400E+004 1.570926E+074 2.150400E+004, Sun Aug 23 03:22:23 2015
0.00, 1.80, 0.80, 1.80 , -8.428567E-007, 8.445180E-007, -1.648413E-010, 2.233620E-010, 2.150400E+004 1.570926E+074 2.150400E+004, Sun Aug 23 03:22:26 2015
0.00, 1.80, 0.78, 1.80 , -1.094146E-006, 1.095020E-006, -1.759106E-010, 2.387340E-010, 2.150400E+004 1.570926E+074 2.150400E+004, Sun Aug 23 03:22:29 2015
0.00, 1.80, 0.76, 1.80 , -1.387441E-006, 1.388570E-006, -1.964558E-010, 2.542630E-010, 2.150400E+004 1.570926E+074 2.150400E+004, Sun Aug 23 03:22:33 2015
0.00, 1.80, 0.74, 1.80 , -1.741563E-006, 1.743640E-006, -2.155337E-010, 2.689320E-010, 2.150400E+004 1.570926E+074 2.150400E+004, Sun Aug 23 03:22:36 2015
0.00, 1.80, 0.72, 1.80 , -2.170304E-006, 2.171410E-006, -2.351985E-010, 2.926920E-010, 2.150400E+004 1.570926E+074 2.150400E+004, Sun Aug 23 03:22:39 2015
0.00, 1.80, 0.70, 1.80 , -2.658865E-006, 2.659870E-006, -2.661002E-010, 3.153260E-010, 2.150400E+004 1.570926E+074 2.150400E+004, Sun Aug 23 03:22:42 2015
0.00, 1.80, 0.68, 1.80 , -3.210013E-006, 3.213020E-006, -2.798113E-010, 3.333620E-010, 2.150400E+004 1.570926E+074 2.150400E+004, Sun Aug 23 03:22:46 2015
0.00, 1.80, 0.66, 1.80 , -3.852930E-006, 3.858870E-006, -3.269396E-010, 3.707430E-010, 2.150400E+004 1.570926E+074 2.150400E+004, Sun Aug 23 03:22:49 2015
0.00, 1.80, 0.64, 1.80 , -4.553771E-006, 4.557840E-006, -3.430404E-010, 3.938570E-010, 2.150400E+004 1.570926E+074 2.150400E+004, Sun Aug 23 03:22:52 2015
0.00, 1.80, 0.62, 1.80 , -5.319745E-006, 5.312310E-006, -3.752839E-010, 5.128780E-010, 2.150400E+004 1.570926E+074 2.150400E+004, Sun Aug 23 03:22:55 2015
0.00, 1.80, 0.60, 1.80 , -6.155958E-006, 6.157880E-006, -4.090792E-010, 4.424310E-010, 2.150400E+004 1.570926E+074 2.150400E+004, Sun Aug 23 03:22:59 2015
0.00, 1.80, 0.58, 1.80 , -7.062788E-006, 7.070960E-006, -4.590585E-010, 4.928590E-010, 2.150400E+004 1.570926E+074 2.150400E+004, Sun Aug 23 03:23:02 2015
0.00, 1.80, 0.56, 1.80 , -8.030245E-006, 8.038240E-006, -5.729388E-010, 6.301910E-010, 2.150400E+004 1.570926E+074 2.150400E+004, Sun Aug 23 03:23:05 2015
0.00, 1.80, 0.54, 1.80 , -9.058763E-006, 9.066190E-006, -5.044680E-010, 5.582300E-010, 2.150400E+004 1.570926E+074 2.150400E+004, Sun Aug 23 03:23:08 2015
0.00, 1.80, 0.52, 1.80 , -1.013513E-005, 1.012720E-005, -5.463135E-010, 6.067750E-010, 2.150400E+004 1.570926E+074 2.150400E+004, Sun Aug 23 03:23:12 2015
0.00, 1.80, 0.50, 1.80 , -1.131287E-005, 1.131010E-005, -7.231289E-010, 7.556290E-010, 2.150400E+004 1.570926E+074 2.150400E+004, Sun Aug 23 03:23:15 2015
0.00, 1.80, 0.48, 1.80 , -1.250523E-005, 1.250930E-005, -6.335261E-010, 7.081440E-010, 2.150400E+004 1.570926E+074 2.150400E+004, Sun Aug 23 03:23:18 2015
0.00, 1.80, 0.46, 1.80 , -1.380588E-005, 1.377700E-005, -6.696276E-010, 8.250620E-010, 2.150400E+004 1.570926E+074 2.150400E+004, Sun Aug 23 03:23:22 2015
0.00, 1.80, 0.44, 1.80 , -1.511147E-005, 1.510830E-005, -7.221222E-010, 8.943550E-010, 2.150400E+004 1.570926E+074 2.150400E+004, Sun Aug 23 03:23:25 2015
0.00, 1.80, 0.42, 1.80 , -1.650177E-005, 1.649270E-005, -7.664420E-010, 8.124660E-010, 2.150400E+004 1.570926E+074 2.150400E+004, Sun Aug 23 03:23:28 2015
0.00, 1.80, 0.40, 1.80 , -1.791490E-005, 1.790780E-005, -8.058976E-010, 9.706990E-010, 2.150400E+004 1.570926E+074 2.150400E+004, Sun Aug 23 03:23:31 2015
0.00, 1.80, 0.38, 1.80 , -1.934686E-005, 1.935080E-005, -8.369672E-010, 9.040290E-010, 2.150400E+004 1.570926E+074 2.150400E+004, Sun Aug 23 03:23:34 2015
0.00, 1.80, 0.36, 1.80 , -2.086871E-005, 2.086600E-005, -8.882886E-010, 9.196660E-010, 2.150400E+004 1.570926E+074 2.150400E+004, Sun Aug 23 03:23:38 2015
0.00, 1.80, 0.34, 1.80 , -2.241072E-005, 2.240560E-005, -9.222934E-010, 1.131270E-009, 2.150400E+004 1.570926E+074 2.150400E+004, Sun Aug 23 03:23:40 2015
0.00, 1.80, 0.32, 1.80 , -2.401941E-005, 2.401830E-005, -9.918533E-010, 1.183830E-009, 2.150400E+004 1.570926E+074 2.150400E+004, Sun Aug 23 03:23:43 2015
0.00, 1.80, 0.30, 1.80 , -2.565966E-005, 2.566520E-005, -1.027996E-009, 1.060760E-009, 2.150400E+004 1.570926E+074 2.150400E+004, Sun Aug 23 03:23:45 2015
0.00, 1.80, 0.28, 1.80 , -2.731764E-005, 2.731930E-005, -1.097012E-009, 1.099730E-009, 2.150400E+004 1.570926E+074 2.150400E+004, Sun Aug 23 03:23:48 2015
0.00, 1.80, 0.26, 1.80 , -2.902598E-005, 2.902190E-005, -1.206322E-009, 1.199020E-009, 2.150400E+004 1.570926E+074 2.150400E+004, Sun Aug 23 03:23:50 2015
0.00, 1.80, 0.24, 1.80 , -3.074861E-005, 3.074860E-005, -1.223890E-009, 1.437890E-009, 2.150400E+004 1.570926E+074 2.150400E+004, Sun Aug 23 03:23:52 2015
0.00, 1.80, 0.22, 1.80 , -3.255188E-005, 3.253480E-005, -1.375716E-009, 1.486200E-009, 2.150400E+004 1.570926E+074 2.150400E+004, Sun Aug 23 03:23:55 2015
0.00, 1.80, 0.20, 1.80 , -3.434734E-005, 3.431910E-005, -1.590184E-009, 1.673210E-009, 2.150400E+004 1.570926E+074 2.150400E+004, Sun Aug 23 03:23:57 2015
0.00, 1.80, 0.18, 1.80 , -3.616753E-005, 3.613940E-005, -1.405612E-009, 1.407410E-009, 2.150400E+004 1.570926E+074 2.150400E+004, Sun Aug 23 03:24:00 2015
0.00, 1.80, 0.16, 1.80 , -3.800878E-005, 3.799100E-005, -1.514333E-009, 1.466380E-009, 2.150400E+004 1.570926E+074 2.150400E+004, Sun Aug 23 03:24:02 2015
0.00, 1.80, 0.14, 1.80 , -3.986216E-005, 3.986690E-005, -1.538568E-009, 1.616200E-009, 2.150400E+004 1.570926E+074 2.150400E+004, Sun Aug 23 03:24:05 2015
0.00, 1.80, 0.12, 1.80 , -4.175367E-005, 4.174850E-005, -1.820920E-009, 1.708040E-009, 2.150400E+004 1.570926E+074 2.150400E+004, Sun Aug 23 03:24:07 2015
0.00, 1.80, 0.10, 1.80 , -4.368847E-005, 4.367910E-005, -1.729723E-009, 1.791960E-009, 2.150400E+004 1.570926E+074 2.150400E+004, Sun Aug 23 03:24:09 2015
0.00, 1.80, 0.08, 1.80 , -4.559764E-005, 4.560850E-005, -2.024863E-009, 1.970890E-009, 2.150400E+004 1.570926E+074 2.150400E+004, Sun Aug 23 03:24:12 2015
0.00, 1.80, 0.06, 1.80 , -4.757597E-005, 4.757100E-005, -2.167508E-009, 2.036110E-009, 2.150400E+004 1.570926E+074 2.150400E+004, Sun Aug 23 03:24:14 2015
0.00, 1.80, 0.04, 1.80 , -4.952872E-005, 4.952160E-005, -2.246628E-009, 2.244780E-009, 2.150400E+004 1.570926E+074 2.150400E+004, Sun Aug 23 03:24:17 2015
0.00, 1.80, 0.02, 1.80 , -5.153815E-005, 5.152880E-005, -2.325915E-009, 2.352530E-009, 2.150400E+004 1.570926E+074 2.150400E+004, Sun Aug 23 03:24:19 2015
0.00, 1.80, 0.00, 1.80 , -5.355184E-005, 5.354420E-005, -2.463737E-009, 2.440910E-009, 2.150400E+004 1.570926E+074 2.150400E+004, Sun Aug 23 03:24:22 2015
0.00, 1.80, -0.02, 1.80 , -5.557591E-005, 5.557110E-005, -2.669568E-009, 2.572600E-009, 2.150400E+004 1.570926E+074 2.150400E+004, Sun Aug 23 03:24:24 2015
0.00, 1.80, -0.04, 1.80 , -5.762172E-005, 5.761380E-005, -2.748731E-009, 2.781020E-009, 2.150400E+004 1.570926E+074 2.150400E+004, Sun Aug 23 03:24:27 2015
0.00, 1.80, -0.06, 1.80 , -5.966067E-005, 5.966880E-005, -2.963240E-009, 2.901990E-009, 2.150400E+004 1.570926E+074 2.150400E+004, Sun Aug 23 03:24:29 2015
0.00, 1.80, -0.08, 1.80 , -6.176658E-005, 6.175700E-005, -3.032046E-009, 3.093330E-009, 2.150400E+004 1.570926E+074 2.150400E+004, Sun Aug 23 03:24:31 2015
0.00, 1.80, -0.10, 1.80 , -6.386916E-005, 6.385120E-005, -3.286641E-009, 3.271100E-009, 2.150400E+004 1.570926E+074 2.150400E+004, Sun Aug 23 03:24:34 2015
0.00, 1.80, -0.12, 1.80 , -6.597548E-005, 6.597140E-005, -3.508196E-009, 3.501180E-009, 2.150400E+004 1.570926E+074 2.150400E+004, Sun Aug 23 03:24:36 2015
0.00, 1.80, -0.14, 1.80 , -6.808670E-005, 6.808520E-005, -3.688742E-009, 3.636900E-009, 2.150400E+004 1.570926E+074 2.150400E+004, Sun Aug 23 03:24:39 2015
0.00, 1.80, -0.16, 1.80 , -7.021661E-005, 7.020970E-005, -3.956378E-009, 3.462950E-009, 2.150400E+004 1.570926E+074 2.150400E+004, Sun Aug 23 03:24:41 2015
0.00, 1.80, -0.18, 1.80 , -7.235654E-005, 7.234780E-005, -4.106147E-009, 4.058050E-009, 2.150400E+004 1.570926E+074 2.150400E+004, Sun Aug 23 03:24:44 2015
0.00, 1.80, -0.20, 1.80 , -7.453709E-005, 7.451900E-005, -4.332817E-009, 4.328500E-009, 2.150400E+004 1.570926E+074 2.150400E+004, Sun Aug 23 03:24:46 2015
