1.80, 1.80, 1.40, 1.80 , 1.104678E-009, 8.080650E-011, -1.186274E-009, 1.153390E-009, 2.150400E+004 1.570926E+074 2.150400E+004, Sun Aug 16 23:06:54 2015
1.75, 1.80, 1.40, 1.80 , 8.250881E-010, 9.043470E-011, -1.165142E-009, 1.536790E-009, 2.150400E+004 1.570926E+074 2.150400E+004, Sun Aug 16 23:07:01 2015
1.70, 1.80, 1.40, 1.80 , 5.966820E-010, 9.126670E-011, -1.127322E-009, 1.697650E-009, 2.150400E+004 1.570926E+074 2.150400E+004, Sun Aug 16 23:07:09 2015
1.65, 1.80, 1.40, 1.80 , 4.204727E-010, 9.092310E-011, -1.097636E-009, 1.795470E-009, 2.150400E+004 1.570926E+074 2.150400E+004, Sun Aug 16 23:07:14 2015
1.60, 1.80, 1.40, 1.80 , 3.267138E-010, 9.270540E-011, -1.094031E-009, 1.874160E-009, 2.150400E+004 1.570926E+074 2.150400E+004, Sun Aug 16 23:07:17 2015
1.55, 1.80, 1.40, 1.80 , 1.960335E-010, 9.174670E-011, -1.074951E-009, 1.961350E-009, 2.150400E+004 1.570926E+074 2.150400E+004, Sun Aug 16 23:07:27 2015
1.50, 1.80, 1.40, 1.80 , 1.111776E-010, 9.110010E-011, -1.040654E-009, 1.971210E-009, 2.150400E+004 1.570926E+074 2.150400E+004, Sun Aug 16 23:07:30 2015
1.45, 1.80, 1.40, 1.80 , 6.303213E-011, 8.867780E-011, -8.783883E-010, 1.996950E-009, 2.150400E+004 1.570926E+074 2.150400E+004, Sun Aug 16 23:07:50 2015
1.40, 1.80, 1.40, 1.80 , -6.929172E-012, 9.032840E-011, -1.020487E-009, 2.062700E-009, 2.150400E+004 1.570926E+074 2.150400E+004, Sun Aug 16 23:07:53 2015
1.35, 1.80, 1.40, 1.80 , -6.567048E-011, 9.205300E-011, -9.199816E-010, 2.143550E-009, 2.150400E+004 1.570926E+074 2.150400E+004, Sun Aug 16 23:07:59 2015
1.30, 1.80, 1.40, 1.80 , -9.533654E-011, 9.104790E-011, -9.942382E-010, 2.089110E-009, 2.150400E+004 1.570926E+074 2.150400E+004, Sun Aug 16 23:08:10 2015
1.25, 1.80, 1.40, 1.80 , -1.520523E-010, 9.220770E-011, -1.007362E-009, 2.137730E-009, 2.150400E+004 1.570926E+074 2.150400E+004, Sun Aug 16 23:08:18 2015
1.20, 1.80, 1.40, 1.80 , -2.041262E-010, 9.325320E-011, -9.832951E-010, 2.154150E-009, 2.150400E+004 1.570926E+074 2.150400E+004, Sun Aug 16 23:08:24 2015
1.15, 1.80, 1.40, 1.80 , -2.383498E-010, 9.314290E-011, -9.715551E-010, 2.161870E-009, 2.150400E+004 1.570926E+074 2.150400E+004, Sun Aug 16 23:08:29 2015
1.10, 1.80, 1.40, 1.80 , -2.943061E-010, 9.243640E-011, -9.399407E-010, 2.195860E-009, 2.150400E+004 1.570926E+074 2.150400E+004, Sun Aug 16 23:08:33 2015
1.05, 1.80, 1.40, 1.80 , -2.821106E-010, 9.324260E-011, -9.501293E-010, 2.131330E-009, 2.150400E+004 1.570926E+074 2.150400E+004, Sun Aug 16 23:08:41 2015
1.00, 1.80, 1.40, 1.80 , -3.055312E-010, 9.167520E-011, -9.192679E-010, 2.129590E-009, 2.150400E+004 1.570926E+074 2.150400E+004, Sun Aug 16 23:08:47 2015
0.95, 1.80, 1.40, 1.80 , -3.369274E-010, 9.140350E-011, -9.193106E-010, 2.148090E-009, 2.150400E+004 1.570926E+074 2.150400E+004, Sun Aug 16 23:08:53 2015
0.90, 1.80, 1.40, 1.80 , -3.700536E-010, 9.291960E-011, -9.264383E-010, 2.175300E-009, 2.150400E+004 1.570926E+074 2.150400E+004, Sun Aug 16 23:08:59 2015
0.85, 1.80, 1.40, 1.80 , -3.565077E-010, 9.111590E-011, -7.645513E-010, 2.124430E-009, 2.150400E+004 1.570926E+074 2.150400E+004, Sun Aug 16 23:09:07 2015
0.80, 1.80, 1.40, 1.80 , -4.066404E-010, 9.207270E-011, -8.881574E-010, 2.171580E-009, 2.150400E+004 1.570926E+074 2.150400E+004, Sun Aug 16 23:09:11 2015
0.75, 1.80, 1.40, 1.80 , -4.339858E-010, 9.432830E-011, -7.289951E-010, 1.893260E-009, 2.150400E+004 1.570926E+074 2.150400E+004, Sun Aug 16 23:09:14 2015
0.70, 1.80, 1.40, 1.80 , -3.982852E-010, 9.272150E-011, -6.824549E-010, 1.989340E-009, 2.150400E+004 1.570926E+074 2.150400E+004, Sun Aug 16 23:09:21 2015
0.65, 1.80, 1.40, 1.80 , -4.455905E-010, 9.379300E-011, -7.135239E-010, 2.126520E-009, 2.150400E+004 1.570926E+074 2.150400E+004, Sun Aug 16 23:09:25 2015
0.60, 1.80, 1.40, 1.80 , -4.192582E-010, 9.298810E-011, -8.324345E-010, 2.089250E-009, 2.150400E+004 1.570926E+074 2.150400E+004, Sun Aug 16 23:09:31 2015
0.55, 1.80, 1.40, 1.80 , -4.246596E-010, 9.434980E-011, -8.365852E-010, 1.953010E-009, 2.150400E+004 1.570926E+074 2.150400E+004, Sun Aug 16 23:09:36 2015
0.50, 1.80, 1.40, 1.80 , -4.491350E-010, 9.451100E-011, -8.261865E-010, 2.132860E-009, 2.150400E+004 1.570926E+074 2.150400E+004, Sun Aug 16 23:09:40 2015
0.45, 1.80, 1.40, 1.80 , -4.457172E-010, 9.642830E-011, -7.987236E-010, 2.071510E-009, 2.150400E+004 1.570926E+074 2.150400E+004, Sun Aug 16 23:09:47 2015
0.40, 1.80, 1.40, 1.80 , -4.085816E-010, 9.665510E-011, -8.017002E-010, 2.017590E-009, 2.150400E+004 1.570926E+074 2.150400E+004, Sun Aug 16 23:10:06 2015
0.35, 1.80, 1.40, 1.80 , -4.310318E-010, 9.794280E-011, -7.805678E-010, 2.056430E-009, 2.150400E+004 1.570926E+074 2.150400E+004, Sun Aug 16 23:10:10 2015
0.30, 1.80, 1.40, 1.80 , -4.520891E-010, 9.857590E-011, -7.947407E-010, 2.054380E-009, 2.150400E+004 1.570926E+074 2.150400E+004, Sun Aug 16 23:10:15 2015
0.25, 1.80, 1.40, 1.80 , -4.968203E-010, 1.007810E-010, -7.626224E-010, 2.107570E-009, 2.150400E+004 1.570926E+074 2.150400E+004, Sun Aug 16 23:10:20 2015
0.20, 1.80, 1.40, 1.80 , -5.281741E-010, 1.036560E-010, -6.302942E-010, 2.102400E-009, 2.150400E+004 1.570926E+074 2.150400E+004, Sun Aug 16 23:10:24 2015
0.15, 1.80, 1.40, 1.80 , -5.570385E-010, 1.044290E-010, -7.907980E-010, 2.126110E-009, 2.150400E+004 1.570926E+074 2.150400E+004, Sun Aug 16 23:10:27 2015
0.10, 1.80, 1.40, 1.80 , -5.635375E-010, 1.051340E-010, -7.745720E-010, 2.151770E-009, 2.150400E+004 1.570926E+074 2.150400E+004, Sun Aug 16 23:10:32 2015
0.05, 1.80, 1.40, 1.80 , -6.071715E-010, 1.073670E-010, -7.829152E-010, 2.166300E-009, 2.150400E+004 1.570926E+074 2.150400E+004, Sun Aug 16 23:10:41 2015
0.00, 1.80, 1.40, 1.80 , -6.284820E-010, 1.102340E-010, -7.836289E-010, 2.169230E-009, 2.150400E+004 1.570926E+074 2.150400E+004, Sun Aug 16 23:10:44 2015
-0.05, 1.80, 1.40, 1.80 , -6.400449E-010, 1.120020E-010, -7.614900E-010, 2.194860E-009, 2.150400E+004 1.570926E+074 2.150400E+004, Sun Aug 16 23:10:48 2015
-0.10, 1.80, 1.40, 1.80 , -6.923299E-010, 1.137000E-010, -7.582614E-010, 2.206360E-009, 2.150400E+004 1.570926E+074 2.150400E+004, Sun Aug 16 23:10:52 2015
-0.15, 1.80, 1.40, 1.80 , -7.019092E-010, 1.137840E-010, -8.371714E-010, 2.222880E-009, 2.150400E+004 1.570926E+074 2.150400E+004, Sun Aug 16 23:10:55 2015
-0.20, 1.80, 1.40, 1.80 , -7.299288E-010, 1.187450E-010, -8.834198E-010, 2.217780E-009, 2.150400E+004 1.570926E+074 2.150400E+004, Sun Aug 16 23:11:04 2015
