0.00, 1.80, 1.78, 1.80 , -4.338975E-011, 5.165780E-012, 6.134493E-005, -8.002520E-014, 2.150400E+004 1.570926E+074 2.150400E+004, Mon Oct 12 21:02:02 2015
0.00, 1.80, 1.76, 1.80 , -4.296779E-011, 5.800410E-012, 5.933008E-005, -6.425380E-014, 2.150400E+004 1.570926E+074 2.150400E+004, Mon Oct 12 21:02:09 2015
0.00, 1.80, 1.74, 1.80 , -3.807264E-011, 5.903480E-012, 5.740303E-005, -1.047850E-013, 2.150400E+004 1.570926E+074 2.150400E+004, Mon Oct 12 21:02:31 2015
0.00, 1.80, 1.72, 1.80 , -4.119542E-011, 5.977480E-012, 5.544671E-005, -8.255240E-014, 2.150400E+004 1.570926E+074 2.150400E+004, Mon Oct 12 21:02:39 2015
0.00, 1.80, 1.70, 1.80 , -3.798818E-011, 6.144500E-012, 5.349526E-005, -9.555820E-014, 2.150400E+004 1.570926E+074 2.150400E+004, Mon Oct 12 21:02:53 2015
0.00, 1.80, 1.68, 1.80 , -3.870561E-011, 6.055150E-012, 5.153360E-005, -8.963350E-014, 2.150400E+004 1.570926E+074 2.150400E+004, Mon Oct 12 21:03:02 2015
0.00, 1.80, 1.66, 1.80 , -3.760841E-011, 6.126050E-012, 4.960918E-005, -6.387230E-014, 2.150400E+004 1.570926E+074 2.150400E+004, Mon Oct 12 21:03:19 2015
0.00, 1.80, 1.64, 1.80 , -3.908541E-011, 6.310250E-012, 4.765573E-005, -1.063470E-013, 2.150400E+004 1.570926E+074 2.150400E+004, Mon Oct 12 21:03:27 2015
0.00, 1.80, 1.62, 1.80 , -3.570944E-011, 6.423990E-012, 4.573345E-005, -7.823710E-014, 2.150400E+004 1.570926E+074 2.150400E+004, Mon Oct 12 21:03:31 2015
0.00, 1.80, 1.60, 1.80 , -3.760841E-011, 6.205540E-012, 4.380173E-005, -1.022100E-013, 2.150400E+004 1.570926E+074 2.150400E+004, Mon Oct 12 21:03:39 2015
0.00, 1.80, 1.58, 1.80 , -3.583604E-011, 6.290830E-012, 4.186640E-005, -1.003740E-013, 2.150400E+004 1.570926E+074 2.150400E+004, Mon Oct 12 21:03:52 2015
0.00, 1.80, 1.56, 1.80 , -3.364163E-011, 6.566010E-012, 3.994943E-005, -8.106230E-014, 2.150400E+004 1.570926E+074 2.150400E+004, Mon Oct 12 21:03:58 2015
0.00, 1.80, 1.54, 1.80 , -3.499201E-011, 6.584300E-012, 3.803210E-005, -9.967090E-014, 2.150400E+004 1.570926E+074 2.150400E+004, Mon Oct 12 21:04:04 2015
0.00, 1.80, 1.52, 1.80 , -3.562504E-011, 6.570850E-012, 3.613391E-005, -7.027390E-014, 2.150400E+004 1.570926E+074 2.150400E+004, Mon Oct 12 21:04:09 2015
0.00, 1.80, 1.50, 1.80 , -3.596264E-011, 6.678960E-012, 3.424417E-005, -6.659030E-014, 2.150400E+004 1.570926E+074 2.150400E+004, Mon Oct 12 21:04:14 2015
0.00, 1.80, 1.48, 1.80 , -3.503420E-011, 7.276430E-012, 3.233881E-005, -8.785720E-014, 2.150400E+004 1.570926E+074 2.150400E+004, Mon Oct 12 21:04:20 2015
0.00, 1.80, 1.46, 1.80 , -3.402146E-011, 6.884240E-012, 3.045055E-005, -7.113220E-014, 2.150400E+004 1.570926E+074 2.150400E+004, Mon Oct 12 21:04:32 2015
0.00, 1.80, 1.44, 1.80 , -3.279764E-011, 6.692490E-012, 2.856408E-005, -9.821650E-014, 2.150400E+004 1.570926E+074 2.150400E+004, Mon Oct 12 21:04:40 2015
0.00, 1.80, 1.42, 1.80 , -3.642683E-011, 6.878690E-012, 2.667879E-005, -7.992980E-014, 2.150400E+004 1.570926E+074 2.150400E+004, Mon Oct 12 21:04:50 2015
0.00, 1.80, 1.40, 1.80 , -3.355725E-011, 7.013180E-012, 2.481507E-005, -8.356570E-014, 2.150400E+004 1.570926E+074 2.150400E+004, Mon Oct 12 21:04:55 2015
0.00, 1.80, 1.38, 1.80 , -3.372605E-011, 7.080960E-012, 2.293420E-005, -9.541510E-014, 2.150400E+004 1.570926E+074 2.150400E+004, Mon Oct 12 21:05:09 2015
0.00, 1.80, 1.36, 1.80 , -3.435905E-011, 6.957780E-012, 2.108985E-005, -7.836820E-014, 2.150400E+004 1.570926E+074 2.150400E+004, Mon Oct 12 21:05:14 2015
0.00, 1.80, 1.34, 1.80 , -3.499204E-011, 7.240620E-012, 1.922168E-005, -7.672310E-014, 2.150400E+004 1.570926E+074 2.150400E+004, Mon Oct 12 21:05:25 2015
0.00, 1.80, 1.32, 1.80 , -3.406363E-011, 7.344440E-012, 1.736680E-005, -6.315710E-014, 2.150400E+004 1.570926E+074 2.150400E+004, Mon Oct 12 21:05:33 2015
0.00, 1.80, 1.30, 1.80 , -3.444346E-011, 7.157710E-012, 1.553414E-005, -7.779600E-014, 2.150400E+004 1.570926E+074 2.150400E+004, Mon Oct 12 21:05:40 2015
0.00, 1.80, 1.28, 1.80 , -3.220688E-011, 7.591160E-012, 1.369701E-005, -1.041410E-013, 2.150400E+004 1.570926E+074 2.150400E+004, Mon Oct 12 21:05:46 2015
0.00, 1.80, 1.26, 1.80 , -3.376824E-011, 7.404200E-012, 1.186910E-005, -9.926560E-014, 2.150400E+004 1.570926E+074 2.150400E+004, Mon Oct 12 21:05:57 2015
0.00, 1.80, 1.24, 1.80 , -3.237567E-011, 7.925800E-012, 1.064725E-009, -9.474750E-014, 2.150400E+004 1.570926E+074 2.150400E+004, Mon Oct 12 21:06:02 2015
0.00, 1.80, 1.22, 1.80 , -3.246005E-011, 8.814160E-012, 2.636401E-010, -8.873940E-014, 2.150400E+004 1.570926E+074 2.150400E+004, Mon Oct 12 21:06:23 2015
0.00, 1.80, 1.20, 1.80 , -4.490899E-011, 2.008410E-011, 3.984960E-011, -1.003500E-013, 2.150400E+004 1.570926E+074 2.150400E+004, Mon Oct 12 21:06:30 2015
0.00, 1.80, 1.18, 1.80 , -1.550922E-010, 1.340570E-010, -1.490324E-011, -9.008650E-014, 2.150400E+004 1.570926E+074 2.150400E+004, Mon Oct 12 21:06:37 2015
0.00, 1.80, 1.16, 1.80 , -9.358280E-010, 9.522190E-010, -2.999660E-011, -8.612870E-014, 2.150400E+004 1.570926E+074 2.150400E+004, Mon Oct 12 21:06:49 2015
0.00, 1.80, 1.14, 1.80 , -2.966828E-008, 2.955900E-008, -2.701968E-011, -8.972880E-014, 2.150400E+004 1.570926E+074 2.150400E+004, Mon Oct 12 21:07:06 2015
0.00, 1.80, 1.12, 1.80 , -5.641342E-008, 5.634570E-008, -2.911610E-011, -8.267160E-014, 2.150400E+004 1.570926E+074 2.150400E+004, Mon Oct 12 21:07:10 2015
0.00, 1.80, 1.10, 1.80 , -9.336122E-008, 9.303520E-008, -2.899031E-011, -7.373090E-014, 2.150400E+004 1.570926E+074 2.150400E+004, Mon Oct 12 21:07:13 2015
0.00, 1.80, 1.08, 1.80 , -1.417668E-007, 1.411040E-007, -2.995467E-011, -9.052750E-014, 2.150400E+004 1.570926E+074 2.150400E+004, Mon Oct 12 21:07:17 2015
0.00, 1.80, 1.06, 1.80 , -2.014452E-007, 2.013740E-007, -3.138023E-011, -8.832220E-014, 2.150400E+004 1.570926E+074 2.150400E+004, Mon Oct 12 21:07:20 2015
0.00, 1.80, 1.04, 1.80 , -2.721980E-007, 2.720510E-007, -3.171565E-011, -8.550880E-014, 2.150400E+004 1.570926E+074 2.150400E+004, Mon Oct 12 21:07:24 2015
0.00, 1.80, 1.02, 1.80 , -3.594428E-007, 3.595580E-007, -3.314122E-011, -7.134680E-014, 2.150400E+004 1.570926E+074 2.150400E+004, Mon Oct 12 21:07:27 2015
0.00, 1.80, 1.00, 1.80 , -4.517392E-007, 4.530330E-007, -3.335086E-011, -7.615090E-014, 2.150400E+004 1.570926E+074 2.150400E+004, Mon Oct 12 21:07:31 2015
0.00, 1.80, 0.98, 1.80 , -5.587348E-007, 5.554800E-007, -3.125444E-011, -8.006100E-014, 2.150400E+004 1.570926E+074 2.150400E+004, Mon Oct 12 21:07:35 2015
0.00, 1.80, 0.96, 1.80 , -6.748928E-007, 6.742760E-007, -3.305736E-011, -8.150340E-014, 2.150400E+004 1.570926E+074 2.150400E+004, Mon Oct 12 21:07:38 2015
0.00, 1.80, 0.94, 1.80 , -8.101247E-007, 8.128250E-007, -3.213493E-011, -7.771250E-014, 2.150400E+004 1.570926E+074 2.150400E+004, Mon Oct 12 21:07:42 2015
0.00, 1.80, 0.92, 1.80 , -9.612983E-007, 9.626320E-007, -3.150600E-011, -9.647610E-014, 2.150400E+004 1.570926E+074 2.150400E+004, Mon Oct 12 21:07:45 2015
0.00, 1.80, 0.90, 1.80 , -1.125451E-006, 1.126870E-006, -3.054166E-011, -6.852150E-014, 2.150400E+004 1.570926E+074 2.150400E+004, Mon Oct 12 21:07:50 2015
0.00, 1.80, 0.88, 1.80 , -1.304010E-006, 1.305120E-006, -3.238651E-011, -8.718970E-014, 2.150400E+004 1.570926E+074 2.150400E+004, Mon Oct 12 21:07:54 2015
0.00, 1.80, 0.86, 1.80 , -1.507705E-006, 1.511190E-006, -3.234458E-011, -5.733970E-014, 2.150400E+004 1.570926E+074 2.150400E+004, Mon Oct 12 21:07:57 2015
0.00, 1.80, 0.84, 1.80 , -1.734573E-006, 1.733870E-006, -3.335086E-011, -9.690520E-014, 2.150400E+004 1.570926E+074 2.150400E+004, Mon Oct 12 21:08:01 2015
0.00, 1.80, 0.82, 1.80 , -1.972106E-006, 1.973220E-006, -3.259614E-011, -7.721190E-014, 2.150400E+004 1.570926E+074 2.150400E+004, Mon Oct 12 21:08:04 2015
0.00, 1.80, 0.80, 1.80 , -2.232933E-006, 2.233240E-006, -3.259613E-011, -5.925890E-014, 2.150400E+004 1.570926E+074 2.150400E+004, Mon Oct 12 21:08:08 2015
0.00, 1.80, 0.78, 1.80 , -2.507046E-006, 2.512430E-006, -3.481834E-011, -7.165670E-014, 2.150400E+004 1.570926E+074 2.150400E+004, Mon Oct 12 21:08:11 2015
0.00, 1.80, 0.76, 1.80 , -2.783348E-006, 2.789440E-006, -3.364435E-011, -7.239580E-014, 2.150400E+004 1.570926E+074 2.150400E+004, Mon Oct 12 21:08:15 2015
0.00, 1.80, 0.74, 1.80 , -3.095018E-006, 3.098790E-006, -3.347664E-011, -8.054970E-014, 2.150400E+004 1.570926E+074 2.150400E+004, Mon Oct 12 21:08:18 2015
0.00, 1.80, 0.72, 1.80 , -3.433609E-006, 3.433500E-006, -3.431520E-011, -8.226630E-014, 2.150400E+004 1.570926E+074 2.150400E+004, Mon Oct 12 21:08:22 2015
0.00, 1.80, 0.70, 1.80 , -3.783188E-006, 3.781550E-006, -3.335085E-011, -8.908510E-014, 2.150400E+004 1.570926E+074 2.150400E+004, Mon Oct 12 21:08:25 2015
0.00, 1.80, 0.68, 1.80 , -4.141725E-006, 4.143490E-006, -3.708247E-011, -8.635520E-014, 2.150400E+004 1.570926E+074 2.150400E+004, Mon Oct 12 21:08:29 2015
0.00, 1.80, 0.66, 1.80 , -4.524542E-006, 4.525240E-006, -3.439906E-011, -7.113220E-014, 2.150400E+004 1.570926E+074 2.150400E+004, Mon Oct 12 21:08:33 2015
0.00, 1.80, 0.64, 1.80 , -4.927825E-006, 4.931170E-006, -3.561497E-011, -8.430480E-014, 2.150400E+004 1.570926E+074 2.150400E+004, Mon Oct 12 21:08:36 2015
0.00, 1.80, 0.62, 1.80 , -5.347603E-006, 5.349780E-006, -3.490219E-011, -8.335110E-014, 2.150400E+004 1.570926E+074 2.150400E+004, Mon Oct 12 21:08:40 2015
0.00, 1.80, 0.60, 1.80 , -5.788560E-006, 5.787050E-006, -3.666318E-011, -7.976290E-014, 2.150400E+004 1.570926E+074 2.150400E+004, Mon Oct 12 21:08:43 2015
0.00, 1.80, 0.58, 1.80 , -6.225836E-006, 6.229050E-006, -3.649547E-011, -7.921460E-014, 2.150400E+004 1.570926E+074 2.150400E+004, Mon Oct 12 21:08:47 2015
0.00, 1.80, 0.56, 1.80 , -6.690925E-006, 6.685890E-006, -3.616005E-011, -9.123090E-014, 2.150400E+004 1.570926E+074 2.150400E+004, Mon Oct 12 21:08:50 2015
0.00, 1.80, 0.54, 1.80 , -7.161640E-006, 7.164720E-006, -3.716633E-011, -8.857250E-014, 2.150400E+004 1.570926E+074 2.150400E+004, Mon Oct 12 21:08:54 2015
0.00, 1.80, 0.52, 1.80 , -7.655689E-006, 7.654230E-006, -3.725019E-011, -7.606740E-014, 2.150400E+004 1.570926E+074 2.150400E+004, Mon Oct 12 21:08:57 2015
0.00, 1.80, 0.50, 1.80 , -8.164901E-006, 8.161680E-006, -3.544727E-011, -9.297130E-014, 2.150400E+004 1.570926E+074 2.150400E+004, Mon Oct 12 21:09:01 2015
0.00, 1.80, 0.48, 1.80 , -8.682931E-006, 8.681730E-006, -3.938852E-011, -9.907480E-014, 2.150400E+004 1.570926E+074 2.150400E+004, Mon Oct 12 21:09:04 2015
0.00, 1.80, 0.46, 1.80 , -9.212289E-006, 9.210810E-006, -3.670513E-011, -9.641650E-014, 2.150400E+004 1.570926E+074 2.150400E+004, Mon Oct 12 21:09:08 2015
0.00, 1.80, 0.44, 1.80 , -9.740851E-006, 9.745640E-006, -3.565691E-011, -9.222030E-014, 2.150400E+004 1.570926E+074 2.150400E+004, Mon Oct 12 21:09:12 2015
0.00, 1.80, 0.42, 1.80 , -1.029732E-005, 1.029110E-005, -3.674704E-011, -8.703470E-014, 2.150400E+004 1.570926E+074 2.150400E+004, Mon Oct 12 21:09:15 2015
0.00, 1.80, 0.40, 1.80 , -1.084908E-005, 1.083890E-005, -3.771140E-011, -8.841750E-014, 2.150400E+004 1.570926E+074 2.150400E+004, Mon Oct 12 21:09:19 2015
0.00, 1.80, 0.38, 1.80 , -1.142172E-005, 1.141130E-005, -3.867575E-011, -8.156300E-014, 2.150400E+004 1.570926E+074 2.150400E+004, Mon Oct 12 21:09:22 2015
0.00, 1.80, 0.36, 1.80 , -1.200496E-005, 1.200000E-005, -3.641161E-011, -1.124860E-013, 2.150400E+004 1.570926E+074 2.150400E+004, Mon Oct 12 21:09:26 2015
0.00, 1.80, 0.34, 1.80 , -1.261001E-005, 1.260250E-005, -3.632776E-011, -9.757280E-014, 2.150400E+004 1.570926E+074 2.150400E+004, Mon Oct 12 21:09:30 2015
0.00, 1.80, 0.32, 1.80 , -1.322187E-005, 1.321790E-005, -3.854995E-011, -7.534030E-014, 2.150400E+004 1.570926E+074 2.150400E+004, Mon Oct 12 21:09:33 2015
0.00, 1.80, 0.30, 1.80 , -1.384680E-005, 1.384070E-005, -3.595042E-011, -9.430650E-014, 2.150400E+004 1.570926E+074 2.150400E+004, Mon Oct 12 21:09:37 2015
0.00, 1.80, 0.28, 1.80 , -1.448588E-005, 1.447910E-005, -3.854994E-011, -8.200410E-014, 2.150400E+004 1.570926E+074 2.150400E+004, Mon Oct 12 21:09:40 2015
0.00, 1.80, 0.26, 1.80 , -1.513639E-005, 1.512840E-005, -3.813068E-011, -8.289810E-014, 2.150400E+004 1.570926E+074 2.150400E+004, Mon Oct 12 21:09:44 2015
0.00, 1.80, 0.24, 1.80 , -1.579451E-005, 1.578660E-005, -3.905310E-011, -9.098050E-014, 2.150400E+004 1.570926E+074 2.150400E+004, Mon Oct 12 21:09:47 2015
0.00, 1.80, 0.22, 1.80 , -1.646598E-005, 1.645850E-005, -3.901117E-011, -8.249280E-014, 2.150400E+004 1.570926E+074 2.150400E+004, Mon Oct 12 21:09:51 2015
0.00, 1.80, 0.20, 1.80 , -1.714399E-005, 1.713590E-005, -3.997551E-011, -7.288460E-014, 2.150400E+004 1.570926E+074 2.150400E+004, Mon Oct 12 21:09:54 2015
0.00, 1.80, 0.18, 1.80 , -1.782976E-005, 1.782030E-005, -3.875960E-011, -7.309910E-014, 2.150400E+004 1.570926E+074 2.150400E+004, Mon Oct 12 21:09:58 2015
0.00, 1.80, 0.16, 1.80 , -1.852312E-005, 1.851370E-005, -4.098179E-011, -9.498600E-014, 2.150400E+004 1.570926E+074 2.150400E+004, Mon Oct 12 21:10:01 2015
0.00, 1.80, 0.14, 1.80 , -1.922260E-005, 1.921410E-005, -3.976586E-011, -1.055360E-013, 2.150400E+004 1.570926E+074 2.150400E+004, Mon Oct 12 21:10:05 2015
0.00, 1.80, 0.12, 1.80 , -1.992725E-005, 1.991850E-005, -4.207193E-011, -1.050350E-013, 2.150400E+004 1.570926E+074 2.150400E+004, Mon Oct 12 21:10:09 2015
0.00, 1.80, 0.10, 1.80 , -2.063841E-005, 2.062760E-005, -3.964009E-011, -8.825060E-014, 2.150400E+004 1.570926E+074 2.150400E+004, Mon Oct 12 21:10:12 2015
0.00, 1.80, 0.08, 1.80 , -2.135322E-005, 2.134440E-005, -4.077215E-011, -8.838180E-014, 2.150400E+004 1.570926E+074 2.150400E+004, Mon Oct 12 21:10:16 2015
0.00, 1.80, 0.06, 1.80 , -2.207514E-005, 2.206380E-005, -4.135916E-011, -9.193420E-014, 2.150400E+004 1.570926E+074 2.150400E+004, Mon Oct 12 21:10:19 2015
0.00, 1.80, 0.04, 1.80 , -2.280149E-005, 2.279060E-005, -4.039480E-011, -7.958410E-014, 2.150400E+004 1.570926E+074 2.150400E+004, Mon Oct 12 21:10:23 2015
0.00, 1.80, 0.02, 1.80 , -2.353028E-005, 2.352060E-005, -4.131721E-011, -8.090730E-014, 2.150400E+004 1.570926E+074 2.150400E+004, Mon Oct 12 21:10:26 2015
0.00, 1.80, 0.00, 1.80 , -2.426355E-005, 2.425350E-005, -4.274279E-011, -8.438830E-014, 2.150400E+004 1.570926E+074 2.150400E+004, Mon Oct 12 21:10:30 2015
0.00, 1.80, -0.02, 1.80 , -2.500495E-005, 2.499380E-005, -4.098179E-011, -8.815530E-014, 2.150400E+004 1.570926E+074 2.150400E+004, Mon Oct 12 21:10:33 2015
0.00, 1.80, -0.04, 1.80 , -2.574345E-005, 2.573330E-005, -3.888538E-011, -1.013280E-014, 2.150400E+004 1.570926E+074 2.150400E+004, Mon Oct 12 21:10:37 2015
0.00, 1.80, -0.06, 1.80 , -2.649096E-005, 2.648060E-005, -4.211385E-011, -9.696480E-014, 2.150400E+004 1.570926E+074 2.150400E+004, Mon Oct 12 21:10:40 2015
0.00, 1.80, -0.08, 1.80 , -2.723834E-005, 2.722610E-005, -3.955623E-011, -1.080870E-013, 2.150400E+004 1.570926E+074 2.150400E+004, Mon Oct 12 21:10:44 2015
0.00, 1.80, -0.10, 1.80 , -2.798535E-005, 2.797370E-005, -4.018515E-011, -9.371040E-014, 2.150400E+004 1.570926E+074 2.150400E+004, Mon Oct 12 21:10:48 2015
0.00, 1.80, -0.12, 1.80 , -2.873960E-005, 2.872940E-005, -4.236541E-011, -8.971690E-014, 2.150400E+004 1.570926E+074 2.150400E+004, Mon Oct 12 21:10:51 2015
0.00, 1.80, -0.14, 1.80 , -2.949761E-005, 2.948620E-005, -4.278470E-011, -9.956360E-014, 2.150400E+004 1.570926E+074 2.150400E+004, Mon Oct 12 21:10:55 2015
0.00, 1.80, -0.16, 1.80 , -3.025779E-005, 3.024550E-005, -4.379098E-011, -9.367470E-014, 2.150400E+004 1.570926E+074 2.150400E+004, Mon Oct 12 21:10:58 2015
0.00, 1.80, -0.18, 1.80 , -3.101876E-005, 3.100820E-005, -4.240735E-011, -8.900170E-014, 2.150400E+004 1.570926E+074 2.150400E+004, Mon Oct 12 21:11:02 2015
0.00, 1.80, -0.20, 1.80 , -3.178777E-005, 3.177520E-005, -3.766946E-011, -7.951260E-014, 2.150400E+004 1.570926E+074 2.150400E+004, Mon Oct 12 21:11:05 2015
