1.80, 1.80, 1.40, 1.80 , 1.674374E-011, -3.049570E-011, -2.945173E-011, -1.102090E-013, 2.150400E+004 1.570926E+074 2.150400E+004, Wed Oct 07 21:42:50 2015
1.75, 1.80, 1.40, 1.80 , -3.096112E-009, 3.081760E-009, -3.087733E-011, -1.172900E-013, 2.150400E+004 1.570926E+074 2.150400E+004, Wed Oct 07 21:42:56 2015
1.70, 1.80, 1.40, 1.80 , -3.688729E-009, 3.672980E-009, -3.045803E-011, -9.160040E-014, 2.150400E+004 1.570926E+074 2.150400E+004, Wed Oct 07 21:43:00 2015
1.65, 1.80, 1.40, 1.80 , -3.787437E-009, 3.766270E-009, -3.062575E-011, -9.398460E-014, 2.150400E+004 1.570926E+074 2.150400E+004, Wed Oct 07 21:43:03 2015
1.60, 1.80, 1.40, 1.80 , -3.805581E-009, 3.781750E-009, -2.894857E-011, -1.109480E-013, 2.150400E+004 1.570926E+074 2.150400E+004, Wed Oct 07 21:43:07 2015
1.55, 1.80, 1.40, 1.80 , -3.813728E-009, 3.789220E-009, -2.957751E-011, -1.231310E-013, 2.150400E+004 1.570926E+074 2.150400E+004, Wed Oct 07 21:43:11 2015
1.50, 1.80, 1.40, 1.80 , -3.813556E-009, 3.791510E-009, -2.865506E-011, -1.127120E-013, 2.150400E+004 1.570926E+074 2.150400E+004, Wed Oct 07 21:43:14 2015
1.45, 1.80, 1.40, 1.80 , -3.816429E-009, 3.797510E-009, -2.643280E-011, -1.243000E-013, 2.150400E+004 1.570926E+074 2.150400E+004, Wed Oct 07 21:43:18 2015
1.40, 1.80, 1.40, 1.80 , -3.822840E-009, 3.797720E-009, -3.008066E-011, -1.085160E-013, 2.150400E+004 1.570926E+074 2.150400E+004, Wed Oct 07 21:43:21 2015
1.35, 1.80, 1.40, 1.80 , -3.824236E-009, 3.798840E-009, -2.878085E-011, -9.897950E-014, 2.150400E+004 1.570926E+074 2.150400E+004, Wed Oct 07 21:43:25 2015
1.30, 1.80, 1.40, 1.80 , -3.825119E-009, 3.800200E-009, -2.831962E-011, -1.182080E-013, 2.150400E+004 1.570926E+074 2.150400E+004, Wed Oct 07 21:43:29 2015
1.25, 1.80, 1.40, 1.80 , -3.830100E-009, 3.803760E-009, -3.159013E-011, -8.959770E-014, 2.150400E+004 1.570926E+074 2.150400E+004, Wed Oct 07 21:43:32 2015
1.20, 1.80, 1.40, 1.80 , -3.831875E-009, 3.805830E-009, -2.831962E-011, -9.832380E-014, 2.150400E+004 1.570926E+074 2.150400E+004, Wed Oct 07 21:43:36 2015
1.15, 1.80, 1.40, 1.80 , -3.831537E-009, 3.809200E-009, -2.647472E-011, -1.106980E-013, 2.150400E+004 1.570926E+074 2.150400E+004, Wed Oct 07 21:43:40 2015
1.10, 1.80, 1.40, 1.80 , -3.830988E-009, 3.810300E-009, -2.752297E-011, -1.006720E-013, 2.150400E+004 1.570926E+074 2.150400E+004, Wed Oct 07 21:43:43 2015
1.05, 1.80, 1.40, 1.80 , -3.836560E-009, 3.810260E-009, -2.668437E-011, -1.112820E-013, 2.150400E+004 1.570926E+074 2.150400E+004, Wed Oct 07 21:43:47 2015
1.00, 1.80, 1.40, 1.80 , -3.836894E-009, 3.811170E-009, -2.525876E-011, -1.028300E-013, 2.150400E+004 1.570926E+074 2.150400E+004, Wed Oct 07 21:43:51 2015
0.95, 1.80, 1.40, 1.80 , -3.838667E-009, 3.814710E-009, -2.769068E-011, -1.016380E-013, 2.150400E+004 1.570926E+074 2.150400E+004, Wed Oct 07 21:43:54 2015
0.90, 1.80, 1.40, 1.80 , -3.841241E-009, 3.814190E-009, -2.697788E-011, -8.838180E-014, 2.150400E+004 1.570926E+074 2.150400E+004, Wed Oct 07 21:43:58 2015
0.85, 1.80, 1.40, 1.80 , -3.843565E-009, 3.817580E-009, -2.769068E-011, -9.846690E-014, 2.150400E+004 1.570926E+074 2.150400E+004, Wed Oct 07 21:44:02 2015
0.80, 1.80, 1.40, 1.80 , -3.846941E-009, 3.818650E-009, -2.496526E-011, -9.189840E-014, 2.150400E+004 1.570926E+074 2.150400E+004, Wed Oct 07 21:44:05 2015
0.75, 1.80, 1.40, 1.80 , -3.849807E-009, 3.820750E-009, -2.517491E-011, -1.130580E-013, 2.150400E+004 1.570926E+074 2.150400E+004, Wed Oct 07 21:44:09 2015
0.70, 1.80, 1.40, 1.80 , -3.851241E-009, 3.822790E-009, -2.454596E-011, -1.028420E-013, 2.150400E+004 1.570926E+074 2.150400E+004, Wed Oct 07 21:44:12 2015
0.65, 1.80, 1.40, 1.80 , -3.854282E-009, 3.823700E-009, -2.500719E-011, -1.137140E-013, 2.150400E+004 1.570926E+074 2.150400E+004, Wed Oct 07 21:44:16 2015
0.60, 1.80, 1.40, 1.80 , -3.855083E-009, 3.824550E-009, -2.148526E-011, -9.461640E-014, 2.150400E+004 1.570926E+074 2.150400E+004, Wed Oct 07 21:44:20 2015
0.55, 1.80, 1.40, 1.80 , -3.857195E-009, 3.824050E-009, -2.299458E-011, -1.151560E-013, 2.150400E+004 1.570926E+074 2.150400E+004, Wed Oct 07 21:44:23 2015
0.50, 1.80, 1.40, 1.80 , -3.854828E-009, 3.823190E-009, -2.119179E-011, -1.176600E-013, 2.150400E+004 1.570926E+074 2.150400E+004, Wed Oct 07 21:44:27 2015
0.45, 1.80, 1.40, 1.80 , -3.856986E-009, 3.825240E-009, -2.018558E-011, -1.076940E-013, 2.150400E+004 1.570926E+074 2.150400E+004, Wed Oct 07 21:44:31 2015
0.40, 1.80, 1.40, 1.80 , -3.858753E-009, 3.827800E-009, -2.022750E-011, -1.020910E-013, 2.150400E+004 1.570926E+074 2.150400E+004, Wed Oct 07 21:44:34 2015
0.35, 1.80, 1.40, 1.80 , -3.864621E-009, 3.828730E-009, -1.712503E-011, -1.149060E-013, 2.150400E+004 1.570926E+074 2.150400E+004, Wed Oct 07 21:44:38 2015
0.30, 1.80, 1.40, 1.80 , -3.862680E-009, 3.829440E-009, -1.750235E-011, -1.075390E-013, 2.150400E+004 1.570926E+074 2.150400E+004, Wed Oct 07 21:44:42 2015
0.25, 1.80, 1.40, 1.80 , -3.867112E-009, 3.830880E-009, -1.708310E-011, -9.173150E-014, 2.150400E+004 1.570926E+074 2.150400E+004, Wed Oct 07 21:44:45 2015
0.20, 1.80, 1.40, 1.80 , -3.869180E-009, 3.829710E-009, -1.645421E-011, -9.564160E-014, 2.150400E+004 1.570926E+074 2.150400E+004, Wed Oct 07 21:44:49 2015
0.15, 1.80, 1.40, 1.80 , -3.866014E-009, 3.834850E-009, -1.389677E-011, -1.026390E-013, 2.150400E+004 1.570926E+074 2.150400E+004, Wed Oct 07 21:44:52 2015
0.10, 1.80, 1.40, 1.80 , -3.868927E-009, 3.831450E-009, -1.284864E-011, -8.373260E-014, 2.150400E+004 1.570926E+074 2.150400E+004, Wed Oct 07 21:44:56 2015
0.05, 1.80, 1.40, 1.80 , -3.873147E-009, 3.833720E-009, -1.620266E-011, -1.035930E-013, 2.150400E+004 1.570926E+074 2.150400E+004, Wed Oct 07 21:45:00 2015
0.00, 1.80, 1.40, 1.80 , -3.870106E-009, 3.832850E-009, -1.435794E-011, -1.051900E-013, 2.150400E+004 1.570926E+074 2.150400E+004, Wed Oct 07 21:45:03 2015
-0.05, 1.80, 1.40, 1.80 , -3.874409E-009, 3.836370E-009, -1.406447E-011, -9.322170E-014, 2.150400E+004 1.570926E+074 2.150400E+004, Wed Oct 07 21:45:07 2015
-0.10, 1.80, 1.40, 1.80 , -3.870991E-009, 3.838900E-009, -1.163280E-011, -1.065130E-013, 2.150400E+004 1.570926E+074 2.150400E+004, Wed Oct 07 21:45:11 2015
-0.15, 1.80, 1.40, 1.80 , -3.873775E-009, 3.840100E-009, -1.117162E-011, -8.904930E-014, 2.150400E+004 1.570926E+074 2.150400E+004, Wed Oct 07 21:45:14 2015
-0.20, 1.80, 1.40, 1.80 , -3.879348E-009, 3.839430E-009, -1.268094E-011, -1.063700E-013, 2.150400E+004 1.570926E+074 2.150400E+004, Wed Oct 07 21:45:18 2015
