1.80, 1.80, -0.20, 1.80 , 3.962309E-009, -3.968420E-009, -4.454639E-011, -1.128080E-013, 2.150400E+004 1.570926E+074 2.150400E+004, Wed Oct 07 21:52:53 2015
1.75, 1.80, -0.20, 1.80 , -8.222564E-007, 8.224320E-007, -4.165325E-011, -1.136060E-013, 2.150400E+004 1.570926E+074 2.150400E+004, Wed Oct 07 21:52:56 2015
1.70, 1.80, -0.20, 1.80 , -1.628033E-006, 1.627750E-006, -4.169518E-011, -1.023650E-013, 2.150400E+004 1.570926E+074 2.150400E+004, Wed Oct 07 21:53:00 2015
1.65, 1.80, -0.20, 1.80 , -2.410605E-006, 2.410410E-006, -4.102430E-011, -8.935930E-014, 2.150400E+004 1.570926E+074 2.150400E+004, Wed Oct 07 21:53:04 2015
1.60, 1.80, -0.20, 1.80 , -3.170330E-006, 3.170140E-006, -4.182096E-011, -1.106860E-013, 2.150400E+004 1.570926E+074 2.150400E+004, Wed Oct 07 21:53:07 2015
1.55, 1.80, -0.20, 1.80 , -3.908683E-006, 3.908150E-006, -3.968256E-011, -1.102090E-013, 2.150400E+004 1.570926E+074 2.150400E+004, Wed Oct 07 21:53:11 2015
1.50, 1.80, -0.20, 1.80 , -4.625837E-006, 4.625990E-006, -3.926326E-011, -1.119380E-013, 2.150400E+004 1.570926E+074 2.150400E+004, Wed Oct 07 21:53:14 2015
1.45, 1.80, -0.20, 1.80 , -5.321648E-006, 5.321530E-006, -4.014377E-011, -9.698870E-014, 2.150400E+004 1.570926E+074 2.150400E+004, Wed Oct 07 21:53:18 2015
1.40, 1.80, -0.20, 1.80 , -5.992887E-006, 5.991850E-006, -3.733450E-011, -1.007910E-013, 2.150400E+004 1.570926E+074 2.150400E+004, Wed Oct 07 21:53:21 2015
1.35, 1.80, -0.20, 1.80 , -6.636577E-006, 6.636480E-006, -3.968255E-011, -1.096370E-013, 2.150400E+004 1.570926E+074 2.150400E+004, Wed Oct 07 21:53:25 2015
1.30, 1.80, -0.20, 1.80 , -7.256319E-006, 7.255870E-006, -3.850852E-011, -1.095770E-013, 2.150400E+004 1.570926E+074 2.150400E+004, Wed Oct 07 21:53:29 2015
1.25, 1.80, -0.20, 1.80 , -7.853061E-006, 7.852370E-006, -4.089850E-011, -1.132130E-013, 2.150400E+004 1.570926E+074 2.150400E+004, Wed Oct 07 21:53:32 2015
1.20, 1.80, -0.20, 1.80 , -8.425103E-006, 8.424540E-006, -3.901168E-011, -1.150730E-013, 2.150400E+004 1.570926E+074 2.150400E+004, Wed Oct 07 21:53:36 2015
1.15, 1.80, -0.20, 1.80 , -8.969406E-006, 8.969210E-006, -3.758607E-011, -1.025200E-013, 2.150400E+004 1.570926E+074 2.150400E+004, Wed Oct 07 21:53:39 2015
1.10, 1.80, -0.20, 1.80 , -9.486093E-006, 9.485800E-006, -3.808922E-011, -1.076100E-013, 2.150400E+004 1.570926E+074 2.150400E+004, Wed Oct 07 21:53:43 2015
1.05, 1.80, -0.20, 1.80 , -9.974068E-006, 9.973580E-006, -3.699905E-011, -1.021620E-013, 2.150400E+004 1.570926E+074 2.150400E+004, Wed Oct 07 21:53:47 2015
1.00, 1.80, -0.20, 1.80 , -1.043565E-005, 1.042790E-005, -3.762799E-011, -1.181360E-013, 2.150400E+004 1.570926E+074 2.150400E+004, Wed Oct 07 21:53:51 2015
0.95, 1.80, -0.20, 1.80 , -1.086961E-005, 1.086160E-005, -3.779570E-011, -9.843110E-014, 2.150400E+004 1.570926E+074 2.150400E+004, Wed Oct 07 21:53:54 2015
0.90, 1.80, -0.20, 1.80 , -1.127340E-005, 1.126450E-005, -3.821501E-011, -1.083610E-013, 2.150400E+004 1.570926E+074 2.150400E+004, Wed Oct 07 21:53:58 2015
0.85, 1.80, -0.20, 1.80 , -1.164896E-005, 1.164230E-005, -3.674748E-011, -1.013040E-013, 2.150400E+004 1.570926E+074 2.150400E+004, Wed Oct 07 21:54:01 2015
0.80, 1.80, -0.20, 1.80 , -1.199248E-005, 1.198420E-005, -3.825694E-011, -1.074080E-013, 2.150400E+004 1.570926E+074 2.150400E+004, Wed Oct 07 21:54:05 2015
0.75, 1.80, -0.20, 1.80 , -1.230655E-005, 1.229840E-005, -3.582503E-011, -1.052260E-013, 2.150400E+004 1.570926E+074 2.150400E+004, Wed Oct 07 21:54:09 2015
0.70, 1.80, -0.20, 1.80 , -1.258794E-005, 1.258050E-005, -3.662169E-011, -1.098510E-013, 2.150400E+004 1.570926E+074 2.150400E+004, Wed Oct 07 21:54:12 2015
0.65, 1.80, -0.20, 1.80 , -1.284127E-005, 1.283210E-005, -3.783765E-011, -1.124860E-013, 2.150400E+004 1.570926E+074 2.150400E+004, Wed Oct 07 21:54:16 2015
0.60, 1.80, -0.20, 1.80 , -1.306233E-005, 1.305420E-005, -3.674748E-011, -1.199130E-013, 2.150400E+004 1.570926E+074 2.150400E+004, Wed Oct 07 21:54:19 2015
0.55, 1.80, -0.20, 1.80 , -1.325046E-005, 1.324290E-005, -3.662170E-011, -1.081110E-013, 2.150400E+004 1.570926E+074 2.150400E+004, Wed Oct 07 21:54:23 2015
0.50, 1.80, -0.20, 1.80 , -1.341162E-005, 1.340230E-005, -3.557345E-011, -1.082180E-013, 2.150400E+004 1.570926E+074 2.150400E+004, Wed Oct 07 21:54:26 2015
0.45, 1.80, -0.20, 1.80 , -1.353900E-005, 1.353150E-005, -3.637012E-011, -1.001000E-013, 2.150400E+004 1.570926E+074 2.150400E+004, Wed Oct 07 21:54:30 2015
0.40, 1.80, -0.20, 1.80 , -1.364122E-005, 1.363210E-005, -3.628625E-011, -1.177190E-013, 2.150400E+004 1.570926E+074 2.150400E+004, Wed Oct 07 21:54:33 2015
0.35, 1.80, -0.20, 1.80 , -1.371625E-005, 1.370850E-005, -3.750220E-011, -8.808370E-014, 2.150400E+004 1.570926E+074 2.150400E+004, Wed Oct 07 21:54:37 2015
0.30, 1.80, -0.20, 1.80 , -1.377407E-005, 1.376220E-005, -3.687327E-011, -8.643870E-014, 2.150400E+004 1.570926E+074 2.150400E+004, Wed Oct 07 21:54:40 2015
0.25, 1.80, -0.20, 1.80 , -1.381278E-005, 1.380440E-005, -3.624432E-011, -1.094100E-013, 2.150400E+004 1.570926E+074 2.150400E+004, Wed Oct 07 21:54:44 2015
0.20, 1.80, -0.20, 1.80 , -1.384031E-005, 1.383330E-005, -3.678939E-011, -7.858280E-014, 2.150400E+004 1.570926E+074 2.150400E+004, Wed Oct 07 21:54:48 2015
0.15, 1.80, -0.20, 1.80 , -1.385971E-005, 1.385170E-005, -3.460907E-011, -1.020790E-013, 2.150400E+004 1.570926E+074 2.150400E+004, Wed Oct 07 21:54:51 2015
0.10, 1.80, -0.20, 1.80 , -1.387742E-005, 1.386860E-005, -3.515415E-011, -9.814500E-014, 2.150400E+004 1.570926E+074 2.150400E+004, Wed Oct 07 21:54:55 2015
0.05, 1.80, -0.20, 1.80 , -1.388810E-005, 1.387870E-005, -3.779572E-011, -9.449720E-014, 2.150400E+004 1.570926E+074 2.150400E+004, Wed Oct 07 21:54:58 2015
0.00, 1.80, -0.20, 1.80 , -1.389811E-005, 1.388930E-005, -3.498643E-011, -1.129630E-013, 2.150400E+004 1.570926E+074 2.150400E+004, Wed Oct 07 21:55:02 2015
-0.05, 1.80, -0.20, 1.80 , -1.390773E-005, 1.389810E-005, -4.005991E-011, -8.482930E-014, 2.150400E+004 1.570926E+074 2.150400E+004, Wed Oct 07 21:55:05 2015
-0.10, 1.80, -0.20, 1.80 , -1.391590E-005, 1.390660E-005, -3.473485E-011, -1.127600E-013, 2.150400E+004 1.570926E+074 2.150400E+004, Wed Oct 07 21:55:09 2015
-0.15, 1.80, -0.20, 1.80 , -1.392272E-005, 1.391440E-005, -3.557344E-011, -1.007080E-013, 2.150400E+004 1.570926E+074 2.150400E+004, Wed Oct 07 21:55:12 2015
-0.20, 1.80, -0.20, 1.80 , -1.393065E-005, 1.392280E-005, -3.783765E-011, -9.421110E-014, 2.150400E+004 1.570926E+074 2.150400E+004, Wed Oct 07 21:55:16 2015
