1.80, 1.80, 0.20, 1.80 , 3.079930E-009, -3.093060E-009, -3.850851E-011, -1.031040E-013, 2.150400E+004 1.570926E+074 2.150400E+004, Wed Oct 07 21:50:24 2015
1.75, 1.80, 0.20, 1.80 , -6.547580E-007, 6.549480E-007, -3.888589E-011, -1.147270E-013, 2.150400E+004 1.570926E+074 2.150400E+004, Wed Oct 07 21:50:28 2015
1.70, 1.80, 0.20, 1.80 , -1.287942E-006, 1.287690E-006, -4.014376E-011, -1.057510E-013, 2.150400E+004 1.570926E+074 2.150400E+004, Wed Oct 07 21:50:32 2015
1.65, 1.80, 0.20, 1.80 , -1.893987E-006, 1.893630E-006, -3.855045E-011, -1.322750E-013, 2.150400E+004 1.570926E+074 2.150400E+004, Wed Oct 07 21:50:35 2015
1.60, 1.80, 0.20, 1.80 , -2.472933E-006, 2.472650E-006, -3.649590E-011, -9.616610E-014, 2.150400E+004 1.570926E+074 2.150400E+004, Wed Oct 07 21:50:39 2015
1.55, 1.80, 0.20, 1.80 , -3.025926E-006, 3.025680E-006, -3.808922E-011, -1.024720E-013, 2.150400E+004 1.570926E+074 2.150400E+004, Wed Oct 07 21:50:43 2015
1.50, 1.80, 0.20, 1.80 , -3.553580E-006, 3.553170E-006, -3.519608E-011, -1.121160E-013, 2.150400E+004 1.570926E+074 2.150400E+004, Wed Oct 07 21:50:46 2015
1.45, 1.80, 0.20, 1.80 , -4.052719E-006, 4.052140E-006, -3.565730E-011, -1.069190E-013, 2.150400E+004 1.570926E+074 2.150400E+004, Wed Oct 07 21:50:50 2015
1.40, 1.80, 0.20, 1.80 , -4.523868E-006, 4.523270E-006, -3.838272E-011, -1.163600E-013, 2.150400E+004 1.570926E+074 2.150400E+004, Wed Oct 07 21:50:53 2015
1.35, 1.80, 0.20, 1.80 , -4.963931E-006, 4.963370E-006, -3.456714E-011, -9.913440E-014, 2.150400E+004 1.570926E+074 2.150400E+004, Wed Oct 07 21:50:57 2015
1.30, 1.80, 0.20, 1.80 , -5.375051E-006, 5.374340E-006, -3.754413E-011, -8.828640E-014, 2.150400E+004 1.570926E+074 2.150400E+004, Wed Oct 07 21:51:00 2015
1.25, 1.80, 0.20, 1.80 , -5.757195E-006, 5.755890E-006, -3.695712E-011, -1.104830E-013, 2.150400E+004 1.570926E+074 2.150400E+004, Wed Oct 07 21:51:04 2015
1.20, 1.80, 0.20, 1.80 , -6.108472E-006, 6.107700E-006, -3.599274E-011, -8.571150E-014, 2.150400E+004 1.570926E+074 2.150400E+004, Wed Oct 07 21:51:07 2015
1.15, 1.80, 0.20, 1.80 , -6.427570E-006, 6.426480E-006, -3.569924E-011, -9.732250E-014, 2.150400E+004 1.570926E+074 2.150400E+004, Wed Oct 07 21:51:11 2015
1.10, 1.80, 0.20, 1.80 , -6.716653E-006, 6.716420E-006, -3.595082E-011, -1.071330E-013, 2.150400E+004 1.570926E+074 2.150400E+004, Wed Oct 07 21:51:14 2015
1.05, 1.80, 0.20, 1.80 , -6.971444E-006, 6.970830E-006, -3.385434E-011, -9.455680E-014, 2.150400E+004 1.570926E+074 2.150400E+004, Wed Oct 07 21:51:18 2015
1.00, 1.80, 0.20, 1.80 , -7.196266E-006, 7.194790E-006, -3.507030E-011, -1.088740E-013, 2.150400E+004 1.570926E+074 2.150400E+004, Wed Oct 07 21:51:22 2015
0.95, 1.80, 0.20, 1.80 , -7.387262E-006, 7.386220E-006, -3.666361E-011, -9.133820E-014, 2.150400E+004 1.570926E+074 2.150400E+004, Wed Oct 07 21:51:25 2015
0.90, 1.80, 0.20, 1.80 , -7.547029E-006, 7.546080E-006, -3.452520E-011, -9.411570E-014, 2.150400E+004 1.570926E+074 2.150400E+004, Wed Oct 07 21:51:29 2015
0.85, 1.80, 0.20, 1.80 , -7.675424E-006, 7.674460E-006, -3.385433E-011, -1.001360E-013, 2.150400E+004 1.570926E+074 2.150400E+004, Wed Oct 07 21:51:32 2015
0.80, 1.80, 0.20, 1.80 , -7.775812E-006, 7.774160E-006, -3.523802E-011, -9.799000E-014, 2.150400E+004 1.570926E+074 2.150400E+004, Wed Oct 07 21:51:36 2015
0.75, 1.80, 0.20, 1.80 , -7.846690E-006, 7.845850E-006, -3.536380E-011, -1.090410E-013, 2.150400E+004 1.570926E+074 2.150400E+004, Wed Oct 07 21:51:39 2015
0.70, 1.80, 0.20, 1.80 , -7.895650E-006, 7.895450E-006, -3.406397E-011, -1.259570E-013, 2.150400E+004 1.570926E+074 2.150400E+004, Wed Oct 07 21:51:43 2015
0.65, 1.80, 0.20, 1.80 , -7.928014E-006, 7.927330E-006, -3.704098E-011, -9.890790E-014, 2.150400E+004 1.570926E+074 2.150400E+004, Wed Oct 07 21:51:46 2015
0.60, 1.80, 0.20, 1.80 , -7.949926E-006, 7.949560E-006, -3.477679E-011, -9.547470E-014, 2.150400E+004 1.570926E+074 2.150400E+004, Wed Oct 07 21:51:50 2015
0.55, 1.80, 0.20, 1.80 , -7.964207E-006, 7.963190E-006, -3.377047E-011, -9.289980E-014, 2.150400E+004 1.570926E+074 2.150400E+004, Wed Oct 07 21:51:54 2015
0.50, 1.80, 0.20, 1.80 , -7.975013E-006, 7.973450E-006, -3.322539E-011, -1.111150E-013, 2.150400E+004 1.570926E+074 2.150400E+004, Wed Oct 07 21:51:57 2015
0.45, 1.80, 0.20, 1.80 , -7.981107E-006, 7.981640E-006, -3.356082E-011, -9.716750E-014, 2.150400E+004 1.570926E+074 2.150400E+004, Wed Oct 07 21:52:01 2015
0.40, 1.80, 0.20, 1.80 , -7.988593E-006, 7.988060E-006, -3.314153E-011, -1.044150E-013, 2.150400E+004 1.570926E+074 2.150400E+004, Wed Oct 07 21:52:04 2015
0.35, 1.80, 0.20, 1.80 , -7.995447E-006, 7.993210E-006, -3.649591E-011, -1.040820E-013, 2.150400E+004 1.570926E+074 2.150400E+004, Wed Oct 07 21:52:08 2015
0.30, 1.80, 0.20, 1.80 , -7.999738E-006, 7.999330E-006, -3.146435E-011, -1.117590E-013, 2.150400E+004 1.570926E+074 2.150400E+004, Wed Oct 07 21:52:11 2015
0.25, 1.80, 0.20, 1.80 , -8.005494E-006, 8.003850E-006, -3.448328E-011, -9.433030E-014, 2.150400E+004 1.570926E+074 2.150400E+004, Wed Oct 07 21:52:15 2015
0.20, 1.80, 0.20, 1.80 , -8.008546E-006, 8.007410E-006, -3.439941E-011, -1.337170E-013, 2.150400E+004 1.570926E+074 2.150400E+004, Wed Oct 07 21:52:18 2015
0.15, 1.80, 0.20, 1.80 , -8.010746E-006, 8.010100E-006, -3.414785E-011, -9.635690E-014, 2.150400E+004 1.570926E+074 2.150400E+004, Wed Oct 07 21:52:22 2015
0.10, 1.80, 0.20, 1.80 , -8.014319E-006, 8.012400E-006, -3.159014E-011, -1.108050E-013, 2.150400E+004 1.570926E+074 2.150400E+004, Wed Oct 07 21:52:25 2015
0.05, 1.80, 0.20, 1.80 , -8.018039E-006, 8.016980E-006, -3.398012E-011, -1.240250E-013, 2.150400E+004 1.570926E+074 2.150400E+004, Wed Oct 07 21:52:29 2015
0.00, 1.80, 0.20, 1.80 , -8.021270E-006, 8.019580E-006, -3.293188E-011, -1.133440E-013, 2.150400E+004 1.570926E+074 2.150400E+004, Wed Oct 07 21:52:33 2015
-0.05, 1.80, 0.20, 1.80 , -8.022924E-006, 8.022060E-006, -3.125470E-011, -1.011010E-013, 2.150400E+004 1.570926E+074 2.150400E+004, Wed Oct 07 21:52:36 2015
-0.10, 1.80, 0.20, 1.80 , -8.026664E-006, 8.026620E-006, -3.427363E-011, -9.741780E-014, 2.150400E+004 1.570926E+074 2.150400E+004, Wed Oct 07 21:52:40 2015
-0.15, 1.80, 0.20, 1.80 , -8.030971E-006, 8.030110E-006, -3.251258E-011, -9.337660E-014, 2.150400E+004 1.570926E+074 2.150400E+004, Wed Oct 07 21:52:43 2015
-0.20, 1.80, 0.20, 1.80 , -8.033729E-006, 8.032420E-006, -3.444135E-011, -9.241100E-014, 2.150400E+004 1.570926E+074 2.150400E+004, Wed Oct 07 21:52:47 2015
