1.75, 1.80, 1.80, 1.80 , -2.431585E-011, 2.518110E-012, -1.251324E-011, -8.801220E-014, 2.150400E+004 1.570926E+074 2.150400E+004, Wed Oct 07 21:03:57 2015
1.75, 1.80, 1.78, 1.80 , -2.596166E-011, 2.843260E-012, -2.026943E-011, -9.046790E-014, 2.150400E+004 1.570926E+074 2.150400E+004, Wed Oct 07 21:04:04 2015
1.75, 1.80, 1.76, 1.80 , -2.410483E-011, 2.694110E-012, -1.787968E-011, -9.925370E-014, 2.150400E+004 1.570926E+074 2.150400E+004, Wed Oct 07 21:04:21 2015
1.75, 1.80, 1.74, 1.80 , -2.410483E-011, 2.976920E-012, -1.850856E-011, -1.102690E-013, 2.150400E+004 1.570926E+074 2.150400E+004, Wed Oct 07 21:04:27 2015
1.75, 1.80, 1.72, 1.80 , -2.705885E-011, 2.729460E-012, -1.880204E-011, -9.284020E-014, 2.150400E+004 1.570926E+074 2.150400E+004, Wed Oct 07 21:04:57 2015
1.75, 1.80, 1.70, 1.80 , -2.380944E-011, 2.948920E-012, -2.232377E-011, -1.033310E-013, 2.150400E+004 1.570926E+074 2.150400E+004, Wed Oct 07 21:05:06 2015
1.75, 1.80, 1.68, 1.80 , -2.478004E-011, 2.981090E-012, -2.135949E-011, -1.135710E-013, 2.150400E+004 1.570926E+074 2.150400E+004, Wed Oct 07 21:05:24 2015
1.75, 1.80, 1.66, 1.80 , -2.659464E-011, 3.184100E-012, -2.383316E-011, -1.030800E-013, 2.150400E+004 1.570926E+074 2.150400E+004, Wed Oct 07 21:05:42 2015
1.75, 1.80, 1.64, 1.80 , -2.537085E-011, 3.704080E-012, -2.559420E-011, -1.226540E-013, 2.150400E+004 1.570926E+074 2.150400E+004, Wed Oct 07 21:05:47 2015
1.75, 1.80, 1.62, 1.80 , -2.562406E-011, 4.529480E-012, -2.584578E-011, -1.221900E-013, 2.150400E+004 1.570926E+074 2.150400E+004, Wed Oct 07 21:05:51 2015
1.75, 1.80, 1.60, 1.80 , -2.769185E-011, 5.918410E-012, -2.563613E-011, -1.214980E-013, 2.150400E+004 1.570926E+074 2.150400E+004, Wed Oct 07 21:06:12 2015
1.75, 1.80, 1.58, 1.80 , -3.186966E-011, 8.921160E-012, -2.622314E-011, -1.073600E-013, 2.150400E+004 1.570926E+074 2.150400E+004, Wed Oct 07 21:06:24 2015
1.75, 1.80, 1.56, 1.80 , -3.625850E-011, 1.527250E-011, -2.861313E-011, -1.345280E-013, 2.150400E+004 1.570926E+074 2.150400E+004, Wed Oct 07 21:06:29 2015
1.75, 1.80, 1.54, 1.80 , -4.815893E-011, 2.838970E-011, -2.689402E-011, -1.046900E-013, 2.150400E+004 1.570926E+074 2.150400E+004, Wed Oct 07 21:06:33 2015
1.75, 1.80, 1.52, 1.80 , -7.613760E-011, 5.536570E-011, -2.626508E-011, -8.548500E-014, 2.150400E+004 1.570926E+074 2.150400E+004, Wed Oct 07 21:06:44 2015
1.75, 1.80, 1.50, 1.80 , -1.300273E-010, 1.111340E-010, -2.752296E-011, -8.391140E-014, 2.150400E+004 1.570926E+074 2.150400E+004, Wed Oct 07 21:06:50 2015
1.75, 1.80, 1.48, 1.80 , -2.455714E-010, 2.247960E-010, -2.785840E-011, -1.131060E-013, 2.150400E+004 1.570926E+074 2.150400E+004, Wed Oct 07 21:06:54 2015
1.75, 1.80, 1.46, 1.80 , -4.740008E-010, 4.516940E-010, -3.012259E-011, -1.123070E-013, 2.150400E+004 1.570926E+074 2.150400E+004, Wed Oct 07 21:06:59 2015
1.75, 1.80, 1.44, 1.80 , -9.081559E-010, 8.901810E-010, -2.710366E-011, -9.987350E-014, 2.150400E+004 1.570926E+074 2.150400E+004, Wed Oct 07 21:07:03 2015
1.75, 1.80, 1.42, 1.80 , -1.716332E-009, 1.698160E-009, -3.066768E-011, -9.771590E-014, 2.150400E+004 1.570926E+074 2.150400E+004, Wed Oct 07 21:07:08 2015
1.75, 1.80, 1.40, 1.80 , -3.115944E-009, 3.093880E-009, -2.840348E-011, -1.041770E-013, 2.150400E+004 1.570926E+074 2.150400E+004, Wed Oct 07 21:07:11 2015
1.75, 1.80, 1.38, 1.80 , -5.374837E-009, 5.352370E-009, -3.020645E-011, -1.157880E-013, 2.150400E+004 1.570926E+074 2.150400E+004, Wed Oct 07 21:07:15 2015
1.75, 1.80, 1.36, 1.80 , -8.733506E-009, 8.706690E-009, -2.810998E-011, -1.156450E-013, 2.150400E+004 1.570926E+074 2.150400E+004, Wed Oct 07 21:07:19 2015
1.75, 1.80, 1.34, 1.80 , -1.336481E-008, 1.335020E-008, -2.890664E-011, -8.987190E-014, 2.150400E+004 1.570926E+074 2.150400E+004, Wed Oct 07 21:07:22 2015
1.75, 1.80, 1.32, 1.80 , -1.936238E-008, 1.934660E-008, -2.920014E-011, -9.568930E-014, 2.150400E+004 1.570926E+074 2.150400E+004, Wed Oct 07 21:07:26 2015
1.75, 1.80, 1.30, 1.80 , -2.667178E-008, 2.664950E-008, -3.096118E-011, -1.070860E-013, 2.150400E+004 1.570926E+074 2.150400E+004, Wed Oct 07 21:07:30 2015
1.75, 1.80, 1.28, 1.80 , -3.518011E-008, 3.514900E-008, -3.104505E-011, -1.141430E-013, 2.150400E+004 1.570926E+074 2.150400E+004, Wed Oct 07 21:07:33 2015
1.75, 1.80, 1.26, 1.80 , -4.470423E-008, 4.466860E-008, -2.987102E-011, -1.002670E-013, 2.150400E+004 1.570926E+074 2.150400E+004, Wed Oct 07 21:07:37 2015
1.75, 1.80, 1.24, 1.80 , -5.506689E-008, 5.502280E-008, -2.899050E-011, -1.004220E-013, 2.150400E+004 1.570926E+074 2.150400E+004, Wed Oct 07 21:07:40 2015
1.75, 1.80, 1.22, 1.80 , -6.616033E-008, 6.614260E-008, -3.083540E-011, -9.369850E-014, 2.150400E+004 1.570926E+074 2.150400E+004, Wed Oct 07 21:07:44 2015
1.75, 1.80, 1.20, 1.80 , -7.779001E-008, 7.776510E-008, -2.982909E-011, -1.248240E-013, 2.150400E+004 1.570926E+074 2.150400E+004, Wed Oct 07 21:07:47 2015
1.75, 1.80, 1.18, 1.80 , -8.985176E-008, 8.983290E-008, -2.978716E-011, -9.931330E-014, 2.150400E+004 1.570926E+074 2.150400E+004, Wed Oct 07 21:07:51 2015
1.75, 1.80, 1.16, 1.80 , -1.022383E-007, 1.022410E-007, -3.079347E-011, -1.093030E-013, 2.150400E+004 1.570926E+074 2.150400E+004, Wed Oct 07 21:07:54 2015
1.75, 1.80, 1.14, 1.80 , -1.148746E-007, 1.148210E-007, -3.175784E-011, -1.106140E-013, 2.150400E+004 1.570926E+074 2.150400E+004, Wed Oct 07 21:07:58 2015
1.75, 1.80, 1.12, 1.80 , -1.276837E-007, 1.276210E-007, -3.008066E-011, -1.092080E-013, 2.150400E+004 1.570926E+074 2.150400E+004, Wed Oct 07 21:08:02 2015
1.75, 1.80, 1.10, 1.80 , -1.406495E-007, 1.406360E-007, -3.188363E-011, -1.207950E-013, 2.150400E+004 1.570926E+074 2.150400E+004, Wed Oct 07 21:08:05 2015
1.75, 1.80, 1.08, 1.80 , -1.537341E-007, 1.536850E-007, -3.301572E-011, -1.152160E-013, 2.150400E+004 1.570926E+074 2.150400E+004, Wed Oct 07 21:08:09 2015
1.75, 1.80, 1.06, 1.80 , -1.668618E-007, 1.667880E-007, -3.179977E-011, -9.970670E-014, 2.150400E+004 1.570926E+074 2.150400E+004, Wed Oct 07 21:08:12 2015
1.75, 1.80, 1.04, 1.80 , -1.800135E-007, 1.799320E-007, -3.280609E-011, -1.032710E-013, 2.150400E+004 1.570926E+074 2.150400E+004, Wed Oct 07 21:08:16 2015
1.75, 1.80, 1.02, 1.80 , -1.930905E-007, 1.930770E-007, -3.146433E-011, -1.061920E-013, 2.150400E+004 1.570926E+074 2.150400E+004, Wed Oct 07 21:08:19 2015
1.75, 1.80, 1.00, 1.80 , -2.062017E-007, 2.061750E-007, -3.247065E-011, -9.552240E-014, 2.150400E+004 1.570926E+074 2.150400E+004, Wed Oct 07 21:08:23 2015
1.75, 1.80, 0.98, 1.80 , -2.192310E-007, 2.192380E-007, -2.920014E-011, -9.595160E-014, 2.150400E+004 1.570926E+074 2.150400E+004, Wed Oct 07 21:08:27 2015
1.75, 1.80, 0.96, 1.80 , -2.323002E-007, 2.322540E-007, -3.154820E-011, -9.803770E-014, 2.150400E+004 1.570926E+074 2.150400E+004, Wed Oct 07 21:08:30 2015
1.75, 1.80, 0.94, 1.80 , -2.452507E-007, 2.452310E-007, -3.259644E-011, -1.227500E-013, 2.150400E+004 1.570926E+074 2.150400E+004, Wed Oct 07 21:08:34 2015
1.75, 1.80, 0.92, 1.80 , -2.581554E-007, 2.581280E-007, -3.205135E-011, -1.134400E-013, 2.150400E+004 1.570926E+074 2.150400E+004, Wed Oct 07 21:08:37 2015
1.75, 1.80, 0.90, 1.80 , -2.709708E-007, 2.709310E-007, -3.154820E-011, -9.512900E-014, 2.150400E+004 1.570926E+074 2.150400E+004, Wed Oct 07 21:08:41 2015
1.75, 1.80, 0.88, 1.80 , -2.836389E-007, 2.836210E-007, -3.515413E-011, -1.139280E-013, 2.150400E+004 1.570926E+074 2.150400E+004, Wed Oct 07 21:08:44 2015
1.75, 1.80, 0.86, 1.80 , -2.962513E-007, 2.961680E-007, -3.393818E-011, -8.935930E-014, 2.150400E+004 1.570926E+074 2.150400E+004, Wed Oct 07 21:08:48 2015
1.75, 1.80, 0.84, 1.80 , -3.088142E-007, 3.087870E-007, -3.339310E-011, -1.125930E-013, 2.150400E+004 1.570926E+074 2.150400E+004, Wed Oct 07 21:08:51 2015
1.75, 1.80, 0.82, 1.80 , -3.213019E-007, 3.212190E-007, -3.251258E-011, -1.093510E-013, 2.150400E+004 1.570926E+074 2.150400E+004, Wed Oct 07 21:08:55 2015
1.75, 1.80, 0.80, 1.80 , -3.335741E-007, 3.336030E-007, -3.385433E-011, -1.082540E-013, 2.150400E+004 1.570926E+074 2.150400E+004, Wed Oct 07 21:08:59 2015
1.75, 1.80, 0.78, 1.80 , -3.458900E-007, 3.458010E-007, -3.339310E-011, -9.888410E-014, 2.150400E+004 1.570926E+074 2.150400E+004, Wed Oct 07 21:09:02 2015
1.75, 1.80, 0.76, 1.80 , -3.579412E-007, 3.579700E-007, -3.511222E-011, -1.061800E-013, 2.150400E+004 1.570926E+074 2.150400E+004, Wed Oct 07 21:09:06 2015
1.75, 1.80, 0.74, 1.80 , -3.699768E-007, 3.700250E-007, -3.502834E-011, -9.744170E-014, 2.150400E+004 1.570926E+074 2.150400E+004, Wed Oct 07 21:09:09 2015
1.75, 1.80, 0.72, 1.80 , -3.818766E-007, 3.818200E-007, -3.469292E-011, -1.026150E-013, 2.150400E+004 1.570926E+074 2.150400E+004, Wed Oct 07 21:09:13 2015
1.75, 1.80, 0.70, 1.80 , -3.936843E-007, 3.936530E-007, -3.402204E-011, -1.053330E-013, 2.150400E+004 1.570926E+074 2.150400E+004, Wed Oct 07 21:09:16 2015
1.75, 1.80, 0.68, 1.80 , -4.053889E-007, 4.053240E-007, -3.372854E-011, -1.119730E-013, 2.150400E+004 1.570926E+074 2.150400E+004, Wed Oct 07 21:09:20 2015
1.75, 1.80, 0.66, 1.80 , -4.169794E-007, 4.169770E-007, -3.339311E-011, -1.047250E-013, 2.150400E+004 1.570926E+074 2.150400E+004, Wed Oct 07 21:09:23 2015
1.75, 1.80, 0.64, 1.80 , -4.286375E-007, 4.285380E-007, -3.431554E-011, -1.070860E-013, 2.150400E+004 1.570926E+074 2.150400E+004, Wed Oct 07 21:09:27 2015
1.75, 1.80, 0.62, 1.80 , -4.398062E-007, 4.398260E-007, -3.502836E-011, -1.135230E-013, 2.150400E+004 1.570926E+074 2.150400E+004, Wed Oct 07 21:09:31 2015
1.75, 1.80, 0.60, 1.80 , -4.511041E-007, 4.510490E-007, -3.385432E-011, -1.019240E-013, 2.150400E+004 1.570926E+074 2.150400E+004, Wed Oct 07 21:09:34 2015
1.75, 1.80, 0.58, 1.80 , -4.622019E-007, 4.621860E-007, -3.569923E-011, -1.201630E-013, 2.150400E+004 1.570926E+074 2.150400E+004, Wed Oct 07 21:09:38 2015
1.75, 1.80, 0.56, 1.80 , -4.732740E-007, 4.732270E-007, -3.389625E-011, -9.014610E-014, 2.150400E+004 1.570926E+074 2.150400E+004, Wed Oct 07 21:09:41 2015
1.75, 1.80, 0.54, 1.80 , -4.843187E-007, 4.842280E-007, -3.439940E-011, -1.071810E-013, 2.150400E+004 1.570926E+074 2.150400E+004, Wed Oct 07 21:09:45 2015
1.75, 1.80, 0.52, 1.80 , -4.949829E-007, 4.949740E-007, -3.473485E-011, -9.822850E-014, 2.150400E+004 1.570926E+074 2.150400E+004, Wed Oct 07 21:09:48 2015
1.75, 1.80, 0.50, 1.80 , -5.058361E-007, 5.057920E-007, -3.737640E-011, -1.126770E-013, 2.150400E+004 1.570926E+074 2.150400E+004, Wed Oct 07 21:09:52 2015
1.75, 1.80, 0.48, 1.80 , -5.164360E-007, 5.164470E-007, -3.704096E-011, -1.012330E-013, 2.150400E+004 1.570926E+074 2.150400E+004, Wed Oct 07 21:09:55 2015
1.75, 1.80, 0.46, 1.80 , -5.268624E-007, 5.268230E-007, -3.502834E-011, -8.454320E-014, 2.150400E+004 1.570926E+074 2.150400E+004, Wed Oct 07 21:09:59 2015
1.75, 1.80, 0.44, 1.80 , -5.372359E-007, 5.372040E-007, -3.507028E-011, -1.033900E-013, 2.150400E+004 1.570926E+074 2.150400E+004, Wed Oct 07 21:10:03 2015
1.75, 1.80, 0.42, 1.80 , -5.475670E-007, 5.476010E-007, -3.666360E-011, -1.077180E-013, 2.150400E+004 1.570926E+074 2.150400E+004, Wed Oct 07 21:10:06 2015
1.75, 1.80, 0.40, 1.80 , -5.576391E-007, 5.577420E-007, -3.603466E-011, -1.015780E-013, 2.150400E+004 1.570926E+074 2.150400E+004, Wed Oct 07 21:10:10 2015
1.75, 1.80, 0.38, 1.80 , -5.679493E-007, 5.678700E-007, -3.720870E-011, -1.126290E-013, 2.150400E+004 1.570926E+074 2.150400E+004, Wed Oct 07 21:10:13 2015
1.75, 1.80, 0.36, 1.80 , -5.779592E-007, 5.779330E-007, -3.662167E-011, -1.116510E-013, 2.150400E+004 1.570926E+074 2.150400E+004, Wed Oct 07 21:10:17 2015
1.75, 1.80, 0.34, 1.80 , -5.878688E-007, 5.877910E-007, -3.632817E-011, -1.078840E-013, 2.150400E+004 1.570926E+074 2.150400E+004, Wed Oct 07 21:10:20 2015
1.75, 1.80, 0.32, 1.80 , -5.976588E-007, 5.976150E-007, -4.010182E-011, -1.131180E-013, 2.150400E+004 1.570926E+074 2.150400E+004, Wed Oct 07 21:10:24 2015
1.75, 1.80, 0.30, 1.80 , -6.073630E-007, 6.073460E-007, -3.704096E-011, -9.346010E-014, 2.150400E+004 1.570926E+074 2.150400E+004, Wed Oct 07 21:10:27 2015
1.75, 1.80, 0.28, 1.80 , -6.169056E-007, 6.169150E-007, -3.821502E-011, -1.306060E-013, 2.150400E+004 1.570926E+074 2.150400E+004, Wed Oct 07 21:10:31 2015
1.75, 1.80, 0.26, 1.80 , -6.265293E-007, 6.265510E-007, -3.473485E-011, -1.021860E-013, 2.150400E+004 1.570926E+074 2.150400E+004, Wed Oct 07 21:10:35 2015
1.75, 1.80, 0.24, 1.80 , -6.359846E-007, 6.358890E-007, -3.708290E-011, -1.213070E-013, 2.150400E+004 1.570926E+074 2.150400E+004, Wed Oct 07 21:10:38 2015
1.75, 1.80, 0.22, 1.80 , -6.454720E-007, 6.454430E-007, -3.725062E-011, -9.828810E-014, 2.150400E+004 1.570926E+074 2.150400E+004, Wed Oct 07 21:10:42 2015
1.75, 1.80, 0.20, 1.80 , -6.548578E-007, 6.547150E-007, -3.838272E-011, -1.218440E-013, 2.150400E+004 1.570926E+074 2.150400E+004, Wed Oct 07 21:10:45 2015
1.75, 1.80, 0.18, 1.80 , -6.638424E-007, 6.638760E-007, -3.947288E-011, -1.001830E-013, 2.150400E+004 1.570926E+074 2.150400E+004, Wed Oct 07 21:10:49 2015
1.75, 1.80, 0.16, 1.80 , -6.731975E-007, 6.731150E-007, -3.955674E-011, -9.652380E-014, 2.150400E+004 1.570926E+074 2.150400E+004, Wed Oct 07 21:10:52 2015
1.75, 1.80, 0.14, 1.80 , -6.821251E-007, 6.820310E-007, -3.951480E-011, -1.137260E-013, 2.150400E+004 1.570926E+074 2.150400E+004, Wed Oct 07 21:10:56 2015
1.75, 1.80, 0.12, 1.80 , -6.911673E-007, 6.911000E-007, -3.754413E-011, -7.934570E-014, 2.150400E+004 1.570926E+074 2.150400E+004, Wed Oct 07 21:10:59 2015
1.75, 1.80, 0.10, 1.80 , -6.998844E-007, 6.998440E-007, -3.775378E-011, -1.211760E-013, 2.150400E+004 1.570926E+074 2.150400E+004, Wed Oct 07 21:11:03 2015
1.75, 1.80, 0.08, 1.80 , -7.088233E-007, 7.086610E-007, -3.863429E-011, -1.124020E-013, 2.150400E+004 1.570926E+074 2.150400E+004, Wed Oct 07 21:11:07 2015
1.75, 1.80, 0.06, 1.80 , -7.173629E-007, 7.173490E-007, -3.901167E-011, -1.116040E-013, 2.150400E+004 1.570926E+074 2.150400E+004, Wed Oct 07 21:11:10 2015
1.75, 1.80, 0.04, 1.80 , -7.259435E-007, 7.258690E-007, -3.997604E-011, -9.020570E-014, 2.150400E+004 1.570926E+074 2.150400E+004, Wed Oct 07 21:11:14 2015
1.75, 1.80, 0.02, 1.80 , -7.344327E-007, 7.343560E-007, -3.926324E-011, -1.164560E-013, 2.150400E+004 1.570926E+074 2.150400E+004, Wed Oct 07 21:11:17 2015
1.75, 1.80, 0.00, 1.80 , -7.426751E-007, 7.426530E-007, -3.746026E-011, -9.899140E-014, 2.150400E+004 1.570926E+074 2.150400E+004, Wed Oct 07 21:11:21 2015
1.75, 1.80, -0.02, 1.80 , -7.510302E-007, 7.509290E-007, -4.278530E-011, -1.027350E-013, 2.150400E+004 1.570926E+074 2.150400E+004, Wed Oct 07 21:11:24 2015
1.75, 1.80, -0.04, 1.80 , -7.591672E-007, 7.591580E-007, -3.863429E-011, -1.191620E-013, 2.150400E+004 1.570926E+074 2.150400E+004, Wed Oct 07 21:11:28 2015
1.75, 1.80, -0.06, 1.80 , -7.672588E-007, 7.671080E-007, -3.993410E-011, -9.666680E-014, 2.150400E+004 1.570926E+074 2.150400E+004, Wed Oct 07 21:11:31 2015
1.75, 1.80, -0.08, 1.80 , -7.753524E-007, 7.753450E-007, -3.888586E-011, -8.919240E-014, 2.150400E+004 1.570926E+074 2.150400E+004, Wed Oct 07 21:11:35 2015
1.75, 1.80, -0.10, 1.80 , -7.834144E-007, 7.833480E-007, -3.997604E-011, -1.031880E-013, 2.150400E+004 1.570926E+074 2.150400E+004, Wed Oct 07 21:11:39 2015
1.75, 1.80, -0.12, 1.80 , -7.912355E-007, 7.912370E-007, -3.985025E-011, -1.027820E-013, 2.150400E+004 1.570926E+074 2.150400E+004, Wed Oct 07 21:11:42 2015
1.75, 1.80, -0.14, 1.80 , -7.989386E-007, 7.988570E-007, -4.115007E-011, -1.164670E-013, 2.150400E+004 1.570926E+074 2.150400E+004, Wed Oct 07 21:11:46 2015
1.75, 1.80, -0.16, 1.80 , -8.067210E-007, 8.067380E-007, -4.056306E-011, -8.991960E-014, 2.150400E+004 1.570926E+074 2.150400E+004, Wed Oct 07 21:11:49 2015
1.75, 1.80, -0.18, 1.80 , -8.142981E-007, 8.143010E-007, -3.938903E-011, -7.840400E-014, 2.150400E+004 1.570926E+074 2.150400E+004, Wed Oct 07 21:11:53 2015
1.75, 1.80, -0.20, 1.80 , -8.219625E-007, 8.218630E-007, -4.052111E-011, -8.748770E-014, 2.150400E+004 1.570926E+074 2.150400E+004, Wed Oct 07 21:11:56 2015
