1.80, 1.80, 1.80, 1.80 , -2.279666E-011, 1.168500E-012, -3.967937E-013, -7.712840E-014, 2.150400E+004 1.570926E+074 2.150400E+004, Wed Oct 07 21:36:22 2015
1.75, 1.80, 1.80, 1.80 , -2.634146E-011, 1.155830E-012, -1.314211E-011, -9.646420E-014, 2.150400E+004 1.570926E+074 2.150400E+004, Wed Oct 07 21:36:35 2015
1.70, 1.80, 1.80, 1.80 , -2.950646E-011, 1.243390E-012, -1.280672E-011, -1.083850E-013, 2.150400E+004 1.570926E+074 2.150400E+004, Wed Oct 07 21:36:47 2015
1.65, 1.80, 1.80, 1.80 , -2.764965E-011, 1.391880E-012, -1.175858E-011, -1.020670E-013, 2.150400E+004 1.570926E+074 2.150400E+004, Wed Oct 07 21:36:51 2015
1.60, 1.80, 1.80, 1.80 , -2.997067E-011, 1.481660E-012, -1.553187E-011, -9.648800E-014, 2.150400E+004 1.570926E+074 2.150400E+004, Wed Oct 07 21:36:58 2015
1.55, 1.80, 1.80, 1.80 , -3.030827E-011, 1.567410E-012, -1.272286E-011, -9.340050E-014, 2.150400E+004 1.570926E+074 2.150400E+004, Wed Oct 07 21:37:12 2015
1.50, 1.80, 1.80, 1.80 , -2.971749E-011, 1.588360E-012, -9.662302E-012, -8.879900E-014, 2.150400E+004 1.570926E+074 2.150400E+004, Wed Oct 07 21:37:20 2015
1.45, 1.80, 1.80, 1.80 , -3.085687E-011, 1.742490E-012, -1.389677E-011, -8.611680E-014, 2.150400E+004 1.570926E+074 2.150400E+004, Wed Oct 07 21:37:32 2015
1.40, 1.80, 1.80, 1.80 , -3.073027E-011, 1.837000E-012, -1.213591E-011, -1.119610E-013, 2.150400E+004 1.570926E+074 2.150400E+004, Wed Oct 07 21:37:54 2015
1.35, 1.80, 1.80, 1.80 , -3.013949E-011, 1.867490E-012, -1.175858E-011, -1.218200E-013, 2.150400E+004 1.570926E+074 2.150400E+004, Wed Oct 07 21:38:01 2015
1.30, 1.80, 1.80, 1.80 , -3.013950E-011, 2.001190E-012, -1.226168E-011, -1.063230E-013, 2.150400E+004 1.570926E+074 2.150400E+004, Wed Oct 07 21:38:11 2015
1.25, 1.80, 1.80, 1.80 , -3.229170E-011, 2.025130E-012, -1.071045E-011, -1.085160E-013, 2.150400E+004 1.570926E+074 2.150400E+004, Wed Oct 07 21:38:23 2015
1.20, 1.80, 1.80, 1.80 , -3.440171E-011, 2.192740E-012, -1.045889E-011, -1.120690E-013, 2.150400E+004 1.570926E+074 2.150400E+004, Wed Oct 07 21:38:28 2015
1.15, 1.80, 1.80, 1.80 , -3.292471E-011, 2.203560E-012, -1.033311E-011, -1.047850E-013, 2.150400E+004 1.570926E+074 2.150400E+004, Wed Oct 07 21:38:36 2015
1.10, 1.80, 1.80, 1.80 , -3.284031E-011, 2.206850E-012, -1.024925E-011, -1.092200E-013, 2.150400E+004 1.570926E+074 2.150400E+004, Wed Oct 07 21:38:47 2015
1.05, 1.80, 1.80, 1.80 , -3.495032E-011, 2.412690E-012, -1.037504E-011, -1.067880E-013, 2.150400E+004 1.570926E+074 2.150400E+004, Wed Oct 07 21:38:52 2015
1.00, 1.80, 1.80, 1.80 , -3.545671E-011, 2.488460E-012, -1.087814E-011, -1.016860E-013, 2.150400E+004 1.570926E+074 2.150400E+004, Wed Oct 07 21:38:58 2015
0.95, 1.80, 1.80, 1.80 , -3.562549E-011, 2.491310E-012, -9.326900E-012, -1.021740E-013, 2.150400E+004 1.570926E+074 2.150400E+004, Wed Oct 07 21:39:03 2015
0.90, 1.80, 1.80, 1.80 , -3.461269E-011, 2.568890E-012, -9.997718E-012, -9.830000E-014, 2.150400E+004 1.570926E+074 2.150400E+004, Wed Oct 07 21:39:12 2015
0.85, 1.80, 1.80, 1.80 , -3.613191E-011, 2.589480E-012, -1.096200E-011, -1.217720E-013, 2.150400E+004 1.570926E+074 2.150400E+004, Wed Oct 07 21:39:21 2015
0.80, 1.80, 1.80, 1.80 , -3.596309E-011, 2.703360E-012, -8.069144E-012, -1.132130E-013, 2.150400E+004 1.570926E+074 2.150400E+004, Wed Oct 07 21:39:31 2015
0.75, 1.80, 1.80, 1.80 , -3.819971E-011, 2.770630E-012, -6.517904E-012, -9.033680E-014, 2.150400E+004 1.570926E+074 2.150400E+004, Wed Oct 07 21:39:36 2015
0.70, 1.80, 1.80, 1.80 , -3.701811E-011, 2.808960E-012, -1.003964E-011, -1.088020E-013, 2.150400E+004 1.570926E+074 2.150400E+004, Wed Oct 07 21:39:51 2015
0.65, 1.80, 1.80, 1.80 , -3.760895E-011, 2.833560E-012, -6.643677E-012, -1.008390E-013, 2.150400E+004 1.570926E+074 2.150400E+004, Wed Oct 07 21:39:58 2015
0.60, 1.80, 1.80, 1.80 , -3.836854E-011, 2.937520E-012, -8.404537E-012, -1.034140E-013, 2.150400E+004 1.570926E+074 2.150400E+004, Wed Oct 07 21:40:06 2015
0.55, 1.80, 1.80, 1.80 , -4.102714E-011, 2.972950E-012, -6.727516E-012, -1.127240E-013, 2.150400E+004 1.570926E+074 2.150400E+004, Wed Oct 07 21:40:14 2015
0.50, 1.80, 1.80, 1.80 , -3.879055E-011, 3.012310E-012, -6.350202E-012, -9.647610E-014, 2.150400E+004 1.570926E+074 2.150400E+004, Wed Oct 07 21:40:23 2015
0.45, 1.80, 1.80, 1.80 , -3.739793E-011, 3.054870E-012, -5.763244E-012, -1.068710E-013, 2.150400E+004 1.570926E+074 2.150400E+004, Wed Oct 07 21:40:34 2015
0.40, 1.80, 1.80, 1.80 , -4.001433E-011, 3.046490E-012, -1.041696E-011, -9.608270E-014, 2.150400E+004 1.570926E+074 2.150400E+004, Wed Oct 07 21:40:47 2015
0.35, 1.80, 1.80, 1.80 , -4.149134E-011, 3.161780E-012, -4.337794E-012, -9.776350E-014, 2.150400E+004 1.570926E+074 2.150400E+004, Wed Oct 07 21:40:52 2015
0.30, 1.80, 1.80, 1.80 , -4.018311E-011, 3.232440E-012, -4.421626E-012, -1.052620E-013, 2.150400E+004 1.570926E+074 2.150400E+004, Wed Oct 07 21:40:57 2015
0.25, 1.80, 1.80, 1.80 , -4.241974E-011, 3.301120E-012, -4.715112E-012, -8.960960E-014, 2.150400E+004 1.570926E+074 2.150400E+004, Wed Oct 07 21:41:02 2015
0.20, 1.80, 1.80, 1.80 , -4.313717E-011, 3.406970E-012, -3.583129E-012, -1.101370E-013, 2.150400E+004 1.570926E+074 2.150400E+004, Wed Oct 07 21:41:07 2015
0.15, 1.80, 1.80, 1.80 , -4.423437E-011, 3.455250E-012, -4.253927E-012, -1.016020E-013, 2.150400E+004 1.570926E+074 2.150400E+004, Wed Oct 07 21:41:16 2015
0.10, 1.80, 1.80, 1.80 , -4.322154E-011, 3.442730E-012, -2.828460E-012, -1.135590E-013, 2.150400E+004 1.570926E+074 2.150400E+004, Wed Oct 07 21:41:22 2015
0.05, 1.80, 1.80, 1.80 , -4.326374E-011, 3.593060E-012, -3.967972E-013, -9.611850E-014, 2.150400E+004 1.570926E+074 2.150400E+004, Wed Oct 07 21:41:27 2015
0.00, 1.80, 1.80, 1.80 , -4.263075E-011, 3.570470E-012, -3.129528E-013, -1.022580E-013, 2.150400E+004 1.570926E+074 2.150400E+004, Wed Oct 07 21:41:33 2015
-0.05, 1.80, 1.80, 1.80 , -4.663975E-011, 3.653980E-012, -1.780340E-012, -9.114740E-014, 2.150400E+004 1.570926E+074 2.150400E+004, Wed Oct 07 21:41:39 2015
-0.10, 1.80, 1.80, 1.80 , -4.423436E-011, 3.708730E-012, -1.906126E-012, -1.046780E-013, 2.150400E+004 1.570926E+074 2.150400E+004, Wed Oct 07 21:41:44 2015
-0.15, 1.80, 1.80, 1.80 , -4.436095E-011, 3.728010E-012, -1.654565E-012, -1.021030E-013, 2.150400E+004 1.570926E+074 2.150400E+004, Wed Oct 07 21:42:05 2015
-0.20, 1.80, 1.80, 1.80 , -4.414995E-011, 3.668050E-012, -2.283453E-012, -9.397270E-014, 2.150400E+004 1.570926E+074 2.150400E+004, Wed Oct 07 21:42:22 2015
