1.80, 1.80, 1.00, 1.80 , 5.350566E-012, -3.307400E-012, -3.070936E-011, -9.186270E-014, 2.150400E+004 1.570926E+074 2.150400E+004, Mon Oct 12 21:58:31 2015
1.75, 1.80, 1.00, 1.80 , -3.642153E-008, 3.590820E-008, -3.054166E-011, -7.482770E-014, 2.150400E+004 1.570926E+074 2.150400E+004, Mon Oct 12 21:58:38 2015
1.70, 1.80, 1.00, 1.80 , -1.211576E-007, 1.211260E-007, -3.024815E-011, -1.022460E-013, 2.150400E+004 1.570926E+074 2.150400E+004, Mon Oct 12 21:58:41 2015
1.65, 1.80, 1.00, 1.80 , -2.033133E-007, 2.031100E-007, -3.045779E-011, -9.638070E-014, 2.150400E+004 1.570926E+074 2.150400E+004, Mon Oct 12 21:58:46 2015
1.60, 1.80, 1.00, 1.80 , -2.554578E-007, 2.550980E-007, -3.112865E-011, -1.025560E-013, 2.150400E+004 1.570926E+074 2.150400E+004, Mon Oct 12 21:58:52 2015
1.55, 1.80, 1.00, 1.80 , -2.816028E-007, 2.811460E-007, -3.259613E-011, -9.487870E-014, 2.150400E+004 1.570926E+074 2.150400E+004, Mon Oct 12 21:58:59 2015
1.50, 1.80, 1.00, 1.80 , -2.943771E-007, 2.937170E-007, -3.142214E-011, -7.569790E-014, 2.150400E+004 1.570926E+074 2.150400E+004, Mon Oct 12 21:59:03 2015
1.45, 1.80, 1.00, 1.80 , -2.921415E-007, 2.919230E-007, -3.284770E-011, -6.942750E-014, 2.150400E+004 1.570926E+074 2.150400E+004, Mon Oct 12 21:59:08 2015
1.40, 1.80, 1.00, 1.80 , -2.886859E-007, 2.883690E-007, -3.158985E-011, -1.007680E-013, 2.150400E+004 1.570926E+074 2.150400E+004, Mon Oct 12 21:59:11 2015
1.35, 1.80, 1.00, 1.80 , -2.843562E-007, 2.839020E-007, -3.179950E-011, -8.579490E-014, 2.150400E+004 1.570926E+074 2.150400E+004, Mon Oct 12 21:59:15 2015
1.30, 1.80, 1.00, 1.80 , -2.801779E-007, 2.799100E-007, -3.079322E-011, -8.436440E-014, 2.150400E+004 1.570926E+074 2.150400E+004, Mon Oct 12 21:59:19 2015
1.25, 1.80, 1.00, 1.80 , -2.764695E-007, 2.764220E-007, -2.861295E-011, -1.000520E-013, 2.150400E+004 1.570926E+074 2.150400E+004, Mon Oct 12 21:59:22 2015
1.20, 1.80, 1.00, 1.80 , -2.740842E-007, 2.739560E-007, -3.247036E-011, -8.029940E-014, 2.150400E+004 1.570926E+074 2.150400E+004, Mon Oct 12 21:59:26 2015
1.15, 1.80, 1.00, 1.80 , -2.718907E-007, 2.718770E-007, -3.037394E-011, -8.341070E-014, 2.150400E+004 1.570926E+074 2.150400E+004, Mon Oct 12 21:59:29 2015
1.10, 1.80, 1.00, 1.80 , -2.700964E-007, 2.701720E-007, -3.364434E-011, -9.803770E-014, 2.150400E+004 1.570926E+074 2.150400E+004, Mon Oct 12 21:59:33 2015
1.05, 1.80, 1.00, 1.80 , -2.684741E-007, 2.684220E-007, -3.175757E-011, -1.050830E-013, 2.150400E+004 1.570926E+074 2.150400E+004, Mon Oct 12 21:59:36 2015
1.00, 1.80, 1.00, 1.80 , -2.670593E-007, 2.668310E-007, -3.255421E-011, -1.189470E-013, 2.150400E+004 1.570926E+074 2.150400E+004, Mon Oct 12 21:59:40 2015
0.95, 1.80, 1.00, 1.80 , -2.657233E-007, 2.657080E-007, -3.125443E-011, -8.744000E-014, 2.150400E+004 1.570926E+074 2.150400E+004, Mon Oct 12 21:59:43 2015
0.90, 1.80, 1.00, 1.80 , -2.647925E-007, 2.645960E-007, -3.096094E-011, -8.019210E-014, 2.150400E+004 1.570926E+074 2.150400E+004, Mon Oct 12 21:59:47 2015
0.85, 1.80, 1.00, 1.80 , -2.632327E-007, 2.632610E-007, -3.029008E-011, -1.020070E-013, 2.150400E+004 1.570926E+074 2.150400E+004, Mon Oct 12 21:59:51 2015
0.80, 1.80, 1.00, 1.80 , -2.622644E-007, 2.623800E-007, -3.167372E-011, -9.697680E-014, 2.150400E+004 1.570926E+074 2.150400E+004, Mon Oct 12 21:59:54 2015
0.75, 1.80, 1.00, 1.80 , -2.613769E-007, 2.614180E-007, -3.104479E-011, -9.129050E-014, 2.150400E+004 1.570926E+074 2.150400E+004, Mon Oct 12 21:59:58 2015
0.70, 1.80, 1.00, 1.80 , -2.606169E-007, 2.606360E-007, -3.045780E-011, -8.116960E-014, 2.150400E+004 1.570926E+074 2.150400E+004, Mon Oct 12 22:00:01 2015
0.65, 1.80, 1.00, 1.80 , -2.594964E-007, 2.596110E-007, -3.297349E-011, -8.819100E-014, 2.150400E+004 1.570926E+074 2.150400E+004, Mon Oct 12 22:00:05 2015
0.60, 1.80, 1.00, 1.80 , -2.589133E-007, 2.588780E-007, -2.982887E-011, -9.881260E-014, 2.150400E+004 1.570926E+074 2.150400E+004, Mon Oct 12 22:00:08 2015
0.55, 1.80, 1.00, 1.80 , -2.589067E-007, 2.590590E-007, -3.368627E-011, -1.024840E-013, 2.150400E+004 1.570926E+074 2.150400E+004, Mon Oct 12 22:00:12 2015
0.50, 1.80, 1.00, 1.80 , -2.608059E-007, 2.608070E-007, -3.226072E-011, -1.004930E-013, 2.150400E+004 1.570926E+074 2.150400E+004, Mon Oct 12 22:00:15 2015
0.45, 1.80, 1.00, 1.80 , -2.656818E-007, 2.657550E-007, -3.326699E-011, -8.214710E-014, 2.150400E+004 1.570926E+074 2.150400E+004, Mon Oct 12 22:00:19 2015
0.40, 1.80, 1.00, 1.80 , -3.059971E-007, 3.067550E-007, -3.251229E-011, -8.225440E-014, 2.150400E+004 1.570926E+074 2.150400E+004, Mon Oct 12 22:00:29 2015
0.35, 1.80, 1.00, 1.80 , -3.441787E-007, 3.447020E-007, -2.878067E-011, -8.795260E-014, 2.150400E+004 1.570926E+074 2.150400E+004, Mon Oct 12 22:00:35 2015
0.30, 1.80, 1.00, 1.80 , -3.722365E-007, 3.732780E-007, -3.058358E-011, -9.967090E-014, 2.150400E+004 1.570926E+074 2.150400E+004, Mon Oct 12 22:00:38 2015
0.25, 1.80, 1.00, 1.80 , -3.954401E-007, 3.944140E-007, -2.974502E-011, -9.119510E-014, 2.150400E+004 1.570926E+074 2.150400E+004, Mon Oct 12 22:00:42 2015
0.20, 1.80, 1.00, 1.80 , -4.118255E-007, 4.122130E-007, -3.108672E-011, -9.922980E-014, 2.150400E+004 1.570926E+074 2.150400E+004, Mon Oct 12 22:00:46 2015
0.15, 1.80, 1.00, 1.80 , -4.220067E-007, 4.218880E-007, -3.125444E-011, -9.293560E-014, 2.150400E+004 1.570926E+074 2.150400E+004, Mon Oct 12 22:00:49 2015
0.10, 1.80, 1.00, 1.80 , -4.321230E-007, 4.336230E-007, -3.033201E-011, -8.243320E-014, 2.150400E+004 1.570926E+074 2.150400E+004, Mon Oct 12 22:00:53 2015
0.05, 1.80, 1.00, 1.80 , -4.480211E-007, 4.486050E-007, -3.247035E-011, -1.069550E-013, 2.150400E+004 1.570926E+074 2.150400E+004, Mon Oct 12 22:00:56 2015
0.00, 1.80, 1.00, 1.80 , -4.669834E-007, 4.678110E-007, -3.184143E-011, -9.086130E-014, 2.150400E+004 1.570926E+074 2.150400E+004, Mon Oct 12 22:01:00 2015
-0.05, 1.80, 1.00, 1.80 , -5.006771E-007, 4.997670E-007, -3.108672E-011, -9.949210E-014, 2.150400E+004 1.570926E+074 2.150400E+004, Mon Oct 12 22:01:03 2015
-0.10, 1.80, 1.00, 1.80 , -5.364615E-007, 5.351650E-007, -3.083515E-011, -9.229180E-014, 2.150400E+004 1.570926E+074 2.150400E+004, Mon Oct 12 22:01:07 2015
-0.15, 1.80, 1.00, 1.80 , -5.663412E-007, 5.662780E-007, -3.029009E-011, -1.027940E-013, 2.150400E+004 1.570926E+074 2.150400E+004, Mon Oct 12 22:01:10 2015
-0.20, 1.80, 1.00, 1.80 , -6.008724E-007, 6.013460E-007, -3.209299E-011, -8.704660E-014, 2.150400E+004 1.570926E+074 2.150400E+004, Mon Oct 12 22:01:14 2015
