1.80, 1.80, 0.60, 1.80 , 6.405441E-012, 3.275820E-010, -7.968259E-011, 5.686600E-010, 2.150400E+004 1.570926E+074 2.150400E+004, Sun Aug 16 22:24:59 2015
1.75, 1.80, 0.60, 1.80 , -5.989665E-008, 6.017540E-008, -8.605587E-011, 5.579750E-010, 2.150400E+004 1.570926E+074 2.150400E+004, Sun Aug 16 22:25:04 2015
1.70, 1.80, 0.60, 1.80 , -1.105016E-007, 1.108760E-007, -6.450435E-011, 5.555750E-010, 2.150400E+004 1.570926E+074 2.150400E+004, Sun Aug 16 22:25:07 2015
1.65, 1.80, 0.60, 1.80 , -1.519435E-007, 1.523660E-007, -6.823604E-011, 5.599110E-010, 2.150400E+004 1.570926E+074 2.150400E+004, Sun Aug 16 22:25:10 2015
1.60, 1.80, 0.60, 1.80 , -1.844383E-007, 1.846360E-007, -6.257560E-011, 5.491940E-010, 2.150400E+004 1.570926E+074 2.150400E+004, Sun Aug 16 22:25:14 2015
1.55, 1.80, 0.60, 1.80 , -2.089901E-007, 2.092600E-007, -6.106617E-011, 5.450140E-010, 2.150400E+004 1.570926E+074 2.150400E+004, Sun Aug 16 22:25:17 2015
1.50, 1.80, 0.60, 1.80 , -2.262580E-007, 2.266420E-007, -5.905362E-011, 5.515950E-010, 2.150400E+004 1.570926E+074 2.150400E+004, Sun Aug 16 22:25:20 2015
1.45, 1.80, 0.60, 1.80 , -2.368209E-007, 2.372630E-007, -5.951479E-011, 5.596490E-010, 2.150400E+004 1.570926E+074 2.150400E+004, Sun Aug 16 22:25:23 2015
1.40, 1.80, 0.60, 1.80 , -2.437124E-007, 2.438540E-007, -4.605555E-011, 5.768480E-010, 2.150400E+004 1.570926E+074 2.150400E+004, Sun Aug 16 22:25:27 2015
1.35, 1.80, 0.60, 1.80 , -2.469931E-007, 2.471220E-007, -6.291105E-011, 5.831170E-010, 2.150400E+004 1.570926E+074 2.150400E+004, Sun Aug 16 22:25:30 2015
1.30, 1.80, 0.60, 1.80 , -2.482057E-007, 2.486330E-007, -6.492366E-011, 5.791990E-010, 2.150400E+004 1.570926E+074 2.150400E+004, Sun Aug 16 22:25:33 2015
1.25, 1.80, 0.60, 1.80 , -2.490111E-007, 2.489970E-007, -6.639119E-011, 5.862370E-010, 2.150400E+004 1.570926E+074 2.150400E+004, Sun Aug 16 22:25:36 2015
1.20, 1.80, 0.60, 1.80 , -2.494274E-007, 2.496920E-007, -5.389625E-011, 5.873530E-010, 2.150400E+004 1.570926E+074 2.150400E+004, Sun Aug 16 22:25:40 2015
1.15, 1.80, 0.60, 1.80 , -2.496757E-007, 2.502730E-007, -5.980832E-011, 6.026330E-010, 2.150400E+004 1.570926E+074 2.150400E+004, Sun Aug 16 22:25:43 2015
1.10, 1.80, 0.60, 1.80 , -2.500883E-007, 2.505190E-007, -6.513328E-011, 6.255160E-010, 2.150400E+004 1.570926E+074 2.150400E+004, Sun Aug 16 22:25:46 2015
1.05, 1.80, 0.60, 1.80 , -2.497006E-007, 2.500780E-007, -7.691533E-011, 6.253270E-010, 2.150400E+004 1.570926E+074 2.150400E+004, Sun Aug 16 22:25:49 2015
1.00, 1.80, 0.60, 1.80 , -2.495434E-007, 2.497550E-007, -6.395926E-011, 6.343850E-010, 2.150400E+004 1.570926E+074 2.150400E+004, Sun Aug 16 22:25:53 2015
0.95, 1.80, 0.60, 1.80 , -2.497053E-007, 2.500360E-007, -6.173701E-011, 6.131760E-010, 2.150400E+004 1.570926E+074 2.150400E+004, Sun Aug 16 22:25:56 2015
0.90, 1.80, 0.60, 1.80 , -2.498508E-007, 2.499730E-007, -5.871818E-011, 6.225060E-010, 2.150400E+004 1.570926E+074 2.150400E+004, Sun Aug 16 22:25:59 2015
0.85, 1.80, 0.60, 1.80 , -2.493020E-007, 2.498650E-007, -8.005999E-011, 6.406480E-010, 2.150400E+004 1.570926E+074 2.150400E+004, Sun Aug 16 22:26:02 2015
0.80, 1.80, 0.60, 1.80 , -2.497160E-007, 2.496770E-007, -5.804728E-011, 6.287160E-010, 2.150400E+004 1.570926E+074 2.150400E+004, Sun Aug 16 22:26:06 2015
0.75, 1.80, 0.60, 1.80 , -2.496143E-007, 2.499430E-007, -6.123388E-011, 6.638020E-010, 2.150400E+004 1.570926E+074 2.150400E+004, Sun Aug 16 22:26:09 2015
0.70, 1.80, 0.60, 1.80 , -2.502192E-007, 2.503970E-007, -6.085654E-011, 6.579920E-010, 2.150400E+004 1.570926E+074 2.150400E+004, Sun Aug 16 22:26:12 2015
0.65, 1.80, 0.60, 1.80 , -2.504947E-007, 2.505740E-007, -7.490275E-011, 6.644330E-010, 2.150400E+004 1.570926E+074 2.150400E+004, Sun Aug 16 22:26:15 2015
0.60, 1.80, 0.60, 1.80 , -2.503299E-007, 2.506540E-007, -7.037445E-011, 6.583580E-010, 2.150400E+004 1.570926E+074 2.150400E+004, Sun Aug 16 22:26:19 2015
0.55, 1.80, 0.60, 1.80 , -2.502403E-007, 2.504490E-007, -6.567836E-011, 6.338170E-010, 2.150400E+004 1.570926E+074 2.150400E+004, Sun Aug 16 22:26:22 2015
0.50, 1.80, 0.60, 1.80 , -2.508348E-007, 2.507980E-007, -6.806832E-011, 6.309420E-010, 2.150400E+004 1.570926E+074 2.150400E+004, Sun Aug 16 22:26:25 2015
0.45, 1.80, 0.60, 1.80 , -2.501039E-007, 2.505170E-007, -6.261754E-011, 6.442140E-010, 2.150400E+004 1.570926E+074 2.150400E+004, Sun Aug 16 22:26:28 2015
0.40, 1.80, 0.60, 1.80 , -2.504639E-007, 2.504930E-007, -5.167405E-011, 6.516370E-010, 2.150400E+004 1.570926E+074 2.150400E+004, Sun Aug 16 22:26:32 2015
0.35, 1.80, 0.60, 1.80 , -2.509073E-007, 2.506640E-007, -6.790062E-011, 6.480700E-010, 2.150400E+004 1.570926E+074 2.150400E+004, Sun Aug 16 22:26:35 2015
0.30, 1.80, 0.60, 1.80 , -2.508492E-007, 2.508560E-007, -5.175792E-011, 6.471820E-010, 2.150400E+004 1.570926E+074 2.150400E+004, Sun Aug 16 22:26:38 2015
0.25, 1.80, 0.60, 1.80 , -2.505723E-007, 2.506590E-007, -6.479785E-011, 6.272910E-010, 2.150400E+004 1.570926E+074 2.150400E+004, Sun Aug 16 22:26:41 2015
0.20, 1.80, 0.60, 1.80 , -2.509466E-007, 2.511690E-007, -4.672640E-011, 6.171370E-010, 2.150400E+004 1.570926E+074 2.150400E+004, Sun Aug 16 22:26:45 2015
0.15, 1.80, 0.60, 1.80 , -2.510252E-007, 2.510750E-007, -4.119178E-011, 5.983080E-010, 2.150400E+004 1.570926E+074 2.150400E+004, Sun Aug 16 22:26:48 2015
0.10, 1.80, 0.60, 1.80 , -2.512504E-007, 2.514160E-007, -6.060495E-011, 6.101670E-010, 2.150400E+004 1.570926E+074 2.150400E+004, Sun Aug 16 22:26:51 2015
0.05, 1.80, 0.60, 1.80 , -2.506934E-007, 2.512160E-007, -4.215613E-011, 5.723240E-010, 2.150400E+004 1.570926E+074 2.150400E+004, Sun Aug 16 22:26:55 2015
0.00, 1.80, 0.60, 1.80 , -2.510680E-007, 2.510100E-007, -3.989199E-011, 5.224850E-010, 2.150400E+004 1.570926E+074 2.150400E+004, Sun Aug 16 22:26:58 2015
-0.05, 1.80, 0.60, 1.80 , -2.507243E-007, 2.508720E-007, -3.431543E-011, 5.133830E-010, 2.150400E+004 1.570926E+074 2.150400E+004, Sun Aug 16 22:27:01 2015
-0.10, 1.80, 0.60, 1.80 , -2.508088E-007, 2.507720E-007, -4.047902E-011, 5.894560E-010, 2.150400E+004 1.570926E+074 2.150400E+004, Sun Aug 16 22:27:04 2015
-0.15, 1.80, 0.60, 1.80 , -2.510445E-007, 2.511170E-007, -5.532183E-011, 6.181350E-010, 2.150400E+004 1.570926E+074 2.150400E+004, Sun Aug 16 22:27:08 2015
-0.20, 1.80, 0.60, 1.80 , -2.509557E-007, 2.509770E-007, -5.876004E-011, 6.079790E-010, 2.150400E+004 1.570926E+074 2.150400E+004, Sun Aug 16 22:27:11 2015
