1.80, 1.80, 1.00, 1.80 , -1.274476E-012, 3.643290E-010, 7.045600E-011, 4.077980E-010, 2.150400E+004 1.570926E+074 2.150400E+004, Sun Aug 16 22:22:18 2015
1.75, 1.80, 1.00, 1.80 , -3.503819E-009, 3.854270E-009, 6.450268E-011, 4.037780E-010, 2.150400E+004 1.570926E+074 2.150400E+004, Sun Aug 16 22:22:23 2015
1.70, 1.80, 1.00, 1.80 , -4.966023E-009, 5.277240E-009, 8.131446E-011, 4.087080E-010, 2.150400E+004 1.570926E+074 2.150400E+004, Sun Aug 16 22:22:26 2015
1.65, 1.80, 1.00, 1.80 , -5.428742E-009, 5.758150E-009, 7.733174E-011, 4.006590E-010, 2.150400E+004 1.570926E+074 2.150400E+004, Sun Aug 16 22:22:29 2015
1.60, 1.80, 1.00, 1.80 , -5.612264E-009, 5.908080E-009, 8.798066E-011, 4.073590E-010, 2.150400E+004 1.570926E+074 2.150400E+004, Sun Aug 16 22:22:33 2015
1.55, 1.80, 1.00, 1.80 , -5.615685E-009, 5.914240E-009, 1.019836E-010, 4.067960E-010, 2.150400E+004 1.570926E+074 2.150400E+004, Sun Aug 16 22:22:36 2015
1.50, 1.80, 1.00, 1.80 , -5.632985E-009, 5.915110E-009, 9.405979E-011, 4.095680E-010, 2.150400E+004 1.570926E+074 2.150400E+004, Sun Aug 16 22:22:39 2015
1.45, 1.80, 1.00, 1.80 , -5.644670E-009, 5.916220E-009, 8.362042E-011, 4.171370E-010, 2.150400E+004 1.570926E+074 2.150400E+004, Sun Aug 16 22:22:43 2015
1.40, 1.80, 1.00, 1.80 , -5.663248E-009, 5.933070E-009, 8.089528E-011, 4.223420E-010, 2.150400E+004 1.570926E+074 2.150400E+004, Sun Aug 16 22:22:46 2015
1.35, 1.80, 1.00, 1.80 , -5.636534E-009, 5.939160E-009, 8.328502E-011, 4.232130E-010, 2.150400E+004 1.570926E+074 2.150400E+004, Sun Aug 16 22:22:49 2015
1.30, 1.80, 1.00, 1.80 , -5.652983E-009, 5.907150E-009, 8.433318E-011, 4.306060E-010, 2.150400E+004 1.570926E+074 2.150400E+004, Sun Aug 16 22:22:53 2015
1.25, 1.80, 1.00, 1.80 , -5.639110E-009, 5.908120E-009, 8.869329E-011, 4.334270E-010, 2.150400E+004 1.570926E+074 2.150400E+004, Sun Aug 16 22:22:56 2015
1.20, 1.80, 1.00, 1.80 , -5.670504E-009, 5.937980E-009, 8.575869E-011, 4.364480E-010, 2.150400E+004 1.570926E+074 2.150400E+004, Sun Aug 16 22:22:59 2015
1.15, 1.80, 1.00, 1.80 , -5.699029E-009, 5.936700E-009, 9.858768E-011, 4.336320E-010, 2.150400E+004 1.570926E+074 2.150400E+004, Sun Aug 16 22:23:03 2015
1.10, 1.80, 1.00, 1.80 , -5.734519E-009, 5.973150E-009, 9.653348E-011, 4.466700E-010, 2.150400E+004 1.570926E+074 2.150400E+004, Sun Aug 16 22:23:06 2015
1.05, 1.80, 1.00, 1.80 , -5.710508E-009, 5.968440E-009, 9.330513E-011, 4.437330E-010, 2.150400E+004 1.570926E+074 2.150400E+004, Sun Aug 16 22:23:09 2015
1.00, 1.80, 1.00, 1.80 , -5.774229E-009, 5.997400E-009, 9.699454E-011, 4.564390E-010, 2.150400E+004 1.570926E+074 2.150400E+004, Sun Aug 16 22:23:13 2015
0.95, 1.80, 1.00, 1.80 , -5.770600E-009, 5.996000E-009, 8.198537E-011, 4.604430E-010, 2.150400E+004 1.570926E+074 2.150400E+004, Sun Aug 16 22:23:16 2015
0.90, 1.80, 1.00, 1.80 , -5.738147E-009, 5.958530E-009, 9.556904E-011, 4.591980E-010, 2.150400E+004 1.570926E+074 2.150400E+004, Sun Aug 16 22:23:19 2015
0.85, 1.80, 1.00, 1.80 , -5.794396E-009, 5.983970E-009, 8.886115E-011, 4.607030E-010, 2.150400E+004 1.570926E+074 2.150400E+004, Sun Aug 16 22:23:24 2015
0.80, 1.80, 1.00, 1.80 , -5.803392E-009, 5.973650E-009, 8.642935E-011, 4.516880E-010, 2.150400E+004 1.570926E+074 2.150400E+004, Sun Aug 16 22:23:27 2015
0.75, 1.80, 1.00, 1.80 , -5.778875E-009, 5.990350E-009, 1.002645E-010, 4.593220E-010, 2.150400E+004 1.570926E+074 2.150400E+004, Sun Aug 16 22:23:30 2015
0.70, 1.80, 1.00, 1.80 , -5.783931E-009, 5.963770E-009, 8.684863E-011, 4.576590E-010, 2.150400E+004 1.570926E+074 2.150400E+004, Sun Aug 16 22:23:34 2015
0.65, 1.80, 1.00, 1.80 , -5.822715E-009, 5.973880E-009, 1.115844E-010, 4.643010E-010, 2.150400E+004 1.570926E+074 2.150400E+004, Sun Aug 16 22:23:37 2015
0.60, 1.80, 1.00, 1.80 , -5.791147E-009, 5.977140E-009, 9.229903E-011, 4.738400E-010, 2.150400E+004 1.570926E+074 2.150400E+004, Sun Aug 16 22:23:40 2015
0.55, 1.80, 1.00, 1.80 , -5.830311E-009, 5.993800E-009, 9.045419E-011, 4.696010E-010, 2.150400E+004 1.570926E+074 2.150400E+004, Sun Aug 16 22:23:44 2015
0.50, 1.80, 1.00, 1.80 , -5.823054E-009, 5.994400E-009, 1.027382E-010, 4.614960E-010, 2.150400E+004 1.570926E+074 2.150400E+004, Sun Aug 16 22:23:47 2015
0.45, 1.80, 1.00, 1.80 , -5.847653E-009, 6.000630E-009, 9.883920E-011, 4.733920E-010, 2.150400E+004 1.570926E+074 2.150400E+004, Sun Aug 16 22:23:50 2015
0.40, 1.80, 1.00, 1.80 , -5.826384E-009, 5.970570E-009, 1.043313E-010, 4.802850E-010, 2.150400E+004 1.570926E+074 2.150400E+004, Sun Aug 16 22:23:54 2015
0.35, 1.80, 1.00, 1.80 , -5.822925E-009, 5.990690E-009, 9.548527E-011, 4.811170E-010, 2.150400E+004 1.570926E+074 2.150400E+004, Sun Aug 16 22:23:57 2015
0.30, 1.80, 1.00, 1.80 , -5.832380E-009, 5.974720E-009, 1.052118E-010, 4.877620E-010, 2.150400E+004 1.570926E+074 2.150400E+004, Sun Aug 16 22:24:01 2015
0.25, 1.80, 1.00, 1.80 , -5.834489E-009, 5.965850E-009, 1.024866E-010, 4.818280E-010, 2.150400E+004 1.570926E+074 2.150400E+004, Sun Aug 16 22:24:04 2015
0.20, 1.80, 1.00, 1.80 , -5.854107E-009, 5.980670E-009, 9.825227E-011, 4.816380E-010, 2.150400E+004 1.570926E+074 2.150400E+004, Sun Aug 16 22:24:07 2015
0.15, 1.80, 1.00, 1.80 , -5.844492E-009, 5.987830E-009, 9.628172E-011, 4.891310E-010, 2.150400E+004 1.570926E+074 2.150400E+004, Sun Aug 16 22:24:11 2015
0.10, 1.80, 1.00, 1.80 , -5.843264E-009, 5.983320E-009, 9.745563E-011, 4.835630E-010, 2.150400E+004 1.570926E+074 2.150400E+004, Sun Aug 16 22:24:14 2015
0.05, 1.80, 1.00, 1.80 , -5.894293E-009, 5.990040E-009, 1.078949E-010, 4.962780E-010, 2.150400E+004 1.570926E+074 2.150400E+004, Sun Aug 16 22:24:17 2015
0.00, 1.80, 1.00, 1.80 , -5.915089E-009, 6.022330E-009, 1.094042E-010, 4.992660E-010, 2.150400E+004 1.570926E+074 2.150400E+004, Sun Aug 16 22:24:21 2015
-0.05, 1.80, 1.00, 1.80 , -5.889772E-009, 5.997530E-009, 1.034091E-010, 4.981100E-010, 2.150400E+004 1.570926E+074 2.150400E+004, Sun Aug 16 22:24:24 2015
-0.10, 1.80, 1.00, 1.80 , -5.865931E-009, 6.000800E-009, 1.070984E-010, 5.062310E-010, 2.150400E+004 1.570926E+074 2.150400E+004, Sun Aug 16 22:24:27 2015
-0.15, 1.80, 1.00, 1.80 , -5.880782E-009, 6.002990E-009, 1.013128E-010, 4.997170E-010, 2.150400E+004 1.570926E+074 2.150400E+004, Sun Aug 16 22:24:31 2015
-0.20, 1.80, 1.00, 1.80 , -5.915175E-009, 5.979240E-009, 1.010192E-010, 4.943420E-010, 2.150400E+004 1.570926E+074 2.150400E+004, Sun Aug 16 22:24:34 2015
