1.80, 1.80, 0.20, 1.80 , 5.061312E-010, -9.754940E-011, -2.774623E-010, 5.663940E-010, 2.150400E+004 1.570926E+074 2.150400E+004, Sun Aug 16 22:27:26 2015
1.75, 1.80, 0.20, 1.80 , -1.276486E-007, 1.281040E-007, -2.653024E-010, 6.170750E-010, 2.150400E+004 1.570926E+074 2.150400E+004, Sun Aug 16 22:27:32 2015
1.70, 1.80, 0.20, 1.80 , -2.472081E-007, 2.475240E-007, -2.607325E-010, 5.892700E-010, 2.150400E+004 1.570926E+074 2.150400E+004, Sun Aug 16 22:27:35 2015
1.65, 1.80, 0.20, 1.80 , -3.578506E-007, 3.582950E-007, -2.401453E-010, 5.652780E-010, 2.150400E+004 1.570926E+074 2.150400E+004, Sun Aug 16 22:27:39 2015
1.60, 1.80, 0.20, 1.80 , -4.593206E-007, 4.598630E-007, -2.155747E-010, 5.692570E-010, 2.150400E+004 1.570926E+074 2.150400E+004, Sun Aug 16 22:27:42 2015
1.55, 1.80, 0.20, 1.80 , -5.522412E-007, 5.526090E-007, -2.526398E-010, 5.959370E-010, 2.150400E+004 1.570926E+074 2.150400E+004, Sun Aug 16 22:27:45 2015
1.50, 1.80, 0.20, 1.80 , -6.361965E-007, 6.365530E-007, -2.647580E-010, 6.274970E-010, 2.150400E+004 1.570926E+074 2.150400E+004, Sun Aug 16 22:27:48 2015
1.45, 1.80, 0.20, 1.80 , -7.112594E-007, 7.117510E-007, -2.549045E-010, 5.771080E-010, 2.150400E+004 1.570926E+074 2.150400E+004, Sun Aug 16 22:27:52 2015
1.40, 1.80, 0.20, 1.80 , -7.776568E-007, 7.781530E-007, -2.001870E-010, 5.185690E-010, 2.150400E+004 1.570926E+074 2.150400E+004, Sun Aug 16 22:27:55 2015
1.35, 1.80, 0.20, 1.80 , -8.348227E-007, 8.351320E-007, -2.141912E-010, 5.297440E-010, 2.150400E+004 1.570926E+074 2.150400E+004, Sun Aug 16 22:27:58 2015
1.30, 1.80, 0.20, 1.80 , -8.828798E-007, 8.829360E-007, -1.968744E-010, 5.076750E-010, 2.150400E+004 1.570926E+074 2.150400E+004, Sun Aug 16 22:28:01 2015
1.25, 1.80, 0.20, 1.80 , -9.210247E-007, 9.215620E-007, -2.078598E-010, 5.061140E-010, 2.150400E+004 1.570926E+074 2.150400E+004, Sun Aug 16 22:28:05 2015
1.20, 1.80, 0.20, 1.80 , -9.522030E-007, 9.528670E-007, -2.292439E-010, 5.730820E-010, 2.150400E+004 1.570926E+074 2.150400E+004, Sun Aug 16 22:28:08 2015
1.15, 1.80, 0.20, 1.80 , -9.749700E-007, 9.754610E-007, -2.295371E-010, 5.932450E-010, 2.150400E+004 1.570926E+074 2.150400E+004, Sun Aug 16 22:28:11 2015
1.10, 1.80, 0.20, 1.80 , -9.904766E-007, 9.907090E-007, -2.116336E-010, 5.450360E-010, 2.150400E+004 1.570926E+074 2.150400E+004, Sun Aug 16 22:28:14 2015
1.05, 1.80, 0.20, 1.80 , -1.001176E-006, 1.001700E-006, -2.371687E-010, 6.077830E-010, 2.150400E+004 1.570926E+074 2.150400E+004, Sun Aug 16 22:28:18 2015
1.00, 1.80, 0.20, 1.80 , -1.007985E-006, 1.008110E-006, -2.556172E-010, 6.331850E-010, 2.150400E+004 1.570926E+074 2.150400E+004, Sun Aug 16 22:28:21 2015
0.95, 1.80, 0.20, 1.80 , -1.011165E-006, 1.011050E-006, -2.623675E-010, 6.467620E-010, 2.150400E+004 1.570926E+074 2.150400E+004, Sun Aug 16 22:28:24 2015
0.90, 1.80, 0.20, 1.80 , -1.012684E-006, 1.012870E-006, -2.762044E-010, 6.608940E-010, 2.150400E+004 1.570926E+074 2.150400E+004, Sun Aug 16 22:28:27 2015
0.85, 1.80, 0.20, 1.80 , -1.014788E-006, 1.015040E-006, -2.716758E-010, 6.642300E-010, 2.150400E+004 1.570926E+074 2.150400E+004, Sun Aug 16 22:28:31 2015
0.80, 1.80, 0.20, 1.80 , -1.014304E-006, 1.014700E-006, -2.685313E-010, 6.382320E-010, 2.150400E+004 1.570926E+074 2.150400E+004, Sun Aug 16 22:28:34 2015
0.75, 1.80, 0.20, 1.80 , -1.014832E-006, 1.016640E-006, -2.558268E-010, 6.479090E-010, 2.150400E+004 1.570926E+074 2.150400E+004, Sun Aug 16 22:28:37 2015
0.70, 1.80, 0.20, 1.80 , -1.015194E-006, 1.015430E-006, -2.679862E-010, 6.404570E-010, 2.150400E+004 1.570926E+074 2.150400E+004, Sun Aug 16 22:28:40 2015
0.65, 1.80, 0.20, 1.80 , -1.015946E-006, 1.016500E-006, -2.735206E-010, 6.485550E-010, 2.150400E+004 1.570926E+074 2.150400E+004, Sun Aug 16 22:28:44 2015
0.60, 1.80, 0.20, 1.80 , -1.015651E-006, 1.015920E-006, -2.635416E-010, 6.456860E-010, 2.150400E+004 1.570926E+074 2.150400E+004, Sun Aug 16 22:28:47 2015
0.55, 1.80, 0.20, 1.80 , -1.015897E-006, 1.015890E-006, -2.629967E-010, 6.258850E-010, 2.150400E+004 1.570926E+074 2.150400E+004, Sun Aug 16 22:28:50 2015
0.50, 1.80, 0.20, 1.80 , -1.015437E-006, 1.015680E-006, -2.554075E-010, 6.290790E-010, 2.150400E+004 1.570926E+074 2.150400E+004, Sun Aug 16 22:28:53 2015
0.45, 1.80, 0.20, 1.80 , -1.017253E-006, 1.017570E-006, -2.523888E-010, 6.367930E-010, 2.150400E+004 1.570926E+074 2.150400E+004, Sun Aug 16 22:28:57 2015
0.40, 1.80, 0.20, 1.80 , -1.015228E-006, 1.015360E-006, -2.578812E-010, 6.644490E-010, 2.150400E+004 1.570926E+074 2.150400E+004, Sun Aug 16 22:29:00 2015
0.35, 1.80, 0.20, 1.80 , -1.015235E-006, 1.015570E-006, -2.704181E-010, 6.753620E-010, 2.150400E+004 1.570926E+074 2.150400E+004, Sun Aug 16 22:29:03 2015
0.30, 1.80, 0.20, 1.80 , -1.015040E-006, 1.015760E-006, -2.648834E-010, 6.558370E-010, 2.150400E+004 1.570926E+074 2.150400E+004, Sun Aug 16 22:29:06 2015
0.25, 1.80, 0.20, 1.80 , -1.015229E-006, 1.015470E-006, -2.526820E-010, 6.516130E-010, 2.150400E+004 1.570926E+074 2.150400E+004, Sun Aug 16 22:29:10 2015
0.20, 1.80, 0.20, 1.80 , -1.015928E-006, 1.016010E-006, -2.581747E-010, 6.486250E-010, 2.150400E+004 1.570926E+074 2.150400E+004, Sun Aug 16 22:29:13 2015
0.15, 1.80, 0.20, 1.80 , -1.015712E-006, 1.016110E-006, -2.531433E-010, 6.571550E-010, 2.150400E+004 1.570926E+074 2.150400E+004, Sun Aug 16 22:29:16 2015
0.10, 1.80, 0.20, 1.80 , -1.016895E-006, 1.016610E-006, -2.677347E-010, 6.903760E-010, 2.150400E+004 1.570926E+074 2.150400E+004, Sun Aug 16 22:29:19 2015
0.05, 1.80, 0.20, 1.80 , -1.017032E-006, 1.017280E-006, -2.833741E-010, 6.876630E-010, 2.150400E+004 1.570926E+074 2.150400E+004, Sun Aug 16 22:29:23 2015
0.00, 1.80, 0.20, 1.80 , -1.017286E-006, 1.017850E-006, -2.642964E-010, 6.886340E-010, 2.150400E+004 1.570926E+074 2.150400E+004, Sun Aug 16 22:29:26 2015
-0.05, 1.80, 0.20, 1.80 , -1.017660E-006, 1.018290E-006, -2.714663E-010, 6.956270E-010, 2.150400E+004 1.570926E+074 2.150400E+004, Sun Aug 16 22:29:29 2015
-0.10, 1.80, 0.20, 1.80 , -1.017924E-006, 1.017890E-006, -2.723468E-010, 6.946990E-010, 2.150400E+004 1.570926E+074 2.150400E+004, Sun Aug 16 22:29:32 2015
-0.15, 1.80, 0.20, 1.80 , -1.017769E-006, 1.018190E-006, -2.757425E-010, 6.906500E-010, 2.150400E+004 1.570926E+074 2.150400E+004, Sun Aug 16 22:29:36 2015
-0.20, 1.80, 0.20, 1.80 , -1.018110E-006, 1.020030E-006, -2.780074E-010, 6.844690E-010, 2.150400E+004 1.570926E+074 2.150400E+004, Sun Aug 16 22:29:39 2015
