1.75, 1.80, 1.80, 1.80 , 1.552302E-010, 2.976150E-010, 4.298787E-010, 4.245840E-010, 2.150400E+004 1.570926E+074 2.150400E+004, Sun Aug 16 21:46:04 2015
1.75, 1.80, 1.78, 1.80 , 1.386894E-010, 2.883180E-010, 3.849351E-010, 4.247270E-010, 2.150400E+004 1.570926E+074 2.150400E+004, Sun Aug 16 21:46:12 2015
1.75, 1.80, 1.76, 1.80 , 1.269590E-010, 2.807890E-010, 3.370147E-010, 3.920070E-010, 2.150400E+004 1.570926E+074 2.150400E+004, Sun Aug 16 21:46:22 2015
1.75, 1.80, 1.74, 1.80 , 1.231614E-010, 2.791110E-010, 3.328223E-010, 3.801890E-010, 2.150400E+004 1.570926E+074 2.150400E+004, Sun Aug 16 21:46:26 2015
1.75, 1.80, 1.72, 1.80 , 1.171696E-010, 2.729540E-010, 3.104339E-010, 3.606720E-010, 2.150400E+004 1.570926E+074 2.150400E+004, Sun Aug 16 21:46:38 2015
1.75, 1.80, 1.70, 1.80 , 1.134564E-010, 2.705880E-010, 2.817995E-010, 3.588810E-010, 2.150400E+004 1.570926E+074 2.150400E+004, Sun Aug 16 21:46:42 2015
1.75, 1.80, 1.68, 1.80 , 1.118951E-010, 2.705910E-010, 2.909812E-010, 3.480740E-010, 2.150400E+004 1.570926E+074 2.150400E+004, Sun Aug 16 21:46:54 2015
1.75, 1.80, 1.66, 1.80 , 1.092789E-010, 2.623960E-010, 2.632270E-010, 3.280140E-010, 2.150400E+004 1.570926E+074 2.150400E+004, Sun Aug 16 21:47:03 2015
1.75, 1.80, 1.64, 1.80 , 1.023589E-010, 2.607640E-010, 2.614236E-010, 3.270820E-010, 2.150400E+004 1.570926E+074 2.150400E+004, Sun Aug 16 21:47:10 2015
1.75, 1.80, 1.62, 1.80 , 1.026542E-010, 2.587380E-010, 2.503140E-010, 3.181800E-010, 2.150400E+004 1.570926E+074 2.150400E+004, Sun Aug 16 21:47:15 2015
1.75, 1.80, 1.60, 1.80 , 9.864559E-011, 2.536610E-010, 2.277164E-010, 3.040150E-010, 2.150400E+004 1.570926E+074 2.150400E+004, Sun Aug 16 21:47:27 2015
1.75, 1.80, 1.58, 1.80 , 9.645140E-011, 2.537610E-010, 2.359758E-010, 2.971320E-010, 2.150400E+004 1.570926E+074 2.150400E+004, Sun Aug 16 21:47:31 2015
1.75, 1.80, 1.56, 1.80 , 9.341328E-011, 2.478000E-010, 2.099822E-010, 2.817970E-010, 2.150400E+004 1.570926E+074 2.150400E+004, Sun Aug 16 21:47:41 2015
1.75, 1.80, 1.54, 1.80 , 9.278033E-011, 2.461600E-010, 1.953920E-010, 2.709470E-010, 2.150400E+004 1.570926E+074 2.150400E+004, Sun Aug 16 21:47:50 2015
1.75, 1.80, 1.52, 1.80 , 9.121905E-011, 2.427050E-010, 1.963147E-010, 2.644590E-010, 2.150400E+004 1.570926E+074 2.150400E+004, Sun Aug 16 21:47:56 2015
1.75, 1.80, 1.50, 1.80 , 8.792778E-011, 2.412800E-010, 1.808448E-010, 2.572650E-010, 2.150400E+004 1.570926E+074 2.150400E+004, Sun Aug 16 21:48:04 2015
1.75, 1.80, 1.48, 1.80 , 8.687292E-011, 2.365490E-010, 1.560249E-010, 2.464670E-010, 2.150400E+004 1.570926E+074 2.150400E+004, Sun Aug 16 21:48:12 2015
1.75, 1.80, 1.46, 1.80 , 8.657757E-011, 2.314470E-010, 1.550187E-010, 2.342720E-010, 2.150400E+004 1.570926E+074 2.150400E+004, Sun Aug 16 21:48:24 2015
1.75, 1.80, 1.44, 1.80 , 8.197823E-011, 2.265980E-010, 1.514133E-010, 2.247410E-010, 2.150400E+004 1.570926E+074 2.150400E+004, Sun Aug 16 21:48:37 2015
1.75, 1.80, 1.42, 1.80 , 8.261114E-011, 2.215910E-010, 1.319601E-010, 2.145540E-010, 2.150400E+004 1.570926E+074 2.150400E+004, Sun Aug 16 21:48:46 2015
1.75, 1.80, 1.40, 1.80 , 8.126091E-011, 2.206020E-010, 1.312471E-010, 2.066800E-010, 2.150400E+004 1.570926E+074 2.150400E+004, Sun Aug 16 21:48:51 2015
1.75, 1.80, 1.38, 1.80 , 7.961528E-011, 2.141230E-010, 1.009357E-010, 1.970460E-010, 2.150400E+004 1.570926E+074 2.150400E+004, Sun Aug 16 21:49:02 2015
1.75, 1.80, 1.36, 1.80 , 8.029037E-011, 2.042060E-010, 1.081047E-010, 1.796200E-010, 2.150400E+004 1.570926E+074 2.150400E+004, Sun Aug 16 21:49:28 2015
1.75, 1.80, 1.34, 1.80 , 7.691472E-011, 2.023970E-010, 1.031573E-010, 1.776140E-010, 2.150400E+004 1.570926E+074 2.150400E+004, Sun Aug 16 21:49:34 2015
1.75, 1.80, 1.32, 1.80 , 7.619743E-011, 2.018530E-010, 9.091544E-011, 1.746440E-010, 2.150400E+004 1.570926E+074 2.150400E+004, Sun Aug 16 21:49:38 2015
1.75, 1.80, 1.30, 1.80 , 7.332810E-011, 2.008290E-010, 8.521369E-011, 1.684360E-010, 2.150400E+004 1.570926E+074 2.150400E+004, Sun Aug 16 21:49:47 2015
1.75, 1.80, 1.28, 1.80 , 7.661936E-011, 2.000440E-010, 8.156611E-011, 1.704890E-010, 2.150400E+004 1.570926E+074 2.150400E+004, Sun Aug 16 21:49:52 2015
1.75, 1.80, 1.26, 1.80 , 7.197781E-011, 1.998300E-010, 9.150225E-011, 1.677720E-010, 2.150400E+004 1.570926E+074 2.150400E+004, Sun Aug 16 21:49:58 2015
1.75, 1.80, 1.24, 1.80 , 6.362303E-011, 2.045670E-010, 9.619815E-011, 1.718720E-010, 2.150400E+004 1.570926E+074 2.150400E+004, Sun Aug 16 21:50:06 2015
1.75, 1.80, 1.22, 1.80 , 5.045793E-011, 2.130560E-010, 9.737193E-011, 2.484840E-010, 2.150400E+004 1.570926E+074 2.150400E+004, Sun Aug 16 21:50:36 2015
1.75, 1.80, 1.20, 1.80 , 3.429687E-011, 2.299980E-010, 8.932227E-011, 2.484870E-010, 2.150400E+004 1.570926E+074 2.150400E+004, Sun Aug 16 21:50:45 2015
1.75, 1.80, 1.18, 1.80 , 2.017068E-012, 2.623140E-010, 9.070583E-011, 2.490410E-010, 2.150400E+004 1.570926E+074 2.150400E+004, Sun Aug 16 21:50:48 2015
1.75, 1.80, 1.16, 1.80 , -4.976144E-011, 3.164830E-010, 8.764527E-011, 2.482880E-010, 2.150400E+004 1.570926E+074 2.150400E+004, Sun Aug 16 21:50:54 2015
1.75, 1.80, 1.14, 1.80 , -1.458071E-010, 4.129690E-010, 9.280219E-011, 1.931490E-010, 2.150400E+004 1.570926E+074 2.150400E+004, Sun Aug 16 21:50:58 2015
1.75, 1.80, 1.12, 1.80 , -3.000456E-010, 5.640660E-010, 8.496214E-011, 1.920030E-010, 2.150400E+004 1.570926E+074 2.150400E+004, Sun Aug 16 21:51:04 2015
1.75, 1.80, 1.10, 1.80 , -5.199883E-010, 7.992510E-010, 8.144035E-011, 1.912620E-010, 2.150400E+004 1.570926E+074 2.150400E+004, Sun Aug 16 21:51:08 2015
1.75, 1.80, 1.08, 1.80 , -8.710018E-010, 1.143940E-009, 6.622172E-011, 1.913050E-010, 2.150400E+004 1.570926E+074 2.150400E+004, Sun Aug 16 21:51:13 2015
1.75, 1.80, 1.06, 1.80 , -1.364733E-009, 1.617780E-009, 7.871532E-011, 1.871830E-010, 2.150400E+004 1.570926E+074 2.150400E+004, Sun Aug 16 21:51:20 2015
1.75, 1.80, 1.04, 1.80 , -2.000298E-009, 2.293670E-009, 7.217493E-011, 1.870550E-010, 2.150400E+004 1.570926E+074 2.150400E+004, Sun Aug 16 21:51:23 2015
1.75, 1.80, 1.02, 1.80 , -2.853526E-009, 3.144830E-009, 7.515156E-011, 1.919310E-010, 2.150400E+004 1.570926E+074 2.150400E+004, Sun Aug 16 21:51:26 2015
1.75, 1.80, 1.00, 1.80 , -3.924545E-009, 4.188770E-009, 6.664082E-011, 1.901710E-010, 2.150400E+004 1.570926E+074 2.150400E+004, Sun Aug 16 21:51:30 2015
1.75, 1.80, 0.98, 1.80 , -5.230866E-009, 5.500370E-009, 7.322313E-011, 1.930500E-010, 2.150400E+004 1.570926E+074 2.150400E+004, Sun Aug 16 21:51:33 2015
1.75, 1.80, 0.96, 1.80 , -6.756581E-009, 7.016860E-009, 6.701818E-011, 1.940040E-010, 2.150400E+004 1.570926E+074 2.150400E+004, Sun Aug 16 21:51:36 2015
1.75, 1.80, 0.94, 1.80 , -8.564229E-009, 8.788940E-009, 5.435687E-011, 1.935770E-010, 2.150400E+004 1.570926E+074 2.150400E+004, Sun Aug 16 21:51:40 2015
1.75, 1.80, 0.92, 1.80 , -1.054102E-008, 1.083990E-008, 4.702002E-011, 2.025980E-010, 2.150400E+004 1.570926E+074 2.150400E+004, Sun Aug 16 21:51:43 2015
1.75, 1.80, 0.90, 1.80 , -1.274336E-008, 1.302830E-008, 5.783658E-011, 2.055900E-010, 2.150400E+004 1.570926E+074 2.150400E+004, Sun Aug 16 21:51:47 2015
1.75, 1.80, 0.88, 1.80 , -1.511643E-008, 1.543740E-008, 5.138016E-011, 2.033740E-010, 2.150400E+004 1.570926E+074 2.150400E+004, Sun Aug 16 21:51:50 2015
1.75, 1.80, 0.86, 1.80 , -1.780567E-008, 1.807150E-008, 4.056350E-011, 2.038440E-010, 2.150400E+004 1.570926E+074 2.150400E+004, Sun Aug 16 21:51:53 2015
1.75, 1.80, 0.84, 1.80 , -2.057197E-008, 2.083440E-008, 3.959934E-011, 2.091620E-010, 2.150400E+004 1.570926E+074 2.150400E+004, Sun Aug 16 21:51:56 2015
1.75, 1.80, 0.82, 1.80 , -2.348191E-008, 2.378430E-008, 3.716762E-011, 2.132270E-010, 2.150400E+004 1.570926E+074 2.150400E+004, Sun Aug 16 21:52:00 2015
1.75, 1.80, 0.80, 1.80 , -2.656042E-008, 2.685350E-008, 1.293507E-011, 2.097390E-010, 2.150400E+004 1.570926E+074 2.150400E+004, Sun Aug 16 21:52:03 2015
1.75, 1.80, 0.78, 1.80 , -2.980971E-008, 3.007930E-008, 2.018806E-011, 2.135060E-010, 2.150400E+004 1.570926E+074 2.150400E+004, Sun Aug 16 21:52:06 2015
1.75, 1.80, 0.76, 1.80 , -3.308091E-008, 3.335730E-008, 2.408708E-011, 2.162560E-010, 2.150400E+004 1.570926E+074 2.150400E+004, Sun Aug 16 21:52:09 2015
1.75, 1.80, 0.74, 1.80 , -3.643248E-008, 3.672560E-008, 1.213851E-011, 2.183360E-010, 2.150400E+004 1.570926E+074 2.150400E+004, Sun Aug 16 21:52:13 2015
1.75, 1.80, 0.72, 1.80 , -3.984749E-008, 4.015880E-008, 1.545055E-011, 2.254970E-010, 2.150400E+004 1.570926E+074 2.150400E+004, Sun Aug 16 21:52:16 2015
1.75, 1.80, 0.70, 1.80 , -4.330671E-008, 4.364720E-008, 1.121613E-011, 2.253610E-010, 2.150400E+004 1.570926E+074 2.150400E+004, Sun Aug 16 21:52:19 2015
1.75, 1.80, 0.68, 1.80 , -4.682492E-008, 4.708900E-008, 5.672164E-013, 2.281580E-010, 2.150400E+004 1.570926E+074 2.150400E+004, Sun Aug 16 21:52:23 2015
1.75, 1.80, 0.66, 1.80 , -5.027043E-008, 5.060530E-008, -6.905258E-013, 2.307780E-010, 2.150400E+004 1.570926E+074 2.150400E+004, Sun Aug 16 21:52:26 2015
1.75, 1.80, 0.64, 1.80 , -5.379446E-008, 5.406420E-008, 4.833894E-013, 2.334520E-010, 2.150400E+004 1.570926E+074 2.150400E+004, Sun Aug 16 21:52:29 2015
1.75, 1.80, 0.62, 1.80 , -5.734703E-008, 5.763740E-008, -5.805349E-012, 2.264360E-010, 2.150400E+004 1.570926E+074 2.150400E+004, Sun Aug 16 21:52:32 2015
1.75, 1.80, 0.60, 1.80 , -6.089686E-008, 6.120650E-008, -2.102411E-011, 3.262740E-010, 2.150400E+004 1.570926E+074 2.150400E+004, Sun Aug 16 21:52:36 2015
1.75, 1.80, 0.58, 1.80 , -6.438958E-008, 6.468280E-008, -1.859246E-011, 3.316140E-010, 2.150400E+004 1.570926E+074 2.150400E+004, Sun Aug 16 21:52:39 2015
1.75, 1.80, 0.56, 1.80 , -6.787508E-008, 6.820820E-008, -2.945166E-011, 3.330740E-010, 2.150400E+004 1.570926E+074 2.150400E+004, Sun Aug 16 21:52:42 2015
1.75, 1.80, 0.54, 1.80 , -7.142625E-008, 7.171200E-008, -5.226105E-011, 3.354940E-010, 2.150400E+004 1.570926E+074 2.150400E+004, Sun Aug 16 21:52:45 2015
1.75, 1.80, 0.52, 1.80 , -7.489797E-008, 7.528720E-008, -2.421051E-011, 3.342320E-010, 2.150400E+004 1.570926E+074 2.150400E+004, Sun Aug 16 21:52:49 2015
1.75, 1.80, 0.50, 1.80 , -7.843649E-008, 7.873450E-008, -4.647487E-011, 3.423770E-010, 2.150400E+004 1.570926E+074 2.150400E+004, Sun Aug 16 21:52:52 2015
1.75, 1.80, 0.48, 1.80 , -8.193199E-008, 8.226260E-008, -4.244967E-011, 3.421260E-010, 2.150400E+004 1.570926E+074 2.150400E+004, Sun Aug 16 21:52:55 2015
1.75, 1.80, 0.46, 1.80 , -8.537979E-008, 8.568410E-008, -6.634925E-011, 3.496430E-010, 2.150400E+004 1.570926E+074 2.150400E+004, Sun Aug 16 21:52:58 2015
1.75, 1.80, 0.44, 1.80 , -8.882445E-008, 8.932650E-008, -6.471405E-011, 3.543550E-010, 2.150400E+004 1.570926E+074 2.150400E+004, Sun Aug 16 21:53:02 2015
1.75, 1.80, 0.42, 1.80 , -9.221659E-008, 9.259030E-008, -6.915849E-011, 3.496320E-010, 2.150400E+004 1.570926E+074 2.150400E+004, Sun Aug 16 21:53:05 2015
1.75, 1.80, 0.40, 1.80 , -9.567594E-008, 9.610720E-008, -6.722982E-011, 3.266540E-010, 2.150400E+004 1.570926E+074 2.150400E+004, Sun Aug 16 21:53:08 2015
1.75, 1.80, 0.38, 1.80 , -9.902703E-008, 9.940970E-008, -7.079374E-011, 2.764790E-010, 2.150400E+004 1.570926E+074 2.150400E+004, Sun Aug 16 21:53:12 2015
1.75, 1.80, 0.36, 1.80 , -1.023538E-007, 1.027190E-007, -6.437863E-011, 2.820710E-010, 2.150400E+004 1.570926E+074 2.150400E+004, Sun Aug 16 21:53:15 2015
1.75, 1.80, 0.34, 1.80 , -1.057716E-007, 1.060870E-007, -7.699925E-011, 2.857890E-010, 2.150400E+004 1.570926E+074 2.150400E+004, Sun Aug 16 21:53:18 2015
1.75, 1.80, 0.32, 1.80 , -1.091317E-007, 1.094710E-007, -8.161143E-011, 2.897460E-010, 2.150400E+004 1.570926E+074 2.150400E+004, Sun Aug 16 21:53:21 2015
1.75, 1.80, 0.30, 1.80 , -1.125032E-007, 1.128790E-007, -8.572050E-011, 2.892800E-010, 2.150400E+004 1.570926E+074 2.150400E+004, Sun Aug 16 21:53:25 2015
1.75, 1.80, 0.28, 1.80 , -1.157485E-007, 1.161640E-007, -8.945217E-011, 2.860350E-010, 2.150400E+004 1.570926E+074 2.150400E+004, Sun Aug 16 21:53:28 2015
1.75, 1.80, 0.26, 1.80 , -1.190176E-007, 1.193870E-007, -8.924250E-011, 2.822620E-010, 2.150400E+004 1.570926E+074 2.150400E+004, Sun Aug 16 21:53:31 2015
1.75, 1.80, 0.24, 1.80 , -1.222246E-007, 1.225530E-007, -1.065592E-010, 2.854020E-010, 2.150400E+004 1.570926E+074 2.150400E+004, Sun Aug 16 21:53:34 2015
1.75, 1.80, 0.22, 1.80 , -1.254842E-007, 1.258490E-007, -1.083622E-010, 2.865000E-010, 2.150400E+004 1.570926E+074 2.150400E+004, Sun Aug 16 21:53:38 2015
1.75, 1.80, 0.20, 1.80 , -1.286375E-007, 1.289840E-007, -1.122615E-010, 2.879280E-010, 2.150400E+004 1.570926E+074 2.150400E+004, Sun Aug 16 21:53:41 2015
1.75, 1.80, 0.18, 1.80 , -1.318071E-007, 1.322000E-007, -1.114231E-010, 2.899600E-010, 2.150400E+004 1.570926E+074 2.150400E+004, Sun Aug 16 21:53:44 2015
1.75, 1.80, 0.16, 1.80 , -1.350714E-007, 1.354250E-007, -1.193057E-010, 2.886600E-010, 2.150400E+004 1.570926E+074 2.150400E+004, Sun Aug 16 21:53:47 2015
1.75, 1.80, 0.14, 1.80 , -1.382182E-007, 1.385870E-007, -1.233309E-010, 2.881050E-010, 2.150400E+004 1.570926E+074 2.150400E+004, Sun Aug 16 21:53:51 2015
1.75, 1.80, 0.12, 1.80 , -1.414086E-007, 1.417780E-007, -1.198927E-010, 2.917300E-010, 2.150400E+004 1.570926E+074 2.150400E+004, Sun Aug 16 21:53:54 2015
1.75, 1.80, 0.10, 1.80 , -1.445741E-007, 1.449280E-007, -1.190121E-010, 3.006900E-010, 2.150400E+004 1.570926E+074 2.150400E+004, Sun Aug 16 21:53:57 2015
1.75, 1.80, 0.08, 1.80 , -1.477420E-007, 1.480970E-007, -1.389286E-010, 3.126570E-010, 2.150400E+004 1.570926E+074 2.150400E+004, Sun Aug 16 21:54:00 2015
1.75, 1.80, 0.06, 1.80 , -1.508971E-007, 1.512520E-007, -1.444213E-010, 3.170410E-010, 2.150400E+004 1.570926E+074 2.150400E+004, Sun Aug 16 21:54:04 2015
1.75, 1.80, 0.04, 1.80 , -1.540471E-007, 1.543780E-007, -1.557841E-010, 3.218440E-010, 2.150400E+004 1.570926E+074 2.150400E+004, Sun Aug 16 21:54:07 2015
1.75, 1.80, 0.02, 1.80 , -1.572381E-007, 1.575930E-007, -1.575032E-010, 3.344040E-010, 2.150400E+004 1.570926E+074 2.150400E+004, Sun Aug 16 21:54:10 2015
1.75, 1.80, 0.00, 1.80 , -1.603499E-007, 1.607200E-007, -1.713396E-010, 3.336360E-010, 2.150400E+004 1.570926E+074 2.150400E+004, Sun Aug 16 21:54:14 2015
1.75, 1.80, -0.02, 1.80 , -1.635773E-007, 1.639500E-007, -1.634151E-010, 3.325950E-010, 2.150400E+004 1.570926E+074 2.150400E+004, Sun Aug 16 21:54:17 2015
1.75, 1.80, -0.04, 1.80 , -1.668817E-007, 1.672310E-007, -1.738975E-010, 4.659180E-010, 2.150400E+004 1.570926E+074 2.150400E+004, Sun Aug 16 21:54:20 2015
1.75, 1.80, -0.06, 1.80 , -1.702195E-007, 1.706120E-007, -1.619895E-010, 3.519310E-010, 2.150400E+004 1.570926E+074 2.150400E+004, Sun Aug 16 21:54:23 2015
1.75, 1.80, -0.08, 1.80 , -1.737635E-007, 1.740370E-007, -1.711720E-010, 3.495900E-010, 2.150400E+004 1.570926E+074 2.150400E+004, Sun Aug 16 21:54:26 2015
1.75, 1.80, -0.10, 1.80 , -1.772011E-007, 1.776000E-007, -1.818640E-010, 3.525990E-010, 2.150400E+004 1.570926E+074 2.150400E+004, Sun Aug 16 21:54:30 2015
1.75, 1.80, -0.12, 1.80 , -1.807098E-007, 1.810330E-007, -1.880694E-010, 3.536920E-010, 2.150400E+004 1.570926E+074 2.150400E+004, Sun Aug 16 21:54:33 2015
1.75, 1.80, -0.14, 1.80 , -1.842195E-007, 1.845820E-007, -1.872726E-010, 3.540310E-010, 2.150400E+004 1.570926E+074 2.150400E+004, Sun Aug 16 21:54:36 2015
1.75, 1.80, -0.16, 1.80 , -1.878311E-007, 1.882340E-007, -2.011514E-010, 3.595530E-010, 2.150400E+004 1.570926E+074 2.150400E+004, Sun Aug 16 21:54:40 2015
1.75, 1.80, -0.18, 1.80 , -1.913955E-007, 1.917580E-007, -1.904175E-010, 3.660150E-010, 2.150400E+004 1.570926E+074 2.150400E+004, Sun Aug 16 21:54:43 2015
1.75, 1.80, -0.20, 1.80 , -1.950415E-007, 1.954190E-007, -2.043798E-010, 3.778320E-010, 2.150400E+004 1.570926E+074 2.150400E+004, Sun Aug 16 21:54:46 2015
