1.80, 1.80, 1.40, 1.80 , 1.727839E-010, 2.012650E-010, 1.930028E-010, 2.837460E-010, 2.150400E+004 1.570926E+074 2.150400E+004, Sun Aug 16 22:13:45 2015
1.75, 1.80, 1.40, 1.80 , 1.486479E-010, 2.011420E-010, 1.695667E-010, 2.825610E-010, 2.150400E+004 1.570926E+074 2.150400E+004, Sun Aug 16 22:13:49 2015
1.70, 1.80, 1.40, 1.80 , 1.304191E-010, 1.944330E-010, 1.780355E-010, 2.805010E-010, 2.150400E+004 1.570926E+074 2.150400E+004, Sun Aug 16 22:14:00 2015
1.65, 1.80, 1.40, 1.80 , 1.186043E-010, 1.949030E-010, 1.635715E-010, 2.718540E-010, 2.150400E+004 1.570926E+074 2.150400E+004, Sun Aug 16 22:14:06 2015
1.60, 1.80, 1.40, 1.80 , 1.005445E-010, 1.952010E-010, 1.701117E-010, 2.673080E-010, 2.150400E+004 1.570926E+074 2.150400E+004, Sun Aug 16 22:14:16 2015
1.55, 1.80, 1.40, 1.80 , 8.573380E-011, 1.837600E-010, 1.810960E-010, 2.597650E-010, 2.150400E+004 1.570926E+074 2.150400E+004, Sun Aug 16 22:14:29 2015
1.50, 1.80, 1.40, 1.80 , 7.518473E-011, 1.830690E-010, 1.685185E-010, 2.625880E-010, 2.150400E+004 1.570926E+074 2.150400E+004, Sun Aug 16 22:14:36 2015
1.45, 1.80, 1.40, 1.80 , 7.033221E-011, 1.842760E-010, 1.771550E-010, 2.560260E-010, 2.150400E+004 1.570926E+074 2.150400E+004, Sun Aug 16 22:14:45 2015
1.40, 1.80, 1.40, 1.80 , 6.071155E-011, 1.790280E-010, 1.624394E-010, 2.477280E-010, 2.150400E+004 1.570926E+074 2.150400E+004, Sun Aug 16 22:14:51 2015
1.35, 1.80, 1.40, 1.80 , 5.223022E-011, 1.777980E-010, 1.577440E-010, 2.405620E-010, 2.150400E+004 1.570926E+074 2.150400E+004, Sun Aug 16 22:14:57 2015
1.30, 1.80, 1.40, 1.80 , 4.712448E-011, 1.748060E-010, 1.499459E-010, 2.313960E-010, 2.150400E+004 1.570926E+074 2.150400E+004, Sun Aug 16 22:15:08 2015
1.25, 1.80, 1.40, 1.80 , 3.881187E-011, 1.769880E-010, 1.586661E-010, 2.307000E-010, 2.150400E+004 1.570926E+074 2.150400E+004, Sun Aug 16 22:15:19 2015
1.20, 1.80, 1.40, 1.80 , 3.716624E-011, 1.662460E-010, 1.377456E-010, 2.108820E-010, 2.150400E+004 1.570926E+074 2.150400E+004, Sun Aug 16 22:15:39 2015
1.15, 1.80, 1.40, 1.80 , 2.239768E-011, 1.510640E-010, 1.407645E-010, 2.028410E-010, 2.150400E+004 1.570926E+074 2.150400E+004, Sun Aug 16 22:16:29 2015
1.10, 1.80, 1.40, 1.80 , 6.574229E-012, 1.530930E-010, 1.477657E-010, 2.116170E-010, 2.150400E+004 1.570926E+074 2.150400E+004, Sun Aug 16 22:16:32 2015
1.05, 1.80, 1.40, 1.80 , -3.426637E-012, 1.549470E-010, 1.655838E-010, 2.129340E-010, 2.150400E+004 1.570926E+074 2.150400E+004, Sun Aug 16 22:16:35 2015
1.00, 1.80, 1.40, 1.80 , -5.958597E-012, 1.539240E-010, 1.562761E-010, 2.153670E-010, 2.150400E+004 1.570926E+074 2.150400E+004, Sun Aug 16 22:16:38 2015
0.95, 1.80, 1.40, 1.80 , -8.279573E-012, 1.529790E-010, 1.457113E-010, 2.158780E-010, 2.150400E+004 1.570926E+074 2.150400E+004, Sun Aug 16 22:16:42 2015
0.90, 1.80, 1.40, 1.80 , -7.224586E-012, 1.521280E-010, 1.699019E-010, 2.145150E-010, 2.150400E+004 1.570926E+074 2.150400E+004, Sun Aug 16 22:16:48 2015
0.85, 1.80, 1.40, 1.80 , -8.954756E-012, 1.511660E-010, 1.436571E-010, 2.143070E-010, 2.150400E+004 1.570926E+074 2.150400E+004, Sun Aug 16 22:16:57 2015
0.80, 1.80, 1.40, 1.80 , -9.672140E-012, 1.522100E-010, 1.487299E-010, 2.914310E-010, 2.150400E+004 1.570926E+074 2.150400E+004, Sun Aug 16 22:17:25 2015
0.75, 1.80, 1.40, 1.80 , -1.625523E-011, 1.502950E-010, 1.315828E-010, 2.924110E-010, 2.150400E+004 1.570926E+074 2.150400E+004, Sun Aug 16 22:17:33 2015
0.70, 1.80, 1.40, 1.80 , -1.503146E-011, 1.552240E-010, 1.661287E-010, 2.191330E-010, 2.150400E+004 1.570926E+074 2.150400E+004, Sun Aug 16 22:17:53 2015
0.65, 1.80, 1.40, 1.80 , -2.228974E-011, 1.578700E-010, 1.751007E-010, 2.251770E-010, 2.150400E+004 1.570926E+074 2.150400E+004, Sun Aug 16 22:18:05 2015
0.60, 1.80, 1.40, 1.80 , -2.937923E-011, 1.577210E-010, 1.712856E-010, 2.285550E-010, 2.150400E+004 1.570926E+074 2.150400E+004, Sun Aug 16 22:18:11 2015
0.55, 1.80, 1.40, 1.80 , -2.992780E-011, 1.635000E-010, 1.730884E-010, 2.430730E-010, 2.150400E+004 1.570926E+074 2.150400E+004, Sun Aug 16 22:18:47 2015
0.50, 1.80, 1.40, 1.80 , -4.161703E-011, 1.635750E-010, 1.869655E-010, 2.480840E-010, 2.150400E+004 1.570926E+074 2.150400E+004, Sun Aug 16 22:18:51 2015
0.45, 1.80, 1.40, 1.80 , -4.389581E-011, 1.658400E-010, 1.877619E-010, 2.444360E-010, 2.150400E+004 1.570926E+074 2.150400E+004, Sun Aug 16 22:18:58 2015
0.40, 1.80, 1.40, 1.80 , -4.895973E-011, 1.658340E-010, 1.848693E-010, 2.445090E-010, 2.150400E+004 1.570926E+074 2.150400E+004, Sun Aug 16 22:19:03 2015
0.35, 1.80, 1.40, 1.80 , -4.908632E-011, 1.666490E-010, 1.927511E-010, 2.480340E-010, 2.150400E+004 1.570926E+074 2.150400E+004, Sun Aug 16 22:19:14 2015
0.30, 1.80, 1.40, 1.80 , -4.925513E-011, 1.717030E-010, 2.004233E-010, 2.690330E-010, 2.150400E+004 1.570926E+074 2.150400E+004, Sun Aug 16 22:19:43 2015
0.25, 1.80, 1.40, 1.80 , -5.170267E-011, 1.724530E-010, 2.063345E-010, 2.652190E-010, 2.150400E+004 1.570926E+074 2.150400E+004, Sun Aug 16 22:19:56 2015
0.20, 1.80, 1.40, 1.80 , -6.259007E-011, 1.749600E-010, 2.067957E-010, 2.770160E-010, 2.150400E+004 1.570926E+074 2.150400E+004, Sun Aug 16 22:20:01 2015
0.15, 1.80, 1.40, 1.80 , -6.233691E-011, 1.772190E-010, 2.056220E-010, 2.816960E-010, 2.150400E+004 1.570926E+074 2.150400E+004, Sun Aug 16 22:20:17 2015
0.10, 1.80, 1.40, 1.80 , -6.427809E-011, 1.886110E-010, 2.233562E-010, 2.972820E-010, 2.150400E+004 1.570926E+074 2.150400E+004, Sun Aug 16 22:20:46 2015
0.05, 1.80, 1.40, 1.80 , -6.592390E-011, 1.948250E-010, 2.341310E-010, 3.174990E-010, 2.150400E+004 1.570926E+074 2.150400E+004, Sun Aug 16 22:21:08 2015
0.00, 1.80, 1.40, 1.80 , -6.854021E-011, 1.956630E-010, 2.351790E-010, 3.276470E-010, 2.150400E+004 1.570926E+074 2.150400E+004, Sun Aug 16 22:21:25 2015
-0.05, 1.80, 1.40, 1.80 , -8.010286E-011, 1.989430E-010, 2.198348E-010, 3.315790E-010, 2.150400E+004 1.570926E+074 2.150400E+004, Sun Aug 16 22:21:31 2015
-0.10, 1.80, 1.40, 1.80 , -8.195959E-011, 1.968290E-010, 2.417194E-010, 3.216820E-010, 2.150400E+004 1.570926E+074 2.150400E+004, Sun Aug 16 22:21:40 2015
-0.15, 1.80, 1.40, 1.80 , -9.466156E-011, 1.942330E-010, 2.368560E-010, 3.196250E-010, 2.150400E+004 1.570926E+074 2.150400E+004, Sun Aug 16 22:21:45 2015
-0.20, 1.80, 1.40, 1.80 , -9.272039E-011, 2.002410E-010, 2.279681E-010, 3.442900E-010, 2.150400E+004 1.570926E+074 2.150400E+004, Sun Aug 16 22:22:00 2015
