0.00, 1.80, 1.80, 1.80 , -1.788936E-010, 7.482440E-011, 1.786238E-010, -8.972880E-014, 2.150400E+004 1.570926E+074 2.150400E+004, Thu Sep 10 02:47:39 2015
0.00, 1.80, 1.78, 1.80 , -1.365672E-010, 1.518320E-011, 1.467189E-010, -1.117230E-013, 2.150400E+004 1.570926E+074 2.150400E+004, Thu Sep 10 02:48:05 2015
0.00, 1.80, 1.76, 1.80 , -1.087576E-010, -2.633570E-012, 2.153505E-010, -1.005290E-013, 2.150400E+004 1.570926E+074 2.150400E+004, Thu Sep 10 02:50:22 2015
0.00, 1.80, 1.74, 1.80 , -7.093460E-010, 1.028640E-010, 1.148557E-010, -9.839540E-014, 2.150400E+004 1.570926E+074 2.150400E+004, Thu Sep 10 02:50:33 2015
0.00, 1.80, 1.72, 1.80 , -1.123446E-010, -3.508940E-012, 8.081870E-009, -9.086130E-014, 2.150400E+004 1.570926E+074 2.150400E+004, Thu Sep 10 02:51:12 2015
0.00, 1.80, 1.70, 1.80 , -1.000222E-010, 8.639660E-011, 1.410589E-010, -9.257790E-014, 2.150400E+004 1.570926E+074 2.150400E+004, Thu Sep 10 02:53:24 2015
0.00, 1.80, 1.68, 1.80 , -8.039935E-011, 8.928940E-011, 1.004334E-010, -9.335280E-014, 2.150400E+004 1.570926E+074 2.150400E+004, Thu Sep 10 02:53:54 2015
0.00, 1.80, 1.66, 1.80 , -1.017103E-010, 8.098690E-011, 2.117031E-010, -9.720330E-014, 2.150400E+004 1.570926E+074 2.150400E+004, Thu Sep 10 02:55:47 2015
0.00, 1.80, 1.64, 1.80 , -9.622424E-011, 7.092880E-011, 1.394659E-010, -1.100660E-013, 2.150400E+004 1.570926E+074 2.150400E+004, Thu Sep 10 02:56:52 2015
0.00, 1.80, 1.62, 1.80 , -1.037781E-010, 5.181320E-011, 1.878894E-010, -9.282830E-014, 2.150400E+004 1.570926E+074 2.150400E+004, Thu Sep 10 02:57:12 2015
0.00, 1.80, 1.60, 1.80 , -1.034404E-010, 7.074890E-011, 1.536785E-010, -9.408000E-014, 2.150400E+004 1.570926E+074 2.150400E+004, Thu Sep 10 02:57:27 2015
0.00, 1.80, 1.58, 1.80 , -1.017946E-010, 5.073650E-011, 1.482283E-010, -1.015070E-013, 2.150400E+004 1.570926E+074 2.150400E+004, Thu Sep 10 02:57:33 2015
0.00, 1.80, 1.56, 1.80 , -1.045798E-010, 5.065640E-011, 1.413944E-010, -1.051070E-013, 2.150400E+004 1.570926E+074 2.150400E+004, Thu Sep 10 02:57:40 2015
0.00, 1.80, 1.54, 1.80 , -9.774341E-011, 5.086070E-011, 1.216476E-010, -1.086470E-013, 2.150400E+004 1.570926E+074 2.150400E+004, Thu Sep 10 02:57:47 2015
0.00, 1.80, 1.52, 1.80 , -9.533802E-011, 5.043680E-011, 9.976260E-011, -9.343620E-014, 2.150400E+004 1.570926E+074 2.150400E+004, Thu Sep 10 02:58:02 2015
0.00, 1.80, 1.50, 1.80 , -9.453620E-011, 5.083970E-011, 7.561371E-011, -1.000290E-013, 2.150400E+004 1.570926E+074 2.150400E+004, Thu Sep 10 02:58:07 2015
0.00, 1.80, 1.48, 1.80 , -9.293265E-011, 5.084380E-011, 6.488077E-011, -1.080390E-013, 2.150400E+004 1.570926E+074 2.150400E+004, Thu Sep 10 02:58:16 2015
0.00, 1.80, 1.46, 1.80 , -9.145566E-011, 5.037300E-011, 5.746003E-011, -1.074080E-013, 2.150400E+004 1.570926E+074 2.150400E+004, Thu Sep 10 02:58:21 2015
0.00, 1.80, 1.44, 1.80 , -9.225740E-011, 5.072380E-011, 5.112929E-011, -8.286240E-014, 2.150400E+004 1.570926E+074 2.150400E+004, Thu Sep 10 02:58:27 2015
0.00, 1.80, 1.42, 1.80 , -8.871266E-011, 5.056590E-011, 4.920074E-011, -7.678270E-014, 2.150400E+004 1.570926E+074 2.150400E+004, Thu Sep 10 02:58:33 2015
0.00, 1.80, 1.40, 1.80 , -9.111804E-011, 5.037930E-011, 4.609828E-011, -8.749960E-014, 2.150400E+004 1.570926E+074 2.150400E+004, Thu Sep 10 02:58:41 2015
0.00, 1.80, 1.38, 1.80 , -9.297478E-011, 5.021860E-011, 4.362466E-011, -1.113180E-013, 2.150400E+004 1.570926E+074 2.150400E+004, Thu Sep 10 02:58:47 2015
0.00, 1.80, 1.36, 1.80 , -8.803744E-011, 5.033970E-011, 4.320543E-011, -8.428100E-014, 2.150400E+004 1.570926E+074 2.150400E+004, Thu Sep 10 02:58:52 2015
0.00, 1.80, 1.34, 1.80 , -8.943005E-011, 5.038460E-011, 4.266038E-011, -8.348230E-014, 2.150400E+004 1.570926E+074 2.150400E+004, Thu Sep 10 02:58:59 2015
0.00, 1.80, 1.32, 1.80 , -9.014742E-011, 5.162350E-011, 3.884520E-011, -1.152520E-013, 2.150400E+004 1.570926E+074 2.150400E+004, Thu Sep 10 02:59:03 2015
0.00, 1.80, 1.30, 1.80 , -8.207369E-007, 8.298910E-007, 3.855172E-011, -1.047610E-013, 2.150400E+004 1.570926E+074 2.150400E+004, Thu Sep 10 02:59:11 2015
0.00, 1.80, 1.28, 1.80 , -2.272506E-006, 2.288420E-006, 3.888713E-011, -9.490250E-014, 2.150400E+004 1.570926E+074 2.150400E+004, Thu Sep 10 02:59:16 2015
0.00, 1.80, 1.26, 1.80 , -4.170428E-006, 4.187760E-006, 3.603620E-011, -8.668900E-014, 2.150400E+004 1.570926E+074 2.150400E+004, Thu Sep 10 02:59:19 2015
0.00, 1.80, 1.24, 1.80 , -6.514500E-006, 6.544020E-006, 3.209520E-011, -8.947850E-014, 2.150400E+004 1.570926E+074 2.150400E+004, Thu Sep 10 02:59:23 2015
0.00, 1.80, 1.22, 1.80 , -9.304810E-006, 9.297690E-006, 3.100518E-011, -1.017570E-013, 2.150400E+004 1.570926E+074 2.150400E+004, Thu Sep 10 02:59:26 2015
0.00, 1.80, 1.20, 1.80 , -1.265971E-005, 1.253450E-005, 2.890887E-011, -7.588860E-014, 2.150400E+004 1.570926E+074 2.150400E+004, Thu Sep 10 02:59:30 2015
0.00, 1.80, 1.18, 1.80 , -1.657506E-005, 1.656520E-005, 2.983124E-011, -1.030680E-013, 2.150400E+004 1.570926E+074 2.150400E+004, Thu Sep 10 02:59:33 2015
0.00, 1.80, 1.16, 1.80 , -2.129024E-005, 2.127550E-005, 2.547101E-011, -1.010890E-013, 2.150400E+004 1.570926E+074 2.150400E+004, Thu Sep 10 02:59:37 2015
0.00, 1.80, 1.14, 1.80 , -2.683187E-005, 2.685220E-005, 2.651917E-011, -9.044410E-014, 2.150400E+004 1.570926E+074 2.150400E+004, Thu Sep 10 02:59:40 2015
0.00, 1.80, 1.12, 1.80 , -3.325162E-005, 3.325180E-005, 2.400365E-011, -1.032710E-013, 2.150400E+004 1.570926E+074 2.150400E+004, Thu Sep 10 02:59:44 2015
0.00, 1.80, 1.10, 1.80 , -4.045372E-005, 4.049030E-005, 2.375205E-011, -9.999280E-014, 2.150400E+004 1.570926E+074 2.150400E+004, Thu Sep 10 02:59:48 2015
0.00, 1.80, 1.08, 1.80 , -4.846675E-005, 4.850540E-005, 1.964340E-011, -8.696320E-014, 2.150400E+004 1.570926E+074 2.150400E+004, Thu Sep 10 02:59:51 2015
0.00, 1.80, 1.06, 1.80 , -5.741229E-005, 5.745950E-005, 1.909836E-011, -9.204150E-014, 2.150400E+004 1.570926E+074 2.150400E+004, Thu Sep 10 02:59:55 2015
0.00, 1.80, 1.04, 1.80 , -6.728848E-005, 6.730640E-005, 1.616361E-011, -8.922820E-014, 2.150400E+004 1.570926E+074 2.150400E+004, Thu Sep 10 02:59:58 2015
0.00, 1.80, 1.02, 1.80 , -7.797100E-005, 7.801430E-005, 1.519937E-011, -1.100060E-013, 2.150400E+004 1.570926E+074 2.150400E+004, Thu Sep 10 03:00:02 2015
0.00, 1.80, 1.00, 1.80 , -8.950018E-005, 8.952250E-005, 1.339655E-011, -9.372230E-014, 2.150400E+004 1.570926E+074 2.150400E+004, Thu Sep 10 03:00:05 2015
0.00, 1.80, 0.98, 1.80 , -1.018992E-004, 1.019450E-004, 1.348039E-011, -1.046180E-013, 2.150400E+004 1.570926E+074 2.150400E+004, Thu Sep 10 03:00:09 2015
0.00, 1.80, 0.96, 1.80 , -1.154593E-004, 1.154750E-004, 1.008445E-011, -1.021030E-013, 2.150400E+004 1.570926E+074 2.150400E+004, Thu Sep 10 03:00:13 2015
0.00, 1.80, 0.94, 1.80 , -1.294209E-004, 1.294310E-004, 8.742847E-012, -1.079080E-013, 2.150400E+004 1.570926E+074 2.150400E+004, Thu Sep 10 03:00:16 2015
0.00, 1.80, 0.92, 1.80 , -1.440958E-004, 1.441710E-004, 9.120166E-012, -7.774830E-014, 2.150400E+004 1.570926E+074 2.150400E+004, Thu Sep 10 03:00:20 2015
0.00, 1.80, 0.90, 1.80 , -1.596500E-004, 1.596630E-004, 7.485085E-012, -8.809570E-014, 2.150400E+004 1.570926E+074 2.150400E+004, Thu Sep 10 03:00:23 2015
0.00, 1.80, 0.88, 1.80 , -1.758570E-004, 1.759040E-004, 5.137266E-012, -9.424690E-014, 2.150400E+004 1.570926E+074 2.150400E+004, Thu Sep 10 03:00:27 2015
0.00, 1.80, 0.86, 1.80 , -1.926343E-004, 1.927180E-004, 3.418340E-012, -9.530780E-014, 2.150400E+004 1.570926E+074 2.150400E+004, Thu Sep 10 03:00:30 2015
0.00, 1.80, 0.84, 1.80 , -2.100405E-004, 2.100820E-004, 2.244404E-012, -1.047610E-013, 2.150400E+004 1.570926E+074 2.150400E+004, Thu Sep 10 03:00:34 2015
0.00, 1.80, 0.82, 1.80 , -2.279034E-004, 2.279460E-004, 1.657462E-012, -1.068230E-013, 2.150400E+004 1.570926E+074 2.150400E+004, Thu Sep 10 03:00:37 2015
0.00, 1.80, 0.80, 1.80 , -2.462637E-004, 2.462980E-004, -2.409279E-012, -1.036050E-013, 2.150400E+004 1.570926E+074 2.150400E+004, Thu Sep 10 03:00:41 2015
0.00, 1.80, 0.78, 1.80 , -2.650097E-004, 2.650750E-004, -2.618903E-012, -1.095650E-013, 2.150400E+004 1.570926E+074 2.150400E+004, Thu Sep 10 03:00:44 2015
0.00, 1.80, 0.76, 1.80 , -2.841776E-004, 2.842020E-004, -3.331637E-012, -8.230210E-014, 2.150400E+004 1.570926E+074 2.150400E+004, Thu Sep 10 03:00:48 2015
0.00, 1.80, 0.74, 1.80 , -3.037548E-004, 3.037530E-004, -5.260197E-012, -1.043200E-013, 2.150400E+004 1.570926E+074 2.150400E+004, Thu Sep 10 03:00:51 2015
0.00, 1.80, 0.72, 1.80 , -3.236450E-004, 3.236830E-004, -7.817635E-012, -8.543730E-014, 2.150400E+004 1.570926E+074 2.150400E+004, Thu Sep 10 03:00:55 2015
0.00, 1.80, 0.70, 1.80 , -3.437823E-004, 3.438110E-004, -8.530359E-012, -9.444950E-014, 2.150400E+004 1.570926E+074 2.150400E+004, Thu Sep 10 03:00:59 2015
0.00, 1.80, 0.68, 1.80 , -3.642088E-004, 3.642380E-004, -1.024930E-011, -9.818080E-014, 2.150400E+004 1.570926E+074 2.150400E+004, Thu Sep 10 03:01:03 2015
0.00, 1.80, 0.66, 1.80 , -3.849199E-004, 3.849270E-004, -1.066856E-011, -1.112340E-013, 2.150400E+004 1.570926E+074 2.150400E+004, Thu Sep 10 03:01:06 2015
0.00, 1.80, 0.64, 1.80 , -4.058685E-004, 4.058740E-004, -1.322599E-011, -1.035090E-013, 2.150400E+004 1.570926E+074 2.150400E+004, Thu Sep 10 03:01:10 2015
0.00, 1.80, 0.62, 1.80 , -4.269856E-004, 4.270130E-004, -1.448375E-011, -8.540150E-014, 2.150400E+004 1.570926E+074 2.150400E+004, Thu Sep 10 03:01:13 2015
0.00, 1.80, 0.60, 1.80 , -4.484024E-004, 4.484010E-004, -1.548996E-011, -8.627180E-014, 2.150400E+004 1.570926E+074 2.150400E+004, Thu Sep 10 03:01:17 2015
0.00, 1.80, 0.58, 1.80 , -4.699477E-004, 4.699360E-004, -1.821510E-011, -1.114730E-013, 2.150400E+004 1.570926E+074 2.150400E+004, Thu Sep 10 03:01:20 2015
0.00, 1.80, 0.56, 1.80 , -4.917110E-004, 4.916830E-004, -1.750237E-011, -1.024010E-013, 2.150400E+004 1.570926E+074 2.150400E+004, Thu Sep 10 03:01:24 2015
0.00, 1.80, 0.54, 1.80 , -5.136459E-004, 5.136890E-004, -2.131757E-011, -8.543730E-014, 2.150400E+004 1.570926E+074 2.150400E+004, Thu Sep 10 03:01:27 2015
0.00, 1.80, 0.52, 1.80 , -5.358140E-004, 5.358110E-004, -2.278495E-011, -1.018050E-013, 2.150400E+004 1.570926E+074 2.150400E+004, Thu Sep 10 03:01:31 2015
0.00, 1.80, 0.50, 1.80 , -5.581211E-004, 5.581160E-004, -2.534262E-011, -8.851290E-014, 2.150400E+004 1.570926E+074 2.150400E+004, Thu Sep 10 03:01:34 2015
0.00, 1.80, 0.48, 1.80 , -5.804976E-004, 5.804630E-004, -2.576191E-011, -9.326940E-014, 2.150400E+004 1.570926E+074 2.150400E+004, Thu Sep 10 03:01:38 2015
0.00, 1.80, 0.46, 1.80 , -6.030001E-004, 6.030200E-004, -2.940977E-011, -8.922820E-014, 2.150400E+004 1.570926E+074 2.150400E+004, Thu Sep 10 03:01:42 2015
0.00, 1.80, 0.44, 1.80 , -6.254488E-004, 6.254610E-004, -3.058380E-011, -8.155110E-014, 2.150400E+004 1.570926E+074 2.150400E+004, Thu Sep 10 03:01:45 2015
0.00, 1.80, 0.42, 1.80 , -6.482495E-004, 6.482860E-004, -3.100309E-011, -8.217100E-014, 2.150400E+004 1.570926E+074 2.150400E+004, Thu Sep 10 03:01:49 2015
0.00, 1.80, 0.40, 1.80 , -6.712527E-004, 6.712780E-004, -3.171589E-011, -9.247060E-014, 2.150400E+004 1.570926E+074 2.150400E+004, Thu Sep 10 03:01:52 2015
0.00, 1.80, 0.38, 1.80 , -6.940931E-004, 6.942240E-004, -3.049994E-011, -7.830860E-014, 2.150400E+004 1.570926E+074 2.150400E+004, Thu Sep 10 03:01:56 2015
0.00, 1.80, 0.36, 1.80 , -7.175265E-004, 7.171200E-004, -3.293184E-011, -1.069190E-013, 2.150400E+004 1.570926E+074 2.150400E+004, Thu Sep 10 03:01:59 2015
0.00, 1.80, 0.34, 1.80 , -7.405478E-004, 7.404780E-004, -3.410587E-011, -9.239910E-014, 2.150400E+004 1.570926E+074 2.150400E+004, Thu Sep 10 03:02:03 2015
0.00, 1.80, 0.32, 1.80 , -7.639060E-004, 7.638790E-004, -3.842460E-011, -7.762910E-014, 2.150400E+004 1.570926E+074 2.150400E+004, Thu Sep 10 03:02:06 2015
0.00, 1.80, 0.30, 1.80 , -7.875580E-004, 7.875280E-004, -3.804724E-011, -1.062390E-013, 2.150400E+004 1.570926E+074 2.150400E+004, Thu Sep 10 03:02:10 2015
0.00, 1.80, 0.28, 1.80 , -8.112557E-004, 8.111470E-004, -3.876003E-011, -9.287600E-014, 2.150400E+004 1.570926E+074 2.150400E+004, Thu Sep 10 03:02:13 2015
0.00, 1.80, 0.26, 1.80 , -8.350374E-004, 8.349050E-004, -4.211438E-011, -9.782310E-014, 2.150400E+004 1.570926E+074 2.150400E+004, Thu Sep 10 03:02:17 2015
0.00, 1.80, 0.24, 1.80 , -8.588204E-004, 8.587490E-004, -4.349806E-011, -1.102330E-013, 2.150400E+004 1.570926E+074 2.150400E+004, Thu Sep 10 03:02:20 2015
0.00, 1.80, 0.22, 1.80 , -8.826824E-004, 8.825760E-004, -4.349805E-011, -9.530780E-014, 2.150400E+004 1.570926E+074 2.150400E+004, Thu Sep 10 03:02:24 2015
0.00, 1.80, 0.20, 1.80 , -9.066224E-004, 9.065830E-004, -4.588803E-011, -1.019360E-013, 2.150400E+004 1.570926E+074 2.150400E+004, Thu Sep 10 03:02:28 2015
0.00, 1.80, 0.18, 1.80 , -9.306459E-004, 9.305400E-004, -4.622346E-011, -1.003860E-013, 2.150400E+004 1.570926E+074 2.150400E+004, Thu Sep 10 03:02:31 2015
0.00, 1.80, 0.16, 1.80 , -9.547010E-004, 9.546740E-004, -4.777486E-011, -1.158600E-013, 2.150400E+004 1.570926E+074 2.150400E+004, Thu Sep 10 03:02:35 2015
0.00, 1.80, 0.14, 1.80 , -9.786704E-004, 9.786670E-004, -4.936816E-011, -9.387730E-014, 2.150400E+004 1.570926E+074 2.150400E+004, Thu Sep 10 03:02:38 2015
0.00, 1.80, 0.12, 1.80 , -1.002708E-003, 1.001990E-003, -5.079378E-011, -7.666350E-014, 2.150400E+004 1.570926E+074 2.150400E+004, Thu Sep 10 03:02:42 2015
0.00, 1.80, 0.10, 1.80 , -1.026716E-003, 1.025900E-003, -5.347727E-011, -9.571310E-014, 2.150400E+004 1.570926E+074 2.150400E+004, Thu Sep 10 03:02:45 2015
0.00, 1.80, 0.08, 1.80 , -1.050802E-003, 1.050060E-003, -5.322567E-011, -9.332900E-014, 2.150400E+004 1.570926E+074 2.150400E+004, Thu Sep 10 03:02:49 2015
0.00, 1.80, 0.06, 1.80 , -1.074728E-003, 1.074040E-003, -5.494480E-011, -1.000640E-013, 2.150400E+004 1.570926E+074 2.150400E+004, Thu Sep 10 03:02:52 2015
0.00, 1.80, 0.04, 1.80 , -1.098713E-003, 1.098010E-003, -5.507057E-011, -1.073600E-013, 2.150400E+004 1.570926E+074 2.150400E+004, Thu Sep 10 03:02:56 2015
0.00, 1.80, 0.02, 1.80 , -1.122674E-003, 1.121960E-003, -5.846688E-011, -1.012330E-013, 2.150400E+004 1.570926E+074 2.150400E+004, Thu Sep 10 03:02:59 2015
0.00, 1.80, 0.00, 1.80 , -1.146616E-003, 1.145950E-003, -5.985055E-011, -1.167770E-013, 2.150400E+004 1.570926E+074 2.150400E+004, Thu Sep 10 03:03:03 2015
0.00, 1.80, -0.02, 1.80 , -1.170475E-003, 1.169740E-003, -6.278560E-011, -9.974240E-014, 2.150400E+004 1.570926E+074 2.150400E+004, Thu Sep 10 03:03:07 2015
0.00, 1.80, -0.04, 1.80 , -1.194210E-003, 1.193490E-003, -6.106649E-011, -1.005890E-013, 2.150400E+004 1.570926E+074 2.150400E+004, Thu Sep 10 03:03:10 2015
0.00, 1.80, -0.06, 1.80 , -1.218022E-003, 1.217300E-003, -6.245017E-011, -1.068590E-013, 2.150400E+004 1.570926E+074 2.150400E+004, Thu Sep 10 03:03:14 2015
0.00, 1.80, -0.08, 1.80 , -1.241619E-003, 1.240890E-003, -6.613995E-011, -9.491440E-014, 2.150400E+004 1.570926E+074 2.150400E+004, Thu Sep 10 03:03:17 2015
0.00, 1.80, -0.10, 1.80 , -1.265180E-003, 1.264450E-003, -6.987168E-011, -8.046630E-014, 2.150400E+004 1.570926E+074 2.150400E+004, Thu Sep 10 03:03:21 2015
0.00, 1.80, -0.12, 1.80 , -1.288675E-003, 1.287860E-003, -6.756555E-011, -1.057620E-013, 2.150400E+004 1.570926E+074 2.150400E+004, Thu Sep 10 03:03:24 2015
0.00, 1.80, -0.14, 1.80 , -1.312027E-003, 1.311290E-003, -6.899110E-011, -9.468790E-014, 2.150400E+004 1.570926E+074 2.150400E+004, Thu Sep 10 03:03:28 2015
0.00, 1.80, -0.16, 1.80 , -1.335308E-003, 1.334510E-003, -7.117145E-011, -1.013040E-013, 2.150400E+004 1.570926E+074 2.150400E+004, Thu Sep 10 03:03:31 2015
0.00, 1.80, -0.18, 1.80 , -1.358496E-003, 1.357710E-003, -7.091995E-011, -9.337660E-014, 2.150400E+004 1.570926E+074 2.150400E+004, Thu Sep 10 03:03:35 2015
0.00, 1.80, -0.20, 1.80 , -1.381513E-003, 1.380640E-003, -7.515476E-011, -9.675030E-014, 2.150400E+004 1.570926E+074 2.150400E+004, Thu Sep 10 03:03:38 2015
