1.80, 1.80, 1.40, 1.80 , 2.148558E-010, 5.438740E-011, 3.783898E-011, -1.000170E-013, 2.150400E+004 1.570926E+074 2.150400E+004, Thu Sep 10 03:36:05 2015
1.75, 1.80, 1.40, 1.80 , 1.916477E-010, 5.415480E-011, 3.817438E-011, -1.012680E-013, 2.150400E+004 1.570926E+074 2.150400E+004, Thu Sep 10 03:36:10 2015
1.70, 1.80, 1.40, 1.80 , 1.718577E-010, 5.399840E-011, 4.043838E-011, -9.254220E-014, 2.150400E+004 1.570926E+074 2.150400E+004, Thu Sep 10 03:36:15 2015
1.65, 1.80, 1.40, 1.80 , 1.542196E-010, 5.450250E-011, 3.838399E-011, -1.026510E-013, 2.150400E+004 1.570926E+074 2.150400E+004, Thu Sep 10 03:36:19 2015
1.60, 1.80, 1.40, 1.80 , 1.372566E-010, 5.387550E-011, 3.947406E-011, -1.031280E-013, 2.150400E+004 1.570926E+074 2.150400E+004, Thu Sep 10 03:36:24 2015
1.55, 1.80, 1.40, 1.80 , 1.250197E-010, 5.376450E-011, 3.951595E-011, -1.147750E-013, 2.150400E+004 1.570926E+074 2.150400E+004, Thu Sep 10 03:36:30 2015
1.50, 1.80, 1.40, 1.80 , 1.138798E-010, 5.421490E-011, 3.863556E-011, -7.747410E-014, 2.150400E+004 1.570926E+074 2.150400E+004, Thu Sep 10 03:36:36 2015
1.45, 1.80, 1.40, 1.80 , 1.007989E-010, 5.378760E-011, 3.888707E-011, -1.139520E-013, 2.150400E+004 1.570926E+074 2.150400E+004, Thu Sep 10 03:36:42 2015
1.40, 1.80, 1.40, 1.80 , 9.244399E-011, 5.382250E-011, 4.102527E-011, -1.095530E-013, 2.150400E+004 1.570926E+074 2.150400E+004, Thu Sep 10 03:36:47 2015
1.35, 1.80, 1.40, 1.80 , 8.413127E-011, 5.409100E-011, 4.203152E-011, -1.029850E-013, 2.150400E+004 1.570926E+074 2.150400E+004, Thu Sep 10 03:37:01 2015
1.30, 1.80, 1.40, 1.80 , 7.252728E-011, 5.400720E-011, 4.312153E-011, -8.721350E-014, 2.150400E+004 1.570926E+074 2.150400E+004, Thu Sep 10 03:37:07 2015
1.25, 1.80, 1.40, 1.80 , 6.573366E-011, 5.401360E-011, 4.131876E-011, -9.840730E-014, 2.150400E+004 1.570926E+074 2.150400E+004, Thu Sep 10 03:37:13 2015
1.20, 1.80, 1.40, 1.80 , 5.615505E-011, 5.390460E-011, 4.115104E-011, -9.692910E-014, 2.150400E+004 1.570926E+074 2.150400E+004, Thu Sep 10 03:37:22 2015
1.15, 1.80, 1.40, 1.80 , 5.016315E-011, 5.351430E-011, 4.085762E-011, -6.994010E-014, 2.150400E+004 1.570926E+074 2.150400E+004, Thu Sep 10 03:37:31 2015
1.10, 1.80, 1.40, 1.80 , 3.771520E-011, 5.369100E-011, 4.207339E-011, -1.090410E-013, 2.150400E+004 1.570926E+074 2.150400E+004, Thu Sep 10 03:37:57 2015
1.05, 1.80, 1.40, 1.80 , 3.142796E-011, 5.357360E-011, 4.140259E-011, -9.210110E-014, 2.150400E+004 1.570926E+074 2.150400E+004, Thu Sep 10 03:38:05 2015
1.00, 1.80, 1.40, 1.80 , 2.585802E-011, 5.321630E-011, 4.442118E-011, -9.536740E-014, 2.150400E+004 1.570926E+074 2.150400E+004, Thu Sep 10 03:39:03 2015
0.95, 1.80, 1.40, 1.80 , 1.636385E-011, 5.300640E-011, 4.278614E-011, -9.211300E-014, 2.150400E+004 1.570926E+074 2.150400E+004, Thu Sep 10 03:39:22 2015
0.90, 1.80, 1.40, 1.80 , 5.181800E-012, 5.287010E-011, 4.387616E-011, -1.140710E-013, 2.150400E+004 1.570926E+074 2.150400E+004, Thu Sep 10 03:39:26 2015
0.85, 1.80, 1.40, 1.80 , 2.868825E-013, 5.336960E-011, 4.685287E-011, -8.704660E-014, 2.150400E+004 1.570926E+074 2.150400E+004, Thu Sep 10 03:39:29 2015
0.80, 1.80, 1.40, 1.80 , -8.406283E-012, 5.291120E-011, 4.618206E-011, -8.559230E-014, 2.150400E+004 1.570926E+074 2.150400E+004, Thu Sep 10 03:39:33 2015
0.75, 1.80, 1.40, 1.80 , -8.406277E-012, 5.284770E-011, 4.320534E-011, -7.630590E-014, 2.150400E+004 1.570926E+074 2.150400E+004, Thu Sep 10 03:39:53 2015
0.70, 1.80, 1.40, 1.80 , -2.342943E-011, 5.278460E-011, 4.538542E-011, -8.617640E-014, 2.150400E+004 1.570926E+074 2.150400E+004, Thu Sep 10 03:39:59 2015
0.65, 1.80, 1.40, 1.80 , -2.752281E-011, 5.319260E-011, 4.567894E-011, -8.633140E-014, 2.150400E+004 1.570926E+074 2.150400E+004, Thu Sep 10 03:40:05 2015
0.60, 1.80, 1.40, 1.80 , -3.697556E-011, 5.282430E-011, 4.538544E-011, -9.253030E-014, 2.150400E+004 1.570926E+074 2.150400E+004, Thu Sep 10 03:40:11 2015
0.55, 1.80, 1.40, 1.80 , -4.081575E-011, 5.275310E-011, 4.664318E-011, -1.041050E-013, 2.150400E+004 1.570926E+074 2.150400E+004, Thu Sep 10 03:40:34 2015
0.50, 1.80, 1.40, 1.80 , -4.604853E-011, 5.265710E-011, 4.689475E-011, -1.103640E-013, 2.150400E+004 1.570926E+074 2.150400E+004, Thu Sep 10 03:40:47 2015
0.45, 1.80, 1.40, 1.80 , -5.385550E-011, 5.289910E-011, 4.555310E-011, -7.747410E-014, 2.150400E+004 1.570926E+074 2.150400E+004, Thu Sep 10 03:40:52 2015
0.40, 1.80, 1.40, 1.80 , -5.942586E-011, 5.265070E-011, 4.630780E-011, -9.108780E-014, 2.150400E+004 1.570926E+074 2.150400E+004, Thu Sep 10 03:40:57 2015
0.35, 1.80, 1.40, 1.80 , -7.035564E-011, 5.240790E-011, 4.999721E-011, -9.979010E-014, 2.150400E+004 1.570926E+074 2.150400E+004, Thu Sep 10 03:41:02 2015
0.30, 1.80, 1.40, 1.80 , -7.449119E-011, 5.258340E-011, 4.739781E-011, -8.993150E-014, 2.150400E+004 1.570926E+074 2.150400E+004, Thu Sep 10 03:41:10 2015
0.25, 1.80, 1.40, 1.80 , -8.276233E-011, 5.259020E-011, 4.760749E-011, -9.062290E-014, 2.150400E+004 1.570926E+074 2.150400E+004, Thu Sep 10 03:41:15 2015
0.20, 1.80, 1.40, 1.80 , -8.672908E-011, 5.243540E-011, 4.836213E-011, -8.884670E-014, 2.150400E+004 1.570926E+074 2.150400E+004, Thu Sep 10 03:41:29 2015
0.15, 1.80, 1.40, 1.80 , -9.457834E-011, 5.256420E-011, 4.966180E-011, -1.058820E-013, 2.150400E+004 1.570926E+074 2.150400E+004, Thu Sep 10 03:41:34 2015
0.10, 1.80, 1.40, 1.80 , -1.022587E-010, 5.236360E-011, 4.391801E-011, -9.770390E-014, 2.150400E+004 1.570926E+074 2.150400E+004, Thu Sep 10 03:41:44 2015
0.05, 1.80, 1.40, 1.80 , -1.085464E-010, 5.221190E-011, 4.743973E-011, -1.002430E-013, 2.150400E+004 1.570926E+074 2.150400E+004, Thu Sep 10 03:41:57 2015
0.00, 1.80, 1.40, 1.80 , -1.138636E-010, 5.230010E-011, 4.760740E-011, -8.972880E-014, 2.150400E+004 1.570926E+074 2.150400E+004, Thu Sep 10 03:42:01 2015
-0.05, 1.80, 1.40, 1.80 , -1.210375E-010, 5.252800E-011, 4.693665E-011, -9.324550E-014, 2.150400E+004 1.570926E+074 2.150400E+004, Thu Sep 10 03:42:08 2015
-0.10, 1.80, 1.40, 1.80 , -1.268612E-010, 5.214500E-011, 4.723014E-011, -1.243110E-013, 2.150400E+004 1.570926E+074 2.150400E+004, Thu Sep 10 03:42:13 2015
-0.15, 1.80, 1.40, 1.80 , -1.351323E-010, 5.236440E-011, 4.991340E-011, -1.067040E-013, 2.150400E+004 1.570926E+074 2.150400E+004, Thu Sep 10 03:42:18 2015
-0.20, 1.80, 1.40, 1.80 , -1.390147E-010, 5.235850E-011, 5.142274E-011, -1.153830E-013, 2.150400E+004 1.570926E+074 2.150400E+004, Thu Sep 10 03:42:24 2015
