1.80, 1.80, 0.60, 1.80 , 1.734608E-007, -1.742740E-007, -7.947254E-011, -1.039500E-013, 2.150400E+004 1.570926E+074 2.150400E+004, Sat Sep 05 03:00:13 2015
1.75, 1.80, 0.60, 1.80 , -3.526986E-005, 3.526210E-005, -5.423144E-011, -1.028900E-013, 2.150400E+004 1.570926E+074 2.150400E+004, Sat Sep 05 03:00:17 2015
1.70, 1.80, 0.60, 1.80 , -6.925367E-005, 6.923790E-005, -4.571991E-011, -1.170990E-013, 2.150400E+004 1.570926E+074 2.150400E+004, Sat Sep 05 03:00:21 2015
1.65, 1.80, 0.60, 1.80 , -1.015406E-004, 1.015110E-004, -3.762768E-011, -1.126650E-013, 2.150400E+004 1.570926E+074 2.150400E+004, Sat Sep 05 03:00:24 2015
1.60, 1.80, 0.60, 1.80 , -1.321238E-004, 1.321150E-004, -3.972412E-011, -1.118060E-013, 2.150400E+004 1.570926E+074 2.150400E+004, Sat Sep 05 03:00:28 2015
1.55, 1.80, 0.60, 1.80 , -1.610191E-004, 1.609810E-004, -3.691490E-011, -9.561780E-014, 2.150400E+004 1.570926E+074 2.150400E+004, Sat Sep 05 03:00:31 2015
1.50, 1.80, 0.60, 1.80 , -1.881122E-004, 1.880900E-004, -3.393796E-011, -1.015900E-013, 2.150400E+004 1.570926E+074 2.150400E+004, Sat Sep 05 03:00:35 2015
1.45, 1.80, 0.60, 1.80 , -2.132697E-004, 2.132480E-004, -3.175767E-011, -1.122710E-013, 2.150400E+004 1.570926E+074 2.150400E+004, Sat Sep 05 03:00:38 2015
1.40, 1.80, 0.60, 1.80 , -2.363895E-004, 2.363640E-004, -3.335096E-011, -8.653400E-014, 2.150400E+004 1.570926E+074 2.150400E+004, Sat Sep 05 03:00:42 2015
1.35, 1.80, 0.60, 1.80 , -2.573022E-004, 2.572600E-004, -3.301552E-011, -1.007800E-013, 2.150400E+004 1.570926E+074 2.150400E+004, Sat Sep 05 03:00:46 2015
1.30, 1.80, 0.60, 1.80 , -2.760728E-004, 2.759890E-004, -2.936773E-011, -9.475950E-014, 2.150400E+004 1.570926E+074 2.150400E+004, Sat Sep 05 03:00:49 2015
1.25, 1.80, 0.60, 1.80 , -2.926677E-004, 2.926320E-004, -3.112874E-011, -9.548660E-014, 2.150400E+004 1.570926E+074 2.150400E+004, Sat Sep 05 03:00:53 2015
1.20, 1.80, 0.60, 1.80 , -3.070582E-004, 3.069910E-004, -3.033209E-011, -9.688140E-014, 2.150400E+004 1.570926E+074 2.150400E+004, Sat Sep 05 03:00:56 2015
1.15, 1.80, 0.60, 1.80 , -3.192599E-004, 3.192160E-004, -3.054174E-011, -1.038550E-013, 2.150400E+004 1.570926E+074 2.150400E+004, Sat Sep 05 03:01:00 2015
1.10, 1.80, 0.60, 1.80 , -3.294548E-004, 3.293900E-004, -3.171575E-011, -8.925200E-014, 2.150400E+004 1.570926E+074 2.150400E+004, Sat Sep 05 03:01:03 2015
1.05, 1.80, 0.60, 1.80 , -3.377111E-004, 3.376750E-004, -2.790023E-011, -8.389950E-014, 2.150400E+004 1.570926E+074 2.150400E+004, Sat Sep 05 03:01:07 2015
1.00, 1.80, 0.60, 1.80 , -3.443577E-004, 3.443190E-004, -3.003859E-011, -1.198290E-013, 2.150400E+004 1.570926E+074 2.150400E+004, Sat Sep 05 03:01:10 2015
0.95, 1.80, 0.60, 1.80 , -3.496832E-004, 3.496700E-004, -2.752287E-011, -9.830000E-014, 2.150400E+004 1.570926E+074 2.150400E+004, Sat Sep 05 03:01:14 2015
0.90, 1.80, 0.60, 1.80 , -3.539846E-004, 3.539780E-004, -2.681008E-011, -1.076340E-013, 2.150400E+004 1.570926E+074 2.150400E+004, Sat Sep 05 03:01:17 2015
0.85, 1.80, 0.60, 1.80 , -3.575165E-004, 3.574690E-004, -2.517486E-011, -9.939670E-014, 2.150400E+004 1.570926E+074 2.150400E+004, Sat Sep 05 03:01:21 2015
0.80, 1.80, 0.60, 1.80 , -3.603740E-004, 3.603220E-004, -2.773251E-011, -1.177910E-013, 2.150400E+004 1.570926E+074 2.150400E+004, Sat Sep 05 03:01:25 2015
0.75, 1.80, 0.60, 1.80 , -3.628100E-004, 3.627290E-004, -2.525872E-011, -1.222850E-013, 2.150400E+004 1.570926E+074 2.150400E+004, Sat Sep 05 03:01:28 2015
0.70, 1.80, 0.60, 1.80 , -3.649339E-004, 3.648700E-004, -2.559415E-011, -8.444790E-014, 2.150400E+004 1.570926E+074 2.150400E+004, Sat Sep 05 03:01:32 2015
0.65, 1.80, 0.60, 1.80 , -3.668176E-004, 3.667700E-004, -2.282688E-011, -1.039030E-013, 2.150400E+004 1.570926E+074 2.150400E+004, Sat Sep 05 03:01:35 2015
0.60, 1.80, 0.60, 1.80 , -3.685785E-004, 3.684900E-004, -2.492329E-011, -1.175170E-013, 2.150400E+004 1.570926E+074 2.150400E+004, Sat Sep 05 03:01:39 2015
0.55, 1.80, 0.60, 1.80 , -3.701651E-004, 3.701000E-004, -2.622308E-011, -1.165030E-013, 2.150400E+004 1.570926E+074 2.150400E+004, Sat Sep 05 03:01:42 2015
0.50, 1.80, 0.60, 1.80 , -3.716752E-004, 3.716080E-004, -2.442015E-011, -1.152520E-013, 2.150400E+004 1.570926E+074 2.150400E+004, Sat Sep 05 03:01:46 2015
0.45, 1.80, 0.60, 1.80 , -3.730373E-004, 3.729740E-004, -2.412665E-011, -9.324550E-014, 2.150400E+004 1.570926E+074 2.150400E+004, Sat Sep 05 03:01:49 2015
0.40, 1.80, 0.60, 1.80 , -3.743558E-004, 3.742980E-004, -2.475558E-011, -1.013990E-013, 2.150400E+004 1.570926E+074 2.150400E+004, Sat Sep 05 03:01:53 2015
0.35, 1.80, 0.60, 1.80 , -3.756000E-004, 3.755100E-004, -2.442015E-011, -1.042370E-013, 2.150400E+004 1.570926E+074 2.150400E+004, Sat Sep 05 03:01:57 2015
0.30, 1.80, 0.60, 1.80 , -3.767619E-004, 3.767220E-004, -2.584572E-011, -1.103640E-013, 2.150400E+004 1.570926E+074 2.150400E+004, Sat Sep 05 03:02:00 2015
0.25, 1.80, 0.60, 1.80 , -3.778517E-004, 3.777800E-004, -2.387507E-011, -1.009460E-013, 2.150400E+004 1.570926E+074 2.150400E+004, Sat Sep 05 03:02:04 2015
0.20, 1.80, 0.60, 1.80 , -3.789002E-004, 3.788600E-004, -2.182069E-011, -9.579660E-014, 2.150400E+004 1.570926E+074 2.150400E+004, Sat Sep 05 03:02:07 2015
0.15, 1.80, 0.60, 1.80 , -3.799452E-004, 3.799160E-004, -2.362350E-011, -9.605880E-014, 2.150400E+004 1.570926E+074 2.150400E+004, Sat Sep 05 03:02:11 2015
0.10, 1.80, 0.60, 1.80 , -3.809146E-004, 3.808230E-004, -2.182069E-011, -9.205340E-014, 2.150400E+004 1.570926E+074 2.150400E+004, Sat Sep 05 03:02:14 2015
0.05, 1.80, 0.60, 1.80 , -3.818687E-004, 3.818180E-004, -2.253341E-011, -1.013870E-013, 2.150400E+004 1.570926E+074 2.150400E+004, Sat Sep 05 03:02:18 2015
0.00, 1.80, 0.60, 1.80 , -3.827807E-004, 3.827510E-004, -2.135952E-011, -1.057390E-013, 2.150400E+004 1.570926E+074 2.150400E+004, Sat Sep 05 03:02:21 2015
-0.05, 1.80, 0.60, 1.80 , -3.836223E-004, 3.835370E-004, -2.031141E-011, -1.079320E-013, 2.150400E+004 1.570926E+074 2.150400E+004, Sat Sep 05 03:02:25 2015
-0.10, 1.80, 0.60, 1.80 , -3.844695E-004, 3.844480E-004, -1.938907E-011, -8.802410E-014, 2.150400E+004 1.570926E+074 2.150400E+004, Sat Sep 05 03:02:28 2015
-0.15, 1.80, 0.60, 1.80 , -3.852768E-004, 3.852080E-004, -2.035333E-011, -1.009350E-013, 2.150400E+004 1.570926E+074 2.150400E+004, Sat Sep 05 03:02:32 2015
-0.20, 1.80, 0.60, 1.80 , -3.860914E-004, 3.860390E-004, -2.098220E-011, -1.006010E-013, 2.150400E+004 1.570926E+074 2.150400E+004, Sat Sep 05 03:02:36 2015
