1.80, 1.80, 1.80, 1.80 , -6.380494E-012, 2.155310E-010, 6.691384E-010, -5.952120E-014, 2.150400E+004 1.570926E+074 2.150400E+004, Sat Sep 05 02:48:37 2015
1.75, 1.80, 1.80, 1.80 , -9.081228E-012, 2.039000E-010, 5.697771E-010, -5.098580E-014, 2.150400E+004 1.570926E+074 2.150400E+004, Sat Sep 05 02:48:40 2015
1.70, 1.80, 1.80, 1.80 , -1.186635E-011, 1.982320E-010, 5.310812E-010, -8.077620E-014, 2.150400E+004 1.570926E+074 2.150400E+004, Sat Sep 05 02:48:48 2015
1.65, 1.80, 1.80, 1.80 , -1.465148E-011, 1.801300E-010, 5.239121E-010, -8.445980E-014, 2.150400E+004 1.570926E+074 2.150400E+004, Sat Sep 05 02:48:55 2015
1.60, 1.80, 1.80, 1.80 , -1.743659E-011, 1.774980E-010, 5.078548E-010, -8.549690E-014, 2.150400E+004 1.570926E+074 2.150400E+004, Sat Sep 05 02:49:06 2015
1.55, 1.80, 1.80, 1.80 , -1.891354E-011, 1.524690E-010, 4.920073E-010, -1.047730E-013, 2.150400E+004 1.570926E+074 2.150400E+004, Sat Sep 05 02:49:51 2015
1.50, 1.80, 1.80, 1.80 , -2.152986E-011, 1.560530E-010, 4.963254E-010, -1.030680E-013, 2.150400E+004 1.570926E+074 2.150400E+004, Sat Sep 05 02:50:08 2015
1.45, 1.80, 1.80, 1.80 , -2.570756E-011, 1.585580E-010, 4.913781E-010, -7.092950E-014, 2.150400E+004 1.570926E+074 2.150400E+004, Sat Sep 05 02:50:15 2015
1.40, 1.80, 1.80, 1.80 , -2.604516E-011, 1.525390E-010, 4.905399E-010, -1.039390E-013, 2.150400E+004 1.570926E+074 2.150400E+004, Sat Sep 05 02:50:26 2015
1.35, 1.80, 1.80, 1.80 , -2.984304E-011, 1.577330E-010, 4.896594E-010, -1.046180E-013, 2.150400E+004 1.570926E+074 2.150400E+004, Sat Sep 05 02:50:36 2015
1.30, 1.80, 1.80, 1.80 , -2.832389E-011, 1.600020E-010, 4.821967E-010, -8.562800E-014, 2.150400E+004 1.570926E+074 2.150400E+004, Sat Sep 05 02:50:49 2015
1.25, 1.80, 1.80, 1.80 , -3.123559E-011, 1.616180E-010, 4.824901E-010, -9.227990E-014, 2.150400E+004 1.570926E+074 2.150400E+004, Sat Sep 05 02:51:00 2015
1.20, 1.80, 1.80, 1.80 , -3.435834E-011, 1.640100E-010, 4.868506E-010, -1.001480E-013, 2.150400E+004 1.570926E+074 2.150400E+004, Sat Sep 05 02:51:06 2015
1.15, 1.80, 1.80, 1.80 , -3.625728E-011, 1.603100E-010, 4.871858E-010, -1.110670E-013, 2.150400E+004 1.570926E+074 2.150400E+004, Sat Sep 05 02:51:10 2015
1.10, 1.80, 1.80, 1.80 , -3.444272E-011, 1.621160E-010, 4.843769E-010, -8.606910E-014, 2.150400E+004 1.570926E+074 2.150400E+004, Sat Sep 05 02:51:22 2015
1.05, 1.80, 1.80, 1.80 , -3.794521E-011, 1.560270E-010, 4.829512E-010, -9.800200E-014, 2.150400E+004 1.570926E+074 2.150400E+004, Sat Sep 05 02:51:35 2015
1.00, 1.80, 1.80, 1.80 , -3.988638E-011, 1.572370E-010, 4.860536E-010, -8.817910E-014, 2.150400E+004 1.570926E+074 2.150400E+004, Sat Sep 05 02:51:42 2015
0.95, 1.80, 1.80, 1.80 , -3.963317E-011, 1.552860E-010, 4.878564E-010, -9.579660E-014, 2.150400E+004 1.570926E+074 2.150400E+004, Sat Sep 05 02:51:49 2015
0.90, 1.80, 1.80, 1.80 , -3.992858E-011, 1.553030E-010, 4.864313E-010, -1.038310E-013, 2.150400E+004 1.570926E+074 2.150400E+004, Sat Sep 05 02:52:11 2015
0.85, 1.80, 1.80, 1.80 , -4.203850E-011, 1.560510E-010, 4.880661E-010, -9.295940E-014, 2.150400E+004 1.570926E+074 2.150400E+004, Sat Sep 05 02:52:17 2015
0.80, 1.80, 1.80, 1.80 , -4.313569E-011, 1.612260E-010, 4.855926E-010, -7.114410E-014, 2.150400E+004 1.570926E+074 2.150400E+004, Sat Sep 05 02:52:31 2015
0.75, 1.80, 1.80, 1.80 , -4.533003E-011, 1.571500E-010, 4.834124E-010, -9.506940E-014, 2.150400E+004 1.570926E+074 2.150400E+004, Sat Sep 05 02:52:39 2015
0.70, 1.80, 1.80, 1.80 , -5.136443E-011, 1.582580E-010, 4.865986E-010, -1.085160E-013, 2.150400E+004 1.570926E+074 2.150400E+004, Sat Sep 05 02:52:44 2015
0.65, 1.80, 1.80, 1.80 , -4.895909E-011, 1.538510E-010, 4.843764E-010, -1.124620E-013, 2.150400E+004 1.570926E+074 2.150400E+004, Sat Sep 05 02:52:57 2015
0.60, 1.80, 1.80, 1.80 , -4.697578E-011, 1.587970E-010, 4.825735E-010, -8.701090E-014, 2.150400E+004 1.570926E+074 2.150400E+004, Sat Sep 05 02:53:16 2015
0.55, 1.80, 1.80, 1.80 , -4.921228E-011, 1.588080E-010, 4.798908E-010, -9.506940E-014, 2.150400E+004 1.570926E+074 2.150400E+004, Sat Sep 05 02:53:26 2015
0.50, 1.80, 1.80, 1.80 , -5.343217E-011, 1.615710E-010, 4.849217E-010, -1.017570E-013, 2.150400E+004 1.570926E+074 2.150400E+004, Sat Sep 05 02:53:30 2015
0.45, 1.80, 1.80, 1.80 , -5.503575E-011, 1.604670E-010, 4.867244E-010, -1.064540E-013, 2.150400E+004 1.570926E+074 2.150400E+004, Sat Sep 05 02:53:36 2015
0.40, 1.80, 1.80, 1.80 , -5.562649E-011, 1.614390E-010, 4.865984E-010, -1.051550E-013, 2.150400E+004 1.570926E+074 2.150400E+004, Sat Sep 05 02:53:41 2015
0.35, 1.80, 1.80, 1.80 , -5.579534E-011, 1.621210E-010, 4.874789E-010, -9.303090E-014, 2.150400E+004 1.570926E+074 2.150400E+004, Sat Sep 05 02:53:48 2015
0.30, 1.80, 1.80, 1.80 , -5.811627E-011, 1.615200E-010, 4.915875E-010, -9.709600E-014, 2.150400E+004 1.570926E+074 2.150400E+004, Sat Sep 05 02:53:55 2015
0.25, 1.80, 1.80, 1.80 , -5.777862E-011, 1.600100E-010, 4.916292E-010, -1.085160E-013, 2.150400E+004 1.570926E+074 2.150400E+004, Sat Sep 05 02:54:07 2015
0.20, 1.80, 1.80, 1.80 , -6.009959E-011, 1.602380E-010, 4.928453E-010, -9.934900E-014, 2.150400E+004 1.570926E+074 2.150400E+004, Sat Sep 05 02:54:13 2015
0.15, 1.80, 1.80, 1.80 , -6.136554E-011, 1.604560E-010, 4.956124E-010, -9.368660E-014, 2.150400E+004 1.570926E+074 2.150400E+004, Sat Sep 05 02:54:20 2015
0.10, 1.80, 1.80, 1.80 , -6.486804E-011, 1.611790E-010, 4.989242E-010, -9.531970E-014, 2.150400E+004 1.570926E+074 2.150400E+004, Sat Sep 05 02:54:26 2015
0.05, 1.80, 1.80, 1.80 , -6.507905E-011, 1.602310E-010, 5.022781E-010, -9.663110E-014, 2.150400E+004 1.570926E+074 2.150400E+004, Sat Sep 05 02:54:31 2015
0.00, 1.80, 1.80, 1.80 , -6.934108E-011, 1.604340E-010, 5.070577E-010, -1.111750E-013, 2.150400E+004 1.570926E+074 2.150400E+004, Sat Sep 05 02:54:36 2015
-0.05, 1.80, 1.80, 1.80 , -6.651386E-011, 1.651410E-010, 4.978346E-010, -9.900330E-014, 2.150400E+004 1.570926E+074 2.150400E+004, Sat Sep 05 02:54:51 2015
-0.10, 1.80, 1.80, 1.80 , -6.748434E-011, 1.636390E-010, 5.008524E-010, -9.994510E-014, 2.150400E+004 1.570926E+074 2.150400E+004, Sat Sep 05 02:54:57 2015
-0.15, 1.80, 1.80, 1.80 , -6.950993E-011, 1.661650E-010, 4.994691E-010, -1.036640E-013, 2.150400E+004 1.570926E+074 2.150400E+004, Sat Sep 05 02:55:04 2015
-0.20, 1.80, 1.80, 1.80 , -7.170426E-011, 1.682470E-010, 5.011462E-010, -1.064540E-013, 2.150400E+004 1.570926E+074 2.150400E+004, Sat Sep 05 02:55:10 2015
