1.80, 1.80, 1.00, 1.80 , 1.055869E-007, -1.049670E-007, -3.523775E-011, -1.218080E-013, 2.150400E+004 1.570926E+074 2.150400E+004, Sat Sep 05 02:57:45 2015
1.75, 1.80, 1.00, 1.80 , -2.091869E-005, 2.091460E-005, -2.278496E-011, -9.955170E-014, 2.150400E+004 1.570926E+074 2.150400E+004, Sat Sep 05 02:57:49 2015
1.70, 1.80, 1.00, 1.80 , -3.938345E-005, 3.936630E-005, -1.599318E-011, -8.983610E-014, 2.150400E+004 1.570926E+074 2.150400E+004, Sat Sep 05 02:57:52 2015
1.65, 1.80, 1.00, 1.80 , -5.511448E-005, 5.511200E-005, -1.016567E-011, -8.168220E-014, 2.150400E+004 1.570926E+074 2.150400E+004, Sat Sep 05 02:57:56 2015
1.60, 1.80, 1.00, 1.80 , -6.810979E-005, 6.808390E-005, -3.038507E-012, -1.094580E-013, 2.150400E+004 1.570926E+074 2.150400E+004, Sat Sep 05 02:57:59 2015
1.55, 1.80, 1.00, 1.80 , -7.843052E-005, 7.840310E-005, 1.363576E-012, -8.379220E-014, 2.150400E+004 1.570926E+074 2.150400E+004, Sat Sep 05 02:58:03 2015
1.50, 1.80, 1.00, 1.80 , -8.623639E-005, 8.621080E-005, 5.011033E-012, -1.084450E-013, 2.150400E+004 1.570926E+074 2.150400E+004, Sat Sep 05 02:58:06 2015
1.45, 1.80, 1.00, 1.80 , -9.183831E-005, 9.180500E-005, 9.413099E-012, -9.140970E-014, 2.150400E+004 1.570926E+074 2.150400E+004, Sat Sep 05 02:58:10 2015
1.40, 1.80, 1.00, 1.80 , -9.569433E-005, 9.567660E-005, 8.197290E-012, -9.499790E-014, 2.150400E+004 1.570926E+074 2.150400E+004, Sat Sep 05 02:58:14 2015
1.35, 1.80, 1.00, 1.80 , -9.835853E-005, 9.831460E-005, 1.456979E-011, -1.058580E-013, 2.150400E+004 1.570926E+074 2.150400E+004, Sat Sep 05 02:58:17 2015
1.30, 1.80, 1.00, 1.80 , -1.002035E-004, 1.001510E-004, 1.427633E-011, -1.076700E-013, 2.150400E+004 1.570926E+074 2.150400E+004, Sat Sep 05 02:58:21 2015
1.25, 1.80, 1.00, 1.80 , -1.015633E-004, 1.015310E-004, 1.641449E-011, -1.103400E-013, 2.150400E+004 1.570926E+074 2.150400E+004, Sat Sep 05 02:58:24 2015
1.20, 1.80, 1.00, 1.80 , -1.026532E-004, 1.026350E-004, 1.729489E-011, -1.096130E-013, 2.150400E+004 1.570926E+074 2.150400E+004, Sat Sep 05 02:58:28 2015
1.15, 1.80, 1.00, 1.80 , -1.035611E-004, 1.035260E-004, 1.892994E-011, -9.152890E-014, 2.150400E+004 1.570926E+074 2.150400E+004, Sat Sep 05 02:58:31 2015
1.10, 1.80, 1.00, 1.80 , -1.043699E-004, 1.043420E-004, 2.085849E-011, -1.029250E-013, 2.150400E+004 1.570926E+074 2.150400E+004, Sat Sep 05 02:58:35 2015
1.05, 1.80, 1.00, 1.80 , -1.051194E-004, 1.050870E-004, 2.173889E-011, -1.061320E-013, 2.150400E+004 1.570926E+074 2.150400E+004, Sat Sep 05 02:58:38 2015
1.00, 1.80, 1.00, 1.80 , -1.057944E-004, 1.057830E-004, 2.308049E-011, -9.918210E-014, 2.150400E+004 1.570926E+074 2.150400E+004, Sat Sep 05 02:58:42 2015
0.95, 1.80, 1.00, 1.80 , -1.064622E-004, 1.064300E-004, 2.593137E-011, -9.676220E-014, 2.150400E+004 1.570926E+074 2.150400E+004, Sat Sep 05 02:58:46 2015
0.90, 1.80, 1.00, 1.80 , -1.070822E-004, 1.070640E-004, 2.572173E-011, -1.189830E-013, 2.150400E+004 1.570926E+074 2.150400E+004, Sat Sep 05 02:58:49 2015
0.85, 1.80, 1.00, 1.80 , -1.076622E-004, 1.076570E-004, 2.614098E-011, -1.187920E-013, 2.150400E+004 1.570926E+074 2.150400E+004, Sat Sep 05 02:58:53 2015
0.80, 1.80, 1.00, 1.80 , -1.082445E-004, 1.082110E-004, 2.668600E-011, -1.009230E-013, 2.150400E+004 1.570926E+074 2.150400E+004, Sat Sep 05 02:58:56 2015
0.75, 1.80, 1.00, 1.80 , -1.087646E-004, 1.087910E-004, 2.668600E-011, -9.711980E-014, 2.150400E+004 1.570926E+074 2.150400E+004, Sat Sep 05 02:59:00 2015
0.70, 1.80, 1.00, 1.80 , -1.093285E-004, 1.093020E-004, 3.117189E-011, -1.046180E-013, 2.150400E+004 1.570926E+074 2.150400E+004, Sat Sep 05 02:59:03 2015
0.65, 1.80, 1.00, 1.80 , -1.098605E-004, 1.098280E-004, 3.196847E-011, -9.063480E-014, 2.150400E+004 1.570926E+074 2.150400E+004, Sat Sep 05 02:59:07 2015
0.60, 1.80, 1.00, 1.80 , -1.103500E-004, 1.103400E-004, 3.171694E-011, -8.981230E-014, 2.150400E+004 1.570926E+074 2.150400E+004, Sat Sep 05 02:59:10 2015
0.55, 1.80, 1.00, 1.80 , -1.108274E-004, 1.108130E-004, 3.565783E-011, -8.270740E-014, 2.150400E+004 1.570926E+074 2.150400E+004, Sat Sep 05 02:59:14 2015
0.50, 1.80, 1.00, 1.80 , -1.113405E-004, 1.113140E-004, 3.637054E-011, -1.240850E-013, 2.150400E+004 1.570926E+074 2.150400E+004, Sat Sep 05 02:59:18 2015
0.45, 1.80, 1.00, 1.80 , -1.117851E-004, 1.117680E-004, 3.377123E-011, -1.090410E-013, 2.150400E+004 1.570926E+074 2.150400E+004, Sat Sep 05 02:59:21 2015
0.40, 1.80, 1.00, 1.80 , -1.122334E-004, 1.122140E-004, 3.565781E-011, -8.498430E-014, 2.150400E+004 1.570926E+074 2.150400E+004, Sat Sep 05 02:59:25 2015
0.35, 1.80, 1.00, 1.80 , -1.127096E-004, 1.126770E-004, 3.767021E-011, -9.706020E-014, 2.150400E+004 1.570926E+074 2.150400E+004, Sat Sep 05 02:59:28 2015
0.30, 1.80, 1.00, 1.80 , -1.130833E-004, 1.130780E-004, 3.750250E-011, -9.695290E-014, 2.150400E+004 1.570926E+074 2.150400E+004, Sat Sep 05 02:59:32 2015
0.25, 1.80, 1.00, 1.80 , -1.135476E-004, 1.135420E-004, 3.821522E-011, -8.956190E-014, 2.150400E+004 1.570926E+074 2.150400E+004, Sat Sep 05 02:59:37 2015
0.20, 1.80, 1.00, 1.80 , -1.139644E-004, 1.139600E-004, 4.094033E-011, -9.304280E-014, 2.150400E+004 1.570926E+074 2.150400E+004, Sat Sep 05 02:59:40 2015
0.15, 1.80, 1.00, 1.80 , -1.144066E-004, 1.143840E-004, 4.114994E-011, -1.263860E-013, 2.150400E+004 1.570926E+074 2.150400E+004, Sat Sep 05 02:59:44 2015
0.10, 1.80, 1.00, 1.80 , -1.147721E-004, 1.147690E-004, 4.391700E-011, -1.045110E-013, 2.150400E+004 1.570926E+074 2.150400E+004, Sat Sep 05 02:59:47 2015
0.05, 1.80, 1.00, 1.80 , -1.151434E-004, 1.151400E-004, 4.144341E-011, -1.143340E-013, 2.150400E+004 1.570926E+074 2.150400E+004, Sat Sep 05 02:59:51 2015
0.00, 1.80, 1.00, 1.80 , -1.155306E-004, 1.155200E-004, 4.320428E-011, -1.043800E-013, 2.150400E+004 1.570926E+074 2.150400E+004, Sat Sep 05 02:59:55 2015
-0.05, 1.80, 1.00, 1.80 , -1.159315E-004, 1.159140E-004, 4.190458E-011, -9.969470E-014, 2.150400E+004 1.570926E+074 2.150400E+004, Sat Sep 05 02:59:58 2015
-0.10, 1.80, 1.00, 1.80 , -1.162927E-004, 1.162710E-004, 4.404273E-011, -9.123090E-014, 2.150400E+004 1.570926E+074 2.150400E+004, Sat Sep 05 03:00:02 2015
-0.15, 1.80, 1.00, 1.80 , -1.166390E-004, 1.166030E-004, 4.802552E-011, -1.052500E-013, 2.150400E+004 1.570926E+074 2.150400E+004, Sat Sep 05 03:00:05 2015
-0.20, 1.80, 1.00, 1.80 , -1.170521E-004, 1.170220E-004, 4.961866E-011, -1.079680E-013, 2.150400E+004 1.570926E+074 2.150400E+004, Sat Sep 05 03:00:09 2015
