0.00, 0.00, 0.80, 0.00 , -8.246692E-011, -8.448840E-013, -2.861310E-011, -1.127240E-013, 2.150400E+004 1.570926E+074 2.150400E+004, Thu Sep 10 15:26:42 2015
0.05, 0.00, 0.80, 0.00 , 3.239753E-010, -4.076420E-010, -2.806802E-011, -7.120370E-014, 2.150400E+004 1.570926E+074 2.150400E+004, Thu Sep 10 15:26:48 2015
0.10, 0.00, 0.80, 0.00 , 2.175256E-009, -2.282900E-009, -1.196826E-011, -7.858280E-014, 2.150400E+004 1.570926E+074 2.150400E+004, Thu Sep 10 15:26:55 2015
0.15, 0.00, 0.80, 0.00 , 3.511447E-009, -3.545270E-009, -2.454596E-011, -7.879730E-014, 2.150400E+004 1.570926E+074 2.150400E+004, Thu Sep 10 15:26:58 2015
0.20, 0.00, 0.80, 0.00 , 5.634596E-009, -5.660840E-009, -1.536420E-011, -9.824040E-014, 2.150400E+004 1.570926E+074 2.150400E+004, Thu Sep 10 15:27:05 2015
0.25, 0.00, 0.80, 0.00 , 7.078511E-009, -7.102660E-009, -2.395894E-011, -8.189680E-014, 2.150400E+004 1.570926E+074 2.150400E+004, Thu Sep 10 15:27:09 2015
0.30, 0.00, 0.80, 0.00 , 7.969994E-009, -7.956930E-009, -3.561531E-011, -9.176730E-014, 2.150400E+004 1.570926E+074 2.150400E+004, Thu Sep 10 15:27:13 2015
0.35, 0.00, 0.80, 0.00 , 8.266889E-009, -8.267080E-009, -2.282688E-011, -9.485480E-014, 2.150400E+004 1.570926E+074 2.150400E+004, Thu Sep 10 15:27:18 2015
0.40, 0.00, 0.80, 0.00 , 9.603593E-009, -9.573460E-009, -2.672628E-011, -9.754900E-014, 2.150400E+004 1.570926E+074 2.150400E+004, Thu Sep 10 15:27:22 2015
0.45, 0.00, 0.80, 0.00 , 1.066706E-008, -1.063130E-008, -2.261725E-011, -1.160620E-013, 2.150400E+004 1.570926E+074 2.150400E+004, Thu Sep 10 15:27:27 2015
0.50, 0.00, 0.80, 0.00 , 1.207030E-008, -1.198520E-008, -2.815188E-011, -9.504560E-014, 2.150400E+004 1.570926E+074 2.150400E+004, Thu Sep 10 15:27:32 2015
0.55, 0.00, 0.80, 0.00 , 1.362283E-008, -1.354450E-008, -2.094025E-011, -8.484130E-014, 2.150400E+004 1.570926E+074 2.150400E+004, Thu Sep 10 15:27:35 2015
0.60, 0.00, 0.80, 0.00 , 1.504927E-008, -1.497480E-008, -2.869695E-011, -9.880070E-014, 2.150400E+004 1.570926E+074 2.150400E+004, Thu Sep 10 15:27:39 2015
0.65, 0.00, 0.80, 0.00 , 1.666505E-008, -1.665720E-008, -1.725083E-011, -1.065020E-013, 2.150400E+004 1.570926E+074 2.150400E+004, Thu Sep 10 15:27:42 2015
0.70, 0.00, 0.80, 0.00 , 1.802707E-008, -1.817870E-008, -3.008063E-011, -9.922980E-014, 2.150400E+004 1.570926E+074 2.150400E+004, Thu Sep 10 15:27:48 2015
0.75, 0.00, 0.80, 0.00 , 1.937490E-008, -1.933420E-008, -1.637040E-011, -1.043440E-013, 2.150400E+004 1.570926E+074 2.150400E+004, Thu Sep 10 15:27:55 2015
0.80, 0.00, 0.80, 0.00 , 2.129096E-008, -2.107010E-008, -3.083536E-011, -1.042250E-013, 2.150400E+004 1.570926E+074 2.150400E+004, Thu Sep 10 15:27:59 2015
0.85, 0.00, 0.80, 0.00 , 2.295932E-008, -2.276530E-008, -1.829896E-011, -8.264780E-014, 2.150400E+004 1.570926E+074 2.150400E+004, Thu Sep 10 15:28:02 2015
0.90, 0.00, 0.80, 0.00 , 2.448923E-008, -2.419930E-008, -3.297375E-011, -8.181330E-014, 2.150400E+004 1.570926E+074 2.150400E+004, Thu Sep 10 15:28:11 2015
0.95, 0.00, 0.80, 0.00 , 2.622471E-008, -2.628910E-008, -2.211415E-011, -1.158600E-013, 2.150400E+004 1.570926E+074 2.150400E+004, Thu Sep 10 15:28:17 2015
1.00, 0.00, 0.80, 0.00 , 2.753631E-008, -2.737390E-008, -2.714557E-011, -9.862180E-014, 2.150400E+004 1.570926E+074 2.150400E+004, Thu Sep 10 15:28:31 2015
1.05, 0.00, 0.80, 0.00 , 3.192760E-008, -3.176000E-008, -2.257533E-011, -1.008630E-013, 2.150400E+004 1.570926E+074 2.150400E+004, Thu Sep 10 15:28:39 2015
1.10, 0.00, 0.80, 0.00 , 3.455219E-008, -3.456090E-008, -1.670581E-011, -9.341240E-014, 2.150400E+004 1.570926E+074 2.150400E+004, Thu Sep 10 15:28:43 2015
1.15, 0.00, 0.80, 0.00 , 3.734428E-008, -3.834060E-008, -2.031137E-011, -9.468790E-014, 2.150400E+004 1.570926E+074 2.150400E+004, Thu Sep 10 15:28:47 2015
1.20, 0.00, 0.80, 0.00 , 4.212146E-008, -4.162840E-008, -2.458788E-011, -9.654760E-014, 2.150400E+004 1.570926E+074 2.150400E+004, Thu Sep 10 15:28:54 2015
1.25, 0.00, 0.80, 0.00 , 4.438601E-008, -4.407330E-008, -1.658003E-011, -9.557010E-014, 2.150400E+004 1.570926E+074 2.150400E+004, Thu Sep 10 15:29:00 2015
1.30, 0.00, 0.80, 0.00 , 4.837971E-008, -4.893060E-008, -1.917939E-011, -1.035690E-013, 2.150400E+004 1.570926E+074 2.150400E+004, Thu Sep 10 15:29:06 2015
1.35, 0.00, 0.80, 0.00 , 5.329391E-008, -5.223510E-008, -2.379123E-011, -8.672480E-014, 2.150400E+004 1.570926E+074 2.150400E+004, Thu Sep 10 15:29:12 2015
1.40, 0.00, 0.80, 0.00 , 6.189748E-008, -6.292180E-008, -3.544758E-011, -1.002670E-013, 2.150400E+004 1.570926E+074 2.150400E+004, Thu Sep 10 15:29:19 2015
1.45, 0.00, 0.80, 0.00 , 8.602942E-008, -8.495880E-008, -2.383316E-011, -8.111000E-014, 2.150400E+004 1.570926E+074 2.150400E+004, Thu Sep 10 15:29:23 2015
1.50, 0.00, 0.80, 0.00 , 1.279370E-007, -1.265050E-007, -2.064677E-011, -9.686950E-014, 2.150400E+004 1.570926E+074 2.150400E+004, Thu Sep 10 15:29:30 2015
1.55, 0.00, 0.80, 0.00 , 1.979251E-007, -1.985740E-007, -2.701979E-011, -8.462670E-014, 2.150400E+004 1.570926E+074 2.150400E+004, Thu Sep 10 15:29:34 2015
1.60, 0.00, 0.80, 0.00 , 2.580295E-007, -2.562560E-007, -1.599308E-011, -9.504560E-014, 2.150400E+004 1.570926E+074 2.150400E+004, Thu Sep 10 15:29:37 2015
1.65, 0.00, 0.80, 0.00 , 3.107227E-007, -3.081540E-007, -2.580383E-011, -9.249450E-014, 2.150400E+004 1.570926E+074 2.150400E+004, Thu Sep 10 15:29:41 2015
1.70, 0.00, 0.80, 0.00 , 3.637402E-007, -3.601000E-007, -2.748101E-011, -8.844140E-014, 2.150400E+004 1.570926E+074 2.150400E+004, Thu Sep 10 15:29:44 2015
1.75, 0.00, 0.80, 0.00 , 4.060643E-007, -4.062400E-007, -2.056292E-011, -8.014440E-014, 2.150400E+004 1.570926E+074 2.150400E+004, Thu Sep 10 15:29:48 2015
1.80, 0.00, 0.80, 0.00 , 4.599411E-007, -4.594850E-007, -2.362351E-011, -9.622570E-014, 2.150400E+004 1.570926E+074 2.150400E+004, Thu Sep 10 15:29:51 2015
1.85, 0.00, 0.80, 0.00 , 5.449670E-007, -5.416320E-007, -2.894853E-011, -8.389950E-014, 2.150400E+004 1.570926E+074 2.150400E+004, Thu Sep 10 15:29:55 2015
1.90, 0.00, 0.80, 0.00 , 6.884957E-007, -6.837580E-007, -2.236570E-011, -8.414980E-014, 2.150400E+004 1.570926E+074 2.150400E+004, Thu Sep 10 15:30:00 2015
1.95, 0.00, 0.80, 0.00 , 8.084593E-007, -8.054540E-007, -2.995484E-011, -9.864570E-014, 2.150400E+004 1.570926E+074 2.150400E+004, Thu Sep 10 15:30:03 2015
2.00, 0.00, 0.80, 0.00 , 9.912840E-007, -9.829400E-007, -1.771201E-011, -9.988550E-014, 2.150400E+004 1.570926E+074 2.150400E+004, Thu Sep 10 15:30:07 2015
