0.00, 0.00, 0.40, 0.00 , -9.533783E-011, -1.454060E-012, -3.041606E-011, -7.164480E-014, 2.150400E+004 1.570926E+074 2.150400E+004, Thu Sep 10 15:14:43 2015
0.05, 0.00, 0.40, 0.00 , -7.736072E-011, -1.525410E-012, -2.500718E-011, -1.033190E-013, 2.150400E+004 1.570926E+074 2.150400E+004, Thu Sep 10 15:14:49 2015
0.10, 0.00, 0.40, 0.00 , -6.613556E-011, -1.421070E-012, -3.314146E-011, -8.589030E-014, 2.150400E+004 1.570926E+074 2.150400E+004, Thu Sep 10 15:15:04 2015
0.15, 0.00, 0.40, 0.00 , -5.592327E-011, -1.786070E-012, -2.068870E-011, -9.483100E-014, 2.150400E+004 1.570926E+074 2.150400E+004, Thu Sep 10 15:15:17 2015
0.20, 0.00, 0.40, 0.00 , -4.870710E-011, -2.073190E-012, -3.242866E-011, -9.754900E-014, 2.150400E+004 1.570926E+074 2.150400E+004, Thu Sep 10 15:15:37 2015
0.25, 0.00, 0.40, 0.00 , -4.191290E-011, -2.273360E-012, -2.903239E-011, -7.715230E-014, 2.150400E+004 1.570926E+074 2.150400E+004, Thu Sep 10 15:15:43 2015
0.30, 0.00, 0.40, 0.00 , -4.153311E-011, -2.572010E-012, -2.391701E-011, -1.049640E-013, 2.150400E+004 1.570926E+074 2.150400E+004, Thu Sep 10 15:15:47 2015
0.35, 0.00, 0.40, 0.00 , -3.689112E-011, -2.732720E-012, -3.272217E-011, -1.067280E-013, 2.150400E+004 1.570926E+074 2.150400E+004, Thu Sep 10 15:15:55 2015
0.40, 0.00, 0.40, 0.00 , -3.246015E-011, -3.036960E-012, -3.255446E-011, -1.019720E-013, 2.150400E+004 1.570926E+074 2.150400E+004, Thu Sep 10 15:16:06 2015
0.45, 0.00, 0.40, 0.00 , -2.735398E-011, -3.264310E-012, -3.033220E-011, -9.756090E-014, 2.150400E+004 1.570926E+074 2.150400E+004, Thu Sep 10 15:16:33 2015
0.50, 0.00, 0.40, 0.00 , -2.161481E-011, -3.549900E-012, -2.362351E-011, -7.330180E-014, 2.150400E+004 1.570926E+074 2.150400E+004, Thu Sep 10 15:17:31 2015
0.55, 0.00, 0.40, 0.00 , -1.912502E-011, -3.757890E-012, -2.873889E-011, -1.094700E-013, 2.150400E+004 1.570926E+074 2.150400E+004, Thu Sep 10 15:18:05 2015
0.60, 0.00, 0.40, 0.00 , -1.266845E-011, -4.011640E-012, -3.746018E-011, -9.411570E-014, 2.150400E+004 1.570926E+074 2.150400E+004, Thu Sep 10 15:18:58 2015
0.65, 0.00, 0.40, 0.00 , -6.971482E-012, -4.182700E-012, -2.915818E-011, -8.581880E-014, 2.150400E+004 1.570926E+074 2.150400E+004, Thu Sep 10 15:19:03 2015
0.70, 0.00, 0.40, 0.00 , -4.355090E-012, -4.532090E-012, -3.418970E-011, -9.516480E-014, 2.150400E+004 1.570926E+074 2.150400E+004, Thu Sep 10 15:19:06 2015
0.75, 0.00, 0.40, 0.00 , 3.290841E-013, -4.769750E-012, -2.836152E-011, -6.834270E-014, 2.150400E+004 1.570926E+074 2.150400E+004, Thu Sep 10 15:19:10 2015
0.80, 0.00, 0.40, 0.00 , 2.439032E-012, -4.992870E-012, -3.620231E-011, -9.638070E-014, 2.150400E+004 1.570926E+074 2.150400E+004, Thu Sep 10 15:19:13 2015
0.85, 0.00, 0.40, 0.00 , 4.675438E-012, -5.171670E-012, -2.324614E-011, -8.960960E-014, 2.150400E+004 1.570926E+074 2.150400E+004, Thu Sep 10 15:19:17 2015
0.90, 0.00, 0.40, 0.00 , 4.844222E-012, -5.460210E-012, -2.999677E-011, -8.537770E-014, 2.150400E+004 1.570926E+074 2.150400E+004, Thu Sep 10 15:19:28 2015
0.95, 0.00, 0.40, 0.00 , 9.190449E-012, -5.410650E-012, -2.471367E-011, -7.263420E-014, 2.150400E+004 1.570926E+074 2.150400E+004, Thu Sep 10 15:19:37 2015
1.00, 0.00, 0.40, 0.00 , 1.581527E-011, -5.848720E-012, -2.416859E-011, -9.162430E-014, 2.150400E+004 1.570926E+074 2.150400E+004, Thu Sep 10 15:20:22 2015
1.05, 0.00, 0.40, 0.00 , 1.940196E-011, -6.092520E-012, -3.213517E-011, -1.013990E-013, 2.150400E+004 1.570926E+074 2.150400E+004, Thu Sep 10 15:20:44 2015
1.10, 0.00, 0.40, 0.00 , 2.454991E-011, -6.400290E-012, -2.966133E-011, -1.021030E-013, 2.150400E+004 1.570926E+074 2.150400E+004, Thu Sep 10 15:21:03 2015
1.15, 0.00, 0.40, 0.00 , 2.484528E-011, -6.529410E-012, -3.729247E-011, -8.618830E-014, 2.150400E+004 1.570926E+074 2.150400E+004, Thu Sep 10 15:21:20 2015
1.20, 0.00, 0.40, 0.00 , 6.785254E-012, -6.772010E-012, -2.123372E-011, -9.490250E-014, 2.150400E+004 1.570926E+074 2.150400E+004, Thu Sep 10 15:21:25 2015
1.25, 0.00, 0.40, 0.00 , 3.881228E-011, -7.005560E-012, -2.936782E-011, -1.030090E-013, 2.150400E+004 1.570926E+074 2.150400E+004, Thu Sep 10 15:21:33 2015
1.30, 0.00, 0.40, 0.00 , 3.779955E-011, -7.201210E-012, -3.452514E-011, -1.186850E-013, 2.150400E+004 1.570926E+074 2.150400E+004, Thu Sep 10 15:21:59 2015
1.35, 0.00, 0.40, 0.00 , 4.412901E-011, -7.550360E-012, -2.639085E-011, -9.529590E-014, 2.150400E+004 1.570926E+074 2.150400E+004, Thu Sep 10 15:22:41 2015
1.40, 0.00, 0.40, 0.00 , 4.193479E-011, -7.755790E-012, -2.119179E-011, -9.551050E-014, 2.150400E+004 1.570926E+074 2.150400E+004, Thu Sep 10 15:23:13 2015
1.45, 0.00, 0.40, 0.00 , 4.463538E-011, -7.790990E-012, -2.244955E-011, -9.533170E-014, 2.150400E+004 1.570926E+074 2.150400E+004, Thu Sep 10 15:23:20 2015
1.50, 0.00, 0.40, 0.00 , 4.058453E-011, -8.130660E-012, -3.456707E-011, -1.075390E-013, 2.150400E+004 1.570926E+074 2.150400E+004, Thu Sep 10 15:23:54 2015
1.55, 0.00, 0.40, 0.00 , 4.931921E-011, -8.307830E-012, -2.848731E-011, -1.016380E-013, 2.150400E+004 1.570926E+074 2.150400E+004, Thu Sep 10 15:23:58 2015
1.60, 0.00, 0.40, 0.00 , 4.379143E-011, -8.404860E-012, -2.890661E-011, -1.013520E-013, 2.150400E+004 1.570926E+074 2.150400E+004, Thu Sep 10 15:24:23 2015
1.65, 0.00, 0.40, 0.00 , 4.742032E-011, -8.670740E-012, -3.574109E-011, -8.294580E-014, 2.150400E+004 1.570926E+074 2.150400E+004, Thu Sep 10 15:24:36 2015
1.70, 0.00, 0.40, 0.00 , 4.320070E-011, -8.846930E-012, -3.330918E-011, -1.077060E-013, 2.150400E+004 1.570926E+074 2.150400E+004, Thu Sep 10 15:25:17 2015
1.75, 0.00, 0.40, 0.00 , 4.636545E-011, -9.130840E-012, -3.452514E-011, -9.012220E-014, 2.150400E+004 1.570926E+074 2.150400E+004, Thu Sep 10 15:25:34 2015
1.80, 0.00, 0.40, 0.00 , 4.771569E-011, -9.366240E-012, -2.743908E-011, -1.076700E-013, 2.150400E+004 1.570926E+074 2.150400E+004, Thu Sep 10 15:25:47 2015
1.85, 0.00, 0.40, 0.00 , 4.923476E-011, -9.468640E-012, -3.766984E-011, -9.976630E-014, 2.150400E+004 1.570926E+074 2.150400E+004, Thu Sep 10 15:25:56 2015
1.90, 0.00, 0.40, 0.00 , 5.303246E-011, -9.833090E-012, -2.483946E-011, -9.980200E-014, 2.150400E+004 1.570926E+074 2.150400E+004, Thu Sep 10 15:26:00 2015
1.95, 0.00, 0.40, 0.00 , 5.358100E-011, -1.002750E-011, -4.295294E-011, -1.143570E-013, 2.150400E+004 1.570926E+074 2.150400E+004, Thu Sep 10 15:26:08 2015
2.00, 0.00, 0.40, 0.00 , 5.965729E-011, -1.020510E-011, -3.637004E-011, -1.000880E-013, 2.150400E+004 1.570926E+074 2.150400E+004, Thu Sep 10 15:26:26 2015
