0.05, 0.00, 0.00, 0.00 , -5.208332E-011, -2.267680E-012, -3.167397E-011, -1.042840E-013, 2.150400E+004 1.570926E+074 2.150400E+004, Thu Sep 10 13:01:21 2015
0.05, 0.00, 0.02, 0.00 , -4.461392E-011, -1.906630E-012, -3.821497E-011, -9.747740E-014, 2.150400E+004 1.570926E+074 2.150400E+004, Thu Sep 10 13:02:18 2015
0.05, 0.00, 0.04, 0.00 , -4.528918E-011, -1.778420E-012, -3.557342E-011, -9.026530E-014, 2.150400E+004 1.570926E+074 2.150400E+004, Thu Sep 10 13:02:29 2015
0.05, 0.00, 0.06, 0.00 , -4.634412E-011, -1.809080E-012, -3.075153E-011, -9.891990E-014, 2.150400E+004 1.570926E+074 2.150400E+004, Thu Sep 10 13:02:38 2015
0.05, 0.00, 0.08, 0.00 , -3.942333E-011, -1.808210E-012, -3.200941E-011, -9.539130E-014, 2.150400E+004 1.570926E+074 2.150400E+004, Thu Sep 10 13:03:04 2015
0.05, 0.00, 0.10, 0.00 , -4.617532E-011, -1.801880E-012, -3.351886E-011, -9.983780E-014, 2.150400E+004 1.570926E+074 2.150400E+004, Thu Sep 10 13:03:14 2015
0.05, 0.00, 0.12, 0.00 , -4.659732E-011, -1.789840E-012, -3.138047E-011, -9.822850E-014, 2.150400E+004 1.570926E+074 2.150400E+004, Thu Sep 10 13:03:19 2015
0.05, 0.00, 0.14, 0.00 , -4.625974E-011, -1.772320E-012, -3.502833E-011, -9.747740E-014, 2.150400E+004 1.570926E+074 2.150400E+004, Thu Sep 10 13:03:38 2015
0.05, 0.00, 0.16, 0.00 , -4.448731E-011, -1.728520E-012, -3.108697E-011, -9.986160E-014, 2.150400E+004 1.570926E+074 2.150400E+004, Thu Sep 10 13:03:54 2015
0.05, 0.00, 0.18, 0.00 , -4.887615E-011, -1.716080E-012, -3.741831E-011, -9.795430E-014, 2.150400E+004 1.570926E+074 2.150400E+004, Thu Sep 10 13:04:15 2015
0.05, 0.00, 0.20, 0.00 , -4.368552E-011, -1.752050E-012, -2.936785E-011, -9.286400E-014, 2.150400E+004 1.570926E+074 2.150400E+004, Thu Sep 10 13:04:23 2015
0.05, 0.00, 0.22, 0.00 , -4.279933E-011, -1.771310E-012, -2.978715E-011, -8.769040E-014, 2.150400E+004 1.570926E+074 2.150400E+004, Thu Sep 10 13:04:28 2015
0.05, 0.00, 0.24, 0.00 , -4.537349E-011, -1.770910E-012, -2.333000E-011, -9.821650E-014, 2.150400E+004 1.570926E+074 2.150400E+004, Thu Sep 10 13:04:34 2015
0.05, 0.00, 0.26, 0.00 , -4.701934E-011, -1.825110E-012, -3.389624E-011, -1.080390E-013, 2.150400E+004 1.570926E+074 2.150400E+004, Thu Sep 10 13:04:40 2015
0.05, 0.00, 0.28, 0.00 , -4.533129E-011, -1.835720E-012, -2.161104E-011, -8.852480E-014, 2.150400E+004 1.570926E+074 2.150400E+004, Thu Sep 10 13:04:53 2015
0.05, 0.00, 0.30, 0.00 , -4.752574E-011, -1.601720E-012, -3.188362E-011, -8.169410E-014, 2.150400E+004 1.570926E+074 2.150400E+004, Thu Sep 10 13:05:19 2015
0.05, 0.00, 0.32, 0.00 , -4.579550E-011, -1.718880E-012, -2.886470E-011, -1.044990E-013, 2.150400E+004 1.570926E+074 2.150400E+004, Thu Sep 10 13:05:30 2015
0.05, 0.00, 0.34, 0.00 , -4.490932E-011, -1.713360E-012, -2.374930E-011, -1.003030E-013, 2.150400E+004 1.570926E+074 2.150400E+004, Thu Sep 10 13:05:36 2015
0.05, 0.00, 0.36, 0.00 , -4.617530E-011, -1.679960E-012, -2.446210E-011, -8.958580E-014, 2.150400E+004 1.570926E+074 2.150400E+004, Thu Sep 10 13:05:47 2015
0.05, 0.00, 0.38, 0.00 , -4.448731E-011, -1.758710E-012, -2.580384E-011, -9.856220E-014, 2.150400E+004 1.570926E+074 2.150400E+004, Thu Sep 10 13:05:58 2015
0.05, 0.00, 0.40, 0.00 , -4.676611E-011, -1.708660E-012, -2.693594E-011, -8.879900E-014, 2.150400E+004 1.570926E+074 2.150400E+004, Thu Sep 10 13:06:07 2015
0.05, 0.00, 0.42, 0.00 , -4.385432E-011, -1.632290E-012, -3.049995E-011, -1.007800E-013, 2.150400E+004 1.570926E+074 2.150400E+004, Thu Sep 10 13:06:11 2015
0.05, 0.00, 0.44, 0.00 , -4.305252E-011, -1.671580E-012, -2.429438E-011, -8.072850E-014, 2.150400E+004 1.570926E+074 2.150400E+004, Thu Sep 10 13:06:16 2015
0.05, 0.00, 0.46, 0.00 , -4.431853E-011, -1.690420E-012, -2.089831E-011, -8.828640E-014, 2.150400E+004 1.570926E+074 2.150400E+004, Thu Sep 10 13:06:27 2015
0.05, 0.00, 0.48, 0.00 , -4.727254E-011, -1.698600E-012, -3.393816E-011, -8.920430E-014, 2.150400E+004 1.570926E+074 2.150400E+004, Thu Sep 10 13:06:35 2015
0.05, 0.00, 0.50, 0.00 , -4.600651E-011, -1.669350E-012, -2.437824E-011, -9.090900E-014, 2.150400E+004 1.570926E+074 2.150400E+004, Thu Sep 10 13:06:41 2015
0.05, 0.00, 0.52, 0.00 , -4.111132E-011, -1.669340E-012, -2.701980E-011, -9.237530E-014, 2.150400E+004 1.570926E+074 2.150400E+004, Thu Sep 10 13:06:56 2015
0.05, 0.00, 0.54, 0.00 , -4.452952E-011, -1.648310E-012, -2.609735E-011, -8.587840E-014, 2.150400E+004 1.570926E+074 2.150400E+004, Thu Sep 10 13:07:10 2015
0.05, 0.00, 0.56, 0.00 , -4.263052E-011, -1.607260E-012, -2.215607E-011, -9.108780E-014, 2.150400E+004 1.570926E+074 2.150400E+004, Thu Sep 10 13:07:32 2015
0.05, 0.00, 0.58, 0.00 , -4.642853E-011, -1.652460E-012, -2.827768E-011, -8.139610E-014, 2.150400E+004 1.570926E+074 2.150400E+004, Thu Sep 10 13:07:50 2015
0.05, 0.00, 0.60, 0.00 , -4.334791E-011, -1.722040E-012, -2.521683E-011, -9.133820E-014, 2.150400E+004 1.570926E+074 2.150400E+004, Thu Sep 10 13:07:59 2015
0.05, 0.00, 0.62, 0.00 , -4.427631E-011, -1.688650E-012, -2.362351E-011, -1.019000E-013, 2.150400E+004 1.570926E+074 2.150400E+004, Thu Sep 10 13:08:16 2015
0.05, 0.00, 0.64, 0.00 , -4.630192E-011, -1.789440E-012, -2.756488E-011, -8.386370E-014, 2.150400E+004 1.570926E+074 2.150400E+004, Thu Sep 10 13:08:43 2015
0.05, 0.00, 0.66, 0.00 , -4.064713E-011, -1.785100E-012, -2.458789E-011, -8.676050E-014, 2.150400E+004 1.570926E+074 2.150400E+004, Thu Sep 10 13:08:52 2015
0.05, 0.00, 0.68, 0.00 , -4.507812E-011, -1.732500E-012, -2.613928E-011, -9.651180E-014, 2.150400E+004 1.570926E+074 2.150400E+004, Thu Sep 10 13:09:20 2015
0.05, 0.00, 0.70, 0.00 , -4.136453E-011, -1.665080E-012, -3.062574E-011, -8.778570E-014, 2.150400E+004 1.570926E+074 2.150400E+004, Thu Sep 10 13:09:39 2015
0.05, 0.00, 0.72, 0.00 , -4.322129E-011, -1.862480E-012, -1.746044E-011, -8.926390E-014, 2.150400E+004 1.570926E+074 2.150400E+004, Thu Sep 10 13:09:44 2015
0.05, 0.00, 0.74, 0.00 , -4.550010E-011, -3.513610E-012, -1.943093E-011, -8.835790E-014, 2.150400E+004 1.570926E+074 2.150400E+004, Thu Sep 10 13:09:56 2015
0.05, 0.00, 0.76, 0.00 , -4.988124E-012, -3.723620E-011, -1.775391E-011, -9.979010E-014, 2.150400E+004 1.570926E+074 2.150400E+004, Thu Sep 10 13:10:01 2015
0.05, 0.00, 0.78, 0.00 , 3.704773E-010, -4.093000E-010, -2.094024E-011, -9.199380E-014, 2.150400E+004 1.570926E+074 2.150400E+004, Thu Sep 10 13:10:08 2015
0.05, 0.00, 0.80, 0.00 , 9.569249E-010, -9.914580E-010, -1.917937E-011, -6.612540E-014, 2.150400E+004 1.570926E+074 2.150400E+004, Thu Sep 10 13:10:13 2015
0.05, 0.00, 0.82, 0.00 , 3.502558E-009, -3.519800E-009, -1.821509E-011, -7.944110E-014, 2.150400E+004 1.570926E+074 2.150400E+004, Thu Sep 10 13:10:19 2015
0.05, 0.00, 0.84, 0.00 , 1.311915E-008, -1.303230E-008, -1.330983E-011, -1.154780E-013, 2.150400E+004 1.570926E+074 2.150400E+004, Thu Sep 10 13:10:23 2015
0.05, 0.00, 0.86, 0.00 , 3.129201E-008, -3.113630E-008, -1.632845E-011, -1.100540E-013, 2.150400E+004 1.570926E+074 2.150400E+004, Thu Sep 10 13:10:27 2015
0.05, 0.00, 0.88, 0.00 , 6.445845E-008, -6.419400E-008, -1.980826E-011, -7.438660E-014, 2.150400E+004 1.570926E+074 2.150400E+004, Thu Sep 10 13:10:31 2015
0.05, 0.00, 0.90, 0.00 , 9.818384E-008, -9.776560E-008, -1.938900E-011, -8.494850E-014, 2.150400E+004 1.570926E+074 2.150400E+004, Thu Sep 10 13:10:34 2015
0.05, 0.00, 0.92, 0.00 , 1.336831E-007, -1.331040E-007, -2.232377E-011, -8.736850E-014, 2.150400E+004 1.570926E+074 2.150400E+004, Thu Sep 10 13:10:38 2015
0.05, 0.00, 0.94, 0.00 , 1.726386E-007, -1.719440E-007, -1.100394E-011, -9.105210E-014, 2.150400E+004 1.570926E+074 2.150400E+004, Thu Sep 10 13:10:41 2015
0.05, 0.00, 0.96, 0.00 , 2.106508E-007, -2.098680E-007, -1.247133E-011, -7.284880E-014, 2.150400E+004 1.570926E+074 2.150400E+004, Thu Sep 10 13:10:45 2015
0.05, 0.00, 0.98, 0.00 , 2.605020E-007, -2.594280E-007, -1.515454E-011, -1.027230E-013, 2.150400E+004 1.570926E+074 2.150400E+004, Thu Sep 10 13:10:48 2015
0.05, 0.00, 1.00, 0.00 , 2.962404E-007, -2.952170E-007, -2.303650E-011, -1.042250E-013, 2.150400E+004 1.570926E+074 2.150400E+004, Thu Sep 10 13:10:52 2015
0.05, 0.00, 1.02, 0.00 , 3.325783E-007, -3.312430E-007, -2.395895E-011, -9.118320E-014, 2.150400E+004 1.570926E+074 2.150400E+004, Thu Sep 10 13:10:55 2015
0.05, 0.00, 1.04, 0.00 , 3.730403E-007, -3.717180E-007, -1.888589E-011, -9.056330E-014, 2.150400E+004 1.570926E+074 2.150400E+004, Thu Sep 10 13:10:59 2015
0.05, 0.00, 1.06, 0.00 , 4.084823E-007, -4.069850E-007, -1.343561E-011, -8.776190E-014, 2.150400E+004 1.570926E+074 2.150400E+004, Thu Sep 10 13:11:03 2015
0.05, 0.00, 1.08, 0.00 , 4.435127E-007, -4.419710E-007, -1.758621E-011, -8.821490E-014, 2.150400E+004 1.570926E+074 2.150400E+004, Thu Sep 10 13:11:06 2015
0.05, 0.00, 1.10, 0.00 , 4.729043E-007, -4.712530E-007, -1.419027E-011, -9.723900E-014, 2.150400E+004 1.570926E+074 2.150400E+004, Thu Sep 10 13:11:10 2015
0.05, 0.00, 1.12, 0.00 , 5.056992E-007, -5.036270E-007, -1.838280E-011, -1.098630E-013, 2.150400E+004 1.570926E+074 2.150400E+004, Thu Sep 10 13:11:13 2015
0.05, 0.00, 1.14, 0.00 , 5.384434E-007, -5.365130E-007, -6.224457E-012, -7.636550E-014, 2.150400E+004 1.570926E+074 2.150400E+004, Thu Sep 10 13:11:17 2015
0.05, 0.00, 1.16, 0.00 , 5.680729E-007, -5.659670E-007, -1.058469E-011, -6.270410E-014, 2.150400E+004 1.570926E+074 2.150400E+004, Thu Sep 10 13:11:20 2015
0.05, 0.00, 1.18, 0.00 , 5.945001E-007, -5.922870E-007, -1.393871E-011, -7.841590E-014, 2.150400E+004 1.570926E+074 2.150400E+004, Thu Sep 10 13:11:24 2015
0.05, 0.00, 1.20, 0.00 , 6.223081E-007, -6.197870E-007, -8.488429E-012, -1.048680E-013, 2.150400E+004 1.570926E+074 2.150400E+004, Thu Sep 10 13:11:27 2015
0.05, 0.00, 1.22, 0.00 , 6.477158E-007, -6.454440E-007, -8.656124E-012, -8.207560E-014, 2.150400E+004 1.570926E+074 2.150400E+004, Thu Sep 10 13:11:31 2015
0.05, 0.00, 1.24, 0.00 , 6.730033E-007, -6.703020E-007, -1.628653E-011, -9.293560E-014, 2.150400E+004 1.570926E+074 2.150400E+004, Thu Sep 10 13:11:35 2015
0.05, 0.00, 1.26, 0.00 , 7.003940E-007, -6.976730E-007, -2.005981E-011, -7.274150E-014, 2.150400E+004 1.570926E+074 2.150400E+004, Thu Sep 10 13:11:38 2015
0.05, 0.00, 1.28, 0.00 , 7.272835E-007, -7.244320E-007, -1.783776E-011, -1.034020E-013, 2.150400E+004 1.570926E+074 2.150400E+004, Thu Sep 10 13:11:42 2015
0.05, 0.00, 1.30, 0.00 , 7.532904E-007, -7.506670E-007, -5.134402E-012, -9.078980E-014, 2.150400E+004 1.570926E+074 2.150400E+004, Thu Sep 10 13:11:45 2015
0.05, 0.00, 1.32, 0.00 , 7.782356E-007, -7.751740E-007, -8.698057E-012, -7.848740E-014, 2.150400E+004 1.570926E+074 2.150400E+004, Thu Sep 10 13:11:49 2015
0.05, 0.00, 1.34, 0.00 , 8.025762E-007, -7.993180E-007, -7.272594E-012, -1.069660E-013, 2.150400E+004 1.570926E+074 2.150400E+004, Thu Sep 10 13:11:52 2015
0.05, 0.00, 1.36, 0.00 , 8.264890E-007, -8.235990E-007, -6.434088E-012, -8.895400E-014, 2.150400E+004 1.570926E+074 2.150400E+004, Thu Sep 10 13:11:56 2015
0.05, 0.00, 1.38, 0.00 , 8.505702E-007, -8.467680E-007, -5.889055E-012, -1.050000E-013, 2.150400E+004 1.570926E+074 2.150400E+004, Thu Sep 10 13:12:00 2015
0.05, 0.00, 1.40, 0.00 , 8.730277E-007, -8.699420E-007, -3.415462E-012, -1.161690E-013, 2.150400E+004 1.570926E+074 2.150400E+004, Thu Sep 10 13:12:03 2015
0.05, 0.00, 1.42, 0.00 , 8.961040E-007, -8.926710E-007, -2.744657E-012, -9.986160E-014, 2.150400E+004 1.570926E+074 2.150400E+004, Thu Sep 10 13:12:07 2015
0.05, 0.00, 1.44, 0.00 , 9.182646E-007, -9.149640E-007, 8.281674E-012, -1.020070E-013, 2.150400E+004 1.570926E+074 2.150400E+004, Thu Sep 10 13:12:10 2015
0.05, 0.00, 1.46, 0.00 , 9.421148E-007, -9.382890E-007, -4.212037E-012, -1.116280E-013, 2.150400E+004 1.570926E+074 2.150400E+004, Thu Sep 10 13:12:14 2015
0.05, 0.00, 1.48, 0.00 , 9.643196E-007, -9.603330E-007, -8.580220E-013, -1.030090E-013, 2.150400E+004 1.570926E+074 2.150400E+004, Thu Sep 10 13:12:17 2015
0.05, 0.00, 1.50, 0.00 , 9.882043E-007, -9.840530E-007, 4.466507E-012, -8.181330E-014, 2.150400E+004 1.570926E+074 2.150400E+004, Thu Sep 10 13:12:21 2015
0.05, 0.00, 1.52, 0.00 , 1.011542E-006, -1.007620E-006, -1.696530E-012, -1.003980E-013, 2.150400E+004 1.570926E+074 2.150400E+004, Thu Sep 10 13:12:24 2015
0.05, 0.00, 1.54, 0.00 , 1.036658E-006, -1.032880E-006, 5.682312E-012, -7.964370E-014, 2.150400E+004 1.570926E+074 2.150400E+004, Thu Sep 10 13:12:28 2015
0.05, 0.00, 1.56, 0.00 , 1.061346E-006, -1.057250E-006, -6.143003E-014, -1.203060E-013, 2.150400E+004 1.570926E+074 2.150400E+004, Thu Sep 10 13:12:32 2015
0.05, 0.00, 1.58, 0.00 , 1.086608E-006, -1.082550E-006, 1.297729E-011, -9.771590E-014, 2.150400E+004 1.570926E+074 2.150400E+004, Thu Sep 10 13:12:35 2015
0.05, 0.00, 1.60, 0.00 , 1.113341E-006, -1.109050E-006, 2.034836E-012, -9.424690E-014, 2.150400E+004 1.570926E+074 2.150400E+004, Thu Sep 10 13:12:39 2015
0.05, 0.00, 1.62, 0.00 , 1.140027E-006, -1.135460E-006, 9.623292E-012, -9.565350E-014, 2.150400E+004 1.570926E+074 2.150400E+004, Thu Sep 10 13:12:42 2015
0.05, 0.00, 1.64, 0.00 , 1.167560E-006, -1.163080E-006, 7.820515E-012, -8.887050E-014, 2.150400E+004 1.570926E+074 2.150400E+004, Thu Sep 10 13:12:46 2015
0.05, 0.00, 1.66, 0.00 , 1.196433E-006, -1.192270E-006, 1.658288E-011, -9.280440E-014, 2.150400E+004 1.570926E+074 2.150400E+004, Thu Sep 10 13:12:49 2015
0.05, 0.00, 1.68, 0.00 , 1.226217E-006, -1.221840E-006, 1.457046E-011, -1.164440E-013, 2.150400E+004 1.570926E+074 2.150400E+004, Thu Sep 10 13:12:53 2015
0.05, 0.00, 1.70, 0.00 , 1.257241E-006, -1.252120E-006, 8.784799E-012, -9.601120E-014, 2.150400E+004 1.570926E+074 2.150400E+004, Thu Sep 10 13:12:57 2015
0.05, 0.00, 1.72, 0.00 , 1.289993E-006, -1.284910E-006, 1.633132E-011, -8.436440E-014, 2.150400E+004 1.570926E+074 2.150400E+004, Thu Sep 10 13:13:00 2015
0.05, 0.00, 1.74, 0.00 , 1.322526E-006, -1.317420E-006, 2.014654E-011, -9.354350E-014, 2.150400E+004 1.570926E+074 2.150400E+004, Thu Sep 10 13:13:04 2015
0.05, 0.00, 1.76, 0.00 , 1.356608E-006, -1.351000E-006, 1.779871E-011, -8.050200E-014, 2.150400E+004 1.570926E+074 2.150400E+004, Thu Sep 10 13:13:07 2015
0.05, 0.00, 1.78, 0.00 , 1.389801E-006, -1.383960E-006, 1.402544E-011, -9.945630E-014, 2.150400E+004 1.570926E+074 2.150400E+004, Thu Sep 10 13:13:11 2015
0.05, 0.00, 1.80, 0.00 , 1.425764E-006, -1.420020E-006, 1.939191E-011, -7.842780E-014, 2.150400E+004 1.570926E+074 2.150400E+004, Thu Sep 10 13:13:14 2015
0.05, 0.00, 1.82, 0.00 , 1.461444E-006, -1.455360E-006, 2.270399E-011, -9.918210E-014, 2.150400E+004 1.570926E+074 2.150400E+004, Thu Sep 10 13:13:18 2015
0.05, 0.00, 1.84, 0.00 , 1.498989E-006, -1.492590E-006, 2.136241E-011, -1.154780E-013, 2.150400E+004 1.570926E+074 2.150400E+004, Thu Sep 10 13:13:21 2015
0.05, 0.00, 1.86, 0.00 , 1.536643E-006, -1.530320E-006, 1.704409E-011, -9.149310E-014, 2.150400E+004 1.570926E+074 2.150400E+004, Thu Sep 10 13:13:25 2015
0.05, 0.00, 1.88, 0.00 , 1.574970E-006, -1.568650E-006, 2.916048E-011, -8.993150E-014, 2.150400E+004 1.570926E+074 2.150400E+004, Thu Sep 10 13:13:29 2015
0.05, 0.00, 1.90, 0.00 , 1.614814E-006, -1.608320E-006, 1.708601E-011, -9.503360E-014, 2.150400E+004 1.570926E+074 2.150400E+004, Thu Sep 10 13:13:32 2015
0.05, 0.00, 1.92, 0.00 , 1.655880E-006, -1.648590E-006, 2.672880E-011, -9.019370E-014, 2.150400E+004 1.570926E+074 2.150400E+004, Thu Sep 10 13:13:36 2015
0.05, 0.00, 1.94, 0.00 , 1.696230E-006, -1.688510E-006, 2.987322E-011, -1.078610E-013, 2.150400E+004 1.570926E+074 2.150400E+004, Thu Sep 10 13:13:39 2015
0.05, 0.00, 1.96, 0.00 , 1.738398E-006, -1.731600E-006, 2.408752E-011, -1.177310E-013, 2.150400E+004 1.570926E+074 2.150400E+004, Thu Sep 10 13:13:43 2015
0.05, 0.00, 1.98, 0.00 , 1.781022E-006, -1.774370E-006, 3.016667E-011, -9.231570E-014, 2.150400E+004 1.570926E+074 2.150400E+004, Thu Sep 10 13:13:46 2015
0.05, 0.00, 2.00, 0.00 , 1.824338E-006, -1.816840E-006, 3.138249E-011, -8.659360E-014, 2.150400E+004 1.570926E+074 2.150400E+004, Thu Sep 10 13:13:50 2015
