0.00, 0.00, 1.60, 0.00 , -5.778001E-011, 4.047440E-011, 4.466379E-012, -9.469990E-014, 2.150400E+004 1.570926E+074 2.150400E+004, Thu Sep 10 15:33:14 2015
0.05, 0.00, 1.60, 0.00 , 1.084948E-006, -1.082560E-006, -6.484639E-013, -1.065490E-013, 2.150400E+004 1.570926E+074 2.150400E+004, Thu Sep 10 15:33:21 2015
0.10, 0.00, 1.60, 0.00 , 5.674789E-006, -5.664520E-006, 6.730314E-012, -1.043200E-013, 2.150400E+004 1.570926E+074 2.150400E+004, Thu Sep 10 15:33:24 2015
0.15, 0.00, 1.60, 0.00 , 1.409383E-005, -1.408290E-005, 3.292495E-012, -1.129870E-013, 2.150400E+004 1.570926E+074 2.150400E+004, Thu Sep 10 15:33:28 2015
0.20, 0.00, 1.60, 0.00 , 2.461518E-005, -2.459760E-005, -2.073947E-012, -1.105070E-013, 2.150400E+004 1.570926E+074 2.150400E+004, Thu Sep 10 15:33:32 2015
0.25, 0.00, 1.60, 0.00 , 3.576116E-005, -3.573650E-005, 1.104862E-011, -9.257790E-014, 2.150400E+004 1.570926E+074 2.150400E+004, Thu Sep 10 15:33:35 2015
0.30, 0.00, 1.60, 0.00 , 4.688473E-005, -4.685960E-005, 1.900060E-013, -1.023890E-013, 2.150400E+004 1.570926E+074 2.150400E+004, Thu Sep 10 15:33:39 2015
0.35, 0.00, 1.60, 0.00 , 5.754802E-005, -5.752320E-005, 4.717926E-012, -8.900170E-014, 2.150400E+004 1.570926E+074 2.150400E+004, Thu Sep 10 15:33:42 2015
0.40, 0.00, 1.60, 0.00 , 6.730574E-005, -6.731430E-005, 1.670851E-011, -1.069310E-013, 2.150400E+004 1.570926E+074 2.150400E+004, Thu Sep 10 15:33:46 2015
0.45, 0.00, 1.60, 0.00 , 7.615937E-005, -7.612630E-005, -1.403159E-012, -8.630750E-014, 2.150400E+004 1.570926E+074 2.150400E+004, Thu Sep 10 15:33:49 2015
0.50, 0.00, 1.60, 0.00 , 8.396308E-005, -8.391690E-005, 5.346801E-012, -1.106260E-013, 2.150400E+004 1.570926E+074 2.150400E+004, Thu Sep 10 15:33:53 2015
0.55, 0.00, 1.60, 0.00 , 9.069825E-005, -9.067630E-005, -3.499385E-012, -1.124140E-013, 2.150400E+004 1.570926E+074 2.150400E+004, Thu Sep 10 15:33:56 2015
0.60, 0.00, 1.60, 0.00 , 9.640831E-005, -9.635440E-005, 1.531610E-012, -8.260010E-014, 2.150400E+004 1.570926E+074 2.150400E+004, Thu Sep 10 15:34:00 2015
0.65, 0.00, 1.60, 0.00 , 1.011099E-004, -1.010430E-004, -2.115875E-012, -7.833240E-014, 2.150400E+004 1.570926E+074 2.150400E+004, Thu Sep 10 15:34:04 2015
0.70, 0.00, 1.60, 0.00 , 1.051206E-004, -1.049890E-004, 6.101456E-012, -9.648800E-014, 2.150400E+004 1.570926E+074 2.150400E+004, Thu Sep 10 15:34:07 2015
0.75, 0.00, 1.60, 0.00 , 1.081040E-004, -1.080930E-004, -2.744738E-012, -1.015070E-013, 2.150400E+004 1.570926E+074 2.150400E+004, Thu Sep 10 15:34:11 2015
0.80, 0.00, 1.60, 0.00 , 1.105560E-004, -1.104980E-004, -6.065686E-013, -9.179120E-014, 2.150400E+004 1.570926E+074 2.150400E+004, Thu Sep 10 15:34:14 2015
0.85, 0.00, 1.60, 0.00 , 1.124951E-004, -1.125010E-004, -7.985390E-012, -9.269710E-014, 2.150400E+004 1.570926E+074 2.150400E+004, Thu Sep 10 15:34:18 2015
0.90, 0.00, 1.60, 0.00 , 1.139599E-004, -1.139510E-004, 8.281570E-012, -8.733270E-014, 2.150400E+004 1.570926E+074 2.150400E+004, Thu Sep 10 15:34:21 2015
0.95, 0.00, 1.60, 0.00 , 1.153396E-004, -1.153080E-004, -1.062667E-011, -9.070640E-014, 2.150400E+004 1.570926E+074 2.150400E+004, Thu Sep 10 15:34:25 2015
1.00, 0.00, 1.60, 0.00 , 1.164857E-004, -1.164050E-004, 8.608218E-013, -7.815360E-014, 2.150400E+004 1.570926E+074 2.150400E+004, Thu Sep 10 15:34:29 2015
1.05, 0.00, 1.60, 0.00 , 1.174079E-004, -1.173560E-004, 3.879419E-012, -9.809730E-014, 2.150400E+004 1.570926E+074 2.150400E+004, Thu Sep 10 15:34:32 2015
1.10, 0.00, 1.60, 0.00 , 1.183717E-004, -1.183240E-004, -3.289771E-012, -7.901190E-014, 2.150400E+004 1.570926E+074 2.150400E+004, Thu Sep 10 15:34:36 2015
1.15, 0.00, 1.60, 0.00 , 1.194628E-004, -1.194050E-004, -2.954376E-012, -9.692910E-014, 2.150400E+004 1.570926E+074 2.150400E+004, Thu Sep 10 15:34:39 2015
1.20, 0.00, 1.60, 0.00 , 1.206826E-004, -1.205460E-004, 2.537831E-012, -9.000300E-014, 2.150400E+004 1.570926E+074 2.150400E+004, Thu Sep 10 15:34:43 2015
1.25, 0.00, 1.60, 0.00 , 1.214797E-004, -1.216050E-004, 6.511926E-013, -1.057740E-013, 2.150400E+004 1.570926E+074 2.150400E+004, Thu Sep 10 15:34:46 2015
1.30, 0.00, 1.60, 0.00 , 1.227023E-004, -1.226670E-004, 1.406723E-011, -8.869170E-014, 2.150400E+004 1.570926E+074 2.150400E+004, Thu Sep 10 15:34:50 2015
1.35, 0.00, 1.60, 0.00 , 1.237611E-004, -1.237590E-004, 6.101460E-012, -7.717610E-014, 2.150400E+004 1.570926E+074 2.150400E+004, Thu Sep 10 15:34:53 2015
1.40, 0.00, 1.60, 0.00 , 1.247812E-004, -1.248230E-004, -6.476087E-012, -9.638070E-014, 2.150400E+004 1.570926E+074 2.150400E+004, Thu Sep 10 15:34:57 2015
1.45, 0.00, 1.60, 0.00 , 1.256234E-004, -1.255680E-004, 4.717926E-012, -9.132620E-014, 2.150400E+004 1.570926E+074 2.150400E+004, Thu Sep 10 15:35:01 2015
1.50, 0.00, 1.60, 0.00 , 1.265818E-004, -1.265190E-004, -1.335180E-011, -9.000300E-014, 2.150400E+004 1.570926E+074 2.150400E+004, Thu Sep 10 15:35:04 2015
1.55, 0.00, 1.60, 0.00 , 1.274408E-004, -1.274730E-004, -3.080146E-012, -1.051780E-013, 2.150400E+004 1.570926E+074 2.150400E+004, Thu Sep 10 15:35:08 2015
1.60, 0.00, 1.60, 0.00 , 1.283771E-004, -1.283040E-004, -3.080137E-012, -9.952780E-014, 2.150400E+004 1.570926E+074 2.150400E+004, Thu Sep 10 15:35:11 2015
1.65, 0.00, 1.60, 0.00 , 1.290517E-004, -1.290300E-004, -4.388660E-013, -9.704830E-014, 2.150400E+004 1.570926E+074 2.150400E+004, Thu Sep 10 15:35:15 2015
1.70, 0.00, 1.60, 0.00 , 1.300150E-004, -1.299700E-004, -2.249148E-011, -9.789470E-014, 2.150400E+004 1.570926E+074 2.150400E+004, Thu Sep 10 15:35:18 2015
1.75, 0.00, 1.60, 0.00 , 1.306933E-004, -1.305370E-004, -7.742886E-013, -9.243490E-014, 2.150400E+004 1.570926E+074 2.150400E+004, Thu Sep 10 15:35:22 2015
1.80, 0.00, 1.60, 0.00 , 1.315641E-004, -1.315520E-004, -4.799073E-012, -1.070380E-013, 2.150400E+004 1.570926E+074 2.150400E+004, Thu Sep 10 15:35:25 2015
1.85, 0.00, 1.60, 0.00 , 1.324399E-004, -1.324600E-004, -7.817679E-012, -9.446140E-014, 2.150400E+004 1.570926E+074 2.150400E+004, Thu Sep 10 15:35:29 2015
1.90, 0.00, 1.60, 0.00 , 1.334811E-004, -1.335410E-004, 1.531619E-012, -8.090730E-014, 2.150400E+004 1.570926E+074 2.150400E+004, Thu Sep 10 15:35:32 2015
1.95, 0.00, 1.60, 0.00 , 1.347110E-004, -1.346580E-004, 2.034716E-012, -9.790660E-014, 2.150400E+004 1.570926E+074 2.150400E+004, Thu Sep 10 15:35:36 2015
2.00, 0.00, 1.60, 0.00 , 1.358052E-004, -1.356730E-004, -1.873172E-013, -9.899140E-014, 2.150400E+004 1.570926E+074 2.150400E+004, Thu Sep 10 15:35:40 2015
