1.80, 0.00, 0.00, 0.00 , 1.992436E-010, -9.823620E-012, -4.982943E-011, -9.871720E-014, 2.150400E+004 1.570926E+074 2.150400E+004, Thu Sep 10 13:13:58 2015
1.80, 0.00, 0.02, 0.00 , 1.796642E-010, -9.624860E-012, -3.922127E-011, -6.893870E-014, 2.150400E+004 1.570926E+074 2.150400E+004, Thu Sep 10 13:14:04 2015
1.80, 0.00, 0.04, 0.00 , 1.719424E-010, -9.796150E-012, -4.232406E-011, -7.591250E-014, 2.150400E+004 1.570926E+074 2.150400E+004, Thu Sep 10 13:14:09 2015
1.80, 0.00, 0.06, 0.00 , 1.514771E-010, -9.708150E-012, -3.452517E-011, -7.817750E-014, 2.150400E+004 1.570926E+074 2.150400E+004, Thu Sep 10 13:14:16 2015
1.80, 0.00, 0.08, 0.00 , 1.291973E-010, -9.773310E-012, -3.423166E-011, -9.398460E-014, 2.150400E+004 1.570926E+074 2.150400E+004, Thu Sep 10 13:14:23 2015
1.80, 0.00, 0.10, 0.00 , 1.114747E-010, -9.793470E-012, -2.739716E-011, -1.064420E-013, 2.150400E+004 1.570926E+074 2.150400E+004, Thu Sep 10 13:14:33 2015
1.80, 0.00, 0.12, 0.00 , 1.014319E-010, -9.740830E-012, -3.473482E-011, -8.903740E-014, 2.150400E+004 1.570926E+074 2.150400E+004, Thu Sep 10 13:14:48 2015
1.80, 0.00, 0.14, 0.00 , 9.708578E-011, -9.835260E-012, -4.022758E-011, -8.327960E-014, 2.150400E+004 1.570926E+074 2.150400E+004, Thu Sep 10 13:15:03 2015
1.80, 0.00, 0.16, 0.00 , 8.700075E-011, -9.743670E-012, -3.377044E-011, -9.849070E-014, 2.150400E+004 1.570926E+074 2.150400E+004, Thu Sep 10 13:15:40 2015
1.80, 0.00, 0.18, 0.00 , 8.733837E-011, -9.762060E-012, -3.175783E-011, -1.004820E-013, 2.150400E+004 1.570926E+074 2.150400E+004, Thu Sep 10 13:15:46 2015
1.80, 0.00, 0.20, 0.00 , 8.556608E-011, -9.784110E-012, -3.037415E-011, -9.937290E-014, 2.150400E+004 1.570926E+074 2.150400E+004, Thu Sep 10 13:15:57 2015
1.80, 0.00, 0.22, 0.00 , 7.695797E-011, -9.793580E-012, -3.519604E-011, -1.011010E-013, 2.150400E+004 1.570926E+074 2.150400E+004, Thu Sep 10 13:16:12 2015
1.80, 0.00, 0.24, 0.00 , 7.307589E-011, -9.797170E-012, -3.272220E-011, -1.006720E-013, 2.150400E+004 1.570926E+074 2.150400E+004, Thu Sep 10 13:16:20 2015
1.80, 0.00, 0.26, 0.00 , 7.742215E-011, -9.748550E-012, -3.133853E-011, -8.534190E-014, 2.150400E+004 1.570926E+074 2.150400E+004, Thu Sep 10 13:16:30 2015
1.80, 0.00, 0.28, 0.00 , 7.560770E-011, -9.767690E-012, -3.838267E-011, -1.177190E-013, 2.150400E+004 1.570926E+074 2.150400E+004, Thu Sep 10 13:16:35 2015
1.80, 0.00, 0.30, 0.00 , 7.505911E-011, -9.771310E-012, -2.622314E-011, -7.557870E-014, 2.150400E+004 1.570926E+074 2.150400E+004, Thu Sep 10 13:16:42 2015
1.80, 0.00, 0.32, 0.00 , 7.611402E-011, -9.740220E-012, -3.393815E-011, -9.721520E-014, 2.150400E+004 1.570926E+074 2.150400E+004, Thu Sep 10 13:16:57 2015
1.80, 0.00, 0.34, 0.00 , 7.484819E-011, -9.717430E-012, -2.882276E-011, -9.592770E-014, 2.150400E+004 1.570926E+074 2.150400E+004, Thu Sep 10 13:17:16 2015
1.80, 0.00, 0.36, 0.00 , 7.240077E-011, -9.711300E-012, -3.418972E-011, -6.427770E-014, 2.150400E+004 1.570926E+074 2.150400E+004, Thu Sep 10 13:17:33 2015
1.80, 0.00, 0.38, 0.00 , 6.910943E-011, -9.698890E-012, -3.251255E-011, -9.695290E-014, 2.150400E+004 1.570926E+074 2.150400E+004, Thu Sep 10 13:17:39 2015
1.80, 0.00, 0.40, 0.00 , 7.050188E-011, -9.743980E-012, -2.517490E-011, -9.891990E-014, 2.150400E+004 1.570926E+074 2.150400E+004, Thu Sep 10 13:17:45 2015
1.80, 0.00, 0.42, 0.00 , 7.189440E-011, -9.769640E-012, -2.790031E-011, -8.826260E-014, 2.150400E+004 1.570926E+074 2.150400E+004, Thu Sep 10 13:17:50 2015
1.80, 0.00, 0.44, 0.00 , 7.155684E-011, -9.757020E-012, -3.045801E-011, -9.315010E-014, 2.150400E+004 1.570926E+074 2.150400E+004, Thu Sep 10 13:18:01 2015
1.80, 0.00, 0.46, 0.00 , 7.218977E-011, -9.691610E-012, -2.664243E-011, -9.691720E-014, 2.150400E+004 1.570926E+074 2.150400E+004, Thu Sep 10 13:18:06 2015
1.80, 0.00, 0.48, 0.00 , 6.834990E-011, -9.625170E-012, -2.655857E-011, -9.363890E-014, 2.150400E+004 1.570926E+074 2.150400E+004, Thu Sep 10 13:18:35 2015
1.80, 0.00, 0.50, 0.00 , 6.813889E-011, -9.661040E-012, -2.278495E-011, -9.025340E-014, 2.150400E+004 1.570926E+074 2.150400E+004, Thu Sep 10 13:18:48 2015
1.80, 0.00, 0.52, 0.00 , 6.501635E-011, -9.699130E-012, -3.247062E-011, -8.066890E-014, 2.150400E+004 1.570926E+074 2.150400E+004, Thu Sep 10 13:18:53 2015
1.80, 0.00, 0.54, 0.00 , 6.640883E-011, -9.618350E-012, -2.060484E-011, -9.312630E-014, 2.150400E+004 1.570926E+074 2.150400E+004, Thu Sep 10 13:18:59 2015
1.80, 0.00, 0.56, 0.00 , 6.602902E-011, -9.727550E-012, -2.836154E-011, -1.014710E-013, 2.150400E+004 1.570926E+074 2.150400E+004, Thu Sep 10 13:19:08 2015
1.80, 0.00, 0.58, 0.00 , 6.691517E-011, -9.671410E-012, -2.743909E-011, -1.181840E-013, 2.150400E+004 1.570926E+074 2.150400E+004, Thu Sep 10 13:19:16 2015
1.80, 0.00, 0.60, 0.00 , 6.505853E-011, -9.661190E-012, -3.284798E-011, -8.742810E-014, 2.150400E+004 1.570926E+074 2.150400E+004, Thu Sep 10 13:19:30 2015
1.80, 0.00, 0.62, 0.00 , 6.514292E-011, -9.730770E-012, -2.387509E-011, -9.806160E-014, 2.150400E+004 1.570926E+074 2.150400E+004, Thu Sep 10 13:19:44 2015
1.80, 0.00, 0.64, 0.00 , 6.488977E-011, -9.701120E-012, -2.991292E-011, -9.615420E-014, 2.150400E+004 1.570926E+074 2.150400E+004, Thu Sep 10 13:19:53 2015
1.80, 0.00, 0.66, 0.00 , 5.839153E-011, -9.612720E-012, -2.047906E-011, -8.456710E-014, 2.150400E+004 1.570926E+074 2.150400E+004, Thu Sep 10 13:20:24 2015
1.80, 0.00, 0.68, 0.00 , 5.931985E-011, -9.585050E-012, -3.372849E-011, -8.764270E-014, 2.150400E+004 1.570926E+074 2.150400E+004, Thu Sep 10 13:20:29 2015
1.80, 0.00, 0.70, 0.00 , 6.147183E-011, -1.048070E-011, -2.894854E-011, -9.546280E-014, 2.150400E+004 1.570926E+074 2.150400E+004, Thu Sep 10 13:20:43 2015
1.80, 0.00, 0.72, 0.00 , 7.334924E-010, -6.739130E-010, -2.094024E-011, -1.178380E-013, 2.150400E+004 1.570926E+074 2.150400E+004, Thu Sep 10 13:21:04 2015
1.80, 0.00, 0.74, 0.00 , 2.331634E-008, -2.310360E-008, -2.647471E-011, -8.730890E-014, 2.150400E+004 1.570926E+074 2.150400E+004, Thu Sep 10 13:21:26 2015
1.80, 0.00, 0.76, 0.00 , 1.703234E-007, -1.699540E-007, -2.286880E-011, -6.661420E-014, 2.150400E+004 1.570926E+074 2.150400E+004, Thu Sep 10 13:21:30 2015
1.80, 0.00, 0.78, 0.00 , 3.374393E-007, -3.374120E-007, -2.601349E-011, -9.166000E-014, 2.150400E+004 1.570926E+074 2.150400E+004, Thu Sep 10 13:21:35 2015
1.80, 0.00, 0.80, 0.00 , 6.293549E-007, -6.279040E-007, -2.244955E-011, -8.935930E-014, 2.150400E+004 1.570926E+074 2.150400E+004, Thu Sep 10 13:21:38 2015
1.80, 0.00, 0.82, 0.00 , 9.751625E-007, -9.750010E-007, -1.469339E-011, -9.582040E-014, 2.150400E+004 1.570926E+074 2.150400E+004, Thu Sep 10 13:21:43 2015
1.80, 0.00, 0.84, 0.00 , 1.523634E-006, -1.516580E-006, -1.855050E-011, -9.843110E-014, 2.150400E+004 1.570926E+074 2.150400E+004, Thu Sep 10 13:21:47 2015
1.80, 0.00, 0.86, 0.00 , 2.242287E-006, -2.237590E-006, -1.825703E-011, -1.216650E-013, 2.150400E+004 1.570926E+074 2.150400E+004, Thu Sep 10 13:21:50 2015
1.80, 0.00, 0.88, 0.00 , 3.124901E-006, -3.114280E-006, -2.672628E-011, -8.904930E-014, 2.150400E+004 1.570926E+074 2.150400E+004, Thu Sep 10 13:21:54 2015
1.80, 0.00, 0.90, 0.00 , 4.131669E-006, -4.143390E-006, -1.720890E-011, -1.020550E-013, 2.150400E+004 1.570926E+074 2.150400E+004, Thu Sep 10 13:21:57 2015
1.80, 0.00, 0.92, 0.00 , 5.298302E-006, -5.289190E-006, -1.666387E-011, -1.007560E-013, 2.150400E+004 1.570926E+074 2.150400E+004, Thu Sep 10 13:22:01 2015
1.80, 0.00, 0.94, 0.00 , 6.629374E-006, -6.615480E-006, -2.333000E-011, -8.069280E-014, 2.150400E+004 1.570926E+074 2.150400E+004, Thu Sep 10 13:22:05 2015
1.80, 0.00, 0.96, 0.00 , 8.118959E-006, -8.105990E-006, -2.731329E-011, -8.165840E-014, 2.150400E+004 1.570926E+074 2.150400E+004, Thu Sep 10 13:22:08 2015
1.80, 0.00, 0.98, 0.00 , 9.620290E-006, -9.673140E-006, -1.691542E-011, -9.357930E-014, 2.150400E+004 1.570926E+074 2.150400E+004, Thu Sep 10 13:22:12 2015
1.80, 0.00, 1.00, 0.00 , 1.149719E-005, -1.149580E-005, -2.106602E-011, -1.247530E-013, 2.150400E+004 1.570926E+074 2.150400E+004, Thu Sep 10 13:22:15 2015
1.80, 0.00, 1.02, 0.00 , 1.342985E-005, -1.346900E-005, -1.393873E-011, -1.081820E-013, 2.150400E+004 1.570926E+074 2.150400E+004, Thu Sep 10 13:22:19 2015
1.80, 0.00, 1.04, 0.00 , 1.557627E-005, -1.555250E-005, -2.668436E-011, -1.338600E-013, 2.150400E+004 1.570926E+074 2.150400E+004, Thu Sep 10 13:22:22 2015
1.80, 0.00, 1.06, 0.00 , 1.775874E-005, -1.777860E-005, -2.068869E-011, -1.081230E-013, 2.150400E+004 1.570926E+074 2.150400E+004, Thu Sep 10 13:22:26 2015
1.80, 0.00, 1.08, 0.00 , 2.011756E-005, -2.013090E-005, -1.691542E-011, -8.760690E-014, 2.150400E+004 1.570926E+074 2.150400E+004, Thu Sep 10 13:22:30 2015
1.80, 0.00, 1.10, 0.00 , 2.262478E-005, -2.258130E-005, -2.546840E-011, -9.301900E-014, 2.150400E+004 1.570926E+074 2.150400E+004, Thu Sep 10 13:22:33 2015
1.80, 0.00, 1.12, 0.00 , 2.528729E-005, -2.526580E-005, -1.813126E-011, -9.824040E-014, 2.150400E+004 1.570926E+074 2.150400E+004, Thu Sep 10 13:22:37 2015
1.80, 0.00, 1.14, 0.00 , 2.816516E-005, -2.810490E-005, -1.393873E-011, -1.172420E-013, 2.150400E+004 1.570926E+074 2.150400E+004, Thu Sep 10 13:22:40 2015
1.80, 0.00, 1.16, 0.00 , 3.119307E-005, -3.118360E-005, -2.291073E-011, -8.525850E-014, 2.150400E+004 1.570926E+074 2.150400E+004, Thu Sep 10 13:22:44 2015
1.80, 0.00, 1.18, 0.00 , 3.434575E-005, -3.434970E-005, -1.167478E-011, -1.160260E-013, 2.150400E+004 1.570926E+074 2.150400E+004, Thu Sep 10 13:22:47 2015
1.80, 0.00, 1.20, 0.00 , 3.777030E-005, -3.774830E-005, -1.888591E-011, -8.913280E-014, 2.150400E+004 1.570926E+074 2.150400E+004, Thu Sep 10 13:22:51 2015
1.80, 0.00, 1.22, 0.00 , 4.128806E-005, -4.127920E-005, -1.951479E-011, -1.057620E-013, 2.150400E+004 1.570926E+074 2.150400E+004, Thu Sep 10 13:22:54 2015
1.80, 0.00, 1.24, 0.00 , 4.493662E-005, -4.495070E-005, -1.896976E-011, -8.895400E-014, 2.150400E+004 1.570926E+074 2.150400E+004, Thu Sep 10 13:22:58 2015
1.80, 0.00, 1.26, 0.00 , 4.877631E-005, -4.874580E-005, -1.037509E-011, -8.745190E-014, 2.150400E+004 1.570926E+074 2.150400E+004, Thu Sep 10 13:23:02 2015
1.80, 0.00, 1.28, 0.00 , 5.279737E-005, -5.275250E-005, -1.507071E-011, -1.121160E-013, 2.150400E+004 1.570926E+074 2.150400E+004, Thu Sep 10 13:23:05 2015
1.80, 0.00, 1.30, 0.00 , 5.672731E-005, -5.671040E-005, -2.786608E-012, -1.009460E-013, 2.150400E+004 1.570926E+074 2.150400E+004, Thu Sep 10 13:23:09 2015
1.80, 0.00, 1.32, 0.00 , 6.107645E-005, -6.099780E-005, -6.014881E-012, -8.368490E-014, 2.150400E+004 1.570926E+074 2.150400E+004, Thu Sep 10 13:23:12 2015
1.80, 0.00, 1.34, 0.00 , 6.531196E-005, -6.527810E-005, -1.058472E-011, -1.053330E-013, 2.150400E+004 1.570926E+074 2.150400E+004, Thu Sep 10 13:23:16 2015
1.80, 0.00, 1.36, 0.00 , 6.982573E-005, -6.979810E-005, -1.230364E-011, -8.854870E-014, 2.150400E+004 1.570926E+074 2.150400E+004, Thu Sep 10 13:23:19 2015
1.80, 0.00, 1.38, 0.00 , 7.441716E-005, -7.443390E-005, -6.937215E-012, -1.106140E-013, 2.150400E+004 1.570926E+074 2.150400E+004, Thu Sep 10 13:23:23 2015
1.80, 0.00, 1.40, 0.00 , 7.926582E-005, -7.925410E-005, -4.840966E-012, -1.044390E-013, 2.150400E+004 1.570926E+074 2.150400E+004, Thu Sep 10 13:23:26 2015
1.80, 0.00, 1.42, 0.00 , 8.404149E-005, -8.409280E-005, -1.184246E-011, -9.839540E-014, 2.150400E+004 1.570926E+074 2.150400E+004, Thu Sep 10 13:23:30 2015
1.80, 0.00, 1.44, 0.00 , 8.900293E-005, -8.901040E-005, -1.188440E-011, -1.086710E-013, 2.150400E+004 1.570926E+074 2.150400E+004, Thu Sep 10 13:23:34 2015
1.80, 0.00, 1.46, 0.00 , 9.394933E-005, -9.397950E-005, 3.577902E-013, -8.927580E-014, 2.150400E+004 1.570926E+074 2.150400E+004, Thu Sep 10 13:23:37 2015
1.80, 0.00, 1.48, 0.00 , 9.913749E-005, -9.908700E-005, 4.592235E-012, -9.357930E-014, 2.150400E+004 1.570926E+074 2.150400E+004, Thu Sep 10 13:23:41 2015
1.80, 0.00, 1.50, 0.00 , 1.043782E-004, -1.044090E-004, -8.161163E-013, -1.146910E-013, 2.150400E+004 1.570926E+074 2.150400E+004, Thu Sep 10 13:23:44 2015
1.80, 0.00, 1.52, 0.00 , 1.096766E-004, -1.096510E-004, 1.909016E-012, -1.038310E-013, 2.150400E+004 1.570926E+074 2.150400E+004, Thu Sep 10 13:23:48 2015
1.80, 0.00, 1.54, 0.00 , 1.151017E-004, -1.150800E-004, -8.153044E-012, -1.045820E-013, 2.150400E+004 1.570926E+074 2.150400E+004, Thu Sep 10 13:23:51 2015
1.80, 0.00, 1.56, 0.00 , 1.204843E-004, -1.205280E-004, 5.095327E-012, -8.150340E-014, 2.150400E+004 1.570926E+074 2.150400E+004, Thu Sep 10 13:23:55 2015
1.80, 0.00, 1.58, 0.00 , 1.261178E-004, -1.260650E-004, -4.807231E-013, -1.021980E-013, 2.150400E+004 1.570926E+074 2.150400E+004, Thu Sep 10 13:23:58 2015
1.80, 0.00, 1.60, 0.00 , 1.316294E-004, -1.316130E-004, 6.814285E-012, -1.112580E-013, 2.150400E+004 1.570926E+074 2.150400E+004, Thu Sep 10 13:24:02 2015
1.80, 0.00, 1.62, 0.00 , 1.373168E-004, -1.372930E-004, 8.617031E-012, -8.546110E-014, 2.150400E+004 1.570926E+074 2.150400E+004, Thu Sep 10 13:24:06 2015
1.80, 0.00, 1.64, 0.00 , 1.430947E-004, -1.430860E-004, 5.472654E-012, -9.224420E-014, 2.150400E+004 1.570926E+074 2.150400E+004, Thu Sep 10 13:24:09 2015
1.80, 0.00, 1.66, 0.00 , 1.488144E-004, -1.488710E-004, 9.078214E-012, -7.686620E-014, 2.150400E+004 1.570926E+074 2.150400E+004, Thu Sep 10 13:24:13 2015
1.80, 0.00, 1.68, 0.00 , 1.547468E-004, -1.547230E-004, -4.387966E-013, -9.757280E-014, 2.150400E+004 1.570926E+074 2.150400E+004, Thu Sep 10 13:24:16 2015
1.80, 0.00, 1.70, 0.00 , 1.605395E-004, -1.606120E-004, 7.149670E-012, -9.806160E-014, 2.150400E+004 1.570926E+074 2.150400E+004, Thu Sep 10 13:24:20 2015
1.80, 0.00, 1.72, 0.00 , 1.666667E-004, -1.665190E-004, 5.304944E-012, -1.001600E-013, 2.150400E+004 1.570926E+074 2.150400E+004, Thu Sep 10 13:24:23 2015
1.80, 0.00, 1.74, 0.00 , 1.726000E-004, -1.726000E-004, 6.981960E-012, -9.408000E-014, 2.150400E+004 1.570926E+074 2.150400E+004, Thu Sep 10 13:24:27 2015
1.80, 0.00, 1.76, 0.00 , 1.788569E-004, -1.787060E-004, 4.424537E-012, -9.555820E-014, 2.150400E+004 1.570926E+074 2.150400E+004, Thu Sep 10 13:24:30 2015
1.80, 0.00, 1.78, 0.00 , 1.848760E-004, -1.849070E-004, 1.142604E-011, -1.118780E-013, 2.150400E+004 1.570926E+074 2.150400E+004, Thu Sep 10 13:24:34 2015
1.80, 0.00, 1.80, 0.00 , 1.909599E-004, -1.908820E-004, 2.454056E-012, -1.236200E-013, 2.150400E+004 1.570926E+074 2.150400E+004, Thu Sep 10 13:24:38 2015
1.80, 0.00, 1.82, 0.00 , 1.971626E-004, -1.970800E-004, 6.093424E-013, -9.509330E-014, 2.150400E+004 1.570926E+074 2.150400E+004, Thu Sep 10 13:24:41 2015
1.80, 0.00, 1.84, 0.00 , 2.033523E-004, -2.033480E-004, 2.048190E-011, -1.071210E-013, 2.150400E+004 1.570926E+074 2.150400E+004, Thu Sep 10 13:24:45 2015
1.80, 0.00, 1.86, 0.00 , 2.094880E-004, -2.094780E-004, 6.059611E-012, -9.424690E-014, 2.150400E+004 1.570926E+074 2.150400E+004, Thu Sep 10 13:24:48 2015
1.80, 0.00, 1.88, 0.00 , 2.157186E-004, -2.157010E-004, 1.465427E-011, -1.130460E-013, 2.150400E+004 1.570926E+074 2.150400E+004, Thu Sep 10 13:24:52 2015
1.80, 0.00, 1.90, 0.00 , 2.219875E-004, -2.218630E-004, 8.784744E-012, -1.014710E-013, 2.150400E+004 1.570926E+074 2.150400E+004, Thu Sep 10 13:24:55 2015
1.80, 0.00, 1.92, 0.00 , 2.284061E-004, -2.282940E-004, 2.081730E-011, -9.140970E-014, 2.150400E+004 1.570926E+074 2.150400E+004, Thu Sep 10 13:24:59 2015
1.80, 0.00, 1.94, 0.00 , 2.347175E-004, -2.347560E-004, 2.056575E-011, -8.350610E-014, 2.150400E+004 1.570926E+074 2.150400E+004, Thu Sep 10 13:25:02 2015
1.80, 0.00, 1.96, 0.00 , 2.410762E-004, -2.409650E-004, 1.897258E-011, -7.505420E-014, 2.150400E+004 1.570926E+074 2.150400E+004, Thu Sep 10 13:25:06 2015
1.80, 0.00, 1.98, 0.00 , 2.475324E-004, -2.473710E-004, 2.085923E-011, -1.097920E-013, 2.150400E+004 1.570926E+074 2.150400E+004, Thu Sep 10 13:25:10 2015
1.80, 0.00, 2.00, 0.00 , 2.535883E-004, -2.536310E-004, 1.834370E-011, -1.035810E-013, 2.150400E+004 1.570926E+074 2.150400E+004, Thu Sep 10 13:25:13 2015
