1.80, 0.00, 0.00, 0.00 , 1.120085E-009, -3.165850E-010, -9.280686E-011, -8.467440E-014, 2.150400E+004 1.570926E+074 2.150400E+004, Sun Sep 06 15:33:44 2015
1.80, 0.00, 0.02, 0.00 , 4.752037E-010, -2.554760E-011, -4.798445E-011, -9.850260E-014, 2.150400E+004 1.570926E+074 2.150400E+004, Sun Sep 06 15:34:06 2015
1.80, 0.00, 0.04, 0.00 , 4.529661E-010, -1.878630E-011, -3.821492E-011, -1.061320E-013, 2.150400E+004 1.570926E+074 2.150400E+004, Sun Sep 06 15:34:11 2015
1.80, 0.00, 0.06, 0.00 , 4.356660E-010, -2.178540E-011, -2.882274E-011, -9.014610E-014, 2.150400E+004 1.570926E+074 2.150400E+004, Sun Sep 06 15:34:16 2015
1.80, 0.00, 0.08, 0.00 , 4.332184E-010, -1.968810E-011, -1.985019E-011, -1.078010E-013, 2.150400E+004 1.570926E+074 2.150400E+004, Sun Sep 06 15:34:21 2015
1.80, 0.00, 0.10, 0.00 , 4.192093E-010, -1.766200E-011, -1.356143E-011, -9.901520E-014, 2.150400E+004 1.570926E+074 2.150400E+004, Sun Sep 06 15:34:25 2015
1.80, 0.00, 0.12, 0.00 , 3.964657E-010, -1.901890E-011, -8.278846E-012, -1.136300E-013, 2.150400E+004 1.570926E+074 2.150400E+004, Sun Sep 06 15:34:31 2015
1.80, 0.00, 0.14, 0.00 , 3.775196E-010, -2.123670E-011, -5.092550E-012, -9.974240E-014, 2.150400E+004 1.570926E+074 2.150400E+004, Sun Sep 06 15:34:38 2015
1.80, 0.00, 0.16, 0.00 , 3.739331E-010, -1.759470E-011, 2.998997E-012, -8.503200E-014, 2.150400E+004 1.570926E+074 2.150400E+004, Sun Sep 06 15:34:43 2015
1.80, 0.00, 0.18, 0.00 , 3.574765E-010, -2.143550E-011, 4.969471E-012, -7.857080E-014, 2.150400E+004 1.570926E+074 2.150400E+004, Sun Sep 06 15:34:49 2015
1.80, 0.00, 0.20, 0.00 , 3.557465E-010, -2.345970E-011, 1.201294E-011, -9.838340E-014, 2.150400E+004 1.570926E+074 2.150400E+004, Sun Sep 06 15:34:55 2015
1.80, 0.00, 0.22, 0.00 , 3.530038E-010, -2.080680E-011, 1.934980E-011, -6.340740E-014, 2.150400E+004 1.570926E+074 2.150400E+004, Sun Sep 06 15:35:00 2015
1.80, 0.00, 0.24, 0.00 , 3.631307E-010, -2.417120E-011, 2.794442E-011, -8.262400E-014, 2.150400E+004 1.570926E+074 2.150400E+004, Sun Sep 06 15:35:05 2015
1.80, 0.00, 0.26, 0.00 , 3.708526E-010, -3.389560E-011, 3.402354E-011, -9.751320E-014, 2.150400E+004 1.570926E+074 2.150400E+004, Sun Sep 06 15:35:10 2015
1.80, 0.00, 0.28, 0.00 , 3.764648E-010, -5.363300E-011, 3.821616E-011, -9.047980E-014, 2.150400E+004 1.570926E+074 2.150400E+004, Sun Sep 06 15:35:15 2015
1.80, 0.00, 0.30, 0.00 , 3.982801E-010, -8.950540E-011, 4.286977E-011, -1.021500E-013, 2.150400E+004 1.570926E+074 2.150400E+004, Sun Sep 06 15:35:20 2015
1.80, 0.00, 0.32, 0.00 , 4.638950E-010, -1.515290E-010, 5.192563E-011, -8.327960E-014, 2.150400E+004 1.570926E+074 2.150400E+004, Sun Sep 06 15:35:26 2015
1.80, 0.00, 0.34, 0.00 , 5.785418E-010, -2.649250E-010, 5.678891E-011, -9.000300E-014, 2.150400E+004 1.570926E+074 2.150400E+004, Sun Sep 06 15:35:30 2015
1.80, 0.00, 0.36, 0.00 , 7.778337E-010, -4.736550E-010, 5.607617E-011, -8.608100E-014, 2.150400E+004 1.570926E+074 2.150400E+004, Sun Sep 06 15:35:37 2015
1.80, 0.00, 0.38, 0.00 , 1.130803E-009, -8.531050E-010, 5.733394E-011, -8.550880E-014, 2.150400E+004 1.570926E+074 2.150400E+004, Sun Sep 06 15:35:43 2015
1.80, 0.00, 0.40, 0.00 , 1.784758E-009, -1.519390E-009, 6.324535E-011, -9.210110E-014, 2.150400E+004 1.570926E+074 2.150400E+004, Sun Sep 06 15:35:49 2015
1.80, 0.00, 0.42, 0.00 , 2.984099E-009, -2.698640E-009, 7.154659E-011, -8.373260E-014, 2.150400E+004 1.570926E+074 2.150400E+004, Sun Sep 06 15:35:53 2015
1.80, 0.00, 0.44, 0.00 , 5.081746E-009, -4.824890E-009, 7.418779E-011, -8.325580E-014, 2.150400E+004 1.570926E+074 2.150400E+004, Sun Sep 06 15:35:56 2015
1.80, 0.00, 0.46, 0.00 , 8.785711E-009, -8.547060E-009, 8.064432E-011, -8.642670E-014, 2.150400E+004 1.570926E+074 2.150400E+004, Sun Sep 06 15:36:00 2015
1.80, 0.00, 0.48, 0.00 , 1.515946E-008, -1.494440E-008, 8.211170E-011, -7.486340E-014, 2.150400E+004 1.570926E+074 2.150400E+004, Sun Sep 06 15:36:04 2015
1.80, 0.00, 0.50, 0.00 , 2.593668E-008, -2.568150E-008, 7.821262E-011, -8.074050E-014, 2.150400E+004 1.570926E+074 2.150400E+004, Sun Sep 06 15:36:07 2015
1.80, 0.00, 0.52, 0.00 , 4.374960E-008, -4.354790E-008, 7.469101E-011, -8.265970E-014, 2.150400E+004 1.570926E+074 2.150400E+004, Sun Sep 06 15:36:11 2015
1.80, 0.00, 0.54, 0.00 , 7.265987E-008, -7.296120E-008, 6.412577E-011, -8.913280E-014, 2.150400E+004 1.570926E+074 2.150400E+004, Sun Sep 06 15:36:15 2015
1.80, 0.00, 0.56, 0.00 , 1.195786E-007, -1.185580E-007, 4.865545E-011, -8.744000E-014, 2.150400E+004 1.570926E+074 2.150400E+004, Sun Sep 06 15:36:18 2015
1.80, 0.00, 0.58, 0.00 , 1.884052E-007, -1.883940E-007, 4.966164E-011, -6.799700E-014, 2.150400E+004 1.570926E+074 2.150400E+004, Sun Sep 06 15:36:22 2015
1.80, 0.00, 0.60, 0.00 , 2.918071E-007, -2.921090E-007, 4.651726E-011, -8.071660E-014, 2.150400E+004 1.570926E+074 2.150400E+004, Sun Sep 06 15:36:25 2015
1.80, 0.00, 0.62, 0.00 , 4.353162E-007, -4.359470E-007, 4.555301E-011, -1.031040E-013, 2.150400E+004 1.570926E+074 2.150400E+004, Sun Sep 06 15:36:29 2015
1.80, 0.00, 0.64, 0.00 , 6.329108E-007, -6.296080E-007, 4.844588E-011, -1.048210E-013, 2.150400E+004 1.570926E+074 2.150400E+004, Sun Sep 06 15:36:32 2015
1.80, 0.00, 0.66, 0.00 , 8.781225E-007, -8.804860E-007, 5.221912E-011, -8.952620E-014, 2.150400E+004 1.570926E+074 2.150400E+004, Sun Sep 06 15:36:36 2015
1.80, 0.00, 0.68, 0.00 , 1.200941E-006, -1.198660E-006, 4.748155E-011, -1.059530E-013, 2.150400E+004 1.570926E+074 2.150400E+004, Sun Sep 06 15:36:40 2015
1.80, 0.00, 0.70, 0.00 , 1.593055E-006, -1.593640E-006, 5.305763E-011, -7.930990E-014, 2.150400E+004 1.570926E+074 2.150400E+004, Sun Sep 06 15:36:43 2015
1.80, 0.00, 0.72, 0.00 , 2.087229E-006, -2.085350E-006, 5.586655E-011, -1.121880E-013, 2.150400E+004 1.570926E+074 2.150400E+004, Sun Sep 06 15:36:47 2015
1.80, 0.00, 0.74, 0.00 , 2.660863E-006, -2.665310E-006, 5.792095E-011, -9.455680E-014, 2.150400E+004 1.570926E+074 2.150400E+004, Sun Sep 06 15:36:50 2015
1.80, 0.00, 0.76, 0.00 , 3.337688E-006, -3.342060E-006, 5.884322E-011, -9.286400E-014, 2.150400E+004 1.570926E+074 2.150400E+004, Sun Sep 06 15:36:54 2015
1.80, 0.00, 0.78, 0.00 , 4.122996E-006, -4.117630E-006, 5.938829E-011, -9.377000E-014, 2.150400E+004 1.570926E+074 2.150400E+004, Sun Sep 06 15:36:57 2015
1.80, 0.00, 0.80, 0.00 , 5.000292E-006, -4.997380E-006, 6.458701E-011, -1.004700E-013, 2.150400E+004 1.570926E+074 2.150400E+004, Sun Sep 06 15:37:01 2015
1.80, 0.00, 0.82, 0.00 , 6.005889E-006, -5.995340E-006, 6.781522E-011, -1.032230E-013, 2.150400E+004 1.570926E+074 2.150400E+004, Sun Sep 06 15:37:04 2015
1.80, 0.00, 0.84, 0.00 , 7.095439E-006, -7.095160E-006, 6.836024E-011, -8.115770E-014, 2.150400E+004 1.570926E+074 2.150400E+004, Sun Sep 06 15:37:08 2015
1.80, 0.00, 0.86, 0.00 , 8.296383E-006, -8.265830E-006, 6.924074E-011, -9.505750E-014, 2.150400E+004 1.570926E+074 2.150400E+004, Sun Sep 06 15:37:12 2015
1.80, 0.00, 0.88, 0.00 , 9.594158E-006, -9.581700E-006, 7.020499E-011, -9.151700E-014, 2.150400E+004 1.570926E+074 2.150400E+004, Sun Sep 06 15:37:15 2015
1.80, 0.00, 0.90, 0.00 , 1.099028E-005, -1.097970E-005, 6.965995E-011, -7.880930E-014, 2.150400E+004 1.570926E+074 2.150400E+004, Sun Sep 06 15:37:19 2015
1.80, 0.00, 0.92, 0.00 , 1.252936E-005, -1.252670E-005, 7.418790E-011, -6.457570E-014, 2.150400E+004 1.570926E+074 2.150400E+004, Sun Sep 06 15:37:22 2015
1.80, 0.00, 0.94, 0.00 , 1.420370E-005, -1.420530E-005, 7.393634E-011, -8.867980E-014, 2.150400E+004 1.570926E+074 2.150400E+004, Sun Sep 06 15:37:26 2015
1.80, 0.00, 0.96, 0.00 , 1.597173E-005, -1.598660E-005, 7.523604E-011, -8.780960E-014, 2.150400E+004 1.570926E+074 2.150400E+004, Sun Sep 06 15:37:29 2015
1.80, 0.00, 0.98, 0.00 , 1.783345E-005, -1.782190E-005, 7.615829E-011, -1.048680E-013, 2.150400E+004 1.570926E+074 2.150400E+004, Sun Sep 06 15:37:33 2015
1.80, 0.00, 1.00, 0.00 , 1.982122E-005, -1.982950E-005, 8.114743E-011, -9.512900E-014, 2.150400E+004 1.570926E+074 2.150400E+004, Sun Sep 06 15:37:37 2015
1.80, 0.00, 1.02, 0.00 , 2.192094E-005, -2.191390E-005, 7.808700E-011, -9.642840E-014, 2.150400E+004 1.570926E+074 2.150400E+004, Sun Sep 06 15:37:40 2015
1.80, 0.00, 1.04, 0.00 , 2.404039E-005, -2.404820E-005, 7.934460E-011, -8.155110E-014, 2.150400E+004 1.570926E+074 2.150400E+004, Sun Sep 06 15:37:44 2015
1.80, 0.00, 1.06, 0.00 , 2.630194E-005, -2.631470E-005, 8.051863E-011, -8.487700E-014, 2.150400E+004 1.570926E+074 2.150400E+004, Sun Sep 06 15:37:47 2015
1.80, 0.00, 1.08, 0.00 , 2.870261E-005, -2.870910E-005, 8.123142E-011, -8.633140E-014, 2.150400E+004 1.570926E+074 2.150400E+004, Sun Sep 06 15:37:51 2015
1.80, 0.00, 1.10, 0.00 , 3.117928E-005, -3.118000E-005, 8.508845E-011, -8.136030E-014, 2.150400E+004 1.570926E+074 2.150400E+004, Sun Sep 06 15:37:54 2015
1.80, 0.00, 1.12, 0.00 , 3.371870E-005, -3.373840E-005, 8.651385E-011, -9.298320E-014, 2.150400E+004 1.570926E+074 2.150400E+004, Sun Sep 06 15:37:58 2015
1.80, 0.00, 1.14, 0.00 , 3.640191E-005, -3.641020E-005, 8.789740E-011, -7.437470E-014, 2.150400E+004 1.570926E+074 2.150400E+004, Sun Sep 06 15:38:01 2015
1.80, 0.00, 1.16, 0.00 , 3.910731E-005, -3.909550E-005, 8.584298E-011, -1.004340E-013, 2.150400E+004 1.570926E+074 2.150400E+004, Sun Sep 06 15:38:05 2015
1.80, 0.00, 1.18, 0.00 , 4.192674E-005, -4.194580E-005, 8.802321E-011, -8.386370E-014, 2.150400E+004 1.570926E+074 2.150400E+004, Sun Sep 06 15:38:09 2015
1.80, 0.00, 1.20, 0.00 , 4.486340E-005, -4.486720E-005, 9.263493E-011, -1.049640E-013, 2.150400E+004 1.570926E+074 2.150400E+004, Sun Sep 06 15:38:12 2015
1.80, 0.00, 1.22, 0.00 , 4.789440E-005, -4.786800E-005, 9.867220E-011, -8.752350E-014, 2.150400E+004 1.570926E+074 2.150400E+004, Sun Sep 06 15:38:16 2015
1.80, 0.00, 1.24, 0.00 , 5.092859E-005, -5.088260E-005, 9.766597E-011, -8.839370E-014, 2.150400E+004 1.570926E+074 2.150400E+004, Sun Sep 06 15:38:19 2015
1.80, 0.00, 1.26, 0.00 , 5.399734E-005, -5.402260E-005, 1.009361E-010, -9.604690E-014, 2.150400E+004 1.570926E+074 2.150400E+004, Sun Sep 06 15:38:23 2015
1.80, 0.00, 1.28, 0.00 , 5.731364E-005, -5.733390E-005, 9.829484E-011, -8.414980E-014, 2.150400E+004 1.570926E+074 2.150400E+004, Sun Sep 06 15:38:26 2015
1.80, 0.00, 1.30, 0.00 , 6.057884E-005, -6.060830E-005, 9.670169E-011, -1.130700E-013, 2.150400E+004 1.570926E+074 2.150400E+004, Sun Sep 06 15:38:30 2015
1.80, 0.00, 1.32, 0.00 , 6.393361E-005, -6.393090E-005, 9.707903E-011, -9.921790E-014, 2.150400E+004 1.570926E+074 2.150400E+004, Sun Sep 06 15:38:33 2015
1.80, 0.00, 1.34, 0.00 , 6.744242E-005, -6.742550E-005, 1.001395E-010, -8.568760E-014, 2.150400E+004 1.570926E+074 2.150400E+004, Sun Sep 06 15:38:37 2015
1.80, 0.00, 1.36, 0.00 , 7.087118E-005, -7.085470E-005, 1.010201E-010, -1.006360E-013, 2.150400E+004 1.570926E+074 2.150400E+004, Sun Sep 06 15:38:41 2015
1.80, 0.00, 1.38, 0.00 , 7.438302E-005, -7.443550E-005, 1.051286E-010, -9.216070E-014, 2.150400E+004 1.570926E+074 2.150400E+004, Sun Sep 06 15:38:44 2015
1.80, 0.00, 1.40, 0.00 , 7.800930E-005, -7.798610E-005, 1.076023E-010, -8.531810E-014, 2.150400E+004 1.570926E+074 2.150400E+004, Sun Sep 06 15:38:48 2015
1.80, 0.00, 1.42, 0.00 , 8.161785E-005, -8.161830E-005, 1.059671E-010, -7.245540E-014, 2.150400E+004 1.570926E+074 2.150400E+004, Sun Sep 06 15:38:51 2015
1.80, 0.00, 1.44, 0.00 , 8.527070E-005, -8.523450E-005, 1.047932E-010, -7.818940E-014, 2.150400E+004 1.570926E+074 2.150400E+004, Sun Sep 06 15:38:55 2015
1.80, 0.00, 1.46, 0.00 , 8.905012E-005, -8.898960E-005, 1.063026E-010, -9.255410E-014, 2.150400E+004 1.570926E+074 2.150400E+004, Sun Sep 06 15:38:58 2015
1.80, 0.00, 1.48, 0.00 , 9.289399E-005, -9.288450E-005, 1.129687E-010, -8.468630E-014, 2.150400E+004 1.570926E+074 2.150400E+004, Sun Sep 06 15:39:02 2015
1.80, 0.00, 1.50, 0.00 , 9.662010E-005, -9.664260E-005, 1.097403E-010, -1.017330E-013, 2.150400E+004 1.570926E+074 2.150400E+004, Sun Sep 06 15:39:05 2015
1.80, 0.00, 1.52, 0.00 , 1.006044E-004, -1.006190E-004, 1.150229E-010, -8.928780E-014, 2.150400E+004 1.570926E+074 2.150400E+004, Sun Sep 06 15:39:09 2015
1.80, 0.00, 1.54, 0.00 , 1.046188E-004, -1.045690E-004, 1.182512E-010, -8.598570E-014, 2.150400E+004 1.570926E+074 2.150400E+004, Sun Sep 06 15:39:13 2015
1.80, 0.00, 1.56, 0.00 , 1.085891E-004, -1.086070E-004, 1.159034E-010, -9.294750E-014, 2.150400E+004 1.570926E+074 2.150400E+004, Sun Sep 06 15:39:16 2015
1.80, 0.00, 1.58, 0.00 , 1.124931E-004, -1.124030E-004, 1.144779E-010, -1.042370E-013, 2.150400E+004 1.570926E+074 2.150400E+004, Sun Sep 06 15:39:20 2015
1.80, 0.00, 1.60, 0.00 , 1.166237E-004, -1.165900E-004, 1.167838E-010, -8.586650E-014, 2.150400E+004 1.570926E+074 2.150400E+004, Sun Sep 06 15:39:23 2015
1.80, 0.00, 1.62, 0.00 , 1.206486E-004, -1.206600E-004, 1.156099E-010, -8.512740E-014, 2.150400E+004 1.570926E+074 2.150400E+004, Sun Sep 06 15:39:27 2015
1.80, 0.00, 1.64, 0.00 , 1.247600E-004, -1.247240E-004, 1.152745E-010, -9.299520E-014, 2.150400E+004 1.570926E+074 2.150400E+004, Sun Sep 06 15:39:30 2015
1.80, 0.00, 1.66, 0.00 , 1.289142E-004, -1.289230E-004, 1.179158E-010, -1.017690E-013, 2.150400E+004 1.570926E+074 2.150400E+004, Sun Sep 06 15:39:34 2015
1.80, 0.00, 1.68, 0.00 , 1.330614E-004, -1.329950E-004, 1.160711E-010, -7.851120E-014, 2.150400E+004 1.570926E+074 2.150400E+004, Sun Sep 06 15:39:37 2015
1.80, 0.00, 1.70, 0.00 , 1.372848E-004, -1.372110E-004, 1.175385E-010, -1.014110E-013, 2.150400E+004 1.570926E+074 2.150400E+004, Sun Sep 06 15:39:41 2015
1.80, 0.00, 1.72, 0.00 , 1.413365E-004, -1.413160E-004, 1.185447E-010, -1.100060E-013, 2.150400E+004 1.570926E+074 2.150400E+004, Sun Sep 06 15:39:45 2015
1.80, 0.00, 1.74, 0.00 , 1.457251E-004, -1.457440E-004, 1.153165E-010, -9.163620E-014, 2.150400E+004 1.570926E+074 2.150400E+004, Sun Sep 06 15:39:48 2015
1.80, 0.00, 1.76, 0.00 , 1.499618E-004, -1.500520E-004, 1.152325E-010, -9.533170E-014, 2.150400E+004 1.570926E+074 2.150400E+004, Sun Sep 06 15:39:52 2015
1.80, 0.00, 1.78, 0.00 , 1.543461E-004, -1.542410E-004, 1.190059E-010, -6.412270E-014, 2.150400E+004 1.570926E+074 2.150400E+004, Sun Sep 06 15:39:55 2015
1.80, 0.00, 1.80, 0.00 , 1.587389E-004, -1.587090E-004, 1.192993E-010, -9.471180E-014, 2.150400E+004 1.570926E+074 2.150400E+004, Sun Sep 06 15:39:59 2015
1.80, 0.00, 1.82, 0.00 , 1.630698E-004, -1.629330E-004, 1.159872E-010, -1.040940E-013, 2.150400E+004 1.570926E+074 2.150400E+004, Sun Sep 06 15:40:02 2015
1.80, 0.00, 1.84, 0.00 , 1.675513E-004, -1.675380E-004, 1.198863E-010, -9.144540E-014, 2.150400E+004 1.570926E+074 2.150400E+004, Sun Sep 06 15:40:06 2015
1.80, 0.00, 1.86, 0.00 , 1.721284E-004, -1.721840E-004, 1.156099E-010, -1.034980E-013, 2.150400E+004 1.570926E+074 2.150400E+004, Sun Sep 06 15:40:09 2015
1.80, 0.00, 1.88, 0.00 , 1.766318E-004, -1.766450E-004, 1.209763E-010, -9.344820E-014, 2.150400E+004 1.570926E+074 2.150400E+004, Sun Sep 06 15:40:13 2015
1.80, 0.00, 1.90, 0.00 , 1.808081E-004, -1.807560E-004, 1.194670E-010, -1.019240E-013, 2.150400E+004 1.570926E+074 2.150400E+004, Sun Sep 06 15:40:17 2015
1.80, 0.00, 1.92, 0.00 , 1.856176E-004, -1.856150E-004, 1.224018E-010, -7.814170E-014, 2.150400E+004 1.570926E+074 2.150400E+004, Sun Sep 06 15:40:20 2015
1.80, 0.00, 1.94, 0.00 , 1.898959E-004, -1.899070E-004, 1.236596E-010, -7.454160E-014, 2.150400E+004 1.570926E+074 2.150400E+004, Sun Sep 06 15:40:24 2015
1.80, 0.00, 1.96, 0.00 , 1.943215E-004, -1.944420E-004, 1.302418E-010, -8.107420E-014, 2.150400E+004 1.570926E+074 2.150400E+004, Sun Sep 06 15:40:27 2015
1.80, 0.00, 1.98, 0.00 , 1.989079E-004, -1.988180E-004, 1.292775E-010, -1.014470E-013, 2.150400E+004 1.570926E+074 2.150400E+004, Sun Sep 06 15:40:31 2015
1.80, 0.00, 2.00, 0.00 , 2.034491E-004, -2.033900E-004, 1.283553E-010, -8.618830E-014, 2.150400E+004 1.570926E+074 2.150400E+004, Sun Sep 06 15:40:34 2015
