0.00, 0.00, 0.80, 0.00 , 2.549602E-009, -2.526670E-009, 1.124235E-010, -9.247060E-014, 2.150400E+004 1.570926E+074 2.150400E+004, Sun Sep 06 15:49:40 2015
0.05, 0.00, 0.80, 0.00 , 1.286681E-006, -1.289720E-006, 1.052124E-010, -1.208900E-013, 2.150400E+004 1.570926E+074 2.150400E+004, Sun Sep 06 15:49:44 2015
0.10, 0.00, 0.80, 0.00 , 2.130814E-006, -2.129600E-006, 9.900743E-011, -8.544920E-014, 2.150400E+004 1.570926E+074 2.150400E+004, Sun Sep 06 15:49:47 2015
0.15, 0.00, 0.80, 0.00 , 2.650154E-006, -2.651420E-006, 9.317988E-011, -1.000760E-013, 2.150400E+004 1.570926E+074 2.150400E+004, Sun Sep 06 15:49:51 2015
0.20, 0.00, 0.80, 0.00 , 2.956706E-006, -2.965760E-006, 9.146102E-011, -1.107100E-013, 2.150400E+004 1.570926E+074 2.150400E+004, Sun Sep 06 15:49:54 2015
0.25, 0.00, 0.80, 0.00 , 3.166584E-006, -3.167420E-006, 8.940667E-011, -8.394720E-014, 2.150400E+004 1.570926E+074 2.150400E+004, Sun Sep 06 15:49:58 2015
0.30, 0.00, 0.80, 0.00 , 3.302562E-006, -3.305480E-006, 8.563339E-011, -1.233220E-013, 2.150400E+004 1.570926E+074 2.150400E+004, Sun Sep 06 15:50:02 2015
0.35, 0.00, 0.80, 0.00 , 3.404269E-006, -3.410740E-006, 8.559141E-011, -7.812980E-014, 2.150400E+004 1.570926E+074 2.150400E+004, Sun Sep 06 15:50:05 2015
0.40, 0.00, 0.80, 0.00 , 3.490797E-006, -3.496600E-006, 8.663956E-011, -7.514950E-014, 2.150400E+004 1.570926E+074 2.150400E+004, Sun Sep 06 15:50:09 2015
0.45, 0.00, 0.80, 0.00 , 3.563389E-006, -3.567970E-006, 8.584302E-011, -8.556840E-014, 2.150400E+004 1.570926E+074 2.150400E+004, Sun Sep 06 15:50:12 2015
0.50, 0.00, 0.80, 0.00 , 3.630447E-006, -3.637120E-006, 7.930268E-011, -8.726120E-014, 2.150400E+004 1.570926E+074 2.150400E+004, Sun Sep 06 15:50:16 2015
0.55, 0.00, 0.80, 0.00 , 3.682383E-006, -3.688700E-006, 8.760388E-011, -9.617810E-014, 2.150400E+004 1.570926E+074 2.150400E+004, Sun Sep 06 15:50:19 2015
0.60, 0.00, 0.80, 0.00 , 3.746572E-006, -3.745020E-006, 8.559146E-011, -9.357930E-014, 2.150400E+004 1.570926E+074 2.150400E+004, Sun Sep 06 15:50:23 2015
0.65, 0.00, 0.80, 0.00 , 3.793248E-006, -3.791140E-006, 8.114748E-011, -1.000760E-013, 2.150400E+004 1.570926E+074 2.150400E+004, Sun Sep 06 15:50:26 2015
0.70, 0.00, 0.80, 0.00 , 3.837087E-006, -3.833180E-006, 8.349520E-011, -7.897620E-014, 2.150400E+004 1.570926E+074 2.150400E+004, Sun Sep 06 15:50:30 2015
0.75, 0.00, 0.80, 0.00 , 3.879818E-006, -3.876040E-006, 8.206977E-011, -9.796620E-014, 2.150400E+004 1.570926E+074 2.150400E+004, Sun Sep 06 15:50:33 2015
0.80, 0.00, 0.80, 0.00 , 3.919149E-006, -3.921830E-006, 8.089594E-011, -1.076220E-013, 2.150400E+004 1.570926E+074 2.150400E+004, Sun Sep 06 15:50:37 2015
0.85, 0.00, 0.80, 0.00 , 3.958289E-006, -3.959280E-006, 8.131512E-011, -7.364750E-014, 2.150400E+004 1.570926E+074 2.150400E+004, Sun Sep 06 15:50:41 2015
0.90, 0.00, 0.80, 0.00 , 3.991239E-006, -3.991680E-006, 8.097970E-011, -7.821320E-014, 2.150400E+004 1.570926E+074 2.150400E+004, Sun Sep 06 15:50:44 2015
0.95, 0.00, 0.80, 0.00 , 4.031919E-006, -4.029280E-006, 8.035080E-011, -1.071330E-013, 2.150400E+004 1.570926E+074 2.150400E+004, Sun Sep 06 15:50:48 2015
1.00, 0.00, 0.80, 0.00 , 4.056215E-006, -4.056180E-006, 7.527791E-011, -1.052380E-013, 2.150400E+004 1.570926E+074 2.150400E+004, Sun Sep 06 15:50:51 2015
1.05, 0.00, 0.80, 0.00 , 4.092482E-006, -4.100510E-006, 7.397821E-011, -1.070380E-013, 2.150400E+004 1.570926E+074 2.150400E+004, Sun Sep 06 15:50:55 2015
1.10, 0.00, 0.80, 0.00 , 4.137921E-006, -4.136620E-006, 7.519399E-011, -7.901190E-014, 2.150400E+004 1.570926E+074 2.150400E+004, Sun Sep 06 15:50:58 2015
1.15, 0.00, 0.80, 0.00 , 4.169919E-006, -4.176600E-006, 7.183999E-011, -9.276870E-014, 2.150400E+004 1.570926E+074 2.150400E+004, Sun Sep 06 15:51:02 2015
1.20, 0.00, 0.80, 0.00 , 4.224218E-006, -4.213590E-006, 7.200777E-011, -9.014610E-014, 2.150400E+004 1.570926E+074 2.150400E+004, Sun Sep 06 15:51:05 2015
1.25, 0.00, 0.80, 0.00 , 4.244901E-006, -4.242180E-006, 7.414590E-011, -7.791520E-014, 2.150400E+004 1.570926E+074 2.150400E+004, Sun Sep 06 15:51:09 2015
1.30, 0.00, 0.80, 0.00 , 4.281448E-006, -4.283800E-006, 7.049845E-011, -8.537770E-014, 2.150400E+004 1.570926E+074 2.150400E+004, Sun Sep 06 15:51:13 2015
1.35, 0.00, 0.80, 0.00 , 4.328115E-006, -4.320100E-006, 7.104344E-011, -8.486510E-014, 2.150400E+004 1.570926E+074 2.150400E+004, Sun Sep 06 15:51:16 2015
1.40, 0.00, 0.80, 0.00 , 4.354475E-006, -4.355630E-006, 6.982763E-011, -9.050370E-014, 2.150400E+004 1.570926E+074 2.150400E+004, Sun Sep 06 15:51:20 2015
1.45, 0.00, 0.80, 0.00 , 4.400467E-006, -4.398950E-006, 6.953415E-011, -8.916850E-014, 2.150400E+004 1.570926E+074 2.150400E+004, Sun Sep 06 15:51:23 2015
1.50, 0.00, 0.80, 0.00 , 4.439999E-006, -4.439620E-006, 6.676709E-011, -1.072530E-013, 2.150400E+004 1.570926E+074 2.150400E+004, Sun Sep 06 15:51:27 2015
1.55, 0.00, 0.80, 0.00 , 4.477557E-006, -4.483300E-006, 6.416769E-011, -7.557870E-014, 2.150400E+004 1.570926E+074 2.150400E+004, Sun Sep 06 15:51:30 2015
1.60, 0.00, 0.80, 0.00 , 4.525561E-006, -4.523220E-006, 6.609629E-011, -6.749630E-014, 2.150400E+004 1.570926E+074 2.150400E+004, Sun Sep 06 15:51:34 2015
1.65, 0.00, 0.80, 0.00 , 4.564390E-006, -4.561260E-006, 6.521587E-011, -7.389780E-014, 2.150400E+004 1.570926E+074 2.150400E+004, Sun Sep 06 15:51:37 2015
1.70, 0.00, 0.80, 0.00 , 4.599170E-006, -4.599020E-006, 6.374844E-011, -8.929970E-014, 2.150400E+004 1.570926E+074 2.150400E+004, Sun Sep 06 15:51:41 2015
1.75, 0.00, 0.80, 0.00 , 4.618088E-006, -4.622440E-006, 6.521580E-011, -1.012210E-013, 2.150400E+004 1.570926E+074 2.150400E+004, Sun Sep 06 15:51:44 2015
1.80, 0.00, 0.80, 0.00 , 4.666543E-006, -4.664440E-006, 6.567702E-011, -7.466080E-014, 2.150400E+004 1.570926E+074 2.150400E+004, Sun Sep 06 15:51:48 2015
1.85, 0.00, 0.80, 0.00 , 4.707525E-006, -4.709900E-006, 6.659935E-011, -8.367300E-014, 2.150400E+004 1.570926E+074 2.150400E+004, Sun Sep 06 15:51:52 2015
1.90, 0.00, 0.80, 0.00 , 4.754042E-006, -4.758190E-006, 5.871739E-011, -5.972390E-014, 2.150400E+004 1.570926E+074 2.150400E+004, Sun Sep 06 15:51:55 2015
1.95, 0.00, 0.80, 0.00 , 4.783437E-006, -4.789600E-006, 5.481842E-011, -1.000760E-013, 2.150400E+004 1.570926E+074 2.150400E+004, Sun Sep 06 15:51:59 2015
2.00, 0.00, 0.80, 0.00 , 4.830147E-006, -4.828050E-006, 5.792086E-011, -8.199220E-014, 2.150400E+004 1.570926E+074 2.150400E+004, Sun Sep 06 15:52:02 2015
