0.05, 0.00, 0.00, 0.00 , -5.457239E-011, 1.517570E-010, -1.696632E-012, -8.909700E-014, 2.150400E+004 1.570926E+074 2.150400E+004, Sun Sep 06 15:25:35 2015
0.05, 0.00, 0.02, 0.00 , -5.296884E-011, 1.481350E-010, 2.915125E-012, -9.012220E-014, 2.150400E+004 1.570926E+074 2.150400E+004, Sun Sep 06 15:25:39 2015
0.05, 0.00, 0.04, 0.00 , -4.849568E-011, 1.421990E-010, 2.873214E-012, -5.667210E-014, 2.150400E+004 1.570926E+074 2.150400E+004, Sun Sep 06 15:25:55 2015
0.05, 0.00, 0.06, 0.00 , -4.701872E-011, 1.361400E-010, 1.255791E-011, -6.239410E-014, 2.150400E+004 1.570926E+074 2.150400E+004, Sun Sep 06 15:25:59 2015
0.05, 0.00, 0.08, 0.00 , -4.457115E-011, 1.420540E-010, 1.846936E-011, -6.783010E-014, 2.150400E+004 1.570926E+074 2.150400E+004, Sun Sep 06 15:26:04 2015
0.05, 0.00, 0.10, 0.00 , -4.364275E-011, 1.361210E-010, 1.951745E-011, -7.163290E-014, 2.150400E+004 1.570926E+074 2.150400E+004, Sun Sep 06 15:26:10 2015
0.05, 0.00, 0.12, 0.00 , -4.127958E-011, 1.367910E-010, 2.949561E-011, -6.864070E-014, 2.150400E+004 1.570926E+074 2.150400E+004, Sun Sep 06 15:26:15 2015
0.05, 0.00, 0.14, 0.00 , -3.950718E-011, 1.310050E-010, 2.664472E-011, -9.942050E-014, 2.150400E+004 1.570926E+074 2.150400E+004, Sun Sep 06 15:26:24 2015
0.05, 0.00, 0.16, 0.00 , -3.655324E-011, 1.337330E-010, 3.490401E-011, -6.462340E-014, 2.150400E+004 1.570926E+074 2.150400E+004, Sun Sep 06 15:26:32 2015
0.05, 0.00, 0.18, 0.00 , -3.013894E-011, 1.255490E-010, 3.674869E-011, -1.011730E-013, 2.150400E+004 1.570926E+074 2.150400E+004, Sun Sep 06 15:26:46 2015
0.05, 0.00, 0.20, 0.00 , -2.566576E-011, 1.224220E-010, 4.572063E-011, -5.850790E-014, 2.150400E+004 1.570926E+074 2.150400E+004, Sun Sep 06 15:26:51 2015
0.05, 0.00, 0.22, 0.00 , -1.777447E-011, 1.226480E-010, 5.121283E-011, -6.827120E-014, 2.150400E+004 1.570926E+074 2.150400E+004, Sun Sep 06 15:27:09 2015
0.05, 0.00, 0.24, 0.00 , -1.207754E-011, 1.130220E-010, 5.632768E-011, -1.071690E-013, 2.150400E+004 1.570926E+074 2.150400E+004, Sun Sep 06 15:27:33 2015
0.05, 0.00, 0.26, 0.00 , -6.127417E-012, 1.050610E-010, 6.542539E-011, -9.131430E-014, 2.150400E+004 1.570926E+074 2.150400E+004, Sun Sep 06 15:27:36 2015
0.05, 0.00, 0.28, 0.00 , 2.734401E-012, 9.039500E-011, 7.313962E-011, -8.627180E-014, 2.150400E+004 1.570926E+074 2.150400E+004, Sun Sep 06 15:27:41 2015
0.05, 0.00, 0.30, 0.00 , 2.619538E-011, 6.996740E-011, 7.184000E-011, -8.252860E-014, 2.150400E+004 1.570926E+074 2.150400E+004, Sun Sep 06 15:28:06 2015
0.05, 0.00, 0.32, 0.00 , 6.320130E-011, 3.175310E-011, 8.056033E-011, -6.917720E-014, 2.150400E+004 1.570926E+074 2.150400E+004, Sun Sep 06 15:28:13 2015
0.05, 0.00, 0.34, 0.00 , 1.287317E-010, -3.239860E-011, 8.902925E-011, -9.378190E-014, 2.150400E+004 1.570926E+074 2.150400E+004, Sun Sep 06 15:28:20 2015
0.05, 0.00, 0.36, 0.00 , 2.392008E-010, -1.474970E-010, 9.334758E-011, -7.469650E-014, 2.150400E+004 1.570926E+074 2.150400E+004, Sun Sep 06 15:28:26 2015
0.05, 0.00, 0.38, 0.00 , 4.422903E-010, -3.513770E-010, 1.032418E-010, -8.604530E-014, 2.150400E+004 1.570926E+074 2.150400E+004, Sun Sep 06 15:28:30 2015
0.05, 0.00, 0.40, 0.00 , 7.986364E-010, -7.068840E-010, 1.133877E-010, -8.729700E-014, 2.150400E+004 1.570926E+074 2.150400E+004, Sun Sep 06 15:28:35 2015
0.05, 0.00, 0.42, 0.00 , 1.433601E-009, -1.350790E-009, 1.198023E-010, -8.503200E-014, 2.150400E+004 1.570926E+074 2.150400E+004, Sun Sep 06 15:28:41 2015
0.05, 0.00, 0.44, 0.00 , 2.527955E-009, -2.451840E-009, 1.224436E-010, -9.481910E-014, 2.150400E+004 1.570926E+074 2.150400E+004, Sun Sep 06 15:28:44 2015
0.05, 0.00, 0.46, 0.00 , 4.461757E-009, -4.354930E-009, 1.307866E-010, -1.102570E-013, 2.150400E+004 1.570926E+074 2.150400E+004, Sun Sep 06 15:28:48 2015
0.05, 0.00, 0.48, 0.00 , 7.776844E-009, -7.674790E-009, 1.346018E-010, -9.124280E-014, 2.150400E+004 1.570926E+074 2.150400E+004, Sun Sep 06 15:28:52 2015
0.05, 0.00, 0.50, 0.00 , 1.324524E-008, -1.313880E-008, 1.401779E-010, -9.708410E-014, 2.150400E+004 1.570926E+074 2.150400E+004, Sun Sep 06 15:28:55 2015
0.05, 0.00, 0.52, 0.00 , 2.209687E-008, -2.209650E-008, 1.452509E-010, -9.623770E-014, 2.150400E+004 1.570926E+074 2.150400E+004, Sun Sep 06 15:28:59 2015
0.05, 0.00, 0.54, 0.00 , 3.614833E-008, -3.592630E-008, 1.567383E-010, -1.093860E-013, 2.150400E+004 1.570926E+074 2.150400E+004, Sun Sep 06 15:29:02 2015
0.05, 0.00, 0.56, 0.00 , 5.686192E-008, -5.697670E-008, 1.631947E-010, -1.039980E-013, 2.150400E+004 1.570926E+074 2.150400E+004, Sun Sep 06 15:29:06 2015
0.05, 0.00, 0.58, 0.00 , 8.720951E-008, -8.675360E-008, 1.664649E-010, -9.291170E-014, 2.150400E+004 1.570926E+074 2.150400E+004, Sun Sep 06 15:29:10 2015
0.05, 0.00, 0.60, 0.00 , 1.292557E-007, -1.292100E-007, 1.739276E-010, -8.208750E-014, 2.150400E+004 1.570926E+074 2.150400E+004, Sun Sep 06 15:29:13 2015
0.05, 0.00, 0.62, 0.00 , 1.843847E-007, -1.835470E-007, 1.654587E-010, -1.253960E-013, 2.150400E+004 1.570926E+074 2.150400E+004, Sun Sep 06 15:29:17 2015
0.05, 0.00, 0.64, 0.00 , 2.529642E-007, -2.523920E-007, 1.763594E-010, -9.603500E-014, 2.150400E+004 1.570926E+074 2.150400E+004, Sun Sep 06 15:29:20 2015
0.05, 0.00, 0.66, 0.00 , 3.397076E-007, -3.385610E-007, 1.761915E-010, -3.547670E-014, 2.150400E+004 1.570926E+074 2.150400E+004, Sun Sep 06 15:29:24 2015
0.05, 0.00, 0.68, 0.00 , 4.414624E-007, -4.406600E-007, 1.626916E-010, -1.022220E-013, 2.150400E+004 1.570926E+074 2.150400E+004, Sun Sep 06 15:29:27 2015
0.05, 0.00, 0.70, 0.00 , 5.584993E-007, -5.581960E-007, 1.342664E-010, -8.671280E-014, 2.150400E+004 1.570926E+074 2.150400E+004, Sun Sep 06 15:29:31 2015
0.05, 0.00, 0.72, 0.00 , 6.939279E-007, -6.950560E-007, 1.234918E-010, -6.659030E-014, 2.150400E+004 1.570926E+074 2.150400E+004, Sun Sep 06 15:29:34 2015
0.05, 0.00, 0.74, 0.00 , 8.473268E-007, -8.448790E-007, 1.187122E-010, -8.858440E-014, 2.150400E+004 1.570926E+074 2.150400E+004, Sun Sep 06 15:29:38 2015
0.05, 0.00, 0.76, 0.00 , 1.012233E-006, -1.008710E-006, 1.204312E-010, -9.872910E-014, 2.150400E+004 1.570926E+074 2.150400E+004, Sun Sep 06 15:29:42 2015
0.05, 0.00, 0.78, 0.00 , 1.181031E-006, -1.185210E-006, 1.214374E-010, -8.504390E-014, 2.150400E+004 1.570926E+074 2.150400E+004, Sun Sep 06 15:29:45 2015
0.05, 0.00, 0.80, 0.00 , 1.373223E-006, -1.377490E-006, 1.258815E-010, -6.769900E-014, 2.150400E+004 1.570926E+074 2.150400E+004, Sun Sep 06 15:29:49 2015
0.05, 0.00, 0.82, 0.00 , 1.581387E-006, -1.576790E-006, 1.296127E-010, -9.725090E-014, 2.150400E+004 1.570926E+074 2.150400E+004, Sun Sep 06 15:29:52 2015
0.05, 0.00, 0.84, 0.00 , 1.793143E-006, -1.797110E-006, 1.330087E-010, -1.230000E-013, 2.150400E+004 1.570926E+074 2.150400E+004, Sun Sep 06 15:29:56 2015
0.05, 0.00, 0.86, 0.00 , 2.013307E-006, -2.013600E-006, 1.346018E-010, -9.310250E-014, 2.150400E+004 1.570926E+074 2.150400E+004, Sun Sep 06 15:29:59 2015
0.05, 0.00, 0.88, 0.00 , 2.245236E-006, -2.243970E-006, 1.375784E-010, -1.116750E-013, 2.150400E+004 1.570926E+074 2.150400E+004, Sun Sep 06 15:30:03 2015
0.05, 0.00, 0.90, 0.00 , 2.483346E-006, -2.484580E-006, 1.406391E-010, -1.195190E-013, 2.150400E+004 1.570926E+074 2.150400E+004, Sun Sep 06 15:30:07 2015
0.05, 0.00, 0.92, 0.00 , 2.731893E-006, -2.726700E-006, 1.454186E-010, -8.714200E-014, 2.150400E+004 1.570926E+074 2.150400E+004, Sun Sep 06 15:30:10 2015
0.05, 0.00, 0.94, 0.00 , 2.980840E-006, -2.981780E-006, 1.461731E-010, -8.461480E-014, 2.150400E+004 1.570926E+074 2.150400E+004, Sun Sep 06 15:30:14 2015
0.05, 0.00, 0.96, 0.00 , 3.234145E-006, -3.230530E-006, 1.482694E-010, -8.875130E-014, 2.150400E+004 1.570926E+074 2.150400E+004, Sun Sep 06 15:30:17 2015
0.05, 0.00, 0.98, 0.00 , 3.495761E-006, -3.493900E-006, 1.517912E-010, -7.826090E-014, 2.150400E+004 1.570926E+074 2.150400E+004, Sun Sep 06 15:30:21 2015
0.05, 0.00, 1.00, 0.00 , 3.759206E-006, -3.760020E-006, 1.556063E-010, -8.679630E-014, 2.150400E+004 1.570926E+074 2.150400E+004, Sun Sep 06 15:30:24 2015
0.05, 0.00, 1.02, 0.00 , 4.031550E-006, -4.034520E-006, 1.559836E-010, -7.361170E-014, 2.150400E+004 1.570926E+074 2.150400E+004, Sun Sep 06 15:30:28 2015
0.05, 0.00, 1.04, 0.00 , 4.302625E-006, -4.302120E-006, 1.582477E-010, -7.904770E-014, 2.150400E+004 1.570926E+074 2.150400E+004, Sun Sep 06 15:30:31 2015
0.05, 0.00, 1.06, 0.00 , 4.573253E-006, -4.573210E-006, 1.592538E-010, -1.216530E-013, 2.150400E+004 1.570926E+074 2.150400E+004, Sun Sep 06 15:30:35 2015
0.05, 0.00, 1.08, 0.00 , 4.834356E-006, -4.835460E-006, 1.631110E-010, -7.594820E-014, 2.150400E+004 1.570926E+074 2.150400E+004, Sun Sep 06 15:30:39 2015
0.05, 0.00, 1.10, 0.00 , 5.104290E-006, -5.108100E-006, 1.693158E-010, -1.069310E-013, 2.150400E+004 1.570926E+074 2.150400E+004, Sun Sep 06 15:30:42 2015
0.05, 0.00, 1.12, 0.00 , 5.372493E-006, -5.374430E-006, 1.725021E-010, -9.716750E-014, 2.150400E+004 1.570926E+074 2.150400E+004, Sun Sep 06 15:30:46 2015
0.05, 0.00, 1.14, 0.00 , 5.638753E-006, -5.632760E-006, 1.761077E-010, -9.281640E-014, 2.150400E+004 1.570926E+074 2.150400E+004, Sun Sep 06 15:30:49 2015
0.05, 0.00, 1.16, 0.00 , 5.904249E-006, -5.902670E-006, 1.722087E-010, -9.688140E-014, 2.150400E+004 1.570926E+074 2.150400E+004, Sun Sep 06 15:30:53 2015
0.05, 0.00, 1.18, 0.00 , 6.175617E-006, -6.179210E-006, 1.784556E-010, -1.043560E-013, 2.150400E+004 1.570926E+074 2.150400E+004, Sun Sep 06 15:30:56 2015
0.05, 0.00, 1.20, 0.00 , 6.433866E-006, -6.433850E-006, 1.800067E-010, -7.852320E-014, 2.150400E+004 1.570926E+074 2.150400E+004, Sun Sep 06 15:31:00 2015
0.05, 0.00, 1.22, 0.00 , 6.689878E-006, -6.688110E-006, 1.812226E-010, -8.494850E-014, 2.150400E+004 1.570926E+074 2.150400E+004, Sun Sep 06 15:31:03 2015
0.05, 0.00, 1.24, 0.00 , 6.947938E-006, -6.947720E-006, 1.825223E-010, -7.694960E-014, 2.150400E+004 1.570926E+074 2.150400E+004, Sun Sep 06 15:31:07 2015
0.05, 0.00, 1.26, 0.00 , 7.205374E-006, -7.204640E-006, 1.843250E-010, -9.349580E-014, 2.150400E+004 1.570926E+074 2.150400E+004, Sun Sep 06 15:31:11 2015
0.05, 0.00, 1.28, 0.00 , 7.446340E-006, -7.445220E-006, 1.890207E-010, -1.096130E-013, 2.150400E+004 1.570926E+074 2.150400E+004, Sun Sep 06 15:31:14 2015
0.05, 0.00, 1.30, 0.00 , 7.697000E-006, -7.695370E-006, 1.873856E-010, -9.551050E-014, 2.150400E+004 1.570926E+074 2.150400E+004, Sun Sep 06 15:31:18 2015
0.05, 0.00, 1.32, 0.00 , 7.935300E-006, -7.933970E-006, 1.877209E-010, -9.348390E-014, 2.150400E+004 1.570926E+074 2.150400E+004, Sun Sep 06 15:31:21 2015
0.05, 0.00, 1.34, 0.00 , 8.179799E-006, -8.175230E-006, 1.958964E-010, -9.119510E-014, 2.150400E+004 1.570926E+074 2.150400E+004, Sun Sep 06 15:31:25 2015
0.05, 0.00, 1.36, 0.00 , 8.414022E-006, -8.415940E-006, 1.964834E-010, -5.893710E-014, 2.150400E+004 1.570926E+074 2.150400E+004, Sun Sep 06 15:31:28 2015
0.05, 0.00, 1.38, 0.00 , 8.646496E-006, -8.642650E-006, 1.912847E-010, -8.896590E-014, 2.150400E+004 1.570926E+074 2.150400E+004, Sun Sep 06 15:31:32 2015
0.05, 0.00, 1.40, 0.00 , 8.875139E-006, -8.873190E-006, 2.024366E-010, -9.276870E-014, 2.150400E+004 1.570926E+074 2.150400E+004, Sun Sep 06 15:31:35 2015
0.05, 0.00, 1.42, 0.00 , 9.095868E-006, -9.097080E-006, 1.925005E-010, -1.116280E-013, 2.150400E+004 1.570926E+074 2.150400E+004, Sun Sep 06 15:31:39 2015
0.05, 0.00, 1.44, 0.00 , 9.312435E-006, -9.314490E-006, 2.031076E-010, -1.107810E-013, 2.150400E+004 1.570926E+074 2.150400E+004, Sun Sep 06 15:31:43 2015
0.05, 0.00, 1.46, 0.00 , 9.540350E-006, -9.540350E-006, 2.082224E-010, -9.222030E-014, 2.150400E+004 1.570926E+074 2.150400E+004, Sun Sep 06 15:31:46 2015
0.05, 0.00, 1.48, 0.00 , 9.754473E-006, -9.753480E-006, 2.091028E-010, -7.069110E-014, 2.150400E+004 1.570926E+074 2.150400E+004, Sun Sep 06 15:31:50 2015
0.05, 0.00, 1.50, 0.00 , 9.963668E-006, -9.963710E-006, 2.099411E-010, -9.210110E-014, 2.150400E+004 1.570926E+074 2.150400E+004, Sun Sep 06 15:31:53 2015
0.05, 0.00, 1.52, 0.00 , 1.017119E-005, -1.017990E-005, 2.200032E-010, -1.002670E-013, 2.150400E+004 1.570926E+074 2.150400E+004, Sun Sep 06 15:31:57 2015
0.05, 0.00, 1.54, 0.00 , 1.037559E-005, -1.037710E-005, 2.232735E-010, -8.891820E-014, 2.150400E+004 1.570926E+074 2.150400E+004, Sun Sep 06 15:32:00 2015
0.05, 0.00, 1.56, 0.00 , 1.058199E-005, -1.058670E-005, 2.154754E-010, -6.666180E-014, 2.150400E+004 1.570926E+074 2.150400E+004, Sun Sep 06 15:32:04 2015
0.05, 0.00, 1.58, 0.00 , 1.077707E-005, -1.078240E-005, 2.178231E-010, -9.148120E-014, 2.150400E+004 1.570926E+074 2.150400E+004, Sun Sep 06 15:32:08 2015
0.05, 0.00, 1.60, 0.00 , 1.097257E-005, -1.097720E-005, 2.210935E-010, -7.562640E-014, 2.150400E+004 1.570926E+074 2.150400E+004, Sun Sep 06 15:32:11 2015
0.05, 0.00, 1.62, 0.00 , 1.116675E-005, -1.117170E-005, 2.288077E-010, -1.062040E-013, 2.150400E+004 1.570926E+074 2.150400E+004, Sun Sep 06 15:32:15 2015
0.05, 0.00, 1.64, 0.00 , 1.135337E-005, -1.135670E-005, 2.234831E-010, -9.814500E-014, 2.150400E+004 1.570926E+074 2.150400E+004, Sun Sep 06 15:32:18 2015
0.05, 0.00, 1.66, 0.00 , 1.153618E-005, -1.154390E-005, 2.270047E-010, -1.128670E-013, 2.150400E+004 1.570926E+074 2.150400E+004, Sun Sep 06 15:32:22 2015
0.05, 0.00, 1.68, 0.00 , 1.172146E-005, -1.172830E-005, 2.365219E-010, -9.034870E-014, 2.150400E+004 1.570926E+074 2.150400E+004, Sun Sep 06 15:32:25 2015
0.05, 0.00, 1.70, 0.00 , 1.190036E-005, -1.190350E-005, 2.407562E-010, -9.843110E-014, 2.150400E+004 1.570926E+074 2.150400E+004, Sun Sep 06 15:32:29 2015
0.05, 0.00, 1.72, 0.00 , 1.207073E-005, -1.207580E-005, 2.435652E-010, -9.312630E-014, 2.150400E+004 1.570926E+074 2.150400E+004, Sun Sep 06 15:32:32 2015
0.05, 0.00, 1.74, 0.00 , 1.224318E-005, -1.225450E-005, 2.368571E-010, -1.001720E-013, 2.150400E+004 1.570926E+074 2.150400E+004, Sun Sep 06 15:32:36 2015
0.05, 0.00, 1.76, 0.00 , 1.242032E-005, -1.242950E-005, 2.394564E-010, -9.418730E-014, 2.150400E+004 1.570926E+074 2.150400E+004, Sun Sep 06 15:32:40 2015
0.05, 0.00, 1.78, 0.00 , 1.258465E-005, -1.258930E-005, 2.423913E-010, -8.779760E-014, 2.150400E+004 1.570926E+074 2.150400E+004, Sun Sep 06 15:32:43 2015
0.05, 0.00, 1.80, 0.00 , 1.275139E-005, -1.275770E-005, 2.341742E-010, -8.517500E-014, 2.150400E+004 1.570926E+074 2.150400E+004, Sun Sep 06 15:32:47 2015
0.05, 0.00, 1.82, 0.00 , 1.291534E-005, -1.292000E-005, 2.468352E-010, -1.011490E-013, 2.150400E+004 1.570926E+074 2.150400E+004, Sun Sep 06 15:32:50 2015
0.05, 0.00, 1.84, 0.00 , 1.306535E-005, -1.307380E-005, 2.543818E-010, -8.784530E-014, 2.150400E+004 1.570926E+074 2.150400E+004, Sun Sep 06 15:32:54 2015
0.05, 0.00, 1.86, 0.00 , 1.322377E-005, -1.322890E-005, 2.603353E-010, -9.700060E-014, 2.150400E+004 1.570926E+074 2.150400E+004, Sun Sep 06 15:32:57 2015
0.05, 0.00, 1.88, 0.00 , 1.338850E-005, -1.338960E-005, 2.644439E-010, -6.927250E-014, 2.150400E+004 1.570926E+074 2.150400E+004, Sun Sep 06 15:33:01 2015
0.05, 0.00, 1.90, 0.00 , 1.354005E-005, -1.354110E-005, 2.622219E-010, -6.198880E-014, 2.150400E+004 1.570926E+074 2.150400E+004, Sun Sep 06 15:33:04 2015
0.05, 0.00, 1.92, 0.00 , 1.368401E-005, -1.368960E-005, 2.716551E-010, -9.751320E-014, 2.150400E+004 1.570926E+074 2.150400E+004, Sun Sep 06 15:33:08 2015
0.05, 0.00, 1.94, 0.00 , 1.384107E-005, -1.384120E-005, 2.745059E-010, -8.243320E-014, 2.150400E+004 1.570926E+074 2.150400E+004, Sun Sep 06 15:33:12 2015
0.05, 0.00, 1.96, 0.00 , 1.396844E-005, -1.398240E-005, 2.798725E-010, -7.034540E-014, 2.150400E+004 1.570926E+074 2.150400E+004, Sun Sep 06 15:33:15 2015
0.05, 0.00, 1.98, 0.00 , 1.412137E-005, -1.412860E-005, 2.711938E-010, -8.325580E-014, 2.150400E+004 1.570926E+074 2.150400E+004, Sun Sep 06 15:33:19 2015
0.05, 0.00, 2.00, 0.00 , 1.426103E-005, -1.426170E-005, 2.741704E-010, -9.202960E-014, 2.150400E+004 1.570926E+074 2.150400E+004, Sun Sep 06 15:33:22 2015
