1.80, 1.80, -0.20, 1.80 , 1.201604E-007, -1.315290E-007, -5.595098E-011, 4.640640E-011, 2.150400E+004 1.570926E+074 2.150400E+004, Mon Aug 31 00:37:32 2015
1.75, 1.80, -0.20, 1.80 , -2.810638E-005, 2.807780E-005, -4.735543E-011, 5.894850E-011, 2.150400E+004 1.570926E+074 2.150400E+004, Mon Aug 31 00:37:35 2015
1.70, 1.80, -0.20, 1.80 , -5.570766E-005, 5.567900E-005, -1.104587E-010, 6.339580E-011, 2.150400E+004 1.570926E+074 2.150400E+004, Mon Aug 31 00:37:39 2015
1.65, 1.80, -0.20, 1.80 , -8.262541E-005, 8.260380E-005, 1.070375E-012, 6.445710E-011, 2.150400E+004 1.570926E+074 2.150400E+004, Mon Aug 31 00:37:42 2015
1.60, 1.80, -0.20, 1.80 , -1.088005E-004, 1.087370E-004, -5.431566E-011, 6.470300E-011, 2.150400E+004 1.570926E+074 2.150400E+004, Mon Aug 31 00:37:46 2015
1.55, 1.80, -0.20, 1.80 , -1.342998E-004, 1.343060E-004, -1.821513E-011, 6.458810E-011, 2.150400E+004 1.570926E+074 2.150400E+004, Mon Aug 31 00:37:50 2015
1.50, 1.80, -0.20, 1.80 , -1.593564E-004, 1.593340E-004, -4.546860E-011, 6.537750E-011, 2.150400E+004 1.570926E+074 2.150400E+004, Mon Aug 31 00:37:53 2015
1.45, 1.80, -0.20, 1.80 , -1.835649E-004, 1.834710E-004, -3.746016E-011, 6.574330E-011, 2.150400E+004 1.570926E+074 2.150400E+004, Mon Aug 31 00:37:57 2015
1.40, 1.80, -0.20, 1.80 , -2.069238E-004, 2.069270E-004, -4.861330E-011, 6.545450E-011, 2.150400E+004 1.570926E+074 2.150400E+004, Mon Aug 31 00:38:00 2015
1.35, 1.80, -0.20, 1.80 , -2.294353E-004, 2.293160E-004, -5.347708E-011, 6.648020E-011, 2.150400E+004 1.570926E+074 2.150400E+004, Mon Aug 31 00:38:04 2015
1.30, 1.80, -0.20, 1.80 , -2.509878E-004, 2.507030E-004, -4.857137E-011, 6.699940E-011, 2.150400E+004 1.570926E+074 2.150400E+004, Mon Aug 31 00:38:07 2015
1.25, 1.80, -0.20, 1.80 , -2.716754E-004, 2.713120E-004, -5.221920E-011, 6.600290E-011, 2.150400E+004 1.570926E+074 2.150400E+004, Mon Aug 31 00:38:11 2015
1.20, 1.80, -0.20, 1.80 , -2.914842E-004, 2.915790E-004, -4.358179E-011, 6.777450E-011, 2.150400E+004 1.570926E+074 2.150400E+004, Mon Aug 31 00:38:14 2015
1.15, 1.80, -0.20, 1.80 , -3.105139E-004, 3.103410E-004, -5.192574E-011, 6.757930E-011, 2.150400E+004 1.570926E+074 2.150400E+004, Mon Aug 31 00:38:18 2015
1.10, 1.80, -0.20, 1.80 , -3.282817E-004, 3.277490E-004, -4.064675E-011, 6.829860E-011, 2.150400E+004 1.570926E+074 2.150400E+004, Mon Aug 31 00:38:21 2015
1.05, 1.80, -0.20, 1.80 , -3.449898E-004, 3.448710E-004, -5.112907E-011, 6.945350E-011, 2.150400E+004 1.570926E+074 2.150400E+004, Mon Aug 31 00:38:25 2015
1.00, 1.80, -0.20, 1.80 , -3.606164E-004, 3.605590E-004, -3.221899E-011, 7.034700E-011, 2.150400E+004 1.570926E+074 2.150400E+004, Mon Aug 31 00:38:29 2015
0.95, 1.80, -0.20, 1.80 , -3.754387E-004, 3.753770E-004, -3.318337E-011, 7.084360E-011, 2.150400E+004 1.570926E+074 2.150400E+004, Mon Aug 31 00:38:32 2015
0.90, 1.80, -0.20, 1.80 , -3.890665E-004, 3.890610E-004, -4.416881E-011, 7.174300E-011, 2.150400E+004 1.570926E+074 2.150400E+004, Mon Aug 31 00:38:36 2015
0.85, 1.80, -0.20, 1.80 , -4.018384E-004, 4.017870E-004, 3.549077E-011, 7.013330E-011, 2.150400E+004 1.570926E+074 2.150400E+004, Mon Aug 31 00:38:39 2015
0.80, 1.80, -0.20, 1.80 , -4.135862E-004, 4.135090E-004, -3.674733E-011, 6.914100E-011, 2.150400E+004 1.570926E+074 2.150400E+004, Mon Aug 31 00:38:43 2015
0.75, 1.80, -0.20, 1.80 , -4.239630E-004, 4.239520E-004, -4.588791E-011, 7.103190E-011, 2.150400E+004 1.570926E+074 2.150400E+004, Mon Aug 31 00:38:46 2015
0.70, 1.80, -0.20, 1.80 , -4.337214E-004, 4.335180E-004, -3.699891E-011, 7.271450E-011, 2.150400E+004 1.570926E+074 2.150400E+004, Mon Aug 31 00:38:50 2015
0.65, 1.80, -0.20, 1.80 , -4.427306E-004, 4.427450E-004, 3.376240E-012, 7.214750E-011, 2.150400E+004 1.570926E+074 2.150400E+004, Mon Aug 31 00:38:53 2015
0.60, 1.80, -0.20, 1.80 , -4.503681E-004, 4.508320E-004, -4.710389E-011, 7.344590E-011, 2.150400E+004 1.570926E+074 2.150400E+004, Mon Aug 31 00:38:57 2015
0.55, 1.80, -0.20, 1.80 , -4.587132E-004, 4.585450E-004, -7.523832E-011, 7.349370E-011, 2.150400E+004 1.570926E+074 2.150400E+004, Mon Aug 31 00:39:01 2015
0.50, 1.80, -0.20, 1.80 , -4.650690E-004, 4.650230E-004, -2.999674E-011, 7.414110E-011, 2.150400E+004 1.570926E+074 2.150400E+004, Mon Aug 31 00:39:04 2015
0.45, 1.80, -0.20, 1.80 , -4.705448E-004, 4.709580E-004, -5.909561E-011, 7.501770E-011, 2.150400E+004 1.570926E+074 2.150400E+004, Mon Aug 31 00:39:08 2015
0.40, 1.80, -0.20, 1.80 , -4.762184E-004, 4.763380E-004, 3.157179E-013, 7.671410E-011, 2.150400E+004 1.570926E+074 2.150400E+004, Mon Aug 31 00:39:11 2015
0.35, 1.80, -0.20, 1.80 , -4.811705E-004, 4.809730E-004, -2.706170E-011, 7.537090E-011, 2.150400E+004 1.570926E+074 2.150400E+004, Mon Aug 31 00:39:15 2015
0.30, 1.80, -0.20, 1.80 , -4.858430E-004, 4.851920E-004, -7.586729E-011, 7.794030E-011, 2.150400E+004 1.570926E+074 2.150400E+004, Mon Aug 31 00:39:18 2015
0.25, 1.80, -0.20, 1.80 , -4.898729E-004, 4.899010E-004, 1.695999E-011, 7.869740E-011, 2.150400E+004 1.570926E+074 2.150400E+004, Mon Aug 31 00:39:22 2015
0.20, 1.80, -0.20, 1.80 , -4.941236E-004, 4.941280E-004, -3.196740E-011, 7.764590E-011, 2.150400E+004 1.570926E+074 2.150400E+004, Mon Aug 31 00:39:25 2015
0.15, 1.80, -0.20, 1.80 , -4.974023E-004, 4.973320E-004, -3.457538E-012, 7.960440E-011, 2.150400E+004 1.570926E+074 2.150400E+004, Mon Aug 31 00:39:29 2015
0.10, 1.80, -0.20, 1.80 , -5.003475E-004, 5.009180E-004, -5.167414E-011, 7.997930E-011, 2.150400E+004 1.570926E+074 2.150400E+004, Mon Aug 31 00:39:32 2015
0.05, 1.80, -0.20, 1.80 , -5.041685E-004, 5.043880E-004, -4.068868E-011, 8.126190E-011, 2.150400E+004 1.570926E+074 2.150400E+004, Mon Aug 31 00:39:36 2015
0.00, 1.80, -0.20, 1.80 , -5.069920E-004, 5.069500E-004, -3.624420E-011, 8.076900E-011, 2.150400E+004 1.570926E+074 2.150400E+004, Mon Aug 31 00:39:40 2015
-0.05, 1.80, -0.20, 1.80 , -5.097319E-004, 5.097000E-004, -3.502824E-011, 8.053190E-011, 2.150400E+004 1.570926E+074 2.150400E+004, Mon Aug 31 00:39:43 2015
-0.10, 1.80, -0.20, 1.80 , -5.117930E-004, 5.117780E-004, -4.366565E-011, 8.115900E-011, 2.150400E+004 1.570926E+074 2.150400E+004, Mon Aug 31 00:39:47 2015
-0.15, 1.80, -0.20, 1.80 , -5.139146E-004, 5.137610E-004, -3.905346E-011, 8.096970E-011, 2.150400E+004 1.570926E+074 2.150400E+004, Mon Aug 31 00:39:50 2015
-0.20, 1.80, -0.20, 1.80 , -5.160204E-004, 5.160410E-004, -4.928419E-011, 8.276320E-011, 2.150400E+004 1.570926E+074 2.150400E+004, Mon Aug 31 00:39:54 2015
