1.80, 1.80, 0.60, 1.80 , 5.590212E-011, 1.022420E-011, -3.276418E-011, 1.732650E-011, 2.150400E+004 1.570926E+074 2.150400E+004, Wed Sep 02 20:47:25 2015
1.75, 1.80, 0.60, 1.80 , -1.162697E-006, 1.168780E-006, -3.221910E-011, 1.712420E-011, 2.150400E+004 1.570926E+074 2.150400E+004, Wed Sep 02 20:47:32 2015
1.70, 1.80, 0.60, 1.80 , -4.903397E-006, 4.912420E-006, -3.159014E-011, 1.714650E-011, 2.150400E+004 1.570926E+074 2.150400E+004, Wed Sep 02 20:47:36 2015
1.65, 1.80, 0.60, 1.80 , -1.047890E-005, 1.048400E-005, -3.351891E-011, 1.723830E-011, 2.150400E+004 1.570926E+074 2.150400E+004, Wed Sep 02 20:47:39 2015
1.60, 1.80, 0.60, 1.80 , -1.761730E-005, 1.761220E-005, -3.322541E-011, 1.730500E-011, 2.150400E+004 1.570926E+074 2.150400E+004, Wed Sep 02 20:47:43 2015
1.55, 1.80, 0.60, 1.80 , -2.532440E-005, 2.532690E-005, -2.957752E-011, 1.744140E-011, 2.150400E+004 1.570926E+074 2.150400E+004, Wed Sep 02 20:47:46 2015
1.50, 1.80, 0.60, 1.80 , -3.240356E-005, 3.238960E-005, -3.163208E-011, 1.732560E-011, 2.150400E+004 1.570926E+074 2.150400E+004, Wed Sep 02 20:47:50 2015
1.45, 1.80, 0.60, 1.80 , -3.840340E-005, 3.838980E-005, -3.276418E-011, 1.740940E-011, 2.150400E+004 1.570926E+074 2.150400E+004, Wed Sep 02 20:47:54 2015
1.40, 1.80, 0.60, 1.80 , -4.275459E-005, 4.274490E-005, -3.121278E-011, 1.749440E-011, 2.150400E+004 1.570926E+074 2.150400E+004, Wed Sep 02 20:47:57 2015
1.35, 1.80, 0.60, 1.80 , -4.590363E-005, 4.589770E-005, -3.117085E-011, 1.753840E-011, 2.150400E+004 1.570926E+074 2.150400E+004, Wed Sep 02 20:48:01 2015
1.30, 1.80, 0.60, 1.80 , -4.839461E-005, 4.840310E-005, -3.179981E-011, 1.762890E-011, 2.150400E+004 1.570926E+074 2.150400E+004, Wed Sep 02 20:48:04 2015
1.25, 1.80, 0.60, 1.80 , -5.039966E-005, 5.040800E-005, -3.112892E-011, 1.762670E-011, 2.150400E+004 1.570926E+074 2.150400E+004, Wed Sep 02 20:48:08 2015
1.20, 1.80, 0.60, 1.80 , -5.210509E-005, 5.212620E-005, -3.112892E-011, 1.770200E-011, 2.150400E+004 1.570926E+074 2.150400E+004, Wed Sep 02 20:48:11 2015
1.15, 1.80, 0.60, 1.80 , -5.353714E-005, 5.353080E-005, -3.079348E-011, 1.769680E-011, 2.150400E+004 1.570926E+074 2.150400E+004, Wed Sep 02 20:48:15 2015
1.10, 1.80, 0.60, 1.80 , -5.480965E-005, 5.485020E-005, -3.100313E-011, 1.772540E-011, 2.150400E+004 1.570926E+074 2.150400E+004, Wed Sep 02 20:48:18 2015
1.05, 1.80, 0.60, 1.80 , -5.607918E-005, 5.607590E-005, -3.196751E-011, 1.779070E-011, 2.150400E+004 1.570926E+074 2.150400E+004, Wed Sep 02 20:48:22 2015
1.00, 1.80, 0.60, 1.80 , -5.718005E-005, 5.721020E-005, -2.945174E-011, 1.785280E-011, 2.150400E+004 1.570926E+074 2.150400E+004, Wed Sep 02 20:48:25 2015
0.95, 1.80, 0.60, 1.80 , -5.825804E-005, 5.830440E-005, -3.112893E-011, 1.786270E-011, 2.150400E+004 1.570926E+074 2.150400E+004, Wed Sep 02 20:48:29 2015
0.90, 1.80, 0.60, 1.80 , -5.921279E-005, 5.921710E-005, -2.978717E-011, 1.798660E-011, 2.150400E+004 1.570926E+074 2.150400E+004, Wed Sep 02 20:48:33 2015
0.85, 1.80, 0.60, 1.80 , -6.023259E-005, 6.026030E-005, -3.129664E-011, 1.800980E-011, 2.150400E+004 1.570926E+074 2.150400E+004, Wed Sep 02 20:48:36 2015
0.80, 1.80, 0.60, 1.80 , -6.116126E-005, 6.117130E-005, -2.928402E-011, 1.806300E-011, 2.150400E+004 1.570926E+074 2.150400E+004, Wed Sep 02 20:48:40 2015
0.75, 1.80, 0.60, 1.80 , -6.205227E-005, 6.205240E-005, -2.781648E-011, 1.803630E-011, 2.150400E+004 1.570926E+074 2.150400E+004, Wed Sep 02 20:48:43 2015
0.70, 1.80, 0.60, 1.80 , -6.297408E-005, 6.300440E-005, -3.016454E-011, 1.809690E-011, 2.150400E+004 1.570926E+074 2.150400E+004, Wed Sep 02 20:48:47 2015
0.65, 1.80, 0.60, 1.80 , -6.431161E-005, 6.431010E-005, -2.815191E-011, 1.814880E-011, 2.150400E+004 1.570926E+074 2.150400E+004, Wed Sep 02 20:48:50 2015
0.60, 1.80, 0.60, 1.80 , -6.675196E-005, 6.675800E-005, -3.184173E-011, 1.821710E-011, 2.150400E+004 1.570926E+074 2.150400E+004, Wed Sep 02 20:48:54 2015
0.55, 1.80, 0.60, 1.80 , -6.882059E-005, 6.879670E-005, -3.054191E-011, 1.821510E-011, 2.150400E+004 1.570926E+074 2.150400E+004, Wed Sep 02 20:48:57 2015
0.50, 1.80, 0.60, 1.80 , -7.079982E-005, 7.079850E-005, -3.083542E-011, 1.831430E-011, 2.150400E+004 1.570926E+074 2.150400E+004, Wed Sep 02 20:49:01 2015
0.45, 1.80, 0.60, 1.80 , -7.282636E-005, 7.272770E-005, -2.769069E-011, 1.835610E-011, 2.150400E+004 1.570926E+074 2.150400E+004, Wed Sep 02 20:49:04 2015
0.40, 1.80, 0.60, 1.80 , -7.477446E-005, 7.474460E-005, -3.075156E-011, 1.835320E-011, 2.150400E+004 1.570926E+074 2.150400E+004, Wed Sep 02 20:49:08 2015
0.35, 1.80, 0.60, 1.80 , -7.661158E-005, 7.663090E-005, -2.857121E-011, 1.839790E-011, 2.150400E+004 1.570926E+074 2.150400E+004, Wed Sep 02 20:49:12 2015
0.30, 1.80, 0.60, 1.80 , -7.836699E-005, 7.834090E-005, -3.171594E-011, 1.841100E-011, 2.150400E+004 1.570926E+074 2.150400E+004, Wed Sep 02 20:49:15 2015
0.25, 1.80, 0.60, 1.80 , -8.003514E-005, 8.008440E-005, -2.932595E-011, 1.848260E-011, 2.150400E+004 1.570926E+074 2.150400E+004, Wed Sep 02 20:49:19 2015
0.20, 1.80, 0.60, 1.80 , -8.175380E-005, 8.177980E-005, -2.802613E-011, 1.859900E-011, 2.150400E+004 1.570926E+074 2.150400E+004, Wed Sep 02 20:49:22 2015
0.15, 1.80, 0.60, 1.80 , -8.346163E-005, 8.343260E-005, -2.949366E-011, 1.875330E-011, 2.150400E+004 1.570926E+074 2.150400E+004, Wed Sep 02 20:49:26 2015
0.10, 1.80, 0.60, 1.80 , -8.514565E-005, 8.514570E-005, -2.743911E-011, 1.887130E-011, 2.150400E+004 1.570926E+074 2.150400E+004, Wed Sep 02 20:49:29 2015
0.05, 1.80, 0.60, 1.80 , -8.683201E-005, 8.684230E-005, -3.121279E-011, 1.918780E-011, 2.150400E+004 1.570926E+074 2.150400E+004, Wed Sep 02 20:49:33 2015
0.00, 1.80, 0.60, 1.80 , -8.857600E-005, 8.858990E-005, -2.970331E-011, 1.944070E-011, 2.150400E+004 1.570926E+074 2.150400E+004, Wed Sep 02 20:49:36 2015
-0.05, 1.80, 0.60, 1.80 , -9.054408E-005, 9.045170E-005, -2.660052E-011, 1.996700E-011, 2.150400E+004 1.570926E+074 2.150400E+004, Wed Sep 02 20:49:40 2015
-0.10, 1.80, 0.60, 1.80 , -9.244555E-005, 9.249710E-005, -2.970331E-011, 2.105910E-011, 2.150400E+004 1.570926E+074 2.150400E+004, Wed Sep 02 20:49:44 2015
-0.15, 1.80, 0.60, 1.80 , -9.469144E-005, 9.469300E-005, -2.873893E-011, 2.252180E-011, 2.150400E+004 1.570926E+074 2.150400E+004, Wed Sep 02 20:49:47 2015
-0.20, 1.80, 0.60, 1.80 , -9.704915E-005, 9.701890E-005, -2.676824E-011, 2.513350E-011, 2.150400E+004 1.570926E+074 2.150400E+004, Wed Sep 02 20:49:51 2015
