1.30, 1.80, 1.80, 1.80 , -5.512124E-011, 3.309870E-012, 6.330256E-005, -1.018050E-013, 2.150400E+004 1.570926E+074 2.150400E+004, Mon Oct 12 21:26:18 2015
1.30, 1.80, 1.78, 1.80 , -2.828224E-011, 4.140210E-012, 6.134966E-005, -1.117590E-013, 2.150400E+004 1.570926E+074 2.150400E+004, Mon Oct 12 21:26:23 2015
1.30, 1.80, 1.76, 1.80 , -2.710067E-011, 4.544000E-012, 5.937528E-005, -8.687970E-014, 2.150400E+004 1.570926E+074 2.150400E+004, Mon Oct 12 21:26:32 2015
1.30, 1.80, 1.74, 1.80 , -2.575028E-011, 4.752710E-012, 5.742202E-005, -7.790330E-014, 2.150400E+004 1.570926E+074 2.150400E+004, Mon Oct 12 21:26:55 2015
1.30, 1.80, 1.72, 1.80 , -2.731170E-011, 4.831680E-012, 5.544621E-005, -7.067920E-014, 2.150400E+004 1.570926E+074 2.150400E+004, Mon Oct 12 21:27:31 2015
1.30, 1.80, 1.70, 1.80 , -2.414670E-011, 5.040940E-012, 5.347473E-005, -9.189840E-014, 2.150400E+004 1.570926E+074 2.150400E+004, Mon Oct 12 21:28:29 2015
1.30, 1.80, 1.68, 1.80 , -2.646769E-011, 5.201910E-012, 5.154112E-005, -9.086130E-014, 2.150400E+004 1.570926E+074 2.150400E+004, Mon Oct 12 21:28:37 2015
1.30, 1.80, 1.66, 1.80 , -2.549711E-011, 5.113470E-012, 4.958778E-005, -9.862180E-014, 2.150400E+004 1.570926E+074 2.150400E+004, Mon Oct 12 21:28:44 2015
1.30, 1.80, 1.64, 1.80 , -2.503289E-011, 5.347820E-012, 4.764883E-005, -8.718970E-014, 2.150400E+004 1.570926E+074 2.150400E+004, Mon Oct 12 21:29:01 2015
1.30, 1.80, 1.62, 1.80 , -2.427328E-011, 5.346110E-012, 4.570273E-005, -8.782150E-014, 2.150400E+004 1.570926E+074 2.150400E+004, Mon Oct 12 21:29:10 2015
1.30, 1.80, 1.60, 1.80 , -2.473748E-011, 5.212500E-012, 4.376355E-005, -8.908510E-014, 2.150400E+004 1.570926E+074 2.150400E+004, Mon Oct 12 21:29:43 2015
1.30, 1.80, 1.58, 1.80 , -2.313389E-011, 5.383530E-012, 4.187437E-005, -7.689000E-014, 2.150400E+004 1.570926E+074 2.150400E+004, Mon Oct 12 21:29:56 2015
1.30, 1.80, 1.56, 1.80 , -2.427329E-011, 5.354450E-012, 3.994327E-005, -6.783010E-014, 2.150400E+004 1.570926E+074 2.150400E+004, Mon Oct 12 21:30:01 2015
1.30, 1.80, 1.54, 1.80 , -2.351369E-011, 5.674030E-012, 3.804163E-005, -9.012220E-014, 2.150400E+004 1.570926E+074 2.150400E+004, Mon Oct 12 21:30:15 2015
1.30, 1.80, 1.52, 1.80 , -2.313390E-011, 5.661430E-012, 3.612844E-005, -8.049010E-014, 2.150400E+004 1.570926E+074 2.150400E+004, Mon Oct 12 21:30:25 2015
1.30, 1.80, 1.50, 1.80 , -2.389349E-011, 5.622860E-012, 3.422498E-005, -8.348230E-014, 2.150400E+004 1.570926E+074 2.150400E+004, Mon Oct 12 21:31:16 2015
1.30, 1.80, 1.48, 1.80 , -2.385132E-011, 5.787400E-012, 3.234842E-005, -8.544920E-014, 2.150400E+004 1.570926E+074 2.150400E+004, Mon Oct 12 21:31:36 2015
1.30, 1.80, 1.46, 1.80 , -2.397787E-011, 5.969450E-012, 3.047242E-005, -7.437470E-014, 2.150400E+004 1.570926E+074 2.150400E+004, Mon Oct 12 21:32:10 2015
1.30, 1.80, 1.44, 1.80 , -2.465310E-011, 5.625880E-012, 2.858338E-005, -8.416180E-014, 2.150400E+004 1.570926E+074 2.150400E+004, Mon Oct 12 21:32:27 2015
1.30, 1.80, 1.42, 1.80 , -2.326052E-011, 6.106770E-012, 2.668570E-005, -7.957220E-014, 2.150400E+004 1.570926E+074 2.150400E+004, Mon Oct 12 21:32:34 2015
1.30, 1.80, 1.40, 1.80 , -2.330268E-011, 5.978140E-012, 2.481992E-005, -7.979870E-014, 2.150400E+004 1.570926E+074 2.150400E+004, Mon Oct 12 21:32:41 2015
1.30, 1.80, 1.38, 1.80 , -2.203671E-011, 5.877800E-012, 2.293815E-005, -8.507970E-014, 2.150400E+004 1.570926E+074 2.150400E+004, Mon Oct 12 21:32:48 2015
1.30, 1.80, 1.36, 1.80 , -2.304949E-011, 6.253060E-012, 2.107228E-005, -9.087320E-014, 2.150400E+004 1.570926E+074 2.150400E+004, Mon Oct 12 21:32:58 2015
1.30, 1.80, 1.34, 1.80 , -2.228991E-011, 5.901030E-012, 1.920615E-005, -8.782150E-014, 2.150400E+004 1.570926E+074 2.150400E+004, Mon Oct 12 21:33:16 2015
1.30, 1.80, 1.32, 1.80 , -2.203671E-011, 6.188850E-012, 1.736234E-005, -8.925200E-014, 2.150400E+004 1.570926E+074 2.150400E+004, Mon Oct 12 21:33:41 2015
1.30, 1.80, 1.30, 1.80 , -2.309171E-011, 6.371210E-012, 1.552748E-005, -9.942050E-014, 2.150400E+004 1.570926E+074 2.150400E+004, Mon Oct 12 21:34:00 2015
1.30, 1.80, 1.28, 1.80 , -2.494848E-011, 6.059010E-012, 1.369740E-005, -8.201600E-014, 2.150400E+004 1.570926E+074 2.150400E+004, Mon Oct 12 21:34:08 2015
1.30, 1.80, 1.26, 1.80 , -2.157252E-011, 6.322610E-012, 1.186770E-005, -8.889440E-014, 2.150400E+004 1.570926E+074 2.150400E+004, Mon Oct 12 21:34:15 2015
1.30, 1.80, 1.24, 1.80 , -1.904052E-011, 6.911420E-012, 1.255436E-009, -1.004700E-013, 2.150400E+004 1.570926E+074 2.150400E+004, Mon Oct 12 21:34:50 2015
1.30, 1.80, 1.22, 1.80 , -2.216330E-011, 6.684340E-012, 2.416719E-010, -7.163290E-014, 2.150400E+004 1.570926E+074 2.150400E+004, Mon Oct 12 21:35:02 2015
1.30, 1.80, 1.20, 1.80 , -2.245869E-011, 7.290530E-012, 5.779306E-011, -1.059530E-013, 2.150400E+004 1.570926E+074 2.150400E+004, Mon Oct 12 21:35:10 2015
1.30, 1.80, 1.18, 1.80 , -3.035006E-011, 1.576510E-011, -2.496520E-011, -9.263750E-014, 2.150400E+004 1.570926E+074 2.150400E+004, Mon Oct 12 21:35:23 2015
1.30, 1.80, 1.16, 1.80 , -7.596783E-011, 6.199780E-011, -2.911609E-011, -9.105210E-014, 2.150400E+004 1.570926E+074 2.150400E+004, Mon Oct 12 21:35:27 2015
1.30, 1.80, 1.14, 1.80 , -3.517845E-010, 3.375990E-010, -3.213493E-011, -8.783340E-014, 2.150400E+004 1.570926E+074 2.150400E+004, Mon Oct 12 21:35:34 2015
1.30, 1.80, 1.12, 1.80 , -1.080150E-009, 1.066960E-009, -2.928381E-011, -1.103280E-013, 2.150400E+004 1.570926E+074 2.150400E+004, Mon Oct 12 21:35:38 2015
1.30, 1.80, 1.10, 1.80 , -4.581494E-009, 4.574600E-009, -3.146407E-011, -9.942050E-014, 2.150400E+004 1.570926E+074 2.150400E+004, Mon Oct 12 21:35:42 2015
1.30, 1.80, 1.08, 1.80 , -1.318503E-008, 1.319690E-008, -3.075129E-011, -8.516310E-014, 2.150400E+004 1.570926E+074 2.150400E+004, Mon Oct 12 21:35:46 2015
1.30, 1.80, 1.06, 1.80 , -2.980013E-008, 2.981320E-008, -3.683089E-011, -9.362700E-014, 2.150400E+004 1.570926E+074 2.150400E+004, Mon Oct 12 21:35:49 2015
1.30, 1.80, 1.04, 1.80 , -5.734872E-008, 5.732760E-008, -3.175757E-011, -1.143570E-013, 2.150400E+004 1.570926E+074 2.150400E+004, Mon Oct 12 21:35:53 2015
1.30, 1.80, 1.02, 1.80 , -9.660132E-008, 9.664920E-008, -3.536340E-011, -1.015780E-013, 2.150400E+004 1.570926E+074 2.150400E+004, Mon Oct 12 21:35:56 2015
1.30, 1.80, 1.00, 1.80 , -1.509514E-007, 1.510050E-007, -3.301541E-011, -7.309910E-014, 2.150400E+004 1.570926E+074 2.150400E+004, Mon Oct 12 21:36:00 2015
1.30, 1.80, 0.98, 1.80 , -2.172956E-007, 2.174000E-007, -3.381206E-011, -1.032350E-013, 2.150400E+004 1.570926E+074 2.150400E+004, Mon Oct 12 21:36:03 2015
1.30, 1.80, 0.96, 1.80 , -2.946305E-007, 2.948030E-007, -3.045780E-011, -9.636880E-014, 2.150400E+004 1.570926E+074 2.150400E+004, Mon Oct 12 21:36:07 2015
1.30, 1.80, 0.94, 1.80 , -3.836834E-007, 3.837740E-007, -2.961923E-011, -7.796290E-014, 2.150400E+004 1.570926E+074 2.150400E+004, Mon Oct 12 21:36:10 2015
1.30, 1.80, 0.92, 1.80 , -4.839604E-007, 4.841370E-007, -3.096094E-011, -8.248090E-014, 2.150400E+004 1.570926E+074 2.150400E+004, Mon Oct 12 21:36:14 2015
1.30, 1.80, 0.90, 1.80 , -6.031487E-007, 6.033930E-007, -3.184143E-011, -9.672640E-014, 2.150400E+004 1.570926E+074 2.150400E+004, Mon Oct 12 21:36:18 2015
1.30, 1.80, 0.88, 1.80 , -7.416743E-007, 7.418150E-007, -3.163179E-011, -9.303090E-014, 2.150400E+004 1.570926E+074 2.150400E+004, Mon Oct 12 21:36:21 2015
1.30, 1.80, 0.86, 1.80 , -8.984059E-007, 8.985440E-007, -3.578268E-011, -9.039640E-014, 2.150400E+004 1.570926E+074 2.150400E+004, Mon Oct 12 21:36:25 2015
1.30, 1.80, 0.84, 1.80 , -1.076473E-006, 1.076670E-006, -3.213493E-011, -8.810760E-014, 2.150400E+004 1.570926E+074 2.150400E+004, Mon Oct 12 21:36:28 2015
1.30, 1.80, 0.82, 1.80 , -1.273428E-006, 1.273860E-006, -3.444097E-011, -6.306170E-014, 2.150400E+004 1.570926E+074 2.150400E+004, Mon Oct 12 21:36:32 2015
1.30, 1.80, 0.80, 1.80 , -1.488114E-006, 1.488280E-006, -3.435712E-011, -6.792550E-014, 2.150400E+004 1.570926E+074 2.150400E+004, Mon Oct 12 21:36:36 2015
1.30, 1.80, 0.78, 1.80 , -1.717534E-006, 1.718000E-006, -3.163179E-011, -1.215930E-013, 2.150400E+004 1.570926E+074 2.150400E+004, Mon Oct 12 21:36:39 2015
1.30, 1.80, 0.76, 1.80 , -1.961859E-006, 1.961960E-006, -3.481833E-011, -9.913440E-014, 2.150400E+004 1.570926E+074 2.150400E+004, Mon Oct 12 21:36:43 2015
1.30, 1.80, 0.74, 1.80 , -2.218112E-006, 2.218460E-006, -3.293156E-011, -9.416340E-014, 2.150400E+004 1.570926E+074 2.150400E+004, Mon Oct 12 21:36:46 2015
1.30, 1.80, 0.72, 1.80 , -2.485608E-006, 2.485760E-006, -3.297349E-011, -1.057030E-013, 2.150400E+004 1.570926E+074 2.150400E+004, Mon Oct 12 21:36:50 2015
1.30, 1.80, 0.70, 1.80 , -2.760406E-006, 2.760700E-006, -3.192528E-011, -8.820300E-014, 2.150400E+004 1.570926E+074 2.150400E+004, Mon Oct 12 21:36:53 2015
1.30, 1.80, 0.68, 1.80 , -3.042202E-006, 3.042360E-006, -3.284770E-011, -8.587840E-014, 2.150400E+004 1.570926E+074 2.150400E+004, Mon Oct 12 21:36:57 2015
1.30, 1.80, 0.66, 1.80 , -3.328592E-006, 3.329100E-006, -3.364434E-011, -9.487870E-014, 2.150400E+004 1.570926E+074 2.150400E+004, Mon Oct 12 21:37:00 2015
1.30, 1.80, 0.64, 1.80 , -3.617865E-006, 3.618110E-006, -3.494411E-011, -8.832220E-014, 2.150400E+004 1.570926E+074 2.150400E+004, Mon Oct 12 21:37:04 2015
1.30, 1.80, 0.62, 1.80 , -3.907744E-006, 3.908050E-006, -3.582460E-011, -7.948880E-014, 2.150400E+004 1.570926E+074 2.150400E+004, Mon Oct 12 21:37:07 2015
1.30, 1.80, 0.60, 1.80 , -4.197962E-006, 4.197850E-006, -3.498605E-011, -7.143020E-014, 2.150400E+004 1.570926E+074 2.150400E+004, Mon Oct 12 21:37:11 2015
1.30, 1.80, 0.58, 1.80 , -4.486013E-006, 4.486480E-006, -3.410555E-011, -7.770060E-014, 2.150400E+004 1.570926E+074 2.150400E+004, Mon Oct 12 21:37:15 2015
1.30, 1.80, 0.56, 1.80 , -4.773204E-006, 4.773240E-006, -3.817259E-011, -7.960800E-014, 2.150400E+004 1.570926E+074 2.150400E+004, Mon Oct 12 21:37:18 2015
1.30, 1.80, 0.54, 1.80 , -5.058961E-006, 5.059160E-006, -3.808872E-011, -8.651020E-014, 2.150400E+004 1.570926E+074 2.150400E+004, Mon Oct 12 21:37:22 2015
1.30, 1.80, 0.52, 1.80 , -5.342313E-006, 5.342560E-006, -3.641160E-011, -9.613040E-014, 2.150400E+004 1.570926E+074 2.150400E+004, Mon Oct 12 21:37:25 2015
1.30, 1.80, 0.50, 1.80 , -5.622927E-006, 5.623060E-006, -3.347662E-011, -9.169580E-014, 2.150400E+004 1.570926E+074 2.150400E+004, Mon Oct 12 21:37:29 2015
1.30, 1.80, 0.48, 1.80 , -5.899328E-006, 5.899700E-006, -3.678896E-011, -9.171960E-014, 2.150400E+004 1.570926E+074 2.150400E+004, Mon Oct 12 21:37:32 2015
1.30, 1.80, 0.46, 1.80 , -6.171706E-006, 6.172090E-006, -3.590846E-011, -9.673830E-014, 2.150400E+004 1.570926E+074 2.150400E+004, Mon Oct 12 21:37:36 2015
1.30, 1.80, 0.44, 1.80 , -6.440412E-006, 6.440500E-006, -3.548918E-011, -8.027550E-014, 2.150400E+004 1.570926E+074 2.150400E+004, Mon Oct 12 21:37:39 2015
1.30, 1.80, 0.42, 1.80 , -6.704493E-006, 6.704430E-006, -3.955622E-011, -9.441380E-014, 2.150400E+004 1.570926E+074 2.150400E+004, Mon Oct 12 21:37:43 2015
1.30, 1.80, 0.40, 1.80 , -6.962868E-006, 6.963660E-006, -3.817258E-011, -8.257630E-014, 2.150400E+004 1.570926E+074 2.150400E+004, Mon Oct 12 21:37:47 2015
1.30, 1.80, 0.38, 1.80 , -7.216423E-006, 7.216750E-006, -3.750173E-011, -8.698700E-014, 2.150400E+004 1.570926E+074 2.150400E+004, Mon Oct 12 21:37:50 2015
1.30, 1.80, 0.36, 1.80 , -7.464993E-006, 7.465170E-006, -3.670510E-011, -9.195800E-014, 2.150400E+004 1.570926E+074 2.150400E+004, Mon Oct 12 21:37:54 2015
1.30, 1.80, 0.34, 1.80 , -7.709823E-006, 7.709860E-006, -3.469254E-011, -8.796450E-014, 2.150400E+004 1.570926E+074 2.150400E+004, Mon Oct 12 21:37:57 2015
1.30, 1.80, 0.32, 1.80 , -7.951448E-006, 7.951590E-006, -3.854994E-011, -9.660720E-014, 2.150400E+004 1.570926E+074 2.150400E+004, Mon Oct 12 21:38:01 2015
1.30, 1.80, 0.30, 1.80 , -8.187670E-006, 8.187710E-006, -3.892730E-011, -8.341070E-014, 2.150400E+004 1.570926E+074 2.150400E+004, Mon Oct 12 21:38:04 2015
1.30, 1.80, 0.28, 1.80 , -8.419825E-006, 8.420500E-006, -3.632775E-011, -1.021030E-013, 2.150400E+004 1.570926E+074 2.150400E+004, Mon Oct 12 21:38:08 2015
1.30, 1.80, 0.26, 1.80 , -8.647917E-006, 8.648470E-006, -3.834030E-011, -6.583930E-014, 2.150400E+004 1.570926E+074 2.150400E+004, Mon Oct 12 21:38:11 2015
1.30, 1.80, 0.24, 1.80 , -8.871886E-006, 8.871650E-006, -3.813065E-011, -8.348230E-014, 2.150400E+004 1.570926E+074 2.150400E+004, Mon Oct 12 21:38:15 2015
1.30, 1.80, 0.22, 1.80 , -9.088886E-006, 9.089490E-006, -3.758560E-011, -7.886890E-014, 2.150400E+004 1.570926E+074 2.150400E+004, Mon Oct 12 21:38:18 2015
1.30, 1.80, 0.20, 1.80 , -9.302431E-006, 9.303510E-006, -3.766944E-011, -1.059060E-013, 2.150400E+004 1.570926E+074 2.150400E+004, Mon Oct 12 21:38:22 2015
1.30, 1.80, 0.18, 1.80 , -9.511064E-006, 9.511840E-006, -3.674703E-011, -1.011490E-013, 2.150400E+004 1.570926E+074 2.150400E+004, Mon Oct 12 21:38:26 2015
1.30, 1.80, 0.16, 1.80 , -9.713549E-006, 9.714600E-006, -4.047864E-011, -8.420940E-014, 2.150400E+004 1.570926E+074 2.150400E+004, Mon Oct 12 21:38:29 2015
1.30, 1.80, 0.14, 1.80 , -9.911165E-006, 9.911700E-006, -3.884344E-011, -7.110830E-014, 2.150400E+004 1.570926E+074 2.150400E+004, Mon Oct 12 21:38:33 2015
1.30, 1.80, 0.12, 1.80 , -1.010527E-005, 1.009740E-005, -4.073021E-011, -9.328130E-014, 2.150400E+004 1.570926E+074 2.150400E+004, Mon Oct 12 21:38:36 2015
1.30, 1.80, 0.10, 1.80 , -1.029200E-005, 1.028550E-005, -3.947236E-011, -1.077410E-013, 2.150400E+004 1.570926E+074 2.150400E+004, Mon Oct 12 21:38:40 2015
1.30, 1.80, 0.08, 1.80 , -1.047473E-005, 1.046870E-005, -3.989165E-011, -7.468460E-014, 2.150400E+004 1.570926E+074 2.150400E+004, Mon Oct 12 21:38:43 2015
1.30, 1.80, 0.06, 1.80 , -1.065460E-005, 1.064850E-005, -3.917887E-011, -8.684400E-014, 2.150400E+004 1.570926E+074 2.150400E+004, Mon Oct 12 21:38:47 2015
1.30, 1.80, 0.04, 1.80 , -1.082926E-005, 1.082240E-005, -4.135913E-011, -1.043440E-013, 2.150400E+004 1.570926E+074 2.150400E+004, Mon Oct 12 21:38:51 2015
1.30, 1.80, 0.02, 1.80 , -1.099989E-005, 1.099240E-005, -4.077213E-011, -6.299020E-014, 2.150400E+004 1.570926E+074 2.150400E+004, Mon Oct 12 21:38:54 2015
1.30, 1.80, 0.00, 1.80 , -1.116605E-005, 1.115960E-005, -4.324590E-011, -9.713170E-014, 2.150400E+004 1.570926E+074 2.150400E+004, Mon Oct 12 21:38:58 2015
1.30, 1.80, -0.02, 1.80 , -1.132896E-005, 1.132190E-005, -3.779524E-011, -9.098050E-014, 2.150400E+004 1.570926E+074 2.150400E+004, Mon Oct 12 21:39:01 2015
1.30, 1.80, -0.04, 1.80 , -1.148742E-005, 1.147990E-005, -4.441987E-011, -8.711820E-014, 2.150400E+004 1.570926E+074 2.150400E+004, Mon Oct 12 21:39:05 2015
1.30, 1.80, -0.06, 1.80 , -1.164126E-005, 1.163480E-005, -4.148492E-011, -1.029970E-013, 2.150400E+004 1.570926E+074 2.150400E+004, Mon Oct 12 21:39:08 2015
1.30, 1.80, -0.08, 1.80 , -1.179182E-005, 1.178490E-005, -4.312011E-011, -7.623430E-014, 2.150400E+004 1.570926E+074 2.150400E+004, Mon Oct 12 21:39:12 2015
1.30, 1.80, -0.10, 1.80 , -1.193837E-005, 1.193200E-005, -4.177842E-011, -1.052380E-013, 2.150400E+004 1.570926E+074 2.150400E+004, Mon Oct 12 21:39:15 2015
1.30, 1.80, -0.12, 1.80 , -1.208311E-005, 1.207500E-005, -4.332974E-011, -1.008990E-013, 2.150400E+004 1.570926E+074 2.150400E+004, Mon Oct 12 21:39:19 2015
1.30, 1.80, -0.14, 1.80 , -1.222263E-005, 1.221590E-005, -3.926272E-011, -8.035900E-014, 2.150400E+004 1.570926E+074 2.150400E+004, Mon Oct 12 21:39:23 2015
1.30, 1.80, -0.16, 1.80 , -1.236046E-005, 1.235330E-005, -4.043670E-011, -1.106860E-013, 2.150400E+004 1.570926E+074 2.150400E+004, Mon Oct 12 21:39:26 2015
1.30, 1.80, -0.18, 1.80 , -1.249179E-005, 1.248550E-005, -4.177841E-011, -5.784030E-014, 2.150400E+004 1.570926E+074 2.150400E+004, Mon Oct 12 21:39:30 2015
1.30, 1.80, -0.20, 1.80 , -1.262147E-005, 1.261420E-005, -4.425219E-011, -8.186100E-014, 2.150400E+004 1.570926E+074 2.150400E+004, Mon Oct 12 21:39:33 2015
