1.80, 1.80, 1.80, 1.80 , -2.212110E-011, 4.441750E-012, 6.328298E-005, -9.713170E-014, 2.150400E+004 1.570926E+074 2.150400E+004, Mon Oct 12 21:40:27 2015
1.75, 1.80, 1.80, 1.80 , -2.224771E-011, 4.645510E-012, 6.329548E-005, -6.668570E-014, 2.150400E+004 1.570926E+074 2.150400E+004, Mon Oct 12 21:40:59 2015
1.70, 1.80, 1.80, 1.80 , -2.203672E-011, 4.335680E-012, 6.332775E-005, -7.010700E-014, 2.150400E+004 1.570926E+074 2.150400E+004, Mon Oct 12 21:41:16 2015
1.65, 1.80, 1.80, 1.80 , -2.228993E-011, 4.283850E-012, 6.329684E-005, -8.399490E-014, 2.150400E+004 1.570926E+074 2.150400E+004, Mon Oct 12 21:41:26 2015
1.60, 1.80, 1.80, 1.80 , -2.406231E-011, 4.434560E-012, 6.328623E-005, -7.942920E-014, 2.150400E+004 1.570926E+074 2.150400E+004, Mon Oct 12 21:41:31 2015
1.55, 1.80, 1.80, 1.80 , -2.347152E-011, 4.401870E-012, 6.327769E-005, -7.557870E-014, 2.150400E+004 1.570926E+074 2.150400E+004, Mon Oct 12 21:41:36 2015
1.50, 1.80, 1.80, 1.80 , -2.385132E-011, 4.718610E-012, 6.330638E-005, -9.280440E-014, 2.150400E+004 1.570926E+074 2.150400E+004, Mon Oct 12 21:41:41 2015
1.45, 1.80, 1.80, 1.80 , -2.528607E-011, 4.500000E-012, 6.331079E-005, -8.096700E-014, 2.150400E+004 1.570926E+074 2.150400E+004, Mon Oct 12 21:42:31 2015
1.40, 1.80, 1.80, 1.80 , -2.507510E-011, 4.019090E-012, 6.328154E-005, -8.504390E-014, 2.150400E+004 1.570926E+074 2.150400E+004, Mon Oct 12 21:42:36 2015
1.35, 1.80, 1.80, 1.80 , -2.558151E-011, 4.716420E-012, 6.331167E-005, -8.958580E-014, 2.150400E+004 1.570926E+074 2.150400E+004, Mon Oct 12 21:42:45 2015
1.30, 1.80, 1.80, 1.80 , -2.642550E-011, 4.502730E-012, 6.329539E-005, -1.126770E-013, 2.150400E+004 1.570926E+074 2.150400E+004, Mon Oct 12 21:43:06 2015
1.25, 1.80, 1.80, 1.80 , -2.819786E-011, 4.407360E-012, 6.331828E-005, -9.202960E-014, 2.150400E+004 1.570926E+074 2.150400E+004, Mon Oct 12 21:43:15 2015
1.20, 1.80, 1.80, 1.80 , -2.663649E-011, 4.778770E-012, 6.329066E-005, -8.744000E-014, 2.150400E+004 1.570926E+074 2.150400E+004, Mon Oct 12 21:43:21 2015
1.15, 1.80, 1.80, 1.80 , -2.874645E-011, 4.554710E-012, 6.334106E-005, -7.911920E-014, 2.150400E+004 1.570926E+074 2.150400E+004, Mon Oct 12 21:43:42 2015
1.10, 1.80, 1.80, 1.80 , -2.819787E-011, 4.810080E-012, 6.334737E-005, -8.699890E-014, 2.150400E+004 1.570926E+074 2.150400E+004, Mon Oct 12 21:43:53 2015
1.05, 1.80, 1.80, 1.80 , -2.870426E-011, 5.022080E-012, 6.336420E-005, -7.280110E-014, 2.150400E+004 1.570926E+074 2.150400E+004, Mon Oct 12 21:43:57 2015
1.00, 1.80, 1.80, 1.80 , -2.992804E-011, 4.874920E-012, 6.334666E-005, -7.174020E-014, 2.150400E+004 1.570926E+074 2.150400E+004, Mon Oct 12 21:44:09 2015
0.95, 1.80, 1.80, 1.80 , -3.039223E-011, 4.992220E-012, 6.330739E-005, -8.074050E-014, 2.150400E+004 1.570926E+074 2.150400E+004, Mon Oct 12 21:44:29 2015
0.90, 1.80, 1.80, 1.80 , -3.068764E-011, 4.793610E-012, 6.336037E-005, -1.008870E-013, 2.150400E+004 1.570926E+074 2.150400E+004, Mon Oct 12 21:44:39 2015
0.85, 1.80, 1.80, 1.80 , -3.089862E-011, 5.030730E-012, 6.338210E-005, -8.609300E-014, 2.150400E+004 1.570926E+074 2.150400E+004, Mon Oct 12 21:45:00 2015
0.80, 1.80, 1.80, 1.80 , -3.132063E-011, 5.046280E-012, 6.335619E-005, -1.064540E-013, 2.150400E+004 1.570926E+074 2.150400E+004, Mon Oct 12 21:45:05 2015
0.75, 1.80, 1.80, 1.80 , -3.330403E-011, 4.952190E-012, 6.333180E-005, -1.025560E-013, 2.150400E+004 1.570926E+074 2.150400E+004, Mon Oct 12 21:45:12 2015
0.70, 1.80, 1.80, 1.80 , -3.224902E-011, 5.081320E-012, 6.333725E-005, -9.208920E-014, 2.150400E+004 1.570926E+074 2.150400E+004, Mon Oct 12 21:45:26 2015
0.65, 1.80, 1.80, 1.80 , -3.262882E-011, 5.214120E-012, 6.330158E-005, -1.046900E-013, 2.150400E+004 1.570926E+074 2.150400E+004, Mon Oct 12 21:45:32 2015
0.60, 1.80, 1.80, 1.80 , -3.456999E-011, 5.310240E-012, 6.329590E-005, -8.498430E-014, 2.150400E+004 1.570926E+074 2.150400E+004, Mon Oct 12 21:45:54 2015
0.55, 1.80, 1.80, 1.80 , -3.482323E-011, 5.261700E-012, 6.328934E-005, -9.251830E-014, 2.150400E+004 1.570926E+074 2.150400E+004, Mon Oct 12 21:46:10 2015
0.50, 1.80, 1.80, 1.80 , -3.494979E-011, 5.081170E-012, 6.330799E-005, -8.181330E-014, 2.150400E+004 1.570926E+074 2.150400E+004, Mon Oct 12 21:46:21 2015
0.45, 1.80, 1.80, 1.80 , -3.570937E-011, 5.370320E-012, 6.329078E-005, -8.234980E-014, 2.150400E+004 1.570926E+074 2.150400E+004, Mon Oct 12 21:46:32 2015
0.40, 1.80, 1.80, 1.80 , -3.469660E-011, 5.167820E-012, 6.329519E-005, -1.146790E-013, 2.150400E+004 1.570926E+074 2.150400E+004, Mon Oct 12 21:46:47 2015
0.35, 1.80, 1.80, 1.80 , -3.667997E-011, 5.079700E-012, 6.333508E-005, -7.227660E-014, 2.150400E+004 1.570926E+074 2.150400E+004, Mon Oct 12 21:46:52 2015
0.30, 1.80, 1.80, 1.80 , -3.739738E-011, 5.351110E-012, 6.329834E-005, -8.906130E-014, 2.150400E+004 1.570926E+074 2.150400E+004, Mon Oct 12 21:46:57 2015
0.25, 1.80, 1.80, 1.80 , -3.731295E-011, 5.284850E-012, 6.333757E-005, -1.059060E-013, 2.150400E+004 1.570926E+074 2.150400E+004, Mon Oct 12 21:47:09 2015
0.20, 1.80, 1.80, 1.80 , -3.701758E-011, 5.649730E-012, 6.331890E-005, -7.904770E-014, 2.150400E+004 1.570926E+074 2.150400E+004, Mon Oct 12 21:47:15 2015
0.15, 1.80, 1.80, 1.80 , -3.756620E-011, 5.566720E-012, 6.334464E-005, -7.851120E-014, 2.150400E+004 1.570926E+074 2.150400E+004, Mon Oct 12 21:47:20 2015
0.10, 1.80, 1.80, 1.80 , -3.870556E-011, 5.535170E-012, 6.333084E-005, -7.687810E-014, 2.150400E+004 1.570926E+074 2.150400E+004, Mon Oct 12 21:47:31 2015
0.05, 1.80, 1.80, 1.80 , -3.748172E-011, 5.448510E-012, 6.331930E-005, -9.657140E-014, 2.150400E+004 1.570926E+074 2.150400E+004, Mon Oct 12 21:47:50 2015
0.00, 1.80, 1.80, 1.80 , -4.119529E-011, 5.206330E-012, 6.333530E-005, -7.907150E-014, 2.150400E+004 1.570926E+074 2.150400E+004, Mon Oct 12 21:48:12 2015
-0.05, 1.80, 1.80, 1.80 , -4.005592E-011, 5.459400E-012, 6.332433E-005, -9.016990E-014, 2.150400E+004 1.570926E+074 2.150400E+004, Mon Oct 12 21:48:18 2015
-0.10, 1.80, 1.80, 1.80 , -4.047792E-011, 5.894570E-012, 6.330747E-005, -8.410220E-014, 2.150400E+004 1.570926E+074 2.150400E+004, Mon Oct 12 21:48:25 2015
-0.15, 1.80, 1.80, 1.80 , -4.157512E-011, 5.683180E-012, 6.332887E-005, -7.826090E-014, 2.150400E+004 1.570926E+074 2.150400E+004, Mon Oct 12 21:48:30 2015
-0.20, 1.80, 1.80, 1.80 , -4.014033E-011, 5.450120E-012, 6.332703E-005, -1.074430E-013, 2.150400E+004 1.570926E+074 2.150400E+004, Mon Oct 12 21:48:40 2015
