1.80, 1.80, -0.20, 1.80 , 5.688136E-012, 1.029560E-011, -4.270084E-011, -9.731050E-014, 2.150400E+004 1.570926E+074 2.150400E+004, Mon Oct 12 22:07:29 2015
1.75, 1.80, -0.20, 1.80 , -1.575415E-007, 1.574730E-007, -4.261700E-011, -9.495020E-014, 2.150400E+004 1.570926E+074 2.150400E+004, Mon Oct 12 22:07:35 2015
1.70, 1.80, -0.20, 1.80 , -6.452525E-007, 6.456870E-007, -4.282664E-011, -6.625650E-014, 2.150400E+004 1.570926E+074 2.150400E+004, Mon Oct 12 22:07:39 2015
1.65, 1.80, -0.20, 1.80 , -1.468509E-006, 1.469120E-006, -4.194615E-011, -9.446140E-014, 2.150400E+004 1.570926E+074 2.150400E+004, Mon Oct 12 22:07:42 2015
1.60, 1.80, -0.20, 1.80 , -2.656181E-006, 2.656640E-006, -4.026903E-011, -8.727310E-014, 2.150400E+004 1.570926E+074 2.150400E+004, Mon Oct 12 22:07:46 2015
1.55, 1.80, -0.20, 1.80 , -4.136352E-006, 4.136920E-006, -4.207193E-011, -7.456540E-014, 2.150400E+004 1.570926E+074 2.150400E+004, Mon Oct 12 22:07:49 2015
1.50, 1.80, -0.20, 1.80 , -5.783596E-006, 5.784470E-006, -3.955624E-011, -9.447340E-014, 2.150400E+004 1.570926E+074 2.150400E+004, Mon Oct 12 22:07:53 2015
1.45, 1.80, -0.20, 1.80 , -7.499630E-006, 7.500400E-006, -4.026902E-011, -8.286240E-014, 2.150400E+004 1.570926E+074 2.150400E+004, Mon Oct 12 22:07:56 2015
1.40, 1.80, -0.20, 1.80 , -9.224935E-006, 9.225440E-006, -4.098179E-011, -1.033310E-013, 2.150400E+004 1.570926E+074 2.150400E+004, Mon Oct 12 22:08:00 2015
1.35, 1.80, -0.20, 1.80 , -1.093117E-005, 1.092400E-005, -4.165266E-011, -9.545090E-014, 2.150400E+004 1.570926E+074 2.150400E+004, Mon Oct 12 22:08:04 2015
1.30, 1.80, -0.20, 1.80 , -1.260127E-005, 1.259310E-005, -4.358134E-011, -1.048450E-013, 2.150400E+004 1.570926E+074 2.150400E+004, Mon Oct 12 22:08:07 2015
1.25, 1.80, -0.20, 1.80 , -1.422754E-005, 1.421940E-005, -4.043673E-011, -9.320970E-014, 2.150400E+004 1.570926E+074 2.150400E+004, Mon Oct 12 22:08:11 2015
1.20, 1.80, -0.20, 1.80 , -1.580728E-005, 1.579900E-005, -3.829839E-011, -7.324220E-014, 2.150400E+004 1.570926E+074 2.150400E+004, Mon Oct 12 22:08:14 2015
1.15, 1.80, -0.20, 1.80 , -1.732692E-005, 1.731880E-005, -4.010131E-011, -1.096370E-013, 2.150400E+004 1.570926E+074 2.150400E+004, Mon Oct 12 22:08:18 2015
1.10, 1.80, -0.20, 1.80 , -1.878429E-005, 1.877550E-005, -4.001744E-011, -8.335110E-014, 2.150400E+004 1.570926E+074 2.150400E+004, Mon Oct 12 22:08:21 2015
1.05, 1.80, -0.20, 1.80 , -2.017467E-005, 2.016520E-005, -4.416835E-011, -1.185540E-013, 2.150400E+004 1.570926E+074 2.150400E+004, Mon Oct 12 22:08:25 2015
1.00, 1.80, -0.20, 1.80 , -2.150110E-005, 2.149080E-005, -4.148493E-011, -9.405610E-014, 2.150400E+004 1.570926E+074 2.150400E+004, Mon Oct 12 22:08:29 2015
0.95, 1.80, -0.20, 1.80 , -2.275781E-005, 2.274780E-005, -4.135915E-011, -7.703300E-014, 2.150400E+004 1.570926E+074 2.150400E+004, Mon Oct 12 22:08:32 2015
0.90, 1.80, -0.20, 1.80 , -2.394502E-005, 2.393410E-005, -4.018516E-011, -8.058550E-014, 2.150400E+004 1.570926E+074 2.150400E+004, Mon Oct 12 22:08:36 2015
0.85, 1.80, -0.20, 1.80 , -2.505323E-005, 2.504170E-005, -4.244928E-011, -8.785720E-014, 2.150400E+004 1.570926E+074 2.150400E+004, Mon Oct 12 22:08:39 2015
0.80, 1.80, -0.20, 1.80 , -2.608126E-005, 2.607070E-005, -4.001745E-011, -9.455680E-014, 2.150400E+004 1.570926E+074 2.150400E+004, Mon Oct 12 22:08:43 2015
0.75, 1.80, -0.20, 1.80 , -2.702578E-005, 2.701420E-005, -3.938854E-011, -9.415150E-014, 2.150400E+004 1.570926E+074 2.150400E+004, Mon Oct 12 22:08:46 2015
0.70, 1.80, -0.20, 1.80 , -2.788390E-005, 2.787180E-005, -3.968203E-011, -8.981230E-014, 2.150400E+004 1.570926E+074 2.150400E+004, Mon Oct 12 22:08:50 2015
0.65, 1.80, -0.20, 1.80 , -2.865179E-005, 2.864000E-005, -4.068830E-011, -8.255240E-014, 2.150400E+004 1.570926E+074 2.150400E+004, Mon Oct 12 22:08:53 2015
0.60, 1.80, -0.20, 1.80 , -2.932710E-005, 2.931480E-005, -3.896924E-011, -9.802580E-014, 2.150400E+004 1.570926E+074 2.150400E+004, Mon Oct 12 22:08:57 2015
0.55, 1.80, -0.20, 1.80 , -2.990877E-005, 2.989470E-005, -4.056251E-011, -7.293220E-014, 2.150400E+004 1.570926E+074 2.150400E+004, Mon Oct 12 22:09:00 2015
0.50, 1.80, -0.20, 1.80 , -3.039498E-005, 3.038210E-005, -4.068830E-011, -9.201770E-014, 2.150400E+004 1.570926E+074 2.150400E+004, Mon Oct 12 22:09:04 2015
0.45, 1.80, -0.20, 1.80 , -3.078916E-005, 3.077560E-005, -4.060444E-011, -9.461640E-014, 2.150400E+004 1.570926E+074 2.150400E+004, Mon Oct 12 22:09:07 2015
0.40, 1.80, -0.20, 1.80 , -3.109626E-005, 3.108320E-005, -3.938854E-011, -7.485150E-014, 2.150400E+004 1.570926E+074 2.150400E+004, Mon Oct 12 22:09:11 2015
0.35, 1.80, -0.20, 1.80 , -3.132551E-005, 3.131230E-005, -3.867575E-011, -9.438990E-014, 2.150400E+004 1.570926E+074 2.150400E+004, Mon Oct 12 22:09:15 2015
0.30, 1.80, -0.20, 1.80 , -3.148696E-005, 3.147360E-005, -4.022709E-011, -9.876490E-014, 2.150400E+004 1.570926E+074 2.150400E+004, Mon Oct 12 22:09:18 2015
0.25, 1.80, -0.20, 1.80 , -3.159939E-005, 3.158620E-005, -3.922082E-011, -8.336310E-014, 2.150400E+004 1.570926E+074 2.150400E+004, Mon Oct 12 22:09:22 2015
0.20, 1.80, -0.20, 1.80 , -3.168005E-005, 3.166790E-005, -4.073022E-011, -9.019370E-014, 2.150400E+004 1.570926E+074 2.150400E+004, Mon Oct 12 22:09:25 2015
0.15, 1.80, -0.20, 1.80 , -3.173842E-005, 3.172670E-005, -3.926274E-011, -8.188490E-014, 2.150400E+004 1.570926E+074 2.150400E+004, Mon Oct 12 22:09:29 2015
0.10, 1.80, -0.20, 1.80 , -3.178271E-005, 3.177160E-005, -3.993360E-011, -9.138580E-014, 2.150400E+004 1.570926E+074 2.150400E+004, Mon Oct 12 22:09:32 2015
0.05, 1.80, -0.20, 1.80 , -3.182418E-005, 3.181240E-005, -3.842418E-011, -1.066680E-013, 2.150400E+004 1.570926E+074 2.150400E+004, Mon Oct 12 22:09:36 2015
0.00, 1.80, -0.20, 1.80 , -3.186077E-005, 3.184810E-005, -3.871765E-011, -9.610650E-014, 2.150400E+004 1.570926E+074 2.150400E+004, Mon Oct 12 22:09:39 2015
-0.05, 1.80, -0.20, 1.80 , -3.189415E-005, 3.188240E-005, -3.913696E-011, -9.130240E-014, 2.150400E+004 1.570926E+074 2.150400E+004, Mon Oct 12 22:09:43 2015
-0.10, 1.80, -0.20, 1.80 , -3.192458E-005, 3.191200E-005, -3.892732E-011, -8.461480E-014, 2.150400E+004 1.570926E+074 2.150400E+004, Mon Oct 12 22:09:46 2015
-0.15, 1.80, -0.20, 1.80 , -3.195411E-005, 3.194090E-005, -3.951431E-011, -9.129050E-014, 2.150400E+004 1.570926E+074 2.150400E+004, Mon Oct 12 22:09:50 2015
-0.20, 1.80, -0.20, 1.80 , -3.198088E-005, 3.196910E-005, -3.846611E-011, -8.236170E-014, 2.150400E+004 1.570926E+074 2.150400E+004, Mon Oct 12 22:09:54 2015
