1.40, 1.80, 1.80, 1.80 , -2.575066E-011, 1.100670E-012, -8.027216E-012, -1.006480E-013, 2.150400E+004 1.570926E+074 2.150400E+004, Wed Oct 07 21:19:34 2015
1.40, 1.80, 1.78, 1.80 , -2.511764E-011, 1.460650E-012, -1.318405E-011, -9.840730E-014, 2.150400E+004 1.570926E+074 2.150400E+004, Wed Oct 07 21:20:03 2015
1.40, 1.80, 1.76, 1.80 , -2.722766E-011, 1.769690E-012, -1.846664E-011, -9.564160E-014, 2.150400E+004 1.570926E+074 2.150400E+004, Wed Oct 07 21:20:11 2015
1.40, 1.80, 1.74, 1.80 , -2.676347E-011, 1.949300E-012, -1.901167E-011, -1.083250E-013, 2.150400E+004 1.570926E+074 2.150400E+004, Wed Oct 07 21:20:21 2015
1.40, 1.80, 1.72, 1.80 , -2.520205E-011, 2.089790E-012, -1.985018E-011, -1.094100E-013, 2.150400E+004 1.570926E+074 2.150400E+004, Wed Oct 07 21:20:30 2015
1.40, 1.80, 1.70, 1.80 , -2.701666E-011, 2.310320E-012, -2.001788E-011, -1.146080E-013, 2.150400E+004 1.570926E+074 2.150400E+004, Wed Oct 07 21:20:40 2015
1.40, 1.80, 1.68, 1.80 , -2.596165E-011, 2.481510E-012, -2.056291E-011, -1.139880E-013, 2.150400E+004 1.570926E+074 2.150400E+004, Wed Oct 07 21:20:52 2015
1.40, 1.80, 1.66, 1.80 , -2.705888E-011, 2.806590E-012, -2.077253E-011, -9.857420E-014, 2.150400E+004 1.570926E+074 2.150400E+004, Wed Oct 07 21:21:03 2015
1.40, 1.80, 1.64, 1.80 , -2.545525E-011, 3.198000E-012, -1.985017E-011, -8.527040E-014, 2.150400E+004 1.570926E+074 2.150400E+004, Wed Oct 07 21:21:32 2015
1.40, 1.80, 1.62, 1.80 , -2.672126E-011, 4.205370E-012, -2.370737E-011, -8.775000E-014, 2.150400E+004 1.570926E+074 2.150400E+004, Wed Oct 07 21:21:39 2015
1.40, 1.80, 1.60, 1.80 , -3.144768E-011, 6.016770E-012, -2.358158E-011, -9.520050E-014, 2.150400E+004 1.570926E+074 2.150400E+004, Wed Oct 07 21:21:52 2015
1.40, 1.80, 1.58, 1.80 , -3.220729E-011, 9.622940E-012, -2.140141E-011, -9.020570E-014, 2.150400E+004 1.570926E+074 2.150400E+004, Wed Oct 07 21:22:05 2015
1.40, 1.80, 1.56, 1.80 , -4.090054E-011, 1.703340E-011, -2.525876E-011, -1.062990E-013, 2.150400E+004 1.570926E+074 2.150400E+004, Wed Oct 07 21:22:20 2015
1.40, 1.80, 1.54, 1.80 , -5.558618E-011, 3.249290E-011, -2.731331E-011, -1.162410E-013, 2.150400E+004 1.570926E+074 2.150400E+004, Wed Oct 07 21:22:27 2015
1.40, 1.80, 1.52, 1.80 , -8.635014E-011, 6.436760E-011, -2.400088E-011, -1.148100E-013, 2.150400E+004 1.570926E+074 2.150400E+004, Wed Oct 07 21:22:32 2015
1.40, 1.80, 1.50, 1.80 , -1.533220E-010, 1.299620E-010, -2.492333E-011, -1.031640E-013, 2.150400E+004 1.570926E+074 2.150400E+004, Wed Oct 07 21:22:39 2015
1.40, 1.80, 1.48, 1.80 , -2.865479E-010, 2.642620E-010, -2.370737E-011, -1.259450E-013, 2.150400E+004 1.570926E+074 2.150400E+004, Wed Oct 07 21:22:43 2015
1.40, 1.80, 1.46, 1.80 , -5.551947E-010, 5.343010E-010, -2.525877E-011, -1.000760E-013, 2.150400E+004 1.570926E+074 2.150400E+004, Wed Oct 07 21:22:48 2015
1.40, 1.80, 1.44, 1.80 , -1.081726E-009, 1.061740E-009, -2.647472E-011, -1.165030E-013, 2.150400E+004 1.570926E+074 2.150400E+004, Wed Oct 07 21:22:52 2015
1.40, 1.80, 1.42, 1.80 , -2.072080E-009, 2.046200E-009, -2.697787E-011, -9.686950E-014, 2.150400E+004 1.570926E+074 2.150400E+004, Wed Oct 07 21:22:56 2015
1.40, 1.80, 1.40, 1.80 , -3.831912E-009, 3.806330E-009, -3.066768E-011, -1.089450E-013, 2.150400E+004 1.570926E+074 2.150400E+004, Wed Oct 07 21:23:00 2015
1.40, 1.80, 1.38, 1.80 , -6.781420E-009, 6.759940E-009, -2.718752E-011, -1.010180E-013, 2.150400E+004 1.570926E+074 2.150400E+004, Wed Oct 07 21:23:03 2015
1.40, 1.80, 1.36, 1.80 , -1.141335E-008, 1.139250E-008, -2.693595E-011, -1.095290E-013, 2.150400E+004 1.570926E+074 2.150400E+004, Wed Oct 07 21:23:07 2015
1.40, 1.80, 1.34, 1.80 , -1.829195E-008, 1.826550E-008, -2.907436E-011, -1.011850E-013, 2.150400E+004 1.570926E+074 2.150400E+004, Wed Oct 07 21:23:11 2015
1.40, 1.80, 1.32, 1.80 , -2.796488E-008, 2.791140E-008, -2.869699E-011, -1.244540E-013, 2.150400E+004 1.570926E+074 2.150400E+004, Wed Oct 07 21:23:14 2015
1.40, 1.80, 1.30, 1.80 , -4.087066E-008, 4.082970E-008, -2.899050E-011, -1.011490E-013, 2.150400E+004 1.570926E+074 2.150400E+004, Wed Oct 07 21:23:18 2015
1.40, 1.80, 1.28, 1.80 , -5.747287E-008, 5.742800E-008, -2.932593E-011, -1.021150E-013, 2.150400E+004 1.570926E+074 2.150400E+004, Wed Oct 07 21:23:21 2015
1.40, 1.80, 1.26, 1.80 , -7.815549E-008, 7.810830E-008, -3.309959E-011, -8.032320E-014, 2.150400E+004 1.570926E+074 2.150400E+004, Wed Oct 07 21:23:25 2015
1.40, 1.80, 1.24, 1.80 , -1.030635E-007, 1.030230E-007, -2.894857E-011, -7.511380E-014, 2.150400E+004 1.570926E+074 2.150400E+004, Wed Oct 07 21:23:28 2015
1.40, 1.80, 1.22, 1.80 , -1.325507E-007, 1.325810E-007, -2.991295E-011, -9.213690E-014, 2.150400E+004 1.570926E+074 2.150400E+004, Wed Oct 07 21:23:32 2015
1.40, 1.80, 1.20, 1.80 , -1.667819E-007, 1.667580E-007, -2.899050E-011, -9.354350E-014, 2.150400E+004 1.570926E+074 2.150400E+004, Wed Oct 07 21:23:36 2015
1.40, 1.80, 1.18, 1.80 , -2.057220E-007, 2.056920E-007, -3.138048E-011, -1.100540E-013, 2.150400E+004 1.570926E+074 2.150400E+004, Wed Oct 07 21:23:39 2015
1.40, 1.80, 1.16, 1.80 , -2.496029E-007, 2.496550E-007, -3.066767E-011, -8.928780E-014, 2.150400E+004 1.570926E+074 2.150400E+004, Wed Oct 07 21:23:43 2015
1.40, 1.80, 1.14, 1.80 , -2.984932E-007, 2.985090E-007, -2.970330E-011, -1.153950E-013, 2.150400E+004 1.570926E+074 2.150400E+004, Wed Oct 07 21:23:47 2015
1.40, 1.80, 1.12, 1.80 , -3.523124E-007, 3.524460E-007, -3.217715E-011, -1.065250E-013, 2.150400E+004 1.570926E+074 2.150400E+004, Wed Oct 07 21:23:51 2015
1.40, 1.80, 1.10, 1.80 , -4.114408E-007, 4.112770E-007, -3.221907E-011, -1.126890E-013, 2.150400E+004 1.570926E+074 2.150400E+004, Wed Oct 07 21:23:54 2015
1.40, 1.80, 1.08, 1.80 , -4.753488E-007, 4.754020E-007, -3.242872E-011, -8.637910E-014, 2.150400E+004 1.570926E+074 2.150400E+004, Wed Oct 07 21:23:58 2015
1.40, 1.80, 1.06, 1.80 , -5.445340E-007, 5.443840E-007, -3.196749E-011, -1.123430E-013, 2.150400E+004 1.570926E+074 2.150400E+004, Wed Oct 07 21:24:01 2015
1.40, 1.80, 1.04, 1.80 , -6.178246E-007, 6.179130E-007, -3.288995E-011, -1.013870E-013, 2.150400E+004 1.570926E+074 2.150400E+004, Wed Oct 07 21:24:05 2015
1.40, 1.80, 1.02, 1.80 , -6.960422E-007, 6.959840E-007, -3.138048E-011, -9.615420E-014, 2.150400E+004 1.570926E+074 2.150400E+004, Wed Oct 07 21:24:08 2015
1.40, 1.80, 1.00, 1.80 , -7.784332E-007, 7.784060E-007, -3.226100E-011, -1.064420E-013, 2.150400E+004 1.570926E+074 2.150400E+004, Wed Oct 07 21:24:12 2015
1.40, 1.80, 0.98, 1.80 , -8.652296E-007, 8.649280E-007, -3.242871E-011, -9.673830E-014, 2.150400E+004 1.570926E+074 2.150400E+004, Wed Oct 07 21:24:15 2015
1.40, 1.80, 0.96, 1.80 , -9.551036E-007, 9.551420E-007, -3.213522E-011, -9.013410E-014, 2.150400E+004 1.570926E+074 2.150400E+004, Wed Oct 07 21:24:19 2015
1.40, 1.80, 0.94, 1.80 , -1.048091E-006, 1.048060E-006, -3.096119E-011, -8.560420E-014, 2.150400E+004 1.570926E+074 2.150400E+004, Wed Oct 07 21:24:23 2015
1.40, 1.80, 0.92, 1.80 , -1.143522E-006, 1.143520E-006, -3.410591E-011, -1.104240E-013, 2.150400E+004 1.570926E+074 2.150400E+004, Wed Oct 07 21:24:26 2015
1.40, 1.80, 0.90, 1.80 , -1.240943E-006, 1.240930E-006, -3.402204E-011, -1.019240E-013, 2.150400E+004 1.570926E+074 2.150400E+004, Wed Oct 07 21:24:30 2015
1.40, 1.80, 0.88, 1.80 , -1.340196E-006, 1.339990E-006, -3.020646E-011, -8.569960E-014, 2.150400E+004 1.570926E+074 2.150400E+004, Wed Oct 07 21:24:33 2015
1.40, 1.80, 0.86, 1.80 , -1.440513E-006, 1.440350E-006, -3.460906E-011, -9.295940E-014, 2.150400E+004 1.570926E+074 2.150400E+004, Wed Oct 07 21:24:37 2015
1.40, 1.80, 0.84, 1.80 , -1.541461E-006, 1.541260E-006, -3.402204E-011, -7.625820E-014, 2.150400E+004 1.570926E+074 2.150400E+004, Wed Oct 07 21:24:40 2015
1.40, 1.80, 0.82, 1.80 , -1.643131E-006, 1.642970E-006, -3.179978E-011, -9.992120E-014, 2.150400E+004 1.570926E+074 2.150400E+004, Wed Oct 07 21:24:44 2015
1.40, 1.80, 0.80, 1.80 , -1.745125E-006, 1.744950E-006, -3.179978E-011, -9.387730E-014, 2.150400E+004 1.570926E+074 2.150400E+004, Wed Oct 07 21:24:48 2015
1.40, 1.80, 0.78, 1.80 , -1.847566E-006, 1.847640E-006, -3.414783E-011, -9.485480E-014, 2.150400E+004 1.570926E+074 2.150400E+004, Wed Oct 07 21:24:51 2015
1.40, 1.80, 0.76, 1.80 , -1.949180E-006, 1.949030E-006, -3.372854E-011, -1.017690E-013, 2.150400E+004 1.570926E+074 2.150400E+004, Wed Oct 07 21:24:55 2015
1.40, 1.80, 0.74, 1.80 , -2.050672E-006, 2.050800E-006, -3.574116E-011, -8.944270E-014, 2.150400E+004 1.570926E+074 2.150400E+004, Wed Oct 07 21:24:58 2015
1.40, 1.80, 0.72, 1.80 , -2.152044E-006, 2.151670E-006, -3.217714E-011, -1.038670E-013, 2.150400E+004 1.570926E+074 2.150400E+004, Wed Oct 07 21:25:02 2015
1.40, 1.80, 0.70, 1.80 , -2.253016E-006, 2.252350E-006, -3.322538E-011, -8.931160E-014, 2.150400E+004 1.570926E+074 2.150400E+004, Wed Oct 07 21:25:05 2015
1.40, 1.80, 0.68, 1.80 , -2.352654E-006, 2.352140E-006, -3.356082E-011, -8.935930E-014, 2.150400E+004 1.570926E+074 2.150400E+004, Wed Oct 07 21:25:09 2015
1.40, 1.80, 0.66, 1.80 , -2.452585E-006, 2.452090E-006, -3.486064E-011, -1.061080E-013, 2.150400E+004 1.570926E+074 2.150400E+004, Wed Oct 07 21:25:12 2015
1.40, 1.80, 0.64, 1.80 , -2.551070E-006, 2.550830E-006, -3.544765E-011, -7.872580E-014, 2.150400E+004 1.570926E+074 2.150400E+004, Wed Oct 07 21:25:16 2015
1.40, 1.80, 0.62, 1.80 , -2.648866E-006, 2.648580E-006, -3.318346E-011, -9.243490E-014, 2.150400E+004 1.570926E+074 2.150400E+004, Wed Oct 07 21:25:20 2015
1.40, 1.80, 0.60, 1.80 , -2.746144E-006, 2.745910E-006, -3.335117E-011, -1.050590E-013, 2.150400E+004 1.570926E+074 2.150400E+004, Wed Oct 07 21:25:23 2015
1.40, 1.80, 0.58, 1.80 , -2.841989E-006, 2.841620E-006, -3.389626E-011, -1.116160E-013, 2.150400E+004 1.570926E+074 2.150400E+004, Wed Oct 07 21:25:27 2015
1.40, 1.80, 0.56, 1.80 , -2.938342E-006, 2.937790E-006, -3.574115E-011, -1.248960E-013, 2.150400E+004 1.570926E+074 2.150400E+004, Wed Oct 07 21:25:30 2015
1.40, 1.80, 0.54, 1.80 , -3.033905E-006, 3.033380E-006, -3.481871E-011, -1.103520E-013, 2.150400E+004 1.570926E+074 2.150400E+004, Wed Oct 07 21:25:34 2015
1.40, 1.80, 0.52, 1.80 , -3.127371E-006, 3.127080E-006, -3.586694E-011, -9.194610E-014, 2.150400E+004 1.570926E+074 2.150400E+004, Wed Oct 07 21:25:37 2015
1.40, 1.80, 0.50, 1.80 , -3.220506E-006, 3.220580E-006, -3.762799E-011, -9.948020E-014, 2.150400E+004 1.570926E+074 2.150400E+004, Wed Oct 07 21:25:41 2015
1.40, 1.80, 0.48, 1.80 , -3.313928E-006, 3.313560E-006, -3.595080E-011, -1.065370E-013, 2.150400E+004 1.570926E+074 2.150400E+004, Wed Oct 07 21:25:44 2015
1.40, 1.80, 0.46, 1.80 , -3.405732E-006, 3.405460E-006, -3.431555E-011, -1.212480E-013, 2.150400E+004 1.570926E+074 2.150400E+004, Wed Oct 07 21:25:48 2015
1.40, 1.80, 0.44, 1.80 , -3.496554E-006, 3.496200E-006, -3.716676E-011, -1.083370E-013, 2.150400E+004 1.570926E+074 2.150400E+004, Wed Oct 07 21:25:51 2015
1.40, 1.80, 0.42, 1.80 , -3.587083E-006, 3.586120E-006, -3.750219E-011, -8.791680E-014, 2.150400E+004 1.570926E+074 2.150400E+004, Wed Oct 07 21:25:55 2015
1.40, 1.80, 0.40, 1.80 , -3.676316E-006, 3.675630E-006, -3.653781E-011, -1.101970E-013, 2.150400E+004 1.570926E+074 2.150400E+004, Wed Oct 07 21:25:59 2015
1.40, 1.80, 0.38, 1.80 , -3.764940E-006, 3.764410E-006, -3.427363E-011, -1.026990E-013, 2.150400E+004 1.570926E+074 2.150400E+004, Wed Oct 07 21:26:02 2015
1.40, 1.80, 0.36, 1.80 , -3.851769E-006, 3.851140E-006, -3.586695E-011, -9.148120E-014, 2.150400E+004 1.570926E+074 2.150400E+004, Wed Oct 07 21:26:06 2015
1.40, 1.80, 0.34, 1.80 , -3.937974E-006, 3.937550E-006, -3.649589E-011, -1.113180E-013, 2.150400E+004 1.570926E+074 2.150400E+004, Wed Oct 07 21:26:09 2015
1.40, 1.80, 0.32, 1.80 , -4.023805E-006, 4.023700E-006, -3.511221E-011, -1.064540E-013, 2.150400E+004 1.570926E+074 2.150400E+004, Wed Oct 07 21:26:13 2015
1.40, 1.80, 0.30, 1.80 , -4.109468E-006, 4.108960E-006, -3.565730E-011, -1.106020E-013, 2.150400E+004 1.570926E+074 2.150400E+004, Wed Oct 07 21:26:16 2015
1.40, 1.80, 0.28, 1.80 , -4.193904E-006, 4.193550E-006, -3.540571E-011, -1.232980E-013, 2.150400E+004 1.570926E+074 2.150400E+004, Wed Oct 07 21:26:20 2015
1.40, 1.80, 0.26, 1.80 , -4.277107E-006, 4.276970E-006, -3.519607E-011, -1.079560E-013, 2.150400E+004 1.570926E+074 2.150400E+004, Wed Oct 07 21:26:23 2015
1.40, 1.80, 0.24, 1.80 , -4.360778E-006, 4.360030E-006, -3.699904E-011, -1.172900E-013, 2.150400E+004 1.570926E+074 2.150400E+004, Wed Oct 07 21:26:27 2015
1.40, 1.80, 0.22, 1.80 , -4.443058E-006, 4.442550E-006, -3.800535E-011, -1.265880E-013, 2.150400E+004 1.570926E+074 2.150400E+004, Wed Oct 07 21:26:31 2015
1.40, 1.80, 0.20, 1.80 , -4.523885E-006, 4.523570E-006, -3.871816E-011, -1.178860E-013, 2.150400E+004 1.570926E+074 2.150400E+004, Wed Oct 07 21:26:34 2015
1.40, 1.80, 0.18, 1.80 , -4.605172E-006, 4.604320E-006, -4.035340E-011, -1.030090E-013, 2.150400E+004 1.570926E+074 2.150400E+004, Wed Oct 07 21:26:38 2015
1.40, 1.80, 0.16, 1.80 , -4.684774E-006, 4.684290E-006, -3.896974E-011, -1.251820E-013, 2.150400E+004 1.570926E+074 2.150400E+004, Wed Oct 07 21:26:41 2015
1.40, 1.80, 0.14, 1.80 , -4.764952E-006, 4.764190E-006, -3.515415E-011, -1.204370E-013, 2.150400E+004 1.570926E+074 2.150400E+004, Wed Oct 07 21:26:45 2015
1.40, 1.80, 0.12, 1.80 , -4.843263E-006, 4.842740E-006, -3.985025E-011, -1.170640E-013, 2.150400E+004 1.570926E+074 2.150400E+004, Wed Oct 07 21:26:48 2015
1.40, 1.80, 0.10, 1.80 , -4.920004E-006, 4.919570E-006, -3.922131E-011, -1.101970E-013, 2.150400E+004 1.570926E+074 2.150400E+004, Wed Oct 07 21:26:52 2015
1.40, 1.80, 0.08, 1.80 , -4.996777E-006, 4.996400E-006, -3.922133E-011, -1.012210E-013, 2.150400E+004 1.570926E+074 2.150400E+004, Wed Oct 07 21:26:55 2015
1.40, 1.80, 0.06, 1.80 , -5.073312E-006, 5.072830E-006, -3.876009E-011, -1.093860E-013, 2.150400E+004 1.570926E+074 2.150400E+004, Wed Oct 07 21:26:59 2015
1.40, 1.80, 0.04, 1.80 , -5.148652E-006, 5.147840E-006, -3.934710E-011, -1.213790E-013, 2.150400E+004 1.570926E+074 2.150400E+004, Wed Oct 07 21:27:03 2015
1.40, 1.80, 0.02, 1.80 , -5.222429E-006, 5.221790E-006, -3.922133E-011, -1.156570E-013, 2.150400E+004 1.570926E+074 2.150400E+004, Wed Oct 07 21:27:06 2015
1.40, 1.80, 0.00, 1.80 , -5.296496E-006, 5.295740E-006, -4.119201E-011, -1.014230E-013, 2.150400E+004 1.570926E+074 2.150400E+004, Wed Oct 07 21:27:10 2015
1.40, 1.80, -0.02, 1.80 , -5.368723E-006, 5.368360E-006, -3.783763E-011, -1.132010E-013, 2.150400E+004 1.570926E+074 2.150400E+004, Wed Oct 07 21:27:13 2015
1.40, 1.80, -0.04, 1.80 , -5.441050E-006, 5.440570E-006, -3.934710E-011, -1.164670E-013, 2.150400E+004 1.570926E+074 2.150400E+004, Wed Oct 07 21:27:17 2015
1.40, 1.80, -0.06, 1.80 , -5.513184E-006, 5.511310E-006, -4.127586E-011, -9.009840E-014, 2.150400E+004 1.570926E+074 2.150400E+004, Wed Oct 07 21:27:20 2015
1.40, 1.80, -0.08, 1.80 , -5.583271E-006, 5.583310E-006, -3.804728E-011, -9.882450E-014, 2.150400E+004 1.570926E+074 2.150400E+004, Wed Oct 07 21:27:24 2015
1.40, 1.80, -0.10, 1.80 , -5.652794E-006, 5.652140E-006, -3.964061E-011, -1.101730E-013, 2.150400E+004 1.570926E+074 2.150400E+004, Wed Oct 07 21:27:27 2015
1.40, 1.80, -0.12, 1.80 , -5.721673E-006, 5.721290E-006, -3.821500E-011, -9.503360E-014, 2.150400E+004 1.570926E+074 2.150400E+004, Wed Oct 07 21:27:31 2015
1.40, 1.80, -0.14, 1.80 , -5.791032E-006, 5.790020E-006, -4.014376E-011, -1.170520E-013, 2.150400E+004 1.570926E+074 2.150400E+004, Wed Oct 07 21:27:35 2015
1.40, 1.80, -0.16, 1.80 , -5.859038E-006, 5.858260E-006, -3.850850E-011, -1.070740E-013, 2.150400E+004 1.570926E+074 2.150400E+004, Wed Oct 07 21:27:38 2015
1.40, 1.80, -0.18, 1.80 , -5.926529E-006, 5.925930E-006, -3.947288E-011, -1.054530E-013, 2.150400E+004 1.570926E+074 2.150400E+004, Wed Oct 07 21:27:42 2015
1.40, 1.80, -0.20, 1.80 , -5.993368E-006, 5.992400E-006, -3.934710E-011, -1.046420E-013, 2.150400E+004 1.570926E+074 2.150400E+004, Wed Oct 07 21:27:45 2015
