1.80, 1.80, 1.40, 1.80 , 2.650011E-012, 5.751480E-012, 2.481886E-005, -8.600950E-014, 2.150400E+004 1.570926E+074 2.150400E+004, Mon Oct 12 21:48:45 2015
1.75, 1.80, 1.40, 1.80 , -8.954818E-012, 5.697830E-012, 2.481137E-005, -8.218290E-014, 2.150400E+004 1.570926E+074 2.150400E+004, Mon Oct 12 21:48:49 2015
1.70, 1.80, 1.40, 1.80 , -1.638196E-011, 5.669470E-012, 2.481703E-005, -7.765290E-014, 2.150400E+004 1.570926E+074 2.150400E+004, Mon Oct 12 21:49:27 2015
1.65, 1.80, 1.40, 1.80 , -2.005330E-011, 5.607070E-012, 2.482121E-005, -8.460280E-014, 2.150400E+004 1.570926E+074 2.150400E+004, Mon Oct 12 21:49:37 2015
1.60, 1.80, 1.40, 1.80 , -1.882954E-011, 5.753450E-012, 2.481159E-005, -8.819100E-014, 2.150400E+004 1.570926E+074 2.150400E+004, Mon Oct 12 21:49:42 2015
1.55, 1.80, 1.40, 1.80 , -2.081291E-011, 5.736830E-012, 2.479926E-005, -8.299350E-014, 2.150400E+004 1.570926E+074 2.150400E+004, Mon Oct 12 21:49:52 2015
1.50, 1.80, 1.40, 1.80 , -2.182570E-011, 5.879040E-012, 2.479495E-005, -9.039640E-014, 2.150400E+004 1.570926E+074 2.150400E+004, Mon Oct 12 21:50:18 2015
1.45, 1.80, 1.40, 1.80 , -2.330271E-011, 5.589010E-012, 2.479300E-005, -8.434060E-014, 2.150400E+004 1.570926E+074 2.150400E+004, Mon Oct 12 21:50:49 2015
1.40, 1.80, 1.40, 1.80 , -2.321830E-011, 5.676640E-012, 2.480069E-005, -8.019210E-014, 2.150400E+004 1.570926E+074 2.150400E+004, Mon Oct 12 21:51:32 2015
1.35, 1.80, 1.40, 1.80 , -2.376689E-011, 5.899670E-012, 2.480873E-005, -1.078130E-013, 2.150400E+004 1.570926E+074 2.150400E+004, Mon Oct 12 21:51:45 2015
1.30, 1.80, 1.40, 1.80 , -2.368248E-011, 5.846140E-012, 2.480532E-005, -7.605550E-014, 2.150400E+004 1.570926E+074 2.150400E+004, Mon Oct 12 21:52:06 2015
1.25, 1.80, 1.40, 1.80 , -2.309171E-011, 5.834030E-012, 2.481255E-005, -1.110910E-013, 2.150400E+004 1.570926E+074 2.150400E+004, Mon Oct 12 21:52:12 2015
1.20, 1.80, 1.40, 1.80 , -2.414667E-011, 5.877260E-012, 2.480565E-005, -9.604690E-014, 2.150400E+004 1.570926E+074 2.150400E+004, Mon Oct 12 21:52:38 2015
1.15, 1.80, 1.40, 1.80 , -2.634105E-011, 5.951050E-012, 2.480981E-005, -6.999970E-014, 2.150400E+004 1.570926E+074 2.150400E+004, Mon Oct 12 21:52:48 2015
1.10, 1.80, 1.40, 1.80 , -2.731163E-011, 5.890930E-012, 2.481047E-005, -9.217260E-014, 2.150400E+004 1.570926E+074 2.150400E+004, Mon Oct 12 21:52:54 2015
1.05, 1.80, 1.40, 1.80 , -2.570805E-011, 5.839350E-012, 2.480037E-005, -1.092790E-013, 2.150400E+004 1.570926E+074 2.150400E+004, Mon Oct 12 21:53:05 2015
1.00, 1.80, 1.40, 1.80 , -2.705846E-011, 6.127380E-012, 2.480954E-005, -9.384160E-014, 2.150400E+004 1.570926E+074 2.150400E+004, Mon Oct 12 21:53:11 2015
0.95, 1.80, 1.40, 1.80 , -2.659426E-011, 6.104120E-012, 2.479551E-005, -8.360150E-014, 2.150400E+004 1.570926E+074 2.150400E+004, Mon Oct 12 21:53:38 2015
0.90, 1.80, 1.40, 1.80 , -2.811346E-011, 6.283030E-012, 2.479266E-005, -7.900000E-014, 2.150400E+004 1.570926E+074 2.150400E+004, Mon Oct 12 21:53:46 2015
0.85, 1.80, 1.40, 1.80 , -2.701624E-011, 6.187760E-012, 2.479691E-005, -1.079440E-013, 2.150400E+004 1.570926E+074 2.150400E+004, Mon Oct 12 21:53:56 2015
0.80, 1.80, 1.40, 1.80 , -3.123620E-011, 5.100760E-012, 2.479052E-005, -7.326600E-014, 2.150400E+004 1.570926E+074 2.150400E+004, Mon Oct 12 21:54:06 2015
0.75, 1.80, 1.40, 1.80 , -2.954825E-011, 5.817890E-012, 2.479641E-005, -9.359120E-014, 2.150400E+004 1.570926E+074 2.150400E+004, Mon Oct 12 21:54:17 2015
0.70, 1.80, 1.40, 1.80 , -2.895742E-011, 6.254050E-012, 2.479890E-005, -1.024840E-013, 2.150400E+004 1.570926E+074 2.150400E+004, Mon Oct 12 21:54:21 2015
0.65, 1.80, 1.40, 1.80 , -3.153162E-011, 6.379380E-012, 2.482388E-005, -8.834600E-014, 2.150400E+004 1.570926E+074 2.150400E+004, Mon Oct 12 21:54:56 2015
0.60, 1.80, 1.40, 1.80 , -3.030785E-011, 6.321310E-012, 2.482320E-005, -7.044080E-014, 2.150400E+004 1.570926E+074 2.150400E+004, Mon Oct 12 21:55:07 2015
0.55, 1.80, 1.40, 1.80 , -3.233341E-011, 6.403710E-012, 2.481803E-005, -9.025340E-014, 2.150400E+004 1.570926E+074 2.150400E+004, Mon Oct 12 21:55:13 2015
0.50, 1.80, 1.40, 1.80 , -3.115183E-011, 6.345650E-012, 2.482001E-005, -7.572170E-014, 2.150400E+004 1.570926E+074 2.150400E+004, Mon Oct 12 21:55:23 2015
0.45, 1.80, 1.40, 1.80 , -3.250223E-011, 6.513800E-012, 2.480916E-005, -8.791680E-014, 2.150400E+004 1.570926E+074 2.150400E+004, Mon Oct 12 21:55:29 2015
0.40, 1.80, 1.40, 1.80 , -3.250222E-011, 6.497820E-012, 2.478622E-005, -7.052420E-014, 2.150400E+004 1.570926E+074 2.150400E+004, Mon Oct 12 21:55:40 2015
0.35, 1.80, 1.40, 1.80 , -3.186925E-011, 6.338830E-012, 2.478365E-005, -1.082540E-013, 2.150400E+004 1.570926E+074 2.150400E+004, Mon Oct 12 21:55:53 2015
0.30, 1.80, 1.40, 1.80 , -3.385262E-011, 6.408770E-012, 2.480878E-005, -8.919240E-014, 2.150400E+004 1.570926E+074 2.150400E+004, Mon Oct 12 21:56:07 2015
0.25, 1.80, 1.40, 1.80 , -3.300860E-011, 5.648610E-012, 2.481016E-005, -1.086710E-013, 2.150400E+004 1.570926E+074 2.150400E+004, Mon Oct 12 21:56:22 2015
0.20, 1.80, 1.40, 1.80 , -3.444336E-011, 6.570860E-012, 2.479716E-005, -8.852480E-014, 2.150400E+004 1.570926E+074 2.150400E+004, Mon Oct 12 21:56:44 2015
0.15, 1.80, 1.40, 1.80 , -3.326178E-011, 6.337050E-012, 2.481880E-005, -9.186270E-014, 2.150400E+004 1.570926E+074 2.150400E+004, Mon Oct 12 21:57:04 2015
0.10, 1.80, 1.40, 1.80 , -3.372602E-011, 6.583330E-012, 2.481267E-005, -8.535380E-014, 2.150400E+004 1.570926E+074 2.150400E+004, Mon Oct 12 21:57:13 2015
0.05, 1.80, 1.40, 1.80 , -3.549838E-011, 6.827940E-012, 2.481124E-005, -1.068230E-013, 2.150400E+004 1.570926E+074 2.150400E+004, Mon Oct 12 21:57:19 2015
0.00, 1.80, 1.40, 1.80 , -3.727074E-011, 6.443190E-012, 2.481601E-005, -7.532840E-014, 2.150400E+004 1.570926E+074 2.150400E+004, Mon Oct 12 21:57:28 2015
-0.05, 1.80, 1.40, 1.80 , -3.625799E-011, 6.656280E-012, 2.480344E-005, -8.524660E-014, 2.150400E+004 1.570926E+074 2.150400E+004, Mon Oct 12 21:57:36 2015
-0.10, 1.80, 1.40, 1.80 , -3.579379E-011, 6.622660E-012, 2.481785E-005, -5.724430E-014, 2.150400E+004 1.570926E+074 2.150400E+004, Mon Oct 12 21:57:56 2015
-0.15, 1.80, 1.40, 1.80 , -3.676437E-011, 6.667380E-012, 2.482020E-005, -8.405450E-014, 2.150400E+004 1.570926E+074 2.150400E+004, Mon Oct 12 21:58:22 2015
-0.20, 1.80, 1.40, 1.80 , -3.777717E-011, 6.926490E-012, 2.480998E-005, -7.423160E-014, 2.150400E+004 1.570926E+074 2.150400E+004, Mon Oct 12 21:58:27 2015
