1.40, 1.80, 1.80, 1.80 , -2.191014E-011, 5.282840E-012, 6.328621E-005, -6.110670E-014, 2.150400E+004 1.570926E+074 2.150400E+004, Mon Oct 12 21:11:39 2015
1.40, 1.80, 1.78, 1.80 , -2.321833E-011, 4.928050E-012, 6.129650E-005, -5.371570E-014, 2.150400E+004 1.570926E+074 2.150400E+004, Mon Oct 12 21:11:46 2015
1.40, 1.80, 1.76, 1.80 , -2.385133E-011, 5.041840E-012, 5.937308E-005, -7.021430E-014, 2.150400E+004 1.570926E+074 2.150400E+004, Mon Oct 12 21:12:06 2015
1.40, 1.80, 1.74, 1.80 , -2.347152E-011, 4.948950E-012, 5.739292E-005, -8.846520E-014, 2.150400E+004 1.570926E+074 2.150400E+004, Mon Oct 12 21:12:15 2015
1.40, 1.80, 1.72, 1.80 , -2.165694E-011, 4.886200E-012, 5.543719E-005, -8.621220E-014, 2.150400E+004 1.570926E+074 2.150400E+004, Mon Oct 12 21:12:38 2015
1.40, 1.80, 1.70, 1.80 , -2.342931E-011, 4.916430E-012, 5.349095E-005, -8.494850E-014, 2.150400E+004 1.570926E+074 2.150400E+004, Mon Oct 12 21:12:48 2015
1.40, 1.80, 1.68, 1.80 , -2.389352E-011, 5.290760E-012, 5.153755E-005, -9.621380E-014, 2.150400E+004 1.570926E+074 2.150400E+004, Mon Oct 12 21:13:06 2015
1.40, 1.80, 1.66, 1.80 , -2.393572E-011, 5.224730E-012, 4.959494E-005, -8.498430E-014, 2.150400E+004 1.570926E+074 2.150400E+004, Mon Oct 12 21:13:23 2015
1.40, 1.80, 1.64, 1.80 , -2.169914E-011, 5.173420E-012, 4.763794E-005, -7.448200E-014, 2.150400E+004 1.570926E+074 2.150400E+004, Mon Oct 12 21:13:33 2015
1.40, 1.80, 1.62, 1.80 , -2.191014E-011, 5.362180E-012, 4.571852E-005, -1.100300E-013, 2.150400E+004 1.570926E+074 2.150400E+004, Mon Oct 12 21:13:48 2015
1.40, 1.80, 1.60, 1.80 , -2.224773E-011, 5.216160E-012, 4.379073E-005, -9.280440E-014, 2.150400E+004 1.570926E+074 2.150400E+004, Mon Oct 12 21:13:58 2015
1.40, 1.80, 1.58, 1.80 , -2.300733E-011, 5.310420E-012, 4.185744E-005, -9.804960E-014, 2.150400E+004 1.570926E+074 2.150400E+004, Mon Oct 12 21:14:12 2015
1.40, 1.80, 1.56, 1.80 , -2.072855E-011, 5.411900E-012, 3.996088E-005, -1.066570E-013, 2.150400E+004 1.570926E+074 2.150400E+004, Mon Oct 12 21:14:22 2015
1.40, 1.80, 1.54, 1.80 , -2.258534E-011, 5.500900E-012, 3.805396E-005, -1.135710E-013, 2.150400E+004 1.570926E+074 2.150400E+004, Mon Oct 12 21:14:26 2015
1.40, 1.80, 1.52, 1.80 , -2.165694E-011, 5.599400E-012, 3.610684E-005, -1.107100E-013, 2.150400E+004 1.570926E+074 2.150400E+004, Mon Oct 12 21:14:43 2015
1.40, 1.80, 1.50, 1.80 , -2.178355E-011, 5.864140E-012, 3.424770E-005, -1.012920E-013, 2.150400E+004 1.570926E+074 2.150400E+004, Mon Oct 12 21:15:04 2015
1.40, 1.80, 1.48, 1.80 , -2.191012E-011, 5.818590E-012, 3.234241E-005, -7.851120E-014, 2.150400E+004 1.570926E+074 2.150400E+004, Mon Oct 12 21:15:53 2015
1.40, 1.80, 1.46, 1.80 , -2.254311E-011, 5.779120E-012, 3.043490E-005, -7.030960E-014, 2.150400E+004 1.570926E+074 2.150400E+004, Mon Oct 12 21:16:17 2015
1.40, 1.80, 1.44, 1.80 , -2.174133E-011, 5.715810E-012, 2.855613E-005, -8.136030E-014, 2.150400E+004 1.570926E+074 2.150400E+004, Mon Oct 12 21:16:53 2015
1.40, 1.80, 1.42, 1.80 , -2.068634E-011, 5.697930E-012, 2.669110E-005, -9.050370E-014, 2.150400E+004 1.570926E+074 2.150400E+004, Mon Oct 12 21:18:09 2015
1.40, 1.80, 1.40, 1.80 , -2.144593E-011, 6.016330E-012, 2.480900E-005, -9.304280E-014, 2.150400E+004 1.570926E+074 2.150400E+004, Mon Oct 12 21:18:19 2015
1.40, 1.80, 1.38, 1.80 , -2.081293E-011, 5.861520E-012, 2.295744E-005, -7.923840E-014, 2.150400E+004 1.570926E+074 2.150400E+004, Mon Oct 12 21:18:26 2015
1.40, 1.80, 1.36, 1.80 , -1.992674E-011, 5.806410E-012, 2.108475E-005, -6.889100E-014, 2.150400E+004 1.570926E+074 2.150400E+004, Mon Oct 12 21:18:53 2015
1.40, 1.80, 1.34, 1.80 , -2.089733E-011, 6.319200E-012, 1.923144E-005, -1.026990E-013, 2.150400E+004 1.570926E+074 2.150400E+004, Mon Oct 12 21:19:14 2015
1.40, 1.80, 1.32, 1.80 , -2.123494E-011, 6.151930E-012, 1.737699E-005, -1.004930E-013, 2.150400E+004 1.570926E+074 2.150400E+004, Mon Oct 12 21:19:24 2015
1.40, 1.80, 1.30, 1.80 , -2.013776E-011, 6.376490E-012, 1.552624E-005, -7.473230E-014, 2.150400E+004 1.570926E+074 2.150400E+004, Mon Oct 12 21:20:56 2015
1.40, 1.80, 1.28, 1.80 , -2.212114E-011, 6.073950E-012, 1.368386E-005, -9.837150E-014, 2.150400E+004 1.570926E+074 2.150400E+004, Mon Oct 12 21:21:09 2015
1.40, 1.80, 1.26, 1.80 , -2.072855E-011, 6.435470E-012, 1.185817E-005, -6.498100E-014, 2.150400E+004 1.570926E+074 2.150400E+004, Mon Oct 12 21:21:18 2015
1.40, 1.80, 1.24, 1.80 , -2.047536E-011, 6.577770E-012, 1.298870E-009, -8.417370E-014, 2.150400E+004 1.570926E+074 2.150400E+004, Mon Oct 12 21:21:27 2015
1.40, 1.80, 1.22, 1.80 , -1.920935E-011, 6.580650E-012, 2.413367E-010, -7.584100E-014, 2.150400E+004 1.570926E+074 2.150400E+004, Mon Oct 12 21:21:40 2015
1.40, 1.80, 1.20, 1.80 , -2.110833E-011, 7.235070E-012, 4.706047E-011, -8.873940E-014, 2.150400E+004 1.570926E+074 2.150400E+004, Mon Oct 12 21:21:48 2015
1.40, 1.80, 1.18, 1.80 , -2.878865E-011, 1.490600E-011, -1.922142E-011, -9.864570E-014, 2.150400E+004 1.570926E+074 2.150400E+004, Mon Oct 12 21:21:57 2015
1.40, 1.80, 1.16, 1.80 , -7.027095E-011, 5.634480E-011, -3.158986E-011, -9.071830E-014, 2.150400E+004 1.570926E+074 2.150400E+004, Mon Oct 12 21:22:05 2015
1.40, 1.80, 1.14, 1.80 , -3.269290E-010, 3.154750E-010, -3.154794E-011, -8.213520E-014, 2.150400E+004 1.570926E+074 2.150400E+004, Mon Oct 12 21:22:11 2015
1.40, 1.80, 1.12, 1.80 , -9.811087E-010, 9.696440E-010, -3.112865E-011, -9.615420E-014, 2.150400E+004 1.570926E+074 2.150400E+004, Mon Oct 12 21:22:16 2015
1.40, 1.80, 1.10, 1.80 , -4.166042E-009, 4.166180E-009, -2.987080E-011, -8.884670E-014, 2.150400E+004 1.570926E+074 2.150400E+004, Mon Oct 12 21:22:21 2015
1.40, 1.80, 1.08, 1.80 , -1.220804E-008, 1.221430E-008, -3.184143E-011, -9.385350E-014, 2.150400E+004 1.570926E+074 2.150400E+004, Mon Oct 12 21:22:24 2015
1.40, 1.80, 1.06, 1.80 , -2.823661E-008, 2.824140E-008, -3.163179E-011, -7.952450E-014, 2.150400E+004 1.570926E+074 2.150400E+004, Mon Oct 12 21:22:28 2015
1.40, 1.80, 1.04, 1.80 , -5.463929E-008, 5.464610E-008, -3.049972E-011, -8.126500E-014, 2.150400E+004 1.570926E+074 2.150400E+004, Mon Oct 12 21:22:31 2015
1.40, 1.80, 1.02, 1.80 , -9.291530E-008, 9.293250E-008, -3.037394E-011, -9.298320E-014, 2.150400E+004 1.570926E+074 2.150400E+004, Mon Oct 12 21:22:35 2015
1.40, 1.80, 1.00, 1.80 , -1.456559E-007, 1.458020E-007, -3.125443E-011, -9.603500E-014, 2.150400E+004 1.570926E+074 2.150400E+004, Mon Oct 12 21:22:39 2015
1.40, 1.80, 0.98, 1.80 , -2.107158E-007, 2.107970E-007, -3.284771E-011, -9.192230E-014, 2.150400E+004 1.570926E+074 2.150400E+004, Mon Oct 12 21:22:42 2015
1.40, 1.80, 0.96, 1.80 , -2.865208E-007, 2.866130E-007, -3.356048E-011, -7.971530E-014, 2.150400E+004 1.570926E+074 2.150400E+004, Mon Oct 12 21:22:46 2015
1.40, 1.80, 0.94, 1.80 , -3.727767E-007, 3.729540E-007, -3.234456E-011, -9.671450E-014, 2.150400E+004 1.570926E+074 2.150400E+004, Mon Oct 12 21:22:49 2015
1.40, 1.80, 0.92, 1.80 , -4.680756E-007, 4.683010E-007, -3.351856E-011, -1.036050E-013, 2.150400E+004 1.570926E+074 2.150400E+004, Mon Oct 12 21:22:53 2015
1.40, 1.80, 0.90, 1.80 , -5.794936E-007, 5.796200E-007, -3.498605E-011, -8.819100E-014, 2.150400E+004 1.570926E+074 2.150400E+004, Mon Oct 12 21:22:56 2015
1.40, 1.80, 0.88, 1.80 , -7.060337E-007, 7.061720E-007, -3.498604E-011, -9.051560E-014, 2.150400E+004 1.570926E+074 2.150400E+004, Mon Oct 12 21:23:00 2015
1.40, 1.80, 0.86, 1.80 , -8.471923E-007, 8.473670E-007, -3.439905E-011, -7.497070E-014, 2.150400E+004 1.570926E+074 2.150400E+004, Mon Oct 12 21:23:03 2015
1.40, 1.80, 0.84, 1.80 , -1.003102E-006, 1.003440E-006, -3.657932E-011, -9.461640E-014, 2.150400E+004 1.570926E+074 2.150400E+004, Mon Oct 12 21:23:07 2015
1.40, 1.80, 0.82, 1.80 , -1.172180E-006, 1.172350E-006, -3.502797E-011, -8.503200E-014, 2.150400E+004 1.570926E+074 2.150400E+004, Mon Oct 12 21:23:11 2015
1.40, 1.80, 0.80, 1.80 , -1.348926E-006, 1.349170E-006, -3.515377E-011, -8.323190E-014, 2.150400E+004 1.570926E+074 2.150400E+004, Mon Oct 12 21:23:14 2015
1.40, 1.80, 0.78, 1.80 , -1.533826E-006, 1.533950E-006, -3.481834E-011, -9.793040E-014, 2.150400E+004 1.570926E+074 2.150400E+004, Mon Oct 12 21:23:18 2015
1.40, 1.80, 0.76, 1.80 , -1.727590E-006, 1.727600E-006, -3.511184E-011, -1.217720E-013, 2.150400E+004 1.570926E+074 2.150400E+004, Mon Oct 12 21:23:21 2015
1.40, 1.80, 0.74, 1.80 , -1.927323E-006, 1.927880E-006, -3.255421E-011, -8.274320E-014, 2.150400E+004 1.570926E+074 2.150400E+004, Mon Oct 12 21:23:25 2015
1.40, 1.80, 0.72, 1.80 , -2.132266E-006, 2.132520E-006, -3.737595E-011, -9.496210E-014, 2.150400E+004 1.570926E+074 2.150400E+004, Mon Oct 12 21:23:28 2015
1.40, 1.80, 0.70, 1.80 , -2.339181E-006, 2.339400E-006, -3.657932E-011, -1.095290E-013, 2.150400E+004 1.570926E+074 2.150400E+004, Mon Oct 12 21:23:32 2015
1.40, 1.80, 0.68, 1.80 , -2.546776E-006, 2.547230E-006, -3.377013E-011, -8.443590E-014, 2.150400E+004 1.570926E+074 2.150400E+004, Mon Oct 12 21:23:36 2015
1.40, 1.80, 0.66, 1.80 , -2.753186E-006, 2.753350E-006, -3.385398E-011, -9.607080E-014, 2.150400E+004 1.570926E+074 2.150400E+004, Mon Oct 12 21:23:39 2015
1.40, 1.80, 0.64, 1.80 , -2.958362E-006, 2.958540E-006, -3.444098E-011, -7.272960E-014, 2.150400E+004 1.570926E+074 2.150400E+004, Mon Oct 12 21:23:43 2015
1.40, 1.80, 0.62, 1.80 , -3.164350E-006, 3.164730E-006, -3.980780E-011, -1.032350E-013, 2.150400E+004 1.570926E+074 2.150400E+004, Mon Oct 12 21:23:46 2015
1.40, 1.80, 0.60, 1.80 , -3.370891E-006, 3.371270E-006, -3.553111E-011, -8.141990E-014, 2.150400E+004 1.570926E+074 2.150400E+004, Mon Oct 12 21:23:50 2015
1.40, 1.80, 0.58, 1.80 , -3.575878E-006, 3.576050E-006, -3.783716E-011, -9.279250E-014, 2.150400E+004 1.570926E+074 2.150400E+004, Mon Oct 12 21:23:53 2015
1.40, 1.80, 0.56, 1.80 , -3.778267E-006, 3.778840E-006, -3.834031E-011, -8.534190E-014, 2.150400E+004 1.570926E+074 2.150400E+004, Mon Oct 12 21:23:57 2015
1.40, 1.80, 0.54, 1.80 , -3.979637E-006, 3.979920E-006, -3.829839E-011, -9.305480E-014, 2.150400E+004 1.570926E+074 2.150400E+004, Mon Oct 12 21:24:00 2015
1.40, 1.80, 0.52, 1.80 , -4.178840E-006, 4.179390E-006, -3.515377E-011, -1.006480E-013, 2.150400E+004 1.570926E+074 2.150400E+004, Mon Oct 12 21:24:04 2015
1.40, 1.80, 0.50, 1.80 , -4.375203E-006, 4.375240E-006, -3.796295E-011, -7.953640E-014, 2.150400E+004 1.570926E+074 2.150400E+004, Mon Oct 12 21:24:07 2015
1.40, 1.80, 0.48, 1.80 , -4.566139E-006, 4.566600E-006, -3.632774E-011, -8.846520E-014, 2.150400E+004 1.570926E+074 2.150400E+004, Mon Oct 12 21:24:11 2015
1.40, 1.80, 0.46, 1.80 , -4.755733E-006, 4.755790E-006, -3.725018E-011, -1.013870E-013, 2.150400E+004 1.570926E+074 2.150400E+004, Mon Oct 12 21:24:14 2015
1.40, 1.80, 0.44, 1.80 , -4.940907E-006, 4.941560E-006, -3.800488E-011, -9.890790E-014, 2.150400E+004 1.570926E+074 2.150400E+004, Mon Oct 12 21:24:18 2015
1.40, 1.80, 0.42, 1.80 , -5.123298E-006, 5.123530E-006, -3.662125E-011, -7.847550E-014, 2.150400E+004 1.570926E+074 2.150400E+004, Mon Oct 12 21:24:22 2015
1.40, 1.80, 0.40, 1.80 , -5.303161E-006, 5.303220E-006, -3.611811E-011, -9.582040E-014, 2.150400E+004 1.570926E+074 2.150400E+004, Mon Oct 12 21:24:25 2015
1.40, 1.80, 0.38, 1.80 , -5.480473E-006, 5.480550E-006, -3.636967E-011, -1.253010E-013, 2.150400E+004 1.570926E+074 2.150400E+004, Mon Oct 12 21:24:29 2015
1.40, 1.80, 0.36, 1.80 , -5.654835E-006, 5.654590E-006, -3.389591E-011, -8.550880E-014, 2.150400E+004 1.570926E+074 2.150400E+004, Mon Oct 12 21:24:32 2015
1.40, 1.80, 0.34, 1.80 , -5.825495E-006, 5.826030E-006, -3.729210E-011, -1.123190E-013, 2.150400E+004 1.570926E+074 2.150400E+004, Mon Oct 12 21:24:36 2015
1.40, 1.80, 0.32, 1.80 , -5.994362E-006, 5.994640E-006, -3.578268E-011, -9.976630E-014, 2.150400E+004 1.570926E+074 2.150400E+004, Mon Oct 12 21:24:39 2015
1.40, 1.80, 0.30, 1.80 , -6.159872E-006, 6.159810E-006, -3.733402E-011, -9.111170E-014, 2.150400E+004 1.570926E+074 2.150400E+004, Mon Oct 12 21:24:43 2015
1.40, 1.80, 0.28, 1.80 , -6.320328E-006, 6.320410E-006, -3.892731E-011, -1.109240E-013, 2.150400E+004 1.570926E+074 2.150400E+004, Mon Oct 12 21:24:46 2015
1.40, 1.80, 0.26, 1.80 , -6.477162E-006, 6.477640E-006, -3.829839E-011, -9.849070E-014, 2.150400E+004 1.570926E+074 2.150400E+004, Mon Oct 12 21:24:50 2015
1.40, 1.80, 0.24, 1.80 , -6.631240E-006, 6.630630E-006, -3.553112E-011, -7.455350E-014, 2.150400E+004 1.570926E+074 2.150400E+004, Mon Oct 12 21:24:54 2015
1.40, 1.80, 0.22, 1.80 , -6.781251E-006, 6.781580E-006, -3.603425E-011, -9.870530E-014, 2.150400E+004 1.570926E+074 2.150400E+004, Mon Oct 12 21:24:57 2015
1.40, 1.80, 0.20, 1.80 , -6.929008E-006, 6.930070E-006, -3.871767E-011, -7.699730E-014, 2.150400E+004 1.570926E+074 2.150400E+004, Mon Oct 12 21:25:01 2015
1.40, 1.80, 0.18, 1.80 , -7.072721E-006, 7.072700E-006, -3.758560E-011, -8.239750E-014, 2.150400E+004 1.570926E+074 2.150400E+004, Mon Oct 12 21:25:04 2015
1.40, 1.80, 0.16, 1.80 , -7.212943E-006, 7.213580E-006, -3.813067E-011, -6.788970E-014, 2.150400E+004 1.570926E+074 2.150400E+004, Mon Oct 12 21:25:08 2015
1.40, 1.80, 0.14, 1.80 , -7.349507E-006, 7.349550E-006, -3.964008E-011, -8.097890E-014, 2.150400E+004 1.570926E+074 2.150400E+004, Mon Oct 12 21:25:11 2015
1.40, 1.80, 0.12, 1.80 , -7.482088E-006, 7.482940E-006, -3.628581E-011, -1.008270E-013, 2.150400E+004 1.570926E+074 2.150400E+004, Mon Oct 12 21:25:15 2015
1.40, 1.80, 0.10, 1.80 , -7.611500E-006, 7.612770E-006, -3.909501E-011, -7.808210E-014, 2.150400E+004 1.570926E+074 2.150400E+004, Mon Oct 12 21:25:18 2015
1.40, 1.80, 0.08, 1.80 , -7.737915E-006, 7.738190E-006, -3.880152E-011, -8.100270E-014, 2.150400E+004 1.570926E+074 2.150400E+004, Mon Oct 12 21:25:22 2015
1.40, 1.80, 0.06, 1.80 , -7.862824E-006, 7.862150E-006, -3.863380E-011, -8.440020E-014, 2.150400E+004 1.570926E+074 2.150400E+004, Mon Oct 12 21:25:25 2015
1.40, 1.80, 0.04, 1.80 , -7.982639E-006, 7.982660E-006, -4.056249E-011, -8.033510E-014, 2.150400E+004 1.570926E+074 2.150400E+004, Mon Oct 12 21:25:29 2015
1.40, 1.80, 0.02, 1.80 , -8.100986E-006, 8.101630E-006, -4.152686E-011, -9.431840E-014, 2.150400E+004 1.570926E+074 2.150400E+004, Mon Oct 12 21:25:33 2015
1.40, 1.80, 0.00, 1.80 , -8.217030E-006, 8.217680E-006, -3.959815E-011, -6.800890E-014, 2.150400E+004 1.570926E+074 2.150400E+004, Mon Oct 12 21:25:36 2015
1.40, 1.80, -0.02, 1.80 , -8.330306E-006, 8.330560E-006, -4.081406E-011, -8.827450E-014, 2.150400E+004 1.570926E+074 2.150400E+004, Mon Oct 12 21:25:40 2015
1.40, 1.80, -0.04, 1.80 , -8.440305E-006, 8.441040E-006, -4.299434E-011, -9.520050E-014, 2.150400E+004 1.570926E+074 2.150400E+004, Mon Oct 12 21:25:43 2015
1.40, 1.80, -0.06, 1.80 , -8.548260E-006, 8.548690E-006, -3.964009E-011, -8.585450E-014, 2.150400E+004 1.570926E+074 2.150400E+004, Mon Oct 12 21:25:47 2015
1.40, 1.80, -0.08, 1.80 , -8.653512E-006, 8.653620E-006, -3.993357E-011, -8.785720E-014, 2.150400E+004 1.570926E+074 2.150400E+004, Mon Oct 12 21:25:50 2015
1.40, 1.80, -0.10, 1.80 , -8.756550E-006, 8.757250E-006, -4.328784E-011, -8.997920E-014, 2.150400E+004 1.570926E+074 2.150400E+004, Mon Oct 12 21:25:54 2015
1.40, 1.80, -0.12, 1.80 , -8.855667E-006, 8.857470E-006, -4.257506E-011, -9.373430E-014, 2.150400E+004 1.570926E+074 2.150400E+004, Mon Oct 12 21:25:57 2015
1.40, 1.80, -0.14, 1.80 , -8.954269E-006, 8.954530E-006, -4.135913E-011, -7.109640E-014, 2.150400E+004 1.570926E+074 2.150400E+004, Mon Oct 12 21:26:01 2015
1.40, 1.80, -0.16, 1.80 , -9.050441E-006, 9.050620E-006, -4.395868E-011, -9.762050E-014, 2.150400E+004 1.570926E+074 2.150400E+004, Mon Oct 12 21:26:05 2015
1.40, 1.80, -0.18, 1.80 , -9.142079E-006, 9.142550E-006, -4.395868E-011, -7.853510E-014, 2.150400E+004 1.570926E+074 2.150400E+004, Mon Oct 12 21:26:08 2015
1.40, 1.80, -0.20, 1.80 , -9.232166E-006, 9.232900E-006, -3.888537E-011, -7.613900E-014, 2.150400E+004 1.570926E+074 2.150400E+004, Mon Oct 12 21:26:12 2015
