1.75, 1.80, 1.80, 1.80 , -1.828098E-011, 5.602530E-012, 6.332838E-005, -8.006100E-014, 2.150400E+004 1.570926E+074 2.150400E+004, Mon Oct 12 20:49:12 2015
1.75, 1.80, 1.78, 1.80 , -1.828098E-011, 5.282340E-012, 6.132769E-005, -7.892850E-014, 2.150400E+004 1.570926E+074 2.150400E+004, Mon Oct 12 20:49:20 2015
1.75, 1.80, 1.76, 1.80 , -1.836539E-011, 5.219330E-012, 5.937791E-005, -6.779430E-014, 2.150400E+004 1.570926E+074 2.150400E+004, Mon Oct 12 20:49:25 2015
1.75, 1.80, 1.74, 1.80 , -1.895618E-011, 5.294680E-012, 5.737627E-005, -8.268360E-014, 2.150400E+004 1.570926E+074 2.150400E+004, Mon Oct 12 20:49:35 2015
1.75, 1.80, 1.72, 1.80 , -1.621320E-011, 5.238390E-012, 5.545434E-005, -6.972550E-014, 2.150400E+004 1.570926E+074 2.150400E+004, Mon Oct 12 20:49:43 2015
1.75, 1.80, 1.70, 1.80 , -1.844977E-011, 5.396630E-012, 5.348037E-005, -7.473230E-014, 2.150400E+004 1.570926E+074 2.150400E+004, Mon Oct 12 20:50:03 2015
1.75, 1.80, 1.68, 1.80 , -1.722598E-011, 5.097410E-012, 5.156863E-005, -1.029010E-013, 2.150400E+004 1.570926E+074 2.150400E+004, Mon Oct 12 20:50:12 2015
1.75, 1.80, 1.66, 1.80 , -1.638200E-011, 5.097350E-012, 4.958713E-005, -8.960960E-014, 2.150400E+004 1.570926E+074 2.150400E+004, Mon Oct 12 20:50:51 2015
1.75, 1.80, 1.64, 1.80 , -1.819657E-011, 5.057350E-012, 4.765892E-005, -9.089710E-014, 2.150400E+004 1.570926E+074 2.150400E+004, Mon Oct 12 20:51:07 2015
1.75, 1.80, 1.62, 1.80 , -1.984237E-011, 4.963850E-012, 4.574068E-005, -9.295940E-014, 2.150400E+004 1.570926E+074 2.150400E+004, Mon Oct 12 20:51:20 2015
1.75, 1.80, 1.60, 1.80 , -1.591780E-011, 5.396350E-012, 4.379312E-005, -7.169250E-014, 2.150400E+004 1.570926E+074 2.150400E+004, Mon Oct 12 20:51:28 2015
1.75, 1.80, 1.58, 1.80 , -1.861857E-011, 5.242880E-012, 4.185161E-005, -9.497400E-014, 2.150400E+004 1.570926E+074 2.150400E+004, Mon Oct 12 20:51:34 2015
1.75, 1.80, 1.56, 1.80 , -1.532699E-011, 5.367570E-012, 3.996574E-005, -1.002670E-013, 2.150400E+004 1.570926E+074 2.150400E+004, Mon Oct 12 20:52:05 2015
1.75, 1.80, 1.54, 1.80 , -1.688838E-011, 5.365650E-012, 3.806060E-005, -9.105210E-014, 2.150400E+004 1.570926E+074 2.150400E+004, Mon Oct 12 20:52:14 2015
1.75, 1.80, 1.52, 1.80 , -1.731036E-011, 5.778400E-012, 3.616259E-005, -7.972720E-014, 2.150400E+004 1.570926E+074 2.150400E+004, Mon Oct 12 20:52:40 2015
1.75, 1.80, 1.50, 1.80 , -1.671959E-011, 5.870430E-012, 3.426788E-005, -8.423330E-014, 2.150400E+004 1.570926E+074 2.150400E+004, Mon Oct 12 20:52:49 2015
1.75, 1.80, 1.48, 1.80 , -7.899843E-012, 6.178640E-012, 3.236738E-005, -7.706880E-014, 2.150400E+004 1.570926E+074 2.150400E+004, Mon Oct 12 20:52:52 2015
1.75, 1.80, 1.46, 1.80 , -1.558019E-011, 5.580700E-012, 3.047557E-005, -9.056330E-014, 2.150400E+004 1.570926E+074 2.150400E+004, Mon Oct 12 20:53:04 2015
1.75, 1.80, 1.44, 1.80 , -1.777456E-011, 5.743030E-012, 2.858714E-005, -8.804800E-014, 2.150400E+004 1.570926E+074 2.150400E+004, Mon Oct 12 20:53:44 2015
1.75, 1.80, 1.42, 1.80 , -1.579119E-011, 5.802380E-012, 2.670924E-005, -8.280280E-014, 2.150400E+004 1.570926E+074 2.150400E+004, Mon Oct 12 20:53:57 2015
1.75, 1.80, 1.40, 1.80 , -1.992676E-011, 5.931150E-012, 2.483871E-005, -9.468790E-014, 2.150400E+004 1.570926E+074 2.150400E+004, Mon Oct 12 20:54:05 2015
1.75, 1.80, 1.38, 1.80 , -1.422980E-011, 5.900040E-012, 2.296724E-005, -8.261200E-014, 2.150400E+004 1.570926E+074 2.150400E+004, Mon Oct 12 20:54:35 2015
1.75, 1.80, 1.36, 1.80 , -8.490647E-012, 5.055930E-012, 2.111167E-005, -1.131420E-013, 2.150400E+004 1.570926E+074 2.150400E+004, Mon Oct 12 20:55:01 2015
1.75, 1.80, 1.34, 1.80 , -1.359681E-011, 5.876080E-012, 1.923522E-005, -1.051550E-013, 2.150400E+004 1.570926E+074 2.150400E+004, Mon Oct 12 20:55:44 2015
1.75, 1.80, 1.32, 1.80 , -1.633977E-011, 5.922790E-012, 1.737801E-005, -7.762910E-014, 2.150400E+004 1.570926E+074 2.150400E+004, Mon Oct 12 20:55:52 2015
1.75, 1.80, 1.30, 1.80 , -1.752139E-011, 6.052940E-012, 1.553774E-005, -9.996890E-014, 2.150400E+004 1.570926E+074 2.150400E+004, Mon Oct 12 20:56:11 2015
1.75, 1.80, 1.28, 1.80 , -1.579119E-011, 6.213080E-012, 1.369504E-005, -6.599430E-014, 2.150400E+004 1.570926E+074 2.150400E+004, Mon Oct 12 20:56:24 2015
1.75, 1.80, 1.26, 1.80 , -1.397661E-011, 6.343090E-012, 1.187724E-005, -6.974940E-014, 2.150400E+004 1.570926E+074 2.150400E+004, Mon Oct 12 20:56:38 2015
1.75, 1.80, 1.24, 1.80 , -7.098056E-012, 6.823270E-012, 9.629767E-010, -8.300540E-014, 2.150400E+004 1.570926E+074 2.150400E+004, Mon Oct 12 20:56:47 2015
1.75, 1.80, 1.22, 1.80 , -1.287941E-011, 6.853060E-012, 2.508533E-010, -9.208920E-014, 2.150400E+004 1.570926E+074 2.150400E+004, Mon Oct 12 20:56:58 2015
1.75, 1.80, 1.20, 1.80 , -2.169916E-011, 1.311950E-011, 4.613825E-011, -8.914470E-014, 2.150400E+004 1.570926E+074 2.150400E+004, Mon Oct 12 20:57:21 2015
1.75, 1.80, 1.18, 1.80 , -6.655739E-011, 6.069640E-011, -1.808947E-011, -1.000520E-013, 2.150400E+004 1.570926E+074 2.150400E+004, Mon Oct 12 20:57:28 2015
1.75, 1.80, 1.16, 1.80 , -2.566249E-010, 2.517800E-010, -2.769054E-011, -7.106070E-014, 2.150400E+004 1.570926E+074 2.150400E+004, Mon Oct 12 20:57:35 2015
1.75, 1.80, 1.14, 1.80 , -7.959372E-010, 7.887710E-010, -2.764861E-011, -6.450410E-014, 2.150400E+004 1.570926E+074 2.150400E+004, Mon Oct 12 20:57:39 2015
1.75, 1.80, 1.12, 1.80 , -2.032727E-009, 2.056510E-009, -2.735511E-011, -7.933380E-014, 2.150400E+004 1.570926E+074 2.150400E+004, Mon Oct 12 20:57:44 2015
1.75, 1.80, 1.10, 1.80 , -4.186893E-009, 4.204000E-009, -3.154794E-011, -7.396940E-014, 2.150400E+004 1.570926E+074 2.150400E+004, Mon Oct 12 20:57:48 2015
1.75, 1.80, 1.08, 1.80 , -7.777833E-009, 7.776400E-009, -2.999660E-011, -8.881090E-014, 2.150400E+004 1.570926E+074 2.150400E+004, Mon Oct 12 20:57:51 2015
1.75, 1.80, 1.06, 1.80 , -1.242976E-008, 1.246340E-008, -2.982888E-011, -8.960960E-014, 2.150400E+004 1.570926E+074 2.150400E+004, Mon Oct 12 20:57:55 2015
1.75, 1.80, 1.04, 1.80 , -1.774822E-008, 1.776520E-008, -3.062552E-011, -9.292360E-014, 2.150400E+004 1.570926E+074 2.150400E+004, Mon Oct 12 20:57:59 2015
1.75, 1.80, 1.02, 1.80 , -2.189483E-008, 2.190710E-008, -3.020623E-011, -1.017450E-013, 2.150400E+004 1.570926E+074 2.150400E+004, Mon Oct 12 20:58:02 2015
1.75, 1.80, 1.00, 1.80 , -2.790303E-008, 2.794220E-008, -3.242844E-011, -9.510520E-014, 2.150400E+004 1.570926E+074 2.150400E+004, Mon Oct 12 20:58:06 2015
1.75, 1.80, 0.98, 1.80 , -3.419203E-008, 3.423760E-008, -3.234458E-011, -1.095180E-013, 2.150400E+004 1.570926E+074 2.150400E+004, Mon Oct 12 20:58:09 2015
1.75, 1.80, 0.96, 1.80 , -3.911107E-008, 3.917310E-008, -3.397978E-011, -9.360310E-014, 2.150400E+004 1.570926E+074 2.150400E+004, Mon Oct 12 20:58:13 2015
1.75, 1.80, 0.94, 1.80 , -4.346087E-008, 4.352410E-008, -3.360242E-011, -1.043920E-013, 2.150400E+004 1.570926E+074 2.150400E+004, Mon Oct 12 20:58:16 2015
1.75, 1.80, 0.92, 1.80 , -4.841356E-008, 4.851510E-008, -3.230265E-011, -9.813310E-014, 2.150400E+004 1.570926E+074 2.150400E+004, Mon Oct 12 20:58:20 2015
1.75, 1.80, 0.90, 1.80 , -5.342395E-008, 5.351190E-008, -3.469255E-011, -9.081360E-014, 2.150400E+004 1.570926E+074 2.150400E+004, Mon Oct 12 20:58:23 2015
1.75, 1.80, 0.88, 1.80 , -5.851454E-008, 5.863930E-008, -3.561497E-011, -9.269710E-014, 2.150400E+004 1.570926E+074 2.150400E+004, Mon Oct 12 20:58:27 2015
1.75, 1.80, 0.86, 1.80 , -6.397467E-008, 6.406150E-008, -3.397978E-011, -9.151700E-014, 2.150400E+004 1.570926E+074 2.150400E+004, Mon Oct 12 20:58:31 2015
1.75, 1.80, 0.84, 1.80 , -6.873364E-008, 6.881160E-008, -3.427327E-011, -9.129050E-014, 2.150400E+004 1.570926E+074 2.150400E+004, Mon Oct 12 20:58:34 2015
1.75, 1.80, 0.82, 1.80 , -7.255096E-008, 7.257090E-008, -3.217686E-011, -8.995530E-014, 2.150400E+004 1.570926E+074 2.150400E+004, Mon Oct 12 20:58:38 2015
1.75, 1.80, 0.80, 1.80 , -7.617505E-008, 7.623220E-008, -3.364436E-011, -8.980040E-014, 2.150400E+004 1.570926E+074 2.150400E+004, Mon Oct 12 20:58:41 2015
1.75, 1.80, 0.78, 1.80 , -7.971420E-008, 7.982600E-008, -3.326700E-011, -9.962320E-014, 2.150400E+004 1.570926E+074 2.150400E+004, Mon Oct 12 20:58:45 2015
1.75, 1.80, 0.76, 1.80 , -8.236452E-008, 8.245030E-008, -3.175758E-011, -8.929970E-014, 2.150400E+004 1.570926E+074 2.150400E+004, Mon Oct 12 20:58:48 2015
1.75, 1.80, 0.74, 1.80 , -8.574160E-008, 8.586630E-008, -3.364436E-011, -8.981230E-014, 2.150400E+004 1.570926E+074 2.150400E+004, Mon Oct 12 20:58:52 2015
1.75, 1.80, 0.72, 1.80 , -8.886772E-008, 8.900720E-008, -3.582461E-011, -1.010890E-013, 2.150400E+004 1.570926E+074 2.150400E+004, Mon Oct 12 20:58:56 2015
1.75, 1.80, 0.70, 1.80 , -9.134085E-008, 9.146460E-008, -3.506991E-011, -1.066800E-013, 2.150400E+004 1.570926E+074 2.150400E+004, Mon Oct 12 20:58:59 2015
1.75, 1.80, 0.68, 1.80 , -9.380980E-008, 9.393810E-008, -3.444099E-011, -9.744170E-014, 2.150400E+004 1.570926E+074 2.150400E+004, Mon Oct 12 20:59:03 2015
1.75, 1.80, 0.66, 1.80 , -9.646183E-008, 9.660860E-008, -3.578269E-011, -8.531810E-014, 2.150400E+004 1.570926E+074 2.150400E+004, Mon Oct 12 20:59:06 2015
1.75, 1.80, 0.64, 1.80 , -9.848063E-008, 9.857710E-008, -3.653740E-011, -8.984800E-014, 2.150400E+004 1.570926E+074 2.150400E+004, Mon Oct 12 20:59:10 2015
1.75, 1.80, 0.62, 1.80 , -9.972007E-008, 9.979830E-008, -3.628584E-011, -8.509160E-014, 2.150400E+004 1.570926E+074 2.150400E+004, Mon Oct 12 20:59:13 2015
1.75, 1.80, 0.60, 1.80 , -1.011652E-007, 1.013710E-007, -3.318314E-011, -8.511540E-014, 2.150400E+004 1.570926E+074 2.150400E+004, Mon Oct 12 20:59:17 2015
1.75, 1.80, 0.58, 1.80 , -1.026277E-007, 1.027310E-007, -3.599233E-011, -8.918050E-014, 2.150400E+004 1.570926E+074 2.150400E+004, Mon Oct 12 20:59:20 2015
1.75, 1.80, 0.56, 1.80 , -1.032899E-007, 1.034680E-007, -3.548919E-011, -8.424520E-014, 2.150400E+004 1.570926E+074 2.150400E+004, Mon Oct 12 20:59:24 2015
1.75, 1.80, 0.54, 1.80 , -1.038307E-007, 1.039870E-007, -3.418942E-011, -6.977320E-014, 2.150400E+004 1.570926E+074 2.150400E+004, Mon Oct 12 20:59:28 2015
1.75, 1.80, 0.52, 1.80 , -1.042487E-007, 1.043480E-007, -3.586655E-011, -7.572170E-014, 2.150400E+004 1.570926E+074 2.150400E+004, Mon Oct 12 20:59:31 2015
1.75, 1.80, 0.50, 1.80 , -1.047437E-007, 1.049060E-007, -3.607619E-011, -8.746390E-014, 2.150400E+004 1.570926E+074 2.150400E+004, Mon Oct 12 20:59:35 2015
1.75, 1.80, 0.48, 1.80 , -1.059539E-007, 1.060860E-007, -3.393785E-011, -7.114410E-014, 2.150400E+004 1.570926E+074 2.150400E+004, Mon Oct 12 20:59:38 2015
1.75, 1.80, 0.46, 1.80 , -1.069125E-007, 1.070380E-007, -3.565690E-011, -8.143190E-014, 2.150400E+004 1.570926E+074 2.150400E+004, Mon Oct 12 20:59:42 2015
1.75, 1.80, 0.44, 1.80 , -1.082276E-007, 1.083750E-007, -3.502798E-011, -7.541180E-014, 2.150400E+004 1.570926E+074 2.150400E+004, Mon Oct 12 20:59:45 2015
1.75, 1.80, 0.42, 1.80 , -1.097136E-007, 1.098970E-007, -3.628584E-011, -9.043220E-014, 2.150400E+004 1.570926E+074 2.150400E+004, Mon Oct 12 20:59:49 2015
1.75, 1.80, 0.40, 1.80 , -1.109790E-007, 1.111300E-007, -3.725018E-011, -7.349250E-014, 2.150400E+004 1.570926E+074 2.150400E+004, Mon Oct 12 20:59:52 2015
1.75, 1.80, 0.38, 1.80 , -1.127269E-007, 1.128640E-007, -3.636969E-011, -5.749460E-014, 2.150400E+004 1.570926E+074 2.150400E+004, Mon Oct 12 20:59:56 2015
1.75, 1.80, 0.36, 1.80 , -1.149775E-007, 1.151210E-007, -3.582462E-011, -9.543900E-014, 2.150400E+004 1.570926E+074 2.150400E+004, Mon Oct 12 20:59:59 2015
1.75, 1.80, 0.34, 1.80 , -1.172272E-007, 1.174240E-007, -3.678896E-011, -1.005530E-013, 2.150400E+004 1.570926E+074 2.150400E+004, Mon Oct 12 21:00:03 2015
1.75, 1.80, 0.32, 1.80 , -1.188737E-007, 1.190400E-007, -3.901115E-011, -1.043440E-013, 2.150400E+004 1.570926E+074 2.150400E+004, Mon Oct 12 21:00:07 2015
1.75, 1.80, 0.30, 1.80 , -1.198325E-007, 1.199870E-007, -3.922081E-011, -7.916690E-014, 2.150400E+004 1.570926E+074 2.150400E+004, Mon Oct 12 21:00:10 2015
1.75, 1.80, 0.28, 1.80 , -1.208493E-007, 1.209550E-007, -3.854995E-011, -7.778410E-014, 2.150400E+004 1.570926E+074 2.150400E+004, Mon Oct 12 21:00:14 2015
1.75, 1.80, 0.26, 1.80 , -1.222135E-007, 1.223440E-007, -3.779525E-011, -9.114740E-014, 2.150400E+004 1.570926E+074 2.150400E+004, Mon Oct 12 21:00:17 2015
1.75, 1.80, 0.24, 1.80 , -1.239047E-007, 1.240430E-007, -3.842418E-011, -7.238390E-014, 2.150400E+004 1.570926E+074 2.150400E+004, Mon Oct 12 21:00:21 2015
1.75, 1.80, 0.22, 1.80 , -1.254132E-007, 1.255630E-007, -4.085602E-011, -8.927580E-014, 2.150400E+004 1.570926E+074 2.150400E+004, Mon Oct 12 21:00:24 2015
1.75, 1.80, 0.20, 1.80 , -1.271146E-007, 1.273020E-007, -3.666319E-011, -7.959600E-014, 2.150400E+004 1.570926E+074 2.150400E+004, Mon Oct 12 21:00:28 2015
1.75, 1.80, 0.18, 1.80 , -1.287475E-007, 1.289980E-007, -4.026903E-011, -7.517340E-014, 2.150400E+004 1.570926E+074 2.150400E+004, Mon Oct 12 21:00:31 2015
1.75, 1.80, 0.16, 1.80 , -1.304539E-007, 1.306590E-007, -3.683090E-011, -7.953640E-014, 2.150400E+004 1.570926E+074 2.150400E+004, Mon Oct 12 21:00:35 2015
1.75, 1.80, 0.14, 1.80 , -1.323802E-007, 1.326030E-007, -4.043673E-011, -8.546110E-014, 2.150400E+004 1.570926E+074 2.150400E+004, Mon Oct 12 21:00:39 2015
1.75, 1.80, 0.12, 1.80 , -1.343604E-007, 1.344250E-007, -4.056251E-011, -8.441210E-014, 2.150400E+004 1.570926E+074 2.150400E+004, Mon Oct 12 21:00:42 2015
1.75, 1.80, 0.10, 1.80 , -1.361660E-007, 1.364100E-007, -3.708246E-011, -7.945300E-014, 2.150400E+004 1.570926E+074 2.150400E+004, Mon Oct 12 21:00:46 2015
1.75, 1.80, 0.08, 1.80 , -1.378098E-007, 1.379410E-007, -4.182036E-011, -7.824900E-014, 2.150400E+004 1.570926E+074 2.150400E+004, Mon Oct 12 21:00:49 2015
1.75, 1.80, 0.06, 1.80 , -1.389840E-007, 1.390920E-007, -3.976588E-011, -8.268360E-014, 2.150400E+004 1.570926E+074 2.150400E+004, Mon Oct 12 21:00:53 2015
1.75, 1.80, 0.04, 1.80 , -1.399186E-007, 1.400920E-007, -4.119143E-011, -9.720330E-014, 2.150400E+004 1.570926E+074 2.150400E+004, Mon Oct 12 21:00:56 2015
1.75, 1.80, 0.02, 1.80 , -1.406901E-007, 1.408800E-007, -3.762753E-011, -8.442400E-014, 2.150400E+004 1.570926E+074 2.150400E+004, Mon Oct 12 21:01:00 2015
1.75, 1.80, 0.00, 1.80 , -1.414811E-007, 1.416840E-007, -3.792103E-011, -9.382960E-014, 2.150400E+004 1.570926E+074 2.150400E+004, Mon Oct 12 21:01:03 2015
1.75, 1.80, -0.02, 1.80 , -1.422836E-007, 1.424780E-007, -3.947239E-011, -1.031880E-013, 2.150400E+004 1.570926E+074 2.150400E+004, Mon Oct 12 21:01:07 2015
1.75, 1.80, -0.04, 1.80 , -1.437161E-007, 1.438600E-007, -3.884345E-011, -9.547470E-014, 2.150400E+004 1.570926E+074 2.150400E+004, Mon Oct 12 21:01:10 2015
1.75, 1.80, -0.06, 1.80 , -1.457388E-007, 1.458340E-007, -4.014323E-011, -1.000170E-013, 2.150400E+004 1.570926E+074 2.150400E+004, Mon Oct 12 21:01:14 2015
1.75, 1.80, -0.08, 1.80 , -1.477751E-007, 1.479650E-007, -3.943045E-011, -7.967950E-014, 2.150400E+004 1.570926E+074 2.150400E+004, Mon Oct 12 21:01:18 2015
1.75, 1.80, -0.10, 1.80 , -1.496263E-007, 1.498870E-007, -4.064637E-011, -8.567570E-014, 2.150400E+004 1.570926E+074 2.150400E+004, Mon Oct 12 21:01:21 2015
1.75, 1.80, -0.12, 1.80 , -1.517006E-007, 1.519190E-007, -4.215580E-011, -1.011370E-013, 2.150400E+004 1.570926E+074 2.150400E+004, Mon Oct 12 21:01:25 2015
1.75, 1.80, -0.14, 1.80 , -1.537029E-007, 1.538190E-007, -4.056253E-011, -8.631940E-014, 2.150400E+004 1.570926E+074 2.150400E+004, Mon Oct 12 21:01:28 2015
1.75, 1.80, -0.16, 1.80 , -1.553232E-007, 1.555890E-007, -4.152687E-011, -8.172990E-014, 2.150400E+004 1.570926E+074 2.150400E+004, Mon Oct 12 21:01:32 2015
1.75, 1.80, -0.18, 1.80 , -1.564879E-007, 1.567600E-007, -4.014323E-011, -1.010890E-013, 2.150400E+004 1.570926E+074 2.150400E+004, Mon Oct 12 21:01:35 2015
1.75, 1.80, -0.20, 1.80 , -1.570464E-007, 1.572440E-007, -4.303628E-011, -6.737710E-014, 2.150400E+004 1.570926E+074 2.150400E+004, Mon Oct 12 21:01:39 2015
