1.80, 1.80, 0.20, 1.80 , 4.353815E-011, -5.067430E-011, -3.842416E-011, -8.931160E-014, 2.150400E+004 1.570926E+074 2.150400E+004, Mon Oct 12 22:04:56 2015
1.75, 1.80, 0.20, 1.80 , -1.315357E-007, 1.318860E-007, -3.779525E-011, -9.756090E-014, 2.150400E+004 1.570926E+074 2.150400E+004, Mon Oct 12 22:05:02 2015
1.70, 1.80, 0.20, 1.80 , -5.341347E-007, 5.340420E-007, -3.469255E-011, -8.606910E-014, 2.150400E+004 1.570926E+074 2.150400E+004, Mon Oct 12 22:05:06 2015
1.65, 1.80, 0.20, 1.80 , -1.172695E-006, 1.172880E-006, -3.641162E-011, -1.023770E-013, 2.150400E+004 1.570926E+074 2.150400E+004, Mon Oct 12 22:05:10 2015
1.60, 1.80, 0.20, 1.80 , -2.078228E-006, 2.078340E-006, -3.670512E-011, -7.761720E-014, 2.150400E+004 1.570926E+074 2.150400E+004, Mon Oct 12 22:05:13 2015
1.55, 1.80, 0.20, 1.80 , -3.220828E-006, 3.220950E-006, -4.341365E-011, -7.160900E-014, 2.150400E+004 1.570926E+074 2.150400E+004, Mon Oct 12 22:05:17 2015
1.50, 1.80, 0.20, 1.80 , -4.494947E-006, 4.495280E-006, -3.712440E-011, -9.511710E-014, 2.150400E+004 1.570926E+074 2.150400E+004, Mon Oct 12 22:05:20 2015
1.45, 1.80, 0.20, 1.80 , -5.805935E-006, 5.805940E-006, -3.817259E-011, -6.952290E-014, 2.150400E+004 1.570926E+074 2.150400E+004, Mon Oct 12 22:05:24 2015
1.40, 1.80, 0.20, 1.80 , -7.098717E-006, 7.098690E-006, -3.762753E-011, -8.615260E-014, 2.150400E+004 1.570926E+074 2.150400E+004, Mon Oct 12 22:05:27 2015
1.35, 1.80, 0.20, 1.80 , -8.341081E-006, 8.341370E-006, -3.825645E-011, -8.766650E-014, 2.150400E+004 1.570926E+074 2.150400E+004, Mon Oct 12 22:05:31 2015
1.30, 1.80, 0.20, 1.80 , -9.517287E-006, 9.517250E-006, -3.595041E-011, -1.018880E-013, 2.150400E+004 1.570926E+074 2.150400E+004, Mon Oct 12 22:05:35 2015
1.25, 1.80, 0.20, 1.80 , -1.061648E-005, 1.060790E-005, -4.031094E-011, -1.008150E-013, 2.150400E+004 1.570926E+074 2.150400E+004, Mon Oct 12 22:05:38 2015
1.20, 1.80, 0.20, 1.80 , -1.163040E-005, 1.162020E-005, -3.871767E-011, -8.641480E-014, 2.150400E+004 1.570926E+074 2.150400E+004, Mon Oct 12 22:05:42 2015
1.15, 1.80, 0.20, 1.80 , -1.254950E-005, 1.254010E-005, -3.926274E-011, -8.766650E-014, 2.150400E+004 1.570926E+074 2.150400E+004, Mon Oct 12 22:05:45 2015
1.10, 1.80, 0.20, 1.80 , -1.338688E-005, 1.337690E-005, -3.796296E-011, -7.394550E-014, 2.150400E+004 1.570926E+074 2.150400E+004, Mon Oct 12 22:05:49 2015
1.05, 1.80, 0.20, 1.80 , -1.412992E-005, 1.412120E-005, -3.758561E-011, -9.170770E-014, 2.150400E+004 1.570926E+074 2.150400E+004, Mon Oct 12 22:05:52 2015
1.00, 1.80, 0.20, 1.80 , -1.478654E-005, 1.477560E-005, -3.691475E-011, -1.012090E-013, 2.150400E+004 1.570926E+074 2.150400E+004, Mon Oct 12 22:05:56 2015
0.95, 1.80, 0.20, 1.80 , -1.535258E-005, 1.534300E-005, -3.804682E-011, -9.348390E-014, 2.150400E+004 1.570926E+074 2.150400E+004, Mon Oct 12 22:05:59 2015
0.90, 1.80, 0.20, 1.80 , -1.582859E-005, 1.581900E-005, -3.951431E-011, -9.543900E-014, 2.150400E+004 1.570926E+074 2.150400E+004, Mon Oct 12 22:06:03 2015
0.85, 1.80, 0.20, 1.80 , -1.620911E-005, 1.620110E-005, -3.595041E-011, -1.052620E-013, 2.150400E+004 1.570926E+074 2.150400E+004, Mon Oct 12 22:06:07 2015
0.80, 1.80, 0.20, 1.80 , -1.649887E-005, 1.648880E-005, -4.018515E-011, -9.051560E-014, 2.150400E+004 1.570926E+074 2.150400E+004, Mon Oct 12 22:06:10 2015
0.75, 1.80, 0.20, 1.80 , -1.670564E-005, 1.669540E-005, -3.838224E-011, -8.494850E-014, 2.150400E+004 1.570926E+074 2.150400E+004, Mon Oct 12 22:06:14 2015
0.70, 1.80, 0.20, 1.80 , -1.684314E-005, 1.683400E-005, -3.955623E-011, -1.011490E-013, 2.150400E+004 1.570926E+074 2.150400E+004, Mon Oct 12 22:06:17 2015
0.65, 1.80, 0.20, 1.80 , -1.693024E-005, 1.692020E-005, -3.829839E-011, -9.962320E-014, 2.150400E+004 1.570926E+074 2.150400E+004, Mon Oct 12 22:06:21 2015
0.60, 1.80, 0.20, 1.80 , -1.698509E-005, 1.697680E-005, -3.758562E-011, -7.444620E-014, 2.150400E+004 1.570926E+074 2.150400E+004, Mon Oct 12 22:06:24 2015
0.55, 1.80, 0.20, 1.80 , -1.701856E-005, 1.700960E-005, -3.628584E-011, -8.268360E-014, 2.150400E+004 1.570926E+074 2.150400E+004, Mon Oct 12 22:06:28 2015
0.50, 1.80, 0.20, 1.80 , -1.704244E-005, 1.703410E-005, -3.972395E-011, -1.076340E-013, 2.150400E+004 1.570926E+074 2.150400E+004, Mon Oct 12 22:06:31 2015
0.45, 1.80, 0.20, 1.80 , -1.705985E-005, 1.705160E-005, -3.926274E-011, -9.326940E-014, 2.150400E+004 1.570926E+074 2.150400E+004, Mon Oct 12 22:06:35 2015
0.40, 1.80, 0.20, 1.80 , -1.707464E-005, 1.706550E-005, -3.854996E-011, -8.934740E-014, 2.150400E+004 1.570926E+074 2.150400E+004, Mon Oct 12 22:06:38 2015
0.35, 1.80, 0.20, 1.80 , -1.708880E-005, 1.708010E-005, -3.871768E-011, -7.008310E-014, 2.150400E+004 1.570926E+074 2.150400E+004, Mon Oct 12 22:06:42 2015
0.30, 1.80, 0.20, 1.80 , -1.710378E-005, 1.709370E-005, -3.674704E-011, -9.254220E-014, 2.150400E+004 1.570926E+074 2.150400E+004, Mon Oct 12 22:06:46 2015
0.25, 1.80, 0.20, 1.80 , -1.712152E-005, 1.711190E-005, -3.943046E-011, -1.125340E-013, 2.150400E+004 1.570926E+074 2.150400E+004, Mon Oct 12 22:06:49 2015
0.20, 1.80, 0.20, 1.80 , -1.713500E-005, 1.712740E-005, -3.938852E-011, -7.439850E-014, 2.150400E+004 1.570926E+074 2.150400E+004, Mon Oct 12 22:06:53 2015
0.15, 1.80, 0.20, 1.80 , -1.715243E-005, 1.714420E-005, -3.901118E-011, -8.221860E-014, 2.150400E+004 1.570926E+074 2.150400E+004, Mon Oct 12 22:06:56 2015
0.10, 1.80, 0.20, 1.80 , -1.716914E-005, 1.716020E-005, -3.901118E-011, -1.063110E-013, 2.150400E+004 1.570926E+074 2.150400E+004, Mon Oct 12 22:07:00 2015
0.05, 1.80, 0.20, 1.80 , -1.718728E-005, 1.717860E-005, -3.599233E-011, -9.748940E-014, 2.150400E+004 1.570926E+074 2.150400E+004, Mon Oct 12 22:07:03 2015
0.00, 1.80, 0.20, 1.80 , -1.720491E-005, 1.719620E-005, -3.980780E-011, -9.310250E-014, 2.150400E+004 1.570926E+074 2.150400E+004, Mon Oct 12 22:07:07 2015
-0.05, 1.80, 0.20, 1.80 , -1.722836E-005, 1.721920E-005, -3.997551E-011, -7.559060E-014, 2.150400E+004 1.570926E+074 2.150400E+004, Mon Oct 12 22:07:10 2015
-0.10, 1.80, 0.20, 1.80 , -1.726740E-005, 1.725940E-005, -4.026901E-011, -1.144890E-013, 2.150400E+004 1.570926E+074 2.150400E+004, Mon Oct 12 22:07:14 2015
-0.15, 1.80, 0.20, 1.80 , -1.737219E-005, 1.736610E-005, -3.787910E-011, -8.879900E-014, 2.150400E+004 1.570926E+074 2.150400E+004, Mon Oct 12 22:07:17 2015
-0.20, 1.80, 0.20, 1.80 , -1.747912E-005, 1.747260E-005, -3.733404E-011, -9.233950E-014, 2.150400E+004 1.570926E+074 2.150400E+004, Mon Oct 12 22:07:21 2015
