1.80, 1.80, 0.60, 1.80 , 2.209160E-009, -2.183240E-009, -4.014377E-011, -9.604690E-014, 2.150400E+004 1.570926E+074 2.150400E+004, Wed Oct 07 21:47:50 2015
1.75, 1.80, 0.60, 1.80 , -4.510822E-007, 4.512250E-007, -3.746028E-011, -1.159070E-013, 2.150400E+004 1.570926E+074 2.150400E+004, Wed Oct 07 21:47:53 2015
1.70, 1.80, 0.60, 1.80 , -8.740878E-007, 8.739290E-007, -3.473485E-011, -1.017930E-013, 2.150400E+004 1.570926E+074 2.150400E+004, Wed Oct 07 21:47:57 2015
1.65, 1.80, 0.60, 1.80 , -1.265501E-006, 1.265280E-006, -3.536381E-011, -8.052590E-014, 2.150400E+004 1.570926E+074 2.150400E+004, Wed Oct 07 21:48:01 2015
1.60, 1.80, 0.60, 1.80 , -1.625510E-006, 1.625220E-006, -3.121277E-011, -1.255870E-013, 2.150400E+004 1.570926E+074 2.150400E+004, Wed Oct 07 21:48:04 2015
1.55, 1.80, 0.60, 1.80 , -1.954050E-006, 1.953750E-006, -3.523802E-011, -1.117230E-013, 2.150400E+004 1.570926E+074 2.150400E+004, Wed Oct 07 21:48:08 2015
1.50, 1.80, 0.60, 1.80 , -2.251094E-006, 2.250650E-006, -2.580385E-011, -8.019210E-014, 2.150400E+004 1.570926E+074 2.150400E+004, Wed Oct 07 21:48:11 2015
1.45, 1.80, 0.60, 1.80 , -2.515454E-006, 2.514340E-006, -3.427363E-011, -9.593960E-014, 2.150400E+004 1.570926E+074 2.150400E+004, Wed Oct 07 21:48:15 2015
1.40, 1.80, 0.60, 1.80 , -2.745685E-006, 2.745220E-006, -3.653781E-011, -1.135110E-013, 2.150400E+004 1.570926E+074 2.150400E+004, Wed Oct 07 21:48:18 2015
1.35, 1.80, 0.60, 1.80 , -2.942302E-006, 2.941810E-006, -3.494450E-011, -8.916850E-014, 2.150400E+004 1.570926E+074 2.150400E+004, Wed Oct 07 21:48:22 2015
1.30, 1.80, 0.60, 1.80 , -3.105952E-006, 3.105920E-006, -3.217715E-011, -1.035330E-013, 2.150400E+004 1.570926E+074 2.150400E+004, Wed Oct 07 21:48:26 2015
1.25, 1.80, 0.60, 1.80 , -3.237406E-006, 3.236660E-006, -2.785840E-011, -9.765630E-014, 2.150400E+004 1.570926E+074 2.150400E+004, Wed Oct 07 21:48:29 2015
1.20, 1.80, 0.60, 1.80 , -3.337561E-006, 3.337080E-006, -3.473486E-011, -8.376840E-014, 2.150400E+004 1.570926E+074 2.150400E+004, Wed Oct 07 21:48:33 2015
1.15, 1.80, 0.60, 1.80 , -3.407783E-006, 3.407650E-006, -3.448327E-011, -9.371040E-014, 2.150400E+004 1.570926E+074 2.150400E+004, Wed Oct 07 21:48:36 2015
1.10, 1.80, 0.60, 1.80 , -3.454407E-006, 3.454150E-006, -3.234486E-011, -1.112580E-013, 2.150400E+004 1.570926E+074 2.150400E+004, Wed Oct 07 21:48:40 2015
1.05, 1.80, 0.60, 1.80 , -3.481072E-006, 3.480300E-006, -3.192558E-011, -1.114730E-013, 2.150400E+004 1.570926E+074 2.150400E+004, Wed Oct 07 21:48:43 2015
1.00, 1.80, 0.60, 1.80 , -3.497034E-006, 3.496760E-006, -2.911629E-011, -9.304280E-014, 2.150400E+004 1.570926E+074 2.150400E+004, Wed Oct 07 21:48:47 2015
0.95, 1.80, 0.60, 1.80 , -3.504131E-006, 3.503860E-006, -3.595080E-011, -8.403060E-014, 2.150400E+004 1.570926E+074 2.150400E+004, Wed Oct 07 21:48:50 2015
0.90, 1.80, 0.60, 1.80 , -3.510619E-006, 3.509760E-006, -3.280610E-011, -1.062510E-013, 2.150400E+004 1.570926E+074 2.150400E+004, Wed Oct 07 21:48:54 2015
0.85, 1.80, 0.60, 1.80 , -3.514426E-006, 3.514000E-006, -3.423170E-011, -9.689330E-014, 2.150400E+004 1.570926E+074 2.150400E+004, Wed Oct 07 21:48:57 2015
0.80, 1.80, 0.60, 1.80 , -3.517113E-006, 3.516730E-006, -3.184171E-011, -1.176950E-013, 2.150400E+004 1.570926E+074 2.150400E+004, Wed Oct 07 21:49:01 2015
0.75, 1.80, 0.60, 1.80 , -3.519831E-006, 3.519480E-006, -3.238680E-011, -9.918210E-014, 2.150400E+004 1.570926E+074 2.150400E+004, Wed Oct 07 21:49:05 2015
0.70, 1.80, 0.60, 1.80 , -3.522476E-006, 3.521830E-006, -3.444135E-011, -1.177550E-013, 2.150400E+004 1.570926E+074 2.150400E+004, Wed Oct 07 21:49:08 2015
0.65, 1.80, 0.60, 1.80 , -3.524372E-006, 3.523900E-006, -3.016453E-011, -1.071810E-013, 2.150400E+004 1.570926E+074 2.150400E+004, Wed Oct 07 21:49:12 2015
0.60, 1.80, 0.60, 1.80 , -3.526542E-006, 3.525840E-006, -3.297381E-011, -9.295940E-014, 2.150400E+004 1.570926E+074 2.150400E+004, Wed Oct 07 21:49:15 2015
0.55, 1.80, 0.60, 1.80 , -3.527681E-006, 3.527700E-006, -3.171592E-011, -1.121040E-013, 2.150400E+004 1.570926E+074 2.150400E+004, Wed Oct 07 21:49:19 2015
0.50, 1.80, 0.60, 1.80 , -3.529167E-006, 3.528770E-006, -3.662168E-011, -1.081940E-013, 2.150400E+004 1.570926E+074 2.150400E+004, Wed Oct 07 21:49:22 2015
0.45, 1.80, 0.60, 1.80 , -3.531032E-006, 3.531370E-006, -3.054190E-011, -1.003860E-013, 2.150400E+004 1.570926E+074 2.150400E+004, Wed Oct 07 21:49:26 2015
0.40, 1.80, 0.60, 1.80 , -3.532963E-006, 3.533000E-006, -3.205136E-011, -1.045820E-013, 2.150400E+004 1.570926E+074 2.150400E+004, Wed Oct 07 21:49:29 2015
0.35, 1.80, 0.60, 1.80 , -3.534478E-006, 3.533870E-006, -3.121277E-011, -1.093030E-013, 2.150400E+004 1.570926E+074 2.150400E+004, Wed Oct 07 21:49:33 2015
0.30, 1.80, 0.60, 1.80 , -3.536047E-006, 3.535910E-006, -3.016453E-011, -8.286240E-014, 2.150400E+004 1.570926E+074 2.150400E+004, Wed Oct 07 21:49:37 2015
0.25, 1.80, 0.60, 1.80 , -3.537663E-006, 3.537260E-006, -3.159013E-011, -1.058460E-013, 2.150400E+004 1.570926E+074 2.150400E+004, Wed Oct 07 21:49:40 2015
0.20, 1.80, 0.60, 1.80 , -3.539084E-006, 3.538560E-006, -3.041610E-011, -1.164440E-013, 2.150400E+004 1.570926E+074 2.150400E+004, Wed Oct 07 21:49:44 2015
0.15, 1.80, 0.60, 1.80 , -3.539477E-006, 3.538530E-006, -3.347696E-011, -1.135710E-013, 2.150400E+004 1.570926E+074 2.150400E+004, Wed Oct 07 21:49:47 2015
0.10, 1.80, 0.60, 1.80 , -3.541506E-006, 3.540900E-006, -2.949365E-011, -1.087070E-013, 2.150400E+004 1.570926E+074 2.150400E+004, Wed Oct 07 21:49:51 2015
0.05, 1.80, 0.60, 1.80 , -3.542179E-006, 3.542170E-006, -2.865506E-011, -1.055360E-013, 2.150400E+004 1.570926E+074 2.150400E+004, Wed Oct 07 21:49:54 2015
0.00, 1.80, 0.60, 1.80 , -3.543373E-006, 3.542960E-006, -3.083540E-011, -9.605880E-014, 2.150400E+004 1.570926E+074 2.150400E+004, Wed Oct 07 21:49:58 2015
-0.05, 1.80, 0.60, 1.80 , -3.544860E-006, 3.543970E-006, -2.995488E-011, -9.975430E-014, 2.150400E+004 1.570926E+074 2.150400E+004, Wed Oct 07 21:50:01 2015
-0.10, 1.80, 0.60, 1.80 , -3.546144E-006, 3.545820E-006, -2.999680E-011, -1.071210E-013, 2.150400E+004 1.570926E+074 2.150400E+004, Wed Oct 07 21:50:05 2015
-0.15, 1.80, 0.60, 1.80 , -3.547319E-006, 3.546560E-006, -3.171592E-011, -1.229880E-013, 2.150400E+004 1.570926E+074 2.150400E+004, Wed Oct 07 21:50:08 2015
-0.20, 1.80, 0.60, 1.80 , -3.548251E-006, 3.547980E-006, -2.982909E-011, -1.013990E-013, 2.150400E+004 1.570926E+074 2.150400E+004, Wed Oct 07 21:50:12 2015
