0.00, 1.80, 1.80, 1.80 , -6.238043E-011, 2.803160E-012, 2.383607E-011, -8.802410E-014, 2.150400E+004 1.570926E+074 2.150400E+004, Wed Oct 07 21:12:07 2015
0.00, 1.80, 1.78, 1.80 , -5.609260E-011, 3.667650E-012, 8.617138E-012, -1.176240E-013, 2.150400E+004 1.570926E+074 2.150400E+004, Wed Oct 07 21:12:12 2015
0.00, 1.80, 1.76, 1.80 , -5.216794E-011, 4.021910E-012, 4.047275E-012, -1.090760E-013, 2.150400E+004 1.570926E+074 2.150400E+004, Wed Oct 07 21:12:17 2015
0.00, 1.80, 1.74, 1.80 , -5.102857E-011, 4.090190E-012, 2.537982E-012, -1.148940E-013, 2.150400E+004 1.570926E+074 2.150400E+004, Wed Oct 07 21:12:26 2015
0.00, 1.80, 1.72, 1.80 , -4.976255E-011, 4.286590E-012, -2.828477E-012, -8.134840E-014, 2.150400E+004 1.570926E+074 2.150400E+004, Wed Oct 07 21:12:33 2015
0.00, 1.80, 1.70, 1.80 , -4.799018E-011, 4.512300E-012, -3.247732E-012, -1.034140E-013, 2.150400E+004 1.570926E+074 2.150400E+004, Wed Oct 07 21:12:40 2015
0.00, 1.80, 1.68, 1.80 , -4.613336E-011, 4.769070E-012, -6.685612E-012, -8.773800E-014, 2.150400E+004 1.570926E+074 2.150400E+004, Wed Oct 07 21:12:46 2015
0.00, 1.80, 1.66, 1.80 , -4.360132E-011, 4.965930E-012, -5.637461E-012, -1.024370E-013, 2.150400E+004 1.570926E+074 2.150400E+004, Wed Oct 07 21:12:56 2015
0.00, 1.80, 1.64, 1.80 , -4.533155E-011, 5.629520E-012, -7.901442E-012, -8.260010E-014, 2.150400E+004 1.570926E+074 2.150400E+004, Wed Oct 07 21:13:00 2015
0.00, 1.80, 1.62, 1.80 , -4.596456E-011, 6.524430E-012, -1.096200E-011, -1.044270E-013, 2.150400E+004 1.570926E+074 2.150400E+004, Wed Oct 07 21:13:07 2015
0.00, 1.80, 1.60, 1.80 , -4.668197E-011, 8.250450E-012, -1.163280E-011, -1.046780E-013, 2.150400E+004 1.570926E+074 2.150400E+004, Wed Oct 07 21:13:15 2015
0.00, 1.80, 1.58, 1.80 , -4.984694E-011, 1.187690E-011, -1.100392E-011, -1.016380E-013, 2.150400E+004 1.570926E+074 2.150400E+004, Wed Oct 07 21:13:22 2015
0.00, 1.80, 1.56, 1.80 , -5.575500E-011, 1.936900E-011, -1.389677E-011, -9.821650E-014, 2.150400E+004 1.570926E+074 2.150400E+004, Wed Oct 07 21:13:29 2015
0.00, 1.80, 1.54, 1.80 , -7.010306E-011, 3.495290E-011, -1.439988E-011, -1.111270E-013, 2.150400E+004 1.570926E+074 2.150400E+004, Wed Oct 07 21:13:34 2015
0.00, 1.80, 1.52, 1.80 , -1.019220E-010, 6.718730E-011, -1.645422E-011, -1.143930E-013, 2.150400E+004 1.570926E+074 2.150400E+004, Wed Oct 07 21:13:39 2015
0.00, 1.80, 1.50, 1.80 , -1.684717E-010, 1.334010E-010, -1.628652E-011, -1.118660E-013, 2.150400E+004 1.570926E+074 2.150400E+004, Wed Oct 07 21:13:46 2015
0.00, 1.80, 1.48, 1.80 , -3.023309E-010, 2.688790E-010, -1.536416E-011, -1.223800E-013, 2.150400E+004 1.570926E+074 2.150400E+004, Wed Oct 07 21:13:52 2015
0.00, 1.80, 1.46, 1.80 , -5.749441E-010, 5.411790E-010, -1.720887E-011, -9.970670E-014, 2.150400E+004 1.570926E+074 2.150400E+004, Wed Oct 07 21:13:56 2015
0.00, 1.80, 1.44, 1.80 , -1.104979E-009, 1.073480E-009, -1.733465E-011, -9.965900E-014, 2.150400E+004 1.570926E+074 2.150400E+004, Wed Oct 07 21:14:01 2015
0.00, 1.80, 1.42, 1.80 , -2.106263E-009, 2.070980E-009, -2.140141E-011, -1.071690E-013, 2.150400E+004 1.570926E+074 2.150400E+004, Wed Oct 07 21:14:04 2015
0.00, 1.80, 1.40, 1.80 , -3.882512E-009, 3.846930E-009, -2.161104E-011, -1.051550E-013, 2.150400E+004 1.570926E+074 2.150400E+004, Wed Oct 07 21:14:08 2015
0.00, 1.80, 1.38, 1.80 , -6.860199E-009, 6.823770E-009, -2.173682E-011, -1.230480E-013, 2.150400E+004 1.570926E+074 2.150400E+004, Wed Oct 07 21:14:12 2015
0.00, 1.80, 1.36, 1.80 , -1.154366E-008, 1.151420E-008, -2.286880E-011, -1.007080E-013, 2.150400E+004 1.570926E+074 2.150400E+004, Wed Oct 07 21:14:15 2015
0.00, 1.80, 1.34, 1.80 , -1.847606E-008, 1.843960E-008, -2.282688E-011, -1.152990E-013, 2.150400E+004 1.570926E+074 2.150400E+004, Wed Oct 07 21:14:19 2015
0.00, 1.80, 1.32, 1.80 , -2.822205E-008, 2.819580E-008, -2.320422E-011, -1.166110E-013, 2.150400E+004 1.570926E+074 2.150400E+004, Wed Oct 07 21:14:22 2015
0.00, 1.80, 1.30, 1.80 , -4.128735E-008, 4.126870E-008, -2.454596E-011, -1.138690E-013, 2.150400E+004 1.570926E+074 2.150400E+004, Wed Oct 07 21:14:26 2015
0.00, 1.80, 1.28, 1.80 , -5.805790E-008, 5.802480E-008, -2.651665E-011, -1.053450E-013, 2.150400E+004 1.570926E+074 2.150400E+004, Wed Oct 07 21:14:30 2015
0.00, 1.80, 1.26, 1.80 , -7.894188E-008, 7.888310E-008, -2.576192E-011, -7.467270E-014, 2.150400E+004 1.570926E+074 2.150400E+004, Wed Oct 07 21:14:33 2015
0.00, 1.80, 1.24, 1.80 , -1.041803E-007, 1.041480E-007, -2.924207E-011, -1.051780E-013, 2.150400E+004 1.570926E+074 2.150400E+004, Wed Oct 07 21:14:37 2015
0.00, 1.80, 1.22, 1.80 , -1.340513E-007, 1.339570E-007, -2.748103E-011, -1.255870E-013, 2.150400E+004 1.570926E+074 2.150400E+004, Wed Oct 07 21:14:40 2015
0.00, 1.80, 1.20, 1.80 , -1.686407E-007, 1.685830E-007, -2.538455E-011, -1.156930E-013, 2.150400E+004 1.570926E+074 2.150400E+004, Wed Oct 07 21:14:44 2015
0.00, 1.80, 1.18, 1.80 , -2.081983E-007, 2.080940E-007, -2.764875E-011, -1.192210E-013, 2.150400E+004 1.570926E+074 2.150400E+004, Wed Oct 07 21:14:47 2015
0.00, 1.80, 1.16, 1.80 , -2.526398E-007, 2.525600E-007, -2.672630E-011, -1.133200E-013, 2.150400E+004 1.570926E+074 2.150400E+004, Wed Oct 07 21:14:51 2015
0.00, 1.80, 1.14, 1.80 , -3.022658E-007, 3.023040E-007, -2.639086E-011, -9.371040E-014, 2.150400E+004 1.570926E+074 2.150400E+004, Wed Oct 07 21:14:54 2015
0.00, 1.80, 1.12, 1.80 , -3.570742E-007, 3.570500E-007, -2.626508E-011, -1.028540E-013, 2.150400E+004 1.570926E+074 2.150400E+004, Wed Oct 07 21:14:58 2015
0.00, 1.80, 1.10, 1.80 , -4.170710E-007, 4.170160E-007, -2.819384E-011, -1.111750E-013, 2.150400E+004 1.570926E+074 2.150400E+004, Wed Oct 07 21:15:02 2015
0.00, 1.80, 1.08, 1.80 , -4.822318E-007, 4.821750E-007, -2.915821E-011, -1.160500E-013, 2.150400E+004 1.570926E+074 2.150400E+004, Wed Oct 07 21:15:05 2015
0.00, 1.80, 1.06, 1.80 , -5.525548E-007, 5.525760E-007, -2.982909E-011, -1.062870E-013, 2.150400E+004 1.570926E+074 2.150400E+004, Wed Oct 07 21:15:09 2015
0.00, 1.80, 1.04, 1.80 , -6.280263E-007, 6.280060E-007, -3.033224E-011, -1.236920E-013, 2.150400E+004 1.570926E+074 2.150400E+004, Wed Oct 07 21:15:12 2015
0.00, 1.80, 1.02, 1.80 , -7.089016E-007, 7.088800E-007, -2.936785E-011, -1.035930E-013, 2.150400E+004 1.570926E+074 2.150400E+004, Wed Oct 07 21:15:16 2015
0.00, 1.80, 1.00, 1.80 , -7.948499E-007, 7.949010E-007, -3.100311E-011, -1.140590E-013, 2.150400E+004 1.570926E+074 2.150400E+004, Wed Oct 07 21:15:19 2015
0.00, 1.80, 0.98, 1.80 , -8.861859E-007, 8.860210E-007, -2.848734E-011, -1.147990E-013, 2.150400E+004 1.570926E+074 2.150400E+004, Wed Oct 07 21:15:23 2015
0.00, 1.80, 0.96, 1.80 , -9.821988E-007, 9.820700E-007, -2.852927E-011, -1.123910E-013, 2.150400E+004 1.570926E+074 2.150400E+004, Wed Oct 07 21:15:26 2015
0.00, 1.80, 0.94, 1.80 , -1.083303E-006, 1.083230E-006, -2.890664E-011, -8.013250E-014, 2.150400E+004 1.570926E+074 2.150400E+004, Wed Oct 07 21:15:30 2015
0.00, 1.80, 0.92, 1.80 , -1.189663E-006, 1.189820E-006, -3.012259E-011, -1.012680E-013, 2.150400E+004 1.570926E+074 2.150400E+004, Wed Oct 07 21:15:34 2015
0.00, 1.80, 0.90, 1.80 , -1.300709E-006, 1.300720E-006, -3.125469E-011, -9.473560E-014, 2.150400E+004 1.570926E+074 2.150400E+004, Wed Oct 07 21:15:37 2015
0.00, 1.80, 0.88, 1.80 , -1.417262E-006, 1.416940E-006, -3.242872E-011, -9.481910E-014, 2.150400E+004 1.570926E+074 2.150400E+004, Wed Oct 07 21:15:41 2015
0.00, 1.80, 0.86, 1.80 , -1.538316E-006, 1.538160E-006, -3.058382E-011, -9.373430E-014, 2.150400E+004 1.570926E+074 2.150400E+004, Wed Oct 07 21:15:44 2015
0.00, 1.80, 0.84, 1.80 , -1.663985E-006, 1.663670E-006, -3.058382E-011, -1.185890E-013, 2.150400E+004 1.570926E+074 2.150400E+004, Wed Oct 07 21:15:48 2015
0.00, 1.80, 0.82, 1.80 , -1.795575E-006, 1.795190E-006, -3.175784E-011, -1.027350E-013, 2.150400E+004 1.570926E+074 2.150400E+004, Wed Oct 07 21:15:51 2015
0.00, 1.80, 0.80, 1.80 , -1.931047E-006, 1.930810E-006, -3.121276E-011, -1.256230E-013, 2.150400E+004 1.570926E+074 2.150400E+004, Wed Oct 07 21:15:55 2015
0.00, 1.80, 0.78, 1.80 , -2.071934E-006, 2.071700E-006, -3.209328E-011, -1.210930E-013, 2.150400E+004 1.570926E+074 2.150400E+004, Wed Oct 07 21:15:59 2015
0.00, 1.80, 0.76, 1.80 , -2.217279E-006, 2.216910E-006, -3.259643E-011, -9.807350E-014, 2.150400E+004 1.570926E+074 2.150400E+004, Wed Oct 07 21:16:02 2015
0.00, 1.80, 0.74, 1.80 , -2.367023E-006, 2.367880E-006, -3.146434E-011, -1.105550E-013, 2.150400E+004 1.570926E+074 2.150400E+004, Wed Oct 07 21:16:06 2015
0.00, 1.80, 0.72, 1.80 , -2.522374E-006, 2.521750E-006, -2.970330E-011, -1.102570E-013, 2.150400E+004 1.570926E+074 2.150400E+004, Wed Oct 07 21:16:09 2015
0.00, 1.80, 0.70, 1.80 , -2.681207E-006, 2.681200E-006, -3.003873E-011, -1.051550E-013, 2.150400E+004 1.570926E+074 2.150400E+004, Wed Oct 07 21:16:13 2015
0.00, 1.80, 0.68, 1.80 , -2.845340E-006, 2.844840E-006, -3.322538E-011, -1.099710E-013, 2.150400E+004 1.570926E+074 2.150400E+004, Wed Oct 07 21:16:16 2015
0.00, 1.80, 0.66, 1.80 , -3.013239E-006, 3.013370E-006, -3.314152E-011, -1.103400E-013, 2.150400E+004 1.570926E+074 2.150400E+004, Wed Oct 07 21:16:20 2015
0.00, 1.80, 0.64, 1.80 , -3.186310E-006, 3.185420E-006, -3.217714E-011, -9.607080E-014, 2.150400E+004 1.570926E+074 2.150400E+004, Wed Oct 07 21:16:23 2015
0.00, 1.80, 0.62, 1.80 , -3.362780E-006, 3.362290E-006, -3.062575E-011, -1.019000E-013, 2.150400E+004 1.570926E+074 2.150400E+004, Wed Oct 07 21:16:27 2015
0.00, 1.80, 0.60, 1.80 , -3.544592E-006, 3.544570E-006, -3.104505E-011, -9.694100E-014, 2.150400E+004 1.570926E+074 2.150400E+004, Wed Oct 07 21:16:30 2015
0.00, 1.80, 0.58, 1.80 , -3.730661E-006, 3.730150E-006, -3.527993E-011, -1.030560E-013, 2.150400E+004 1.570926E+074 2.150400E+004, Wed Oct 07 21:16:34 2015
0.00, 1.80, 0.56, 1.80 , -3.919461E-006, 3.919380E-006, -3.330924E-011, -1.214980E-013, 2.150400E+004 1.570926E+074 2.150400E+004, Wed Oct 07 21:16:38 2015
0.00, 1.80, 0.54, 1.80 , -4.113987E-006, 4.114110E-006, -3.259643E-011, -1.074430E-013, 2.150400E+004 1.570926E+074 2.150400E+004, Wed Oct 07 21:16:41 2015
0.00, 1.80, 0.52, 1.80 , -4.312912E-006, 4.311850E-006, -3.209328E-011, -1.120690E-013, 2.150400E+004 1.570926E+074 2.150400E+004, Wed Oct 07 21:16:45 2015
0.00, 1.80, 0.50, 1.80 , -4.515759E-006, 4.515700E-006, -3.167399E-011, -1.237630E-013, 2.150400E+004 1.570926E+074 2.150400E+004, Wed Oct 07 21:16:48 2015
0.00, 1.80, 0.48, 1.80 , -4.721926E-006, 4.721130E-006, -3.574116E-011, -1.326920E-013, 2.150400E+004 1.570926E+074 2.150400E+004, Wed Oct 07 21:16:52 2015
0.00, 1.80, 0.46, 1.80 , -4.933234E-006, 4.933490E-006, -3.335118E-011, -9.624960E-014, 2.150400E+004 1.570926E+074 2.150400E+004, Wed Oct 07 21:16:55 2015
0.00, 1.80, 0.44, 1.80 , -5.149490E-006, 5.147950E-006, -3.586694E-011, -9.799000E-014, 2.150400E+004 1.570926E+074 2.150400E+004, Wed Oct 07 21:16:59 2015
0.00, 1.80, 0.42, 1.80 , -5.367108E-006, 5.366840E-006, -3.347695E-011, -9.719130E-014, 2.150400E+004 1.570926E+074 2.150400E+004, Wed Oct 07 21:17:02 2015
0.00, 1.80, 0.40, 1.80 , -5.589880E-006, 5.588780E-006, -3.351889E-011, -1.028420E-013, 2.150400E+004 1.570926E+074 2.150400E+004, Wed Oct 07 21:17:06 2015
0.00, 1.80, 0.38, 1.80 , -5.816228E-006, 5.815100E-006, -3.557344E-011, -1.125340E-013, 2.150400E+004 1.570926E+074 2.150400E+004, Wed Oct 07 21:17:10 2015
0.00, 1.80, 0.36, 1.80 , -6.046036E-006, 6.045550E-006, -3.393818E-011, -8.791680E-014, 2.150400E+004 1.570926E+074 2.150400E+004, Wed Oct 07 21:17:13 2015
0.00, 1.80, 0.34, 1.80 , -6.280230E-006, 6.279910E-006, -3.431555E-011, -1.266000E-013, 2.150400E+004 1.570926E+074 2.150400E+004, Wed Oct 07 21:17:17 2015
0.00, 1.80, 0.32, 1.80 , -6.518992E-006, 6.517440E-006, -3.020646E-011, -9.508130E-014, 2.150400E+004 1.570926E+074 2.150400E+004, Wed Oct 07 21:17:20 2015
0.00, 1.80, 0.30, 1.80 , -6.760674E-006, 6.759390E-006, -3.523800E-011, -1.167300E-013, 2.150400E+004 1.570926E+074 2.150400E+004, Wed Oct 07 21:17:24 2015
0.00, 1.80, 0.28, 1.80 , -7.006026E-006, 7.004180E-006, -3.247065E-011, -1.097560E-013, 2.150400E+004 1.570926E+074 2.150400E+004, Wed Oct 07 21:17:27 2015
0.00, 1.80, 0.26, 1.80 , -7.256318E-006, 7.255660E-006, -3.607659E-011, -1.250860E-013, 2.150400E+004 1.570926E+074 2.150400E+004, Wed Oct 07 21:17:31 2015
0.00, 1.80, 0.24, 1.80 , -7.509936E-006, 7.507950E-006, -3.242873E-011, -9.045600E-014, 2.150400E+004 1.570926E+074 2.150400E+004, Wed Oct 07 21:17:34 2015
0.00, 1.80, 0.22, 1.80 , -7.767296E-006, 7.766300E-006, -3.603466E-011, -1.177190E-013, 2.150400E+004 1.570926E+074 2.150400E+004, Wed Oct 07 21:17:38 2015
0.00, 1.80, 0.20, 1.80 , -8.026313E-006, 8.025870E-006, -3.523800E-011, -1.008870E-013, 2.150400E+004 1.570926E+074 2.150400E+004, Wed Oct 07 21:17:41 2015
0.00, 1.80, 0.18, 1.80 , -8.291130E-006, 8.290670E-006, -3.456712E-011, -1.192570E-013, 2.150400E+004 1.570926E+074 2.150400E+004, Wed Oct 07 21:17:45 2015
0.00, 1.80, 0.16, 1.80 , -8.557561E-006, 8.557050E-006, -3.683132E-011, -1.094460E-013, 2.150400E+004 1.570926E+074 2.150400E+004, Wed Oct 07 21:17:49 2015
0.00, 1.80, 0.14, 1.80 , -8.828209E-006, 8.826780E-006, -3.548958E-011, -1.184940E-013, 2.150400E+004 1.570926E+074 2.150400E+004, Wed Oct 07 21:17:52 2015
0.00, 1.80, 0.12, 1.80 , -9.103777E-006, 9.103100E-006, -3.565730E-011, -1.106980E-013, 2.150400E+004 1.570926E+074 2.150400E+004, Wed Oct 07 21:17:56 2015
0.00, 1.80, 0.10, 1.80 , -9.381516E-006, 9.379720E-006, -3.548958E-011, -1.075980E-013, 2.150400E+004 1.570926E+074 2.150400E+004, Wed Oct 07 21:17:59 2015
0.00, 1.80, 0.08, 1.80 , -9.660560E-006, 9.660200E-006, -3.712483E-011, -1.286980E-013, 2.150400E+004 1.570926E+074 2.150400E+004, Wed Oct 07 21:18:03 2015
0.00, 1.80, 0.06, 1.80 , -9.945107E-006, 9.944790E-006, -3.351889E-011, -1.279470E-013, 2.150400E+004 1.570926E+074 2.150400E+004, Wed Oct 07 21:18:06 2015
0.00, 1.80, 0.04, 1.80 , -1.023186E-005, 1.022480E-005, -3.624431E-011, -1.027460E-013, 2.150400E+004 1.570926E+074 2.150400E+004, Wed Oct 07 21:18:10 2015
0.00, 1.80, 0.02, 1.80 , -1.052299E-005, 1.051530E-005, -3.766991E-011, -1.127360E-013, 2.150400E+004 1.570926E+074 2.150400E+004, Wed Oct 07 21:18:14 2015
0.00, 1.80, 0.00, 1.80 , -1.081630E-005, 1.080840E-005, -3.766991E-011, -1.038550E-013, 2.150400E+004 1.570926E+074 2.150400E+004, Wed Oct 07 21:18:17 2015
0.00, 1.80, -0.02, 1.80 , -1.111219E-005, 1.110210E-005, -3.657974E-011, -1.086950E-013, 2.150400E+004 1.570926E+074 2.150400E+004, Wed Oct 07 21:18:21 2015
0.00, 1.80, -0.04, 1.80 , -1.141036E-005, 1.140220E-005, -3.771183E-011, -1.037480E-013, 2.150400E+004 1.570926E+074 2.150400E+004, Wed Oct 07 21:18:24 2015
0.00, 1.80, -0.06, 1.80 , -1.171396E-005, 1.170650E-005, -3.465099E-011, -1.256590E-013, 2.150400E+004 1.570926E+074 2.150400E+004, Wed Oct 07 21:18:28 2015
0.00, 1.80, -0.08, 1.80 , -1.201853E-005, 1.201040E-005, -3.699904E-011, -9.697680E-014, 2.150400E+004 1.570926E+074 2.150400E+004, Wed Oct 07 21:18:31 2015
0.00, 1.80, -0.10, 1.80 , -1.232551E-005, 1.231740E-005, -3.750219E-011, -9.039640E-014, 2.150400E+004 1.570926E+074 2.150400E+004, Wed Oct 07 21:18:35 2015
0.00, 1.80, -0.12, 1.80 , -1.263603E-005, 1.263150E-005, -3.834078E-011, -1.183990E-013, 2.150400E+004 1.570926E+074 2.150400E+004, Wed Oct 07 21:18:38 2015
0.00, 1.80, -0.14, 1.80 , -1.295069E-005, 1.294270E-005, -3.808921E-011, -1.332640E-013, 2.150400E+004 1.570926E+074 2.150400E+004, Wed Oct 07 21:18:42 2015
0.00, 1.80, -0.16, 1.80 , -1.326752E-005, 1.326090E-005, -3.829886E-011, -9.452110E-014, 2.150400E+004 1.570926E+074 2.150400E+004, Wed Oct 07 21:18:46 2015
0.00, 1.80, -0.18, 1.80 , -1.358728E-005, 1.357930E-005, -3.817307E-011, -1.091960E-013, 2.150400E+004 1.570926E+074 2.150400E+004, Wed Oct 07 21:18:49 2015
0.00, 1.80, -0.20, 1.80 , -1.391008E-005, 1.390330E-005, -3.884395E-011, -1.042370E-013, 2.150400E+004 1.570926E+074 2.150400E+004, Wed Oct 07 21:18:53 2015
