1.80, 1.80, 1.00, 1.80 , 1.085757E-009, -1.083430E-009, -3.976640E-011, -1.161930E-013, 2.150400E+004 1.570926E+074 2.150400E+004, Wed Oct 07 21:45:23 2015
1.75, 1.80, 1.00, 1.80 , -2.061384E-007, 2.060240E-007, -3.599274E-011, -1.173140E-013, 2.150400E+004 1.570926E+074 2.150400E+004, Wed Oct 07 21:45:26 2015
1.70, 1.80, 1.00, 1.80 , -3.790825E-007, 3.790420E-007, -3.381240E-011, -9.856220E-014, 2.150400E+004 1.570926E+074 2.150400E+004, Wed Oct 07 21:45:30 2015
1.65, 1.80, 1.00, 1.80 , -5.174223E-007, 5.174380E-007, -3.322537E-011, -1.147390E-013, 2.150400E+004 1.570926E+074 2.150400E+004, Wed Oct 07 21:45:34 2015
1.60, 1.80, 1.00, 1.80 , -6.223363E-007, 6.223710E-007, -3.087733E-011, -1.139280E-013, 2.150400E+004 1.570926E+074 2.150400E+004, Wed Oct 07 21:45:37 2015
1.55, 1.80, 1.00, 1.80 , -6.963044E-007, 6.962250E-007, -3.263836E-011, -9.932520E-014, 2.150400E+004 1.570926E+074 2.150400E+004, Wed Oct 07 21:45:41 2015
1.50, 1.80, 1.00, 1.80 , -7.428890E-007, 7.427850E-007, -3.213522E-011, -9.394880E-014, 2.150400E+004 1.570926E+074 2.150400E+004, Wed Oct 07 21:45:44 2015
1.45, 1.80, 1.00, 1.80 , -7.672783E-007, 7.672310E-007, -3.167399E-011, -1.159910E-013, 2.150400E+004 1.570926E+074 2.150400E+004, Wed Oct 07 21:45:48 2015
1.40, 1.80, 1.00, 1.80 , -7.785134E-007, 7.783390E-007, -3.091926E-011, -9.946820E-014, 2.150400E+004 1.570926E+074 2.150400E+004, Wed Oct 07 21:45:51 2015
1.35, 1.80, 1.00, 1.80 , -7.827397E-007, 7.826970E-007, -3.335118E-011, -1.123910E-013, 2.150400E+004 1.570926E+074 2.150400E+004, Wed Oct 07 21:45:55 2015
1.30, 1.80, 1.00, 1.80 , -7.848216E-007, 7.849100E-007, -3.179978E-011, -1.043200E-013, 2.150400E+004 1.570926E+074 2.150400E+004, Wed Oct 07 21:45:58 2015
1.25, 1.80, 1.00, 1.80 , -7.856359E-007, 7.856550E-007, -3.125469E-011, -1.097200E-013, 2.150400E+004 1.570926E+074 2.150400E+004, Wed Oct 07 21:46:02 2015
1.20, 1.80, 1.00, 1.80 , -7.865503E-007, 7.865550E-007, -3.003874E-011, -1.082180E-013, 2.150400E+004 1.570926E+074 2.150400E+004, Wed Oct 07 21:46:05 2015
1.15, 1.80, 1.00, 1.80 , -7.869460E-007, 7.869580E-007, -3.100312E-011, -1.114130E-013, 2.150400E+004 1.570926E+074 2.150400E+004, Wed Oct 07 21:46:09 2015
1.10, 1.80, 1.00, 1.80 , -7.877408E-007, 7.877370E-007, -3.037418E-011, -9.131430E-014, 2.150400E+004 1.570926E+074 2.150400E+004, Wed Oct 07 21:46:13 2015
1.05, 1.80, 1.00, 1.80 , -7.880346E-007, 7.880830E-007, -3.280609E-011, -9.841920E-014, 2.150400E+004 1.570926E+074 2.150400E+004, Wed Oct 07 21:46:16 2015
1.00, 1.80, 1.00, 1.80 , -7.888614E-007, 7.887200E-007, -3.104505E-011, -1.134400E-013, 2.150400E+004 1.570926E+074 2.150400E+004, Wed Oct 07 21:46:20 2015
0.95, 1.80, 1.00, 1.80 , -7.891704E-007, 7.892030E-007, -2.844541E-011, -1.085040E-013, 2.150400E+004 1.570926E+074 2.150400E+004, Wed Oct 07 21:46:23 2015
0.90, 1.80, 1.00, 1.80 , -7.895254E-007, 7.895010E-007, -3.062575E-011, -1.127360E-013, 2.150400E+004 1.570926E+074 2.150400E+004, Wed Oct 07 21:46:27 2015
0.85, 1.80, 1.00, 1.80 , -7.896994E-007, 7.897810E-007, -3.104505E-011, -1.163360E-013, 2.150400E+004 1.570926E+074 2.150400E+004, Wed Oct 07 21:46:30 2015
0.80, 1.80, 1.00, 1.80 , -7.902248E-007, 7.903000E-007, -2.836156E-011, -1.084690E-013, 2.150400E+004 1.570926E+074 2.150400E+004, Wed Oct 07 21:46:34 2015
0.75, 1.80, 1.00, 1.80 , -7.905911E-007, 7.907020E-007, -3.054190E-011, -1.238350E-013, 2.150400E+004 1.570926E+074 2.150400E+004, Wed Oct 07 21:46:37 2015
0.70, 1.80, 1.00, 1.80 , -7.910288E-007, 7.909560E-007, -3.372855E-011, -1.250740E-013, 2.150400E+004 1.570926E+074 2.150400E+004, Wed Oct 07 21:46:41 2015
0.65, 1.80, 1.00, 1.80 , -7.911916E-007, 7.911140E-007, -2.987102E-011, -1.045230E-013, 2.150400E+004 1.570926E+074 2.150400E+004, Wed Oct 07 21:46:45 2015
0.60, 1.80, 1.00, 1.80 , -7.914275E-007, 7.914070E-007, -2.903243E-011, -1.087550E-013, 2.150400E+004 1.570926E+074 2.150400E+004, Wed Oct 07 21:46:48 2015
0.55, 1.80, 1.00, 1.80 , -7.916280E-007, 7.916390E-007, -2.752296E-011, -1.068590E-013, 2.150400E+004 1.570926E+074 2.150400E+004, Wed Oct 07 21:46:52 2015
0.50, 1.80, 1.00, 1.80 , -7.919247E-007, 7.917500E-007, -3.003874E-011, -1.146440E-013, 2.150400E+004 1.570926E+074 2.150400E+004, Wed Oct 07 21:46:55 2015
0.45, 1.80, 1.00, 1.80 , -7.921638E-007, 7.921190E-007, -3.121277E-011, -1.037840E-013, 2.150400E+004 1.570926E+074 2.150400E+004, Wed Oct 07 21:46:59 2015
0.40, 1.80, 1.00, 1.80 , -7.924846E-007, 7.923360E-007, -2.559420E-011, -9.754900E-014, 2.150400E+004 1.570926E+074 2.150400E+004, Wed Oct 07 21:47:02 2015
0.35, 1.80, 1.00, 1.80 , -7.928039E-007, 7.927650E-007, -3.012260E-011, -1.077770E-013, 2.150400E+004 1.570926E+074 2.150400E+004, Wed Oct 07 21:47:06 2015
0.30, 1.80, 1.00, 1.80 , -7.930616E-007, 7.930420E-007, -2.957751E-011, -9.856220E-014, 2.150400E+004 1.570926E+074 2.150400E+004, Wed Oct 07 21:47:09 2015
0.25, 1.80, 1.00, 1.80 , -7.932111E-007, 7.931020E-007, -2.735525E-011, -9.133820E-014, 2.150400E+004 1.570926E+074 2.150400E+004, Wed Oct 07 21:47:13 2015
0.20, 1.80, 1.00, 1.80 , -7.932666E-007, 7.933160E-007, -2.852927E-011, -1.090530E-013, 2.150400E+004 1.570926E+074 2.150400E+004, Wed Oct 07 21:47:17 2015
0.15, 1.80, 1.00, 1.80 , -7.936970E-007, 7.935150E-007, -2.769068E-011, -1.008750E-013, 2.150400E+004 1.570926E+074 2.150400E+004, Wed Oct 07 21:47:20 2015
0.10, 1.80, 1.00, 1.80 , -7.937176E-007, 7.936140E-007, -2.748103E-011, -9.745360E-014, 2.150400E+004 1.570926E+074 2.150400E+004, Wed Oct 07 21:47:24 2015
0.05, 1.80, 1.00, 1.80 , -7.940678E-007, 7.939440E-007, -2.899050E-011, -1.117590E-013, 2.150400E+004 1.570926E+074 2.150400E+004, Wed Oct 07 21:47:27 2015
0.00, 1.80, 1.00, 1.80 , -7.945723E-007, 7.944720E-007, -2.722946E-011, -1.122360E-013, 2.150400E+004 1.570926E+074 2.150400E+004, Wed Oct 07 21:47:31 2015
-0.05, 1.80, 1.00, 1.80 , -7.947286E-007, 7.944890E-007, -2.676823E-011, -9.691720E-014, 2.150400E+004 1.570926E+074 2.150400E+004, Wed Oct 07 21:47:34 2015
-0.10, 1.80, 1.00, 1.80 , -7.947912E-007, 7.949500E-007, -2.479754E-011, -1.104950E-013, 2.150400E+004 1.570926E+074 2.150400E+004, Wed Oct 07 21:47:38 2015
-0.15, 1.80, 1.00, 1.80 , -7.952470E-007, 7.952110E-007, -2.404281E-011, -9.472370E-014, 2.150400E+004 1.570926E+074 2.150400E+004, Wed Oct 07 21:47:41 2015
-0.20, 1.80, 1.00, 1.80 , -7.957293E-007, 7.954950E-007, -3.100312E-011, -1.019950E-013, 2.150400E+004 1.570926E+074 2.150400E+004, Wed Oct 07 21:47:45 2015
