1.80, 0.00, 0.00, 0.00 , 7.165134E-012, -6.289120E-013, -2.056284E-011, -8.351450E-013, 2.150400E+004 1.570926E+074 2.150400E+004, Mon Aug 03 14:34:12 2015
1.80, 0.00, 0.01, 0.00 , -9.714713E-012, -6.078720E-013, -2.450407E-011, -2.832970E-012, 2.150400E+004 1.570926E+074 2.150400E+004, Mon Aug 03 14:34:16 2015
1.80, 0.00, 0.02, 0.00 , -9.292711E-012, -8.379580E-013, -2.261724E-011, -2.693120E-012, 2.150400E+004 1.570926E+074 2.150400E+004, Mon Aug 03 14:34:20 2015
1.80, 0.00, 0.03, 0.00 , -8.912896E-012, -8.117320E-013, -2.429442E-011, -3.099420E-012, 2.150400E+004 1.570926E+074 2.150400E+004, Mon Aug 03 14:34:31 2015
1.80, 0.00, 0.04, 0.00 , -1.127612E-011, -1.338510E-012, -2.425249E-011, -1.310800E-012, 2.150400E+004 1.570926E+074 2.150400E+004, Mon Aug 03 14:34:36 2015
1.80, 0.00, 0.05, 0.00 , -7.604668E-012, -5.188470E-013, -2.458793E-011, -3.438120E-012, 2.150400E+004 1.570926E+074 2.150400E+004, Mon Aug 03 14:34:44 2015
1.80, 0.00, 0.06, 0.00 , -9.925706E-012, -8.131620E-013, -2.517496E-011, -3.108910E-012, 2.150400E+004 1.570926E+074 2.150400E+004, Mon Aug 03 14:34:51 2015
1.80, 0.00, 0.07, 0.00 , -9.461502E-012, -7.137780E-013, -2.559426E-011, -1.667560E-012, 2.150400E+004 1.570926E+074 2.150400E+004, Mon Aug 03 14:35:25 2015
1.80, 0.00, 0.08, 0.00 , -8.322081E-012, -1.018750E-012, -2.358160E-011, -3.008570E-012, 2.150400E+004 1.570926E+074 2.150400E+004, Mon Aug 03 14:35:30 2015
1.80, 0.00, 0.09, 0.00 , -9.714705E-012, -1.254930E-012, -2.563619E-011, -1.934900E-012, 2.150400E+004 1.570926E+074 2.150400E+004, Mon Aug 03 14:35:35 2015
1.80, 0.00, 0.10, 0.00 , -1.182473E-011, -8.540390E-013, -1.955661E-011, -3.302510E-012, 2.150400E+004 1.570926E+074 2.150400E+004, Mon Aug 03 14:35:53 2015
1.80, 0.00, 0.11, 0.00 , -4.819421E-012, -7.307170E-013, -4.337283E-011, -2.261340E-012, 2.150400E+004 1.570926E+074 2.150400E+004, Mon Aug 03 14:36:34 2015
1.80, 0.00, 0.12, 0.00 , -1.279533E-011, -1.030660E-012, -2.815202E-011, -1.328360E-012, 2.150400E+004 1.570926E+074 2.150400E+004, Mon Aug 03 14:37:14 2015
1.80, 0.00, 0.13, 0.00 , -1.266873E-011, -1.115890E-012, -2.525882E-011, -3.620660E-012, 2.150400E+004 1.570926E+074 2.150400E+004, Mon Aug 03 14:37:31 2015
1.80, 0.00, 0.14, 0.00 , -1.304853E-011, -9.452700E-013, -1.779571E-011, -3.452500E-012, 2.150400E+004 1.570926E+074 2.150400E+004, Mon Aug 03 14:38:04 2015
1.80, 0.00, 0.15, 0.00 , -1.241552E-011, -1.023150E-012, -2.639094E-011, -1.436280E-012, 2.150400E+004 1.570926E+074 2.150400E+004, Mon Aug 03 14:38:10 2015
1.80, 0.00, 0.16, 0.00 , -1.325953E-011, -7.356290E-013, -2.370739E-011, -1.036560E-012, 2.150400E+004 1.570926E+074 2.150400E+004, Mon Aug 03 14:38:16 2015
1.80, 0.00, 0.17, 0.00 , -1.245772E-011, -1.015420E-012, -1.909543E-011, -3.330990E-012, 2.150400E+004 1.570926E+074 2.150400E+004, Mon Aug 03 14:38:28 2015
1.80, 0.00, 0.18, 0.00 , -1.342832E-011, -1.307790E-012, -2.500723E-011, -1.382730E-012, 2.150400E+004 1.570926E+074 2.150400E+004, Mon Aug 03 14:38:43 2015
1.80, 0.00, 0.19, 0.00 , -1.359712E-011, -6.734250E-013, -2.626514E-011, -1.012850E-012, 2.150400E+004 1.570926E+074 2.150400E+004, Mon Aug 03 14:38:52 2015
1.80, 0.00, 0.20, 0.00 , -1.292192E-011, -1.021460E-012, -2.815201E-011, -1.581480E-012, 2.150400E+004 1.570926E+074 2.150400E+004, Mon Aug 03 14:38:57 2015
1.80, 0.00, 0.21, 0.00 , -1.418793E-011, -1.098540E-012, -2.173679E-011, -3.394130E-012, 2.150400E+004 1.570926E+074 2.150400E+004, Mon Aug 03 14:39:04 2015
1.80, 0.00, 0.22, 0.00 , -1.380812E-011, -7.310510E-013, -2.081441E-011, -3.751840E-012, 2.150400E+004 1.570926E+074 2.150400E+004, Mon Aug 03 14:39:11 2015
1.80, 0.00, 0.23, 0.00 , -1.296412E-011, -1.049900E-012, -2.722955E-011, -1.282640E-012, 2.150400E+004 1.570926E+074 2.150400E+004, Mon Aug 03 14:39:21 2015
1.80, 0.00, 0.24, 0.00 , -1.351272E-011, -8.888010E-013, -2.689410E-011, -2.131240E-012, 2.150400E+004 1.570926E+074 2.150400E+004, Mon Aug 03 14:39:42 2015
1.80, 0.00, 0.25, 0.00 , -1.304852E-011, -1.093640E-012, -1.934699E-011, -3.568660E-012, 2.150400E+004 1.570926E+074 2.150400E+004, Mon Aug 03 14:39:49 2015
1.80, 0.00, 0.26, 0.00 , -1.330172E-011, -6.907580E-013, -2.412669E-011, -1.152460E-012, 2.150400E+004 1.570926E+074 2.150400E+004, Mon Aug 03 14:40:16 2015
1.80, 0.00, 0.27, 0.00 , -1.372370E-011, -6.959320E-013, -2.056285E-011, -3.563080E-012, 2.150400E+004 1.570926E+074 2.150400E+004, Mon Aug 03 14:41:00 2015
1.80, 0.00, 0.28, 0.00 , -1.287970E-011, -1.140920E-012, -2.861324E-011, -1.064990E-012, 2.150400E+004 1.570926E+074 2.150400E+004, Mon Aug 03 14:41:51 2015
1.80, 0.00, 0.29, 0.00 , -1.444110E-011, -9.775160E-013, -1.465126E-011, -3.965700E-012, 2.150400E+004 1.570926E+074 2.150400E+004, Mon Aug 03 14:42:03 2015
1.80, 0.00, 0.30, 0.00 , -1.431451E-011, -1.311100E-012, -2.131753E-011, -2.651370E-012, 2.150400E+004 1.570926E+074 2.150400E+004, Mon Aug 03 14:42:10 2015
1.80, 0.00, 0.31, 0.00 , -1.342828E-011, -9.376760E-013, -2.240761E-011, -1.207480E-012, 2.150400E+004 1.570926E+074 2.150400E+004, Mon Aug 03 14:42:17 2015
1.80, 0.00, 0.32, 0.00 , -1.406131E-011, -7.967710E-013, -2.215605E-011, -1.370380E-012, 2.150400E+004 1.570926E+074 2.150400E+004, Mon Aug 03 14:42:42 2015
1.80, 0.00, 0.33, 0.00 , -1.435670E-011, -1.368630E-012, -2.249146E-011, -1.709830E-012, 2.150400E+004 1.570926E+074 2.150400E+004, Mon Aug 03 14:42:56 2015
1.80, 0.00, 0.34, 0.00 , -1.418790E-011, -1.297660E-012, -2.064671E-011, -1.781070E-012, 2.150400E+004 1.570926E+074 2.150400E+004, Mon Aug 03 14:43:07 2015
1.80, 0.00, 0.35, 0.00 , -1.397690E-011, -9.096740E-013, -1.557364E-011, -3.626000E-012, 2.150400E+004 1.570926E+074 2.150400E+004, Mon Aug 03 14:43:25 2015
1.80, 0.00, 0.36, 0.00 , -1.473650E-011, -8.163810E-013, -2.274302E-011, -2.026000E-012, 2.150400E+004 1.570926E+074 2.150400E+004, Mon Aug 03 14:43:31 2015
1.80, 0.00, 0.37, 0.00 , -1.469429E-011, -1.179470E-012, -1.993397E-011, -1.715540E-012, 2.150400E+004 1.570926E+074 2.150400E+004, Mon Aug 03 14:43:53 2015
1.80, 0.00, 0.38, 0.00 , -1.338608E-011, -8.713250E-013, -1.439971E-011, -3.797270E-012, 2.150400E+004 1.570926E+074 2.150400E+004, Mon Aug 03 14:44:11 2015
1.80, 0.00, 0.39, 0.00 , -1.444110E-011, -1.015140E-012, -1.934700E-011, -3.751600E-012, 2.150400E+004 1.570926E+074 2.150400E+004, Mon Aug 03 14:44:25 2015
1.80, 0.00, 0.40, 0.00 , -1.317508E-011, -9.197470E-013, -1.637024E-011, -4.008200E-012, 2.150400E+004 1.570926E+074 2.150400E+004, Mon Aug 03 14:44:48 2015
1.80, 0.00, 0.41, 0.00 , -1.482089E-011, -1.113770E-012, -2.622320E-011, -1.091840E-012, 2.150400E+004 1.570926E+074 2.150400E+004, Mon Aug 03 14:44:56 2015
1.80, 0.00, 0.42, 0.00 , -1.423009E-011, -1.215460E-012, -1.980819E-011, -3.185740E-012, 2.150400E+004 1.570926E+074 2.150400E+004, Mon Aug 03 14:45:06 2015
1.80, 0.00, 0.43, 0.00 , -1.490529E-011, -6.911870E-013, -1.649603E-011, -3.438660E-012, 2.150400E+004 1.570926E+074 2.150400E+004, Mon Aug 03 14:45:20 2015
1.80, 0.00, 0.44, 0.00 , -1.258426E-011, -1.194520E-012, -3.066781E-011, -7.910610E-013, 2.150400E+004 1.570926E+074 2.150400E+004, Mon Aug 03 14:45:46 2015
1.80, 0.00, 0.45, 0.00 , -1.625568E-011, -9.030820E-013, -1.372891E-011, -3.937760E-012, 2.150400E+004 1.570926E+074 2.150400E+004, Mon Aug 03 14:46:39 2015
1.80, 0.00, 0.46, 0.00 , -1.342826E-011, -7.828120E-013, -2.320422E-011, -3.970500E-012, 2.150400E+004 1.570926E+074 2.150400E+004, Mon Aug 03 14:46:48 2015
1.80, 0.00, 0.47, 0.00 , -1.279524E-011, -7.542250E-013, -1.490284E-011, -3.047350E-012, 2.150400E+004 1.570926E+074 2.150400E+004, Mon Aug 03 14:46:54 2015
1.80, 0.00, 0.48, 0.00 , -1.444105E-011, -8.725520E-013, -1.758611E-011, -3.905750E-012, 2.150400E+004 1.570926E+074 2.150400E+004, Mon Aug 03 14:47:01 2015
1.80, 0.00, 0.49, 0.00 , -1.439885E-011, -9.713530E-013, -1.637025E-011, -3.393940E-012, 2.150400E+004 1.570926E+074 2.150400E+004, Mon Aug 03 14:47:10 2015
1.80, 0.00, 0.50, 0.00 , -1.460985E-011, -1.188770E-012, -1.741841E-011, -1.597070E-012, 2.150400E+004 1.570926E+074 2.150400E+004, Mon Aug 03 14:47:15 2015
1.80, 0.00, 0.51, 0.00 , -1.397685E-011, -1.044570E-012, -2.664250E-011, -1.066060E-012, 2.150400E+004 1.570926E+074 2.150400E+004, Mon Aug 03 14:47:34 2015
1.80, 0.00, 0.52, 0.00 , -1.482086E-011, -9.958510E-013, -2.735531E-011, -1.439260E-012, 2.150400E+004 1.570926E+074 2.150400E+004, Mon Aug 03 14:48:00 2015
1.80, 0.00, 0.53, 0.00 , -6.760586E-012, -8.063200E-013, -1.737649E-011, -3.774790E-012, 2.150400E+004 1.570926E+074 2.150400E+004, Mon Aug 03 14:48:34 2015
1.80, 0.00, 0.54, 0.00 , -1.549605E-011, -9.373780E-013, -1.221958E-011, -4.263120E-012, 2.150400E+004 1.570926E+074 2.150400E+004, Mon Aug 03 14:48:45 2015
1.80, 0.00, 0.55, 0.00 , -8.406395E-012, -9.676700E-013, -1.586715E-011, -3.752480E-012, 2.150400E+004 1.570926E+074 2.150400E+004, Mon Aug 03 14:49:25 2015
1.80, 0.00, 0.56, 0.00 , -1.380803E-011, -1.136950E-012, -2.790040E-011, -1.463740E-012, 2.150400E+004 1.570926E+074 2.150400E+004, Mon Aug 03 14:49:33 2015
1.80, 0.00, 0.57, 0.00 , -1.423003E-011, -7.921460E-013, -2.244954E-011, -1.479940E-012, 2.150400E+004 1.570926E+074 2.150400E+004, Mon Aug 03 14:50:01 2015
1.80, 0.00, 0.58, 0.00 , -1.536943E-011, -7.663130E-013, -1.410626E-011, -3.875280E-012, 2.150400E+004 1.570926E+074 2.150400E+004, Mon Aug 03 14:50:33 2015
1.80, 0.00, 0.59, 0.00 , -1.536944E-011, -1.378930E-012, -1.624449E-011, -3.120970E-012, 2.150400E+004 1.570926E+074 2.150400E+004, Mon Aug 03 14:51:04 2015
1.80, 0.00, 0.60, 0.00 , -7.098183E-012, -9.442090E-013, -2.299458E-011, -1.774570E-012, 2.150400E+004 1.570926E+074 2.150400E+004, Mon Aug 03 14:51:11 2015
1.80, 0.00, 0.61, 0.00 , -1.385022E-011, -8.339640E-013, -2.517494E-011, -3.514700E-012, 2.150400E+004 1.570926E+074 2.150400E+004, Mon Aug 03 14:51:17 2015
1.80, 0.00, 0.62, 0.00 , -1.448322E-011, -9.967450E-013, -1.460938E-011, -3.892160E-012, 2.150400E+004 1.570926E+074 2.150400E+004, Mon Aug 03 14:51:42 2015
1.80, 0.00, 0.63, 0.00 , -1.498962E-011, -8.417610E-013, -1.808924E-011, -2.324280E-012, 2.150400E+004 1.570926E+074 2.150400E+004, Mon Aug 03 14:52:05 2015
1.80, 0.00, 0.64, 0.00 , -1.549603E-011, -9.491320E-013, -1.343545E-011, -2.896510E-012, 2.150400E+004 1.570926E+074 2.150400E+004, Mon Aug 03 14:52:15 2015
1.80, 0.00, 0.65, 0.00 , -1.536942E-011, -1.357960E-012, -1.574138E-011, -3.005140E-012, 2.150400E+004 1.570926E+074 2.150400E+004, Mon Aug 03 14:52:38 2015
1.80, 0.00, 0.66, 0.00 , -1.574924E-011, -1.457240E-012, -2.555231E-011, -1.800110E-012, 2.150400E+004 1.570926E+074 2.150400E+004, Mon Aug 03 14:52:53 2015
1.80, 0.00, 0.67, 0.00 , -1.646663E-011, -1.426430E-012, -1.419013E-011, -3.236100E-012, 2.150400E+004 1.570926E+074 2.150400E+004, Mon Aug 03 14:53:27 2015
1.80, 0.00, 0.68, 0.00 , -7.815575E-012, -6.739750E-012, -1.242923E-011, -2.367350E-012, 2.150400E+004 1.570926E+074 2.150400E+004, Mon Aug 03 14:53:48 2015
1.80, 0.00, 0.69, 0.00 , 9.375282E-011, -1.040000E-010, -1.427398E-011, -3.400080E-012, 2.150400E+004 1.570926E+074 2.150400E+004, Mon Aug 03 14:54:03 2015
1.80, 0.00, 0.70, 0.00 , 8.386482E-007, -1.050050E-006, -2.207221E-011, -6.439580E-012, 2.150400E+004 1.570926E+074 2.150400E+004, Mon Aug 03 14:54:08 2015
1.80, 0.00, 0.71, 0.00 , 1.826763E-006, -1.814770E-006, -2.429440E-011, -1.143730E-011, 2.150400E+004 1.570926E+074 2.150400E+004, Mon Aug 03 14:54:12 2015
1.80, 0.00, 0.72, 0.00 , 2.716491E-006, -2.698970E-006, -2.094020E-011, -1.679060E-011, 2.150400E+004 1.570926E+074 2.150400E+004, Mon Aug 03 14:54:17 2015
1.80, 0.00, 0.73, 0.00 , 3.673830E-006, -3.659360E-006, -2.429440E-011, -2.271950E-011, 2.150400E+004 1.570926E+074 2.150400E+004, Mon Aug 03 14:54:21 2015
1.80, 0.00, 0.74, 0.00 , 4.725117E-006, -4.752540E-006, -2.316229E-011, -3.133260E-011, 2.150400E+004 1.570926E+074 2.150400E+004, Mon Aug 03 14:54:24 2015
1.80, 0.00, 0.75, 0.00 , 5.876501E-006, -5.708570E-006, -1.733458E-011, -3.800010E-011, 2.150400E+004 1.570926E+074 2.150400E+004, Mon Aug 03 14:54:28 2015
1.80, 0.00, 0.76, 0.00 , 7.181795E-006, -7.020930E-006, -1.968243E-011, -4.599740E-011, 2.150400E+004 1.570926E+074 2.150400E+004, Mon Aug 03 14:54:32 2015
1.80, 0.00, 0.77, 0.00 , 8.484144E-006, -8.544020E-006, -1.695724E-011, -5.487460E-011, 2.150400E+004 1.570926E+074 2.150400E+004, Mon Aug 03 14:54:35 2015
1.80, 0.00, 0.78, 0.00 , 9.922365E-006, -9.961740E-006, -2.286880E-011, -6.335950E-011, 2.150400E+004 1.570926E+074 2.150400E+004, Mon Aug 03 14:54:39 2015
1.80, 0.00, 0.79, 0.00 , 1.158142E-005, -1.156700E-005, -1.104569E-011, -7.372670E-011, 2.150400E+004 1.570926E+074 2.150400E+004, Mon Aug 03 14:54:42 2015
1.80, 0.00, 0.80, 0.00 , 1.325720E-005, -1.329030E-005, -1.096183E-011, -8.302680E-011, 2.150400E+004 1.570926E+074 2.150400E+004, Mon Aug 03 14:54:46 2015
1.80, 0.00, 0.81, 0.00 , 1.507381E-005, -1.506420E-005, -1.200999E-011, -9.257980E-011, 2.150400E+004 1.570926E+074 2.150400E+004, Mon Aug 03 14:54:49 2015
1.80, 0.00, 0.82, 0.00 , 1.707079E-005, -1.695970E-005, -1.356125E-011, -1.019920E-010, 2.150400E+004 1.570926E+074 2.150400E+004, Mon Aug 03 14:54:54 2015
1.80, 0.00, 0.83, 0.00 , 1.897784E-005, -1.899260E-005, -1.016525E-011, -1.109650E-010, 2.150400E+004 1.570926E+074 2.150400E+004, Mon Aug 03 14:54:58 2015
1.80, 0.00, 0.84, 0.00 , 2.112813E-005, -2.111410E-005, -1.783769E-011, -1.246120E-010, 2.150400E+004 1.570926E+074 2.150400E+004, Mon Aug 03 14:55:01 2015
1.80, 0.00, 0.85, 0.00 , 2.337008E-005, -2.332450E-005, -6.978874E-012, -1.377130E-010, 2.150400E+004 1.570926E+074 2.150400E+004, Mon Aug 03 14:55:04 2015
1.80, 0.00, 0.86, 0.00 , 2.579598E-005, -2.580750E-005, -1.620257E-011, -1.485880E-010, 2.150400E+004 1.570926E+074 2.150400E+004, Mon Aug 03 14:55:07 2015
1.80, 0.00, 0.87, 0.00 , 2.831126E-005, -2.829700E-005, -9.955614E-012, -1.647710E-010, 2.150400E+004 1.570926E+074 2.150400E+004, Mon Aug 03 14:55:11 2015
1.80, 0.00, 0.88, 0.00 , 3.111106E-005, -3.113730E-005, -9.368656E-012, -1.763850E-010, 2.150400E+004 1.570926E+074 2.150400E+004, Mon Aug 03 14:55:14 2015
1.80, 0.00, 0.89, 0.00 , 3.392497E-005, -3.396410E-005, -1.439977E-011, -1.936810E-010, 2.150400E+004 1.570926E+074 2.150400E+004, Mon Aug 03 14:55:17 2015
1.80, 0.00, 0.90, 0.00 , 3.708914E-005, -3.710270E-005, -1.041680E-011, -2.070810E-010, 2.150400E+004 1.570926E+074 2.150400E+004, Mon Aug 03 14:55:20 2015
1.80, 0.00, 0.91, 0.00 , 4.032722E-005, -4.032230E-005, -1.754421E-011, -2.220110E-010, 2.150400E+004 1.570926E+074 2.150400E+004, Mon Aug 03 14:55:24 2015
1.80, 0.00, 0.92, 0.00 , 4.377800E-005, -4.377870E-005, -5.930730E-012, -2.366880E-010, 2.150400E+004 1.570926E+074 2.150400E+004, Mon Aug 03 14:55:27 2015
1.80, 0.00, 0.93, 0.00 , 4.730602E-005, -4.731840E-005, -1.817310E-011, -2.489230E-010, 2.150400E+004 1.570926E+074 2.150400E+004, Mon Aug 03 14:55:30 2015
1.80, 0.00, 0.94, 0.00 , 5.099013E-005, -5.098660E-005, -1.263888E-011, -2.645460E-010, 2.150400E+004 1.570926E+074 2.150400E+004, Mon Aug 03 14:55:33 2015
1.80, 0.00, 0.95, 0.00 , 5.486547E-005, -5.488240E-005, -7.230433E-012, -2.749800E-010, 2.150400E+004 1.570926E+074 2.150400E+004, Mon Aug 03 14:55:37 2015
1.80, 0.00, 0.96, 0.00 , 5.891378E-005, -5.892860E-005, -1.385473E-011, -2.895840E-010, 2.150400E+004 1.570926E+074 2.150400E+004, Mon Aug 03 14:55:40 2015
1.80, 0.00, 0.97, 0.00 , 6.310819E-005, -6.309920E-005, -8.697843E-012, -3.019230E-010, 2.150400E+004 1.570926E+074 2.150400E+004, Mon Aug 03 14:55:43 2015
1.80, 0.00, 0.98, 0.00 , 6.758313E-005, -6.752040E-005, -1.653799E-011, -3.135080E-010, 2.150400E+004 1.570926E+074 2.150400E+004, Mon Aug 03 14:55:46 2015
1.80, 0.00, 0.99, 0.00 , 7.211437E-005, -7.198140E-005, -4.840675E-012, -3.269070E-010, 2.150400E+004 1.570926E+074 2.150400E+004, Mon Aug 03 14:55:50 2015
1.80, 0.00, 1.00, 0.00 , 7.671417E-005, -7.665950E-005, -5.385692E-012, -3.348320E-010, 2.150400E+004 1.570926E+074 2.150400E+004, Mon Aug 03 14:55:53 2015
1.80, 0.00, 1.01, 0.00 , 8.166509E-005, -8.154280E-005, -1.318392E-011, -3.481040E-010, 2.150400E+004 1.570926E+074 2.150400E+004, Mon Aug 03 14:55:56 2015
1.80, 0.00, 1.02, 0.00 , 8.661435E-005, -8.658740E-005, -7.565842E-012, -3.555800E-010, 2.150400E+004 1.570926E+074 2.150400E+004, Mon Aug 03 14:55:59 2015
1.80, 0.00, 1.03, 0.00 , 9.173228E-005, -9.179980E-005, -9.704066E-012, -3.672140E-010, 2.150400E+004 1.570926E+074 2.150400E+004, Mon Aug 03 14:56:02 2015
1.80, 0.00, 1.04, 0.00 , 9.712196E-005, -9.713360E-005, -4.127924E-012, -3.778260E-010, 2.150400E+004 1.570926E+074 2.150400E+004, Mon Aug 03 14:56:06 2015
1.80, 0.00, 1.05, 0.00 , 1.027036E-004, -1.026990E-004, -1.477710E-011, -3.842940E-010, 2.150400E+004 1.570926E+074 2.150400E+004, Mon Aug 03 14:56:09 2015
1.80, 0.00, 1.06, 0.00 , 1.083418E-004, -1.082280E-004, -9.871773E-012, -3.950670E-010, 2.150400E+004 1.570926E+074 2.150400E+004, Mon Aug 03 14:56:12 2015
1.80, 0.00, 1.07, 0.00 , 1.140385E-004, -1.140160E-004, -6.308070E-012, -4.018520E-010, 2.150400E+004 1.570926E+074 2.150400E+004, Mon Aug 03 14:56:16 2015
1.80, 0.00, 1.08, 0.00 , 1.200636E-004, -1.200800E-004, -1.519636E-011, -4.084450E-010, 2.150400E+004 1.570926E+074 2.150400E+004, Mon Aug 03 14:56:19 2015
1.80, 0.00, 1.09, 0.00 , 1.260831E-004, -1.260260E-004, -4.714895E-012, -4.153530E-010, 2.150400E+004 1.570926E+074 2.150400E+004, Mon Aug 03 14:56:22 2015
1.80, 0.00, 1.10, 0.00 , 1.321869E-004, -1.321010E-004, -4.547184E-012, -4.181830E-010, 2.150400E+004 1.570926E+074 2.150400E+004, Mon Aug 03 14:56:25 2015
1.80, 0.00, 1.11, 0.00 , 1.386492E-004, -1.387890E-004, -1.213577E-011, -4.246420E-010, 2.150400E+004 1.570926E+074 2.150400E+004, Mon Aug 03 14:56:29 2015
1.80, 0.00, 1.12, 0.00 , 1.452120E-004, -1.451500E-004, -5.511480E-012, -4.258740E-010, 2.150400E+004 1.570926E+074 2.150400E+004, Mon Aug 03 14:56:32 2015
1.80, 0.00, 1.13, 0.00 , 1.518222E-004, -1.517450E-004, -8.152813E-012, -4.299620E-010, 2.150400E+004 1.570926E+074 2.150400E+004, Mon Aug 03 14:56:35 2015
1.80, 0.00, 1.14, 0.00 , 1.585288E-004, -1.585210E-004, -4.253710E-012, -4.322840E-010, 2.150400E+004 1.570926E+074 2.150400E+004, Mon Aug 03 14:56:38 2015
1.80, 0.00, 1.15, 0.00 , 1.654505E-004, -1.653850E-004, -8.530154E-012, -4.325380E-010, 2.150400E+004 1.570926E+074 2.150400E+004, Mon Aug 03 14:56:42 2015
1.80, 0.00, 1.16, 0.00 , 1.725354E-004, -1.724400E-004, -6.601572E-012, -4.355720E-010, 2.150400E+004 1.570926E+074 2.150400E+004, Mon Aug 03 14:56:45 2015
1.80, 0.00, 1.17, 0.00 , 1.796103E-004, -1.796140E-004, -3.708667E-012, -4.336290E-010, 2.150400E+004 1.570926E+074 2.150400E+004, Mon Aug 03 14:56:48 2015
1.80, 0.00, 1.18, 0.00 , 1.869271E-004, -1.868440E-004, -8.194738E-012, -4.358190E-010, 2.150400E+004 1.570926E+074 2.150400E+004, Mon Aug 03 14:56:51 2015
1.80, 0.00, 1.19, 0.00 , 1.942107E-004, -1.941440E-004, 1.951323E-012, -4.324510E-010, 2.150400E+004 1.570926E+074 2.150400E+004, Mon Aug 03 14:56:55 2015
1.80, 0.00, 1.20, 0.00 , 2.018534E-004, -2.017700E-004, -1.268081E-011, -4.314250E-010, 2.150400E+004 1.570926E+074 2.150400E+004, Mon Aug 03 14:56:58 2015
1.80, 0.00, 1.21, 0.00 , 2.094003E-004, -2.093560E-004, -6.480771E-013, -4.290830E-010, 2.150400E+004 1.570926E+074 2.150400E+004, Mon Aug 03 14:57:01 2015
1.80, 0.00, 1.22, 0.00 , 2.171618E-004, -2.170810E-004, -8.278591E-012, -4.239830E-010, 2.150400E+004 1.570926E+074 2.150400E+004, Mon Aug 03 14:57:04 2015
1.80, 0.00, 1.23, 0.00 , 2.250344E-004, -2.250110E-004, -4.547192E-012, -4.229580E-010, 2.150400E+004 1.570926E+074 2.150400E+004, Mon Aug 03 14:57:07 2015
1.80, 0.00, 1.24, 0.00 , 2.330786E-004, -2.330560E-004, -3.960221E-012, -4.139820E-010, 2.150400E+004 1.570926E+074 2.150400E+004, Mon Aug 03 14:57:11 2015
1.80, 0.00, 1.25, 0.00 , 2.411191E-004, -2.410700E-004, -3.918295E-012, -4.112250E-010, 2.150400E+004 1.570926E+074 2.150400E+004, Mon Aug 03 14:57:14 2015
1.80, 0.00, 1.26, 0.00 , 2.493621E-004, -2.493810E-004, -7.319492E-013, -4.027610E-010, 2.150400E+004 1.570926E+074 2.150400E+004, Mon Aug 03 14:57:17 2015
1.80, 0.00, 1.27, 0.00 , 2.577393E-004, -2.576820E-004, -1.033296E-011, -3.966380E-010, 2.150400E+004 1.570926E+074 2.150400E+004, Mon Aug 03 14:57:20 2015
1.80, 0.00, 1.28, 0.00 , 2.663386E-004, -2.662540E-004, 1.741695E-012, -3.898740E-010, 2.150400E+004 1.570926E+074 2.150400E+004, Mon Aug 03 14:57:24 2015
1.80, 0.00, 1.29, 0.00 , 2.747505E-004, -2.746910E-004, -4.044097E-012, -3.799350E-010, 2.150400E+004 1.570926E+074 2.150400E+004, Mon Aug 03 14:57:27 2015
1.80, 0.00, 1.30, 0.00 , 2.834720E-004, -2.834580E-004, -8.278600E-012, -3.740760E-010, 2.150400E+004 1.570926E+074 2.150400E+004, Mon Aug 03 14:57:30 2015
1.80, 0.00, 1.31, 0.00 , 2.922502E-004, -2.922710E-004, -2.199347E-012, -3.613500E-010, 2.150400E+004 1.570926E+074 2.150400E+004, Mon Aug 03 14:57:33 2015
1.80, 0.00, 1.32, 0.00 , 3.012026E-004, -3.011720E-004, -4.505273E-012, -3.535260E-010, 2.150400E+004 1.570926E+074 2.150400E+004, Mon Aug 03 14:57:37 2015
1.80, 0.00, 1.33, 0.00 , 3.102224E-004, -3.101320E-004, 4.839202E-013, -3.442480E-010, 2.150400E+004 1.570926E+074 2.150400E+004, Mon Aug 03 14:57:40 2015
1.80, 0.00, 1.34, 0.00 , 3.192345E-004, -3.192120E-004, -1.016525E-011, -3.330600E-010, 2.150400E+004 1.570926E+074 2.150400E+004, Mon Aug 03 14:57:43 2015
1.80, 0.00, 1.35, 0.00 , 3.283280E-004, -3.282360E-004, 1.485097E-013, -3.249050E-010, 2.150400E+004 1.570926E+074 2.150400E+004, Mon Aug 03 14:57:46 2015
1.80, 0.00, 1.36, 0.00 , 3.376647E-004, -3.374800E-004, 1.573986E-012, -3.120140E-010, 2.150400E+004 1.570926E+074 2.150400E+004, Mon Aug 03 14:57:50 2015
1.80, 0.00, 1.37, 0.00 , 3.470709E-004, -3.468280E-004, -6.182315E-012, -3.038530E-010, 2.150400E+004 1.570926E+074 2.150400E+004, Mon Aug 03 14:57:53 2015
1.80, 0.00, 1.38, 0.00 , 3.563456E-004, -3.561990E-004, -1.030547E-013, -2.905430E-010, 2.150400E+004 1.570926E+074 2.150400E+004, Mon Aug 03 14:57:56 2015
1.80, 0.00, 1.39, 0.00 , 3.660162E-004, -3.658730E-004, -7.314307E-012, -2.800890E-010, 2.150400E+004 1.570926E+074 2.150400E+004, Mon Aug 03 14:57:59 2015
1.80, 0.00, 1.40, 0.00 , 3.757135E-004, -3.755800E-004, 1.993253E-012, -2.703630E-010, 2.150400E+004 1.570926E+074 2.150400E+004, Mon Aug 03 14:58:03 2015
1.80, 0.00, 1.41, 0.00 , 3.852620E-004, -3.852290E-004, -5.721135E-012, -2.579540E-010, 2.150400E+004 1.570926E+074 2.150400E+004, Mon Aug 03 14:58:06 2015
1.80, 0.00, 1.42, 0.00 , 3.950209E-004, -3.949260E-004, 9.870178E-013, -2.496540E-010, 2.150400E+004 1.570926E+074 2.150400E+004, Mon Aug 03 14:58:09 2015
1.80, 0.00, 1.43, 0.00 , 4.051158E-004, -4.050460E-004, 3.162106E-013, -2.372530E-010, 2.150400E+004 1.570926E+074 2.150400E+004, Mon Aug 03 14:58:12 2015
1.80, 0.00, 1.44, 0.00 , 4.148915E-004, -4.147970E-004, -3.582913E-012, -2.291560E-010, 2.150400E+004 1.570926E+074 2.150400E+004, Mon Aug 03 14:58:16 2015
1.80, 0.00, 1.45, 0.00 , 4.251331E-004, -4.250390E-004, 1.904275E-013, -2.184820E-010, 2.150400E+004 1.570926E+074 2.150400E+004, Mon Aug 03 14:58:19 2015
1.80, 0.00, 1.46, 0.00 , 4.349718E-004, -4.350750E-004, -9.955635E-012, -2.080830E-010, 2.150400E+004 1.570926E+074 2.150400E+004, Mon Aug 03 14:58:22 2015
1.80, 0.00, 1.47, 0.00 , 4.455646E-004, -4.453880E-004, 4.508789E-012, -2.003760E-010, 2.150400E+004 1.570926E+074 2.150400E+004, Mon Aug 03 14:58:25 2015
1.80, 0.00, 1.48, 0.00 , 4.555770E-004, -4.556360E-004, -3.079786E-012, -1.895560E-010, 2.150400E+004 1.570926E+074 2.150400E+004, Mon Aug 03 14:58:29 2015
1.80, 0.00, 1.49, 0.00 , 4.659820E-004, -4.658880E-004, -2.199347E-012, -1.838340E-010, 2.150400E+004 1.570926E+074 2.150400E+004, Mon Aug 03 14:58:32 2015
1.80, 0.00, 1.50, 0.00 , 4.764532E-004, -4.764150E-004, 5.221549E-012, -1.725870E-010, 2.150400E+004 1.570926E+074 2.150400E+004, Mon Aug 03 14:58:35 2015
1.80, 0.00, 1.51, 0.00 , 4.870665E-004, -4.867190E-004, -2.660540E-012, -1.659400E-010, 2.150400E+004 1.570926E+074 2.150400E+004, Mon Aug 03 14:58:38 2015
1.80, 0.00, 1.52, 0.00 , 4.975933E-004, -4.975180E-004, 3.376776E-012, -1.566380E-010, 2.150400E+004 1.570926E+074 2.150400E+004, Mon Aug 03 14:58:42 2015
1.80, 0.00, 1.53, 0.00 , 5.082567E-004, -5.080580E-004, -5.553421E-012, -1.483980E-010, 2.150400E+004 1.570926E+074 2.150400E+004, Mon Aug 03 14:58:45 2015
1.80, 0.00, 1.54, 0.00 , 5.188026E-004, -5.187490E-004, 5.473066E-012, -1.425810E-010, 2.150400E+004 1.570926E+074 2.150400E+004, Mon Aug 03 14:58:48 2015
1.80, 0.00, 1.55, 0.00 , 5.297585E-004, -5.295970E-004, 3.754099E-012, -1.340950E-010, 2.150400E+004 1.570926E+074 2.150400E+004, Mon Aug 03 14:58:51 2015
1.80, 0.00, 1.56, 0.00 , 5.404648E-004, -5.402650E-004, 2.077069E-012, -1.281030E-010, 2.150400E+004 1.570926E+074 2.150400E+004, Mon Aug 03 14:58:55 2015
1.80, 0.00, 1.57, 0.00 , 5.512889E-004, -5.511930E-004, 1.448189E-012, -1.185850E-010, 2.150400E+004 1.570926E+074 2.150400E+004, Mon Aug 03 14:58:58 2015
1.80, 0.00, 1.58, 0.00 , 5.623818E-004, -5.621260E-004, 4.419624E-013, -1.126900E-010, 2.150400E+004 1.570926E+074 2.150400E+004, Mon Aug 03 14:59:01 2015
1.80, 0.00, 1.59, 0.00 , 5.733080E-004, -5.733110E-004, 6.143887E-012, -1.069390E-010, 2.150400E+004 1.570926E+074 2.150400E+004, Mon Aug 03 14:59:04 2015
1.80, 0.00, 1.60, 0.00 , 5.845706E-004, -5.844030E-004, 2.323332E-013, -1.011950E-010, 2.150400E+004 1.570926E+074 2.150400E+004, Mon Aug 03 14:59:11 2015
1.80, 0.00, 1.61, 0.00 , 5.954343E-004, -5.953210E-004, -3.121729E-012, -9.538280E-011, 2.150400E+004 1.570926E+074 2.150400E+004, Mon Aug 03 14:59:16 2015
1.80, 0.00, 1.62, 0.00 , 6.067344E-004, -6.065550E-004, -1.318917E-012, -9.037430E-011, 2.150400E+004 1.570926E+074 2.150400E+004, Mon Aug 03 14:59:19 2015
1.80, 0.00, 1.63, 0.00 , 6.177609E-004, -6.175950E-004, 8.192856E-013, -8.476950E-011, 2.150400E+004 1.570926E+074 2.150400E+004, Mon Aug 03 14:59:23 2015
1.80, 0.00, 1.64, 0.00 , 6.289395E-004, -6.289740E-004, 3.418672E-012, -7.940190E-011, 2.150400E+004 1.570926E+074 2.150400E+004, Mon Aug 03 14:59:26 2015
1.80, 0.00, 1.65, 0.00 , 6.401478E-004, -6.402540E-004, 4.089496E-012, -7.434480E-011, 2.150400E+004 1.570926E+074 2.150400E+004, Mon Aug 03 14:59:30 2015
1.80, 0.00, 1.66, 0.00 , 6.516899E-004, -6.516360E-004, 7.354430E-013, -6.963810E-011, 2.150400E+004 1.570926E+074 2.150400E+004, Mon Aug 03 14:59:33 2015
1.80, 0.00, 1.67, 0.00 , 6.629167E-004, -6.628190E-004, 3.581076E-013, -6.511340E-011, 2.150400E+004 1.570926E+074 2.150400E+004, Mon Aug 03 14:59:37 2015
1.80, 0.00, 1.68, 0.00 , 6.743186E-004, -6.743260E-004, 2.831731E-012, -6.037680E-011, 2.150400E+004 1.570926E+074 2.150400E+004, Mon Aug 03 14:59:40 2015
1.80, 0.00, 1.69, 0.00 , 6.859386E-004, -6.857980E-004, 3.921802E-012, -5.682770E-011, 2.150400E+004 1.570926E+074 2.150400E+004, Mon Aug 03 14:59:44 2015
1.80, 0.00, 1.70, 0.00 , 6.973502E-004, -6.972240E-004, 3.167140E-012, -5.270220E-011, 2.150400E+004 1.570926E+074 2.150400E+004, Mon Aug 03 14:59:47 2015
1.80, 0.00, 1.71, 0.00 , 7.085691E-004, -7.087220E-004, 5.808447E-012, -4.911250E-011, 2.150400E+004 1.570926E+074 2.150400E+004, Mon Aug 03 14:59:51 2015
1.80, 0.00, 1.72, 0.00 , 7.201873E-004, -7.201060E-004, 1.699720E-012, -4.628760E-011, 2.150400E+004 1.570926E+074 2.150400E+004, Mon Aug 03 14:59:55 2015
1.80, 0.00, 1.73, 0.00 , 7.316475E-004, -7.315270E-004, 2.999415E-012, -4.257240E-011, 2.150400E+004 1.570926E+074 2.150400E+004, Mon Aug 03 14:59:58 2015
1.80, 0.00, 1.74, 0.00 , 7.435985E-004, -7.432260E-004, -9.835379E-013, -3.913560E-011, 2.150400E+004 1.570926E+074 2.150400E+004, Mon Aug 03 15:00:02 2015
1.80, 0.00, 1.75, 0.00 , 7.549403E-004, -7.549030E-004, -4.924556E-012, -3.598020E-011, 2.150400E+004 1.570926E+074 2.150400E+004, Mon Aug 03 15:00:05 2015
1.80, 0.00, 1.76, 0.00 , 7.664481E-004, -7.662620E-004, 4.802221E-012, -3.341230E-011, 2.150400E+004 1.570926E+074 2.150400E+004, Mon Aug 03 15:00:09 2015
1.80, 0.00, 1.77, 0.00 , 7.783244E-004, -7.780180E-004, 8.449776E-012, -3.117230E-011, 2.150400E+004 1.570926E+074 2.150400E+004, Mon Aug 03 15:00:12 2015
1.80, 0.00, 1.78, 0.00 , 7.897115E-004, -7.898360E-004, 6.688889E-012, -2.875700E-011, 2.150400E+004 1.570926E+074 2.150400E+004, Mon Aug 03 15:00:16 2015
1.80, 0.00, 1.79, 0.00 , 8.015885E-004, -8.014440E-004, 9.875246E-012, -2.611520E-011, 2.150400E+004 1.570926E+074 2.150400E+004, Mon Aug 03 15:00:19 2015
1.80, 0.00, 1.80, 0.00 , 8.132383E-004, -8.132220E-004, 4.419434E-013, -2.265440E-011, 2.150400E+004 1.570926E+074 2.150400E+004, Mon Aug 03 15:00:26 2015
1.80, 0.00, 1.81, 0.00 , 8.250552E-004, -8.250340E-004, 6.515552E-013, -2.091940E-011, 2.150400E+004 1.570926E+074 2.150400E+004, Mon Aug 03 15:00:30 2015
1.80, 0.00, 1.82, 0.00 , 8.371026E-004, -8.369890E-004, -8.996762E-013, -1.898510E-011, 2.150400E+004 1.570926E+074 2.150400E+004, Mon Aug 03 15:00:33 2015
1.80, 0.00, 1.83, 0.00 , 8.488388E-004, -8.486830E-004, -2.241313E-012, -1.811470E-011, 2.150400E+004 1.570926E+074 2.150400E+004, Mon Aug 03 15:00:37 2015
1.80, 0.00, 1.84, 0.00 , 8.606481E-004, -8.603900E-004, -1.450021E-013, -1.639680E-011, 2.150400E+004 1.570926E+074 2.150400E+004, Mon Aug 03 15:00:41 2015
1.80, 0.00, 1.85, 0.00 , 8.724491E-004, -8.723470E-004, 5.677073E-013, -1.461100E-011, 2.150400E+004 1.570926E+074 2.150400E+004, Mon Aug 03 15:00:44 2015
1.80, 0.00, 1.86, 0.00 , 8.844244E-004, -8.843650E-004, -9.835466E-013, -1.406130E-011, 2.150400E+004 1.570926E+074 2.150400E+004, Mon Aug 03 15:00:48 2015
1.80, 0.00, 1.87, 0.00 , 8.963580E-004, -8.959570E-004, 2.328590E-012, -1.315060E-011, 2.150400E+004 1.570926E+074 2.150400E+004, Mon Aug 03 15:00:51 2015
1.80, 0.00, 1.88, 0.00 , 9.081017E-004, -9.081120E-004, 6.185778E-012, -1.227570E-011, 2.150400E+004 1.570926E+074 2.150400E+004, Mon Aug 03 15:00:55 2015
1.80, 0.00, 1.89, 0.00 , 9.198989E-004, -9.198880E-004, 9.455981E-012, -1.047480E-011, 2.150400E+004 1.570926E+074 2.150400E+004, Mon Aug 03 15:00:58 2015
1.80, 0.00, 1.90, 0.00 , 9.317793E-004, -9.315260E-004, 4.838664E-013, -9.720890E-012, 2.150400E+004 1.570926E+074 2.150400E+004, Mon Aug 03 15:01:02 2015
1.80, 0.00, 1.91, 0.00 , 9.439320E-004, -9.437640E-004, 9.288306E-012, -1.016290E-011, 2.150400E+004 1.570926E+074 2.150400E+004, Mon Aug 03 15:01:05 2015
1.80, 0.00, 1.92, 0.00 , 9.556515E-004, -9.552540E-004, 1.243273E-011, -9.166220E-012, 2.150400E+004 1.570926E+074 2.150400E+004, Mon Aug 03 15:01:09 2015
1.80, 0.00, 1.93, 0.00 , 9.673887E-004, -9.672170E-004, 2.299802E-011, -8.886050E-012, 2.150400E+004 1.570926E+074 2.150400E+004, Mon Aug 03 15:01:13 2015
1.80, 0.00, 1.94, 0.00 , 9.794368E-004, -9.791970E-004, 1.151034E-011, -8.506430E-012, 2.150400E+004 1.570926E+074 2.150400E+004, Mon Aug 03 15:01:16 2015
1.80, 0.00, 1.95, 0.00 , 9.913128E-004, -9.910350E-004, 1.067183E-011, -8.267300E-012, 2.150400E+004 1.570926E+074 2.150400E+004, Mon Aug 03 15:01:20 2015
1.80, 0.00, 1.96, 0.00 , 1.003307E-003, -1.004150E-003, 1.109109E-011, -7.723980E-012, 2.150400E+004 1.570926E+074 2.150400E+004, Mon Aug 03 15:01:23 2015
1.80, 0.00, 1.97, 0.00 , 1.015175E-003, -1.015930E-003, 1.230692E-011, -7.059460E-012, 2.150400E+004 1.570926E+074 2.150400E+004, Mon Aug 03 15:01:27 2015
1.80, 0.00, 1.98, 0.00 , 1.026777E-003, -1.027600E-003, 1.377434E-011, -7.019470E-012, 2.150400E+004 1.570926E+074 2.150400E+004, Mon Aug 03 15:01:30 2015
1.80, 0.00, 1.99, 0.00 , 1.038428E-003, -1.039450E-003, 1.314547E-011, -6.927190E-012, 2.150400E+004 1.570926E+074 2.150400E+004, Mon Aug 03 15:01:34 2015
1.80, 0.00, 2.00, 0.00 , 1.050738E-003, -1.051610E-003, 1.390012E-011, -6.337000E-012, 2.150400E+004 1.570926E+074 2.150400E+004, Mon Aug 03 15:01:37 2015
