0.00, 0.00, 0.40, 0.00 , -3.537142E-011, -1.508720E-012, -3.519585E-011, -6.552930E-014, 2.150400E+004 1.570926E+074 2.150400E+004, Sun Jul 26 15:51:33 2015
0.05, 0.00, 0.40, 0.00 , -2.486380E-011, -1.060660E-011, -3.628599E-011, -9.051560E-014, 2.150400E+004 1.570926E+074 2.150400E+004, Sun Jul 26 15:51:39 2015
0.10, 0.00, 0.40, 0.00 , -2.262722E-011, -1.295720E-011, -3.662143E-011, -1.168970E-013, 2.150400E+004 1.570926E+074 2.150400E+004, Sun Jul 26 15:51:46 2015
0.15, 0.00, 0.40, 0.00 , -2.131907E-011, -1.420250E-011, -3.557321E-011, -1.080160E-013, 2.150400E+004 1.570926E+074 2.150400E+004, Sun Jul 26 15:51:53 2015
0.20, 0.00, 0.40, 0.00 , -1.992650E-011, -1.532900E-011, -3.695686E-011, -1.384620E-013, 2.150400E+004 1.570926E+074 2.150400E+004, Sun Jul 26 15:52:06 2015
0.25, 0.00, 0.40, 0.00 , -1.866051E-011, -1.647110E-011, -3.699878E-011, -1.443510E-013, 2.150400E+004 1.570926E+074 2.150400E+004, Sun Jul 26 15:52:11 2015
0.30, 0.00, 0.40, 0.00 , -1.743674E-011, -1.768610E-011, -3.603442E-011, -1.598720E-013, 2.150400E+004 1.570926E+074 2.150400E+004, Sun Jul 26 15:52:16 2015
0.35, 0.00, 0.40, 0.00 , -1.629737E-011, -1.894040E-011, -3.582478E-011, -1.714830E-013, 2.150400E+004 1.570926E+074 2.150400E+004, Sun Jul 26 15:52:41 2015
0.40, 0.00, 0.40, 0.00 , -1.431401E-011, -2.025370E-011, -3.599249E-011, -1.742840E-013, 2.150400E+004 1.570926E+074 2.150400E+004, Sun Jul 26 15:53:00 2015
0.45, 0.00, 0.40, 0.00 , -1.317463E-011, -2.157550E-011, -3.641178E-011, -1.828070E-013, 2.150400E+004 1.570926E+074 2.150400E+004, Sun Jul 26 15:53:13 2015
0.50, 0.00, 0.40, 0.00 , -1.195085E-011, -2.295810E-011, -3.624406E-011, -1.993540E-013, 2.150400E+004 1.570926E+074 2.150400E+004, Sun Jul 26 15:53:18 2015
0.55, 0.00, 0.40, 0.00 , -9.503299E-012, -2.443890E-011, -3.620214E-011, -2.351520E-013, 2.150400E+004 1.570926E+074 2.150400E+004, Sun Jul 26 15:53:21 2015
0.60, 0.00, 0.40, 0.00 , -8.870308E-012, -2.601260E-011, -3.603442E-011, -1.945610E-013, 2.150400E+004 1.570926E+074 2.150400E+004, Sun Jul 26 15:53:25 2015
0.65, 0.00, 0.40, 0.00 , -8.448313E-012, -2.767500E-011, -3.620214E-011, -2.272730E-013, 2.150400E+004 1.570926E+074 2.150400E+004, Sun Jul 26 15:53:29 2015
0.70, 0.00, 0.40, 0.00 , -4.481596E-012, -2.917700E-011, -3.750193E-011, -2.445940E-013, 2.150400E+004 1.570926E+074 2.150400E+004, Sun Jul 26 15:53:32 2015
0.75, 0.00, 0.40, 0.00 , -2.498237E-012, -3.098830E-011, -3.645371E-011, -2.585290E-013, 2.150400E+004 1.570926E+074 2.150400E+004, Sun Jul 26 15:53:36 2015
0.80, 0.00, 0.40, 0.00 , -1.063464E-012, -3.270900E-011, -3.683107E-011, -2.785800E-013, 2.150400E+004 1.570926E+074 2.150400E+004, Sun Jul 26 15:53:40 2015
0.85, 0.00, 0.40, 0.00 , -7.680666E-013, -3.457800E-011, -3.595056E-011, -2.892020E-013, 2.150400E+004 1.570926E+074 2.150400E+004, Sun Jul 26 15:53:43 2015
0.90, 0.00, 0.40, 0.00 , 1.806079E-012, -3.657390E-011, -3.699878E-011, -3.057360E-013, 2.150400E+004 1.570926E+074 2.150400E+004, Sun Jul 26 15:53:47 2015
0.95, 0.00, 0.40, 0.00 , 3.367330E-012, -3.861600E-011, -3.683107E-011, -3.021720E-013, 2.150400E+004 1.570926E+074 2.150400E+004, Sun Jul 26 15:53:50 2015
1.00, 0.00, 0.40, 0.00 , 6.911770E-012, -4.067260E-011, -3.678913E-011, -3.149870E-013, 2.150400E+004 1.570926E+074 2.150400E+004, Sun Jul 26 15:53:54 2015
1.05, 0.00, 0.40, 0.00 , 9.443514E-012, -4.261860E-011, -3.616021E-011, -3.342270E-013, 2.150400E+004 1.570926E+074 2.150400E+004, Sun Jul 26 15:53:58 2015
1.10, 0.00, 0.40, 0.00 , 9.992051E-012, -4.476760E-011, -3.691493E-011, -3.342030E-013, 2.150400E+004 1.570926E+074 2.150400E+004, Sun Jul 26 15:54:04 2015
1.15, 0.00, 0.40, 0.00 , 1.269258E-011, -4.704590E-011, -3.729229E-011, -3.439310E-013, 2.150400E+004 1.570926E+074 2.150400E+004, Sun Jul 26 15:54:29 2015
1.20, 0.00, 0.40, 0.00 , 1.505554E-011, -4.945010E-011, -3.695686E-011, -3.603940E-013, 2.150400E+004 1.570926E+074 2.150400E+004, Sun Jul 26 15:54:55 2015
1.25, 0.00, 0.40, 0.00 , 1.703873E-011, -5.192510E-011, -3.754386E-011, -3.842470E-013, 2.150400E+004 1.570926E+074 2.150400E+004, Sun Jul 26 15:55:09 2015
1.30, 0.00, 0.40, 0.00 , 2.066756E-011, -5.444390E-011, -3.691493E-011, -4.064320E-013, 2.150400E+004 1.570926E+074 2.150400E+004, Sun Jul 26 15:55:14 2015
1.35, 0.00, 0.40, 0.00 , 2.349467E-011, -5.706560E-011, -3.662143E-011, -4.245040E-013, 2.150400E+004 1.570926E+074 2.150400E+004, Sun Jul 26 15:55:19 2015
1.40, 0.00, 0.40, 0.00 , 2.577325E-011, -5.950670E-011, -3.641178E-011, -4.444840E-013, 2.150400E+004 1.570926E+074 2.150400E+004, Sun Jul 26 15:55:24 2015
1.45, 0.00, 0.40, 0.00 , 2.826278E-011, -6.223380E-011, -3.720843E-011, -4.448890E-013, 2.150400E+004 1.570926E+074 2.150400E+004, Sun Jul 26 15:55:28 2015
1.50, 0.00, 0.40, 0.00 , 3.079453E-011, -6.517160E-011, -3.653758E-011, -4.547950E-013, 2.150400E+004 1.570926E+074 2.150400E+004, Sun Jul 26 15:55:38 2015
1.55, 0.00, 0.40, 0.00 , 3.395920E-011, -6.789440E-011, -3.716649E-011, -4.786130E-013, 2.150400E+004 1.570926E+074 2.150400E+004, Sun Jul 26 15:55:42 2015
1.60, 0.00, 0.40, 0.00 , 3.725046E-011, -7.096870E-011, -3.787928E-011, -4.834890E-013, 2.150400E+004 1.570926E+074 2.150400E+004, Sun Jul 26 15:55:47 2015
1.65, 0.00, 0.40, 0.00 , 4.054171E-011, -7.416180E-011, -3.683107E-011, -5.308510E-013, 2.150400E+004 1.570926E+074 2.150400E+004, Sun Jul 26 15:55:53 2015
1.70, 0.00, 0.40, 0.00 , 4.404397E-011, -7.734120E-011, -3.754386E-011, -5.494830E-013, 2.150400E+004 1.570926E+074 2.150400E+004, Sun Jul 26 15:55:58 2015
1.75, 0.00, 0.40, 0.00 , 4.691332E-011, -8.074310E-011, -3.725035E-011, -5.746840E-013, 2.150400E+004 1.570926E+074 2.150400E+004, Sun Jul 26 15:56:04 2015
1.80, 0.00, 0.40, 0.00 , 5.028892E-011, -8.385420E-011, -3.653756E-011, -6.411670E-013, 2.150400E+004 1.570926E+074 2.150400E+004, Sun Jul 26 15:56:09 2015
1.85, 0.00, 0.40, 0.00 , 5.269407E-011, -8.743490E-011, -3.699878E-011, -6.494160E-013, 2.150400E+004 1.570926E+074 2.150400E+004, Sun Jul 26 15:56:14 2015
1.90, 0.00, 0.40, 0.00 , 5.750441E-011, -9.094100E-011, -3.775350E-011, -6.961940E-013, 2.150400E+004 1.570926E+074 2.150400E+004, Sun Jul 26 15:56:19 2015
1.95, 0.00, 0.40, 0.00 , 6.155517E-011, -9.479720E-011, -3.678914E-011, -7.566450E-013, 2.150400E+004 1.570926E+074 2.150400E+004, Sun Jul 26 15:56:24 2015
2.00, 0.00, 0.40, 0.00 , 6.463544E-011, -9.827410E-011, -3.674721E-011, -8.131620E-013, 2.150400E+004 1.570926E+074 2.150400E+004, Sun Jul 26 15:56:28 2015
