1.75, 1.80, 1.80, 1.80 , 4.575635E-010, 1.194680E-010, 2.757715E-009, -1.239520E-011, 2.150400E+004 1.570926E+074 2.150400E+004, Sun Aug 16 20:54:58 2015
1.75, 1.80, 1.78, 1.80 , 3.460399E-010, 9.938810E-011, 2.288321E-009, 2.670520E-011, 2.150400E+004 1.570926E+074 2.150400E+004, Sun Aug 16 20:55:39 2015
1.75, 1.80, 1.76, 1.80 , 3.424111E-010, 8.757110E-011, 2.100458E-009, 3.083540E-011, 2.150400E+004 1.570926E+074 2.150400E+004, Sun Aug 16 20:55:51 2015
1.75, 1.80, 1.74, 1.80 , 3.220303E-010, 9.343390E-011, 2.069727E-009, 3.501690E-011, 2.150400E+004 1.570926E+074 2.150400E+004, Sun Aug 16 20:55:59 2015
1.75, 1.80, 1.72, 1.80 , 3.103844E-010, 8.774420E-011, 1.831429E-009, 4.283000E-011, 2.150400E+004 1.570926E+074 2.150400E+004, Sun Aug 16 20:56:23 2015
1.75, 1.80, 1.70, 1.80 , 2.832948E-010, 8.907580E-011, 1.771140E-009, 4.115600E-011, 2.150400E+004 1.570926E+074 2.150400E+004, Sun Aug 16 20:56:39 2015
1.75, 1.80, 1.68, 1.80 , 2.862904E-010, 8.295660E-011, 1.786148E-009, 4.174310E-011, 2.150400E+004 1.570926E+074 2.150400E+004, Sun Aug 16 20:56:50 2015
1.75, 1.80, 1.66, 1.80 , 2.743911E-010, 8.007440E-011, 1.726825E-009, 4.289830E-011, 2.150400E+004 1.570926E+074 2.150400E+004, Sun Aug 16 20:57:02 2015
1.75, 1.80, 1.64, 1.80 , 2.752773E-010, 8.504820E-011, 1.656012E-009, 4.600840E-011, 2.150400E+004 1.570926E+074 2.150400E+004, Sun Aug 16 20:57:08 2015
1.75, 1.80, 1.62, 1.80 , 2.993713E-010, 9.008850E-011, 1.578701E-009, 5.364340E-011, 2.150400E+004 1.570926E+074 2.150400E+004, Sun Aug 16 20:57:12 2015
1.75, 1.80, 1.60, 1.80 , 3.181062E-010, 8.997280E-011, 1.494978E-009, 6.015970E-011, 2.150400E+004 1.570926E+074 2.150400E+004, Sun Aug 16 20:57:19 2015
1.75, 1.80, 1.58, 1.80 , 3.319885E-010, 9.402630E-011, 1.422408E-009, 6.430740E-011, 2.150400E+004 1.570926E+074 2.150400E+004, Sun Aug 16 20:57:24 2015
1.75, 1.80, 1.56, 1.80 , 3.428753E-010, 9.872010E-011, 1.350421E-009, 6.684300E-011, 2.150400E+004 1.570926E+074 2.150400E+004, Sun Aug 16 20:57:29 2015
1.75, 1.80, 1.54, 1.80 , 3.668000E-010, 9.958470E-011, 1.297723E-009, 7.351180E-011, 2.150400E+004 1.570926E+074 2.150400E+004, Sun Aug 16 20:57:36 2015
1.75, 1.80, 1.52, 1.80 , 3.724123E-010, 1.008530E-010, 1.248544E-009, 7.444000E-011, 2.150400E+004 1.570926E+074 2.150400E+004, Sun Aug 16 20:57:40 2015
1.75, 1.80, 1.50, 1.80 , 3.821173E-010, 1.051160E-010, 1.212069E-009, 8.029560E-011, 2.150400E+004 1.570926E+074 2.150400E+004, Sun Aug 16 20:57:46 2015
1.75, 1.80, 1.48, 1.80 , 4.042700E-010, 1.081350E-010, 1.101765E-009, 8.614380E-011, 2.150400E+004 1.570926E+074 2.150400E+004, Sun Aug 16 20:57:52 2015
1.75, 1.80, 1.46, 1.80 , 4.181949E-010, 1.155420E-010, 1.063781E-009, 9.138540E-011, 2.150400E+004 1.570926E+074 2.150400E+004, Sun Aug 16 20:57:59 2015
1.75, 1.80, 1.44, 1.80 , 4.442718E-010, 1.175110E-010, 1.057702E-009, 1.042560E-010, 2.150400E+004 1.570926E+074 2.150400E+004, Sun Aug 16 20:58:12 2015
1.75, 1.80, 1.42, 1.80 , 4.575635E-010, 1.214370E-010, 9.619462E-010, 1.094720E-010, 2.150400E+004 1.570926E+074 2.150400E+004, Sun Aug 16 20:58:17 2015
1.75, 1.80, 1.40, 1.80 , 4.703911E-010, 1.222750E-010, 9.272325E-010, 1.105160E-010, 2.150400E+004 1.570926E+074 2.150400E+004, Sun Aug 16 20:58:21 2015
1.75, 1.80, 1.38, 1.80 , 4.792097E-010, 1.231210E-010, 8.956214E-010, 1.106730E-010, 2.150400E+004 1.570926E+074 2.150400E+004, Sun Aug 16 20:58:25 2015
1.75, 1.80, 1.36, 1.80 , 4.913200E-010, 1.320290E-010, 8.124830E-010, 1.173260E-010, 2.150400E+004 1.570926E+074 2.150400E+004, Sun Aug 16 20:58:32 2015
1.75, 1.80, 1.34, 1.80 , 5.172707E-010, 1.367900E-010, 7.624682E-010, 1.256310E-010, 2.150400E+004 1.570926E+074 2.150400E+004, Sun Aug 16 20:58:36 2015
1.75, 1.80, 1.32, 1.80 , 5.281991E-010, 1.398910E-010, 7.237708E-010, 1.294520E-010, 2.150400E+004 1.570926E+074 2.150400E+004, Sun Aug 16 20:58:40 2015
1.75, 1.80, 1.30, 1.80 , 5.361324E-010, 1.470890E-010, 6.622254E-010, 1.342040E-010, 2.150400E+004 1.570926E+074 2.150400E+004, Sun Aug 16 20:58:44 2015
1.75, 1.80, 1.28, 1.80 , 5.453306E-010, 1.580380E-010, 6.160243E-010, 1.387120E-010, 2.150400E+004 1.570926E+074 2.150400E+004, Sun Aug 16 20:58:48 2015
1.75, 1.80, 1.26, 1.80 , 5.495925E-010, 1.764210E-010, 6.021890E-010, 1.433550E-010, 2.150400E+004 1.570926E+074 2.150400E+004, Sun Aug 16 20:58:55 2015
1.75, 1.80, 1.24, 1.80 , 5.313219E-010, 2.111400E-010, 5.239573E-010, 1.481370E-010, 2.150400E+004 1.570926E+074 2.150400E+004, Sun Aug 16 20:58:59 2015
1.75, 1.80, 1.22, 1.80 , 4.841046E-010, 2.778650E-010, 4.937294E-010, 1.527370E-010, 2.150400E+004 1.570926E+074 2.150400E+004, Sun Aug 16 20:59:03 2015
1.75, 1.80, 1.20, 1.80 , 3.759568E-010, 3.931920E-010, 4.496665E-010, 1.563480E-010, 2.150400E+004 1.570926E+074 2.150400E+004, Sun Aug 16 20:59:07 2015
1.75, 1.80, 1.18, 1.80 , 1.906748E-010, 6.292440E-010, 4.071965E-010, 1.672910E-010, 2.150400E+004 1.570926E+074 2.150400E+004, Sun Aug 16 20:59:19 2015
1.75, 1.80, 1.16, 1.80 , -1.920573E-010, 1.024420E-009, 3.575990E-010, 1.768090E-010, 2.150400E+004 1.570926E+074 2.150400E+004, Sun Aug 16 20:59:27 2015
1.75, 1.80, 1.14, 1.80 , -8.567809E-010, 1.737000E-009, 2.697247E-010, 1.810770E-010, 2.150400E+004 1.570926E+074 2.150400E+004, Sun Aug 16 20:59:30 2015
1.75, 1.80, 1.12, 1.80 , -1.988482E-009, 2.909300E-009, 2.327889E-010, 1.961230E-010, 2.150400E+004 1.570926E+074 2.150400E+004, Sun Aug 16 20:59:35 2015
1.75, 1.80, 1.10, 1.80 , -3.764229E-009, 4.715900E-009, 1.974463E-010, 1.923040E-010, 2.150400E+004 1.570926E+074 2.150400E+004, Sun Aug 16 20:59:39 2015
1.75, 1.80, 1.08, 1.80 , -6.424599E-009, 7.384780E-009, 1.593366E-010, 1.889970E-010, 2.150400E+004 1.570926E+074 2.150400E+004, Sun Aug 16 20:59:42 2015
1.75, 1.80, 1.06, 1.80 , -1.009923E-008, 1.109040E-008, 1.297377E-010, 1.901670E-010, 2.150400E+004 1.570926E+074 2.150400E+004, Sun Aug 16 20:59:45 2015
1.75, 1.80, 1.04, 1.80 , -1.506121E-008, 1.604320E-008, 8.508776E-011, 2.146330E-010, 2.150400E+004 1.570926E+074 2.150400E+004, Sun Aug 16 20:59:49 2015
1.75, 1.80, 1.02, 1.80 , -2.158474E-008, 2.255950E-008, 7.469032E-011, 2.138990E-010, 2.150400E+004 1.570926E+074 2.150400E+004, Sun Aug 16 20:59:52 2015
1.75, 1.80, 1.00, 1.80 , -2.953185E-008, 3.044820E-008, 6.387371E-011, 2.168550E-010, 2.150400E+004 1.570926E+074 2.150400E+004, Sun Aug 16 20:59:55 2015
1.75, 1.80, 0.98, 1.80 , -3.909348E-008, 4.005460E-008, 1.490550E-011, 2.197170E-010, 2.150400E+004 1.570926E+074 2.150400E+004, Sun Aug 16 20:59:59 2015
1.75, 1.80, 0.96, 1.80 , -5.033371E-008, 5.136320E-008, -7.901620E-012, 2.295110E-010, 2.150400E+004 1.570926E+074 2.150400E+004, Sun Aug 16 21:00:02 2015
1.75, 1.80, 0.94, 1.80 , -6.323019E-008, 6.416160E-008, -2.559417E-011, 2.411910E-010, 2.150400E+004 1.570926E+074 2.150400E+004, Sun Aug 16 21:00:05 2015
1.75, 1.80, 0.92, 1.80 , -7.778802E-008, 7.878980E-008, -5.913738E-011, 2.475810E-010, 2.150400E+004 1.570926E+074 2.150400E+004, Sun Aug 16 21:00:08 2015
1.75, 1.80, 0.90, 1.80 , -9.368328E-008, 9.473580E-008, -8.257572E-011, 2.519890E-010, 2.150400E+004 1.570926E+074 2.150400E+004, Sun Aug 16 21:00:12 2015
1.75, 1.80, 0.88, 1.80 , -1.111386E-007, 1.123100E-007, -1.199346E-010, 2.655720E-010, 2.150400E+004 1.570926E+074 2.150400E+004, Sun Aug 16 21:00:15 2015
1.75, 1.80, 0.86, 1.80 , -1.297190E-007, 1.307940E-007, -1.421152E-010, 2.766530E-010, 2.150400E+004 1.570926E+074 2.150400E+004, Sun Aug 16 21:00:19 2015
1.75, 1.80, 0.84, 1.80 , -1.489116E-007, 1.501400E-007, -1.737714E-010, 2.785450E-010, 2.150400E+004 1.570926E+074 2.150400E+004, Sun Aug 16 21:00:22 2015
1.75, 1.80, 0.82, 1.80 , -1.694493E-007, 1.704890E-007, -2.037087E-010, 2.862670E-010, 2.150400E+004 1.570926E+074 2.150400E+004, Sun Aug 16 21:00:25 2015
1.75, 1.80, 0.80, 1.80 , -1.906314E-007, 1.918360E-007, -2.307950E-010, 2.902320E-010, 2.150400E+004 1.570926E+074 2.150400E+004, Sun Aug 16 21:00:28 2015
1.75, 1.80, 0.78, 1.80 , -2.109969E-007, 2.123010E-007, -2.507113E-010, 2.914670E-010, 2.150400E+004 1.570926E+074 2.150400E+004, Sun Aug 16 21:00:32 2015
1.75, 1.80, 0.76, 1.80 , -2.326493E-007, 2.335830E-007, -2.836674E-010, 2.954080E-010, 2.150400E+004 1.570926E+074 2.150400E+004, Sun Aug 16 21:00:35 2015
1.75, 1.80, 0.74, 1.80 , -2.548026E-007, 2.554980E-007, -3.090768E-010, 2.984650E-010, 2.150400E+004 1.570926E+074 2.150400E+004, Sun Aug 16 21:00:38 2015
1.75, 1.80, 0.72, 1.80 , -2.770412E-007, 2.780440E-007, -3.360367E-010, 2.989260E-010, 2.150400E+004 1.570926E+074 2.150400E+004, Sun Aug 16 21:00:41 2015
1.75, 1.80, 0.70, 1.80 , -2.987419E-007, 3.005160E-007, -3.724314E-010, 2.985660E-010, 2.150400E+004 1.570926E+074 2.150400E+004, Sun Aug 16 21:00:45 2015
1.75, 1.80, 0.68, 1.80 , -3.216796E-007, 3.227530E-007, -3.714664E-010, 2.809230E-010, 2.150400E+004 1.570926E+074 2.150400E+004, Sun Aug 16 21:00:48 2015
1.75, 1.80, 0.66, 1.80 , -3.434350E-007, 3.448820E-007, -3.887415E-010, 2.923800E-010, 2.150400E+004 1.570926E+074 2.150400E+004, Sun Aug 16 21:00:51 2015
1.75, 1.80, 0.64, 1.80 , -3.666817E-007, 3.673570E-007, -4.289098E-010, 3.039200E-010, 2.150400E+004 1.570926E+074 2.150400E+004, Sun Aug 16 21:00:54 2015
1.75, 1.80, 0.62, 1.80 , -3.875279E-007, 3.886770E-007, -4.838367E-010, 3.109720E-010, 2.150400E+004 1.570926E+074 2.150400E+004, Sun Aug 16 21:00:58 2015
1.75, 1.80, 0.60, 1.80 , -4.100037E-007, 4.131370E-007, -5.312163E-010, 3.167280E-010, 2.150400E+004 1.570926E+074 2.150400E+004, Sun Aug 16 21:01:01 2015
1.75, 1.80, 0.58, 1.80 , -4.342178E-007, 4.353980E-007, -5.528093E-010, 3.306160E-010, 2.150400E+004 1.570926E+074 2.150400E+004, Sun Aug 16 21:01:04 2015
1.75, 1.80, 0.56, 1.80 , -4.564751E-007, 4.578580E-007, -6.179676E-010, 3.404810E-010, 2.150400E+004 1.570926E+074 2.150400E+004, Sun Aug 16 21:01:07 2015
1.75, 1.80, 0.54, 1.80 , -4.790203E-007, 4.802770E-007, -6.782191E-010, 3.539250E-010, 2.150400E+004 1.570926E+074 2.150400E+004, Sun Aug 16 21:01:11 2015
1.75, 1.80, 0.52, 1.80 , -5.012070E-007, 5.025680E-007, -7.067313E-010, 3.558960E-010, 2.150400E+004 1.570926E+074 2.150400E+004, Sun Aug 16 21:01:14 2015
1.75, 1.80, 0.50, 1.80 , -5.216428E-007, 5.229360E-007, -7.310921E-010, 3.641090E-010, 2.150400E+004 1.570926E+074 2.150400E+004, Sun Aug 16 21:01:17 2015
1.75, 1.80, 0.48, 1.80 , -5.450922E-007, 5.463750E-007, -8.195211E-010, 3.702980E-010, 2.150400E+004 1.570926E+074 2.150400E+004, Sun Aug 16 21:01:20 2015
1.75, 1.80, 0.46, 1.80 , -5.669177E-007, 5.681670E-007, -8.284095E-010, 3.742940E-010, 2.150400E+004 1.570926E+074 2.150400E+004, Sun Aug 16 21:01:24 2015
1.75, 1.80, 0.44, 1.80 , -5.884616E-007, 5.898160E-007, -9.030446E-010, 3.728640E-010, 2.150400E+004 1.570926E+074 2.150400E+004, Sun Aug 16 21:01:27 2015
1.75, 1.80, 0.42, 1.80 , -6.099522E-007, 6.112880E-007, -9.275714E-010, 3.732930E-010, 2.150400E+004 1.570926E+074 2.150400E+004, Sun Aug 16 21:01:30 2015
1.75, 1.80, 0.40, 1.80 , -6.309378E-007, 6.324020E-007, -1.001785E-009, 3.840800E-010, 2.150400E+004 1.570926E+074 2.150400E+004, Sun Aug 16 21:01:34 2015
1.75, 1.80, 0.38, 1.80 , -6.522466E-007, 6.538320E-007, -1.049544E-009, 3.942230E-010, 2.150400E+004 1.570926E+074 2.150400E+004, Sun Aug 16 21:01:37 2015
1.75, 1.80, 0.36, 1.80 , -6.729495E-007, 6.745320E-007, -1.128831E-009, 4.047060E-010, 2.150400E+004 1.570926E+074 2.150400E+004, Sun Aug 16 21:01:40 2015
1.75, 1.80, 0.34, 1.80 , -6.938359E-007, 6.954290E-007, -1.177720E-009, 4.089690E-010, 2.150400E+004 1.570926E+074 2.150400E+004, Sun Aug 16 21:01:43 2015
1.75, 1.80, 0.32, 1.80 , -7.143420E-007, 7.160630E-007, -1.209251E-009, 4.119840E-010, 2.150400E+004 1.570926E+074 2.150400E+004, Sun Aug 16 21:01:47 2015
1.75, 1.80, 0.30, 1.80 , -7.346291E-007, 7.362410E-007, -1.301872E-009, 4.382710E-010, 2.150400E+004 1.570926E+074 2.150400E+004, Sun Aug 16 21:01:50 2015
1.75, 1.80, 0.28, 1.80 , -7.544598E-007, 7.560360E-007, -1.347282E-009, 4.414710E-010, 2.150400E+004 1.570926E+074 2.150400E+004, Sun Aug 16 21:01:53 2015
1.75, 1.80, 0.26, 1.80 , -7.747211E-007, 7.764980E-007, -1.394955E-009, 4.496400E-010, 2.150400E+004 1.570926E+074 2.150400E+004, Sun Aug 16 21:01:56 2015
1.75, 1.80, 0.24, 1.80 , -7.948745E-007, 7.965210E-007, -1.483678E-009, 4.576770E-010, 2.150400E+004 1.570926E+074 2.150400E+004, Sun Aug 16 21:02:00 2015
1.75, 1.80, 0.22, 1.80 , -8.142389E-007, 8.159940E-007, -1.540993E-009, 4.560900E-010, 2.150400E+004 1.570926E+074 2.150400E+004, Sun Aug 16 21:02:03 2015
1.75, 1.80, 0.20, 1.80 , -8.340165E-007, 8.359650E-007, -1.574034E-009, 4.707420E-010, 2.150400E+004 1.570926E+074 2.150400E+004, Sun Aug 16 21:02:06 2015
1.75, 1.80, 0.18, 1.80 , -8.534890E-007, 8.551170E-007, -1.658520E-009, 4.768580E-010, 2.150400E+004 1.570926E+074 2.150400E+004, Sun Aug 16 21:02:09 2015
1.75, 1.80, 0.16, 1.80 , -8.728526E-007, 8.745930E-007, -1.605188E-009, 4.885110E-010, 2.150400E+004 1.570926E+074 2.150400E+004, Sun Aug 16 21:02:13 2015
1.75, 1.80, 0.14, 1.80 , -8.921536E-007, 8.939190E-007, -1.761792E-009, 5.022210E-010, 2.150400E+004 1.570926E+074 2.150400E+004, Sun Aug 16 21:02:16 2015
1.75, 1.80, 0.12, 1.80 , -9.110780E-007, 9.128490E-007, -1.875545E-009, 5.112980E-010, 2.150400E+004 1.570926E+074 2.150400E+004, Sun Aug 16 21:02:19 2015
1.75, 1.80, 0.10, 1.80 , -9.299731E-007, 9.321280E-007, -1.917139E-009, 5.175740E-010, 2.150400E+004 1.570926E+074 2.150400E+004, Sun Aug 16 21:02:22 2015
1.75, 1.80, 0.08, 1.80 , -9.485728E-007, 9.506330E-007, -1.984519E-009, 5.328490E-010, 2.150400E+004 1.570926E+074 2.150400E+004, Sun Aug 16 21:02:26 2015
1.75, 1.80, 0.06, 1.80 , -9.670441E-007, 9.692980E-007, -2.094710E-009, 5.381130E-010, 2.150400E+004 1.570926E+074 2.150400E+004, Sun Aug 16 21:02:29 2015
1.75, 1.80, 0.04, 1.80 , -9.858053E-007, 9.876730E-007, -2.106574E-009, 5.430900E-010, 2.150400E+004 1.570926E+074 2.150400E+004, Sun Aug 16 21:02:32 2015
1.75, 1.80, 0.02, 1.80 , -1.004150E-006, 1.006120E-006, -2.264437E-009, 5.634510E-010, 2.150400E+004 1.570926E+074 2.150400E+004, Sun Aug 16 21:02:35 2015
1.75, 1.80, 0.00, 1.80 , -1.022386E-006, 1.024470E-006, -2.291527E-009, 5.761490E-010, 2.150400E+004 1.570926E+074 2.150400E+004, Sun Aug 16 21:02:39 2015
1.75, 1.80, -0.02, 1.80 , -1.040190E-006, 1.042520E-006, -2.382427E-009, 5.866380E-010, 2.150400E+004 1.570926E+074 2.150400E+004, Sun Aug 16 21:02:42 2015
1.75, 1.80, -0.04, 1.80 , -1.058559E-006, 1.060580E-006, -2.435510E-009, 6.024560E-010, 2.150400E+004 1.570926E+074 2.150400E+004, Sun Aug 16 21:02:45 2015
1.75, 1.80, -0.06, 1.80 , -1.076549E-006, 1.078740E-006, -2.539323E-009, 6.152800E-010, 2.150400E+004 1.570926E+074 2.150400E+004, Sun Aug 16 21:02:49 2015
1.75, 1.80, -0.08, 1.80 , -1.094256E-006, 1.096510E-006, -2.622426E-009, 6.218960E-010, 2.150400E+004 1.570926E+074 2.150400E+004, Sun Aug 16 21:02:52 2015
1.75, 1.80, -0.10, 1.80 , -1.111992E-006, 1.113930E-006, -2.668258E-009, 6.257140E-010, 2.150400E+004 1.570926E+074 2.150400E+004, Sun Aug 16 21:02:55 2015
1.75, 1.80, -0.12, 1.80 , -1.129683E-006, 1.131700E-006, -2.735888E-009, 6.394890E-010, 2.150400E+004 1.570926E+074 2.150400E+004, Sun Aug 16 21:02:58 2015
1.75, 1.80, -0.14, 1.80 , -1.147414E-006, 1.149610E-006, -2.821086E-009, 6.483780E-010, 2.150400E+004 1.570926E+074 2.150400E+004, Sun Aug 16 21:03:02 2015
1.75, 1.80, -0.16, 1.80 , -1.164949E-006, 1.167700E-006, -2.856643E-009, 6.431760E-010, 2.150400E+004 1.570926E+074 2.150400E+004, Sun Aug 16 21:03:05 2015
1.75, 1.80, -0.18, 1.80 , -1.182810E-006, 1.185080E-006, -2.924444E-009, 6.447930E-010, 2.150400E+004 1.570926E+074 2.150400E+004, Sun Aug 16 21:03:08 2015
1.75, 1.80, -0.20, 1.80 , -1.200351E-006, 1.202830E-006, -3.024317E-009, 6.624000E-010, 2.150400E+004 1.570926E+074 2.150400E+004, Sun Aug 16 21:03:11 2015
