1.75, 1.80, 1.80, 1.80 , 3.598485E-011, 3.876680E-011, 1.892728E-009, 2.235900E-011, 2.150400E+004 1.570926E+074 2.150400E+004, Sun Aug 23 07:34:58 2015
1.75, 1.80, 1.78, 1.80 , 2.210237E-011, 3.835990E-011, 1.685325E-009, 2.452080E-011, 2.150400E+004 1.570926E+074 2.150400E+004, Sun Aug 23 07:35:49 2015
1.75, 1.80, 1.76, 1.80 , 2.231335E-011, 3.675730E-011, 1.607260E-009, 2.419180E-011, 2.150400E+004 1.570926E+074 2.150400E+004, Sun Aug 23 07:36:10 2015
1.75, 1.80, 1.74, 1.80 , 9.274782E-012, 3.700340E-011, 1.465847E-009, 2.392870E-011, 2.150400E+004 1.570926E+074 2.150400E+004, Sun Aug 23 07:37:09 2015
1.75, 1.80, 1.72, 1.80 , 1.421172E-011, 3.805840E-011, 1.419603E-009, 2.386130E-011, 2.150400E+004 1.570926E+074 2.150400E+004, Sun Aug 23 07:37:29 2015
1.75, 1.80, 1.70, 1.80 , 9.992112E-012, 3.965650E-011, 1.378684E-009, 2.406640E-011, 2.150400E+004 1.570926E+074 2.150400E+004, Sun Aug 23 07:37:55 2015
1.75, 1.80, 1.68, 1.80 , 1.340999E-011, 3.715690E-011, 1.250058E-009, 2.393140E-011, 2.150400E+004 1.570926E+074 2.150400E+004, Sun Aug 23 07:38:01 2015
1.75, 1.80, 1.66, 1.80 , 8.979406E-012, 3.741360E-011, 1.254628E-009, 2.387520E-011, 2.150400E+004 1.570926E+074 2.150400E+004, Sun Aug 23 07:38:07 2015
1.75, 1.80, 1.64, 1.80 , 7.966711E-012, 3.755520E-011, 1.219998E-009, 2.432570E-011, 2.150400E+004 1.570926E+074 2.150400E+004, Sun Aug 23 07:38:13 2015
1.75, 1.80, 1.62, 1.80 , 8.515250E-012, 3.798160E-011, 1.205199E-009, 2.431120E-011, 2.150400E+004 1.570926E+074 2.150400E+004, Sun Aug 23 07:38:22 2015
1.75, 1.80, 1.60, 1.80 , 9.570154E-012, 3.828180E-011, 1.141221E-009, 2.431070E-011, 2.150400E+004 1.570926E+074 2.150400E+004, Sun Aug 23 07:38:27 2015
1.75, 1.80, 1.58, 1.80 , 8.177686E-012, 3.844760E-011, 1.103865E-009, 2.469710E-011, 2.150400E+004 1.570926E+074 2.150400E+004, Sun Aug 23 07:38:37 2015
1.75, 1.80, 1.56, 1.80 , 8.093291E-012, 3.859210E-011, 1.017710E-009, 2.454310E-011, 2.150400E+004 1.570926E+074 2.150400E+004, Sun Aug 23 07:38:42 2015
1.75, 1.80, 1.54, 1.80 , 9.696743E-012, 3.848240E-011, 1.024502E-009, 2.532800E-011, 2.150400E+004 1.570926E+074 2.150400E+004, Sun Aug 23 07:38:46 2015
1.75, 1.80, 1.52, 1.80 , 6.489844E-012, 3.888090E-011, 9.871470E-010, 2.482620E-011, 2.150400E+004 1.570926E+074 2.150400E+004, Sun Aug 23 07:38:51 2015
1.75, 1.80, 1.50, 1.80 , 9.992123E-012, 3.884800E-011, 9.667296E-010, 2.546050E-011, 2.150400E+004 1.570926E+074 2.150400E+004, Sun Aug 23 07:39:04 2015
1.75, 1.80, 1.48, 1.80 , 6.532043E-012, 4.033210E-011, 9.632076E-010, 2.532150E-011, 2.150400E+004 1.570926E+074 2.150400E+004, Sun Aug 23 07:39:15 2015
1.75, 1.80, 1.46, 1.80 , 8.135490E-012, 3.905990E-011, 8.749978E-010, 2.548640E-011, 2.150400E+004 1.570926E+074 2.150400E+004, Sun Aug 23 07:39:26 2015
1.75, 1.80, 1.44, 1.80 , 8.515255E-012, 3.932790E-011, 8.510583E-010, 2.545630E-011, 2.150400E+004 1.570926E+074 2.150400E+004, Sun Aug 23 07:39:35 2015
1.75, 1.80, 1.42, 1.80 , 7.797919E-012, 3.954200E-011, 8.225496E-010, 2.520090E-011, 2.150400E+004 1.570926E+074 2.150400E+004, Sun Aug 23 07:39:41 2015
1.75, 1.80, 1.40, 1.80 , 8.093290E-012, 3.956930E-011, 7.876676E-010, 2.599610E-011, 2.150400E+004 1.570926E+074 2.150400E+004, Sun Aug 23 07:39:48 2015
1.75, 1.80, 1.38, 1.80 , 7.629136E-012, 3.930740E-011, 7.555533E-010, 2.563630E-011, 2.150400E+004 1.570926E+074 2.150400E+004, Sun Aug 23 07:39:53 2015
1.75, 1.80, 1.36, 1.80 , 8.093290E-012, 4.010840E-011, 7.194551E-010, 2.650560E-011, 2.150400E+004 1.570926E+074 2.150400E+004, Sun Aug 23 07:39:57 2015
1.75, 1.80, 1.34, 1.80 , 9.570150E-012, 3.993610E-011, 6.991641E-010, 2.611410E-011, 2.150400E+004 1.570926E+074 2.150400E+004, Sun Aug 23 07:40:09 2015
1.75, 1.80, 1.32, 1.80 , 7.629137E-012, 4.065910E-011, 6.667979E-010, 2.567000E-011, 2.150400E+004 1.570926E+074 2.150400E+004, Sun Aug 23 07:40:13 2015
1.75, 1.80, 1.30, 1.80 , 9.401366E-012, 4.061680E-011, 6.163621E-010, 2.646600E-011, 2.150400E+004 1.570926E+074 2.150400E+004, Sun Aug 23 07:40:18 2015
1.75, 1.80, 1.28, 1.80 , 1.201752E-011, 4.058600E-011, 6.018981E-010, 2.629400E-011, 2.150400E+004 1.570926E+074 2.150400E+004, Sun Aug 23 07:40:23 2015
1.75, 1.80, 1.26, 1.80 , 9.865519E-012, 4.131720E-011, 5.599726E-010, 2.637820E-011, 2.150400E+004 1.570926E+074 2.150400E+004, Sun Aug 23 07:40:27 2015
1.75, 1.80, 1.24, 1.80 , 9.232582E-012, 4.122860E-011, 5.452992E-010, 2.679940E-011, 2.150400E+004 1.570926E+074 2.150400E+004, Sun Aug 23 07:40:31 2015
1.75, 1.80, 1.22, 1.80 , 9.401373E-012, 4.126030E-011, 5.256356E-010, 2.655810E-011, 2.150400E+004 1.570926E+074 2.150400E+004, Sun Aug 23 07:40:36 2015
1.75, 1.80, 1.20, 1.80 , 7.755725E-012, 4.125410E-011, 4.931445E-010, 2.669070E-011, 2.150400E+004 1.570926E+074 2.150400E+004, Sun Aug 23 07:40:41 2015
1.75, 1.80, 1.18, 1.80 , 7.924507E-012, 4.136430E-011, 4.782607E-010, 2.679320E-011, 2.150400E+004 1.570926E+074 2.150400E+004, Sun Aug 23 07:40:48 2015
1.75, 1.80, 1.16, 1.80 , 8.937213E-012, 4.098460E-011, 4.461466E-010, 2.711350E-011, 2.150400E+004 1.570926E+074 2.150400E+004, Sun Aug 23 07:40:55 2015
1.75, 1.80, 1.14, 1.80 , 6.489843E-012, 4.196660E-011, 4.068206E-010, 2.685670E-011, 2.150400E+004 1.570926E+074 2.150400E+004, Sun Aug 23 07:41:03 2015
1.75, 1.80, 1.12, 1.80 , 9.148194E-012, 4.171190E-011, 3.906377E-010, 2.715300E-011, 2.150400E+004 1.570926E+074 2.150400E+004, Sun Aug 23 07:41:07 2015
1.75, 1.80, 1.10, 1.80 , 6.110081E-012, 4.190440E-011, 3.642670E-010, 2.690220E-011, 2.150400E+004 1.570926E+074 2.150400E+004, Sun Aug 23 07:41:13 2015
1.75, 1.80, 1.08, 1.80 , 1.227069E-011, 4.150430E-011, 3.399083E-010, 2.693160E-011, 2.150400E+004 1.570926E+074 2.150400E+004, Sun Aug 23 07:41:20 2015
1.75, 1.80, 1.06, 1.80 , 7.882312E-012, 4.199900E-011, 3.181074E-010, 2.721250E-011, 2.150400E+004 1.570926E+074 2.150400E+004, Sun Aug 23 07:41:26 2015
1.75, 1.80, 1.04, 1.80 , 6.574234E-012, 4.230350E-011, 2.976899E-010, 2.695080E-011, 2.150400E+004 1.570926E+074 2.150400E+004, Sun Aug 23 07:41:31 2015
1.75, 1.80, 1.02, 1.80 , 9.992106E-012, 4.194040E-011, 2.785301E-010, 2.760600E-011, 2.150400E+004 1.570926E+074 2.150400E+004, Sun Aug 23 07:41:39 2015
1.75, 1.80, 1.00, 1.80 , 6.110084E-012, 4.211280E-011, 2.561001E-010, 2.775160E-011, 2.150400E+004 1.570926E+074 2.150400E+004, Sun Aug 23 07:41:46 2015
1.75, 1.80, 0.98, 1.80 , 7.249373E-012, 4.212550E-011, 2.406297E-010, 2.758620E-011, 2.150400E+004 1.570926E+074 2.150400E+004, Sun Aug 23 07:41:51 2015
1.75, 1.80, 0.96, 1.80 , 5.308354E-012, 4.225100E-011, 2.268366E-010, 2.727400E-011, 2.150400E+004 1.570926E+074 2.150400E+004, Sun Aug 23 07:41:58 2015
1.75, 1.80, 0.94, 1.80 , 8.684038E-012, 4.203300E-011, 2.119951E-010, 2.771970E-011, 2.150400E+004 1.570926E+074 2.150400E+004, Sun Aug 23 07:42:02 2015
1.75, 1.80, 0.92, 1.80 , 8.473056E-012, 4.278710E-011, 1.967345E-010, 2.776440E-011, 2.150400E+004 1.570926E+074 2.150400E+004, Sun Aug 23 07:42:06 2015
1.75, 1.80, 0.90, 1.80 , 9.696738E-012, 4.451940E-011, 1.808868E-010, 2.779480E-011, 2.150400E+004 1.570926E+074 2.150400E+004, Sun Aug 23 07:42:10 2015
1.75, 1.80, 0.88, 1.80 , -5.578832E-012, 5.995760E-011, 1.694831E-010, 2.792900E-011, 2.150400E+004 1.570926E+074 2.150400E+004, Sun Aug 23 07:42:14 2015
1.75, 1.80, 0.86, 1.80 , -6.744322E-011, 1.225270E-010, 1.606370E-010, 2.736200E-011, 2.150400E+004 1.570926E+074 2.150400E+004, Sun Aug 23 07:42:30 2015
1.75, 1.80, 0.84, 1.80 , -2.929571E-010, 3.425150E-010, 1.455860E-010, 2.766170E-011, 2.150400E+004 1.570926E+074 2.150400E+004, Sun Aug 23 07:42:37 2015
1.75, 1.80, 0.82, 1.80 , -8.070305E-010, 8.593900E-010, 1.274323E-010, 2.749250E-011, 2.150400E+004 1.570926E+074 2.150400E+004, Sun Aug 23 07:42:41 2015
1.75, 1.80, 0.80, 1.80 , -1.967346E-009, 2.025720E-009, 1.143098E-010, 2.777090E-011, 2.150400E+004 1.570926E+074 2.150400E+004, Sun Aug 23 07:42:46 2015
1.75, 1.80, 0.78, 1.80 , -4.360013E-009, 4.428230E-009, 1.040802E-010, 2.795400E-011, 2.150400E+004 1.570926E+074 2.150400E+004, Sun Aug 23 07:42:50 2015
1.75, 1.80, 0.76, 1.80 , -8.402842E-009, 8.461140E-009, 9.204764E-011, 2.790350E-011, 2.150400E+004 1.570926E+074 2.150400E+004, Sun Aug 23 07:42:53 2015
1.75, 1.80, 0.74, 1.80 , -1.539327E-008, 1.546840E-008, 8.429146E-011, 2.803520E-011, 2.150400E+004 1.570926E+074 2.150400E+004, Sun Aug 23 07:42:57 2015
1.75, 1.80, 0.72, 1.80 , -2.517240E-008, 2.526370E-008, 7.217514E-011, 2.799230E-011, 2.150400E+004 1.570926E+074 2.150400E+004, Sun Aug 23 07:43:01 2015
1.75, 1.80, 0.70, 1.80 , -3.840374E-008, 3.852840E-008, 5.838181E-011, 2.808970E-011, 2.150400E+004 1.570926E+074 2.150400E+004, Sun Aug 23 07:43:04 2015
1.75, 1.80, 0.68, 1.80 , -5.357476E-008, 5.366010E-008, 5.808836E-011, 2.818290E-011, 2.150400E+004 1.570926E+074 2.150400E+004, Sun Aug 23 07:43:08 2015
1.75, 1.80, 0.66, 1.80 , -7.094021E-008, 7.109170E-008, 4.328886E-011, 2.806040E-011, 2.150400E+004 1.570926E+074 2.150400E+004, Sun Aug 23 07:43:11 2015
1.75, 1.80, 0.64, 1.80 , -9.406524E-008, 9.426590E-008, 3.498768E-011, 2.820730E-011, 2.150400E+004 1.570926E+074 2.150400E+004, Sun Aug 23 07:43:15 2015
1.75, 1.80, 0.62, 1.80 , -1.184797E-007, 1.187250E-007, 2.576421E-011, 2.848190E-011, 2.150400E+004 1.570926E+074 2.150400E+004, Sun Aug 23 07:43:18 2015
1.75, 1.80, 0.60, 1.80 , -1.431334E-007, 1.433800E-007, 2.270371E-011, 2.858570E-011, 2.150400E+004 1.570926E+074 2.150400E+004, Sun Aug 23 07:43:22 2015
1.75, 1.80, 0.58, 1.80 , -1.690025E-007, 1.692300E-007, 1.230627E-011, 2.871180E-011, 2.150400E+004 1.570926E+074 2.150400E+004, Sun Aug 23 07:43:26 2015
1.75, 1.80, 0.56, 1.80 , -1.932378E-007, 1.934770E-007, 3.879350E-012, 2.860030E-011, 2.150400E+004 1.570926E+074 2.150400E+004, Sun Aug 23 07:43:29 2015
1.75, 1.80, 0.54, 1.80 , -2.218060E-007, 2.221630E-007, 2.224783E-014, 2.870580E-011, 2.150400E+004 1.570926E+074 2.150400E+004, Sun Aug 23 07:43:33 2015
1.75, 1.80, 0.52, 1.80 , -2.520295E-007, 2.524330E-007, -4.799128E-012, 2.883410E-011, 2.150400E+004 1.570926E+074 2.150400E+004, Sun Aug 23 07:43:36 2015
1.75, 1.80, 0.50, 1.80 , -2.803033E-007, 2.806660E-007, -1.083633E-011, 2.871280E-011, 2.150400E+004 1.570926E+074 2.150400E+004, Sun Aug 23 07:43:40 2015
1.75, 1.80, 0.48, 1.80 , -3.090415E-007, 3.094350E-007, -1.431610E-011, 2.877360E-011, 2.150400E+004 1.570926E+074 2.150400E+004, Sun Aug 23 07:43:43 2015
1.75, 1.80, 0.46, 1.80 , -3.377114E-007, 3.381100E-007, -1.725085E-011, 2.841260E-011, 2.150400E+004 1.570926E+074 2.150400E+004, Sun Aug 23 07:43:47 2015
1.75, 1.80, 0.44, 1.80 , -3.659878E-007, 3.664030E-007, -2.240763E-011, 2.858370E-011, 2.150400E+004 1.570926E+074 2.150400E+004, Sun Aug 23 07:43:50 2015
1.75, 1.80, 0.42, 1.80 , -3.933937E-007, 3.938550E-007, -2.949360E-011, 2.870560E-011, 2.150400E+004 1.570926E+074 2.150400E+004, Sun Aug 23 07:43:54 2015
1.75, 1.80, 0.40, 1.80 , -4.196920E-007, 4.201620E-007, -3.469281E-011, 2.850580E-011, 2.150400E+004 1.570926E+074 2.150400E+004, Sun Aug 23 07:43:57 2015
1.75, 1.80, 0.38, 1.80 , -4.452038E-007, 4.456620E-007, -3.880186E-011, 2.860580E-011, 2.150400E+004 1.570926E+074 2.150400E+004, Sun Aug 23 07:44:01 2015
1.75, 1.80, 0.36, 1.80 , -4.705848E-007, 4.710610E-007, -4.207235E-011, 2.870780E-011, 2.150400E+004 1.570926E+074 2.150400E+004, Sun Aug 23 07:44:05 2015
1.75, 1.80, 0.34, 1.80 , -4.960131E-007, 4.965050E-007, -4.353987E-011, 2.868030E-011, 2.150400E+004 1.570926E+074 2.150400E+004, Sun Aug 23 07:44:08 2015
1.75, 1.80, 0.32, 1.80 , -5.194619E-007, 5.200790E-007, -4.282707E-011, 2.873020E-011, 2.150400E+004 1.570926E+074 2.150400E+004, Sun Aug 23 07:44:12 2015
1.75, 1.80, 0.30, 1.80 , -5.426286E-007, 5.433410E-007, -4.391725E-011, 2.896800E-011, 2.150400E+004 1.570926E+074 2.150400E+004, Sun Aug 23 07:44:15 2015
1.75, 1.80, 0.28, 1.80 , -5.642860E-007, 5.647970E-007, -4.592983E-011, 2.891800E-011, 2.150400E+004 1.570926E+074 2.150400E+004, Sun Aug 23 07:44:19 2015
1.75, 1.80, 0.26, 1.80 , -5.851404E-007, 5.857950E-007, -4.748122E-011, 2.942170E-011, 2.150400E+004 1.570926E+074 2.150400E+004, Sun Aug 23 07:44:22 2015
1.75, 1.80, 0.24, 1.80 , -6.058576E-007, 6.067000E-007, -4.932610E-011, 2.930050E-011, 2.150400E+004 1.570926E+074 2.150400E+004, Sun Aug 23 07:44:26 2015
1.75, 1.80, 0.22, 1.80 , -6.254648E-007, 6.260750E-007, -4.903259E-011, 2.912950E-011, 2.150400E+004 1.570926E+074 2.150400E+004, Sun Aug 23 07:44:29 2015
1.75, 1.80, 0.20, 1.80 , -6.443628E-007, 6.449980E-007, -5.200957E-011, 2.946630E-011, 2.150400E+004 1.570926E+074 2.150400E+004, Sun Aug 23 07:44:33 2015
1.75, 1.80, 0.18, 1.80 , -6.629562E-007, 6.637610E-007, -4.970345E-011, 2.943890E-011, 2.150400E+004 1.570926E+074 2.150400E+004, Sun Aug 23 07:44:37 2015
1.75, 1.80, 0.16, 1.80 , -6.813272E-007, 6.822030E-007, -5.079361E-011, 2.943040E-011, 2.150400E+004 1.570926E+074 2.150400E+004, Sun Aug 23 07:44:40 2015
1.75, 1.80, 0.14, 1.80 , -6.985891E-007, 6.994250E-007, -5.167412E-011, 2.949120E-011, 2.150400E+004 1.570926E+074 2.150400E+004, Sun Aug 23 07:44:44 2015
1.75, 1.80, 0.12, 1.80 , -7.166002E-007, 7.175040E-007, -5.276428E-011, 2.955770E-011, 2.150400E+004 1.570926E+074 2.150400E+004, Sun Aug 23 07:44:47 2015
1.75, 1.80, 0.10, 1.80 , -7.350544E-007, 7.358530E-007, -5.330937E-011, 2.927130E-011, 2.150400E+004 1.570926E+074 2.150400E+004, Sun Aug 23 07:44:51 2015
1.75, 1.80, 0.08, 1.80 , -7.525390E-007, 7.533830E-007, -5.678948E-011, 2.938670E-011, 2.150400E+004 1.570926E+074 2.150400E+004, Sun Aug 23 07:44:54 2015
1.75, 1.80, 0.06, 1.80 , -7.687975E-007, 7.695100E-007, -5.980839E-011, 2.916730E-011, 2.150400E+004 1.570926E+074 2.150400E+004, Sun Aug 23 07:44:58 2015
1.75, 1.80, 0.04, 1.80 , -7.844365E-007, 7.851340E-007, -6.064696E-011, 2.921820E-011, 2.150400E+004 1.570926E+074 2.150400E+004, Sun Aug 23 07:45:01 2015
1.75, 1.80, 0.02, 1.80 , -8.003270E-007, 8.012080E-007, -5.796351E-011, 2.936670E-011, 2.150400E+004 1.570926E+074 2.150400E+004, Sun Aug 23 07:45:05 2015
1.75, 1.80, 0.00, 1.80 , -8.156727E-007, 8.164770E-007, -6.144363E-011, 2.928360E-011, 2.150400E+004 1.570926E+074 2.150400E+004, Sun Aug 23 07:45:08 2015
1.75, 1.80, -0.02, 1.80 , -8.312924E-007, 8.319820E-007, -6.295307E-011, 2.935840E-011, 2.150400E+004 1.570926E+074 2.150400E+004, Sun Aug 23 07:45:12 2015
1.75, 1.80, -0.04, 1.80 , -8.454643E-007, 8.463870E-007, -6.358201E-011, 2.972300E-011, 2.150400E+004 1.570926E+074 2.150400E+004, Sun Aug 23 07:45:16 2015
1.75, 1.80, -0.06, 1.80 , -8.586654E-007, 8.595980E-007, -6.622353E-011, 2.964790E-011, 2.150400E+004 1.570926E+074 2.150400E+004, Sun Aug 23 07:45:19 2015
1.75, 1.80, -0.08, 1.80 , -8.706543E-007, 8.714720E-007, -6.647514E-011, 2.959960E-011, 2.150400E+004 1.570926E+074 2.150400E+004, Sun Aug 23 07:45:23 2015
1.75, 1.80, -0.10, 1.80 , -8.826906E-007, 8.834730E-007, -6.609775E-011, 2.995620E-011, 2.150400E+004 1.570926E+074 2.150400E+004, Sun Aug 23 07:45:26 2015
1.75, 1.80, -0.12, 1.80 , -8.948224E-007, 8.957050E-007, -6.823614E-011, 3.000150E-011, 2.150400E+004 1.570926E+074 2.150400E+004, Sun Aug 23 07:45:30 2015
1.75, 1.80, -0.14, 1.80 , -9.073339E-007, 9.083630E-007, -6.945211E-011, 3.017350E-011, 2.150400E+004 1.570926E+074 2.150400E+004, Sun Aug 23 07:45:33 2015
1.75, 1.80, -0.16, 1.80 , -9.202380E-007, 9.210970E-007, -6.865545E-011, 3.023580E-011, 2.150400E+004 1.570926E+074 2.150400E+004, Sun Aug 23 07:45:37 2015
1.75, 1.80, -0.18, 1.80 , -9.329069E-007, 9.341580E-007, -7.276450E-011, 3.005370E-011, 2.150400E+004 1.570926E+074 2.150400E+004, Sun Aug 23 07:45:40 2015
1.75, 1.80, -0.20, 1.80 , -9.460372E-007, 9.471420E-007, -7.322572E-011, 3.002130E-011, 2.150400E+004 1.570926E+074 2.150400E+004, Sun Aug 23 07:45:44 2015
