0.00, 1.80, 1.80, 1.80 , -8.263485E-011, 3.321100E-011, 1.646333E-009, 2.311500E-011, 2.150400E+004 1.570926E+074 2.150400E+004, Sun Aug 23 07:45:54 2015
0.00, 1.80, 1.78, 1.80 , -6.756975E-011, 3.197680E-011, 1.413817E-009, 2.308660E-011, 2.150400E+004 1.570926E+074 2.150400E+004, Sun Aug 23 07:46:20 2015
0.00, 1.80, 1.76, 1.80 , -6.689452E-011, 3.241030E-011, 1.360823E-009, 2.343150E-011, 2.150400E+004 1.570926E+074 2.150400E+004, Sun Aug 23 07:46:25 2015
0.00, 1.80, 1.74, 1.80 , -6.765410E-011, 3.221710E-011, 1.313322E-009, 2.349580E-011, 2.150400E+004 1.570926E+074 2.150400E+004, Sun Aug 23 07:46:31 2015
0.00, 1.80, 1.72, 1.80 , -6.900453E-011, 3.244360E-011, 1.259742E-009, 2.347990E-011, 2.150400E+004 1.570926E+074 2.150400E+004, Sun Aug 23 07:46:42 2015
0.00, 1.80, 1.70, 1.80 , -6.765415E-011, 3.012590E-011, 1.214798E-009, 2.326040E-011, 2.150400E+004 1.570926E+074 2.150400E+004, Sun Aug 23 07:46:51 2015
0.00, 1.80, 1.68, 1.80 , -6.195728E-011, 3.184890E-011, 1.126924E-009, 2.325550E-011, 2.150400E+004 1.570926E+074 2.150400E+004, Sun Aug 23 07:47:38 2015
0.00, 1.80, 1.66, 1.80 , -6.474232E-011, 3.181460E-011, 1.108518E-009, 2.344420E-011, 2.150400E+004 1.570926E+074 2.150400E+004, Sun Aug 23 07:47:49 2015
0.00, 1.80, 1.64, 1.80 , -6.237918E-011, 3.323270E-011, 1.077116E-009, 2.357190E-011, 2.150400E+004 1.570926E+074 2.150400E+004, Sun Aug 23 07:47:56 2015
0.00, 1.80, 1.62, 1.80 , -5.980504E-011, 3.178500E-011, 1.036199E-009, 2.433980E-011, 2.150400E+004 1.570926E+074 2.150400E+004, Sun Aug 23 07:48:15 2015
0.00, 1.80, 1.60, 1.80 , -6.191497E-011, 3.344550E-011, 9.834987E-010, 2.333490E-011, 2.150400E+004 1.570926E+074 2.150400E+004, Sun Aug 23 07:48:20 2015
0.00, 1.80, 1.58, 1.80 , -6.039583E-011, 3.268080E-011, 9.615713E-010, 2.460880E-011, 2.150400E+004 1.570926E+074 2.150400E+004, Sun Aug 23 07:48:47 2015
0.00, 1.80, 1.56, 1.80 , -5.773727E-011, 3.265070E-011, 9.335658E-010, 2.385470E-011, 2.150400E+004 1.570926E+074 2.150400E+004, Sun Aug 23 07:48:58 2015
0.00, 1.80, 1.54, 1.80 , -6.064905E-011, 3.296310E-011, 9.307567E-010, 2.378800E-011, 2.150400E+004 1.570926E+074 2.150400E+004, Sun Aug 23 07:49:38 2015
0.00, 1.80, 1.52, 1.80 , -5.904546E-011, 3.059350E-011, 8.570525E-010, 2.365600E-011, 2.150400E+004 1.570926E+074 2.150400E+004, Sun Aug 23 07:49:46 2015
0.00, 1.80, 1.50, 1.80 , -6.005822E-011, 3.341660E-011, 8.447680E-010, 2.370180E-011, 2.150400E+004 1.570926E+074 2.150400E+004, Sun Aug 23 07:50:30 2015
0.00, 1.80, 1.48, 1.80 , -5.870780E-011, 3.285720E-011, 7.993213E-010, 2.371150E-011, 2.150400E+004 1.570926E+074 2.150400E+004, Sun Aug 23 07:50:57 2015
0.00, 1.80, 1.46, 1.80 , -5.718868E-011, 3.372970E-011, 7.670392E-010, 2.415880E-011, 2.150400E+004 1.570926E+074 2.150400E+004, Sun Aug 23 07:51:01 2015
0.00, 1.80, 1.44, 1.80 , -5.520526E-011, 3.302740E-011, 7.441480E-010, 2.370160E-011, 2.150400E+004 1.570926E+074 2.150400E+004, Sun Aug 23 07:51:14 2015
0.00, 1.80, 1.42, 1.80 , -5.794826E-011, 3.434890E-011, 7.028940E-010, 2.355940E-011, 2.150400E+004 1.570926E+074 2.150400E+004, Sun Aug 23 07:51:25 2015
0.00, 1.80, 1.40, 1.80 , -5.689332E-011, 3.372740E-011, 7.038164E-010, 2.407500E-011, 2.150400E+004 1.570926E+074 2.150400E+004, Sun Aug 23 07:51:44 2015
0.00, 1.80, 1.38, 1.80 , -5.710427E-011, 3.395880E-011, 6.765232E-010, 2.450590E-011, 2.150400E+004 1.570926E+074 2.150400E+004, Sun Aug 23 07:51:50 2015
0.00, 1.80, 1.36, 1.80 , -5.613369E-011, 3.415320E-011, 6.613882E-010, 2.463210E-011, 2.150400E+004 1.570926E+074 2.150400E+004, Sun Aug 23 07:52:00 2015
0.00, 1.80, 1.34, 1.80 , -5.347509E-011, 3.406870E-011, 6.060053E-010, 2.447990E-011, 2.150400E+004 1.570926E+074 2.150400E+004, Sun Aug 23 07:52:12 2015
0.00, 1.80, 1.32, 1.80 , -5.246236E-011, 3.443890E-011, 5.734718E-010, 2.475230E-011, 2.150400E+004 1.570926E+074 2.150400E+004, Sun Aug 23 07:52:23 2015
0.00, 1.80, 1.30, 1.80 , -5.444569E-011, 3.449420E-011, 5.571626E-010, 2.463680E-011, 2.150400E+004 1.570926E+074 2.150400E+004, Sun Aug 23 07:52:37 2015
0.00, 1.80, 1.28, 1.80 , -5.140733E-011, 3.464590E-011, 5.494070E-010, 2.497570E-011, 2.150400E+004 1.570926E+074 2.150400E+004, Sun Aug 23 07:52:45 2015
0.00, 1.80, 1.26, 1.80 , -5.313751E-011, 3.539790E-011, 5.223231E-010, 2.492030E-011, 2.150400E+004 1.570926E+074 2.150400E+004, Sun Aug 23 07:52:59 2015
0.00, 1.80, 1.24, 1.80 , -5.528971E-011, 3.549080E-011, 5.040021E-010, 2.523530E-011, 2.150400E+004 1.570926E+074 2.150400E+004, Sun Aug 23 07:53:04 2015
0.00, 1.80, 1.22, 1.80 , -5.026798E-011, 3.643810E-011, 4.680303E-010, 2.524110E-011, 2.150400E+004 1.570926E+074 2.150400E+004, Sun Aug 23 07:53:17 2015
0.00, 1.80, 1.20, 1.80 , -5.457226E-011, 3.595200E-011, 4.516378E-010, 2.504150E-011, 2.150400E+004 1.570926E+074 2.150400E+004, Sun Aug 23 07:53:23 2015
0.00, 1.80, 1.18, 1.80 , -5.402370E-011, 3.571090E-011, 4.334844E-010, 2.547800E-011, 2.150400E+004 1.570926E+074 2.150400E+004, Sun Aug 23 07:53:31 2015
0.00, 1.80, 1.16, 1.80 , -5.182936E-011, 3.734830E-011, 4.180977E-010, 2.567940E-011, 2.150400E+004 1.570926E+074 2.150400E+004, Sun Aug 23 07:53:46 2015
0.00, 1.80, 1.14, 1.80 , -5.617582E-011, 3.664030E-011, 3.985190E-010, 2.536540E-011, 2.150400E+004 1.570926E+074 2.150400E+004, Sun Aug 23 07:53:50 2015
0.00, 1.80, 1.12, 1.80 , -5.085871E-011, 3.668760E-011, 3.830067E-010, 2.585430E-011, 2.150400E+004 1.570926E+074 2.150400E+004, Sun Aug 23 07:54:17 2015
0.00, 1.80, 1.10, 1.80 , -5.204031E-011, 3.670770E-011, 3.680813E-010, 2.609620E-011, 2.150400E+004 1.570926E+074 2.150400E+004, Sun Aug 23 07:54:32 2015
0.00, 1.80, 1.08, 1.80 , -5.204033E-011, 3.755460E-011, 3.477058E-010, 2.594320E-011, 2.150400E+004 1.570926E+074 2.150400E+004, Sun Aug 23 07:54:37 2015
0.00, 1.80, 1.06, 1.80 , -5.005693E-011, 3.753690E-011, 3.373081E-010, 2.610500E-011, 2.150400E+004 1.570926E+074 2.150400E+004, Sun Aug 23 07:55:07 2015
0.00, 1.80, 1.04, 1.80 , -5.005693E-011, 3.748710E-011, 3.156749E-010, 2.655750E-011, 2.150400E+004 1.570926E+074 2.150400E+004, Sun Aug 23 07:55:15 2015
0.00, 1.80, 1.02, 1.80 , -4.697639E-011, 3.768720E-011, 3.054034E-010, 2.668810E-011, 2.150400E+004 1.570926E+074 2.150400E+004, Sun Aug 23 07:55:40 2015
0.00, 1.80, 1.00, 1.80 , -5.233571E-011, 3.830860E-011, 2.890527E-010, 2.689630E-011, 2.150400E+004 1.570926E+074 2.150400E+004, Sun Aug 23 07:55:57 2015
0.00, 1.80, 0.98, 1.80 , -4.976152E-011, 3.841740E-011, 2.737919E-010, 2.675450E-011, 2.150400E+004 1.570926E+074 2.150400E+004, Sun Aug 23 07:56:01 2015
0.00, 1.80, 0.96, 1.80 , -5.014133E-011, 3.868360E-011, 2.559319E-010, 2.707800E-011, 2.150400E+004 1.570926E+074 2.150400E+004, Sun Aug 23 07:56:15 2015
0.00, 1.80, 0.94, 1.80 , -4.777818E-011, 3.886950E-011, 2.372336E-010, 2.696090E-011, 2.150400E+004 1.570926E+074 2.150400E+004, Sun Aug 23 07:56:20 2015
0.00, 1.80, 0.92, 1.80 , -5.157610E-011, 3.936260E-011, 2.191219E-010, 2.719240E-011, 2.150400E+004 1.570926E+074 2.150400E+004, Sun Aug 23 07:56:24 2015
0.00, 1.80, 0.90, 1.80 , -5.364387E-011, 4.166930E-011, 2.132942E-010, 2.748490E-011, 2.150400E+004 1.570926E+074 2.150400E+004, Sun Aug 23 07:56:45 2015
0.00, 1.80, 0.88, 1.80 , -6.828710E-011, 5.800320E-011, 1.931284E-010, 2.747380E-011, 2.150400E+004 1.570926E+074 2.150400E+004, Sun Aug 23 07:56:50 2015
0.00, 1.80, 0.86, 1.80 , -1.555552E-010, 1.419690E-010, 1.820183E-010, 2.748340E-011, 2.150400E+004 1.570926E+074 2.150400E+004, Sun Aug 23 07:57:02 2015
0.00, 1.80, 0.84, 1.80 , -4.845421E-010, 4.800020E-010, 1.694408E-010, 2.777370E-011, 2.150400E+004 1.570926E+074 2.150400E+004, Sun Aug 23 07:57:06 2015
0.00, 1.80, 0.82, 1.80 , -1.392290E-009, 1.387580E-009, 1.540963E-010, 2.807130E-011, 2.150400E+004 1.570926E+074 2.150400E+004, Sun Aug 23 07:57:13 2015
0.00, 1.80, 0.80, 1.80 , -3.995232E-009, 3.986250E-009, 1.405545E-010, 2.824440E-011, 2.150400E+004 1.570926E+074 2.150400E+004, Sun Aug 23 07:57:19 2015
0.00, 1.80, 0.78, 1.80 , -1.150897E-008, 1.159390E-008, 1.244135E-010, 2.826870E-011, 2.150400E+004 1.570926E+074 2.150400E+004, Sun Aug 23 07:57:25 2015
0.00, 1.80, 0.76, 1.80 , -3.725663E-008, 3.743250E-008, 1.150641E-010, 2.820740E-011, 2.150400E+004 1.570926E+074 2.150400E+004, Sun Aug 23 07:57:38 2015
0.00, 1.80, 0.74, 1.80 , -8.836239E-008, 8.857660E-008, 1.034091E-010, 2.855010E-011, 2.150400E+004 1.570926E+074 2.150400E+004, Sun Aug 23 07:57:52 2015
0.00, 1.80, 0.72, 1.80 , -1.558895E-007, 1.560600E-007, 9.187975E-011, 2.848250E-011, 2.150400E+004 1.570926E+074 2.150400E+004, Sun Aug 23 07:57:55 2015
0.00, 1.80, 0.70, 1.80 , -2.471997E-007, 2.474340E-007, 7.783487E-011, 2.827980E-011, 2.150400E+004 1.570926E+074 2.150400E+004, Sun Aug 23 07:57:59 2015
0.00, 1.80, 0.68, 1.80 , -3.649616E-007, 3.649150E-007, 7.506783E-011, 2.840680E-011, 2.150400E+004 1.570926E+074 2.150400E+004, Sun Aug 23 07:58:02 2015
0.00, 1.80, 0.66, 1.80 , -4.964190E-007, 4.970510E-007, 5.896859E-011, 2.863120E-011, 2.150400E+004 1.570926E+074 2.150400E+004, Sun Aug 23 07:58:06 2015
0.00, 1.80, 0.64, 1.80 , -6.523416E-007, 6.521510E-007, 5.293143E-011, 2.851980E-011, 2.150400E+004 1.570926E+074 2.150400E+004, Sun Aug 23 07:58:09 2015
0.00, 1.80, 0.62, 1.80 , -8.340741E-007, 8.343270E-007, 4.060554E-011, 2.867260E-011, 2.150400E+004 1.570926E+074 2.150400E+004, Sun Aug 23 07:58:13 2015
0.00, 1.80, 0.60, 1.80 , -1.037379E-006, 1.036960E-006, 3.490374E-011, 2.857280E-011, 2.150400E+004 1.570926E+074 2.150400E+004, Sun Aug 23 07:58:16 2015
0.00, 1.80, 0.58, 1.80 , -1.264976E-006, 1.266840E-006, 3.289139E-011, 2.891070E-011, 2.150400E+004 1.570926E+074 2.150400E+004, Sun Aug 23 07:58:20 2015
0.00, 1.80, 0.56, 1.80 , -1.533110E-006, 1.533250E-006, 1.716948E-011, 2.911590E-011, 2.150400E+004 1.570926E+074 2.150400E+004, Sun Aug 23 07:58:24 2015
0.00, 1.80, 0.54, 1.80 , -1.818666E-006, 1.819500E-006, 1.008420E-011, 2.918680E-011, 2.150400E+004 1.570926E+074 2.150400E+004, Sun Aug 23 07:58:27 2015
0.00, 1.80, 0.52, 1.80 , -2.124901E-006, 2.125870E-006, 3.669681E-012, 2.910120E-011, 2.150400E+004 1.570926E+074 2.150400E+004, Sun Aug 23 07:58:31 2015
0.00, 1.80, 0.50, 1.80 , -2.453031E-006, 2.454480E-006, -4.808931E-013, 2.936780E-011, 2.150400E+004 1.570926E+074 2.150400E+004, Sun Aug 23 07:58:34 2015
0.00, 1.80, 0.48, 1.80 , -2.795358E-006, 2.793220E-006, -3.751027E-012, 2.928180E-011, 2.150400E+004 1.570926E+074 2.150400E+004, Sun Aug 23 07:58:38 2015
0.00, 1.80, 0.46, 1.80 , -3.154172E-006, 3.153710E-006, -1.142330E-011, 2.938660E-011, 2.150400E+004 1.570926E+074 2.150400E+004, Sun Aug 23 07:58:41 2015
0.00, 1.80, 0.44, 1.80 , -3.534056E-006, 3.535470E-006, -1.658006E-011, 2.947820E-011, 2.150400E+004 1.570926E+074 2.150400E+004, Sun Aug 23 07:58:45 2015
0.00, 1.80, 0.42, 1.80 , -3.937882E-006, 3.937380E-006, -1.955673E-011, 2.940750E-011, 2.150400E+004 1.570926E+074 2.150400E+004, Sun Aug 23 07:58:49 2015
0.00, 1.80, 0.40, 1.80 , -4.368922E-006, 4.367730E-006, -2.634890E-011, 2.962310E-011, 2.150400E+004 1.570926E+074 2.150400E+004, Sun Aug 23 07:58:52 2015
0.00, 1.80, 0.38, 1.80 , -4.816103E-006, 4.814150E-006, -2.861307E-011, 2.952660E-011, 2.150400E+004 1.570926E+074 2.150400E+004, Sun Aug 23 07:58:56 2015
0.00, 1.80, 0.36, 1.80 , -5.288977E-006, 5.286980E-006, -3.402193E-011, 2.962640E-011, 2.150400E+004 1.570926E+074 2.150400E+004, Sun Aug 23 07:58:59 2015
0.00, 1.80, 0.34, 1.80 , -5.793382E-006, 5.793720E-006, -3.578295E-011, 2.970140E-011, 2.150400E+004 1.570926E+074 2.150400E+004, Sun Aug 23 07:59:03 2015
0.00, 1.80, 0.32, 1.80 , -6.319418E-006, 6.318960E-006, -3.997585E-011, 2.971870E-011, 2.150400E+004 1.570926E+074 2.150400E+004, Sun Aug 23 07:59:06 2015
0.00, 1.80, 0.30, 1.80 , -6.867509E-006, 6.864710E-006, -3.985007E-011, 2.988940E-011, 2.150400E+004 1.570926E+074 2.150400E+004, Sun Aug 23 07:59:10 2015
0.00, 1.80, 0.28, 1.80 , -7.436129E-006, 7.435110E-006, -4.110794E-011, 2.981940E-011, 2.150400E+004 1.570926E+074 2.150400E+004, Sun Aug 23 07:59:13 2015
0.00, 1.80, 0.26, 1.80 , -8.019188E-006, 8.015810E-006, -4.232389E-011, 2.983490E-011, 2.150400E+004 1.570926E+074 2.150400E+004, Sun Aug 23 07:59:17 2015
0.00, 1.80, 0.24, 1.80 , -8.621926E-006, 8.621850E-006, -4.467193E-011, 2.991970E-011, 2.150400E+004 1.570926E+074 2.150400E+004, Sun Aug 23 07:59:20 2015
0.00, 1.80, 0.22, 1.80 , -9.252560E-006, 9.249260E-006, -4.408491E-011, 2.989540E-011, 2.150400E+004 1.570926E+074 2.150400E+004, Sun Aug 23 07:59:24 2015
0.00, 1.80, 0.20, 1.80 , -9.902785E-006, 9.900750E-006, -4.844554E-011, 3.006390E-011, 2.150400E+004 1.570926E+074 2.150400E+004, Sun Aug 23 07:59:27 2015
0.00, 1.80, 0.18, 1.80 , -1.056359E-005, 1.055620E-005, -4.890675E-011, 2.982420E-011, 2.150400E+004 1.570926E+074 2.150400E+004, Sun Aug 23 07:59:31 2015
0.00, 1.80, 0.16, 1.80 , -1.126179E-005, 1.125430E-005, -4.920026E-011, 2.980820E-011, 2.150400E+004 1.570926E+074 2.150400E+004, Sun Aug 23 07:59:35 2015
0.00, 1.80, 0.14, 1.80 , -1.198043E-005, 1.197240E-005, -4.957763E-011, 3.002610E-011, 2.150400E+004 1.570926E+074 2.150400E+004, Sun Aug 23 07:59:38 2015
0.00, 1.80, 0.12, 1.80 , -1.271218E-005, 1.270350E-005, -5.125480E-011, 2.983120E-011, 2.150400E+004 1.570926E+074 2.150400E+004, Sun Aug 23 07:59:42 2015
0.00, 1.80, 0.10, 1.80 , -1.346906E-005, 1.346090E-005, -5.008078E-011, 3.001890E-011, 2.150400E+004 1.570926E+074 2.150400E+004, Sun Aug 23 07:59:45 2015
0.00, 1.80, 0.08, 1.80 , -1.424807E-005, 1.424000E-005, -5.343509E-011, 2.985560E-011, 2.150400E+004 1.570926E+074 2.150400E+004, Sun Aug 23 07:59:49 2015
0.00, 1.80, 0.06, 1.80 , -1.504450E-005, 1.503620E-005, -5.452527E-011, 2.981340E-011, 2.150400E+004 1.570926E+074 2.150400E+004, Sun Aug 23 07:59:52 2015
0.00, 1.80, 0.04, 1.80 , -1.586281E-005, 1.585410E-005, -5.460911E-011, 2.994390E-011, 2.150400E+004 1.570926E+074 2.150400E+004, Sun Aug 23 07:59:56 2015
0.00, 1.80, 0.02, 1.80 , -1.669989E-005, 1.669230E-005, -5.611856E-011, 2.987750E-011, 2.150400E+004 1.570926E+074 2.150400E+004, Sun Aug 23 07:59:59 2015
0.00, 1.80, 0.00, 1.80 , -1.755670E-005, 1.754680E-005, -5.808923E-011, 3.004450E-011, 2.150400E+004 1.570926E+074 2.150400E+004, Sun Aug 23 08:00:03 2015
0.00, 1.80, -0.02, 1.80 , -1.843183E-005, 1.842340E-005, -5.846660E-011, 2.992020E-011, 2.150400E+004 1.570926E+074 2.150400E+004, Sun Aug 23 08:00:07 2015
0.00, 1.80, -0.04, 1.80 , -1.932458E-005, 1.931580E-005, -5.787957E-011, 2.998080E-011, 2.150400E+004 1.570926E+074 2.150400E+004, Sun Aug 23 08:00:10 2015
0.00, 1.80, -0.06, 1.80 , -2.023359E-005, 2.022400E-005, -5.632819E-011, 3.002140E-011, 2.150400E+004 1.570926E+074 2.150400E+004, Sun Aug 23 08:00:14 2015
0.00, 1.80, -0.08, 1.80 , -2.115541E-005, 2.114690E-005, -6.026955E-011, 3.004610E-011, 2.150400E+004 1.570926E+074 2.150400E+004, Sun Aug 23 08:00:17 2015
0.00, 1.80, -0.10, 1.80 , -2.209317E-005, 2.208370E-005, -6.450436E-011, 3.009950E-011, 2.150400E+004 1.570926E+074 2.150400E+004, Sun Aug 23 08:00:21 2015
0.00, 1.80, -0.12, 1.80 , -2.304574E-005, 2.303710E-005, -6.228215E-011, 3.013730E-011, 2.150400E+004 1.570926E+074 2.150400E+004, Sun Aug 23 08:00:24 2015
0.00, 1.80, -0.14, 1.80 , -2.401424E-005, 2.400450E-005, -6.400123E-011, 3.023570E-011, 2.150400E+004 1.570926E+074 2.150400E+004, Sun Aug 23 08:00:28 2015
0.00, 1.80, -0.16, 1.80 , -2.499846E-005, 2.498820E-005, -6.500755E-011, 3.006850E-011, 2.150400E+004 1.570926E+074 2.150400E+004, Sun Aug 23 08:00:31 2015
0.00, 1.80, -0.18, 1.80 , -2.599395E-005, 2.598300E-005, -6.764906E-011, 3.017920E-011, 2.150400E+004 1.570926E+074 2.150400E+004, Sun Aug 23 08:00:35 2015
0.00, 1.80, -0.20, 1.80 , -2.700353E-005, 2.699290E-005, -7.003903E-011, 3.018950E-011, 2.150400E+004 1.570926E+074 2.150400E+004, Sun Aug 23 08:00:38 2015
