1.80, 1.80, 1.00, 1.80 , 7.047468E-010, 8.227160E-010, 1.490550E-011, -2.503640E-010, 2.150400E+004 1.570926E+074 2.150400E+004, Sun Aug 16 21:26:07 2015
1.75, 1.80, 1.00, 1.80 , -3.004988E-008, 3.117340E-008, 6.856928E-011, -1.223650E-010, 2.150400E+004 1.570926E+074 2.150400E+004, Sun Aug 16 21:26:12 2015
1.70, 1.80, 1.00, 1.80 , -4.281725E-008, 4.391230E-008, 8.697443E-011, -1.403350E-011, 2.150400E+004 1.570926E+074 2.150400E+004, Sun Aug 16 21:26:17 2015
1.65, 1.80, 1.00, 1.80 , -4.755837E-008, 4.789600E-008, 9.841990E-011, 7.575570E-011, 2.150400E+004 1.570926E+074 2.150400E+004, Sun Aug 16 21:26:21 2015
1.60, 1.80, 1.00, 1.80 , -4.835679E-008, 4.899400E-008, 1.249165E-010, 1.535510E-010, 2.150400E+004 1.570926E+074 2.150400E+004, Sun Aug 16 21:26:26 2015
1.55, 1.80, 1.00, 1.80 , -4.860858E-008, 4.934980E-008, 1.520837E-010, 2.286280E-010, 2.150400E+004 1.570926E+074 2.150400E+004, Sun Aug 16 21:26:30 2015
1.50, 1.80, 1.00, 1.80 , -4.879019E-008, 4.914060E-008, 1.626488E-010, 2.931280E-010, 2.150400E+004 1.570926E+074 2.150400E+004, Sun Aug 16 21:26:33 2015
1.45, 1.80, 1.00, 1.80 , -4.912445E-008, 4.952130E-008, 1.782868E-010, 3.593420E-010, 2.150400E+004 1.570926E+074 2.150400E+004, Sun Aug 16 21:26:36 2015
1.40, 1.80, 1.00, 1.80 , -4.903850E-008, 4.905030E-008, 2.069215E-010, 4.136630E-010, 2.150400E+004 1.570926E+074 2.150400E+004, Sun Aug 16 21:26:39 2015
1.35, 1.80, 1.00, 1.80 , -4.901398E-008, 4.905580E-008, 2.157676E-010, 4.685610E-010, 2.150400E+004 1.570926E+074 2.150400E+004, Sun Aug 16 21:26:43 2015
1.30, 1.80, 1.00, 1.80 , -4.877842E-008, 4.924440E-008, 2.453247E-010, 5.015800E-010, 2.150400E+004 1.570926E+074 2.150400E+004, Sun Aug 16 21:26:48 2015
1.25, 1.80, 1.00, 1.80 , -4.866502E-008, 4.882180E-008, 2.686771E-010, 5.599060E-010, 2.150400E+004 1.570926E+074 2.150400E+004, Sun Aug 16 21:26:51 2015
1.20, 1.80, 1.00, 1.80 , -4.951332E-008, 4.950210E-008, 2.839377E-010, 6.007750E-010, 2.150400E+004 1.570926E+074 2.150400E+004, Sun Aug 16 21:26:57 2015
1.15, 1.80, 1.00, 1.80 , -4.977866E-008, 4.951080E-008, 3.260297E-010, 6.521280E-010, 2.150400E+004 1.570926E+074 2.150400E+004, Sun Aug 16 21:27:00 2015
1.10, 1.80, 1.00, 1.80 , -4.925615E-008, 4.900130E-008, 3.504304E-010, 6.912700E-010, 2.150400E+004 1.570926E+074 2.150400E+004, Sun Aug 16 21:27:05 2015
1.05, 1.80, 1.00, 1.80 , -4.980841E-008, 4.987700E-008, 3.656910E-010, 7.384830E-010, 2.150400E+004 1.570926E+074 2.150400E+004, Sun Aug 16 21:27:09 2015
1.00, 1.80, 1.00, 1.80 , -4.995988E-008, 4.931730E-008, 3.965897E-010, 7.717540E-010, 2.150400E+004 1.570926E+074 2.150400E+004, Sun Aug 16 21:27:13 2015
0.95, 1.80, 1.00, 1.80 , -4.960378E-008, 4.954640E-008, 4.172587E-010, 8.268410E-010, 2.150400E+004 1.570926E+074 2.150400E+004, Sun Aug 16 21:27:16 2015
0.90, 1.80, 1.00, 1.80 , -4.952787E-008, 4.990970E-008, 4.406528E-010, 8.713330E-010, 2.150400E+004 1.570926E+074 2.150400E+004, Sun Aug 16 21:27:20 2015
0.85, 1.80, 1.00, 1.80 , -4.995113E-008, 4.959970E-008, 4.619929E-010, 8.924300E-010, 2.150400E+004 1.570926E+074 2.150400E+004, Sun Aug 16 21:27:24 2015
0.80, 1.80, 1.00, 1.80 , -4.975878E-008, 4.936030E-008, 4.889920E-010, 9.149470E-010, 2.150400E+004 1.570926E+074 2.150400E+004, Sun Aug 16 21:27:27 2015
0.75, 1.80, 1.00, 1.80 , -5.043888E-008, 4.934260E-008, 5.025764E-010, 9.556560E-010, 2.150400E+004 1.570926E+074 2.150400E+004, Sun Aug 16 21:27:31 2015
0.70, 1.80, 1.00, 1.80 , -5.017369E-008, 4.930140E-008, 5.051331E-010, 1.018260E-009, 2.150400E+004 1.570926E+074 2.150400E+004, Sun Aug 16 21:27:37 2015
0.65, 1.80, 1.00, 1.80 , -5.000681E-008, 4.899480E-008, 5.032051E-010, 1.048350E-009, 2.150400E+004 1.570926E+074 2.150400E+004, Sun Aug 16 21:27:40 2015
0.60, 1.80, 1.00, 1.80 , -5.024292E-008, 4.950860E-008, 5.130568E-010, 1.108550E-009, 2.150400E+004 1.570926E+074 2.150400E+004, Sun Aug 16 21:27:42 2015
0.55, 1.80, 1.00, 1.80 , -5.011100E-008, 4.951040E-008, 5.137694E-010, 1.148040E-009, 2.150400E+004 1.570926E+074 2.150400E+004, Sun Aug 16 21:27:45 2015
0.50, 1.80, 1.00, 1.80 , -5.064371E-008, 4.986020E-008, 5.262628E-010, 1.180960E-009, 2.150400E+004 1.570926E+074 2.150400E+004, Sun Aug 16 21:27:48 2015
0.45, 1.80, 1.00, 1.80 , -4.995762E-008, 4.932670E-008, 4.631664E-010, 1.245470E-009, 2.150400E+004 1.570926E+074 2.150400E+004, Sun Aug 16 21:27:52 2015
0.40, 1.80, 1.00, 1.80 , -5.056217E-008, 4.939360E-008, 5.065589E-010, 1.310390E-009, 2.150400E+004 1.570926E+074 2.150400E+004, Sun Aug 16 21:27:55 2015
0.35, 1.80, 1.00, 1.80 , -5.007119E-008, 4.965410E-008, 5.003960E-010, 1.369730E-009, 2.150400E+004 1.570926E+074 2.150400E+004, Sun Aug 16 21:27:59 2015
0.30, 1.80, 1.00, 1.80 , -5.063071E-008, 4.923880E-008, 5.190941E-010, 1.447280E-009, 2.150400E+004 1.570926E+074 2.150400E+004, Sun Aug 16 21:28:01 2015
0.25, 1.80, 1.00, 1.80 , -5.034638E-008, 4.993570E-008, 5.260117E-010, 1.503700E-009, 2.150400E+004 1.570926E+074 2.150400E+004, Sun Aug 16 21:28:04 2015
0.20, 1.80, 1.00, 1.80 , -5.048337E-008, 4.997330E-008, 5.086127E-010, 1.545220E-009, 2.150400E+004 1.570926E+074 2.150400E+004, Sun Aug 16 21:28:06 2015
0.15, 1.80, 1.00, 1.80 , -5.114786E-008, 4.947200E-008, 5.177948E-010, 1.578470E-009, 2.150400E+004 1.570926E+074 2.150400E+004, Sun Aug 16 21:28:09 2015
0.10, 1.80, 1.00, 1.80 , -5.078460E-008, 4.987380E-008, 5.307910E-010, 1.609730E-009, 2.150400E+004 1.570926E+074 2.150400E+004, Sun Aug 16 21:28:11 2015
0.05, 1.80, 1.00, 1.80 , -5.073438E-008, 4.999940E-008, 5.400567E-010, 1.650200E-009, 2.150400E+004 1.570926E+074 2.150400E+004, Sun Aug 16 21:28:14 2015
0.00, 1.80, 1.00, 1.80 , -5.063584E-008, 4.898650E-008, 5.434107E-010, 1.700790E-009, 2.150400E+004 1.570926E+074 2.150400E+004, Sun Aug 16 21:28:17 2015
-0.05, 1.80, 1.00, 1.80 , -5.097598E-008, 4.978720E-008, 5.588814E-010, 1.748040E-009, 2.150400E+004 1.570926E+074 2.150400E+004, Sun Aug 16 21:28:23 2015
-0.10, 1.80, 1.00, 1.80 , -5.042449E-008, 4.933610E-008, 5.580843E-010, 1.812420E-009, 2.150400E+004 1.570926E+074 2.150400E+004, Sun Aug 16 21:28:25 2015
-0.15, 1.80, 1.00, 1.80 , -5.072031E-008, 4.928010E-008, 5.689434E-010, 1.887330E-009, 2.150400E+004 1.570926E+074 2.150400E+004, Sun Aug 16 21:28:28 2015
-0.20, 1.80, 1.00, 1.80 , -5.136896E-008, 4.982740E-008, 5.708293E-010, 1.963140E-009, 2.150400E+004 1.570926E+074 2.150400E+004, Sun Aug 16 21:28:30 2015
