0.05, 0.00, 0.00, 0.00 , -2.862003E-011, -1.871230E-013, -3.049994E-011, -7.817750E-014, 2.150400E+004 1.570926E+074 2.150400E+004, Tue Aug 04 22:57:52 2015
0.05, 0.00, 0.02, 0.00 , -2.899981E-011, -1.620530E-013, -3.297378E-011, 1.158710E-014, 2.150400E+004 1.570926E+074 2.150400E+004, Tue Aug 04 22:57:58 2015
0.05, 0.00, 0.04, 0.00 , -2.899981E-011, -1.747250E-013, -3.138046E-011, -5.300050E-014, 2.150400E+004 1.570926E+074 2.150400E+004, Tue Aug 04 22:58:06 2015
0.05, 0.00, 0.06, 0.00 , -2.908420E-011, -2.120140E-013, -3.154818E-011, -6.381510E-013, 2.150400E+004 1.570926E+074 2.150400E+004, Tue Aug 04 22:58:14 2015
0.05, 0.00, 0.08, 0.00 , -2.916863E-011, -2.274870E-013, -3.276414E-011, -7.510190E-016, 2.150400E+004 1.570926E+074 2.150400E+004, Tue Aug 04 22:58:23 2015
0.05, 0.00, 0.10, 0.00 , -2.870440E-011, -1.713400E-013, -3.159011E-011, -5.363230E-014, 2.150400E+004 1.570926E+074 2.150400E+004, Tue Aug 04 22:58:35 2015
0.05, 0.00, 0.12, 0.00 , -2.807142E-011, -1.921770E-013, -3.498640E-011, -5.562310E-014, 2.150400E+004 1.570926E+074 2.150400E+004, Tue Aug 04 22:58:43 2015
0.05, 0.00, 0.14, 0.00 , -2.904202E-011, -1.673700E-013, -3.276414E-011, -6.622080E-014, 2.150400E+004 1.570926E+074 2.150400E+004, Tue Aug 04 22:58:51 2015
0.05, 0.00, 0.16, 0.00 , -2.904201E-011, -1.762390E-013, -3.230291E-011, -1.031040E-013, 2.150400E+004 1.570926E+074 2.150400E+004, Tue Aug 04 22:59:08 2015
0.05, 0.00, 0.18, 0.00 , -2.891543E-011, -1.796720E-013, -3.259642E-011, -1.344920E-013, 2.150400E+004 1.570926E+074 2.150400E+004, Tue Aug 04 22:59:13 2015
0.05, 0.00, 0.20, 0.00 , -2.790263E-011, -1.824740E-013, -3.226098E-011, -2.313850E-014, 2.150400E+004 1.570926E+074 2.150400E+004, Tue Aug 04 22:59:19 2015
0.05, 0.00, 0.22, 0.00 , -2.971719E-011, -1.634000E-013, -3.297378E-011, -1.512290E-013, 2.150400E+004 1.570926E+074 2.150400E+004, Tue Aug 04 22:59:26 2015
0.05, 0.00, 0.24, 0.00 , -2.921078E-011, -1.531840E-013, -3.167397E-011, -3.275280E-013, 2.150400E+004 1.570926E+074 2.150400E+004, Tue Aug 04 22:59:35 2015
0.05, 0.00, 0.26, 0.00 , -2.874660E-011, -1.932740E-013, -3.163204E-011, -1.128670E-013, 2.150400E+004 1.570926E+074 2.150400E+004, Tue Aug 04 22:59:46 2015
0.05, 0.00, 0.28, 0.00 , -2.862001E-011, -1.496910E-013, -3.356079E-011, -5.203490E-014, 2.150400E+004 1.570926E+074 2.150400E+004, Tue Aug 04 22:59:56 2015
0.05, 0.00, 0.30, 0.00 , -2.925302E-011, -1.462580E-013, -3.263834E-011, -4.565720E-015, 2.150400E+004 1.570926E+074 2.150400E+004, Tue Aug 04 23:00:02 2015
0.05, 0.00, 0.32, 0.00 , -2.853560E-011, -1.798750E-013, -3.192554E-011, 4.175900E-014, 2.150400E+004 1.570926E+074 2.150400E+004, Tue Aug 04 23:00:09 2015
0.05, 0.00, 0.34, 0.00 , -2.959060E-011, -1.412750E-013, -3.142239E-011, 1.833440E-014, 2.150400E+004 1.570926E+074 2.150400E+004, Tue Aug 04 23:00:21 2015
0.05, 0.00, 0.36, 0.00 , -3.001258E-011, -3.321170E-014, -3.247062E-011, -3.977780E-013, 2.150400E+004 1.570926E+074 2.150400E+004, Tue Aug 04 23:00:26 2015
0.05, 0.00, 0.38, 0.00 , -2.933743E-011, -1.018520E-013, -3.259641E-011, 1.685620E-014, 2.150400E+004 1.570926E+074 2.150400E+004, Tue Aug 04 23:00:41 2015
0.05, 0.00, 0.40, 0.00 , -2.908422E-011, -1.186610E-013, -3.238676E-011, -6.220340E-014, 2.150400E+004 1.570926E+074 2.150400E+004, Tue Aug 04 23:00:48 2015
0.05, 0.00, 0.42, 0.00 , -2.878880E-011, -1.383780E-013, -3.171589E-011, 2.950430E-014, 2.150400E+004 1.570926E+074 2.150400E+004, Tue Aug 04 23:00:55 2015
0.05, 0.00, 0.44, 0.00 , -2.916859E-011, -1.558900E-013, -3.247063E-011, 1.709460E-014, 2.150400E+004 1.570926E+074 2.150400E+004, Tue Aug 04 23:01:04 2015
0.05, 0.00, 0.46, 0.00 , -2.916861E-011, -1.701240E-013, -3.288992E-011, 5.936620E-015, 2.150400E+004 1.570926E+074 2.150400E+004, Tue Aug 04 23:01:09 2015
0.05, 0.00, 0.48, 0.00 , -2.883100E-011, -1.381640E-013, -3.209326E-011, 1.248120E-014, 2.150400E+004 1.570926E+074 2.150400E+004, Tue Aug 04 23:01:17 2015
0.05, 0.00, 0.50, 0.00 , -2.802922E-011, -1.334550E-013, -3.322535E-011, -1.239780E-014, 2.150400E+004 1.570926E+074 2.150400E+004, Tue Aug 04 23:01:22 2015
0.05, 0.00, 0.52, 0.00 , -2.975941E-011, -1.573680E-013, -3.205133E-011, 1.783370E-014, 2.150400E+004 1.570926E+074 2.150400E+004, Tue Aug 04 23:01:27 2015
0.05, 0.00, 0.54, 0.00 , -2.883100E-011, -1.697900E-013, -3.247062E-011, 4.481080E-014, 2.150400E+004 1.570926E+074 2.150400E+004, Tue Aug 04 23:01:32 2015
0.05, 0.00, 0.56, 0.00 , -2.925298E-011, -1.560450E-013, -3.226098E-011, 1.140830E-014, 2.150400E+004 1.570926E+074 2.150400E+004, Tue Aug 04 23:01:37 2015
0.05, 0.00, 0.58, 0.00 , -2.942182E-011, -1.559140E-013, -3.293184E-011, -6.579160E-014, 2.150400E+004 1.570926E+074 2.150400E+004, Tue Aug 04 23:01:43 2015
0.05, 0.00, 0.60, 0.00 , -2.870438E-011, -8.778570E-014, -3.251255E-011, -1.206720E-012, 2.150400E+004 1.570926E+074 2.150400E+004, Tue Aug 04 23:01:53 2015
0.05, 0.00, 0.62, 0.00 , -2.769161E-011, -1.889110E-013, -3.192554E-011, -6.671430E-013, 2.150400E+004 1.570926E+074 2.150400E+004, Tue Aug 04 23:01:59 2015
0.05, 0.00, 0.64, 0.00 , -2.883099E-011, -2.831700E-013, -3.226097E-011, -4.632120E-013, 2.150400E+004 1.570926E+074 2.150400E+004, Tue Aug 04 23:02:04 2015
0.05, 0.00, 0.66, 0.00 , -2.832461E-011, -2.611160E-013, -3.385429E-011, -4.246710E-013, 2.150400E+004 1.570926E+074 2.150400E+004, Tue Aug 04 23:02:11 2015
0.05, 0.00, 0.68, 0.00 , -2.743839E-011, -3.932710E-013, -3.242869E-011, -4.574060E-013, 2.150400E+004 1.570926E+074 2.150400E+004, Tue Aug 04 23:02:23 2015
0.05, 0.00, 0.70, 0.00 , -2.777599E-011, -6.663680E-013, -3.255448E-011, -4.376170E-013, 2.150400E+004 1.570926E+074 2.150400E+004, Tue Aug 04 23:02:31 2015
0.05, 0.00, 0.72, 0.00 , -2.705860E-011, -1.182930E-012, -3.347693E-011, -4.350900E-013, 2.150400E+004 1.570926E+074 2.150400E+004, Tue Aug 04 23:02:43 2015
0.05, 0.00, 0.74, 0.00 , -2.461103E-011, -2.338190E-012, -3.423166E-011, -3.212090E-013, 2.150400E+004 1.570926E+074 2.150400E+004, Tue Aug 04 23:02:50 2015
0.05, 0.00, 0.76, 0.00 , -2.414681E-011, -4.622110E-012, -3.276412E-011, -6.872530E-013, 2.150400E+004 1.570926E+074 2.150400E+004, Tue Aug 04 23:02:57 2015
0.05, 0.00, 0.78, 0.00 , -1.950482E-011, -9.125830E-012, -3.196746E-011, -3.279690E-013, 2.150400E+004 1.570926E+074 2.150400E+004, Tue Aug 04 23:03:04 2015
0.05, 0.00, 0.80, 0.00 , -9.503474E-012, -1.828720E-011, -3.280606E-011, -2.968550E-013, 2.150400E+004 1.570926E+074 2.150400E+004, Tue Aug 04 23:03:11 2015
0.05, 0.00, 0.82, 0.00 , 7.797973E-012, -3.673600E-011, -3.226098E-011, -3.631120E-013, 2.150400E+004 1.570926E+074 2.150400E+004, Tue Aug 04 23:03:15 2015
0.05, 0.00, 0.84, 0.00 , 4.201922E-011, -7.175670E-011, -3.159011E-011, -2.818470E-013, 2.150400E+004 1.570926E+074 2.150400E+004, Tue Aug 04 23:03:20 2015
0.05, 0.00, 0.86, 0.00 , 1.099554E-010, -1.383770E-010, -3.209326E-011, -4.167200E-013, 2.150400E+004 1.570926E+074 2.150400E+004, Tue Aug 04 23:03:27 2015
0.05, 0.00, 0.88, 0.00 , 2.313965E-010, -2.601880E-010, -3.188361E-011, -2.871510E-013, 2.150400E+004 1.570926E+074 2.150400E+004, Tue Aug 04 23:03:32 2015
0.05, 0.00, 0.90, 0.00 , 4.441085E-010, -4.736400E-010, -3.171589E-011, -2.777100E-013, 2.150400E+004 1.570926E+074 2.150400E+004, Tue Aug 04 23:03:37 2015
0.05, 0.00, 0.92, 0.00 , 7.953511E-010, -8.279790E-010, -3.142239E-011, -3.198150E-013, 2.150400E+004 1.570926E+074 2.150400E+004, Tue Aug 04 23:03:41 2015
0.05, 0.00, 0.94, 0.00 , 1.360740E-009, -1.388640E-009, -3.171589E-011, -3.192070E-013, 2.150400E+004 1.570926E+074 2.150400E+004, Tue Aug 04 23:03:46 2015
0.05, 0.00, 0.96, 0.00 , 2.195006E-009, -2.226510E-009, -3.272220E-011, -3.082990E-013, 2.150400E+004 1.570926E+074 2.150400E+004, Tue Aug 04 23:03:50 2015
0.05, 0.00, 0.98, 0.00 , 3.379160E-009, -3.409420E-009, -3.242869E-011, -3.484010E-013, 2.150400E+004 1.570926E+074 2.150400E+004, Tue Aug 04 23:03:53 2015
0.05, 0.00, 1.00, 0.00 , 4.983933E-009, -5.005860E-009, -3.268027E-011, -3.444310E-013, 2.150400E+004 1.570926E+074 2.150400E+004, Tue Aug 04 23:03:57 2015
0.05, 0.00, 1.02, 0.00 , 7.059779E-009, -7.088970E-009, -3.226097E-011, -2.970700E-013, 2.150400E+004 1.570926E+074 2.150400E+004, Tue Aug 04 23:04:00 2015
0.05, 0.00, 1.04, 0.00 , 9.630891E-009, -9.659220E-009, -3.188361E-011, -3.586290E-013, 2.150400E+004 1.570926E+074 2.150400E+004, Tue Aug 04 23:04:04 2015
0.05, 0.00, 1.06, 0.00 , 1.271975E-008, -1.275120E-008, -3.251255E-011, -3.751870E-013, 2.150400E+004 1.570926E+074 2.150400E+004, Tue Aug 04 23:04:08 2015
0.05, 0.00, 1.08, 0.00 , 1.637365E-008, -1.641350E-008, -3.192554E-011, -3.765340E-013, 2.150400E+004 1.570926E+074 2.150400E+004, Tue Aug 04 23:04:11 2015
0.05, 0.00, 1.10, 0.00 , 2.056215E-008, -2.058570E-008, -3.221904E-011, -3.734230E-013, 2.150400E+004 1.570926E+074 2.150400E+004, Tue Aug 04 23:04:15 2015
0.05, 0.00, 1.12, 0.00 , 2.529442E-008, -2.532980E-008, -3.259640E-011, -4.175660E-013, 2.150400E+004 1.570926E+074 2.150400E+004, Tue Aug 04 23:04:19 2015
0.05, 0.00, 1.14, 0.00 , 3.051302E-008, -3.053160E-008, -3.272219E-011, -4.206660E-013, 2.150400E+004 1.570926E+074 2.150400E+004, Tue Aug 04 23:04:22 2015
0.05, 0.00, 1.16, 0.00 , 3.621057E-008, -3.626430E-008, -3.138046E-011, -4.240390E-013, 2.150400E+004 1.570926E+074 2.150400E+004, Tue Aug 04 23:04:26 2015
0.05, 0.00, 1.18, 0.00 , 4.241995E-008, -4.244480E-008, -3.112887E-011, -4.161950E-013, 2.150400E+004 1.570926E+074 2.150400E+004, Tue Aug 04 23:04:29 2015
0.05, 0.00, 1.20, 0.00 , 4.902743E-008, -4.905850E-008, -3.213518E-011, -4.485610E-013, 2.150400E+004 1.570926E+074 2.150400E+004, Tue Aug 04 23:04:33 2015
0.05, 0.00, 1.22, 0.00 , 5.603317E-008, -5.606430E-008, -3.230290E-011, -4.598620E-013, 2.150400E+004 1.570926E+074 2.150400E+004, Tue Aug 04 23:04:36 2015
0.05, 0.00, 1.24, 0.00 , 6.339313E-008, -6.341990E-008, -3.263833E-011, -4.810450E-013, 2.150400E+004 1.570926E+074 2.150400E+004, Tue Aug 04 23:04:40 2015
0.05, 0.00, 1.26, 0.00 , 7.118103E-008, -7.117830E-008, -3.242869E-011, -4.581210E-013, 2.150400E+004 1.570926E+074 2.150400E+004, Tue Aug 04 23:04:44 2015
0.05, 0.00, 1.28, 0.00 , 7.920624E-008, -7.925810E-008, -3.200940E-011, -4.981400E-013, 2.150400E+004 1.570926E+074 2.150400E+004, Tue Aug 04 23:04:47 2015
0.05, 0.00, 1.30, 0.00 , 8.755247E-008, -8.759650E-008, -3.192554E-011, -4.774330E-013, 2.150400E+004 1.570926E+074 2.150400E+004, Tue Aug 04 23:04:51 2015
0.05, 0.00, 1.32, 0.00 , 9.613991E-008, -9.618470E-008, -3.297377E-011, -5.321380E-013, 2.150400E+004 1.570926E+074 2.150400E+004, Tue Aug 04 23:04:54 2015
0.05, 0.00, 1.34, 0.00 , 1.050001E-007, -1.050350E-007, -3.020643E-011, -5.094650E-013, 2.150400E+004 1.570926E+074 2.150400E+004, Tue Aug 04 23:04:58 2015
0.05, 0.00, 1.36, 0.00 , 1.141052E-007, -1.141400E-007, -3.133852E-011, -5.238530E-013, 2.150400E+004 1.570926E+074 2.150400E+004, Tue Aug 04 23:05:01 2015
0.05, 0.00, 1.38, 0.00 , 1.233283E-007, -1.234090E-007, -3.205132E-011, -6.005290E-013, 2.150400E+004 1.570926E+074 2.150400E+004, Tue Aug 04 23:05:05 2015
0.05, 0.00, 1.40, 0.00 , 1.327874E-007, -1.328330E-007, -3.314149E-011, -6.944660E-013, 2.150400E+004 1.570926E+074 2.150400E+004, Tue Aug 04 23:05:09 2015
0.05, 0.00, 1.42, 0.00 , 1.423991E-007, -1.424390E-007, -3.234483E-011, -7.916210E-013, 2.150400E+004 1.570926E+074 2.150400E+004, Tue Aug 04 23:05:12 2015
0.05, 0.00, 1.44, 0.00 , 1.521058E-007, -1.521630E-007, -3.213518E-011, -8.543250E-013, 2.150400E+004 1.570926E+074 2.150400E+004, Tue Aug 04 23:05:16 2015
0.05, 0.00, 1.46, 0.00 , 1.619536E-007, -1.620240E-007, -3.213518E-011, -8.725290E-013, 2.150400E+004 1.570926E+074 2.150400E+004, Tue Aug 04 23:05:19 2015
0.05, 0.00, 1.48, 0.00 , 1.719206E-007, -1.719140E-007, -3.121273E-011, -9.135010E-013, 2.150400E+004 1.570926E+074 2.150400E+004, Tue Aug 04 23:05:23 2015
0.05, 0.00, 1.50, 0.00 , 1.819897E-007, -1.820520E-007, -3.318341E-011, -9.374140E-013, 2.150400E+004 1.570926E+074 2.150400E+004, Tue Aug 04 23:05:26 2015
0.05, 0.00, 1.52, 0.00 , 1.922159E-007, -1.922520E-007, -3.234483E-011, -9.716150E-013, 2.150400E+004 1.570926E+074 2.150400E+004, Tue Aug 04 23:05:30 2015
0.05, 0.00, 1.54, 0.00 , 2.024534E-007, -2.024640E-007, -3.205133E-011, -9.689330E-013, 2.150400E+004 1.570926E+074 2.150400E+004, Tue Aug 04 23:05:33 2015
0.05, 0.00, 1.56, 0.00 , 2.127553E-007, -2.127790E-007, -3.163203E-011, -9.840850E-013, 2.150400E+004 1.570926E+074 2.150400E+004, Tue Aug 04 23:05:37 2015
0.05, 0.00, 1.58, 0.00 , 2.231389E-007, -2.232110E-007, -3.200939E-011, -9.638190E-013, 2.150400E+004 1.570926E+074 2.150400E+004, Tue Aug 04 23:05:41 2015
0.05, 0.00, 1.60, 0.00 , 2.336665E-007, -2.336970E-007, -3.205133E-011, -9.533050E-013, 2.150400E+004 1.570926E+074 2.150400E+004, Tue Aug 04 23:05:44 2015
0.05, 0.00, 1.62, 0.00 , 2.441333E-007, -2.441810E-007, -3.242869E-011, -9.507660E-013, 2.150400E+004 1.570926E+074 2.150400E+004, Tue Aug 04 23:05:48 2015
0.05, 0.00, 1.64, 0.00 , 2.547259E-007, -2.547290E-007, -3.364464E-011, -9.634850E-013, 2.150400E+004 1.570926E+074 2.150400E+004, Tue Aug 04 23:05:51 2015
0.05, 0.00, 1.66, 0.00 , 2.652905E-007, -2.652980E-007, -3.326727E-011, -9.499670E-013, 2.150400E+004 1.570926E+074 2.150400E+004, Tue Aug 04 23:05:55 2015
0.05, 0.00, 1.68, 0.00 , 2.758783E-007, -2.758770E-007, -3.192554E-011, -9.415980E-013, 2.150400E+004 1.570926E+074 2.150400E+004, Tue Aug 04 23:05:58 2015
0.05, 0.00, 1.70, 0.00 , 2.864849E-007, -2.865240E-007, -3.247062E-011, -9.073850E-013, 2.150400E+004 1.570926E+074 2.150400E+004, Tue Aug 04 23:06:02 2015
0.05, 0.00, 1.72, 0.00 , 2.970926E-007, -2.971720E-007, -3.150624E-011, -8.958220E-013, 2.150400E+004 1.570926E+074 2.150400E+004, Tue Aug 04 23:06:05 2015
0.05, 0.00, 1.74, 0.00 , 3.077130E-007, -3.077880E-007, -3.112887E-011, -8.672480E-013, 2.150400E+004 1.570926E+074 2.150400E+004, Tue Aug 04 23:06:09 2015
0.05, 0.00, 1.76, 0.00 , 3.182777E-007, -3.183470E-007, -3.188361E-011, -8.813260E-013, 2.150400E+004 1.570926E+074 2.150400E+004, Tue Aug 04 23:06:13 2015
0.05, 0.00, 1.78, 0.00 , 3.289235E-007, -3.289800E-007, -3.255448E-011, -8.906960E-013, 2.150400E+004 1.570926E+074 2.150400E+004, Tue Aug 04 23:06:16 2015
0.05, 0.00, 1.80, 0.00 , 3.395496E-007, -3.396080E-007, -3.200939E-011, -8.662460E-013, 2.150400E+004 1.570926E+074 2.150400E+004, Tue Aug 04 23:06:20 2015
0.05, 0.00, 1.82, 0.00 , 3.501115E-007, -3.501110E-007, -3.200940E-011, -8.512260E-013, 2.150400E+004 1.570926E+074 2.150400E+004, Tue Aug 04 23:06:23 2015
0.05, 0.00, 1.84, 0.00 , 3.606850E-007, -3.607420E-007, -3.196747E-011, -8.439180E-013, 2.150400E+004 1.570926E+074 2.150400E+004, Tue Aug 04 23:06:27 2015
0.05, 0.00, 1.86, 0.00 , 3.711190E-007, -3.711870E-007, -3.230290E-011, -8.767010E-013, 2.150400E+004 1.570926E+074 2.150400E+004, Tue Aug 04 23:06:30 2015
0.05, 0.00, 1.88, 0.00 , 3.816463E-007, -3.817390E-007, -3.188360E-011, -8.415820E-013, 2.150400E+004 1.570926E+074 2.150400E+004, Tue Aug 04 23:06:34 2015
0.05, 0.00, 1.90, 0.00 , 3.921862E-007, -3.922160E-007, -3.213519E-011, -8.452420E-013, 2.150400E+004 1.570926E+074 2.150400E+004, Tue Aug 04 23:06:37 2015
0.05, 0.00, 1.92, 0.00 , 4.027353E-007, -4.026720E-007, -3.213518E-011, -8.383870E-013, 2.150400E+004 1.570926E+074 2.150400E+004, Tue Aug 04 23:06:41 2015
0.05, 0.00, 1.94, 0.00 , 4.131152E-007, -4.131620E-007, -3.242869E-011, -8.718370E-013, 2.150400E+004 1.570926E+074 2.150400E+004, Tue Aug 04 23:06:44 2015
0.05, 0.00, 1.96, 0.00 , 4.235629E-007, -4.235700E-007, -3.205132E-011, -8.612870E-013, 2.150400E+004 1.570926E+074 2.150400E+004, Tue Aug 04 23:06:48 2015
0.05, 0.00, 1.98, 0.00 , 4.339369E-007, -4.339520E-007, -3.150625E-011, -8.728270E-013, 2.150400E+004 1.570926E+074 2.150400E+004, Tue Aug 04 23:06:52 2015
0.05, 0.00, 2.00, 0.00 , 4.444197E-007, -4.444310E-007, -3.142238E-011, -8.777380E-013, 2.150400E+004 1.570926E+074 2.150400E+004, Tue Aug 04 23:06:55 2015
