0.00, 0.00, 0.80, 0.00 , -8.533538E-011, -3.034100E-012, 5.221853E-011, -5.960090E-012, 2.150400E+004 1.570926E+074 2.150400E+004, Sun Aug 16 18:23:51 2015
0.05, 0.00, 0.80, 0.00 , -3.224871E-011, -2.781890E-011, 3.045953E-011, -6.625190E-012, 2.150400E+004 1.570926E+074 2.150400E+004, Sun Aug 16 18:24:13 2015
0.10, 0.00, 0.80, 0.00 , -8.828134E-012, -3.197130E-011, 2.530274E-011, -6.738630E-012, 2.150400E+004 1.570926E+074 2.150400E+004, Sun Aug 16 18:24:16 2015
0.15, 0.00, 0.80, 0.00 , 7.088978E-013, -3.355340E-011, 2.350001E-011, -8.342810E-012, 2.150400E+004 1.570926E+074 2.150400E+004, Sun Aug 16 18:24:20 2015
0.20, 0.00, 0.80, 0.00 , 3.915878E-012, -3.439810E-011, 3.163337E-011, -8.764280E-012, 2.150400E+004 1.570926E+074 2.150400E+004, Sun Aug 16 18:24:25 2015
0.25, 0.00, 0.80, 0.00 , 9.570116E-012, -3.358220E-011, 2.605736E-011, -9.079920E-012, 2.150400E+004 1.570926E+074 2.150400E+004, Sun Aug 16 18:24:29 2015
0.30, 0.00, 0.80, 0.00 , 9.823291E-012, -3.304200E-011, 1.419270E-011, -1.007280E-011, 2.150400E+004 1.570926E+074 2.150400E+004, Sun Aug 16 18:24:37 2015
0.35, 0.00, 0.80, 0.00 , 9.274751E-012, -3.349910E-011, 1.482157E-011, -9.415450E-012, 2.150400E+004 1.570926E+074 2.150400E+004, Sun Aug 16 18:24:58 2015
0.40, 0.00, 0.80, 0.00 , 1.577291E-011, -3.321730E-011, 1.347997E-011, -9.614650E-012, 2.150400E+004 1.570926E+074 2.150400E+004, Sun Aug 16 18:25:04 2015
0.45, 0.00, 0.80, 0.00 , 1.843124E-011, -3.429250E-011, 3.783829E-011, -1.214000E-011, 2.150400E+004 1.570926E+074 2.150400E+004, Sun Aug 16 18:25:33 2015
0.50, 0.00, 0.80, 0.00 , 2.779873E-011, -3.425590E-011, 1.909794E-011, -1.159120E-011, 2.150400E+004 1.570926E+074 2.150400E+004, Sun Aug 16 18:25:43 2015
0.55, 0.00, 0.80, 0.00 , 3.357955E-011, -3.591570E-011, 2.953721E-011, -1.315750E-011, 2.150400E+004 1.570926E+074 2.150400E+004, Sun Aug 16 18:25:56 2015
0.60, 0.00, 0.80, 0.00 , 4.260940E-011, -3.667730E-011, 2.668630E-011, -1.381690E-011, 2.150400E+004 1.570926E+074 2.150400E+004, Sun Aug 16 18:26:05 2015
0.65, 0.00, 0.80, 0.00 , 5.429765E-011, -3.884660E-011, 3.788023E-011, -1.552310E-011, 2.150400E+004 1.570926E+074 2.150400E+004, Sun Aug 16 18:26:13 2015
0.70, 0.00, 0.80, 0.00 , 6.261026E-011, -3.884580E-011, 3.951529E-011, -1.605510E-011, 2.150400E+004 1.570926E+074 2.150400E+004, Sun Aug 16 18:26:22 2015
0.75, 0.00, 0.80, 0.00 , 7.294829E-011, -4.011910E-011, 4.274350E-011, -1.729690E-011, 2.150400E+004 1.570926E+074 2.150400E+004, Sun Aug 16 18:26:30 2015
0.80, 0.00, 0.80, 0.00 , 7.480493E-011, -4.028350E-011, 4.249199E-011, -1.776660E-011, 2.150400E+004 1.570926E+074 2.150400E+004, Sun Aug 16 18:26:43 2015
0.85, 0.00, 0.80, 0.00 , 8.801222E-011, -4.152430E-011, 4.425278E-011, -1.864560E-011, 2.150400E+004 1.570926E+074 2.150400E+004, Sun Aug 16 18:26:50 2015
0.90, 0.00, 0.80, 0.00 , 9.332880E-011, -4.115580E-011, 3.461010E-011, -1.905880E-011, 2.150400E+004 1.570926E+074 2.150400E+004, Sun Aug 16 18:26:57 2015
0.95, 0.00, 0.80, 0.00 , 9.733748E-011, -4.271370E-011, 4.102456E-011, -2.000490E-011, 2.150400E+004 1.570926E+074 2.150400E+004, Sun Aug 16 18:27:07 2015
1.00, 0.00, 0.80, 0.00 , 1.074222E-010, -4.292380E-011, 3.863489E-011, -2.082730E-011, 2.150400E+004 1.570926E+074 2.150400E+004, Sun Aug 16 18:27:15 2015
1.05, 0.00, 0.80, 0.00 , 1.152284E-010, -4.417430E-011, 4.156966E-011, -2.163360E-011, 2.150400E+004 1.570926E+074 2.150400E+004, Sun Aug 16 18:27:25 2015
1.10, 0.00, 0.80, 0.00 , 1.151865E-010, -4.308030E-011, 3.762868E-011, -2.176620E-011, 2.150400E+004 1.570926E+074 2.150400E+004, Sun Aug 16 18:27:35 2015
1.15, 0.00, 0.80, 0.00 , 1.266214E-010, -4.456630E-011, 4.370787E-011, -2.260650E-011, 2.150400E+004 1.570926E+074 2.150400E+004, Sun Aug 16 18:27:41 2015
1.20, 0.00, 0.80, 0.00 , 1.307565E-010, -4.408420E-011, 4.173735E-011, -2.279110E-011, 2.150400E+004 1.570926E+074 2.150400E+004, Sun Aug 16 18:27:48 2015
1.25, 0.00, 0.80, 0.00 , 1.406305E-010, -4.593300E-011, 4.144390E-011, -2.452070E-011, 2.150400E+004 1.570926E+074 2.150400E+004, Sun Aug 16 18:27:56 2015
1.30, 0.00, 0.80, 0.00 , 1.559898E-010, -4.729640E-011, 4.463014E-011, -2.488180E-011, 2.150400E+004 1.570926E+074 2.150400E+004, Sun Aug 16 18:28:02 2015
1.35, 0.00, 0.80, 0.00 , 1.627408E-010, -4.858780E-011, 4.391747E-011, -2.603970E-011, 2.150400E+004 1.570926E+074 2.150400E+004, Sun Aug 16 18:28:09 2015
1.40, 0.00, 0.80, 0.00 , 1.749355E-010, -4.817780E-011, 3.959921E-011, -2.664780E-011, 2.150400E+004 1.570926E+074 2.150400E+004, Sun Aug 16 18:28:15 2015
1.45, 0.00, 0.80, 0.00 , 1.834593E-010, -5.108090E-011, 4.588791E-011, -2.795190E-011, 2.150400E+004 1.570926E+074 2.150400E+004, Sun Aug 16 18:28:25 2015
1.50, 0.00, 0.80, 0.00 , 1.927422E-010, -5.063890E-011, 4.404323E-011, -2.859730E-011, 2.150400E+004 1.570926E+074 2.150400E+004, Sun Aug 16 18:28:31 2015
1.55, 0.00, 0.80, 0.00 , 1.996626E-010, -5.033150E-011, 4.115044E-011, -2.909220E-011, 2.150400E+004 1.570926E+074 2.150400E+004, Sun Aug 16 18:28:38 2015
1.60, 0.00, 0.80, 0.00 , 2.064138E-010, -5.054310E-011, 4.509138E-011, -2.955770E-011, 2.150400E+004 1.570926E+074 2.150400E+004, Sun Aug 16 18:28:45 2015
1.65, 0.00, 0.80, 0.00 , 2.128275E-010, -5.085100E-011, 3.897035E-011, -3.008110E-011, 2.150400E+004 1.570926E+074 2.150400E+004, Sun Aug 16 18:28:51 2015
1.70, 0.00, 0.80, 0.00 , 2.162030E-010, -5.148380E-011, 3.624522E-011, -3.024290E-011, 2.150400E+004 1.570926E+074 2.150400E+004, Sun Aug 16 18:28:58 2015
1.75, 0.00, 0.80, 0.00 , 2.291571E-010, -5.375830E-011, 4.056346E-011, -3.170700E-011, 2.150400E+004 1.570926E+074 2.150400E+004, Sun Aug 16 18:29:06 2015
1.80, 0.00, 0.80, 0.00 , 2.385247E-010, -5.462920E-011, 4.433676E-011, -3.264320E-011, 2.150400E+004 1.570926E+074 2.150400E+004, Sun Aug 16 18:29:14 2015
1.85, 0.00, 0.80, 0.00 , 2.526182E-010, -5.771240E-011, 4.370786E-011, -3.437030E-011, 2.150400E+004 1.570926E+074 2.150400E+004, Sun Aug 16 18:29:20 2015
1.90, 0.00, 0.80, 0.00 , 2.492000E-010, -5.395820E-011, 4.110849E-011, -3.392870E-011, 2.150400E+004 1.570926E+074 2.150400E+004, Sun Aug 16 18:29:29 2015
1.95, 0.00, 0.80, 0.00 , 2.730409E-010, -5.921510E-011, 4.291126E-011, -3.549800E-011, 2.150400E+004 1.570926E+074 2.150400E+004, Sun Aug 16 18:29:36 2015
2.00, 0.00, 0.80, 0.00 , 2.854044E-010, -6.140510E-011, 4.395937E-011, -3.634020E-011, 2.150400E+004 1.570926E+074 2.150400E+004, Sun Aug 16 18:29:42 2015
