0.00, 0.00, 2.00, 0.00 , 7.979140E-010, -8.773710E-010, 1.117518E-010, -1.134590E-011, 2.150400E+004 1.570926E+074 2.150400E+004, Sun Aug 16 18:35:44 2015
0.05, 0.00, 2.00, 0.00 , 4.429157E-007, -4.431130E-007, 1.017737E-010, -1.171700E-011, 2.150400E+004 1.570926E+074 2.150400E+004, Sun Aug 16 18:35:49 2015
0.10, 0.00, 2.00, 0.00 , 8.572863E-007, -8.573280E-007, 9.997095E-011, -1.209630E-011, 2.150400E+004 1.570926E+074 2.150400E+004, Sun Aug 16 18:35:53 2015
0.15, 0.00, 2.00, 0.00 , 1.243336E-006, -1.243360E-006, 9.200532E-011, -1.219740E-011, 2.150400E+004 1.570926E+074 2.150400E+004, Sun Aug 16 18:35:57 2015
0.20, 0.00, 2.00, 0.00 , 1.601412E-006, -1.601390E-006, 9.774892E-011, -1.330600E-011, 2.150400E+004 1.570926E+074 2.150400E+004, Sun Aug 16 18:36:00 2015
0.25, 0.00, 2.00, 0.00 , 1.931868E-006, -1.931840E-006, 9.699429E-011, -1.333520E-011, 2.150400E+004 1.570926E+074 2.150400E+004, Sun Aug 16 18:36:04 2015
0.30, 0.00, 2.00, 0.00 , 2.235719E-006, -2.235600E-006, 8.739343E-011, -1.402160E-011, 2.150400E+004 1.570926E+074 2.150400E+004, Sun Aug 16 18:36:07 2015
0.35, 0.00, 2.00, 0.00 , 2.512717E-006, -2.512660E-006, 9.569462E-011, -1.431480E-011, 2.150400E+004 1.570926E+074 2.150400E+004, Sun Aug 16 18:36:11 2015
0.40, 0.00, 2.00, 0.00 , 2.763129E-006, -2.762810E-006, 9.037020E-011, -1.428710E-011, 2.150400E+004 1.570926E+074 2.150400E+004, Sun Aug 16 18:36:14 2015
0.45, 0.00, 2.00, 0.00 , 2.986359E-006, -2.985910E-006, 8.877697E-011, -1.516060E-011, 2.150400E+004 1.570926E+074 2.150400E+004, Sun Aug 16 18:36:18 2015
0.50, 0.00, 2.00, 0.00 , 3.183304E-006, -3.182750E-006, 9.225676E-011, -1.601630E-011, 2.150400E+004 1.570926E+074 2.150400E+004, Sun Aug 16 18:36:21 2015
0.55, 0.00, 2.00, 0.00 , 3.355070E-006, -3.354940E-006, 9.695235E-011, -1.661270E-011, 2.150400E+004 1.570926E+074 2.150400E+004, Sun Aug 16 18:36:25 2015
0.60, 0.00, 2.00, 0.00 , 3.502775E-006, -3.502950E-006, 8.965748E-011, -1.640560E-011, 2.150400E+004 1.570926E+074 2.150400E+004, Sun Aug 16 18:36:29 2015
0.65, 0.00, 2.00, 0.00 , 3.627681E-006, -3.627380E-006, 8.433298E-011, -1.683880E-011, 2.150400E+004 1.570926E+074 2.150400E+004, Sun Aug 16 18:36:32 2015
0.70, 0.00, 2.00, 0.00 , 3.730193E-006, -3.730160E-006, 8.613573E-011, -1.725810E-011, 2.150400E+004 1.570926E+074 2.150400E+004, Sun Aug 16 18:36:36 2015
0.75, 0.00, 2.00, 0.00 , 3.812354E-006, -3.811960E-006, 9.095707E-011, -1.909230E-011, 2.150400E+004 1.570926E+074 2.150400E+004, Sun Aug 16 18:36:39 2015
0.80, 0.00, 2.00, 0.00 , 3.876265E-006, -3.876130E-006, 8.433298E-011, -1.877820E-011, 2.150400E+004 1.570926E+074 2.150400E+004, Sun Aug 16 18:36:43 2015
0.85, 0.00, 2.00, 0.00 , 3.924409E-006, -3.923870E-006, 8.680649E-011, -1.926050E-011, 2.150400E+004 1.570926E+074 2.150400E+004, Sun Aug 16 18:36:46 2015
0.90, 0.00, 2.00, 0.00 , 3.958350E-006, -3.958760E-006, 8.491993E-011, -2.036640E-011, 2.150400E+004 1.570926E+074 2.150400E+004, Sun Aug 16 18:36:50 2015
0.95, 0.00, 2.00, 0.00 , 3.983013E-006, -3.982660E-006, 8.689043E-011, -2.058290E-011, 2.150400E+004 1.570926E+074 2.150400E+004, Sun Aug 16 18:36:53 2015
1.00, 0.00, 2.00, 0.00 , 3.997935E-006, -3.997910E-006, 8.911239E-011, -2.254990E-011, 2.150400E+004 1.570926E+074 2.150400E+004, Sun Aug 16 18:36:57 2015
1.05, 0.00, 2.00, 0.00 , 4.008305E-006, -4.007970E-006, 8.701614E-011, -2.225430E-011, 2.150400E+004 1.570926E+074 2.150400E+004, Sun Aug 16 18:37:00 2015
1.10, 0.00, 2.00, 0.00 , 4.014639E-006, -4.014280E-006, 8.123049E-011, -2.274320E-011, 2.150400E+004 1.570926E+074 2.150400E+004, Sun Aug 16 18:37:04 2015
1.15, 0.00, 2.00, 0.00 , 4.018891E-006, -4.018370E-006, 8.382978E-011, -2.323090E-011, 2.150400E+004 1.570926E+074 2.150400E+004, Sun Aug 16 18:37:08 2015
1.20, 0.00, 2.00, 0.00 , 4.021213E-006, -4.021000E-006, 7.783460E-011, -2.304570E-011, 2.150400E+004 1.570926E+074 2.150400E+004, Sun Aug 16 18:37:11 2015
1.25, 0.00, 2.00, 0.00 , 4.021686E-006, -4.021760E-006, 7.825385E-011, -2.386740E-011, 2.150400E+004 1.570926E+074 2.150400E+004, Sun Aug 16 18:37:15 2015
1.30, 0.00, 2.00, 0.00 , 4.023457E-006, -4.023590E-006, 7.863127E-011, -2.422480E-011, 2.150400E+004 1.570926E+074 2.150400E+004, Sun Aug 16 18:37:18 2015
1.35, 0.00, 2.00, 0.00 , 4.023642E-006, -4.023920E-006, 7.452253E-011, -2.499550E-011, 2.150400E+004 1.570926E+074 2.150400E+004, Sun Aug 16 18:37:22 2015
1.40, 0.00, 2.00, 0.00 , 4.025099E-006, -4.024940E-006, 7.770880E-011, -2.479520E-011, 2.150400E+004 1.570926E+074 2.150400E+004, Sun Aug 16 18:37:25 2015
1.45, 0.00, 2.00, 0.00 , 4.025327E-006, -4.024770E-006, 7.737341E-011, -2.491000E-011, 2.150400E+004 1.570926E+074 2.150400E+004, Sun Aug 16 18:37:29 2015
1.50, 0.00, 2.00, 0.00 , 4.026295E-006, -4.025550E-006, 7.586410E-011, -2.645860E-011, 2.150400E+004 1.570926E+074 2.150400E+004, Sun Aug 16 18:37:32 2015
1.55, 0.00, 2.00, 0.00 , 4.027201E-006, -4.026530E-006, 6.873688E-011, -2.577040E-011, 2.150400E+004 1.570926E+074 2.150400E+004, Sun Aug 16 18:37:36 2015
1.60, 0.00, 2.00, 0.00 , 4.027936E-006, -4.027110E-006, 6.936572E-011, -2.647910E-011, 2.150400E+004 1.570926E+074 2.150400E+004, Sun Aug 16 18:37:40 2015
1.65, 0.00, 2.00, 0.00 , 4.027251E-006, -4.027550E-006, 6.999470E-011, -2.757440E-011, 2.150400E+004 1.570926E+074 2.150400E+004, Sun Aug 16 18:37:43 2015
1.70, 0.00, 2.00, 0.00 , 4.027776E-006, -4.027640E-006, 6.504747E-011, -2.782750E-011, 2.150400E+004 1.570926E+074 2.150400E+004, Sun Aug 16 18:37:47 2015
1.75, 0.00, 2.00, 0.00 , 4.028647E-006, -4.027800E-006, 6.982688E-011, -2.796590E-011, 2.150400E+004 1.570926E+074 2.150400E+004, Sun Aug 16 18:37:50 2015
1.80, 0.00, 2.00, 0.00 , 4.028676E-006, -4.028640E-006, 6.777263E-011, -2.887070E-011, 2.150400E+004 1.570926E+074 2.150400E+004, Sun Aug 16 18:37:54 2015
1.85, 0.00, 2.00, 0.00 , 4.030163E-006, -4.029200E-006, 6.483789E-011, -2.691690E-011, 2.150400E+004 1.570926E+074 2.150400E+004, Sun Aug 16 18:37:57 2015
1.90, 0.00, 2.00, 0.00 , 4.030489E-006, -4.030010E-006, 6.722760E-011, -2.901980E-011, 2.150400E+004 1.570926E+074 2.150400E+004, Sun Aug 16 18:38:01 2015
1.95, 0.00, 2.00, 0.00 , 4.031313E-006, -4.030190E-006, 6.613752E-011, -3.031630E-011, 2.150400E+004 1.570926E+074 2.150400E+004, Sun Aug 16 18:38:04 2015
2.00, 0.00, 2.00, 0.00 , 4.031558E-006, -4.031320E-006, 6.483791E-011, -3.112670E-011, 2.150400E+004 1.570926E+074 2.150400E+004, Sun Aug 16 18:38:08 2015
