1.80, 0.00, 0.00, 0.00 , 3.944483E-011, -2.748500E-012, -5.511225E-011, -1.180780E-011, 2.150400E+004 1.570926E+074 2.150400E+004, Sun Aug 23 11:54:50 2015
1.80, 0.00, 0.02, 0.00 , 3.345299E-011, -1.825540E-012, -4.651679E-011, -1.163040E-011, 2.150400E+004 1.570926E+074 2.150400E+004, Sun Aug 23 11:54:55 2015
1.80, 0.00, 0.04, 0.00 , 2.725023E-011, -2.064510E-012, -4.232388E-011, -1.140560E-011, 2.150400E+004 1.570926E+074 2.150400E+004, Sun Aug 23 11:55:06 2015
1.80, 0.00, 0.06, 0.00 , 2.315721E-011, -2.078970E-012, -3.766975E-011, -1.179760E-011, 2.150400E+004 1.570926E+074 2.150400E+004, Sun Aug 23 11:55:34 2015
1.80, 0.00, 0.08, 0.00 , 1.826250E-011, -2.098130E-012, -3.959848E-011, -1.151840E-011, 2.150400E+004 1.570926E+074 2.150400E+004, Sun Aug 23 11:56:06 2015
1.80, 0.00, 0.10, 0.00 , 1.889541E-011, -1.527550E-012, -3.779552E-011, -1.157800E-011, 2.150400E+004 1.570926E+074 2.150400E+004, Sun Aug 23 11:57:06 2015
1.80, 0.00, 0.12, 0.00 , 1.606830E-011, -1.474680E-012, -3.846639E-011, -1.164880E-011, 2.150400E+004 1.570926E+074 2.150400E+004, Sun Aug 23 11:57:12 2015
1.80, 0.00, 0.14, 0.00 , 1.872665E-011, -1.581370E-012, -3.725045E-011, -1.118090E-011, 2.150400E+004 1.570926E+074 2.150400E+004, Sun Aug 23 11:57:16 2015
1.80, 0.00, 0.16, 0.00 , 1.758735E-011, -1.748920E-012, -3.603451E-011, -1.155400E-011, 2.150400E+004 1.570926E+074 2.150400E+004, Sun Aug 23 11:58:08 2015
1.80, 0.00, 0.18, 0.00 , 1.796711E-011, -1.818660E-012, -3.666344E-011, -1.097300E-011, 2.150400E+004 1.570926E+074 2.150400E+004, Sun Aug 23 11:58:20 2015
1.80, 0.00, 0.20, 0.00 , 1.813589E-011, -1.464710E-012, -3.465086E-011, -1.137130E-011, 2.150400E+004 1.570926E+074 2.150400E+004, Sun Aug 23 11:58:26 2015
1.80, 0.00, 0.22, 0.00 , 1.834688E-011, -1.476280E-012, -3.565714E-011, -1.121060E-011, 2.150400E+004 1.570926E+074 2.150400E+004, Sun Aug 23 11:58:31 2015
1.80, 0.00, 0.24, 0.00 , 1.577294E-011, -1.353700E-012, -3.611837E-011, -1.161790E-011, 2.150400E+004 1.570926E+074 2.150400E+004, Sun Aug 23 11:58:47 2015
1.80, 0.00, 0.26, 0.00 , 1.471802E-011, -1.354540E-012, -3.423156E-011, -1.166690E-011, 2.150400E+004 1.570926E+074 2.150400E+004, Sun Aug 23 11:59:10 2015
1.80, 0.00, 0.28, 0.00 , 1.581512E-011, -1.696980E-012, -2.953550E-011, -1.123310E-011, 2.150400E+004 1.570926E+074 2.150400E+004, Sun Aug 23 11:59:27 2015
1.80, 0.00, 0.30, 0.00 , 1.615270E-011, -1.674180E-012, -3.540557E-011, -1.141700E-011, 2.150400E+004 1.570926E+074 2.150400E+004, Sun Aug 23 11:59:33 2015
1.80, 0.00, 0.32, 0.00 , 1.526657E-011, -1.456500E-012, -3.209318E-011, -1.125920E-011, 2.150400E+004 1.570926E+074 2.150400E+004, Sun Aug 23 12:00:15 2015
1.80, 0.00, 0.34, 0.00 , 1.471802E-011, -1.599280E-012, -3.033216E-011, -1.145550E-011, 2.150400E+004 1.570926E+074 2.150400E+004, Sun Aug 23 12:00:24 2015
1.80, 0.00, 0.36, 0.00 , 1.378972E-011, -1.722840E-012, -3.657958E-011, -1.138190E-011, 2.150400E+004 1.570926E+074 2.150400E+004, Sun Aug 23 12:01:19 2015
1.80, 0.00, 0.38, 0.00 , 1.429606E-011, -1.725450E-012, -3.381226E-011, -1.120500E-011, 2.150400E+004 1.570926E+074 2.150400E+004, Sun Aug 23 12:01:51 2015
1.80, 0.00, 0.40, 0.00 , 1.370532E-011, -1.569870E-012, -3.372840E-011, -1.205320E-011, 2.150400E+004 1.570926E+074 2.150400E+004, Sun Aug 23 12:02:07 2015
1.80, 0.00, 0.42, 0.00 , 1.551974E-011, -1.675530E-012, -3.171581E-011, -1.171910E-011, 2.150400E+004 1.570926E+074 2.150400E+004, Sun Aug 23 12:02:12 2015
1.80, 0.00, 0.44, 0.00 , 1.370532E-011, -1.374290E-012, -3.121266E-011, -1.161040E-011, 2.150400E+004 1.570926E+074 2.150400E+004, Sun Aug 23 12:02:33 2015
1.80, 0.00, 0.46, 0.00 , 1.450704E-011, -1.966990E-012, -3.305754E-011, -1.141240E-011, 2.150400E+004 1.570926E+074 2.150400E+004, Sun Aug 23 12:02:46 2015
1.80, 0.00, 0.48, 0.00 , 1.378971E-011, -1.455760E-012, -3.309946E-011, -1.172540E-011, 2.150400E+004 1.570926E+074 2.150400E+004, Sun Aug 23 12:02:59 2015
1.80, 0.00, 0.50, 0.00 , 1.336775E-011, -1.445910E-012, -3.121266E-011, -1.165430E-011, 2.150400E+004 1.570926E+074 2.150400E+004, Sun Aug 23 12:03:45 2015
1.80, 0.00, 0.52, 0.00 , 1.459144E-011, -2.320780E-012, -2.957743E-011, -1.195970E-011, 2.150400E+004 1.570926E+074 2.150400E+004, Sun Aug 23 12:04:37 2015
1.80, 0.00, 0.54, 0.00 , 1.450705E-011, -1.814730E-012, -3.297368E-011, -1.203510E-011, 2.150400E+004 1.570926E+074 2.150400E+004, Sun Aug 23 12:04:59 2015
1.80, 0.00, 0.56, 0.00 , 1.332556E-011, -1.872210E-012, -2.886463E-011, -1.173920E-011, 2.150400E+004 1.570926E+074 2.150400E+004, Sun Aug 23 12:05:07 2015
1.80, 0.00, 0.58, 0.00 , 1.383191E-011, -2.005970E-012, -2.777448E-011, -1.163040E-011, 2.150400E+004 1.570926E+074 2.150400E+004, Sun Aug 23 12:06:31 2015
1.80, 0.00, 0.60, 0.00 , 1.505558E-011, -2.215080E-012, -2.932586E-011, -1.192800E-011, 2.150400E+004 1.570926E+074 2.150400E+004, Sun Aug 23 12:07:17 2015
1.80, 0.00, 0.62, 0.00 , 1.480241E-011, -1.852560E-012, -2.794220E-011, -1.159200E-011, 2.150400E+004 1.570926E+074 2.150400E+004, Sun Aug 23 12:07:25 2015
1.80, 0.00, 0.64, 0.00 , 1.362093E-011, -2.037020E-012, -2.899042E-011, -1.185330E-011, 2.150400E+004 1.570926E+074 2.150400E+004, Sun Aug 23 12:07:48 2015
1.80, 0.00, 0.66, 0.00 , 1.433825E-011, -2.170310E-012, -2.714554E-011, -1.155150E-011, 2.150400E+004 1.570926E+074 2.150400E+004, Sun Aug 23 12:08:08 2015
1.80, 0.00, 0.68, 0.00 , 1.332555E-011, -1.837150E-012, -2.580381E-011, -1.213270E-011, 2.150400E+004 1.570926E+074 2.150400E+004, Sun Aug 23 12:08:36 2015
1.80, 0.00, 0.70, 0.00 , 1.294580E-011, -1.910130E-012, -2.743905E-011, -1.218320E-011, 2.150400E+004 1.570926E+074 2.150400E+004, Sun Aug 23 12:09:26 2015
1.80, 0.00, 0.72, 0.00 , 1.518218E-011, -1.985000E-012, -2.752290E-011, -1.192410E-011, 2.150400E+004 1.570926E+074 2.150400E+004, Sun Aug 23 12:10:08 2015
1.80, 0.00, 0.74, 0.00 , 1.720757E-011, -2.086370E-012, -2.764869E-011, -1.258630E-011, 2.150400E+004 1.570926E+074 2.150400E+004, Sun Aug 23 12:10:33 2015
1.80, 0.00, 0.76, 0.00 , 1.530875E-011, -2.196010E-012, -2.534260E-011, -1.199980E-011, 2.150400E+004 1.570926E+074 2.150400E+004, Sun Aug 23 12:10:43 2015
1.80, 0.00, 0.78, 0.00 , 1.522436E-011, -1.850520E-012, -2.609732E-011, -1.221220E-011, 2.150400E+004 1.570926E+074 2.150400E+004, Sun Aug 23 12:11:01 2015
1.80, 0.00, 0.80, 0.00 , 1.484461E-011, -1.854410E-012, -2.735519E-011, -1.217270E-011, 2.150400E+004 1.570926E+074 2.150400E+004, Sun Aug 23 12:11:51 2015
1.80, 0.00, 0.82, 0.00 , 1.480241E-011, -2.090350E-012, -2.341386E-011, -1.190530E-011, 2.150400E+004 1.570926E+074 2.150400E+004, Sun Aug 23 12:12:19 2015
1.80, 0.00, 0.84, 0.00 , 1.370531E-011, -1.798810E-012, -2.479752E-011, -1.230830E-011, 2.150400E+004 1.570926E+074 2.150400E+004, Sun Aug 23 12:12:23 2015
1.80, 0.00, 0.86, 0.00 , 1.387410E-011, -2.074090E-012, -2.446209E-011, -1.186340E-011, 2.150400E+004 1.570926E+074 2.150400E+004, Sun Aug 23 12:13:20 2015
1.80, 0.00, 0.88, 0.00 , 1.762953E-011, -2.061180E-012, -2.257533E-011, -1.202790E-011, 2.150400E+004 1.570926E+074 2.150400E+004, Sun Aug 23 12:13:56 2015
1.80, 0.00, 0.90, 0.00 , 1.471801E-011, -1.872690E-012, -2.504909E-011, -1.216480E-011, 2.150400E+004 1.570926E+074 2.150400E+004, Sun Aug 23 12:14:29 2015
1.80, 0.00, 0.92, 0.00 , 1.454924E-011, -1.914760E-012, -2.521681E-011, -1.205820E-011, 2.150400E+004 1.570926E+074 2.150400E+004, Sun Aug 23 12:14:53 2015
1.80, 0.00, 0.94, 0.00 , 1.374752E-011, -2.263810E-012, -2.127566E-011, -1.253530E-011, 2.150400E+004 1.570926E+074 2.150400E+004, Sun Aug 23 12:14:57 2015
1.80, 0.00, 0.96, 0.00 , 1.547755E-011, -2.161180E-012, -2.345579E-011, -1.189370E-011, 2.150400E+004 1.570926E+074 2.150400E+004, Sun Aug 23 12:15:18 2015
1.80, 0.00, 0.98, 0.00 , 1.349434E-011, -2.265540E-012, -2.358158E-011, -1.178730E-011, 2.150400E+004 1.570926E+074 2.150400E+004, Sun Aug 23 12:15:55 2015
1.80, 0.00, 1.00, 0.00 , 1.433826E-011, -2.144160E-012, -2.538453E-011, -1.163770E-011, 2.150400E+004 1.570926E+074 2.150400E+004, Sun Aug 23 12:16:57 2015
1.80, 0.00, 1.02, 0.00 , 1.644806E-011, -2.311580E-012, -2.270110E-011, -1.213420E-011, 2.150400E+004 1.570926E+074 2.150400E+004, Sun Aug 23 12:17:15 2015
1.80, 0.00, 1.04, 0.00 , 1.564633E-011, -2.103780E-012, -1.846669E-011, -1.194240E-011, 2.150400E+004 1.570926E+074 2.150400E+004, Sun Aug 23 12:17:27 2015
1.80, 0.00, 1.06, 0.00 , 1.556194E-011, -2.022400E-012, -2.190453E-011, -1.203120E-011, 2.150400E+004 1.570926E+074 2.150400E+004, Sun Aug 23 12:19:04 2015
1.80, 0.00, 1.08, 0.00 , 1.471801E-011, -1.995550E-012, -2.165298E-011, -1.176160E-011, 2.150400E+004 1.570926E+074 2.150400E+004, Sun Aug 23 12:19:47 2015
1.80, 0.00, 1.10, 0.00 , 1.340996E-011, -1.536310E-012, -2.144336E-011, -1.161640E-011, 2.150400E+004 1.570926E+074 2.150400E+004, Sun Aug 23 12:20:00 2015
1.80, 0.00, 1.12, 0.00 , 1.640587E-011, -2.122620E-012, -1.892787E-011, -1.164920E-011, 2.150400E+004 1.570926E+074 2.150400E+004, Sun Aug 23 12:20:05 2015
1.80, 0.00, 1.14, 0.00 , 1.902201E-011, -6.889120E-012, -2.236570E-011, -1.199690E-011, 2.150400E+004 1.570926E+074 2.150400E+004, Sun Aug 23 12:20:31 2015
1.80, 0.00, 1.16, 0.00 , 7.197783E-011, -6.199970E-011, -1.972444E-011, -1.213630E-011, 2.150400E+004 1.570926E+074 2.150400E+004, Sun Aug 23 12:20:51 2015
1.80, 0.00, 1.18, 0.00 , 2.369637E-010, -2.214700E-010, -1.892786E-011, -1.204270E-011, 2.150400E+004 1.570926E+074 2.150400E+004, Sun Aug 23 12:21:05 2015
1.80, 0.00, 1.20, 0.00 , 8.820123E-010, -8.815980E-010, -1.930519E-011, -1.170200E-011, 2.150400E+004 1.570926E+074 2.150400E+004, Sun Aug 23 12:21:09 2015
1.80, 0.00, 1.22, 0.00 , 3.826819E-009, -3.815720E-009, -2.014368E-011, -1.198380E-011, 2.150400E+004 1.570926E+074 2.150400E+004, Sun Aug 23 12:21:15 2015
1.80, 0.00, 1.24, 0.00 , 1.118453E-008, -1.113490E-008, -1.792166E-011, -1.189760E-011, 2.150400E+004 1.570926E+074 2.150400E+004, Sun Aug 23 12:21:18 2015
1.80, 0.00, 1.26, 0.00 , 2.435458E-008, -2.428480E-008, -1.754434E-011, -1.180460E-011, 2.150400E+004 1.570926E+074 2.150400E+004, Sun Aug 23 12:21:22 2015
1.80, 0.00, 1.28, 0.00 , 4.623077E-008, -4.608110E-008, -1.880209E-011, -1.163290E-011, 2.150400E+004 1.570926E+074 2.150400E+004, Sun Aug 23 12:21:26 2015
1.80, 0.00, 1.30, 0.00 , 7.454657E-008, -7.440520E-008, -1.804744E-011, -1.236380E-011, 2.150400E+004 1.570926E+074 2.150400E+004, Sun Aug 23 12:21:29 2015
1.80, 0.00, 1.32, 0.00 , 1.129811E-007, -1.128400E-007, -1.653814E-011, -1.228870E-011, 2.150400E+004 1.570926E+074 2.150400E+004, Sun Aug 23 12:21:33 2015
1.80, 0.00, 1.34, 0.00 , 1.609304E-007, -1.614570E-007, -1.666392E-011, -1.246270E-011, 2.150400E+004 1.570926E+074 2.150400E+004, Sun Aug 23 12:21:36 2015
1.80, 0.00, 1.36, 0.00 , 2.211372E-007, -2.211160E-007, -1.716702E-011, -1.241210E-011, 2.150400E+004 1.570926E+074 2.150400E+004, Sun Aug 23 12:21:40 2015
1.80, 0.00, 1.38, 0.00 , 2.926886E-007, -2.922890E-007, -1.767011E-011, -1.192420E-011, 2.150400E+004 1.570926E+074 2.150400E+004, Sun Aug 23 12:21:43 2015
1.80, 0.00, 1.40, 0.00 , 3.771510E-007, -3.765760E-007, -1.343570E-011, -1.186220E-011, 2.150400E+004 1.570926E+074 2.150400E+004, Sun Aug 23 12:21:47 2015
1.80, 0.00, 1.42, 0.00 , 4.708000E-007, -4.706350E-007, -1.398072E-011, -1.175540E-011, 2.150400E+004 1.570926E+074 2.150400E+004, Sun Aug 23 12:21:50 2015
1.80, 0.00, 1.44, 0.00 , 5.774834E-007, -5.770060E-007, -1.729279E-011, -1.169520E-011, 2.150400E+004 1.570926E+074 2.150400E+004, Sun Aug 23 12:21:54 2015
1.80, 0.00, 1.46, 0.00 , 6.923432E-007, -6.923590E-007, -1.641237E-011, -1.178300E-011, 2.150400E+004 1.570926E+074 2.150400E+004, Sun Aug 23 12:21:58 2015
1.80, 0.00, 1.48, 0.00 , 8.171789E-007, -8.173300E-007, -1.289067E-011, -1.205660E-011, 2.150400E+004 1.570926E+074 2.150400E+004, Sun Aug 23 12:22:01 2015
1.80, 0.00, 1.50, 0.00 , 9.505700E-007, -9.514340E-007, -1.515462E-011, -1.238480E-011, 2.150400E+004 1.570926E+074 2.150400E+004, Sun Aug 23 12:22:05 2015
1.80, 0.00, 1.52, 0.00 , 1.088833E-006, -1.087320E-006, -1.188448E-011, -1.253050E-011, 2.150400E+004 1.570926E+074 2.150400E+004, Sun Aug 23 12:22:10 2015
1.80, 0.00, 1.54, 0.00 , 1.244982E-006, -1.244140E-006, -1.347763E-011, -1.253140E-011, 2.150400E+004 1.570926E+074 2.150400E+004, Sun Aug 23 12:22:13 2015
1.80, 0.00, 1.56, 0.00 , 1.414662E-006, -1.413960E-006, -1.192639E-011, -1.247590E-011, 2.150400E+004 1.570926E+074 2.150400E+004, Sun Aug 23 12:22:17 2015
1.80, 0.00, 1.58, 0.00 , 1.592709E-006, -1.592210E-006, -1.297452E-011, -1.256790E-011, 2.150400E+004 1.570926E+074 2.150400E+004, Sun Aug 23 12:22:20 2015
1.80, 0.00, 1.60, 0.00 , 1.775594E-006, -1.775540E-006, -1.272298E-011, -1.194650E-011, 2.150400E+004 1.570926E+074 2.150400E+004, Sun Aug 23 12:22:24 2015
1.80, 0.00, 1.62, 0.00 , 1.968703E-006, -1.968430E-006, -1.351955E-011, -1.190520E-011, 2.150400E+004 1.570926E+074 2.150400E+004, Sun Aug 23 12:22:27 2015
1.80, 0.00, 1.64, 0.00 , 2.177123E-006, -2.178020E-006, -1.293260E-011, -1.204560E-011, 2.150400E+004 1.570926E+074 2.150400E+004, Sun Aug 23 12:22:31 2015
1.80, 0.00, 1.66, 0.00 , 2.396562E-006, -2.396920E-006, -1.201025E-011, -1.183280E-011, 2.150400E+004 1.570926E+074 2.150400E+004, Sun Aug 23 12:22:34 2015
1.80, 0.00, 1.68, 0.00 , 2.627854E-006, -2.626040E-006, -1.238757E-011, -1.182870E-011, 2.150400E+004 1.570926E+074 2.150400E+004, Sun Aug 23 12:22:38 2015
1.80, 0.00, 1.70, 0.00 , 2.866254E-006, -2.866290E-006, -1.318415E-011, -1.215870E-011, 2.150400E+004 1.570926E+074 2.150400E+004, Sun Aug 23 12:22:42 2015
1.80, 0.00, 1.72, 0.00 , 3.121228E-006, -3.120070E-006, -7.146953E-012, -1.199780E-011, 2.150400E+004 1.570926E+074 2.150400E+004, Sun Aug 23 12:22:45 2015
1.80, 0.00, 1.74, 0.00 , 3.379538E-006, -3.379890E-006, -9.075505E-012, -1.198440E-011, 2.150400E+004 1.570926E+074 2.150400E+004, Sun Aug 23 12:22:49 2015
1.80, 0.00, 1.76, 0.00 , 3.651967E-006, -3.648950E-006, -9.243207E-012, -1.227230E-011, 2.150400E+004 1.570926E+074 2.150400E+004, Sun Aug 23 12:22:52 2015
1.80, 0.00, 1.78, 0.00 , 3.937695E-006, -3.937620E-006, -1.192640E-011, -1.215550E-011, 2.150400E+004 1.570926E+074 2.150400E+004, Sun Aug 23 12:22:56 2015
1.80, 0.00, 1.80, 0.00 , 4.240186E-006, -4.238740E-006, -1.029133E-011, -1.331470E-011, 2.150400E+004 1.570926E+074 2.150400E+004, Sun Aug 23 12:22:59 2015
1.80, 0.00, 1.82, 0.00 , 4.553394E-006, -4.553210E-006, -8.698184E-012, -1.269110E-011, 2.150400E+004 1.570926E+074 2.150400E+004, Sun Aug 23 12:23:03 2015
1.80, 0.00, 1.84, 0.00 , 4.880098E-006, -4.877550E-006, -6.601927E-012, -1.247790E-011, 2.150400E+004 1.570926E+074 2.150400E+004, Sun Aug 23 12:23:06 2015
1.80, 0.00, 1.86, 0.00 , 5.217030E-006, -5.215090E-006, -7.901605E-012, -1.265710E-011, 2.150400E+004 1.570926E+074 2.150400E+004, Sun Aug 23 12:23:10 2015
1.80, 0.00, 1.88, 0.00 , 5.565870E-006, -5.563970E-006, -6.979257E-012, -1.248100E-011, 2.150400E+004 1.570926E+074 2.150400E+004, Sun Aug 23 12:23:13 2015
1.80, 0.00, 1.90, 0.00 , 5.923093E-006, -5.921440E-006, -7.105027E-012, -1.247530E-011, 2.150400E+004 1.570926E+074 2.150400E+004, Sun Aug 23 12:23:17 2015
1.80, 0.00, 1.92, 0.00 , 6.288147E-006, -6.285940E-006, -7.691982E-012, -1.252480E-011, 2.150400E+004 1.570926E+074 2.150400E+004, Sun Aug 23 12:23:21 2015
1.80, 0.00, 1.94, 0.00 , 6.660446E-006, -6.659380E-006, -4.547619E-012, -1.247940E-011, 2.150400E+004 1.570926E+074 2.150400E+004, Sun Aug 23 12:23:24 2015
1.80, 0.00, 1.96, 0.00 , 7.053856E-006, -7.051200E-006, -6.308459E-012, -1.245470E-011, 2.150400E+004 1.570926E+074 2.150400E+004, Sun Aug 23 12:23:28 2015
1.80, 0.00, 1.98, 0.00 , 7.454794E-006, -7.452770E-006, -5.344190E-012, -1.262540E-011, 2.150400E+004 1.570926E+074 2.150400E+004, Sun Aug 23 12:23:31 2015
1.80, 0.00, 2.00, 0.00 , 7.864599E-006, -7.864400E-006, -8.069313E-012, -1.239280E-011, 2.150400E+004 1.570926E+074 2.150400E+004, Sun Aug 23 12:23:35 2015
