0.00, 0.00, 1.20, 0.00 , -3.878958E-011, -4.634820E-012, -1.486117E-011, -2.120590E-012, 2.150400E+004 1.570926E+074 2.150400E+004, Sun Aug 23 14:39:11 2015
0.05, 0.00, 1.20, 0.00 , 3.405117E-010, -3.834550E-010, -1.670586E-011, -2.231340E-012, 2.150400E+004 1.570926E+074 2.150400E+004, Sun Aug 23 14:39:17 2015
0.10, 0.00, 1.20, 0.00 , 6.164305E-010, -6.642230E-010, -1.708318E-011, -3.025330E-012, 2.150400E+004 1.570926E+074 2.150400E+004, Sun Aug 23 14:39:23 2015
0.15, 0.00, 1.20, 0.00 , 7.004000E-010, -7.473420E-010, -1.653816E-011, -2.268990E-012, 2.150400E+004 1.570926E+074 2.150400E+004, Sun Aug 23 14:39:29 2015
0.20, 0.00, 1.20, 0.00 , 7.398531E-010, -7.713550E-010, -1.540618E-011, -3.041030E-012, 2.150400E+004 1.570926E+074 2.150400E+004, Sun Aug 23 14:39:34 2015
0.25, 0.00, 1.20, 0.00 , 7.486724E-010, -7.871270E-010, -1.733473E-011, -3.794520E-012, 2.150400E+004 1.570926E+074 2.150400E+004, Sun Aug 23 14:39:39 2015
0.30, 0.00, 1.20, 0.00 , 7.609929E-010, -8.013620E-010, -1.381305E-011, -3.817260E-012, 2.150400E+004 1.570926E+074 2.150400E+004, Sun Aug 23 14:39:43 2015
0.35, 0.00, 1.20, 0.00 , 7.779976E-010, -8.038740E-010, -1.565774E-011, -3.651020E-012, 2.150400E+004 1.570926E+074 2.150400E+004, Sun Aug 23 14:39:48 2015
0.40, 0.00, 1.20, 0.00 , 7.865635E-010, -8.145040E-010, -1.607698E-011, -3.825300E-012, 2.150400E+004 1.570926E+074 2.150400E+004, Sun Aug 23 14:39:52 2015
0.45, 0.00, 1.20, 0.00 , 7.847499E-010, -8.090210E-010, -1.859247E-011, -4.632520E-012, 2.150400E+004 1.570926E+074 2.150400E+004, Sun Aug 23 14:39:58 2015
0.50, 0.00, 1.20, 0.00 , 7.897709E-010, -8.138210E-010, -1.184259E-011, -4.319790E-012, 2.150400E+004 1.570926E+074 2.150400E+004, Sun Aug 23 14:40:02 2015
0.55, 0.00, 1.20, 0.00 , 7.944131E-010, -8.237950E-010, -1.439999E-011, -4.748840E-012, 2.150400E+004 1.570926E+074 2.150400E+004, Sun Aug 23 14:40:08 2015
0.60, 0.00, 1.20, 0.00 , 8.097287E-010, -8.183630E-010, -1.683163E-011, -5.359490E-012, 2.150400E+004 1.570926E+074 2.150400E+004, Sun Aug 23 14:40:13 2015
0.65, 0.00, 1.20, 0.00 , 8.068173E-010, -8.375390E-010, -1.498694E-011, -5.110760E-012, 2.150400E+004 1.570926E+074 2.150400E+004, Sun Aug 23 14:40:18 2015
0.70, 0.00, 1.20, 0.00 , 8.154681E-010, -8.283580E-010, -1.616083E-011, -5.315410E-012, 2.150400E+004 1.570926E+074 2.150400E+004, Sun Aug 23 14:40:22 2015
0.75, 0.00, 1.20, 0.00 , 8.040750E-010, -8.366820E-010, -1.767013E-011, -5.831040E-012, 2.150400E+004 1.570926E+074 2.150400E+004, Sun Aug 23 14:40:27 2015
0.80, 0.00, 1.20, 0.00 , 8.087594E-010, -8.261450E-010, -1.523849E-011, -6.057940E-012, 2.150400E+004 1.570926E+074 2.150400E+004, Sun Aug 23 14:40:31 2015
0.85, 0.00, 1.20, 0.00 , 8.201941E-010, -8.441390E-010, -1.725088E-011, -6.795360E-012, 2.150400E+004 1.570926E+074 2.150400E+004, Sun Aug 23 14:40:36 2015
0.90, 0.00, 1.20, 0.00 , 8.227672E-010, -8.434800E-010, -1.607699E-011, -6.826010E-012, 2.150400E+004 1.570926E+074 2.150400E+004, Sun Aug 23 14:40:41 2015
0.95, 0.00, 1.20, 0.00 , 8.326414E-010, -8.440640E-010, -1.607699E-011, -6.780990E-012, 2.150400E+004 1.570926E+074 2.150400E+004, Sun Aug 23 14:40:46 2015
1.00, 0.00, 1.20, 0.00 , 8.262272E-010, -8.528240E-010, -1.616084E-011, -7.260240E-012, 2.150400E+004 1.570926E+074 2.150400E+004, Sun Aug 23 14:40:50 2015
1.05, 0.00, 1.20, 0.00 , 8.474940E-010, -8.609370E-010, -1.511272E-011, -7.488950E-012, 2.150400E+004 1.570926E+074 2.150400E+004, Sun Aug 23 14:40:54 2015
1.10, 0.00, 1.20, 0.00 , 8.511653E-010, -8.535100E-010, -1.339380E-011, -7.621650E-012, 2.150400E+004 1.570926E+074 2.150400E+004, Sun Aug 23 14:40:59 2015
1.15, 0.00, 1.20, 0.00 , 8.516290E-010, -8.567470E-010, -1.611891E-011, -8.140240E-012, 2.150400E+004 1.570926E+074 2.150400E+004, Sun Aug 23 14:41:03 2015
1.20, 0.00, 1.20, 0.00 , 8.615881E-010, -8.700530E-010, -1.553196E-011, -8.368910E-012, 2.150400E+004 1.570926E+074 2.150400E+004, Sun Aug 23 14:41:08 2015
1.25, 0.00, 1.20, 0.00 , 8.659757E-010, -8.512800E-010, -1.305840E-011, -8.270140E-012, 2.150400E+004 1.570926E+074 2.150400E+004, Sun Aug 23 14:41:14 2015
1.30, 0.00, 1.20, 0.00 , 8.634023E-010, -8.698520E-010, -1.528042E-011, -8.979570E-012, 2.150400E+004 1.570926E+074 2.150400E+004, Sun Aug 23 14:41:19 2015
1.35, 0.00, 1.20, 0.00 , 8.704490E-010, -8.756550E-010, -1.360342E-011, -8.840530E-012, 2.150400E+004 1.570926E+074 2.150400E+004, Sun Aug 23 14:41:23 2015
1.40, 0.00, 1.20, 0.00 , 8.667779E-010, -8.700450E-010, -1.754435E-011, -9.357690E-012, 2.150400E+004 1.570926E+074 2.150400E+004, Sun Aug 23 14:41:28 2015
1.45, 0.00, 1.20, 0.00 , 8.766091E-010, -8.812610E-010, -1.532234E-011, -9.584430E-012, 2.150400E+004 1.570926E+074 2.150400E+004, Sun Aug 23 14:41:32 2015
1.50, 0.00, 1.20, 0.00 , 8.921373E-010, -8.879200E-010, -1.393881E-011, -9.665020E-012, 2.150400E+004 1.570926E+074 2.150400E+004, Sun Aug 23 14:41:38 2015
1.55, 0.00, 1.20, 0.00 , 9.008289E-010, -8.864050E-010, -1.217798E-011, -1.034880E-011, 2.150400E+004 1.570926E+074 2.150400E+004, Sun Aug 23 14:41:42 2015
1.60, 0.00, 1.20, 0.00 , 8.998596E-010, -8.908460E-010, -1.498694E-011, -1.001660E-011, 2.150400E+004 1.570926E+074 2.150400E+004, Sun Aug 23 14:41:47 2015
1.65, 0.00, 1.20, 0.00 , 9.087628E-010, -9.107530E-010, -1.540619E-011, -1.046530E-011, 2.150400E+004 1.570926E+074 2.150400E+004, Sun Aug 23 14:41:52 2015
1.70, 0.00, 1.20, 0.00 , 9.207882E-010, -9.189530E-010, -1.351957E-011, -1.096680E-011, 2.150400E+004 1.570926E+074 2.150400E+004, Sun Aug 23 14:41:57 2015
1.75, 0.00, 1.20, 0.00 , 9.217173E-010, -9.161580E-010, -1.465154E-011, -1.094900E-011, 2.150400E+004 1.570926E+074 2.150400E+004, Sun Aug 23 14:42:01 2015
1.80, 0.00, 1.20, 0.00 , 9.818896E-010, -9.823890E-010, -1.460962E-011, -1.141310E-011, 2.150400E+004 1.570926E+074 2.150400E+004, Sun Aug 23 14:42:07 2015
1.85, 0.00, 1.20, 0.00 , 1.029020E-009, -1.035800E-009, -1.439999E-011, -1.180890E-011, 2.150400E+004 1.570926E+074 2.150400E+004, Sun Aug 23 14:42:16 2015
1.90, 0.00, 1.20, 0.00 , 1.072862E-009, -1.075580E-009, -1.347765E-011, -1.175080E-011, 2.150400E+004 1.570926E+074 2.150400E+004, Sun Aug 23 14:42:19 2015
1.95, 0.00, 1.20, 0.00 , 1.184765E-009, -1.169210E-009, -1.649623E-011, -1.236360E-011, 2.150400E+004 1.570926E+074 2.150400E+004, Sun Aug 23 14:42:23 2015
2.00, 0.00, 1.20, 0.00 , 1.213796E-009, -1.207800E-009, -1.716703E-011, -1.257150E-011, 2.150400E+004 1.570926E+074 2.150400E+004, Sun Aug 23 14:42:27 2015
